32.78942
52.9125
123.1029
300.9686
705.327
2785.897
13713.32
49442.94
86795.39
93879.72
84481.12
109793.4
86004.01
71473.78
75010.24
89938.92
76834.05
131619.3
68187.9
65160.16
75374.49
68867.53
75670.66
84320.88
62038.21
84913.18
88479.61
105160.7
75259.78
65225.5
70420.96
81122.23
81012.05
76460.54
63286.31
93313.35
101239
82135.39
69093.45
90979.82
88184.26
73339.5
87275.34
92672.34
102438.3
112697.4
88600.98
84007.74
77352.09
76237.09
89727.59
64955.96
84917.91
75344.64
79458.06
65333.33
79880.97
75371.71
79756.37
98675.9
80997.17
77608.9
81961.34
92970.82
81953.35
91435.86
106539.1
104764.7
79677.6
81460.64
73900.99
69450.17
97956.91
93237.59
75743.47
60987.81
90991.55
78910.04
70165.35
92457.49
81521.54
91558.76
102708
81576.95
83879.4
87393.33
91030.29
102419.9
71588.25
58786.06
67605.75
91333.5
90770.9
124253.6
85878.78
97127.48
94397.04
89394.08
82332.94
88492.6
78160.64
70905.64
90611.5
98765.13
75082.81
72702.54
81629.52
85771.54
72990.84
67138.75
91650.72
75638.84
112231.1
85178.95
101644.9
106857
94087.76
84363.11
86491.64
82839.39
77406.83
78255.04
100256.9
64156.12
80828.68
99842.35
80692.38
68743.68
64413.3
72903.94
107345.3
73005.2
66275.44
66630.51
107238.5
74782.52
90133.37
102971.8
84827.21
70738.34
89973.4
77824.14
87069.44
60243.41
69110.75
96074.2
97237.54
72101.94
84010.54
80050.94
82582.43
77599.04
81806.42
66453.12
82378.73
72564.63
81972.25
86320.97
69779.15
70702.81
69252.05
65704.68
94358.67
76194.68
90227.21
92812.7
76665.55
81013.96
72333.82
65892.56
67584.86
59310.53
73826.71
74714.64
91845.2
78746.34
113753.6
98293.22
87505.89
92551.42
79018.94
77018.53
65080.38
87056.04
89901.5
84851.97
111681.8
87880.84
79927.48
83253.05
87131.97
64651.65
54577.39
70387.57
83983.7
69979.2
70877.5
85475.74
51491.85
67783.18
66851.75
65882.77
85288.31
78980.43
135784
66465.19
68818.89
71293.86
86306.6
95132.61
93083.84
115441.4
89281.82
80888.99
87948.37
72879
76886.54
101086.8
102416.8
79310.91
93074.47
87860.07
93414.82
71602.2
84152.15
102915.9
68847.43
68531.43
82592
80733.79
119368.3
87060.16
89555.59
76723.2
62244.51
85544.77
75125.5
101653
93190.14
98891.71
72454.26
76623.55
77312.2
85473.19
81280.81
65486.31
72496.74
66261.56
95592.45
83798.78
95752.01
111873.7
74915.06
86886.3
111368.8
87801.08
89801.35
69991.34
68805.36
77646.92
55991.39
71074.64
68622.2
84018.97
83770.58
101819.5
87142.62
79604.9
89812.28
70829.66
75433.75
81074.03
96465.71
97926.69
82810.15
70196.36
75997.35
81734.75
83024.8
74092.4
74832.41
80102.67
66564.57
66111.5
85743.04
64251.01
99289.93
85660.11
88409.38
71953
70384.5
86366.71
72739.72
87900.96
71665.61
89750.03
69391.68
68669.94
94198.75
81759.42
73456.23
94804.61
90291.12
86235.24
80602.31
70227.16
83062.04
105557.4
74633.29
92206.5
85876.55
79023.42
84906.8
121696.7
99367.68
74371.72
91446.16
78828.58
84446.3
75532.57
61587.58
93618.8
67682.42
94840.27
79197.83
62158.34
81622.63
87989.2
67171.72
67932.57
71862.88
69553.99
72270.99
76752.56
80913.12
94892.85
79683.5
75498.85
88651.78
69534.31
68260.79
94083.27
88618.93
74767.35
67904.41
66458.31
100253.7
81125.07
77277.12
76136.19
85117.16
98927.68
59750.44
96168.14
88247.65
85180.04
97558.28
110818.2
56423.45
63744.33
93174.5
75934.75
86662.57
91192.16
77532.46
67270.73
91841.55
89332.51
70798.45
79546.75
76329.89
94520.03
77949.79
78120.9
84930.88
96971.05
94908.71
66425.53
87214.78
98304.09
88603.3
92260.65
77472.71
88453.3
73182.16
74131.46
75415.05
83987.26
88925.93
69274.08
80503.43
86354.75
72947.95
73541.73
67437.03
86295.81
101442.9
98911.89
74041.97
65643.9
67233.95
74887.06
83158.46
103782.4
64110.4
64112.74
82383.35
67794.12
92086.63
63108.53
48672.71
59593.51
66609.32
80335.75
97009.06
74786.27
73811.48
107392.7
110686.8
113975.8
110306.7
125551
83877.52
67047.98
81684.62
85184.87
71595.05
83352.67
73267.07
98932.4
88272.56
107868.7
71941.84
85038.07
81244.35
80004.32
84204.44
83004.8
71136.16
85989.62
81468.64
99769.26
83822.45
58867.47
82064.66
91324.52
86851.06
72893.35
129883.1
82225.66
91357.03
71578.23
61485.15
77298.93
89357.78
75626.63
78051.8
98116.54
71139.57
73585.25
74649.03
81693.76
93208.12
75402.45
107018.7
92091.38
88962.5
70548.84
91873.65
93272.62
89984.07
75302.67
79730.22
76772.2
80763.06
101422.7
73246.42
74501.5
87810.93
74082.63
88990.01
85609.1
111746.1
67438.51
81612.25
75905.11
92442.31
99629.63
102830.4
72542.45
87378.52
101624
103646.5
101271.1
75485.84
82691.4
98146.07
62940.69
78350.87
88800.35
