104.6832
104.7358
103.7922
104.4121
104.1869
101.9566
101.7732
100.4908
102.1449
100.8144
101.9237
103.3273
103.3338
101.1335
101.1916
100.2575
100.4203
100.2449
98.92687
97.22287
97.83996
98.2415
97.35567
97.03942
97.09103
96.13437
97.22803
97.63476
96.28109
95.57503
95.39571
95.38948
94.33846
95.1338
92.79479
93.28248
93.99611
94.07235
93.16555
93.52589
91.99379
91.66974
90.6971
90.46553
90.17976
90.87655
90.88642
90.38858
90.94003
91.22216
92.46866
91.74215
91.70012
92.10457
92.75675
94.14484
95.35643
96.29528
94.42446
94.92467
96.78195
96.76354
95.80542
97.43551
96.86615
98.04155
99.35414
100.1432
102.9395
103.9552
103.7415
104.3173
102.8569
104.0258
104.861
106.2225
106.0593
106.1712
108.3213
107.2867
107.1888
107.9649
106.2326
106.1693
106.3874
104.3894
105.4781
105.7609
104.4766
103.8873
105.0263
104.8774
105.0192
105.2546
103.805
102.2885
101.1413
101.4709
101.3606
100.6844
99.89906
99.01085
99.18652
97.34408
97.76189
96.88316
96.40538
96.15858
93.71052
93.1042
91.35402
89.07137
89.40044
88.68892
86.99036
89.0761
89.29995
90.21465
89.8526
90.34006
90.32818
91.73705
90.30975
90.64251
89.98536
90.70522
89.6339
89.25958
90.57721
89.64452
88.35459
90.67342
90.92584
90.92961
91.053
90.69825
89.28551
91.20131
91.83335
92.0694
92.71494
94.35714
93.32978
95.27916
93.79683
96.05985
95.61496
97.17456
98.04926
98.59855
98.28041
98.21095
98.7247
99.7206
98.61541
98.81807
98.24628
98.50742
99.87543
98.23779
98.04404
98.85058
98.60484
98.14619
98.75465
97.66374
96.78038
93.97048
93.03811
93.96399
94.33838
94.50993
93.87116
95.0552
95.18721
95.78614
95.14147
96.57991
96.88417
96.56487
96.77573
98.44883
99.54107
98.51023
100.5646
100.6199
100.1623
100.7518
100.0979
100.9829
102.0157
100.7724
100.821
102.1095
102.3541
102.031
101.5536
99.93168
101.2313
101.2293
102.0694
102.834
101.562
102.7621
100.9943
102.0456
101.8795
101.2553
100.5999
99.83236
100.3654
100.7981
100.4883
100.0834
97.64853
98.88553
98.62654
98.46226
97.33725
96.37937
96.67029
95.94104
96.15733
95.282
96.4226
95.16413
94.53488
93.20144
93.20778
93.76883
95.70047
95.44136
96.78882
96.7144
94.83108
95.06275
94.07106
95.91016
96.74345
95.99248
96.47298
96.4562
97.34183
98.82892
96.95709
97.38435
99.5281
98.06259
97.89457
98.18526
100.0226
99.17718
97.98692
96.74104
96.6685
97.25698
97.90682
96.5199
96.36677
96.10687
95.91183
97.23341
97.15772
97.66783
96.61663
95.50391
94.94817
93.15219
93.66228
93.33405
91.78006
91.22683
91.1116
91.04938
90.66006
92.45224
93.43458
92.00657
92.59832
92.73608
91.17292
91.40872
91.26198
93.51751
92.34229
90.74981
88.67205
88.70383
88.57016
88.04482
87.1245
87.9656
88.40292
88.63995
88.25136
88.77277
87.52511
87.73542
86.84835
86.47347
84.88923
83.74159
84.69343
85.01586
85.3282
85.8871
84.50775
86.26957
87.49692
88.47404
89.68114
89.83042
88.7289
88.48117
89.72009
90.58443
91.66689
89.89571
89.71632
89.36645
90.15852
89.89968
90.73002
90.87762
90.25291
89.63318
88.82863
90.01491
89.78769
89.29224
90.90893
90.90925
92.48769
92.15151
93.28221
93.89979
94.31116
93.23175
93.43275
91.13012
92.38223
92.16112
91.87274
91.24219
90.25981
89.94021
87.92712
87.05144
87.14759
91.09338
91.02842
89.68208
90.63491
91.9116
91.53254
93.43396
92.13819
92.98867
93.09831
91.42869
90.64741
91.19702
92.83779
93.12965
90.14803
91.23565
88.93063
89.37482
87.23176
86.37804
85.90758
87.04099
86.84588
87.34619
88.08379
87.04536
88.98154
87.70422
88.52502
88.32483
89.44868
89.33338
87.83298
85.40057
85.05763
85.54823
86.29486
87.24573
86.73226
87.21589
86.48679
86.5309
84.6344
84.57121
84.8467
86.89117
86.89789
87.78744
88.90316
88.70946
88.53146
87.25305
88.00585
87.72185
87.11974
84.9756
84.84847
85.03584
85.3767
85.55252
88.01892
86.40081
87.79773
88.66676
89.17961
90.01503
90.45929
90.4127
89.76749
88.51301
88.79777
89.60053
89.51695
90.11453
89.84355
89.19756
87.44335
87.78912
88.62022
88.20753
86.85667
86.61125
88.69212
88.47159
87.23306
84.05059
86.1836
85.69565
84.27935
81.92637
82.11489
82.91855
82.73391
82.91744
82.47325
81.9052
83.49494
86.51197
86.66286
88.07834
88.1381
88.77516
88.3692
88.79346
87.99514
88.19538
88.83035
87.79333
87.03194
87.11662
88.41464
90.21703
90.63317
91.10388
90.45774
92.20269
92.81257
92.86409
92.35264
92.41372
92.37935
91.51607
91.32714
89.88457
90.32999
90.15927
91.35755
92.19817
91.79207
91.42807
91.61165
92.49206
92.18971
90.96952
90.10119
90.67244
90.8229
90.56553
91.37348
91.14346
90.83099
92.01601
92.18614
91.62537
92.37548
93.35222
93.88427
92.33053
92.72796
93.58272
