475.1543
230.7988
382.3268
260.9696
483.5322
302.5582
301.8501
213.8991
661.9218
347.1104
266.4155
416.7501
293.6026
407.6378
346.9192
341.4725
340.1445
267.6059
216.883
146.6511
471.0689
254.4234
190.811
292.2421
574.9182
287.3585
597.339
258.7688
432.1887
232.0773
991.7894
373.7455
2230.068
424.87
139.6183
246.3053
299.2407
608.3743
114.4084
737.186
249.5833
341.8035
222.8835
204.6628
183.8279
243.4157
448.418
511.0259
168.4978
144.7645
286.0146
358.076
706.3952
201.4305
226.0241
197.6599
174.5846
239.6059
430.9483
414.6043
467.0164
450.0062
217.8444
234.7819
759.4683
196.405
203.5508
839.0795
597.3246
442.9379
208.5246
251.8125
151.2851
330.9632
302.4487
500.7586
500.981
374.7276
342.0525
211.7021
256.4477
190.4247
954.8637
200.7365
329.1503
329.645
645.9639
511.7107
230.6832
473.3368
479.6953
210.6886
698.7794
228.721
118.382
266.6795
176.9679
226.2066
182.5381
337.0387
248.0684
298.7319
282.9983
140.1056
569.3299
110.7386
172.1225
549.1311
1073.236
444.0512
196.4604
229.8244
184.0308
374.1664
521.7284
285.7262
449.0995
155.9704
478.3457
449.9081
208.1667
142.8699
240.6035
290.3528
199.4524
299.616
532.6961
776.9795
214.9527
235.9347
179.2695
426.3796
399.7078
296.1625
483.9561
230.5841
232.6545
409.7888
316.8424
274.4946
168.5283
185.1753
299.7214
171.2192
527.3067
197.9366
145.0547
289.3838
417.9394
581.2816
3537.495
287.175
216.4968
441.6261
275.3675
201.1967
287.7623
537.6799
1286.774
216.7497
403.0256
587.7315
417.8808
234.0605
495.0425
495.0428
394.7991
134.5776
353.8781
478.3285
289.7104
206.8804
286.3774
152.3745
643.9705
311.5841
243.979
234.0013
285.386
236.3731
388.5357
350.8529
450.621
337.8185
442.5164
542.5844
339.1578
415.8101
163.7555
539.4478
317.1588
261.2041
352.3555
505.1066
296.7418
407.3847
127.4892
221.8838
221.6319
280.6894
448.5376
495.863
444.6311
248.9368
542.3054
431.32
412.5096
387.4887
244.9931
143.1589
289.254
479.7248
189.6971
223.3239
171.2137
250.94
407.2351
208.963
186.3869
371.8415
715.7815
376.387
340.3502
118.8517
320.3
493.2246
281.9773
179.0841
414.3701
206.5624
444.1189
491.6097
460.0174
253.2435
273.991
376.7979
164.3524
431.9439
189.637
380.3514
142.9515
610.8671
402.8318
428.9633
189.0838
354.9206
253.83
378.4903
136.8217
217.451
185.9377
340.7677
186.4758
195.1637
361.0814
188.8531
321.2405
210.8087
201.2563
155.9491
621.7151
230.9644
115.3923
118.222
330.6671
501.3512
194.9996
123.9597
287.5686
286.6006
215.7592
385.1588
205.178
150.0337
253.0466
502.4391
543.9872
239.1478
369.1419
202.8148
134.5507
258.5582
198.6769
245.085
922.0684
388.5072
323.2978
217.6914
827.1176
1051.47
436.1665
414.356
306.2163
136.4047
377.3247
202.1431
130.2697
313.637
199.3625
308.5275
310.1275
175.5967
437.5085
527.8921
319.6824
105.0372
262.3205
444.8411
231.0381
532.786
187.1335
743.5034
569.0195
480.5993
203.0365
333.854
239.7365
291.0768
262.0689
250.6914
355.3152
182.6792
166.6952
187.3922
228.2942
281.1965
578.9695
517.9916
1148.142
515.2925
166.9904
330.1735
217.8519
240.8591
191.3465
227.149
574.4949
524.3659
424.5693
363.0669
329.6843
380.5542
321.7719
664.9475
286.7951
253.2218
400.5835
318.1562
268.5272
422.3222
375.0744
320.1771
535.6601
1108.76
399.8513
187.3697
392.357
173.6559
448.6068
519.3645
390.3072
383.2249
522.3369
257.2162
389.1065
340.5945
389.4482
588.1362
366.8618
697.308
286.808
364.5976
144.0079
347.3014
401.0451
709.422
467.0054
416.7455
382.8919
466.3773
841.7109
210.7764
289.634
508.6416
254.05
245.2583
295.3568
244.0057
485.0119
264.8038
329.5154
549.3638
233.8396
226.0023
192.7374
436.4649
403.344
285.07
287.6484
337.2468
317.7241
409.2733
198.1704
470.2784
192.0576
208.0108
193.1925
665.9684
530.622
191.5964
920.8816
245.5597
144.3666
370.6559
241.2242
334.2138
219.6368
255.3841
282.3801
169.2402
279.6901
374.3355
360.6651
194.3495
250.5153
176.5582
288.905
367.8644
94.76196
307.0203
201.0573
347.8281
168.3991
220.9494
334.7795
146.395
894.5081
304.3243
552.2271
359.4864
957.4825
254.3989
202.6975
268.8259
146.787
494.6572
298.934
337.8725
224.0138
421.1296
233.7288
237.1677
306.4201
487.2187
182.4182
538.0557
257.8417
193.1221
665.0923
357.9225
201.7257
231.509
176.0053
348.9479
216.8005
302.832
368.0112
310.1822
196.345
427.0083
318.3733
276.9371
255.8557
608.8611
502.7952
517.474
282.0415
133.6357
565.3557
756.0751
258.812
146.9145
576.4538
682.6613
428.3871
182.5576
296.0739
521.95
311.893
367.4311
662.2798
634.1865
267.5132
139.5815
188.872
409.4415
462.2657
156.2096
578.6991
211.4356
