104.3312
102.5025
102.5358
102.7849
102.5449
102.2662
102.1603
102.1904
103.1392
103.3699
103.6293
103.0342
103.4885
103.2775
102.919
102.6005
103.3725
103.8877
104.4647
103.686
103.0518
102.6788
102.4164
101.655
102.4576
102.0814
102.1557
102.574
101.8987
100.6648
101.2092
101.1334
101.2918
101.0072
101.261
101.433
101.8673
102.3022
101.8704
101.8282
101.96
101.9199
101.4263
101.7442
101.7695
101.8096
101.2887
101.9259
102.523
102.6278
102.3442
101.2057
101.5231
101.6433
101.1285
101.0954
100.805
101.151
101.7587
101.9977
100.9265
100.9856
100.1003
100.6655
100.3031
99.7682
100.5789
100.9777
100.1502
101.0089
100.5045
100.6477
100.4725
100.1283
99.41589
99.26114
99.80677
98.93127
98.80451
99.00479
99.07797
99.44953
99.29352
99.71128
99.8176
99.85477
100.4207
100.2586
100.9794
101.2603
102.2134
101.8838
101.6624
102.0599
101.9374
102.1182
102.0567
102.8907
102.901
103.2965
103.4815
103.8963
103.9614
104.1572
104.9209
105.4334
105.5419
105.7163
105.771
104.7215
104.4473
104.8382
105.8518
104.839
105.0634
105.1074
104.4533
104.2033
103.4429
103.9835
103.0651
103.1048
103.0649
102.7724
102.9929
103.5768
103.7213
104.2851
104.1134
104.0887
102.8082
103.181
103.609
103.3193
102.3594
102.2024
102.7625
102.8424
102.7866
102.8899
103.507
102.4995
102.9724
103.4309
103.2356
103.5795
104.0366
104.0397
105.2719
105.1755
105.1871
104.805
105.0282
105.6946
105.5375
106.5919
105.8654
106.5134
107.4532
108.276
108.5959
109.6639
109.2401
108.3613
109.2319
108.5263
108.6036
108.3474
109.0034
108.9087
108.1501
108.1833
108.8747
108.7029
108.1542
108.3555
107.9244
107.9883
107.9189
108.6942
109.4018
109.8411
110.374
111.3511
111.7304
112.0573
112.0461
112.5959
112.3324
112.2464
111.7683
111.6048
112.316
112.5212
112.7454
112.386
112.3589
113.5475
113.9021
113.9395
113.538
112.8253
113.5496
112.5873
112.7699
112.1696
112.7467
112.4237
112.9638
112.6964
112.4651
112.5454
112.0964
112.5148
112.0062
112.1258
112.1356
112.0933
112.5361
112.7564
112.5759
111.6951
111.2412
111.3112
111.6061
111.5935
111.7249
112.0422
111.6741
110.532
110.0553
109.5884
109.7572
109.3214
109.8364
109.5135
109.741
108.7409
108.8773
108.6667
108.6189
109.8169
110.2003
109.546
109.6305
109.0381
109.1521
109.4109
108.5117
108.6247
108.2276
108.0921
108.2237
107.7393
107.7089
107.4694
107.3718
107.9055
107.6728
105.9737
105.2742
104.6736
104.6979
103.9568
104.1953
104.1375
104.1547
103.6415
103.8928
104.4139
103.9023
104.3195
104.7357
104.3304
104.6635
104.3571
105.129
104.4429
104.4795
103.1892
102.3072
102.382
101.7209
103.3738
102.9979
103.3222
103.5633
103.4429
103.2505
103.4553
103.7223
103.4497
103.9665
103.9905
103.839
104.0668
104.6912
104.3277
104.1931
104.5355
104.6688
104.5203
104.3878
104.5923
104.673
103.9364
103.4934
103.518
103.3837
102.9935
103.1588
103.184
103.0678
103.3978
102.958
102.9828
102.4334
102.3127
101.3876
101.6027
101.9566
102.0193
102.1732
101.5828
102.6743
103.6979
103.3018
103.5266
103.3268
102.424
101.9156
102.0212
103.1358
104.2547
103.5571
103.3566
103.6736
105.3241
105.3924
105.7259
105.9857
106.5736
106.5423
105.6493
106.2731
106.1938
106.1921
106.6975
107.3931
107.1596
107.2867
107.5458
108.0805
107.6677
107.4563
107.2699
106.2529
106.3461
105.6067
105.5095
105.811
104.7129
105.0548
104.8907
105.0505
104.6557
105.8839
106.2758
106.2316
106.8254
107.3127
107.8488
108.1478
108.4537
108.9177
109.5942
109.1314
109.4943
109.5405
109.9309
110.5325
110.0458
109.1112
108.5413
108.3037
108.3205
108.8921
108.6651
107.9538
107.132
106.242
105.758
105.2878
105.4786
105.0915
105.0081
104.9406
104.9685
105.0016
104.6776
104.4861
105.6885
105.8572
105.4159
105.4746
105.1761
105.3578
105.578
105.6784
105.5476
105.3099
105.9842
105.0348
104.255
104.5782
104.4965
103.9029
104.0459
104.6479
104.5407
105.028
104.5278
103.9103
103.6808
104.7389
105.4675
105.4816
105.4376
104.6268
104.3113
104.6911
104.2148
105.3039
106.7319
105.6477
105.6755
106.5282
106.4369
106.9552
106.442
106.6976
106.5962
106.0092
106.1539
105.4542
105.4122
105.6284
105.6047
105.9878
105.1467
105.4598
105.3166
105.8952
106.5511
106.2698
105.5434
106.5213
106.245
106.1551
105.0859
105.0998
104.5482
104.0806
103.479
103.5598
103.7491
103.9669
104.0857
103.3476
103.848
104.2416
103.9803
104.0381
104.7181
103.5318
103.5897
103.7157
103.1418
103.6613
103.844
104.6782
103.9858
104.5113
104.7219
104.877
104.2399
103.5012
103.1803
103.044
103.546
103.6816
103.1654
103.4506
103.9421
103.1666
103.5877
102.8134
102.5368
101.369
101.4525
