14.8648
12.22302
11.71132
12.12806
11.27135
11.58307
13.78683
13.34904
10.94455
12.8174
11.73621
11.49539
12.16612
12.12212
11.93347
11.64664
11.26766
10.65258
11.66536
11.46349
11.50261
11.98171
12.09413
12.04969
12.26211
12.68574
12.5741
11.84948
11.75595
12.1309
13.96593
11.29644
13.42621
13.06524
12.31756
11.81288
12.10266
13.15347
13.15418
12.60188
12.29604
12.46992
11.98864
11.3252
12.09917
12.44664
13.47478
12.53203
12.01891
12.53668
11.21792
10.9777
11.05588
12.50118
12.95361
11.52373
12.10603
11.18558
11.16515
14.12296
11.71875
12.38146
12.29732
11.39685
12.67609
12.14086
13.91993
12.83
12.09517
12.22284
13.05621
12.17859
11.09184
13.0513
12.35106
12.38593
11.55816
12.01347
12.03165
10.72925
12.7541
12.17222
11.93264
11.86848
11.2161
11.99289
13.57384
12.4056
11.88245
11.49222
13.33247
12.23395
12.67354
12.11454
12.02803
13.78633
13.23167
10.60017
12.65928
12.58546
11.33477
12.26375
12.33377
12.78486
12.07342
11.96008
12.59036
12.65023
12.54215
12.45843
10.84445
12.27019
12.33248
12.48525
11.27832
11.00861
11.53217
11.89496
11.71746
11.80986
13.35442
11.73588
12.42207
12.14879
11.87502
13.01568
12.25774
14.56492
12.85203
12.29957
13.14192
12.68315
11.5145
12.02764
13.12589
13.22707
13.51714
11.6866
11.71431
12.23587
12.25384
12.51758
12.4702
11.94993
13.33513
11.93068
11.69347
12.12802
11.47106
12.27235
10.98268
13.68185
12.51426
12.37265
12.01014
13.63919
11.88016
12.03029
11.98542
12.19177
11.93554
11.42118
13.28118
12.65477
14.59091
10.826
12.03488
13.03618
11.82711
12.17342
12.85416
11.18937
10.75554
10.54211
10.45682
12.33904
10.95468
12.28825
11.80901
11.78518
12.49674
12.18476
13.01664
12.08924
12.53822
11.40583
12.22274
12.66179
12.0833
11.50598
12.09111
11.85694
11.58411
12.32874
12.60054
12.3498
12.0755
12.46581
12.84492
12.4079
11.87884
13.42286
12.38677
12.69367
12.53823
11.63832
13.25602
11.64225
12.38648
11.95328
13.24686
11.22147
12.99344
12.36206
11.75958
11.53732
12.15376
11.60061
11.97917
11.69711
12.894
10.92927
12.12615
11.08476
11.16677
11.34385
11.54322
11.01969
12.33996
11.35867
11.24769
11.56731
13.86381
11.52144
12.38076
13.29713
12.96145
12.39886
11.26268
13.33432
12.89097
12.69727
13.24985
12.39344
11.69018
11.81929
10.88007
11.87795
11.69597
12.36386
11.92664
11.66355
11.91168
13.52404
12.14962
12.12469
12.6338
12.6957
11.53242
11.92097
11.94282
12.59082
11.08464
11.73018
12.87766
11.17696
11.84646
11.79033
11.6007
12.32477
10.93813
12.51175
12.22202
12.67305
12.60834
11.97644
11.25396
12.63477
11.59195
12.97953
12.12865
11.65827
12.42596
12.31062
10.78452
12.17948
12.46484
13.19306
13.16134
12.4689
12.55934
12.40068
11.75231
12.47265
11.43856
13.28941
11.39718
11.57822
13.18276
11.01031
11.83724
11.02136
12.06452
12.03341
11.39667
12.14025
12.33647
10.43849
12.05
11.90238
11.76146
11.74431
12.47146
11.6557
10.80807
11.97904
12.20263
11.44617
12.63853
12.94833
11.9821
11.86399
11.84555
10.54253
13.13849
12.28379
12.48141
10.14032
12.93074
11.20046
11.53069
12.00059
12.71625
11.8838
11.33099
13.07245
12.94736
12.59425
11.57139
11.73265
11.81365
11.84172
13.45261
13.1779
12.75724
13.27555
11.09412
10.91724
12.55905
10.83046
11.54181
11.62173
13.05484
12.06464
11.88393
11.98748
11.33956
11.99997
11.23062
12.2271
12.98277
11.10493
11.60894
11.94517
12.4938
12.17056
10.86826
12.25797
11.69517
13.77494
11.54858
11.17716
12.42506
12.94118
11.64575
13.28151
12.90639
11.55713
12.54438
11.38657
11.25012
11.54193
11.79827
11.42339
11.29016
11.44067
11.55772
12.73882
11.8829
11.1899
12.15487
11.14657
13.39432
12.21379
13.05985
12.18046
12.03437
12.21144
12.41655
12.56069
11.80106
12.30767
12.21509
10.98583
12.89596
12.78004
12.56357
11.31123
13.01048
11.64627
12.01022
12.33064
11.16902
11.67423
11.60882
11.63094
12.25008
11.68768
12.76379
11.95203
13.45854
12.97937
12.55486
11.8184
11.70263
11.60533
11.65661
11.76749
12.60633
12.57408
11.94094
13.08572
11.23977
12.242
11.43253
11.96688
12.64473
12.15732
12.60745
12.56437
11.63044
12.21063
12.20998
13.23089
12.36565
10.92264
12.44862
12.30632
11.7994
13.16334
12.18597
14.08961
11.45427
13.3585
11.31061
12.52946
13.32289
12.10839
12.3284
12.15409
13.32018
10.87581
11.73557
12.0226
11.41447
12.29289
13.9464
12.77765
12.78019
12.33236
13.04553
12.65775
11.48043
12.64155
11.79011
11.89108
11.85121
11.24132
10.9301
11.78604
11.44254
11.83041
12.18234
12.50914
12.73408
13.04557
11.75675
11.91394
11.65211
11.8484
12.51137
12.49332
13.09561
12.50363
11.5932
11.68351
10.94582
13.84132
12.68509
11.40462
