13.02743
11.9449
13.64104
12.77176
13.57173
12.60575
13.30649
13.38516
13.8269
13.0288
13.62289
13.82106
14.65672
13.39259
14.51405
12.71884
13.3158
12.80502
12.87455
13.2071
13.25887
13.12929
13.47644
12.81798
13.74152
12.76102
14.91547
13.02209
12.68013
13.16577
14.03087
13.83874
13.02949
13.25719
12.17383
13.95936
12.15266
12.02338
13.44998
13.64725
11.82493
13.69146
13.02593
14.0901
14.41329
13.39067
14.04701
15.3255
14.11755
12.69182
11.78886
12.58282
12.91209
13.13868
14.12328
12.69742
12.93239
12.53576
13.16675
12.29628
13.02148
12.4865
13.82879
12.06764
12.54626
12.19163
13.27429
13.11663
12.19981
13.43461
13.72995
12.4251
13.5077
13.6152
12.7926
13.24348
14.33334
12.97224
13.80251
13.90853
12.76964
14.06489
12.99892
12.58358
13.28965
14.06686
13.68494
12.7711
13.66687
12.66172
12.88909
13.10369
13.64839
14.06008
14.67347
14.52603
13.72323
13.52128
12.66768
13.15231
13.16928
12.9229
13.71155
12.86029
13.06963
13.20416
12.95686
13.60123
14.71902
13.66137
13.21201
13.22087
14.37447
12.352
13.77648
12.8654
14.45199
12.85182
13.09652
14.74762
12.83366
13.5822
13.04071
12.95353
13.50809
12.16881
13.25129
13.58976
12.54665
12.81187
12.01748
11.89692
12.88789
13.7488
13.40028
12.76951
14.70449
13.26762
13.26303
13.25765
12.77477
12.58007
13.85568
13.28246
13.01405
12.04719
12.89369
14.5381
12.09392
13.37021
13.26097
12.92957
12.46953
13.23636
14.16526
11.99483
14.02529
14.65422
12.71954
13.26133
12.83974
13.66618
12.98395
13.23897
12.82419
13.31599
13.39103
12.98252
13.01333
13.94936
13.2903
13.20577
14.15331
12.56823
13.92622
14.13178
14.23993
12.48249
15.2515
12.82798
12.58504
13.95484
12.92325
13.5126
14.48049
12.70041
13.78804
13.85049
12.67747
12.84622
13.11357
12.98458
13.36643
12.80218
14.00439
12.89795
13.62408
12.71673
12.05348
13.56981
12.56799
14.16567
12.86805
13.24861
12.81389
12.05804
12.53938
13.63331
13.37955
12.96044
13.60149
13.15466
13.86498
13.70998
12.39203
12.44822
14.19971
13.43087
14.82647
13.47436
12.97678
13.22312
14.35656
13.51861
15.26783
13.0651
13.23582
13.31453
14.24252
13.47821
12.83337
14.87653
15.00654
14.49904
11.92317
14.29215
13.0342
15.7383
13.3934
14.61907
14.94058
13.07247
13.62897
12.54458
13.28417
13.54641
11.5265
13.27334
12.25942
14.20593
13.04721
13.90264
13.15564
12.54466
14.9148
12.95236
13.62622
13.16898
12.18421
14.11037
12.16524
13.38356
12.20017
12.75437
13.84206
14.70951
13.79322
11.43589
13.52019
13.36195
13.88865
13.13703
14.59094
13.9676
13.46916
13.20599
12.68904
14.14583
13.76801
13.32822
12.39265
12.71531
13.24018
12.54114
15.09142
13.66663
13.37371
12.53325
12.42272
12.712
13.61959
14.01058
12.48937
14.2521
12.76198
14.56108
13.66603
12.78093
12.96401
13.21654
13.25954
13.31219
14.10458
13.21766
13.42063
13.22739
14.57478
14.09916
13.66327
13.1324
13.78853
12.57139
13.78142
12.77071
13.34046
13.88383
13.14105
13.92834
13.42458
13.73337
13.18518
11.92149
12.85837
13.07376
12.91655
13.47806
11.6013
13.4218
12.78465
13.37878
14.11092
12.21422
14.21002
12.27946
12.73942
12.4644
12.17305
13.10891
13.32338
14.55173
13.02551
11.62039
13.34672
12.29514
12.58554
13.02245
12.39187
13.2632
13.77436
13.38687
12.04418
14.24209
14.81141
13.09789
13.89347
13.95613
12.92816
13.60659
12.56964
13.29149
12.9687
13.89084
14.03627
13.95652
13.1849
12.83072
12.24567
14.33756
11.82105
14.82241
13.02457
12.83012
12.57228
13.50412
12.77262
12.99461
13.38618
13.9471
12.85768
13.58007
13.41096
14.08558
14.30931
13.35734
13.15793
13.37307
13.83853
12.4479
11.73817
13.07047
12.63818
12.49804
12.68481
12.76424
15.15507
12.05014
13.68821
13.31202
13.64132
12.75273
13.14446
13.55348
14.27043
13.42662
13.59378
14.96082
14.62953
13.6428
12.95657
12.91318
13.22786
13.3548
12.93522
14.53386
14.01759
12.3322
12.86425
12.44306
12.89309
13.16334
14.51447
13.21009
13.08715
13.7655
15.03579
13.30528
13.83616
13.77822
12.89154
12.48225
14.16311
13.24173
12.66715
13.09104
12.60087
13.49
14.45892
12.707
14.22829
14.34188
13.71077
12.39108
13.73921
13.21123
14.0335
14.09948
12.52785
14.09417
14.12853
12.74382
13.67066
13.05947
13.5351
13.47628
13.10741
12.9693
13.46622
13.28498
13.13219
13.72347
13.74203
12.78682
12.93122
12.41271
12.4643
12.90144
12.11086
13.01356
11.76908
13.15673
13.03237
13.82092
13.12987
12.77633
14.37563
13.76008
13.09421
13.41499
12.31907
13.72447
15.32566
12.7403
12.76646
13.48565
13.09497
13.6952
13.84812
13.2755
13.938
12.47672
11.90993
14.1485
12.90181
13.23372
12.51305
12.5937
13.15976
13.26363
12.91426
13.95146
