104.5748
105.1258
105.3102
105.4946
105.6033
105.7384
105.8668
105.4973
105.6341
104.8862
104.472
105.3856
105.0054
105.4581
105.4271
105.7225
105.701
104.9694
105.9126
105.8441
104.7579
104.7536
104.8946
105.4175
106.2632
105.978
105.5993
105.2974
105.0282
105.0758
104.732
104.6345
104.325
104.3311
103.5272
104.4008
104.605
104.5397
104.7871
104.8801
105.4169
104.8867
105.1165
105.6009
105.016
104.526
104.929
104.4727
105.076
104.9044
104.6204
104.8763
104.7391
104.9335
105.6255
105.214
104.8175
105.3454
105.3881
105.8673
106.4289
106.1673
105.8632
106.2018
106.7179
107.0405
107.1984
107.1638
108.236
108.5445
108.8547
109.0054
109.6046
109.2339
108.9724
108.5338
108.3753
107.761
108.277
107.4279
107.2464
107.245
107.1951
106.7842
107.2659
107.1346
107.3424
106.8836
106.6557
106.3931
105.5546
104.6634
104.1887
103.7178
103.8093
103.2471
103.6869
103.9683
103.8787
104.6358
105.0879
105.9981
106.9606
106.391
105.6252
106.3758
106.3827
106.424
107.1138
107.1084
107.8049
108.0008
108.9238
109.522
110.0765
110.4912
110.9591
111.2641
110.3775
109.6036
110.2864
110.956
110.9018
111.8634
112.0744
111.9022
112.057
110.8182
112.0118
112.3874
111.6982
111.3365
111.7024
111.9973
111.0146
111.8662
110.8841
110.6287
110.9987
110.8525
111.5583
111.4934
111.0065
111.0603
111.358
111.0187
110.4743
111.213
111.3182
111.3646
111.0811
110.8325
110.8174
112.3007
112.1914
111.1715
110.9822
111.6056
111.2513
111.2675
111.8998
112.3256
113.0667
112.8366
113.6547
112.6364
111.8397
112.0767
112.2905
112.9401
112.9809
112.9892
113.0369
112.7692
113.3945
114.0518
113.8681
113.435
113.7966
114.1536
114.3616
114.4726
113.5294
112.7946
113.3785
113.1973
112.9842
113.03
112.6797
113.4569
113.2806
113.2946
114.0587
113.8494
113.8499
113.748
113.7822
114.2155
114.1168
113.5762
113.9167
115.013
115.396
115.475
115.807
116.1193
117.056
117.3921
117.5832
117.2175
116.4336
116.522
116.3388
115.793
115.4478
115.6085
115.6542
116.4118
117.2273
116.3684
114.9719
114.2094
114.5807
114.6328
115.0372
114.9292
114.7728
115.5846
115.5761
116.1723
117.0096
116.282
116.4711
116.7425
117.1414
117.3658
117.0484
116.7225
116.7496
117.2208
116.4086
116.7982
116.5078
116.7192
116.9901
117.4147
116.9158
117.0792
116.4524
116.2708
116.1959
116.8747
116.6346
117.6177
116.6791
116.9704
116.7755
117.5703
117.5255
117.7204
116.2172
115.8215
114.7333
115.1769
115.4751
115.4517
115.63
115.9951
116.4517
115.9494
115.802
116.1679
115.8258
116.4246
116.403
115.9794
117.0861
117.7163
117.6484
117.3559
117.4717
116.5193
115.7665
115.5812
116.7444
117.3553
116.5365
116.0351
116.236
115.9717
115.1725
115.3785
114.9066
115.1367
115.2105
115.4116
115.5713
115.2731
115.4634
114.518
115.0097
115.0694
115.305
115.3954
114.9568
114.4011
114.9431
114.6892
115.0186
115.7691
115.7807
116.6601
117.2045
117.1509
117.4993
116.6969
116.4443
116.1622
117.5659
117.273
117.5729
117.6044
118.0378
118.4827
118.6313
117.382
117.1834
116.5274
115.5942
115.5841
116.7071
116.9371
116.316
116.5156
116.5114
116.1907
116.6204
116.674
116.8339
115.7694
116.2741
116.5003
115.6706
115.6607
115.7501
116.3598
116.4349
117.235
116.7547
117.7817
117.4528
117.0208
117.4345
117.107
117.3139
116.7461
115.9414
115.7245
116.0565
115.8393
115.8393
115.1748
114.4684
114.638
114.6961
115.1923
114.8597
114.7113
114.8932
114.7558
114.5174
114.2797
115.18
115.0973
115.1405
115.5047
116.4656
116.8667
116.2216
116.9301
116.8828
116.6138
116.8704
117.0121
117.2701
116.5366
115.9123
116.2473
116.2438
117.7543
117.5167
117.6231
118.1829
117.8324
117.7521
117.4972
118.3008
118.7111
117.9874
118.2504
118.2132
118.3169
116.6379
116.2481
116.3127
116.0403
115.4544
115.4099
116.0209
116.2127
116.9254
116.6441
116.4102
116.8046
116.8183
116.6576
116.2726
116.1884
115.9241
116.4192
115.8966
115.9884
114.9704
114.9063
115.2448
115.377
115.0225
115.0454
114.8731
114.5166
114.1222
114.5403
114.0125
113.6948
113.0084
113.1546
112.6156
112.7906
112.9838
113.2984
113.309
113.2444
113.1267
112.985
113.3092
112.9172
113.6537
113.2181
113.1687
113.3146
113.5323
112.9989
113.1558
112.4713
111.1981
110.968
110.826
110.9717
111.4957
110.6839
111.0823
111.9134
111.2366
111.469
111.7195
112.2468
112.2198
112.0341
112.3238
113.256
113.1573
113.2992
113.5308
113.9886
114.6026
114.925
114.9268
115.1001
115.5223
116.4048
117.2975
116.9672
116.7071
116.3165
115.7182
114.7411
114.0464
114.7566
115.6369
115.4773
115.8773
116.1496
116.3572
116.1652
115.8917
116.1722
116.5837
116.0986
116.7467
117.2126
