1183.291
921.7537
531.2556
1475.485
853.4192
1524.074
1545.648
493.7486
758.9872
764.6546
1249.027
1251.616
2471.289
643.7545
1016.465
1533.918
947.0067
878.0003
1371.306
825.6462
2215.678
1406.684
1339.351
743.3278
849.2576
645.6821
852.3873
1253.434
1966.681
801.3436
1127.506
540.5302
783.6335
2125.395
1218.979
940.0945
1283.41
2129.38
3341.505
679.0622
1158.698
765.7884
1292.92
662.6471
1822.101
902.0504
2501.293
2189.956
921.9327
2107.522
934.9749
2323.365
1539.448
658.2297
1069.27
1254.062
758.3445
721.3571
753.5493
901.451
980.4381
914.2682
885.7184
892.8398
1266.327
1406.034
1040.961
2117.674
1389.036
512.0583
3246.835
863.0984
1367.707
1221.271
1992.003
747.9311
1714.931
483.6959
3847.731
1101.044
709.324
1117.545
820.4068
802.2753
1657.501
3289.147
876.2607
1324.135
689.5337
891.2378
857.9284
965.9583
1110.181
1374.801
1518.518
775.4744
3046.554
1251.443
1378.18
691.7395
960.3833
822.006
1350.495
1209.476
1262.835
663.4164
2705.947
916.7551
996.9346
1370.505
968.8954
1029.481
1022.738
1465.666
517.4633
898.9153
645.8982
1838.799
670.351
2223.512
863.8864
3954.922
1745.115
1507.699
425.8516
1238.261
732.8311
1029.858
802.704
1060.479
1921.777
1851.583
1067.258
894.4243
858.2999
1737.159
1079.241
3775.562
754.1684
1179.263
1416.77
3114.181
1267.833
519.5977
1151.781
552.8797
860.8051
1047.016
1105.269
843.3273
870.6615
2196.656
515.7477
1518.291
857.6211
1168.851
835.5141
990.7074
537.5398
575.1138
525.6398
1081.817
849.5565
2244.31
532.669
773.4858
637.1154
1910.851
1208.487
875.6688
618.5934
789.4716
1082.936
639.6109
870.2028
1655.334
538.1208
929.6534
1398.336
1064.838
1482.461
1043.945
675.0159
1331.236
944.0668
806.4192
667.1742
2114.966
2413.237
2104.557
908.8322
1153.872
2113.544
2066.33
1284.437
681.606
954.4053
455.8202
1000.731
725.7582
1672.21
1388.104
2112.971
1260.651
707.2924
768.7142
3323.727
339.1834
1230.61
653.7445
973.1039
714.9754
1906.279
1008.809
1167.872
842.9294
1735.232
1139.824
800.2037
577.6633
916.0673
1045.276
1979.809
4408.926
1044.873
938.3371
1364.611
1186.903
648.8758
857.9627
974.697
1192.931
1254.064
1088.251
1073.402
1440.18
787.1798
1209.437
1385.05
1252.539
1324.972
1211.454
1654.934
718.2242
952.739
998.386
775.4152
1728.601
2008
3066.364
2666.573
602.673
912.754
1580.796
928.285
812.2194
929.5361
683.9715
913.7191
758.7672
2018.96
1665.858
1365.534
783.3707
685.8398
884.3601
768.0969
1100.381
502.741
1412.635
646.5482
1639.686
1091.777
1701.845
2040.293
767.3124
1669.314
1745.91
759.6587
2533.225
1292.206
1772.015
708.3507
1127.621
533.0452
589.0984
2927.922
919.8431
902.0376
1255.306
5627.434
1555.606
1948.813
1160.62
365.9036
1332.04
1886.359
917.8373
400.4141
1197.576
982.7243
729.1879
2077.623
628.1099
1529.425
1569.199
918.1894
1084.364
850.0868
583.6509
1260.841
1867.375
350.2128
1524.658
1318.927
654.7667
930.29
2412.166
1265.865
799.9652
528.2965
3446.922
623.4198
622.5751
2159.376
1021.319
777.7321
3489.812
1138.861
874.9739
877.2165
851.4662
1488.435
1238.637
1082.929
445.8249
602.018
1508.47
555.0792
1158.294
686.1227
1037.418
3070.92
480.5269
1323.896
880.6159
994.7892
1440.379
465.7095
879.1025
2322.654
6318.776
664.6799
779.4574
786.4785
1212.041
1636.493
514.2457
1389.103
659.3325
665.8154
2157.784
758.7549
969.5889
1933.193
974.5598
1311.578
1246.956
963.8362
2157.41
593.3262
1342.242
635.9038
569.2767
1062.602
820.055
1106.053
555.6911
858.3222
1005.682
699.4014
651.8244
728.8026
566.682
2884.17
704.2307
702.0068
379.3172
1590.726
1370.023
690.053
775.0763
4141.528
792.6195
1035.13
757.5223
541.3141
1750.66
709.5087
642.7239
923.5307
1072.367
1144.272
1217.929
486.772
851.099
285.6331
721.5387
671.0146
615.1464
518.6066
1541.813
1620.02
1123.553
510.3823
3240.025
1291.363
467.2675
2513.491
712.9159
3376.432
2751.681
890.3689
1010.49
718.6931
942.8072
2948.903
2933.38
496.7156
525.0345
1868.424
2059.64
907.6724
902.7997
1351.26
1631.209
557.7321
611.1902
1024.878
2563.935
1052.193
787.3547
3067.976
706.1507
718.3191
1869.534
369.4631
1464.165
906.2939
698.1555
1974.557
833.8022
893.3264
642.4701
745.8829
1307.462
1096.765
834.0477
1289.855
652.3593
1442.877
1067.527
439.6307
2427.395
1780.886
674.1439
1168.097
965.3803
1141.973
745.2536
2068.862
2062.135
1195.837
546.2081
1332.931
336.9328
933.1589
1582.607
6135.438
2984.6
603.8
821.7214
871.1392
827.482
871.6186
970.6818
935.7874
850.9314
574.0651
932.7245
2152.508
2375.543
1163.274
755.287
1526.539
1046.455
933.6037
537.3385
612.3862
2365.801
