73.64203
112.3426
95.14907
116.4317
91.3611
92.59623
96.44421
83.5364
92.69638
102.3663
110.8958
98.24416
106.8806
100.5961
88.09979
97.25286
80.40238
89.35769
99.0491
107.2356
100.2945
96.48266
98.73776
103.2594
101.2035
99.80496
112.0785
82.43709
94.64552
100.5712
105.4824
96.29342
110.2148
86.71887
91.47018
90.25991
83.75433
98.81556
94.34723
92.82084
85.51176
81.89876
89.47307
104.3116
105.6792
81.83695
90.02238
108.8372
105.3861
93.66186
80.38236
102.5764
97.6926
89.25532
99.49798
98.79615
99.07676
78.98245
94.37186
91.31629
91.43416
81.91825
99.52423
104.4206
93.43854
84.75803
93.9591
64.84626
85.83816
94.22238
101.3141
102.1656
88.42957
103.5938
86.02866
100.9289
83.43895
81.88402
79.90159
87.06954
100.3879
101.3763
106.3008
82.55734
103.8585
97.44857
102.3744
87.92836
88.0109
83.98278
92.99108
88.4543
99.82789
90.59101
96.97703
90.12515
103.1061
99.68019
90.51508
100.0745
94.20676
95.74773
96.2124
113.6097
95.54494
90.81308
86.98483
85.8605
101.4764
84.92936
96.67909
79.99271
93.60791
90.95937
118.4546
93.48541
96.47296
101.7498
92.71326
76.5007
119.0263
88.22023
80.75184
86.39434
76.94079
90.54427
84.29512
86.66369
92.30019
88.72796
94.33282
87.22978
89.26862
90.70322
100.2825
86.83799
79.39177
91.18864
106.0567
89.81024
94.12276
94.44572
92.89934
81.25012
114.6494
81.63586
95.34024
108.0999
90.86943
88.14687
85.97248
101.9469
83.87464
94.63298
104.0426
87.20204
90.04486
92.30642
94.13912
84.28422
91.08184
100.3298
93.03972
83.52049
95.04771
112.0956
89.49466
103.3509
93.06252
112.3982
83.51991
92.67649
93.19559
87.86201
90.25423
86.58826
83.45962
103.2479
94.1695
88.40571
92.2379
102.8073
100.0953
97.19203
86.82127
106.4228
105.9648
89.50301
97.46379
101.6374
90.92071
91.94057
85.95996
95.23023
91.1863
80.01019
105.0008
87.10878
96.55943
110.4618
91.89741
97.10002
98.86188
90.40523
99.36367
87.79034
103.7882
90.57637
91.89217
91.82125
93.94765
90.5954
92.06416
86.88989
116.1183
91.56445
89.82796
99.03929
101.5657
83.30751
106.3078
87.58931
88.6588
99.70844
111.8522
99.49544
91.67247
88.58615
85.34838
89.87851
80.87188
85.93871
107.2692
92.91209
95.70565
84.93783
103.2566
93.73305
98.01239
100.1325
89.4045
98.3349
93.05939
77.87863
82.92485
96.42819
87.32714
87.99348
86.88481
85.18503
85.12072
90.30097
95.37298
94.91427
85.26897
92.9794
83.11217
83.14015
96.23766
88.4956
97.57462
98.14071
79.57604
79.80971
86.86278
95.41101
100.5032
106.7147
97.3202
87.73642
91.59562
78.8737
92.56648
94.69709
86.48058
89.10391
95.70275
115.4367
92.81142
96.22484
96.29698
85.84893
91.63625
98.67382
83.0914
92.16194
96.68516
95.43692
92.96832
81.71558
104.3283
80.69831
88.36097
80.20726
88.97622
89.216
88.09888
92.85447
99.43093
109.4839
98.69608
101.946
87.82619
91.85041
105.8892
94.47474
92.07001
98.35147
89.94719
104.6873
100.5308
86.86146
99.0585
89.13717
89.18771
108.1382
108.1194
93.03298
102.6953
110.3718
111.3963
94.89538
102.1747
100.7261
98.80786
98.39738
104.1294
91.83406
95.33857
81.4433
94.96262
103.6457
106.1408
96.43667
93.77626
99.67746
91.76103
94.63888
108.362
100.3763
101.5388
84.12311
97.28719
92.05201
123.1484
95.65903
93.43444
89.12833
94.70662
88.19865
92.19778
104.0158
98.06628
92.93499
89.123
98.99396
91.55605
81.11215
90.52251
94.26289
83.5027
99.75112
93.75832
102.7633
91.39862
89.58557
86.88087
78.59558
86.85547
83.46972
100.0058
83.37163
110.6462
89.87003
110.105
94.95491
90.09767
83.8866
81.84803
92.7596
74.46316
91.95149
96.61141
91.78395
92.48616
92.23343
88.08679
107.8399
90.64601
115.1745
110.7168
86.8042
91.48991
85.34383
97.46342
88.0623
88.54909
107.5642
77.43883
85.38323
85.65638
113.1299
102.1274
80.75938
84.37709
107.791
93.87855
95.35444
92.15146
87.65901
88.70247
109.4646
79.16427
98.81622
90.12555
81.81275
81.95468
91.33817
80.30787
93.69627
93.11033
80.25768
86.9802
90.56799
95.2241
99.16181
90.66996
87.32976
98.87133
80.06722
80.35949
88.62407
95.4981
97.40786
87.96982
92.74964
88.31386
80.80874
95.75235
95.99053
97.50891
90.59573
103.0237
97.56431
100.2733
94.0082
81.74182
105.0993
95.83522
92.52563
97.77136
88.82616
101.5494
104.0918
92.84952
100.9405
94.39403
96.0628
88.2515
98.53898
89.53022
94.89372
95.55614
96.95761
95.99893
98.07019
88.41482
117.807
108.7771
90.38961
110.4359
99.57434
83.34467
89.68342
95.0384
94.02714
96.88096
94.73262
91.87501
82.56079
91.65711
79.40159
96.26407
88.57671
103.0745
99.05456
109.6607
92.17246
89.98938
78.78775
91.09832
93.75477
98.92358
90.33379
99.26833
95.59533
83.13726
99.59053
101.3566
98.03813
