55.0596
47.80301
45.66015
50.23044
46.55308
45.21522
49.30414
53.62356
44.93356
44.25009
45.20359
45.00171
46.29196
43.33962
45.0589
47.80892
45.68187
46.43557
44.93504
44.69036
42.94338
46.24439
52.77039
51.14985
48.91669
39.8518
46.23121
47.33128
50.13608
46.23003
43.37103
50.32179
43.48007
47.10822
45.48484
45.51622
48.43057
48.59134
45.94901
50.78211
49.61994
46.17771
49.23718
49.6781
46.53883
48.86862
43.14202
42.79679
46.9308
47.82428
45.52123
47.88823
48.83711
44.34
48.75941
49.60941
47.38165
41.22047
49.23316
49.41414
47.74071
43.19885
46.22515
43.00766
48.37577
46.07467
48.11421
47.07598
40.12068
45.42441
49.9896
42.89446
40.35334
49.07089
51.25064
46.51733
49.18428
50.13892
47.26912
45.18251
45.29897
57.49734
41.26655
45.82243
50.54245
46.62021
50.65314
53.20927
50.20619
43.02758
44.78146
44.61146
43.65573
51.5796
46.32589
43.9617
46.82923
46.50245
44.27155
37.45402
43.59554
45.49216
50.01101
42.86472
46.28594
41.45824
45.28455
50.32098
40.09214
46.72158
50.23406
48.40777
46.95577
48.48188
42.94203
46.17093
42.87312
45.57633
51.69285
47.71731
49.78569
43.33515
47.11197
51.72721
42.4466
41.76127
47.2974
45.1616
42.65093
43.76204
44.02361
47.34086
46.82125
50.60752
43.62369
49.52691
43.30948
40.60265
50.51258
56.65586
50.7696
47.57949
43.6756
40.75834
43.84926
55.10027
47.18907
46.31926
49.04915
44.23711
45.75333
46.65604
45.2489
55.48022
40.53954
47.51452
44.30123
41.31436
47.76158
46.34095
46.44407
48.55253
49.07148
46.67385
48.87996
40.42866
45.36662
50.24064
48.14238
45.8054
44.81992
43.87867
43.5592
50.95157
47.28123
48.63271
42.14463
42.42171
47.55485
43.29139
45.03892
46.6518
44.67455
44.85444
46.49597
44.00686
48.00993
50.20805
46.49841
49.50309
48.84257
50.04435
49.73353
47.35545
48.84908
40.38891
40.16096
44.94548
46.76979
42.32358
46.75219
46.49096
41.13575
42.77125
49.77054
51.57906
50.70433
46.61457
52.32244
47.524
53.14103
54.47298
48.19754
45.59905
51.3081
48.85794
45.7718
45.73248
40.9386
49.18938
54.78505
49.41474
45.13342
61.64974
48.63889
38.6
43.26222
49.71891
52.99803
38.37673
46.74111
49.04659
50.81626
39.61973
49.37923
52.50316
46.06152
53.758
52.19806
44.56652
46.59549
47.69475
48.59231
48.04429
47.43714
44.18706
50.52551
42.96388
51.23483
55.57033
40.13538
44.14247
46.82818
51.19465
46.88475
45.68026
46.71391
43.59284
48.50491
47.4768
47.41338
44.27698
56.71636
45.39304
47.5523
42.5005
43.47343
42.71437
43.74193
42.98164
41.1743
46.9051
48.05781
46.79905
49.08971
47.78999
46.50156
52.19708
42.19016
38.89165
42.38515
43.73244
47.30882
45.55857
44.63136
43.79977
43.90993
45.56372
51.72295
43.26704
51.84619
50.55267
43.69239
45.09389
40.77661
43.80909
48.29596
42.00317
44.04221
45.1532
51.3984
51.9878
45.3019
45.29141
44.64826
50.74848
41.95692
38.18231
46.22527
42.18248
47.92441
43.09677
42.67786
54.57036
41.77907
53.99071
45.49903
41.25329
46.57745
48.36643
43.73542
48.05887
44.3293
53.70445
46.58741
46.77723
47.81589
49.65394
46.05376
47.28989
50.52721
45.66661
40.08327
44.03756
43.85438
45.88264
42.23116
47.47421
45.35763
49.81321
52.0012
53.58741
45.07449
49.97215
54.51912
46.78867
50.53912
46.7457
52.81963
48.78866
48.58782
42.66409
42.24364
51.85842
45.29327
50.27517
48.34861
43.08538
48.55342
45.65911
51.45073
44.39275
44.83463
49.42746
47.50062
44.11254
40.92759
45.62657
45.64511
44.50633
46.97314
39.52053
45.27461
46.18005
44.64937
47.25871
49.55528
46.69983
38.6872
50.49471
52.14741
40.24926
47.08434
44.20968
54.20989
46.18988
45.45149
47.63656
44.78534
47.60319
49.69596
42.61309
51.18865
41.189
45.1628
42.55542
40.33557
45.73991
47.5524
49.02996
47.02008
44.20589
49.32559
45.67005
44.15901
48.03819
44.59736
45.54705
51.59458
55.71349
43.85753
47.0626
44.00705
48.85193
47.27822
52.29633
44.86956
48.74123
49.65039
47.85563
51.52274
47.49009
49.95427
47.07812
40.78799
39.58358
49.56979
50.53049
45.28647
46.43264
44.30872
46.47313
43.98117
44.19395
48.23198
51.92855
48.20072
45.88653
45.10474
51.06995
54.87925
51.60424
45.15548
52.26269
40.04753
39.45625
48.01903
48.52221
47.57789
49.54644
49.58025
47.603
41.31265
47.99736
48.15235
44.36945
48.2381
45.83061
47.84983
45.58438
44.11058
47.02953
42.80381
43.71814
48.51365
43.82185
43.55999
48.37638
48.37163
51.19467
47.51077
49.3502
45.23162
48.13564
43.50633
52.75139
47.04235
49.4324
48.59791
53.06658
45.026
45.99307
43.61752
42.54275
50.52048
44.65301
47.51523
48.2303
44.85354
38.96585
46.77099
44.88488
49.48135
46.684
47.84521
51.5878
40.62918
48.41501
40.93077
53.4757
