94.27422
84.8562
70.79553
60.58555
50.72702
33.37951
24.43966
20.82046
21.69419
22.9238
25.01035
21.60075
21.35021
23.06312
19.80436
23.03133
21.284
23.36053
21.83148
19.95947
22.32657
21.7065
22.14783
23.42275
21.82501
20.58843
22.60918
21.5997
24.10242
20.70469
22.75179
21.52354
23.48371
23.70367
22.82933
21.45754
20.41543
20.61767
21.52216
21.76489
20.84545
23.16352
20.7278
23.77427
23.52985
21.59774
25.42093
22.59922
22.9436
23.06207
20.81585
23.27017
23.12597
21.45294
20.08212
23.14506
21.39363
21.88984
22.48432
21.21219
21.97355
20.78876
21.55431
20.9884
21.1889
21.55058
21.47193
20.82684
22.95832
23.39825
23.14246
21.82689
22.48635
20.59999
22.61648
23.00653
19.60574
20.4834
23.00451
23.84525
21.6333
22.08224
22.90691
22.17692
21.97392
24.29401
23.04201
20.11763
21.52726
23.85945
20.60988
21.10909
22.97573
21.45808
22.53748
19.45382
22.33712
20.9714
22.19637
21.23539
21.77565
20.44945
20.62448
25.11932
20.90667
19.53059
24.10917
22.16621
23.03277
20.81561
20.57902
21.84345
24.41651
23.62282
21.97786
22.13789
22.97971
20.06826
21.25797
24.13382
22.81067
26.27785
23.40112
21.0921
21.61592
20.28887
21.15993
18.421
21.62154
21.3252
21.2172
21.83408
23.32328
24.97201
20.39872
22.66434
23.37462
26.20803
22.55407
23.28118
22.47799
18.56147
21.51564
21.38121
20.03686
23.35387
22.42326
23.00011
23.98315
21.9538
24.62366
19.12774
19.7727
19.75925
21.07628
21.17266
20.97494
18.87846
19.27042
18.90942
20.0518
22.46506
20.92965
22.11953
21.58089
21.05133
19.13106
18.47896
21.09038
24.28312
24.71966
22.06032
23.72664
21.15492
21.76195
20.68798
21.9295
22.64074
22.32747
23.68881
22.33832
20.90812
24.04336
20.5292
20.32184
21.90539
21.93432
21.39314
25.21927
20.21247
18.86396
20.75577
24.61119
22.23785
20.24217
21.29785
22.24835
21.67047
23.78649
20.60701
20.94783
18.81162
21.9028
22.73881
20.48292
20.301
24.28367
19.58176
18.86036
23.16082
22.58121
20.89039
21.92709
21.69949
23.03295
24.51836
21.02073
21.2471
20.06793
22.07241
21.22931
22.26431
23.35281
18.64877
20.634
22.78907
20.3496
25.99302
20.9832
21.15788
19.8192
23.32335
21.14493
19.90607
22.81577
22.09582
21.12454
22.59987
20.5454
22.24469
21.99338
23.18305
22.3405
18.38888
18.62924
21.96091
21.30778
18.90834
19.70386
26.69302
19.44833
21.92369
20.15318
23.09202
21.64683
21.56476
24.84789
22.02959
24.04204
22.04235
18.9993
21.99399
20.50582
20.39401
20.92603
21.32096
20.12185
21.27049
23.113
22.87865
20.51887
20.43232
21.55772
23.72083
23.33575
23.52325
24.79341
23.07826
21.64205
22.41456
22.39552
20.10716
22.2387
21.6661
24.13342
22.4832
20.32674
24.95745
19.9701
21.17923
20.62019
22.78365
22.28309
21.7657
20.89928
23.21364
23.21024
22.16741
20.40682
20.00125
22.83345
21.00632
21.77186
21.91849
21.19203
23.22337
23.0094
23.83356
22.04769
23.10515
22.30839
21.23902
22.05946
21.97752
20.61195
19.48492
21.08196
19.40322
20.6103
23.66005
20.44182
23.08808
20.24761
21.01364
24.06516
21.30142
19.16072
21.57699
20.5836
19.67088
20.78554
24.1616
20.64858
21.78196
22.50049
22.81715
16.94211
22.10515
20.18948
22.26211
21.74178
24.0284
22.41046
22.63406
21.20574
26.10596
25.8948
22.17878
21.52523
20.90671
22.68872
19.55902
20.18113
22.03049
22.48186
20.7657
22.72347
20.88503
19.34497
20.37455
20.87447
21.53875
22.12696
22.86702
20.64521
20.64265
21.38733
19.28857
23.44336
20.07559
19.42578
21.0328
23.25607
24.5056
21.38841
21.05715
21.70014
21.05071
19.02608
21.24191
21.57409
23.54123
21.65695
23.08168
21.75424
21.1268
20.34128
18.89751
22.45285
23.46895
24.25008
21.81586
23.88465
24.33333
22.03652
22.46657
20.48315
21.32534
20.09376
19.98904
23.75161
25.15918
22.06668
22.11289
20.40876
22.9396
22.44355
23.34417
23.57393
22.55692
21.83295
20.73054
24.39806
21.97734
24.24353
22.25666
21.77537
20.86124
20.58911
20.81439
21.35514
19.07841
23.56228
20.66306
21.26216
20.01017
23.2746
21.28972
20.63734
22.41737
22.97908
21.27631
19.39706
20.68138
22.44269
22.64266
20.73882
23.00107
20.92683
21.10018
20.41494
21.55666
22.83713
22.27665
22.74366
20.37463
20.97323
21.25124
20.90674
24.60595
20.33257
22.7321
21.32421
21.78195
22.74056
22.28193
20.95051
19.69373
21.71491
24.24185
21.8886
22.72013
22.12629
21.40814
20.27506
21.27659
20.92151
21.2817
23.51036
21.78789
22.05627
23.6853
23.2471
22.33633
22.09487
22.47178
19.85041
22.49228
22.62737
20.82752
22.63365
22.22803
20.30728
20.36599
22.31576
22.1197
19.44335
20.45793
22.95964
22.77848
24.89823
22.64707
20.5092
20.91995
22.25676
22.5997
21.61137
20.55949
23.30763
23.98515
