1445.558
1616.091
1485.101
1441.96
1543.381
1527.786
1630.037
1723.688
1611.863
1519.879
1591.044
1706.979
1505.162
1491.037
1614.773
1656.483
1585.712
1589.957
1541.725
1536.888
1504.219
1636.511
1616.925
1488.118
1490.599
1482.941
1529.244
1522.148
1576.735
1447.869
1498.143
1555.278
1579.162
1581.295
1494.423
1518.275
1532.936
1426.942
1543.806
1620.706
1557.498
1599.812
1453.395
1573.401
1508.348
1433.556
1635.063
1502.403
1674.263
1550.002
1535.524
1659.259
1491.116
1442.75
1538.28
1626.852
1584.556
1555.377
1580.277
1702.107
1641.689
1529.045
1375.455
1545.36
1645.801
1601.599
1692.587
1503.128
1577.877
1522.629
1571.663
1683.402
1442.449
1560.085
1526.974
1411.168
1508.306
1586.882
1640.041
1501.917
1538.768
1636.478
1520.517
1549.315
1462.825
1536.726
1504.124
1516.842
1695.831
1549.944
1624.629
1544.618
1518.315
1582.741
1606.193
1616.337
1523.45
1617.09
1749.073
1606.797
1612.184
1610.187
1599.416
1450.518
1602.925
1606.246
1495.762
1562.904
1502.216
1540.092
1502.541
1492.466
1575.632
1648.46
1478.702
1580.584
1599.312
1584.522
1644.244
1396.164
1567.755
1502.789
1501.294
1620.641
1475.936
1572.509
1468.785
1590.333
1432.099
1583.424
1540.545
1471.634
1421.105
1539.791
1585.866
1590.252
1501.491
1465.521
1704.149
1516.357
1570.083
1549.84
1614.394
1534.414
1548.196
1475.065
1617.826
1511.796
1666.596
1500.543
1455.494
1632.46
1472.85
1551.108
1650.485
1705.894
1700.395
1657.449
1611.818
1516.411
1594.814
1640.201
1577.342
1683.466
1515.737
1591.408
1625.441
1522.793
1512.989
1528.301
1545.391
1569.481
1485.15
1566.501
1634.447
1574.772
1663.74
1480.501
1639.638
1561.551
1709.102
1426.178
1538.156
1547.405
1549.942
1546.641
1456.261
1737.052
1533.595
1681.08
1536.979
1493.389
1470.658
1583.582
1508.703
1615.246
1422.773
1465.043
1608.043
1542.553
1558.835
1691.709
1550.487
1503.613
1632.091
1496.699
1589.401
1522.919
1640.064
1521.965
1674.218
1577.568
1545.76
1510.327
1472.5
1506.965
1559.24
1534.345
1562.397
1520.178
1470.22
1485.16
1541.693
1549.707
1560.957
1640.322
1492.646
1567.784
1559.994
1631.517
1631.023
1578.889
1640.013
1641.616
1594.2
1505.891
1486.343
1552.667
1478.48
1577.921
1564.656
1601.833
1509.342
1497.442
1693.689
1520.376
1531.677
1585.122
1610.588
1522.364
1753.018
1623.826
1699.546
1500.93
1560.493
1702.917
1562.525
1562.952
1552.441
1563.946
1629.943
1627.624
1534.805
1683.529
1499.698
1529.864
1536.246
1577.485
1467.994
1574.824
1682.995
1427.309
1576.968
1472.475
1452.681
1565.515
1577.81
1592.629
1369.149
1672.674
1535.689
1570.016
1647.826
1520.138
1521.438
1531.5
1579.626
1565.802
1739.973
1476.854
1621.54
1689.131
1543.919
1693.34
1505.412
1537.445
1456.079
1634.141
1487.21
1475.508
1568.823
1578.083
1519.949
1585.706
1520.967
1674.532
1591.895
1630.043
1570.274
1484.02
1714.568
1604.277
1554.746
1634.03
1503.4
1594.282
1533.599
1630.747
1562.45
1554.323
1484.045
1555.39
1546.175
1555.118
1525.459
1486.326
1459.13
1512.198
1538.16
1625.256
1510.626
1555.93
1587.549
1584.236
1538.988
1580.698
1561.89
1666.12
1470.444
1558.378
1540.55
1504.701
1535.388
1650.069
1543.306
1604.754
1473.601
1512.182
1557.005
1707.714
1548.359
1565.13
1512.427
1639.128
1569.71
1621.62
1505.576
1650.956
1605.81
1395.043
1525.613
1441.993
1602.654
1479.965
1523.064
1489.362
1644.51
1669.618
1596.265
1472.275
1537.718
1705.162
1683.604
1620.22
1513.488
1606.289
1622.928
1422.923
1567.836
1557.562
1543.222
1591.728
1552.481
1541.412
1549.8
1523.122
1546.062
1506.294
1419.928
1589.838
1564.787
1469.477
1634.709
1541.246
1695.356
1570.598
1596.681
1499.033
1407.449
1465.332
1550.963
1505.303
1610.823
1630.374
1519.002
1559.868
1600.298
1621.465
1657.612
1505.979
1665.057
1594.033
1602.56
1554.351
1628.592
1529.065
1577.191
1673.747
1608.536
1502.222
1574.258
1554.499
1473.093
1601.793
1501.404
1536.527
1438.993
1564.229
1618.815
1659.199
1642.865
1643.862
1725.958
1476.277
1627.524
1418
1714.553
1551.043
1625.601
1567.144
1567.183
1560.624
1554.117
1600.264
1553.804
1463.646
1584.371
1542.008
1532.373
1418.692
1619.601
1502.547
1631.779
1537.151
1768.838
1599.891
1601.18
1431.711
1500.73
1513.663
1579.572
1631.507
1676.24
1525.541
1574.223
1559.897
1573.965
1679.199
1562.309
1658.505
1503.304
1492.526
1612.822
1506.553
1497.103
1547.296
1521.642
1528.087
1547.44
1495.465
1620.049
1366.304
1627.915
1627.042
1563.353
1618.933
1599.328
1599.034
1394.362
1565.202
1583.475
1579.438
1566.676
1489.279
1554.377
1643.947
1538.459
1500.234
1525.79
1577.106
