109.2281
180.8144
265.1123
346.4816
135.0915
69.27011
166.9346
96.28739
110.2936
74.65695
153.4386
88.67115
89.31009
144.8631
58.54076
134.728
549.3006
130.5087
57.53012
183.0247
134.8289
81.87119
131.1816
49.19559
125.5096
54.31538
111.2497
182.2996
138.3581
126.1165
140.012
298.1055
144.4399
184.7275
159.3848
213.2345
446.5535
78.41302
172.9654
86.00061
142.3965
325.0199
282.9329
184.1374
336.2228
117.8356
216.5833
171.3189
40.39861
68.9577
195.7713
135.3421
241.7583
207.6363
1159.263
83.47428
129.3348
145.2529
353.1072
213.5802
217.0299
152.2969
128.0161
212.0142
99.09213
124.9503
179.4216
174.0162
165.4385
143.5301
450.5633
237.2923
349.3814
217.0302
316.2991
309.6728
154.1936
124.1846
159.9628
275.2204
73.79049
270.1477
200.3933
588.7948
224.7567
1227.205
45.60293
169.3084
386.1718
415.3952
192.5136
133.0321
174.069
229.7062
84.73481
125.5755
126.6114
336.8381
204.7719
716.4519
243.0823
1211.385
323.5411
302.2735
430.4818
328.7652
989.0449
196.9457
232.8532
365.0082
1196.45
821.3211
880.3914
656.6475
1281.446
359.0237
300.6371
467.9305
324.6734
330.9308
152.942
375.3069
676.8007
492.4663
1042.825
580.9405
219.4917
166.937
681.4489
583.2751
428.8559
270.5589
242.2037
306.5488
208.1262
786.3903
283.0414
290.6604
635.4584
293.1819
184.096
116.6266
107.5419
189.8899
431.9238
620.0316
172.0895
190.1414
243.6721
177.3761
428.0521
338.4718
139.0266
250.1454
122.8651
78.34225
124.2308
217.5745
331.7503
297.7698
91.24622
167.7814
171.8264
162.2477
153.8248
100.5606
109.1219
130.8049
270.944
92.0191
123.0897
296.0486
77.34442
88.15087
202.2738
111.672
399.0672
139.6521
169.0865
316.8711
558.6735
90.79979
91.81601
114.3625
124.6827
221.6836
87.56352
123.2315
68.00001
97.00565
77.58022
119.5896
160.9323
147.9974
177.7942
99.80014
207.3146
113.0149
197.4081
124.1695
279.932
98.36816
165.6254
52.3616
543.3231
1255.384
269.1938
144.9341
188.6133
47.53211
107.3683
128.3628
257.0631
187.7712
130.429
130.7732
153.8278
70.78103
131.3392
109.9129
80.33179
140.6562
143.5313
151.1984
112.5938
102.482
86.38385
345.069
70.79776
88.77623
78.05544
173.6332
327.5508
138.2093
75.73537
312.1627
133.9103
337.649
271.9196
279.289
148.7838
249.874
125.9572
123.2747
166.5818
153.486
232.1516
63.89978
201.0829
206.2596
170.4724
105.38
116.2923
118.0753
141.1082
74.1526
88.79283
173.4442
104.6879
269.1728
219.4642
130.0212
67.32271
84.38858
114.4341
207.3712
89.478
67.37606
82.49734
297.9681
195.0068
105.5585
120.4169
105.4787
300.3427
73.77082
323.7198
74.45779
98.8506
355.5531
141.5252
150.9757
522.665
175.9008
106.1654
81.30806
83.04652
100.8742
116.6939
223.0327
96.61119
87.74152
135.9454
115.0229
274.5896
177.2505
130.3676
134.1192
188.7335
61.0579
117.2929
62.27407
103.8025
52.31134
130.7457
117.7812
121.1196
127.1303
287.0425
319.325
153.9277
183.8177
100.5675
219.195
171.9952
225.579
299.7372
101.6857
134.9407
84.57072
160.1315
233.1285
74.47128
144.3784
337.6671
389.9045
100.384
95.99873
159.6348
99.83246
111.1234
278.5184
143.9871
140.7778
308.2157
156.5184
107.844
109.3145
144.3299
195.0797
336.0236
119.02
339.1338
124.8107
223.6272
144.5939
205.5647
180.4725
188.2768
225.6257
96.50606
63.55518
68.83718
106.2244
213.5056
140.251
155.6037
99.2885
603.276
257.8481
159.1324
76.02223
312.6195
235.7466
139.2961
327.9028
543.2404
235.8014
581.1069
133.8893
109.747
34.8951
133.0002
68.7635
82.10129
91.59599
87.9886
117.7704
78.97522
132.3682
141.9671
92.40735
120.4179
102.6871
118.1912
85.84771
99.71612
588.0121
444.085
404.2633
587.9802
105.2553
95.98501
131.3373
244.4858
343.4755
84.15662
79.75215
239.4723
216.2281
224.6514
116.7637
301.2415
134.8489
92.62531
80.88218
320.3951
354.6113
125.2402
124.2301
471.4971
105.9927
101.2936
196.516
45.25942
73.474
155.965
265.8257
83.65803
85.39158
118.3323
182.3035
223.4282
251.7437
452.1059
88.30928
353.3123
169.6855
229.6352
79.62233
71.92315
127.5235
289.9986
159.6577
407.7108
210.3619
156.8492
693.5473
441.4645
176.2377
135.9205
917.5531
412.6079
338.7089
521.167
279.9467
417.9268
121.1733
253.0452
456.1389
404.9196
1397.518
1057.74
546.2249
1081.265
374.5549
608.1635
522.1592
216.7515
15156.94
610.7392
329.858
2934.349
730.7616
404.0892
629.3878
739.6625
206.5556
454.6819
460.2685
215.2627
883.5297
185.9125
278.9981
471.6805
675.1436
514.0876
395.48
310.0211
718.2827
451.327
323.5444
327.4448
192.0693
315.602
542.2006
211.648
58.92625
171.3496
837.1091
118.3239
162.8828
60.60107
146.5547
128.2503
399.7579
469.1934
318.9959
435.2493
312.7372
