59.77927
40.20503
41.19411
44.77462
43.67294
43.1046
49.8928
45.16663
42.45047
46.17148
50.81174
46.36919
53.55126
46.68677
45.18039
45.11841
42.66971
45.39368
46.93147
37.91
45.50877
48.65872
44.23517
48.98905
47.62906
46.88006
45.65231
46.83525
46.01895
51.34857
47.05683
49.41418
48.18752
51.98618
46.1811
42.59551
44.32511
44.23566
48.0047
44.14947
41.04962
44.00256
48.49077
45.82977
45.00505
48.73444
47.10553
46.10913
43.28786
49.39764
43.22181
45.10199
43.72205
43.12779
47.93143
52.8028
43.78347
55.49151
47.03128
50.10221
52.98745
47.62896
50.37272
49.5507
45.18605
50.64259
42.75802
44.7767
47.22673
47.1258
46.93091
49.10598
42.3595
49.74319
48.07683
49.7383
48.81471
49.11307
47.3626
44.35942
42.49388
50.27362
47.78971
46.46873
51.31332
47.22751
46.08073
43.28447
47.9343
44.28055
50.2924
46.30139
45.27712
43.19228
54.79328
47.96344
50.43918
49.27536
47.59743
43.90712
47.33657
46.00737
46.97129
46.12322
54.54721
46.22249
52.39391
46.17789
45.68699
47.71165
54.21929
50.69351
44.22272
41.51724
43.55897
44.11931
54.42691
48.29321
48.89001
51.79523
46.57894
47.90269
48.85689
54.95653
51.76578
46.83488
49.03626
49.35208
45.83208
47.97687
47.48749
49.15152
49.71466
48.0675
46.23548
51.14313
50.54737
43.71829
43.85203
49.63297
45.08868
42.75431
47.59952
44.92317
48.64601
41.00501
46.80666
48.75651
49.71895
50.76711
56.26517
45.76902
47.27293
47.85936
54.13535
43.48669
48.90548
45.65787
51.30148
49.65281
47.02561
45.44176
48.41415
47.00084
41.5603
45.01249
44.91194
49.82795
47.08687
45.16371
47.12241
48.12152
42.69254
53.50394
45.69967
47.56742
43.7379
39.88436
42.83242
44.28344
44.15589
45.94898
45.39835
43.13645
46.08732
47.23555
45.36344
58.46216
47.40215
41.11207
45.40644
40.11832
52.28156
42.60376
49.90867
48.46631
49.87626
45.71166
45.07391
41.77064
42.10451
47.13358
44.59294
47.78947
49.72414
56.59746
47.89766
47.31628
45.24787
46.40011
53.29526
47.92034
44.22312
44.90683
43.39291
52.01238
56.54989
48.06453
54.15146
46.53695
46.3303
44.87008
46.94287
43.45011
51.13155
46.35578
46.00803
47.58586
48.90182
39.98844
40.35921
49.57865
45.40293
47.17965
46.41954
48.06111
49.55819
40.24119
47.82505
48.24669
45.27911
45.9079
49.69492
51.55971
44.33658
45.41804
45.09122
50.62125
42.89272
48.17568
44.5362
47.61531
44.09165
43.62704
41.78404
45.7951
41.54898
46.96711
45.94598
45.43966
48.07299
46.83031
47.80816
45.41414
43.93945
49.54933
47.25189
45.62523
44.31774
42.5986
46.54133
48.72594
46.00982
51.01485
49.6243
49.23127
45.87568
47.30495
54.00528
46.09991
42.87158
40.87244
44.40368
48.47764
46.2232
46.96773
48.2939
49.8687
47.17383
45.88327
43.61671
47.30949
43.33548
48.90215
46.6791
47.3945
46.35182
48.69071
49.79324
47.70568
47.78332
42.26686
42.83774
44.47668
43.63883
39.79197
41.14844
48.4648
43.06391
45.06133
44.21819
44.42317
45.77677
47.74083
40.61951
45.77066
43.94705
43.18038
47.04703
44.64235
47.22804
47.42654
47.48013
45.40768
44.87398
45.464
44.83634
52.80149
41.35362
46.53652
50.17801
47.70356
46.8625
48.96343
45.3459
48.76407
49.64745
48.20127
45.64143
43.67574
46.49527
43.45246
42.43315
44.26587
42.98807
44.5066
44.84662
46.82342
42.82658
43.62527
49.2782
45.80492
51.5902
47.39154
46.47653
51.01932
43.06856
46.93375
43.84585
46.12914
42.15248
44.23494
54.781
44.49822
49.36606
42.51759
45.24433
48.30736
44.21466
46.89312
46.03948
45.53245
51.74449
44.54879
47.21282
45.77959
43.51697
44.71477
49.58749
48.11963
51.52456
49.38857
46.64578
49.74358
48.80765
42.22142
51.34268
53.15412
44.98279
45.5506
49.06061
47.03336
52.30141
48.64299
48.8492
45.31528
41.07412
43.38054
44.94572
40.79077
46.04353
46.76589
38.60742
40.7594
46.15966
44.49956
49.07865
45.51952
48.7055
52.79342
51.26194
44.64379
49.59629
46.37176
35.09558
47.23902
45.26883
42.64387
47.19769
42.39472
48.50178
41.40624
45.09291
45.15736
42.34988
44.26321
47.78333
44.43893
45.31225
43.75826
47.01646
45.02904
45.95973
44.8454
51.07195
42.95445
48.8365
47.63478
47.77592
44.30474
54.43039
42.89873
44.56096
49.74219
46.23987
47.04941
46.8382
48.0834
44.47397
48.27116
48.476
43.14743
42.18824
45.96444
49.08064
45.87153
48.46261
53.94296
43.32074
50.46636
44.73584
47.84878
50.14848
46.25273
48.85299
43.47884
46.08694
46.90937
51.81307
51.3054
52.92715
46.72938
46.53004
44.87886
43.88362
45.70741
41.37921
41.60299
43.29428
45.02837
46.09118
46.31204
42.90912
44.22763
40.77802
47.1744
47.22717
42.40965
47.02911
45.23477
52.59933
47.94905
44.25138
46.07959
44.67582
43.94522
46.89528
47.73334
45.69677
42.99779
