86.42766
87.08556
86.63334
86.53355
87.59379
88.01269
87.56011
87.88756
87.69737
88.37515
88.80732
88.79457
88.23857
89.17607
88.7843
88.10719
88.39591
88.22008
87.92875
86.77054
87.70692
86.40901
85.25417
85.31662
85.95133
85.04987
86.20925
85.28792
87.89388
86.85369
85.85793
86.21464
86.67444
87.24428
86.1413
86.70089
87.58815
88.37131
88.46703
86.65921
88.27332
88.21749
87.48739
88.73593
89.06039
90.85314
90.60463
89.69611
90.39856
89.45785
89.11791
88.64904
89.15309
88.71613
90.12517
91.67196
90.54376
89.69204
91.01833
90.84597
92.25665
91.56611
92.17994
91.38004
90.69952
90.50427
89.12492
90.68715
89.03596
87.43822
86.46133
85.62706
86.16639
85.93555
85.84607
85.7755
87.11776
87.82115
88.36549
87.92741
88.77975
88.49587
88.84052
88.62352
88.84589
87.79132
87.95794
87.53189
87.85065
88.84103
87.60006
87.69928
88.51939
87.86106
87.83102
89.29709
90.5274
89.74719
89.68198
89.6087
88.62483
88.79975
88.7598
87.56628
84.63439
83.76773
83.94495
83.90068
85.13045
83.72505
82.78586
83.19054
83.63648
83.48111
82.33113
81.90296
81.54524
80.13918
80.6768
79.66343
80.13606
80.84824
81.31657
81.12505
79.79839
80.06388
80.55264
80.65705
80.12073
79.30919
77.60459
79.54624
79.63298
79.31989
80.1798
80.65803
81.10225
82.08075
82.06601
82.12285
81.8344
82.41152
83.80257
84.99659
85.34435
84.99474
85.18553
85.35262
83.60068
84.47449
83.15442
82.78944
83.3706
83.30763
83.39366
82.33108
84.38959
86.83029
87.34162
87.45891
86.0991
84.72865
84.44662
84.91545
85.13836
85.46122
86.87561
87.39406
86.6022
85.91672
85.3182
84.30993
84.03983
84.70036
84.61553
83.84526
83.66951
85.73345
87.18278
87.53645
86.68949
87.97632
88.56973
89.61586
90.00285
88.10944
88.85505
88.1202
88.01403
88.54122
88.22157
88.60021
89.86615
88.36018
88.18977
90.44903
90.3531
89.63488
89.82522
90.73098
93.06563
92.09468
90.45001
88.52957
87.86286
87.72196
87.61991
89.34575
90.00555
90.7505
89.48854
88.89271
89.03419
88.26748
88.3733
87.25121
87.13831
85.83381
84.86383
84.73052
84.19415
84.72298
85.68538
86.62595
87.87922
88.49419
88.35223
88.96613
90.61238
90.90537
90.89596
91.20322
91.72558
92.13174
91.81224
92.31444
92.7385
93.62843
95.67191
94.92546
95.45895
95.93251
96.02356
96.91444
97.75593
97.86161
98.65243
97.87798
98.70033
98.79996
99.14802
98.7306
99.31218
99.46153
101.4471
101.6119
102.4246
101.3214
101.1787
102.4207
101.9328
103.1355
103.5049
104.7816
106.3733
104.7709
103.4337
103.3973
101.2019
100.2179
101.3909
100.5106
99.77316
99.66957
100.4772
99.99772
97.87655
97.70246
98.1974
97.82774
97.56967
96.11204
94.76209
95.79977
96.36035
96.18247
97.23997
97.96743
97.2047
98.93358
99.74326
98.59173
98.21149
98.37942
98.04579
97.69709
97.58272
97.35229
96.18069
96.34991
95.47634
95.20931
94.59569
93.59188
93.44708
94.19945
95.02302
95.66946
95.50762
96.81499
97.61116
97.36427
98.69868
99.99305
101.2539
101.2454
101.6791
100.3914
101.0877
98.72221
98.75676
98.28666
98.37189
97.49441
97.55904
100.1326
99.95943
98.94837
98.75223
100.4312
98.84628
99.32642
98.46941
97.50889
98.85765
98.5438
98.67325
97.48055
98.02063
98.39922
97.48297
98.27016
99.05952
98.39281
99.89072
99.85246
100.5095
99.88627
99.29543
99.69124
100.1641
99.81493
98.47779
98.10834
96.90858
97.33442
98.40646
99.48792
98.55414
99.26116
98.73554
99.84222
100.0471
99.51728
98.54651
96.60372
97.66818
98.1729
97.49314
97.58001
97.09557
98.45129
98.10525
97.48002
97.81634
97.51991
99.33228
100.7766
100.5602
100.4103
100.6076
103.1123
101.7678
102.4523
103.3114
102.7991
103.6642
105.9889
105.1191
106.726
106.5688
107.542
107.7609
106.1717
105.0077
103.5591
104.1711
104.5022
105.8376
106.4027
105.8013
105.2935
105.915
108.0067
107.3786
107.1446
106.1868
104.333
103.8913
104.4023
103.2916
102.0451
102.4514
103.1843
102.4543
103.0236
103.6288
103.5163
102.2836
101.8428
101.8586
102.3139
100.8647
101.2389
99.76848
99.9564
101.4767
102.3708
102.3986
103.0715
100.1441
102.5661
101.8742
101.5966
101.7341
101.2781
99.57397
100.0304
98.44025
97.66515
98.82905
99.25003
100.2013
99.19155
98.35696
98.95116
99.50972
99.1424
98.24066
98.5846
97.87407
97.40916
97.1099
96.1915
96.11824
96.05012
95.12186
93.21089
93.269
93.4989
94.74862
95.91073
94.94533
97.40273
98.34236
98.60471
98.23059
96.48792
97.60408
98.16488
95.74239
94.95391
95.33769
94.86386
95.27199
95.37904
94.76526
94.07062
93.79933
93.24525
91.4614
93.64515
93.75635
95.78222
94.27205
93.6492
93.22371
91.86655
92.56848
92.74558
93.63789
95.17336
93.39798
93.0534
91.8259
92.52541
92.23852
93.1186
93.12691
93.24031
