543.0972
499.362
453.0282
353.8255
419.0398
299.961
267.811
177.3586
206.952
198.361
221.0705
191.4047
222.2106
264.6179
330.635
292.3792
290.9973
313.9691
368.5547
420.0478
546.4848
458.9317
326.6349
368.5411
448.5494
408.0531
402.7832
450.2352
399.4358
331.3187
244.2642
275.2366
267.762
300.115
261.4491
299.1354
306.098
404.975
357.1026
426.745
533.0411
467.0878
377.5079
439.0814
663.1386
531.8304
449.6318
442.3497
426.387
418.3868
312.4427
376.7504
308.1589
306.0322
287.576
294.7678
355.7029
375.371
349.2105
522.6479
422.8482
507.7894
555.4179
563.4421
611.1745
535.222
657.9946
774.3148
705.9252
435.0593
370.4985
433.3166
596.5356
546.2174
593.6133
787.2666
859.9374
1051.24
1121.31
1289.742
1152.304
1043.522
1183.733
1136.321
1015.635
1145.129
939.5728
850.9389
913.6426
932.2834
885.2288
979.6594
843.0857
685.9849
641.1984
631.8264
876.6475
834.8281
947.732
972.492
965.6276
954.9007
1124.559
1274.978
870.427
1109.665
1463.196
1470.873
1616.128
1657.129
1737.821
2004.433
2480.734
2013.017
1953.62
1814.636
1804.595
1905.02
1485.289
1289.545
1399.824
1122.538
1399.492
1059.461
1168.921
1074.39
1124.866
987.0713
618.806
655.3235
648.0878
870.0764
1161.42
1161.919
865.1445
908.735
1051.016
1234.523
1304.168
789.9944
726.0463
781.8945
679.781
449.0257
497.8061
537.6259
581.0147
481.6243
368.8547
432.6732
456.8804
377.6564
558.326
615.0023
658.4072
685.991
820.5331
817.5499
545.609
616.5909
524.5818
370.2092
396.6686
373.218
497.8172
376.1754
301.6466
265.9565
327.6433
272.9553
378.087
351.1116
433.5773
496.2371
464.6828
516.6406
641.46
556.4246
722.9062
635.9716
720.7859
552.5358
471.2264
454.4631
328.3267
365.5744
287.6985
363.0827
388.1094
401.1496
377.9049
418.0065
364.4327
537.1322
683.8512
755.7365
743.7216
726.3733
646.2718
678.8292
691.082
627.0542
753.0563
689.6902
713.573
905.485
793.2112
787.942
623.9347
586.0522
720.9786
660.2238
521.1875
490.6076
358.8806
305.8252
286.2173
273.485
276.8701
248.6378
285.2462
323.403
271.9895
209.9775
312.2207
288.6795
253.9887
256.7933
329.3964
259.4137
298.0507
440.1338
398.9971
434.0357
376.8853
346.7269
542.2496
624.0949
607.2869
521.5381
440.2851
449.0888
477.4739
329.7241
304.8382
358.0907
375.1718
437.5683
426.3639
424.8669
311.4552
332.9561
303.8985
293.8408
332.1747
283.8161
261.7547
170.4769
272.3212
246.5261
411.5499
524.1051
372.7935
619.8192
692.6237
616.6702
704.0728
717.4483
581.7715
527.167
301.8128
365.5823
318.4945
294.447
329.199
383.1995
449.6656
504.1462
497.7633
454.5704
458.365
425.9566
512.9072
657.9123
663.3437
670.5346
629.1811
660.1043
557.5025
666.5755
772.9634
817.7912
1141.36
886.1486
1456.591
1721.758
1866.324
2646.63
2203.765
2528.609
3192.97
2765.768
2120.059
1743.567
1558.332
1376.299
1150.86
1597.064
1501.598
1445.432
1221.457
1224.161
1031.896
907.5734
1196.586
1064.214
1007.782
1131.72
1485.677
1678.065
1966.06
1604.536
1503.898
1431.921
1423.673
1277.685
1147.843
1261.581
1270.551
1195.999
948.4505
820.0821
1017.484
837.0713
679.8505
511.0994
478.5075
472.4656
574.278
647.9144
449.6166
604.5671
489.5431
517.8598
648.0686
779.7353
614.5409
725.8486
750.2735
756.1278
714.9744
689.9239
672.0207
618.5405
728.0914
711.0729
603.9279
577.0131
851.7364
676.1983
1074.439
1141.667
834.3612
1077.9
825.4019
1013.154
934.3452
1136.358
895.3288
754.1782
696.4153
740.1511
542.8349
474.5472
428.3906
480.0305
378.385
441.1948
353.4711
395.676
422.7898
429.5237
559.2494
699.105
577.7175
605.9555
513.1267
568.4844
536.4006
290.7689
270.6496
259.0049
302.8149
238.3705
166.3922
206.7382
191.351
209.7555
192.1254
132.2911
179.2573
167.2409
182.7388
241.3392
263.4816
258.5011
316.6361
306.8164
355.1151
353.7467
412.2785
408.6558
407.2162
319.6666
219.3105
181.9007
179.7114
260.0306
243.0848
239.0215
225.3499
241.9694
199.9279
230.4467
284.5009
247.8842
266.3119
312.1341
529.6315
800.7173
671.9873
446.4699
306.8604
309.457
240.5902
232.2535
263.1877
293.8638
327.2484
346.0543
267.9525
300.6291
391.3794
416.3666
380.139
406.4852
410.4776
358.594
387.853
394.0865
332.0103
331.1556
331.5099
230.6332
284.5063
288.1414
215.0269
195.745
176.5171
244.8658
258.6966
368.8753
335.2225
246.3454
217.7526
193.5249
183.4295
304.3938
384.5316
439.0045
482.3275
603.5501
738.5304
931.4375
1125.54
1313.803
956.068
1098.251
754.6034
614.2745
667.5174
770.7908
623.9974
494.9146
450.0663
320.8048
462.0147
509.5981
539.1356
586.7793
780.0019
932.8729
1331.533
1080.27
1041.663
1053.944
765.1279
721.9194
859.5111
868.6884
