85.9546
87.607
82.55467
86.12433
83.23664
84.39714
83.57901
83.90259
85.01751
85.94019
85.75228
83.9333
84.73308
83.43876
84.91606
84.37791
86.09509
85.41343
82.52814
84.4266
84.19721
84.47153
84.27472
85.07369
84.28515
83.20284
85.31441
84.8059
85.67256
86.69372
84.05385
84.66072
83.9516
84.24586
85.54795
85.35932
85.78295
82.06123
84.70871
85.52018
85.04453
85.88438
84.68314
85.63792
83.82469
82.87752
85.93476
86.12508
85.79483
86.10699
84.65546
84.68939
84.10897
82.54964
83.91395
83.65416
84.52797
87.08709
85.32704
85.08655
85.35628
84.99122
83.41919
84.75343
85.42071
83.48254
84.51277
85.46588
83.70977
83.05881
84.33922
84.27847
84.69703
84.55893
83.64295
82.64602
86.46075
85.78265
86.88508
86.15317
85.26188
83.62282
86.70112
82.24394
84.86734
85.41259
84.95412
84.24802
87.71801
87.48293
84.03267
84.00074
84.60066
84.89859
84.87394
86.12174
86.57409
83.63454
86.68861
86.23891
82.94656
83.6625
83.55531
85.38897
83.3911
85.98983
87.44304
84.24463
85.59735
84.73624
86.66795
83.27647
85.10338
83.35637
84.23803
86.16769
83.72656
86.27204
85.52142
84.97647
85.18266
84.78076
86.12689
82.38604
82.5141
81.82972
86.24996
83.78778
87.74542
85.01132
85.72296
86.83128
83.21765
85.15711
83.03243
86.02078
84.21629
85.16267
85.83585
85.71461
84.11336
86.57358
84.8527
84.2345
86.06462
85.7192
85.44869
83.69631
85.16526
83.85598
84.89521
84.0656
85.55461
83.90403
88.40445
85.65667
85.09778
85.47306
84.5056
86.49076
84.95095
86.17764
84.45238
85.27869
85.45161
84.86201
82.99748
85.05463
84.87968
84.44927
83.81842
83.92295
87.77397
84.62921
83.92517
82.64731
85.78047
86.66179
84.86459
83.87833
84.56129
86.24443
85.21621
84.18121
86.90944
87.29466
83.85403
85.74654
85.02737
83.88276
84.59
84.04014
83.54324
84.35696
83.78864
86.83364
85.93665
84.70282
85.79171
82.74422
85.22556
87.62119
84.20674
84.64875
85.537
83.52837
83.61127
85.93333
83.13821
84.35014
84.19312
85.67977
84.84737
85.10629
82.49115
85.01198
84.41978
85.29656
84.86693
85.05916
85.43974
86.41047
86.23685
82.37614
85.23885
85.93885
85.57967
86.49937
83.61704
85.00028
83.42135
87.08718
86.84008
84.93377
85.52515
84.66111
84.17049
86.41473
84.96053
84.75071
85.06904
86.8333
86.03073
86.57008
83.11348
86.2205
84.72246
86.55572
84.30502
83.7549
86.36204
84.07256
84.51347
85.57628
84.8202
85.97846
84.1686
85.47312
86.2828
83.84064
85.2595
83.90189
85.61621
84.22726
84.16829
85.70673
81.94155
86.64537
85.50536
87.50037
84.61515
84.84322
83.86112
84.99421
85.95765
84.72193
84.92195
84.01317
84.57775
84.03225
85.54293
86.19986
86.51077
84.61966
85.13103
84.0758
83.1725
85.31779
86.00957
84.7109
83.5598
83.97605
85.12695
82.69435
86.10147
84.17631
89.03916
87.83334
85.84227
84.25684
84.63412
84.53875
85.46578
84.44734
85.29824
84.86499
85.39828
85.40903
83.47738
85.94211
83.77531
86.46277
85.09252
84.1294
87.12346
85.5331
85.01699
85.45876
86.8184
83.85368
84.86146
84.65978
84.88302
84.30247
86.27183
81.72916
86.58229
83.7443
85.67494
85.51171
84.65231
84.73357
82.14982
84.23975
85.2795
83.43027
86.06745
85.81543
85.30382
84.29711
86.33872
85.18408
82.73411
86.27794
83.92185
85.44009
86.16461
84.82794
86.44627
85.44848
83.36563
83.33744
85.57255
85.82061
83.16564
83.91298
85.25201
84.04635
85.34755
86.21647
84.83953
83.39746
85.75841
86.37929
84.70973
84.87224
85.56788
86.43851
85.62489
86.29391
85.22932
84.42519
85.11943
84.97493
86.87753
83.31455
85.19283
85.14474
84.60048
84.61329
84.2634
85.94139
85.51952
84.84191
85.2415
83.00164
84.19625
81.95205
83.49492
85.03861
82.66687
84.90878
84.5224
85.72171
83.66061
84.07746
84.18357
84.71293
83.85374
83.69306
85.27225
85.07397
85.78675
83.89467
85.8855
84.08621
85.54177
84.02296
84.8614
84.85702
84.53119
83.58993
85.85598
83.83131
83.60972
85.70586
84.24313
85.95947
83.19509
84.74441
83.75306
85.93476
83.28251
83.27613
83.96235
82.98479
85.69712
84.52824
83.78287
85.66042
82.83321
85.13093
83.54832
86.45694
85.63434
86.88233
82.27148
85.41235
85.06914
85.21327
84.08067
84.14686
83.55763
85.24986
84.20409
84.4916
82.34352
86.90538
87.53478
84.55515
84.15965
84.17102
83.68815
84.10672
84.17087
84.94632
83.27418
84.69322
86.03647
82.71331
86.62621
86.13867
85.86054
88.35807
86.32515
82.93963
84.73779
85.42795
83.83664
86.32725
84.45102
86.89
84.0814
84.73903
82.55348
84.51735
87.28038
85.8758
84.5215
84.64638
85.57582
84.50635
86.20786
86.33038
85.90391
85.56285
85.34865
83.92716
84.08876
86.07385
84.8622
82.24478
86.7865
82.42659
85.53706
86.12087
85.70548
85.30499
83.87584
87.09783
