118.5019
126.3342
75.50116
73.36799
77.27626
65.69941
94.13187
123.8708
136.4272
144.9088
164.0125
103.356
137.6533
114.9375
157.8989
197.5295
138.0326
120.0108
131.7622
141.697
116.0405
106.9289
156.5143
176.2329
137.2944
91.01754
90.33907
81.43349
114.5276
91.18799
91.11012
117.3272
149.7734
136.4809
147.7953
146.197
152.8745
124.8288
137.2748
90.15553
95.75669
70.65731
58.67304
71.79615
94.89517
102.5367
107.1514
136.9009
102.0052
134.2765
131.5345
152.9322
164.8628
148.2538
166.3516
150.5243
139.8108
155.1285
145.3164
127.058
142.7561
128.8167
111.1483
114.745
117.8518
88.73185
92.69795
87.15438
76.70108
73.81052
63.64849
74.94111
74.35524
126.8182
127.8551
185.72
143.2889
95.36668
97.75796
113.219
118.297
110.9793
161.0699
223.7018
235.6208
205.4784
188.7233
198.4281
185.8499
188.7179
242.1019
152.7337
158.5407
169.4325
158.8782
141.8869
145.3607
163.2474
190.4319
163.6459
159.1563
160.2076
182.6883
184.1172
116.3896
100.728
109.8409
170.4316
170.8371
135.4601
194.4989
168.7843
174.8094
149.2215
167.451
104.5049
97.95307
86.30306
81.53196
70.22181
93.47931
91.57155
87.25246
101.4739
113.2774
109.9569
167.3273
163.3124
224.9597
300.7231
275.2173
290.4779
312.8767
274.8536
216.8675
214.5794
166.4957
157.5293
186.1013
173.8752
143.4117
208.2033
249.0338
307.4756
408.1205
343.0191
505.1578
444.3147
440.3968
424.9224
395.225
350.2232
214.688
264.2148
291.8985
312.1304
339.9464
315.7862
210.2079
222.8874
186.3117
192.5495
187.1618
194.7679
234.5061
205.416
252.2237
218.6601
236.938
250.3584
279.4148
262.2505
234.4007
241.1804
246.6534
229.0966
264.0132
252.1696
277.6525
213.5744
245.1078
257.369
166.8011
213.1278
168.0901
198.4606
142.2781
126.4754
133.5081
143.5636
136.007
118.6379
134.1092
125.9666
88.7776
86.79295
90.95666
90.20571
111.2046
101.5978
111.1356
132.4328
187.2117
181.1364
126.1643
121.7659
132.0221
178.737
198.1533
193.0657
174.3224
254.1193
337.8118
328.0674
209.8398
210.8393
180.6661
266.0102
321.0961
308.5321
238.469
255.3585
250.7324
157.9849
199.7542
177.8722
166.3628
123.8895
158.4147
160.4581
141.965
140.3902
156.4404
126.1457
123.2689
89.99968
121.7403
117.3599
85.68159
86.44378
61.87156
62.76471
78.96317
84.74316
82.5931
75.68466
75.08154
74.17163
62.61031
62.72617
54.85079
60.88311
64.37769
81.4716
105.9458
80.93447
101.2652
120.2548
126.9894
100.5285
131.2963
95.07774
107.8411
94.0107
105.9667
130.0354
94.75623
89.45515
88.96429
81.42779
81.63679
73.90654
130.7784
94.66634
90.19969
81.30688
101.3551
80.09434
97.52664
95.14525
128.5044
120.3884
118.9612
128.095
154.7402
141.6804
129.1279
151.1422
150.3436
139.8327
126.1595
148.6662
125.5705
90.58946
128.6308
98.4671
101.1067
72.68119
97.28342
180.9506
163.294
147.2479
114.2637
85.58907
65.21458
72.78714
69.568
96.22521
112.5385
98.76759
120.3175
90.60004
90.2213
106.275
81.29621
82.06953
90.55619
100.3518
95.81617
96.89694
71.24007
68.04307
62.56977
67.82815
43.12995
42.09364
35.91577
51.94134
89.06086
76.94571
90.79902
94.37471
97.74351
63.25207
60.32986
70.01382
90.03525
67.39716
68.84839
69.04936
68.93375
85.39368
106.6543
108.2595
84.59499
74.99522
80.22322
69.86101
126.3986
178.9074
134.065
185.0512
181.2221
181.3878
157.2075
214.5538
172.5075
160.9769
155.4127
149.3566
118.0815
152.3637
98.65539
97.0459
134.6338
76.60624
99.01218
82.7225
59.62008
78.01201
98.94559
87.1969
70.64938
90.00733
121.3224
137.9907
102.2389
95.49702
83.731
82.16239
82.93134
77.25841
76.88654
65.90494
66.64382
57.81771
52.083
68.06577
83.97775
78.4214
61.10455
48.55233
51.20731
81.55949
105.3674
76.61165
81.23678
88.32264
101.0821
105.962
116.1535
124.3941
102.3469
115.8115
103.476
93.05738
83.54055
117.2162
145.0873
137.6237
110.3234
96.96305
81.62629
120.2231
109.2666
134.4629
98.38573
107.9082
106.9437
81.17539
87.09201
103.0179
102.5291
131.6274
99.0938
97.71817
105.1637
143.8232
136.2723
140.5624
158.5541
109.1416
112.9742
78.74206
110.8502
90.93127
81.84027
97.82305
154.5178
125.7896
124.0619
125.1277
119.8145
109.2606
106.2589
105.7242
92.45129
83.91371
100.6898
106.5253
111.5498
126.4749
154.1946
213.6444
199.1963
212.1772
216.705
226.369
286.7029
254.3582
296.4677
310.0407
286.1481
257.6348
246.2969
223.3699
211.0609
226.9026
249.6253
249.2856
211.2924
252.437
220.4137
191.4311
200.9169
242.7827
210.1078
244.0067
239.3914
192.5031
112.4588
89.76895
87.42174
77.81146
83.64543
96.04192
99.10903
81.94378
66.96868
68.41574
110.6778
133.89
143.3838
152.0124
128.9277
143.3011
156.6827
175.8601
189.1418
124.2227
