366.2099
396.1693
385.0693
394.3041
317.7059
245.2172
325.7522
381.129
376.4637
331.407
333.1278
318.119
316.0776
392.0548
390.9861
369.6635
346.0545
337.7932
386.722
412.5065
548.2772
681.1741
507.6721
451.0822
430.3861
408.9259
326.6975
213.4896
212.5445
212.3166
262.62
276.2073
298.382
342.183
270.3211
313.9474
347.718
227.7352
343.193
366.3023
343.9001
324.988
359.8656
358.0757
205.675
221.52
157.1026
244.8757
226.0287
238.0921
250.0446
283.0847
281.4626
355.8293
260.5075
239.9634
226.6466
235.9971
239.4656
320.987
343.0226
518.7776
416.4432
293.1831
331.7011
475.2428
451.8273
549.6907
561.4168
745.3397
758.7346
707.2859
668.4834
750.2684
807.5689
821.509
962.9908
877.7085
708.5927
636.6633
580.6223
614.4762
558.504
563.9147
437.4017
421.2022
373.1948
388.6264
389.481
338.788
527.2883
357.7928
482.1243
409.7176
444.51
327.661
274.4355
274.5128
317.0075
222.3395
230.3617
221.5799
231.3198
254.0401
265.1115
249.3849
295.6931
323.6586
304.1685
241.8023
222.4197
186.2469
215.7247
217.3073
224.1331
195.1498
138.5837
112.8512
132.9626
145.9905
118.728
150.8439
137.2036
193.1332
174.8599
157.9719
217.806
294.3034
225.4478
227.5989
340.3361
352.8435
387.744
415.7142
380.5299
356.2494
368.1728
377.9558
327.4453
252.9141
196.3536
293.3379
186.2164
266.8639
281.3337
337.5761
389.4031
403.8119
438.9392
503.5765
568.6268
437.0336
532.9273
607.4126
515.1724
731.9625
905.4675
936.3291
1155.244
1420.765
1033.248
1342.983
1519.096
1316.944
1310.169
770.6028
802.7196
574.4052
479.2259
430.1931
418.7709
523.5079
654.3889
376.1608
358.9121
421.735
459.9472
356.4531
337.0753
363.5105
358.6698
382.2637
341.5081
273.452
298.9715
332.1169
405.3144
532.3982
585.1131
558.2969
564.6406
470.2092
381.3692
388.0212
315.5769
366.5394
400.5847
470.2901
423.6385
558.4086
622.7373
375.0967
326.3876
273.6007
239.6018
228.5231
325.3217
317.999
386.8362
408.9123
452.2374
384.6448
324.8904
261.7599
251.1467
214.5117
244.8497
200.1306
250.7054
211.8747
245.5009
247.5507
348.2211
395.3252
361.1363
387.6852
346.3935
303.1481
322.023
313.7426
299.8717
270.5734
300.311
330.1076
418.7339
462.1655
347.4727
323.1137
243.005
206.9665
231.5088
311.1206
257.5468
279.8561
268.6393
173.4671
167.8789
179.2327
214.3265
197.3671
180.2644
251.344
253.5389
220.0368
201.8621
242.9897
203.8142
213.0811
175.0036
222.7285
225.6778
203.9822
227.5076
250.7318
262.6009
221.8529
251.2663
250.2953
204.803
269.6333
239.053
194.5466
164.3591
183.2403
185.4305
203.14
235.373
170.0668
282.1236
297.0007
543.5692
617.3932
482.3144
369.7899
326.5247
336.3388
302.4541
246.028
365.7136
393.6088
516.8685
455.0238
537.8038
389.5786
358.5443
378.085
292.0492
264.0048
328.1541
385.2523
361.3998
307.6752
275.134
281.0052
258.0646
243.3431
245.444
271.4653
266.1259
226.6196
233.0018
293.9327
298.7467
258.917
271.7386
207.936
228.6949
237.0945
278.3403
348.4977
318.4953
185.8328
232.068
268.511
243.1686
290.6405
249.3917
194.0088
189.8746
197.5773
286.272
305.0034
307.2645
304.6835
293.4066
419.6596
644.413
587.633
381.8255
444.7605
344.8523
259.3787
277.0247
303.6109
297.3711
269.7115
218.316
257.2357
234.5459
284.3743
261.7336
352.8178
399.728
225.6682
296.4023
232.3304
261.6172
230.9855
305.0842
360.3839
349.2021
404.3555
373.7569
345.7057
453.5363
405.1778
369.3987
326.4352
235.6965
201.327
239.3858
234.3603
167.2081
212.0369
210.5974
231.9316
375.1343
349.0252
369.8267
407.1919
331.622
306.203
222.8091
198.4732
222.0153
192.3091
178.3378
193.9161
231.0273
236.9891
222.5261
212.4442
207.1766
182.3044
226.8084
271.1943
286.3717
261.9152
290.5308
324.3186
396.5182
370.3363
358.5641
428.7294
479.5614
490.2619
491.6906
386.6219
371.4105
247.2444
259.4134
262.8749
256.9227
257.5087
283.8113
224.6115
214.1257
240.2998
218.2387
278.3784
262.1491
248.7246
329.4336
277.5645
219.8294
191.5112
262.6218
349.2272
311.1276
331.1523
281.0821
257.5565
214.3253
205.9793
291.5874
353.2916
404.0189
525.1707
432.7686
481.6624
359.3408
397.575
434.3237
551.7349
532.5799
616.0204
835.706
1074.491
1290.289
1182.074
976.9298
747.1934
661.4201
1132.221
1175.514
906.1088
1077.761
838.4972
730.7183
544.1295
692.8927
628.2961
791.6851
690.8369
487.5117
329.3982
325.2913
411.1163
307.2071
373.3659
402.6905
460.5201
367.883
342.7328
249.7843
278.5305
248.3766
374.6801
303.5909
254.7253
191.4976
145.5674
161.4441
209.9502
222.3274
245.0515
256.6448
225.4632
203.2333
250.6109
260.6829
301.8335
317.911
250.2749
183.1368
172.5777
208.131
231.7558
218.9665
190.7274
