300.9572
372.3757
592.7368
720.6095
584.7717
571.8288
611.4146
639.2665
734.2433
906.3073
672.3635
763.8943
541.6922
580.6154
519.3845
645.8697
672.6968
668.3311
619.6679
484.8624
673.0603
812.1316
660.5432
469.1912
618.0132
581.1347
629.0323
472.8691
544.3033
614.2418
549.6568
532.6711
748.0733
594.1216
723.9947
534.7491
506.688
489.173
598.3739
635.3913
759.2254
682.9239
654.9767
721.0582
595.9419
590.3062
904.2036
606.1122
642.0295
563.6629
429.3749
609.5083
660.2107
561.6119
632.751
560.4956
554.5067
643.3842
558.7682
700.0097
437.6822
566.7017
420.9394
407.8184
509.8047
666.8653
788.2307
560.9068
617.0801
703.0301
431.103
409.2221
606.3943
552.9047
603.316
706.1746
601.0266
532.6638
580.6896
520.206
584.3552
614.766
526.8412
784.2049
582.7064
413.4327
678.398
694.2839
639.9393
688.4229
573.6011
932.2242
742.4073
730.7381
704.4143
760.4248
522.1837
617.652
513.6788
459.9279
674.2035
537.7352
529.9789
711.5015
512.9287
622.2207
723.1227
672.4794
520.9417
488.8815
602.4743
667.1673
542.3997
696.119
519.4977
688.1789
698.4101
620.8625
758.9271
636.6943
648.9648
804.727
843.749
553.9029
800.6191
443.9181
709.8574
718.403
623.9778
587.2398
598.9071
712.0974
922.7903
583.4825
616.9355
433.2989
589.6731
638.8127
682.5596
495.3388
533.0118
628.695
521.8814
477.9239
585.8556
462.9336
596.7926
755.2768
656.948
920.1225
734.7774
529.8991
642.6224
378.3385
631.7874
650.5161
750.8441
812.721
647.6037
523.1078
595.74
532.5364
777.4575
622.1329
656.0731
608.42
577.3241
654.8139
371.9725
634.8242
527.009
575.3317
528.1551
558.6445
565.0752
731.3725
453.3128
476.3472
499.5308
708.5082
626.7505
555.7602
623.4562
716.6798
847.0507
482.5459
457.8654
497.0753
621.5978
494.2144
883.1115
522.466
667.1482
956.3548
607.1367
770.6416
599.0898
569.8919
559.5536
685.2804
616.404
574.7107
508.5032
473.6156
694.9571
653.2427
626.1826
514.4884
696.2638
609.1014
600.0229
740.2208
755.7401
459.905
428.8533
616.4659
654.3289
721.193
716.8503
667.5988
572.2085
614.0348
639.3416
650.3902
646.2281
479.8751
535.4741
546.0204
795.3665
761.2801
587.5181
486.906
483.641
607.4758
562.576
785.8936
641.9432
891.1383
572.1319
670.4284
668.9456
605.855
636.0637
531.6369
691.014
668.4299
574.6605
622.0535
465.7588
526.5533
520.7976
567.2947
563.0278
640.9283
822.3436
620.4349
683.0241
714.6631
718.0567
572.757
635.0563
630.6717
663.8295
582.201
634.0301
751.5836
765.5666
775.2576
778.1184
655.4003
665.8012
475.256
396.8701
441.3256
397.9331
522.7023
454.4502
561.9828
606.8519
660.6211
474.0281
454.2343
699.7715
572.3202
424.9897
494.5611
489.5406
611.0294
542.9094
706.701
630.6161
641.195
708.4542
711.1012
737.0927
680.7953
550.262
763.0483
547.9997
706.8236
808.5424
612.2998
686.7024
787.074
690.5534
623.3044
513.7023
911.7436
589.2538
734.4297
693.2183
824.0614
800.5246
620.1571
581.4793
561.5607
557.5024
713.8743
613.9692
494.9461
522.1715
602.14
730.4123
542.5893
456.3455
462.4823
551.3682
487.7459
557.2112
646.4641
785.8782
535.8629
537.1448
603.3721
837.6127
820.6098
999.7279
557.0562
492.1159
503.0398
796.6519
614.6924
549.6893
625.2832
684.5211
638.0881
660.6559
846.7008
621.7459
782.6331
590.6056
610.9152
684.3752
474.5373
653.0322
770.4106
682.5129
697.6145
523.8686
677.9692
714.9283
945.5523
637.1248
683.3507
601.6228
666.949
510.8436
672.4869
718.9808
579.6664
578.3903
688.1933
579.0442
659.2487
467.9368
487.2929
486.3391
497.5623
498.2796
668.7472
902.6506
579.2862
711.0493
699.8605
596.3185
445.5222
603.5786
576.9472
547.439
642.545
534.7004
633.7996
637.6435
684.2232
676.3738
652.8258
619.6289
727.947
696.9436
740.2104
633.6259
620.829
614.0411
584.1752
436.2875
677.4345
547.2045
466.4009
455.1812
722.6946
634.5111
537.6738
710.126
541.0727
529.962
477.2559
617.3666
537.9402
592.5769
464.0174
479.6248
517.7289
753.5077
821.7807
632.609
653.6971
659.3215
865.8267
596.5714
390.0067
680.6518
478.9476
456.0467
526.9786
392.3374
651.5334
576.8258
604.8085
550.3433
541.4518
516.0594
679.9751
539.1676
651.5562
842.029
378.8874
636.4793
572.7241
647.6212
482.9575
624.7538
851.0492
746.8621
632.0827
638.9063
624.3882
699.4268
576.3711
1029.294
515.5022
782.2085
661.236
616.0925
562.8882
664.6731
635.5435
601.6453
935.0938
689.9089
460.6191
621.4114
524.093
616.7808
548.091
749.2043
687.8695
554.8245
666.4954
595.27
459.4763
489.4422
667.8326
643.1145
565.1446
696.1837
679.3768
540.9613
484.5347
650.499
551.5679
673.3446
608.8841
566.258
437.681
550.056
501.472
553.6031
509.0158
504.9121
654.1667
