60.68424
55.86347
61.08519
57.90305
54.47389
57.32329
60.38863
58.68045
57.19811
58.21335
62.40707
57.88094
52.71304
52.98641
58.71485
51.99395
60.27659
56.40294
53.40958
55.34187
49.91363
57.63319
56.88497
56.56312
55.30823
57.89542
56.8834
57.18513
57.81591
57.50888
56.34664
58.07448
58.85848
60.03984
57.71866
58.71124
61.7638
57.11924
54.81468
60.89932
56.76096
54.73944
52.36017
55.01274
63.57696
57.71546
59.3181
61.21245
59.00543
50.09632
59.92792
61.37944
57.17048
60.66077
56.67702
57.95133
55.51467
58.92777
55.44607
63.95851
56.63007
65.47473
64.54077
60.85887
57.49101
57.84072
53.95437
62.77128
56.84507
59.19356
61.93836
62.80102
55.85304
55.27965
57.63495
59.0563
59.58309
63.41113
56.03497
58.0321
57.3344
56.71213
51.31711
60.06074
61.84065
58.01475
49.68154
65.49328
63.03285
57.74522
56.7344
60.49184
59.27366
57.8063
56.62318
65.70075
56.95352
57.68296
64.65404
59.43927
57.55628
55.21751
60.10635
59.89482
57.61192
57.99602
59.4143
58.69744
58.61557
57.301
53.30791
61.62292
61.92814
59.12274
58.05852
60.23504
64.77237
57.16109
52.91492
57.79053
59.41912
59.22256
62.77216
60.04535
61.92258
63.26596
67.01897
57.88003
59.71203
55.85487
55.32093
63.65757
60.611
57.22897
55.9504
56.61839
58.79899
56.56793
55.87229
57.40625
62.12285
57.56729
58.16149
58.02055
52.87966
59.09892
60.64791
57.0991
55.81366
62.54761
55.78558
58.95069
57.82294
59.80133
60.66069
62.87877
60.44535
57.51038
58.06313
57.87008
58.36675
65.89965
64.50286
58.08384
59.68259
52.96756
60.14596
53.65565
52.96363
56.0786
58.51562
57.08368
49.63552
51.7218
62.05204
56.85301
59.75255
63.33258
58.85533
63.26761
56.19992
58.7591
58.2499
53.18756
58.72055
63.08525
60.22374
60.02109
57.52217
57.25039
60.43712
59.0877
57.66842
58.41406
57.74492
60.11139
58.03266
61.43785
54.38611
59.11963
58.47814
59.8256
61.64877
53.25519
61.1678
63.22418
58.02941
57.49745
55.86944
59.07423
56.70253
68.35257
57.69236
58.64158
57.97871
55.09318
54.42719
58.04327
56.17523
59.9503
57.14883
58.34011
58.68778
55.65284
58.82319
56.79891
58.10339
56.14711
56.69247
58.6246
56.50109
55.67803
57.8996
56.70131
56.86508
57.77657
55.67049
58.79796
53.25782
55.9587
55.99426
63.11493
54.24993
59.08514
61.861
56.70262
57.41489
57.84905
58.42166
61.08276
54.46797
62.63531
55.38107
59.66331
58.23962
62.75854
59.49427
55.29397
60.82173
61.16145
55.68107
58.72542
52.88873
58.86996
57.48973
60.89597
60.43889
54.20818
60.14164
53.16467
55.86784
55.20851
58.48932
60.78304
58.05189
56.82701
54.33143
61.39384
55.17956
60.06776
54.81691
58.55012
57.76446
60.06322
56.57472
52.97705
49.97111
58.13429
60.54194
56.15311
55.2252
57.87378
56.56447
53.45118
59.75243
61.71757
66.84087
58.56016
58.73756
58.13101
55.83725
57.06993
56.14443
52.60762
56.89255
56.84201
61.58271
56.18098
57.23385
59.0097
54.63191
58.72683
55.09146
61.61341
57.96055
60.39463
55.1201
59.66533
60.39522
62.11903
57.4495
54.556
57.96567
56.92499
62.82244
59.18914
62.28016
60.96841
53.51545
54.06876
58.27148
61.48955
61.7687
52.99711
63.90248
61.60382
60.33255
60.20517
57.89549
57.77156
54.25206
57.90528
58.11224
58.25618
57.3323
55.20494
57.89374
59.10248
61.9969
56.22629
59.51434
63.09399
61.08931
56.12658
58.32356
64.37258
60.84077
52.70989
62.35802
56.58083
57.22638
58.67574
56.51722
53.86128
54.88386
57.94141
60.17134
60.05932
59.6578
57.37849
54.05403
55.65424
58.30279
56.48282
52.18509
55.85991
56.4663
60.75696
54.87942
58.98632
56.89251
60.12596
52.23053
54.0821
53.52497
60.92905
62.35736
59.81069
60.01326
55.34236
63.39078
55.47722
65.42065
52.91923
55.04919
57.96992
64.6693
60.98333
57.08224
58.93965
59.70221
56.32033
62.69825
59.91019
58.55384
59.54051
60.61529
52.89087
60.7979
57.3867
55.30546
59.16833
58.8998
67.66611
59.48959
57.36962
59.62135
53.30363
58.86446
57.51809
55.89849
60.14463
56.36114
57.10019
57.90235
59.51596
55.56365
56.74732
63.12936
57.70086
60.46642
59.20056
59.08585
59.1958
60.07462
59.37653
53.8704
59.70166
52.08241
57.83025
52.4094
62.2326
57.03424
52.24027
59.48388
60.26047
56.06174
60.2668
57.19298
53.49609
61.03256
57.89086
63.41138
55.36945
62.67014
64.66704
64.84661
56.18499
55.75489
64.23575
59.78199
58.03052
56.75307
56.00578
51.73857
56.74733
61.05448
57.95541
56.15355
56.77409
62.16124
56.10761
56.06659
54.08268
56.60943
51.8966
62.52027
60.83635
55.32952
57.02588
65.36984
62.51693
60.32648
59.20814
57.60707
62.73511
66.15412
50.85232
58.23194
65.36851
61.87548
59.44922
60.34435
56.16111
59.84533
53.04513
63.43486
62.08501
55.90722
60.67384
