610.0811
672.4516
495.5911
1184.46
635.0058
1821.714
995.7084
923.454
680.5974
2025.275
2224.692
992.7928
883.596
883.8148
1826.82
652.0465
1643.282
952.903
2369.794
1280.761
718.884
1545.868
734.9485
464.6325
729.6022
872.6806
924.8477
704.7033
1486.98
3002.424
710.8018
1183.845
729.3901
1416.021
1033.963
531.849
1407.072
1302.043
1690.478
1347.622
1046.053
929.2188
412.4498
581.6373
575.6723
750.8998
1605.167
781.8471
1352.126
1729.599
1205.479
776.1086
754.3385
1290.034
665.7977
989.566
1440.451
591.9974
1383.242
1191.038
957.619
1066.209
637.0215
984.7466
1389.727
1560.537
812.4539
991.3502
431.5761
518.5235
1807.053
553.362
1430.123
714.0518
595.977
1044.348
1084.507
724.0561
803.4588
641.9598
1171.967
1176.001
805.1297
455.4377
1110.297
986.6448
733.5395
669.9385
1092.544
1356.227
2264.842
1117.633
772.5246
2611.839
680.314
726.8919
1116.586
1191.371
545.821
782.543
1802.496
953.2962
966.0016
969.0357
490.2133
1413.767
1076.408
808.8244
2016.66
814.0246
1197.235
1025.911
1162.078
544.5036
671.2231
1265.684
1799.187
1418.189
1216.74
721.8426
943.2414
856.4804
1001.507
1558.094
2172.708
1107.282
2637.69
947.1348
1151.036
565.2058
935.0768
714.3883
814.2068
542.0789
2230.084
814.6451
835.6178
1208.259
648.0658
783.3068
1966.63
656.9889
1209.635
472.541
734.4813
865.2709
2215.774
800.545
1564.882
529.2783
1310.868
2075.345
1191.716
1199.518
1289.775
1246.923
586.0181
1409.552
1677.152
4362.184
762.9799
691.9041
687.0537
860.2464
887.4558
925.0489
884.8816
1004.338
1356.187
1175.776
1499.039
1127.236
3560.733
667.3636
410.4383
1415.874
911.0626
3955.761
846.2143
621.1286
1355.954
483.4199
1680.3
747.4702
1382.666
951.3086
1602.288
969.8437
1643.101
1152.951
726.4812
613.5454
558.0553
1415.86
2814.099
1166.67
1367.997
1045.26
1347.782
1332.335
822.5658
2517.906
1354.827
706.5268
1150.886
494.1279
4034.089
673.4954
1125.928
845.6975
1233.242
820.5297
600.6247
1727.59
1508.694
844.5436
990.8634
7742.543
1189.896
2133.706
455.9197
1526.552
1475.462
1036.51
374.2082
1097.073
1344.375
823.1939
1222.489
1192.473
547.3805
597.6175
1489.24
912.4824
961.3089
1543.264
1008.129
750.8365
688.5968
712.5956
827.6896
1156.838
2123.659
492.5589
1011.686
1570.774
1197.07
1910.209
870.7567
805.0709
1021.564
762.105
1543.581
791.0162
1456.547
1311.788
3221.096
2738.278
1239.348
971.0743
1386.125
2350.922
1254.307
2268.794
1053.683
1587.125
1872.34
645.8005
1490.341
965.821
1450.166
544.2361
2327.82
3508.313
1440.884
950.3167
2351.573
976.3321
1686.744
1049.81
538.0556
4186.02
758.9365
3521.341
433.0288
893.0931
1000.798
1518.855
537.7905
669.224
1062.634
1925.666
918.9675
638.9694
581.6253
824.2599
958.3452
682.6728
1271.324
803.7996
1447.412
666.8347
1213.597
1382.2
960.6054
3312.167
990.3105
634.9634
647.4533
439.993
520.2282
654.1563
767.2944
1240.535
880.8683
348.2644
1088.005
762.6243
437.6575
665.4227
457.4037
1594.371
730.5709
554.8123
899.1637
847.3543
1324.974
1607.423
2317.089
3874.807
3225.228
1063.308
1052.329
1089.333
2866.145
1085.731
1242.338
574.2248
1238.13
1217.745
1460.995
470.8609
1836.976
920.4349
1339.91
923.3245
366.4338
1039.484
1108.772
1354.143
482.8462
1085.101
724.0411
687.1031
707.7276
609.7775
1423.516
933.7698
1163.427
820.2406
1304.851
700.6266
1274.208
2540.28
682.883
560.7056
1989.551
1489.94
1411.862
934.4864
668.2652
434.3926
2752.345
1361.875
584.9644
1309.416
728.7484
1190.364
1108.527
1224.984
1234.471
1325.507
804.4861
693.1433
1641.007
1476.368
1223.808
2374.906
595.0057
1985.135
562.5121
793.9503
842.4201
1727.941
778.1398
658.9763
1158.61
945.0152
927.6286
455.1785
1386.834
1049.927
435.9753
613.372
1664.243
891.2766
1314.13
1733.719
541.1213
1804.819
610.588
1060.239
789.3144
1126.921
1524.775
2343.524
1009.082
650.98
1767.76
983.0426
2674.614
531.6268
1152.374
706.9121
466.0453
1382.365
525.6083
662.2928
744.7282
1573.31
3189.742
452.1962
600.7566
825.3209
1128.273
738.2593
984.1299
1439.431
762.809
2336.243
1140.486
948.1288
670.4755
557.2135
853.7899
982.9875
539.4557
579.3558
2027.016
718.0127
577.9252
836.6815
1071.876
563.5454
1016.15
1497.886
861.5406
3244.02
694.879
1187.386
540.9398
1393.733
1407.163
1802.688
832.3727
1225.264
871.2957
445.3225
1424.501
1829.976
2158.02
953.5619
702.803
764.4188
2028.9
491.1535
955.921
365.2291
1339.74
911.33
801.4878
696.8617
1397.316
1522.448
1046.996
1344.279
1240.229
884.1615
1439.843
640.3979
2027.279
1776.355
703.5813
936.7209
2243.761
3352.95
1276.048
1047.112
1757.037
707.0602
