306.0035
316.1022
284.2547
235.6798
62.22898
53.99628
55.18036
51.15377
49.99987
51.57006
50.1611
51.80473
45.67286
48.80572
49.77416
49.94109
52.94637
53.88456
51.73509
49.69442
54.70485
46.49669
50.63153
50.72153
53.16694
49.79422
50.54452
51.0357
50.16432
44.81346
43.91434
46.17199
45.3358
48.29692
42.5253
51.40986
53.42354
51.81042
53.52094
46.6602
46.27908
47.37546
47.40385
50.95756
53.75141
54.37043
50.31726
53.85956
54.1058
51.95321
51.46059
53.74223
54.18878
49.85634
55.01579
49.51103
53.74071
52.54826
46.22645
47.5097
45.379
47.98834
54.17541
46.91285
45.26573
43.56605
46.56244
47.19876
44.40015
46.97415
45.73731
43.93334
47.64007
52.24018
52.47085
52.5637
47.00642
53.20363
46.75616
47.25105
48.35255
47.77655
38.52581
45.88393
51.52526
50.45031
47.90526
48.12119
51.67403
53.77652
46.34639
52.92642
45.84643
45.70145
51.45598
47.40867
47.81674
48.73656
53.78777
46.41136
47.4185
44.50826
50.37087
52.40417
49.1903
48.41406
48.16906
48.33746
42.88343
42.26904
47.48562
53.14337
45.05121
47.49866
45.11399
53.67681
48.39246
48.79626
55.2324
48.66798
52.35239
50.2901
47.67265
46.9519
46.54347
48.37358
47.69181
48.14684
46.45992
42.204
48.70179
50.91945
51.03905
51.41326
51.84555
49.17216
50.26936
51.00451
46.967
53.60983
52.57414
51.72499
45.37495
48.39291
46.22544
46.31054
47.61943
46.66905
48.68838
43.51079
47.68316
49.81302
54.16625
55.04772
55.67052
52.39805
51.41007
44.48378
47.51389
45.7258
50.1591
43.35306
51.74659
52.04356
49.69986
44.24821
50.37312
48.04508
44.17484
49.09695
47.91381
49.39622
45.73921
50.98771
54.54595
46.18103
48.17898
52.99688
43.60307
46.07402
42.3368
48.74134
47.03505
48.28808
50.85323
45.96785
50.52525
43.87418
40.50901
45.21374
46.18639
52.48893
52.26259
45.63818
40.92845
55.78987
51.26053
52.77451
53.67381
51.7315
46.45359
45.55475
53.82119
47.12824
48.67771
44.49858
48.3757
43.08836
49.34836
47.38183
46.60617
51.85429
46.96859
48.16168
49.09894
56.82835
47.10057
52.60417
43.10027
48.67424
49.46542
43.10533
51.27874
48.25513
50.75364
49.97014
47.62484
48.17481
51.5506
47.87487
49.9433
50.36654
55.35874
45.59601
55.15649
52.05435
48.98511
48.09939
48.30479
50.4349
55.82212
49.11482
42.97468
51.21968
52.28455
51.28337
43.4261
49.23615
50.52751
48.75157
40.64626
46.20137
50.22017
46.69024
51.71551
53.92332
60.04863
49.28755
48.33207
55.33801
47.97243
50.98032
47.11611
46.79669
47.08122
46.44554
53.45985
46.21274
49.00261
46.04962
45.46179
48.44249
51.71625
45.6612
50.69935
47.91904
49.33081
50.5606
58.5281
49.67602
48.37677
51.77805
47.51159
45.68062
44.44479
49.70256
54.85188
50.80864
52.02315
47.34438
49.14391
47.63946
47.11969
44.50221
49.80313
46.10233
46.34124
57.28266
44.37371
48.10697
46.67289
47.00029
48.01555
49.85829
51.10936
45.21931
53.95967
49.60895
48.35116
46.71788
51.61729
48.08722
47.18921
47.93581
51.42849
46.74813
54.81184
51.79506
48.52801
43.7939
52.07558
43.02395
47.7088
48.62917
49.81718
50.37341
43.05794
41.5309
48.60293
49.90396
48.61887
47.15427
49.41036
47.97319
49.57772
49.71694
46.59521
47.87102
52.47938
44.81365
47.88324
43.90165
54.78118
50.19217
52.12768
45.85818
44.24519
45.77994
44.74672
50.61546
49.4278
45.27734
54.79589
44.83758
45.02569
42.63573
48.31884
49.15813
45.04517
49.32068
48.45501
44.32934
45.97162
54.15021
49.43686
54.67094
48.38652
54.30412
56.60827
50.3965
46.51187
47.99962
44.75924
47.7003
43.65297
46.71506
50.19981
45.22559
43.31976
48.89039
45.4313
45.64115
54.92064
48.42002
48.26957
44.43905
46.0695
42.27661
52.45655
52.52275
41.06136
43.40259
44.59282
46.15755
44.01717
47.92573
48.68867
51.81555
55.66444
42.49652
44.51507
46.49664
48.65571
44.80304
47.57108
52.75802
45.7072
47.25028
53.48001
43.26679
52.69003
48.05798
54.02284
38.32761
49.5906
46.99977
50.11423
44.61615
50.08272
48.88051
47.08288
49.85471
43.50782
45.59465
52.26396
48.22782
48.74479
47.212
48.73143
48.2223
51.73289
49.51966
52.95192
58.28869
48.1301
50.5688
47.4469
52.14348
49.92715
53.54013
46.15737
46.92547
49.96921
48.2785
46.91081
52.41554
46.84378
50.35754
43.83916
41.25758
47.17563
49.05977
52.73523
45.72095
53.91701
50.75279
51.29018
47.42071
51.27017
60.43128
57.87887
60.12747
52.51604
54.84872
53.82398
55.05405
50.68642
49.16887
43.23032
45.38139
46.06353
47.52902
52.66818
48.82113
43.09219
49.49713
45.8359
50.3239
47.55706
54.7747
56.23502
47.05676
48.51453
51.17802
55.91763
45.60871
51.22878
45.69648
51.15907
51.79824
48.34971
51.33398
53.48445
50.97858
53.32555
48.01353
47.48919
48.33974
49.69347
50.11215
