333.9943
326.5573
348.6321
318.3284
61.33423
61.02388
57.17857
57.4022
53.13018
56.7814
50.03473
61.44918
49.48702
56.48344
54.93477
53.01605
54.95612
53.08618
49.19874
48.1389
50.99896
56.84089
51.86993
53.3302
48.30315
46.95811
50.01044
42.39528
45.83981
49.20517
47.39016
47.57463
47.05613
57.72847
49.21
48.09599
51.88947
51.22652
48.52256
48.26627
49.36353
49.1368
49.17356
52.00901
51.59884
49.8935
49.44291
50.3271
49.23465
54.93297
52.99572
57.42278
60.05784
49.72508
56.55585
54.01617
49.85172
54.91466
50.5746
57.5858
54.70894
52.31597
51.18081
53.80816
57.29922
55.23681
53.12927
49.74013
48.22375
46.09302
47.60904
53.66835
52.47527
54.53728
53.66764
52.84288
52.5021
52.98314
54.04786
53.7521
51.33166
49.12566
47.96989
55.54526
51.27231
53.46015
55.71878
53.09022
52.3312
53.17104
52.56239
57.23283
53.42363
51.28381
56.64843
57.82287
51.82569
55.98549
55.74745
55.34682
51.86549
51.62697
50.6353
50.9795
53.66513
54.27881
58.90901
57.84028
53.32795
52.42495
51.36643
56.39981
60.31733
54.21287
48.34381
50.16489
55.52508
48.39039
48.51382
48.33272
45.82751
41.85931
49.37336
46.19604
54.19398
43.05357
52.13876
52.01098
53.02163
48.65142
49.85415
55.83737
50.51294
52.96643
52.86341
52.36109
58.14844
54.21002
47.57975
51.13499
53.78028
48.85929
52.2661
56.7384
49.89885
53.27274
54.2995
45.79737
50.98199
47.32165
51.95881
56.62418
48.21712
46.16683
48.85618
52.70009
53.59539
50.57448
53.42345
55.29745
54.98303
52.73923
54.89476
64.53707
52.60236
55.50736
51.21652
56.60256
54.63072
48.17996
54.13164
51.80361
48.43051
49.32314
52.25752
55.84023
50.61838
54.12375
54.89439
53.17411
49.04603
56.91088
50.14744
53.56282
54.21225
47.20986
54.18315
54.95655
53.79587
53.29369
50.98781
58.65236
56.34465
52.78496
55.98682
49.76348
58.35305
51.84854
56.83795
55.15911
53.99672
52.50578
50.84598
53.83752
50.19083
54.05036
52.95213
53.87694
56.08868
54.90075
50.83082
50.66008
49.38682
43.6004
53.96339
51.20614
44.66834
57.20395
52.27926
53.37529
51.3549
52.83524
49.6195
49.36648
55.77697
55.7949
53.25966
48.59707
57.04668
49.89651
53.10122
57.56167
54.02441
53.67898
52.99278
53.15566
47.83751
51.09456
42.73907
48.98156
51.78769
50.76585
50.27471
54.92459
52.10444
51.39656
57.17347
53.30093
48.93694
56.63775
52.49499
49.58193
53.42658
51.88243
58.93904
54.28802
54.49676
54.08123
55.79676
51.40798
51.57433
52.753
49.29944
49.65306
61.30627
57.28178
49.88431
53.57034
52.42754
54.83634
56.134
51.55042
48.0244
56.38021
52.87956
51.87027
54.10973
49.72252
49.33357
56.08288
51.57846
55.87919
55.58975
50.50499
46.74426
55.12029
49.09469
53.82122
47.12885
46.54621
49.00264
49.78886
56.01563
53.1057
51.03731
49.23031
49.6878
51.87921
48.84945
54.22398
57.30289
50.98185
51.02363
55.30699
51.59105
49.41464
58.69671
46.17684
51.90434
52.81707
58.85501
50.18799
55.69605
55.34715
49.64563
54.62071
49.82771
58.45813
50.74702
51.21302
49.91011
56.62904
49.29212
47.53413
48.78607
54.88896
58.43871
49.7485
53.56311
53.58187
51.97738
58.27459
53.45154
51.41159
49.82913
51.26432
53.21165
59.42113
50.61928
52.82206
49.86158
50.01466
55.04949
51.65553
51.45093
52.85723
53.49494
51.69986
58.87297
52.43779
50.61471
50.5215
58.66038
45.86224
51.60548
52.94065
54.07253
52.2855
50.15464
53.29683
53.26279
58.37897
51.59182
49.55634
51.82354
45.7018
53.93894
53.26891
56.36451
50.92186
50.54928
54.15358
51.63347
50.58902
51.50286
55.02727
52.24591
54.2557
51.40879
53.50797
53.5425
50.66206
50.06447
53.3555
49.31785
54.89456
54.22255
48.9978
59.57502
54.9326
52.60644
53.85351
53.40144
53.69031
55.66562
55.18346
54.34989
54.04207
52.92397
52.5261
47.90026
51.93035
48.71251
57.59312
48.56816
51.75242
52.65869
58.5721
48.99852
57.65827
56.52471
56.70421
48.90899
51.89795
51.9332
54.77094
53.22287
58.37295
59.83735
50.41471
51.0347
54.70835
58.27285
56.64579
53.14439
48.11504
55.9963
59.20552
50.08171
59.96304
54.98291
51.10825
55.07969
55.92132
56.92963
57.95174
53.53398
56.95348
56.31594
56.43522
59.68777
56.55739
53.49532
56.37353
54.78037
52.34462
51.95346
55.13102
49.8611
53.72724
55.79707
55.10591
56.56578
53.464
55.29174
55.85137
47.87439
53.68839
55.24169
58.79891
47.92115
55.15894
56.33395
51.86459
58.02173
47.704
53.43401
50.45653
53.62787
51.67401
49.83323
51.94174
48.71475
49.09675
52.76095
52.4821
61.70207
54.05905
50.5984
51.57718
50.68054
54.06562
55.30947
55.28899
62.1619
50.31805
49.69012
54.30719
56.27416
52.67301
55.6315
54.91395
57.42984
59.19793
54.1919
57.54857
56.60238
57.93621
52.15851
49.5315
