0.5578708
0.588998
0.2413167
0.6437002
0.1698553
0.4097059
0.1392638
0.3529842
1.00467
0.3028677
0.1011025
0.1396969
1.552569
0.2732499
0.3174201
0.6056448
0.666356
1.070367
0.6021812
0.2529934
0.2907804
0.2909681
0.1899247
1.227489
0.9199394
0.2611166
0.3383128
0.2015316
0.1639578
1.062301
0.2396019
0.0867885
0.4972464
0.9604937
1.245026
0.3208017
0.499491
0.450002
0.3517359
0.1290152
0.5975071
0.3145729
0.270071
0.4401791
0.2630282
0.3138623
0.5146871
1.546474
0.3737905
14.58591
0.8491072
0.4488309
0.2330947
0.2934172
2.885812
0.5897432
0.4502363
0.2269107
0.2800117
0.2949923
0.5733197
0.1190944
0.3613774
0.7024673
0.3631634
0.1861139
0.198382
0.5612845
0.2123127
0.4750828
0.2114447
0.625443
0.3287032
0.09536007
0.1729468
0.3513071
0.5760687
0.3491719
0.2705878
0.1027309
0.4482003
0.200743
0.547607
0.3127403
0.2744679
0.1685545
0.178418
0.7129167
0.3507348
0.3439551
0.3940908
0.3150236
0.7343761
0.5832378
2.21614
1.719055
0.4320594
0.3603824
0.3323553
0.1801609
0.1902486
0.933572
1.033043
0.191529
0.6253578
0.3812288
0.1755092
0.3761141
0.7473211
0.833377
0.2289993
0.9604654
0.2338071
0.200625
0.2987143
0.235303
0.5439149
1.142635
0.4177547
0.6695541
0.2157891
0.2780093
0.1382244
0.3818183
0.901478
1.676205
0.9377865
0.4943571
0.4365321
0.1390029
0.4504514
0.2838419
0.2239146
0.1669961
0.4633828
0.5683093
0.9361187
0.2800538
0.330551
0.2451489
0.7710437
0.3600823
0.1233544
0.524263
0.2354251
1.044674
0.2166162
0.4738004
0.3509098
0.2464705
0.4993328
0.1810686
0.5172069
0.7265666
1.01091
0.6117045
0.2057443
0.6686543
0.2458216
0.5784108
3.493404
1.158967
2.062019
0.3401681
0.1798482
0.1446179
0.3076234
0.2794613
1.160038
0.2595687
0.7152982
0.2877605
0.3928382
0.214274
0.6239631
0.5393134
0.1271735
0.8250614
1.648966
0.3362672
0.5269826
0.5702762
0.3073805
0.3387031
0.1617415
0.1161901
0.249782
0.265022
0.09436411
0.4825469
0.6666686
0.7706127
0.1003317
0.2252103
0.3875853
0.235139
0.366012
0.3701796
1.865855
0.1300927
0.4050728
0.1445506
0.1585362
0.3268162
0.3296086
0.2974153
0.1087423
0.1933086
0.3146128
0.2372824
0.115206
0.4135113
0.1477369
0.2751307
0.1450819
0.3870299
0.2664686
0.9656067
0.2602282
0.6591959
0.1131058
0.3270729
0.1376527
0.6217184
0.9791675
0.6533288
0.6410807
0.7128825
0.6303007
0.2557083
0.4578042
0.2370236
0.5236501
0.5928225
0.9068174
0.8616506
0.3539695
0.194164
0.3294934
0.1955982
0.2559213
1.230226
0.1783835
1.297356
0.2891179
0.2542134
0.1138621
0.137251
0.2857992
0.1749068
0.3415739
0.3663723
0.4755146
1.063176
2.778491
0.4811705
0.4927644
0.1597364
0.4452298
0.1627756
0.9880956
1.062285
0.214708
0.800574
0.1328975
0.4154904
0.4634065
0.3349803
0.3017686
1.379046
0.6499913
0.3043514
0.2020058
1.132674
0.1825699
0.4981446
0.6581199
0.462277
0.4603129
0.2571084
0.4763605
0.2885822
0.201549
0.3236436
0.2973161
0.2054184
0.7340833
0.7285245
1.211225
0.4031201
0.1867189
0.1142426
0.2750993
0.2640087
0.09557022
0.1869552
0.5317568
0.362889
0.381395
0.2080353
0.1029869
0.8221052
1.292908
0.3065593
0.2405778
0.6175496
0.1394365
0.2461317
0.2234762
0.779983
0.5485972
0.3855733
0.5016649
0.2477969
1.331255
0.4685708
1.567311
0.1795908
0.3411797
0.5291542
0.714251
0.3437555
0.3032734
0.5569744
0.1978649
0.3920561
0.1353571
1.039018
0.1724111
0.5270766
0.2526601
0.1697812
0.2657846
0.564606
0.2922024
0.2065516
0.3952528
0.1797546
0.1713151
0.2540774
0.4324109
0.3080139
0.2288275
0.463741
0.2247536
0.2191732
0.2037925
0.3926233
0.2651113
0.2479057
0.396129
0.4525978
0.6561395
0.3631194
0.1871212
0.5995462
0.3455637
0.5966925
0.1659411
0.7947787
0.3004871
1.097315
0.394347
0.4725226
0.9814555
0.3093819
0.2822222
0.1569116
0.1883294
0.6774102
0.1053776
0.3637054
0.2399193
0.2007226
0.5175279
0.1972779
0.3058827
0.1324938
0.3881936
0.2368539
0.7792481
0.812296
0.2921283
0.3788497
0.2691481
0.3097188
0.7263871
0.2481226
1.214409
0.3722561
0.213092
0.1393029
1.025299
2.269962
2.286176
3.261526
2.95404
4.920256
1.970668
0.5307456
0.4670214
0.6236154
0.3329675
0.138029
0.246078
0.2048711
0.5867249
0.3835645
0.2288978
0.2664036
0.3862064
0.3106189
0.6832903
0.6131131
0.4272779
0.1911636
0.3926115
1.475261
0.697591
0.7919833
4.467727
0.200988
0.3846591
0.2763794
0.6366836
0.3004776
0.6064003
0.1380431
0.5673913
0.7026719
0.3976293
0.9334319
1.702091
0.2204564
0.1766648
1.116572
0.2005895
0.5950947
0.3470331
0.3281089
2.24481
0.2556284
0.3879481
0.4202249
0.2642086
0.7959731
0.1903642
0.7417236
0.204103
0.2513125
0.6881738
0.2934308
0.3292482
0.3949744
0.3370691
0.5256145
0.3483763
0.2653822
0.396112
0.1139178
0.2168684
0.6054217
0.4221896
1.650763
0.804884
0.2908931
0.2512512
0.3008876
0.9276127
0.291636
0.2258675
0.6590059
0.1490915
0.3384986
0.4030273
0.4097284
0.3956883
0.2742552
0.2882509
0.4182419
0.2597163
0.1622704
1.85642
0.3363354
0.1837752
0.3268583
0.1586433
0.7576528
0.284475
2.772558
0.2554674
0.6923727
0.3679866
0.1524442
0.4289941
0.9819888
0.6079238
0.179126
0.58863
0.4164198
