255.2603
267.8823
199.7324
273.2838
405.6836
449.0219
366.1926
436.8468
368.1518
301.6682
355.2351
374.6624
455.1365
562.7707
458.886
409.6419
481.097
509.795
464.5549
381.4042
474.814
439.4297
475.5402
497.7321
385.1947
275.9697
253.2599
288.0748
335.862
275.5659
339.5873
237.3646
212.2367
266.4587
296.4982
403.2475
410.7428
320.1564
467.4931
338.3859
397.09
362.6491
555.664
641.6872
852.1194
930.3836
1029.543
1054.163
1018.234
826.7706
782.5055
762.6716
552.5986
411.6901
353.7757
395.1542
530.9375
475.3957
398.0161
321.2562
221.8737
225.7556
217.1694
287.4762
260.4813
302.8798
359.8088
409.8266
420.8008
356.1126
235.3243
263.5051
237.1077
191.6107
232.7858
175.968
136.1583
110.4301
173.5931
110.3742
92.53143
117.7314
117.8297
175.8118
194.0077
224.9551
184.347
212.5084
257.0646
329.2349
228.6018
267.3939
238.8138
313.8368
391.6361
321.1094
271.0587
198.0127
221.6625
247.5179
237.7212
253.0102
295.6366
221.2665
253.7099
274.7601
224.9283
166.7117
171.6283
153.8623
200.7066
182.4871
158.2227
175.769
136.8822
149.3311
156.2969
123.796
104.5553
77.53853
101.5484
114.74
114.3299
115.7329
188.1992
144.3362
132.1136
183.0456
151.3321
177.8107
209.1112
261.6573
243.9818
256.4512
282.8604
196.498
158.8074
176.0999
185.2975
227.0189
199.2409
139.3479
151.6756
170.2864
220.5673
162.6139
147.453
147.5989
203.0204
228.2494
213.3425
217.0439
253.5636
204.6318
312.9247
246.5652
253.7222
250.9681
196.2156
194.6865
150.0063
144.0029
177.8499
157.8441
200.934
230.6529
269.0158
197.5869
201.5928
215.7206
318.3931
302.4078
388.0919
538.7043
402.7565
400.8102
362.8145
351.0897
294.1254
316.9213
353.6478
273.3514
365.5198
299.5206
338.8425
269.31
239.8529
291.1867
323.5078
326.3122
367.6853
356.0812
371.6323
390.1296
270.347
198.447
174.9915
155.2669
145.7423
152.7783
180.8402
187.1721
285.6167
226.1511
174.4201
211.6056
278.1543
340.3876
398.7198
458.0968
477.513
337.8795
301.6891
391.617
350.7699
215.1315
179.3875
217.8444
223.1666
193.3222
183.9501
190.0295
242.6547
268.4157
186.9958
217.3116
207.8643
143.8019
160.3631
131.7854
132.8776
140.714
158.2267
201.2297
197.5478
236.8738
271.6382
317.5905
228.4751
209.4569
140.7437
179.3996
201.3723
149.6584
169.4401
129.5147
119.2015
168.1772
126.8665
102.1893
126.9386
139.646
134.6665
149.122
153.0433
153.3048
178.5196
222.704
230.021
323.9408
241.8426
225.7122
172.3304
166.314
173.0035
192.8028
139.8291
136.9358
176.4271
163.1183
138.0713
134.8271
115.4261
84.32255
104.9186
124.088
120.382
135.3744
153.8146
180.3489
227.363
254.2978
286.4081
213.6349
199.1894
159.2566
198.3408
174.5005
146.5647
165.0698
186.6724
270.8978
364.397
403.333
460.5312
458.7968
493.2501
447.4303
524.9556
475.6803
484.3122
365.9425
471.1619
437.092
521.9636
382.7283
285.5839
421.2331
491.0637
522.2671
502.3962
420.3342
394.9974
377.2527
484.1559
487.499
479.9661
411.6058
358.5961
356.0675
393.9713
405.412
434.9554
428.0758
397.3953
398.3875
335.9201
296.3878
299.6688
392.5966
381.8537
400.034
318.5064
349.094
380.1188
455.5923
376.7256
402.5673
416.5345
335.7752
356.8975
233.7204
236.064
254.9397
278.7632
222.9571
131.392
146.8315
143.1886
143.6741
179.692
130.1814
140.8733
129.8141
116.8028
128.7288
128.0433
146.9876
200.3196
170.659
123.0731
129.576
150.5754
128.5876
133.7895
137.8212
210.6018
207.6613
246.7209
385.0398
372.4675
466.3397
427.7638
313.4463
330.2803
395.372
567.4669
520.2542
531.794
467.9499
483.0705
544.4252
438.3004
431.1242
456.0086
474.9569
395.2847
362.2723
349.9877
253.5254
300.2231
319.9132
275.234
259.8932
253.74
175.8658
201.5899
158.1756
223.0623
241.5832
341.0773
395.6185
332.7529
510.5152
351.4349
461.9202
322.8017
391.0235
295.5118
290.5247
276.1775
311.9023
367.6958
396.9421
281.0017
496.6192
428.7893
398.4603
301.0283
303.7598
305.2093
367.7071
313.9781
368.3261
311.8915
298.911
321.1997
377.0311
411.0442
286.386
212.0231
217.0445
322.9259
417.4442
437.2969
508.9979
411.0753
385.7313
340.9346
431.9472
530.1351
436.9591
445.9188
506.0411
487.9616
507.3074
520.3676
460.4298
428.2245
441.2242
550.5609
494.1021
391.9531
411.3904
311.5111
312.5372
265.4276
181.3577
113.6132
156.2866
131.9199
147.0409
137.7733
137.6395
142.1812
186.5655
229.8619
213.4871
234.063
222.6062
212.2019
316.3872
310.3615
215.3272
175.5212
206.0822
234.606
168.9182
195.4803
199.6424
213.3111
215.9775
256.2958
254.7074
388.6672
449.0775
512.5668
457.5523
333.6212
387.5396
392.4973
440.2963
430.3942
284.1183
266.1501
262.5081
349.8538
313.708
295.0431
300.5246
