62.56136
42.55206
44.33153
55.47967
49.55318
49.35337
43.10855
43.46363
46.03162
45.87283
48.90041
47.20166
47.30785
47.15581
50.26974
52.31232
49.26236
50.53331
49.26629
54.47479
41.76983
47.27734
45.384
48.60049
46.37979
47.83411
47.30211
49.20475
46.99258
48.22637
47.245
47.00468
52.49327
47.94245
45.51842
48.89616
49.06295
44.61812
47.33431
43.19285
54.0223
46.67999
48.27765
43.36267
47.37299
48.2001
43.56757
48.75696
48.74515
44.78502
44.59827
46.33644
43.46004
43.83484
46.9008
41.79328
44.94828
45.98776
49.94576
43.47494
52.84877
46.95825
48.99185
42.35749
53.8
47.38772
47.07134
53.93597
52.15037
49.30925
46.66432
49.528
50.26675
48.82252
53.15941
47.17603
44.96419
47.93002
50.49352
44.11337
52.61984
54.04833
44.358
42.26143
46.36459
47.80062
47.37106
52.11954
50.93354
48.45396
44.39735
47.46646
50.0047
41.96931
46.11644
44.01134
51.17122
44.55256
43.63628
47.32691
41.01134
46.65271
44.17608
43.23075
47.7267
48.61579
48.75551
45.57915
43.12487
45.14815
53.44054
46.61151
48.69244
45.73291
42.94726
45.28381
46.89097
44.91767
51.95486
45.85207
41.52893
41.74538
48.74516
45.31982
45.81213
41.3192
44.18449
47.29841
45.4673
47.92746
52.29146
39.72172
44.78695
49.31636
45.36764
49.49654
50.92009
44.90545
46.6171
48.99002
49.98578
45.74695
47.03962
45.99254
45.81952
44.81838
45.61376
45.32561
44.98729
57.64587
47.27053
45.20551
41.65065
46.32582
42.62065
48.08317
44.88634
47.09265
48.8482
48.70678
43.2778
49.59985
42.20709
44.33491
44.93223
45.68978
49.29662
48.31419
50.76103
46.50781
54.89709
46.85864
41.13726
46.02333
48.64146
42.05201
48.05477
52.57837
46.79007
46.51077
40.72306
47.41015
56.45178
49.92871
54.21518
43.1582
51.31369
49.21047
44.83823
46.12731
49.40406
49.84314
47.27875
50.09599
52.21238
41.93386
45.96863
44.30374
44.68641
47.00042
53.14156
47.7443
44.26501
46.08767
48.23164
45.65871
48.05324
49.82332
49.1902
45.31685
52.05265
57.36726
47.66105
41.89464
48.67571
46.52232
46.63875
54.71649
56.69521
48.31106
45.42077
43.19224
42.51325
51.86391
46.43195
48.58566
47.31347
48.92752
52.0334
43.66399
50.32356
43.91141
43.08519
55.71933
52.5736
47.26649
46.38683
47.12882
44.93443
45.39376
46.17896
54.01563
47.03616
48.78517
46.78457
51.28488
48.61563
46.82544
45.52877
47.40092
45.29768
48.50721
47.67823
46.88189
52.82284
50.89304
53.26722
46.22925
45.64838
42.89968
45.6877
56.4428
51.28555
45.95185
46.84678
49.64247
43.37999
52.38923
47.50134
46.68062
54.31386
49.24703
47.77543
47.44048
52.36877
48.94329
45.18992
47.18113
47.22591
44.33726
46.33408
50.48378
52.30744
51.67742
46.56456
51.60887
49.18271
49.92442
45.62303
51.26227
49.34872
43.89581
44.4838
49.37203
42.82541
47.31486
39.26517
50.55685
47.53926
43.23834
49.54138
45.36978
48.18617
45.10906
49.39121
44.83252
44.9639
40.99204
43.33825
47.3748
49.86534
47.24322
50.24102
47.22955
48.07083
49.579
44.96793
44.95573
45.94064
44.28873
50.2855
46.28721
51.87042
48.57717
49.45131
53.97115
51.16373
47.87251
51.25551
49.11181
49.64464
54.36513
58.18193
46.14202
45.71348
44.99611
44.43394
53.86689
47.6328
47.27328
48.05729
48.64187
47.5414
48.54458
46.65883
48.83944
45.94912
49.66698
45.00275
45.61756
49.46665
54.32634
49.93127
43.02189
47.10812
47.74306
46.38037
47.19737
48.82743
47.36183
41.68379
48.90996
47.55397
42.95081
44.46934
46.9406
37.69708
48.1626
47.46973
46.02467
43.70995
42.33781
50.7492
49.39198
47.4002
39.35793
52.19785
46.69797
51.61782
45.64061
43.76846
52.72343
46.09301
46.71702
39.98954
54.0454
44.06117
49.72635
48.4038
51.67338
46.03557
42.38839
46.21205
49.63086
51.85852
46.68419
49.51866
46.18389
40.96653
45.97844
51.90718
45.68418
47.22041
48.19636
45.48536
52.11098
44.89338
45.04112
45.53935
49.21322
52.29137
47.60859
46.1318
53.82821
48.38243
48.10854
44.40305
49.31975
48.34655
49.95107
46.88372
50.86601
53.21987
49.00771
42.30803
40.08947
42.05808
48.65433
50.00805
51.85677
51.50881
50.65021
42.96973
47.39469
45.07023
41.18296
44.6216
47.73212
44.62025
44.32828
52.05277
50.69959
42.14967
42.21491
49.70395
45.78498
49.96108
44.03754
41.36633
47.402
43.48297
44.98113
46.90698
49.6618
52.51707
51.31001
50.38525
46.82138
43.92539
49.96475
48.29484
55.17553
50.0567
46.26537
41.72841
43.06136
49.22816
43.11278
47.85973
44.41112
49.61958
43.74687
46.46051
45.81988
42.416
45.38819
47.56289
44.79716
45.20778
50.74015
51.03368
51.34632
40.06374
44.58119
44.73292
42.05975
38.21048
48.11547
49.64589
44.07086
44.37307
46.49338
47.62994
44.75716
44.09403
49.85767
48.20271
52.06258
45.45627
46.19113
