85.06646
82.00079
81.41933
88.34463
86.51627
86.96864
84.86086
81.87351
79.79976
80.92134
77.59934
80.02446
78.7515
78.6967
77.56171
76.24085
75.78924
75.67301
75.89133
74.87556
75.86966
75.31705
74.46315
74.71787
75.3354
75.67882
75.47776
75.04034
74.43379
75.60456
74.93986
75.76342
77.04943
77.5333
77.66292
77.87259
77.82694
77.00724
77.06509
77.26594
76.85948
75.77568
76.60125
77.2896
78.29593
79.12256
78.21937
78.10978
78.63156
80.27936
80.95224
81.4747
82.14175
82.87576
81.6714
81.25334
81.38738
80.78817
81.70966
83.18434
81.88858
81.51641
82.96072
83.04231
83.43791
83.42629
82.11726
81.35834
82.12221
80.33881
80.85773
81.02459
80.9166
81.41776
82.67926
82.54927
82.64731
83.28361
83.15355
83.29909
83.95968
84.24454
84.00301
84.83743
86.56767
88.42712
87.17147
88.26634
88.47289
88.83849
89.86389
90.31739
91.0549
90.57933
91.48136
91.54206
90.85678
92.21049
92.50919
90.64857
91.27324
92.59898
92.57772
91.91095
90.7276
92.56589
92.44228
93.20742
90.96301
90.43539
91.32806
91.85361
91.33337
91.91986
93.80689
93.22641
94.27191
95.15688
94.66078
92.93636
94.08866
92.17613
92.38678
92.26027
91.5152
90.39734
88.07744
87.62717
87.25062
87.55549
87.18739
87.18998
86.27125
85.62479
85.28938
84.78266
86.64138
85.77919
85.58345
83.3499
84.69723
81.74434
81.30676
81.82146
81.59114
81.23823
79.68025
80.04098
79.86822
78.87789
78.42235
78.71637
78.79824
79.48692
79.63266
80.36939
80.46824
78.85268
78.73589
77.86162
78.41148
79.23586
81.18278
80.90281
81.93626
80.96837
80.89518
80.6315
80.93675
81.09752
80.72653
79.93072
79.23091
77.80732
76.75393
75.99433
75.19746
74.94688
74.58877
75.54448
74.71816
74.77736
74.86161
74.00704
75.22323
74.20568
74.97613
73.39814
73.73784
73.91247
73.23761
74.55613
73.46156
73.82792
73.42193
73.19525
72.29217
70.81904
70.86736
70.76463
71.44949
71.05384
71.86077
71.97712
70.9629
71.00512
71.4654
71.53009
71.3157
70.06416
69.58712
69.49199
69.711
70.35858
67.62061
68.75559
68.6668
67.96472
67.69955
67.05361
65.10411
66.69684
67.6915
68.75912
70.33025
69.23933
68.52841
68.26813
67.10191
68.3985
69.8629
69.56437
68.97637
69.99394
70.14158
70.19075
69.53076
70.42046
69.27988
70.53366
71.51332
71.44824
70.9121
70.13646
68.92407
68.73749
68.55476
68.2285
68.42474
68.41062
69.88771
70.15159
69.98168
69.81239
69.39027
70.1178
70.27394
70.26385
70.51661
71.18258
72.51262
74.27717
72.92049
72.77024
73.39758
73.03543
72.83182
72.31923
71.30398
71.21296
70.31486
70.22395
70.54874
70.9121
73.31361
73.44785
72.60041
71.82183
71.4134
72.15434
72.54856
72.08047
74.05581
72.11953
70.70967
70.32247
70.76991
70.51578
71.34142
70.18257
68.72536
68.02114
66.66242
66.29035
67.06489
67.50786
67.98545
68.73134
68.08679
67.85796
67.51292
67.56336
67.9637
66.75574
67.16753
67.84382
67.36056
67.75463
67.5108
66.95929
67.60554
68.31409
68.33086
67.27984
66.58497
65.80792
65.30383
67.07231
67.8718
67.58936
69.20161
67.95958
68.88812
67.7694
67.10038
69.43532
70.89967
70.1975
69.5596
68.76441
69.27573
69.47331
68.62604
67.79756
65.6898
67.11716
67.26159
66.90742
65.29326
65.38388
67.25647
68.14739
67.53373
67.01459
66.96561
66.72163
66.21527
65.06032
64.93498
64.92936
64.4858
63.80139
64.15239
63.67391
63.60363
64.71193
63.31348
63.00195
63.01534
62.96108
64.1081
64.49117
65.69536
63.45859
61.82708
61.27619
61.06232
59.39771
60.05586
59.99014
60.13499
58.79929
58.69217
58.30014
57.57014
59.11234
59.37446
60.6154
60.59708
60.57679
60.88754
60.20063
61.41211
61.39758
59.41093
59.21117
59.10046
58.30913
58.31709
58.75761
60.94578
61.61864
61.41765
59.89812
59.83665
60.74339
59.70624
60.05907
57.54203
56.90964
56.22286
56.57487
55.88431
56.73262
57.43093
57.69712
56.94262
58.04734
57.22216
56.13875
57.5693
57.48432
57.60208
56.78327
56.27369
57.83357
58.13031
57.33925
57.89004
58.72913
60.39206
60.67382
61.39834
62.40601
63.10527
65.06583
64.40799
64.01544
63.24186
62.02823
60.20661
60.54973
60.05052
60.73675
60.12769
60.24641
59.61713
59.77923
60.13573
59.27709
57.47418
56.07867
56.01675
54.22955
54.05142
53.84361
53.52731
53.6179
52.70386
53.52349
55.3665
55.27651
55.08783
54.76846
53.19448
53.39508
53.24224
54.6249
53.28701
53.05928
53.86331
54.841
54.99388
54.9398
54.17341
54.27262
52.76753
53.29703
55.70551
54.68878
55.49214
55.29798
54.77796
53.00228
51.65562
53.56199
52.9264
53.90899
54.81393
53.95601
55.50743
55.46878
55.06013
55.65765
54.35007
51.63182
51.83456
52.96303
53.15791
54.31842
54.04843
54.22654
54.98454
55.46416
55.24362
54.63612
53.90364
54.10929
54.87394
55.99197
