105.6958
92.50237
92.1908
94.23988
83.98663
67.21377
33.52651
13.78695
13.92293
12.76306
14.11129
14.20777
14.06514
12.46
12.71388
11.8839
12.88163
11.89556
12.53732
11.91239
13.32476
12.86568
13.31932
11.91216
12.1364
13.03993
13.54921
14.52494
13.33801
13.9738
12.75441
13.72868
12.51468
12.29589
14.19137
13.85871
13.31504
12.90884
14.7195
13.27238
12.20322
12.91739
12.89784
11.1674
12.99479
12.20411
12.01643
13.4838
13.01335
11.86584
12.23207
12.49711
13.27411
12.56439
13.11815
11.98241
11.60656
12.99844
11.99446
12.36517
12.58533
13.71812
13.64196
13.33166
12.42109
12.21005
13.12361
12.87384
12.61203
14.44162
12.09758
13.14232
12.28952
12.88056
12.74611
13.77546
11.58487
12.21771
13.37913
12.80746
12.60149
12.1096
12.73351
11.08609
11.54858
12.0941
13.14156
13.48851
12.74892
13.43621
11.50336
12.6221
13.94854
11.49058
11.4595
15.19742
12.70062
13.38428
12.63254
13.19129
12.52573
13.60482
11.70226
12.32155
13.49013
12.94401
11.68819
12.69185
11.9756
13.71341
13.38869
11.317
13.24868
13.62274
12.69828
11.90514
12.30853
12.80896
13.10415
12.66966
12.76753
14.82578
13.0145
12.19622
12.54128
12.00049
12.49938
12.01531
11.97176
11.4792
11.80991
12.86163
13.1423
11.12671
12.4774
12.81775
12.13005
12.44285
13.13955
13.21165
11.38288
12.00464
11.49475
12.77052
11.21681
12.08609
12.61866
10.88286
13.22253
12.75706
12.60672
13.38914
13.35002
12.55025
13.08456
11.88329
12.55648
11.34814
12.14976
11.99045
12.21944
12.69757
13.17312
12.07083
12.86258
13.00868
11.47497
12.8632
12.58033
11.41026
12.35357
12.44065
13.89004
12.87243
11.83661
11.81639
13.38727
12.24039
12.63138
11.33236
12.06581
11.82699
11.41635
11.46301
13.40277
13.25341
13.07485
12.09941
11.29435
13.26798
11.75352
14.24561
13.14632
11.35133
13.12753
11.72623
13.16664
13.11159
12.58323
12.0284
13.64313
12.24936
12.35194
12.22562
12.31266
11.78341
13.74265
13.25881
14.05492
11.94309
13.00607
13.24487
12.70576
12.9728
13.09962
13.05674
11.76251
12.45256
13.51482
11.84017
12.96744
12.22114
11.7923
12.90305
13.51587
12.72809
12.26348
13.87588
12.69318
13.48534
12.76348
12.20368
12.66668
12.59272
11.79486
12.01926
13.57886
11.47232
12.95336
13.16229
11.95042
13.27428
11.38915
12.16547
12.11393
12.63935
12.60152
13.48061
12.76934
12.61132
12.03047
12.26141
14.08172
12.71205
13.60544
11.53639
11.35701
12.84436
13.39888
11.6564
13.55891
12.6389
11.83483
12.7333
12.3056
12.67311
13.10711
13.076
14.71233
13.50255
12.79375
12.89911
12.5609
12.9824
12.90458
12.82536
10.60753
12.33456
12.53675
11.56662
12.7237
11.58453
13.03073
12.7724
12.90679
12.47019
13.07459
12.28029
11.71309
12.54025
12.99845
12.02314
12.52828
12.96641
11.71512
14.7617
13.47427
12.49869
12.37338
12.2511
12.74394
13.5336
13.05147
13.34506
12.74858
12.55545
12.01289
12.16348
12.26662
10.73472
13.14438
12.59348
11.95327
11.09417
12.53788
11.66557
12.65011
12.57692
13.51037
12.56952
12.59878
12.58293
12.95837
11.48738
12.76772
12.95576
11.82284
12.60037
13.09401
12.82751
13.58106
12.94988
13.29042
13.81328
12.95021
12.61707
13.04131
12.97223
12.62954
11.99399
12.59313
13.15349
12.06407
11.80145
11.52107
13.0091
11.98086
12.22859
12.37538
14.09144
12.26992
12.5614
13.32097
12.68051
12.33582
13.59053
12.06344
13.53843
12.19448
12.05818
13.78957
11.85658
12.67419
12.11286
11.98142
12.13545
10.47747
12.92261
12.82312
13.20436
11.61191
11.77326
13.29134
12.43677
11.91523
12.02287
12.82195
12.96696
12.75812
12.48359
12.98782
12.3814
12.47773
13.00972
13.57371
12.19382
12.17772
12.22021
12.59027
14.10666
12.07586
13.33526
12.37543
13.00913
13.10158
13.79857
13.26846
12.15298
11.89087
12.112
12.98293
12.06513
12.70306
13.1961
12.34425
12.8864
12.83591
11.94042
12.5367
12.39265
13.46488
13.35376
13.17857
13.74362
13.65948
14.38045
12.42665
11.44733
12.5749
14.35461
13.44161
13.53378
13.50941
12.5089
12.63265
13.21863
11.93892
13.24919
13.07286
12.72299
13.32705
14.30681
13.04112
12.86066
12.21604
13.38963
12.71352
13.05722
13.89663
12.15636
12.08321
13.26458
13.03654
12.98038
12.28768
12.75298
12.59221
12.66933
13.00413
12.41868
13.08335
12.07003
12.50826
13.24608
14.09545
11.96865
12.21444
13.36086
12.80226
10.97791
13.05571
13.49274
11.88169
14.11617
12.43508
13.99153
12.46715
12.5087
13.58374
12.9996
12.93313
12.39573
11.47548
11.46591
13.19809
12.12331
12.96606
13.58009
12.1888
12.7833
13.55998
13.92676
13.21947
12.51918
11.59589
12.45911
13.81399
12.83119
14.33473
12.60177
12.94551
13.49987
12.88865
12.40404
13.89687
12.6981
12.65312
13.33427
13.06533
11.98951
