144.9456
166.9145
181.8542
192.8261
248.6741
250.0774
364.8529
654.7545
718.4259
1368.807
2314.861
4546.069
10944.19
15546.58
23034.13
24341.83
26936.78
29613.78
26266.06
33768.18
34100.83
30925.86
30958.58
31008.31
30716.69
31391.52
37596.99
32375.61
38117.14
36181.29
35837.91
41111.74
28288.03
31217.23
32993.63
32999.4
34291.69
33455.36
35225
32897.62
35613.74
36244.2
33612.74
35070.75
32401.7
36271.28
35404.91
32820.75
35067.35
36476.05
35068.87
28061.7
34093.14
29777.82
30710.62
22675.96
16113.24
10236.66
5037.735
3479.86
2462.956
1770.392
1141.548
644.3402
748.9893
858.978
1125.329
1316.761
1152.532
1097.109
1471.876
1422.597
1513.809
1552.34
1317.444
1489.988
1316.944
1145.967
1139.322
1295.111
1216.693
1367.269
1190.489
895.7191
922.1085
951.9181
938.5961
1261.855
1238.188
867.9706
778.142
938.0721
1221.164
1661.888
1731.003
1072.701
1584.251
1427.518
1831.998
1659.164
1384.386
1273.3
2087.925
1840.374
2118.188
1619.477
1380.743
1071.598
1268.404
1288.552
1649.015
2385.425
2501.736
2062.952
1490.459
1242.094
1458.041
1919.819
2751.754
2279.205
1890.962
1427.169
1327.791
1375.602
1707.314
1090.987
1270.764
1301.756
1382.438
2061.693
2079.17
2186.316
1765.502
2180.002
1764.869
2123.16
1046.089
1124.932
821.3657
943.5388
890.7252
881.3996
728.9747
824.9087
752.2288
862.0233
827.8611
936.1551
813.8885
1254.884
1729.707
2782.729
1981.527
1634.357
1554.285
1764.044
1849.257
2169.85
2276.421
1813.869
1776.691
1286.763
1647.835
2910.492
2406.789
2459.111
2031.855
2548.697
3037.241
2311.499
2937.312
2441.37
3246.661
2561.061
2027.011
1243.428
1776.829
1188.966
1119.842
1083.278
1240.123
1470.714
1448.386
1302.149
1670.283
1432.712
1526.859
1736.481
1839.504
2426.614
2396.386
1998.177
2137.822
1750.538
1710.75
1567.611
2052.097
2190.966
2798.319
1814.96
1245.322
1265.222
1613.892
1161.771
1451.648
1232.222
1319.219
939.1728
925.4824
868.2072
1053.593
976.1337
855.3798
856.2155
1069.369
1089.272
927.7524
856.3984
920.8628
996.4137
682.4365
721.7266
559.1209
800.5676
1355.153
1890.879
2350.967
2383.054
2035.257
1902.616
732.7344
609.5357
790.7508
869.8923
636.749
725.4353
512.1405
355.2934
579.3678
470.8049
501.5692
604.4246
547.503
709.5081
947.3796
988.2313
1294.117
1200.629
951.5926
828.1107
959.6906
1127.979
1346.494
1215.207
1107.936
630.2106
720.5528
591.2981
585.415
714.8526
659.0845
739.6208
917.1746
899.9033
1168.795
1607.316
1727.269
1742.222
1974.572
1945.652
2202.157
1955.648
1117.842
1214.45
900.129
1478.269
1294.117
864.6365
1056.306
1140.035
1207.887
1266.57
1257.149
1740.182
1971.629
1585.438
1903.741
1643.72
1812.318
2223.556
1626.839
1804.605
1498.799
1816.715
999.6606
1365.376
1160.953
1191.117
849.343
983.6881
1043.059
1093.813
1190.175
1243.901
1499.994
1830.795
1758.558
1994.107
2746.385
3365.952
2239.371
2585.167
1758.644
1925.312
1405.119
1632.886
891.9585
1024.116
1084.749
1300.745
1359.394
2071.44
1913.273
1930.372
1233.079
1020.713
971.2326
1140.6
1348.33
2104.193
1892.795
2040.455
1648.937
2076.594
2201.864
2323.623
1906.883
1733.737
1728.138
1568.091
2063.525
2644.216
2326.653
2710.29
2831.138
3076.142
2309.955
1413.352
1382.423
1642.094
1603.219
1923.925
1389.689
1719.3
1365.256
1116.098
1358.881
1477.65
1353.025
857.6483
1193.298
1424.161
1304.331
1295.061
1872.327
1752.892
1731.096
1832.79
1542.909
1819.664
2168.864
2347.628
1626.108
1481.259
1632.781
1625.854
2124.957
1528.915
1983.914
1364.347
1424.563
1579.487
2558.159
2641.765
2128.738
1993.064
1818.017
1113.97
1579.738
2495.686
1478.169
1722.774
1197.863
1563.406
2238.432
1900.818
1642.351
1558.319
1438.056
1295.443
1048.574
966.7306
985.4853
929.9049
866.2405
975.7347
1183.164
1633.734
1246.835
1308.35
1017.182
875.5445
1306.009
1588.189
2252.874
1814.543
1960.036
2113.211
1841.275
1604.104
1854.855
1743.694
1756.887
1822.344
1287.087
1190.876
892.2294
718.9426
995.7359
1155.952
1877.123
1504.182
2751.166
2123.423
2121.111
1872.994
1448.547
1600.784
1530.141
898.9612
724.0361
886.3475
1091.619
1039.084
976.167
1229.947
1587.209
1853.975
1555.129
2384.563
2239.273
2244.11
2004.166
2043.431
1616.275
1479.644
1599.645
1722.044
1170.566
1293.74
1275.724
1455.176
2083.278
1002.413
858.5929
1233.649
1253.84
1263.83
1523.094
1490.09
1940.083
2020.892
2068.251
1806.452
1656.098
1837.519
1945.48
2146.998
2160.154
1426.287
1478.31
1157.699
1128.804
900.7751
1010.364
1016.215
1006.828
1150.508
1343.404
1168.22
948.4257
1062.308
1282.275
1325.566
1289.746
1167.292
1033.106
1363.827
1463.55
1372.416
