1.559015
15.02357
1.097336
1.810653
1.30573
2.327118
1.178809
1.789483
1.303928
1.289312
2.117621
2.379771
0.7364425
1.813869
3.478131
2.161572
0.8104476
0.6662989
0.5978007
1.215833
6.430459
0.7955839
1.689762
2.739037
2.137487
4.806549
4.183225
5.224888
3.984899
0.6656732
0.6951041
3.225095
4.26633
0.730749
1.3742
1.663909
3.857897
2.502607
1.808924
1.936187
0.8101021
1.755867
1.572318
2.080774
2.781355
1.392294
3.246402
3.695486
2.828777
0.6240808
0.9924315
6.832006
1.008192
1.751946
0.9308274
2.888449
1.428852
1.434066
4.655655
2.645391
1.757377
1.584597
3.155712
8.680515
2.495738
0.6661808
2.606109
1.758791
1.156457
1.325886
0.767737
1.042429
2.740927
1.347565
0.5228429
1.409317
1.179044
1.57126
5.416526
1.924428
0.4640264
0.7893867
2.007956
2.114235
3.025831
1.825025
3.03307
0.8831408
0.5698138
2.36087
1.367008
1.743776
2.545517
0.9403294
0.727632
3.774622
1.344233
3.346321
0.6746075
1.235131
0.9666678
1.148016
2.333685
0.8999501
1.703754
1.594077
0.9915427
1.640982
1.737819
4.432846
7.05132
1.783368
0.9132885
2.633712
4.511652
1.513738
0.7497085
1.099112
0.7707061
2.657321
1.15498
3.345406
1.490517
1.719347
0.7926943
2.447931
4.682084
0.9971335
0.9508181
5.198422
2.556114
1.239173
2.268769
2.815029
0.9232326
1.349401
2.52416
1.05499
1.064049
4.369352
2.11906
1.05907
7.433856
0.5149513
1.351082
0.7908129
2.24502
7.118718
4.839387
0.8099095
2.639737
15.26911
1.786316
2.379499
1.710634
4.854287
1.259725
0.7387489
2.313298
1.647203
15.65938
1.922183
3.116966
1.940445
1.00367
2.787424
2.853362
0.7863349
0.6142376
2.516793
2.832921
1.371521
13.21045
2.110497
1.886557
4.782816
12.17389
0.8626544
0.9863566
0.7587806
0.804487
0.7750486
2.058855
0.5272076
1.695543
1.249192
4.810288
3.333732
1.154083
5.947497
2.650233
1.018334
1.251598
1.20003
1.669192
1.198062
0.8256041
3.809127
0.721545
2.035071
6.242188
1.225742
8.254401
2.621368
2.296041
1.042086
2.616315
1.46034
1.266017
3.263088
0.8866636
0.7823841
0.6691114
3.500628
2.48374
0.9260807
0.874751
2.505139
1.270982
11.34627
0.5933474
1.14843
0.5971462
2.12735
1.294012
2.475227
1.840346
1.102916
0.7892432
1.137962
6.485057
4.659354
4.74444
1.600085
2.233061
1.946838
2.256809
1.997087
0.6528859
2.217096
1.142346
2.369839
0.6174026
1.577105
1.68976
1.274119
1.428548
3.323608
4.405756
1.027542
1.543397
1.219796
3.663916
1.858633
2.155886
1.178684
1.18758
2.304199
1.245823
0.7654241
3.92811
0.9813179
3.2346
0.8683075
1.391306
0.9474396
4.673916
1.728033
1.500378
1.214859
1.230863
1.421437
1.421078
1.347162
1.626875
2.304763
2.043917
3.450505
0.7740718
6.976192
3.601022
0.9232033
1.539647
2.074613
2.780021
1.007158
5.17033
1.300147
0.9253948
1.177189
2.014497
1.402395
0.8506031
1.75237
1.54984
1.220134
0.6417543
1.65987
1.405899
1.896777
2.088095
1.51646
1.012381
2.19696
2.222091
2.805317
0.772533
2.657605
5.474543
2.141144
1.959663
0.9955515
1.150318
0.9012915
1.479644
1.845894
1.339434
2.58303
1.122947
3.01143
0.8347177
1.836105
0.5047624
2.367295
2.095042
1.168816
0.9739562
1.920481
1.744928
0.7547137
1.275708
3.491589
1.40656
2.619574
2.055034
2.485721
1.502325
2.365082
2.676781
1.131411
0.7740954
1.078011
2.411918
2.23999
2.502766
1.472807
2.471743
0.7901803
4.076867
1.131091
3.718384
1.508795
0.4461989
0.7442638
2.005991
1.179724
0.619594
2.083442
1.436627
1.085908
1.779403
2.174129
0.9493822
1.133298
1.046972
1.214539
5.286412
3.569853
1.523025
3.170274
1.750655
0.9307657
5.807709
2.671838
11.80897
1.715222
3.705951
8.747578
2.742422
2.684858
6.867674
4.355962
3.070291
1.488886
0.9262537
4.132712
1.224144
3.21886
1.858706
2.423332
1.736349
2.453818
1.922573
0.8498791
2.599665
3.387365
3.664733
2.665473
2.630888
1.898583
2.606828
5.824124
1.017602
2.01184
3.425411
1.358899
1.801648
1.585765
4.301579
14.02653
2.025426
0.787995
1.239149
2.096898
1.449039
12.19074
1.689483
2.502031
2.128987
3.427242
4.120605
2.063749
2.559505
2.628211
1.150068
14.4221
4.999427
32.3331
29.52537
12.79288
14.32653
26.1505
10.9641
24.84356
72.8806
25.30149
22.8843
44.63953
53.78925
34.76442
8.400179
15.7578
5.535523
1.221965
0.5218855
0.5673771
0.9984641
2.230292
3.218864
4.645226
6.10084
0.6260545
0.8844266
1.320327
1.474611
0.7437943
1.55279
1.85442
1.464232
6.647912
1.078551
2.012609
1.868984
3.658714
1.005478
1.095327
0.9138446
16.68426
2.187227
4.304778
3.267304
4.644032
1.402692
1.857229
0.7706465
1.288786
1.362018
1.451352
34.16335
1.975188
2.723966
4.578078
2.18056
0.6968034
1.567204
2.208318
1.587767
7.120863
1.320596
2.994072
0.8907957
4.225767
1.504042
0.7163569
0.7335635
0.8221217
0.9826633
3.11335
2.035126
1.929977
