88.54156
88.65602
88.28745
87.49131
87.09541
86.42172
87.66773
87.56341
86.85906
86.88754
87.28201
87.05736
86.79619
85.33275
85.60101
85.04661
84.56748
84.65257
84.84059
86.10377
84.74308
85.80948
84.57451
84.72614
85.37202
84.50325
84.04163
83.57664
84.11327
84.4256
84.57006
83.4628
81.80296
80.30707
83.05867
83.02759
82.10624
84.03575
84.9071
84.5712
84.04098
84.67901
84.44004
84.74026
84.90949
85.28925
86.22025
85.26916
85.4775
84.67056
83.50397
83.04942
82.00394
82.09766
81.0855
80.20545
81.02232
81.16258
82.24591
81.44968
80.98417
83.32947
82.63764
83.98695
85.35773
84.12311
83.0909
84.25767
85.06568
85.1205
86.33575
85.47833
86.43626
86.54797
85.39508
85.76406
86.34877
85.42326
84.87319
83.42898
82.61117
82.31555
81.40454
83.12098
83.44684
84.4156
84.15541
85.2998
84.53512
84.17318
83.59376
83.65378
84.92681
85.13819
86.08005
87.22132
85.75901
86.91618
85.5489
86.38545
86.47521
86.09379
84.96665
86.01053
86.59975
88.52061
89.97743
89.84191
88.87278
89.05062
89.95954
90.72786
90.13307
90.65753
88.47658
89.386
89.56212
90.60526
90.48058
90.30685
89.05171
88.77695
88.63448
90.31707
92.16315
93.92585
92.5257
92.71867
93.10111
92.18703
92.94319
93.19744
93.07509
93.24342
94.29336
94.24436
93.60468
94.21833
92.58031
92.94341
93.08754
93.25329
93.02323
93.93213
94.64013
94.96139
94.52124
94.50612
95.54855
95.35733
96.18139
96.00142
96.89846
97.93832
98.45945
96.20066
98.0419
99.11006
99.80298
102.4034
104.3589
104.665
102.68
104.3026
104.8467
105.0427
105.9437
105.2538
105.9459
104.7664
104.162
104.7188
105.9982
107.6099
106.7
107.0375
106.614
108.2352
108.1203
107.5144
107.1768
107.3804
107.3722
106.4121
107.7057
108.5944
109.3084
108.9421
109.145
110.3069
110.6117
107.8373
110.1439
108.365
107.3601
107.933
107.0233
107.757
108.3163
107.5572
105.7919
105.8834
104.8323
104.6515
103.925
101.5441
100.1956
99.84877
100.856
100.6482
101.0606
102.0458
101.4056
100.1568
99.13867
101.77
102.9023
102.8498
102.939
102.9954
103.2398
104.1483
104.2464
101.6115
102.0866
99.60257
100.1709
99.06451
98.89814
99.59667
97.71784
96.67923
95.35953
95.41056
95.42084
94.00468
95.19885
94.06492
94.12319
93.1685
93.09073
92.24486
92.71104
91.75313
91.83008
92.91413
91.89295
90.54255
91.1185
91.92933
92.5194
92.49755
93.10351
93.18152
92.90409
94.9677
95.67056
96.57825
96.47415
98.2534
98.31959
98.23888
98.8544
98.32079
96.85186
97.00307
98.44076
97.15516
97.84796
97.37207
95.89358
94.93698
95.87754
95.19973
95.1811
96.73868
99.28132
99.57711
97.8413
97.74136
97.30414
97.74154
97.40548
96.93487
96.20869
95.09556
96.62748
96.63531
95.80744
94.59369
95.41532
94.80163
96.12254
95.63061
94.53957
93.91725
95.12761
97.17685
97.35383
96.51439
95.76363
94.70343
93.60771
95.59754
96.92844
96.14749
96.20829
95.72683
97.78689
97.68002
96.69061
96.09056
95.79689
97.95277
97.96335
98.26137
98.30089
96.22674
95.71671
96.71555
96.53783
96.06199
98.56062
97.61095
96.92065
97.48782
97.32882
98.05432
99.08553
100.4392
100.9201
100.8055
101.8613
102.2581
102.6197
102.7522
102.1413
102.7729
102.3239
103.1664
102.4381
102.9297
102.6991
102.0118
101.5605
103.5235
101.6385
100.8289
100.4118
99.35599
98.93298
101.3259
100.0966
99.79389
99.70506
100.3037
100.2159
100.4846
99.6972
99.36936
99.78841
100.4548
102.009
101.3489
100.9205
100.7777
100.5023
99.5155
99.57476
99.72594
100.2435
101.8915
101.7209
101.5839
101.2873
102.5113
100.4236
101.981
101.5972
100.8205
100.2311
101.2635
101.9029
102.071
102.2313
103.192
102.9509
103.4335
103.0608
103.0972
100.6992
99.38076
98.47622
98.29107
98.2902
97.2427
97.19844
97.60384
96.00322
96.48852
98.3115
100.0978
100.6798
100.465
99.8245
99.17468
99.06251
100.6163
99.50992
98.93401
97.81384
99.06672
97.92048
95.96034
95.91291
94.1303
95.75813
95.34929
95.88446
97.85274
98.52274
99.34025
99.98773
99.44775
99.90274
98.93528
96.94564
96.46849
96.27892
95.30756
92.78969
93.50495
94.55397
92.09985
91.57611
91.83785
92.68177
93.73044
94.86843
95.51619
96.25697
95.73959
96.75343
96.77741
96.87117
95.69621
94.00486
92.12419
92.82801
94.21786
94.48016
94.36443
95.52544
94.70757
94.1724
95.27604
94.48728
95.02989
93.29397
93.79895
93.91879
92.61066
92.54068
91.84751
92.11146
91.48169
92.35384
92.02977
91.50333
90.85528
91.48999
93.34747
93.21883
92.23366
90.84095
89.98216
90.84923
91.08655
90.23242
90.91731
90.73501
92.4304
92.76596
93.55563
94.03299
92.08087
90.66489
91.75794
92.2424
93.03392
92.60494
91.39679
91.67796
93.01208
91.61762
91.7071
90.76456
90.61369
90.14738
87.44997
