1072.353
636.8532
765.6598
909.2918
1106
1159.129
444.6487
841.4644
1068.717
759.5034
661.3422
2058.247
812.2247
1591.497
1028.311
436.9764
657.8689
931.2492
699.7443
1256.51
557.4692
2141.248
877.4924
712.558
801.5179
399.6347
939.3243
825.0835
833.2677
901.4728
611.8396
548.3425
1170.417
1930.85
563.7273
507.5344
1416.16
721.891
554.1939
1604.469
1033.593
446.7106
1401.935
2446.167
795.4106
1135.67
1127.36
1137.34
989.572
960.6384
2179.785
944.6398
895.8158
497.8828
375.3184
1042.789
2101.239
361.4925
834.2264
448.6909
619.258
875.5689
543.7598
1072.292
1323.874
514.8471
887.3735
864.1718
583.1008
757.2424
1060.722
1123.56
1227.104
434.1277
817.7319
1901.498
827.5793
995.2335
674.8961
880.4217
842.4324
542.8485
1103.768
602.2879
1108.21
1585.147
953.166
908.2541
874.1363
606.625
836.3575
2596.667
825.1744
1868.623
1159.972
1394.251
1145.812
1009.287
860.2538
1106.772
899.3489
567.3285
388.4254
976.6175
726.2638
1219.284
1051.5
1734.101
500.9887
1465.847
1908.044
792.4075
1701.322
2620.304
2425.162
593.6481
1459.751
1562.594
452.7067
486.4342
722.492
628.7804
1390.481
932.0878
1263.708
1016.226
779.9998
916.1741
592.6021
1411.229
1137.694
1081.26
647.775
3710.404
1514.548
788.9847
1473.692
656.405
1397.64
850.8121
421.9515
623.4769
1397.876
1455.056
1735.809
1902.448
1191.942
769.3871
2704.964
970.1327
854.0733
960.8179
524.5986
560.7314
811.4223
941.247
620.641
2542.357
968.1628
1316.945
949.8768
1526.574
905.1613
593.6641
1147.52
469.4682
466.4163
556.8457
954.6582
703.0283
740.2921
2436.581
2832.351
422.7248
841.7232
663.7966
860.7969
604.973
1256.149
1769.865
1312.011
1294.742
609.5012
1436.357
807.6294
1423.393
835.2468
1715.345
1162.53
646.8831
1207.6
573.1324
2010.587
1804.099
929.5857
1587.747
736.3144
1032.922
1440.235
2399.012
548.7547
655.9791
1106.34
452.6935
837.7115
1697.115
674.293
912.7968
769.4117
752.2569
649.304
1496.683
2118.389
614.6642
912.0983
714.6837
744.0743
1151.499
782.1544
816.1709
1799.617
704.8607
931.5628
2333.623
1322.51
2638.357
907.968
999.5873
3775.107
417.0597
783.4668
855.5127
888.0593
1025.784
355.6557
511.0641
436.5708
378.3466
606.622
940.2387
581.9169
1648.58
413.6002
822.0346
841.7524
753.0885
695.6346
498.0843
997.6173
1084.771
696.2462
639.9046
948.6052
497.3797
1673.133
982.4225
825.5764
513.0935
508.7848
831.1391
463.5047
1124.14
563.9462
962.4237
551.2092
364.0421
573.5843
1235.305
1180.22
701.9643
873.2091
449.1192
1085.858
710.372
1837.641
930.9638
1676.454
1715.706
413.724
1502.314
1315.815
881.1292
496.5411
516.43
981.9042
436.7809
548.5057
529.2153
971.5091
1026.356
597.1019
1138.734
866.9228
504.7149
493.103
1073.719
1596
356.0027
676.2941
752.4956
3243.396
811.4844
1174.909
438.3027
1795.652
1040.672
930.8345
1033.007
1703.581
273.9708
664.9539
771.083
855.4142
734.4182
536.6576
1383.058
638.0637
894.2098
396.5964
604.7895
877.9264
451.9611
513.0094
591.2748
999.4478
1125.303
655.1891
1464.887
994.1153
393.9132
1004.347
1041.726
1776.496
586.9056
636.4666
821.5066
799.446
664.5889
2091.487
1002.099
1393.081
1090.147
453.4701
603.6412
994.6581
466.2343
748.09
1219.787
1084.953
411.7172
896.36
303.8352
1543.199
2293.801
776.7047
785.806
748.8882
890.6381
916.2035
507.3373
868.0975
886.852
809.878
1137.984
681.7487
2919.877
2016.332
357.8886
590.954
846.2354
591.9353
2357.148
743.8272
1585.186
783.4131
994.8162
1411.362
413.1877
618.3087
1203.892
564.6733
1359.885
350.0212
894.9397
1134.566
369.0733
732.1873
341.9959
565.0457
380.8143
929.4789
810.5363
1038.452
807.1769
4656.116
1563.665
933.6875
1291.707
5522.619
1050.179
673.2743
710.6764
1140.367
1347.557
941.4617
540.171
453.4027
895.5718
347.1161
2465.223
502.6752
429.2164
1039.906
2029.731
951.736
565.4097
1090.695
647.7935
596.443
770.1976
510.0203
777.5716
975.8856
1171.086
750.68
755.3862
437.5905
1129.17
901.4242
1774.306
1116.439
1669.407
1744.98
1404.189
497.6622
931.932
816.4879
1096.108
484.0299
724.8335
1974.051
869.2246
751.8915
931.9249
634.3439
837.6158
513.162
677.3725
493.0616
921.0598
864.2432
934.9861
368.0928
1619.596
604.6182
656.7415
795.9827
661.1901
1054.346
611.7428
754.8903
1310.083
1215.035
904.9985
2380.485
379.8075
857.6719
1020.75
1397.067
467.5924
693.1793
582.7235
2280.785
1665.354
946.007
582.8637
1367.55
623.5018
1904.008
606.758
476.0151
1202.059
412.285
767.2169
1412.003
782.5638
532.6584
910.2031
575.9755
520.241
1408.265
1057.775
734.7199
866.867
684.3932
1175.223
1064.455
663.3536
777.5158
1004.453
