14.41318
12.35313
10.11609
12.73195
11.60295
11.92513
13.08577
12.92202
12.33809
13.18658
11.52905
12.02704
10.266
12.42377
12.18368
11.60179
11.40205
11.85965
12.33497
11.01259
12.01838
12.80653
12.73207
10.57445
11.21797
11.82278
9.99822
12.08363
12.38267
11.17082
10.77191
11.87709
12.65573
10.42809
13.12838
12.61393
11.15819
11.75291
11.06356
11.78384
11.47038
10.9408
13.28051
13.31113
12.64264
12.94915
14.23728
10.0511
10.98688
13.17872
11.10887
10.72601
11.79186
10.25688
14.04615
12.26731
12.46744
11.02911
11.9341
13.22491
11.36561
11.96549
10.60202
11.29587
11.60197
11.14763
11.54637
12.4421
12.60938
12.04853
12.24599
11.80097
11.07319
11.87677
12.51831
12.75574
11.32912
12.56129
12.16189
12.37983
11.12799
11.95628
12.58043
12.03878
10.65755
11.12305
12.22479
10.94358
11.94006
11.56335
11.5205
12.82991
12.76075
11.88315
10.80844
11.10808
11.41691
10.32059
10.75136
12.24949
10.57914
10.57902
12.59809
10.32129
11.84911
12.30531
10.97217
11.44219
11.80408
10.77223
10.89369
12.14911
11.47047
11.61542
10.79233
11.77247
13.27823
11.17186
9.898004
11.92501
11.22918
11.06045
11.36766
12.3311
11.29091
11.17438
10.96741
10.85894
12.32365
12.41495
10.75207
11.45678
10.35873
11.23396
13.34991
10.83147
12.58007
12.86252
10.26022
12.2529
11.10762
10.61741
10.60804
13.28057
12.86415
10.65477
11.63684
11.09249
11.06105
10.17175
11.80359
12.1938
11.65175
11.64019
11.75279
11.41545
12.46094
10.85893
9.953721
11.52033
11.31083
11.34669
12.58962
11.76897
10.90886
11.78895
12.47296
10.30449
11.87203
11.34326
11.40753
12.52438
10.76142
11.7161
13.48217
11.97035
11.7459
12.54605
11.50558
11.5303
10.99224
12.06788
12.20482
12.17055
10.25343
12.08122
11.42036
12.61557
10.29674
11.88587
11.58289
10.53121
11.14714
10.21692
10.17516
11.60042
10.84799
9.853731
10.27924
10.00342
9.916247
9.815785
9.509571
11.27675
11.9094
10.88154
10.17606
9.947169
9.971446
9.570889
11.50341
9.499998
9.962315
10.30818
11.37092
11.05665
10.23098
10.74705
9.981679
10.26097
8.736262
11.34673
10.13194
9.943551
9.548415
10.1557
9.439324
9.402082
11.07363
9.097492
9.367212
9.119763
9.006182
9.153486
9.631146
9.517844
10.76176
10.02948
9.784905
9.469819
10.20444
9.482365
9.945219
9.771006
10.28652
9.343854
9.083151
9.933353
9.387103
9.944892
9.081309
10.07126
11.22823
9.653196
9.601282
10.11052
9.67769
10.5171
10.40328
9.797729
8.275119
9.565211
9.617363
10.98596
8.744943
9.420567
10.00288
9.229221
9.426843
9.460046
8.452619
8.190624
9.310756
9.410213
10.1463
10.17961
9.900237
9.330952
9.510522
9.506849
9.428018
9.162166
9.480231
8.933997
9.354751
9.942792
8.727112
9.237833
10.12355
9.813536
9.690503
8.217788
8.678049
9.672809
9.998973
11.18736
9.839702
11.08177
10.04409
10.34987
9.337346
8.32144
9.720498
11.53678
9.242242
10.14509
9.471292
9.416421
8.299503
10.0003
8.64997
10.2603
9.571953
10.1969
9.967597
9.298599
9.496718
9.769647
9.076078
10.34245
9.608116
9.985601
8.479239
10.05594
8.852517
9.034734
9.962243
10.53862
9.759234
8.870403
9.881054
8.767863
10.69072
9.356875
9.418779
8.956752
10.32668
10.72941
9.712306
9.4459
9.822063
10.32911
10.61194
10.97827
9.591349
9.461476
8.760549
10.1115
10.45321
8.805047
9.673768
9.591137
9.571748
10.91313
9.860754
11.40221
10.89958
10.27568
8.920767
9.504045
9.987458
9.757277
10.18757
8.995874
9.858886
9.377305
10.43684
9.465345
8.57866
9.394104
10.89952
8.762337
10.53043
9.890349
8.144072
9.154757
8.825955
9.78617
9.758562
10.89113
10.27762
9.304531
8.815875
9.437198
9.956551
9.664735
9.909423
10.36354
10.90167
10.10911
9.395377
8.916562
8.76568
10.00921
9.638897
10.54406
8.124425
10.01569
10.39048
9.606432
10.80367
10.02585
9.62626
9.52661
10.65552
9.278144
8.921149
9.932601
9.085813
9.875514
11.12378
9.666003
9.635561
10.43355
9.902318
10.39524
9.68789
10.44998
10.09541
9.450724
11.28868
7.443614
9.979012
8.998124
10.23298
9.465688
9.115451
7.929188
10.08366
10.96462
10.48309
10.58947
10.07357
11.51999
9.757579
10.04363
8.856857
10.65105
10.28803
9.841111
9.375542
9.724427
11.09078
9.065042
8.877522
8.674343
9.54606
10.55863
9.646146
9.45468
8.864878
9.500324
9.722418
10.53582
10.45555
10.61632
10.30805
8.769066
10.35183
9.679384
9.280383
10.58597
9.032916
10.75434
9.608984
9.805369
9.252875
7.88328
9.398757
8.590325
9.453461
9.173979
9.728442
9.780877
11.61502
9.368645
9.132644
9.379778
9.318661
9.148163
8.390808
9.762291
10.56045
9.57281
9.805947
9.985967
10.82505
10.56612
10.51532
10.96874
9.011838
10.19788
10.13903
10.46837
9.941588
9.538993
10.31806
10.07734
10.72782
10.08054
