219.4232
194.3085
182.2965
193.6334
201.15
192.7878
210.5409
211.7616
192.3183
167.5561
209.7821
188.6926
196.0421
167.7546
168.5788
202.1283
198.586
161.5472
164.0002
181.9621
176.0325
183.6292
176.846
178.343
194.2813
178.0806
184.0779
148.2701
201.5522
145.3904
171.151
239.9633
175.3476
179.7504
189.2392
171.1875
180.6089
156.6959
185.0026
179.0269
203.4444
169.4513
191.9391
168.9382
170.4999
195.4377
176.2648
185.1459
169.9261
188.211
163.751
157.7805
166.4258
148.1997
158.9907
160.7176
170.2068
175.91
172.9341
179.4193
200.0241
165.1686
223.4991
189.1166
210.1586
192.1767
194.1605
178.9106
192.8248
198.6922
201.1552
167.9065
149.0689
179.721
158.588
181.1113
212.1498
179.0983
210.813
178.7386
204.1892
182.23
208.0557
169.5108
169.9531
159.7612
180.769
163.7218
179.4893
163.1638
191.7543
195.4611
177.3707
179.8329
184.0735
194.6097
158.2896
209.6948
192.3431
208.6502
183.5829
175.8087
188.3252
176.7633
158.2853
162.0069
150.9191
208.0869
189.5514
186.9276
180.6613
184.5101
132.67
180.6719
163.0942
169.8386
210.0834
198.5616
180.4536
171.9309
154.1091
193.4246
186.4774
159.7991
209.4358
184.8551
189.5143
208.2705
165.1514
177.68
162.8364
176.1354
211.926
165.3484
216.5647
157.4298
171.2396
176.3457
232.0543
178.999
173.5033
170.2709
179.3468
182.6686
158.4366
163.7974
179.9175
188.7662
152.5731
175.0332
191.0004
172.7868
195.8541
154.7961
167.6585
177.5492
177.5952
159.7944
163.1201
177.7028
189.029
200.6564
217.3928
152.822
153.9875
198.4722
185.6193
179.3873
196.5416
187.4367
183.4442
191.6794
182.9519
181.5851
175.6514
176.2751
175.7589
171.5993
180.259
171.1328
167.4709
166.1776
168.4974
167.6144
171.5202
179.4232
168.5831
166.5686
186.6586
197.4389
187.9852
205.2631
208.9108
193.9546
190.574
189.6456
185.7605
171.5373
197.6003
167.0146
192.9544
160.5335
207.9307
172.3016
190.5766
161.4272
166.3697
162.5623
149.7366
163.906
164.5145
190.7993
219.9435
180.8859
206.4676
194.249
174.3367
189.8702
158.4469
176.122
176.3648
178.0824
178.964
194.8465
183.3131
164.6045
167.0757
176.1456
196.5411
156.9116
177.6644
175.7011
190.256
179.8896
190.5131
179.4083
190.5611
183.781
183.2691
150.5332
167.4574
161.1556
200.303
198.0521
202.9055
171.4048
202.5266
190.3473
171.7795
174.6971
184.789
190.7296
187.3231
171.3504
204.9588
233.8075
175.0248
164.1784
175.6743
187.1967
177.7692
181.004
193.4578
167.0248
165.5394
166.3609
192.5146
175.2074
192.6244
219.9705
215.176
161.1239
175.8006
154.685
155.3013
205.4871
163.7835
157.7846
208.8625
196.4163
207.3046
210.983
208.1119
186.6361
184.5917
194.3179
188.1186
201.5465
184.2437
189.7473
196.4318
161.804
204.3442
183.6159
186.7682
204.1698
222.4854
199.0048
174.2336
168.729
180.2328
189.4244
185.2485
180.9805
182.0639
171.4934
163.1719
179.6466
192.4503
169.1085
186.4349
179.2959
165.8845
184.7608
198.7799
200.9122
202.0954
186.8264
182.9374
178.1509
175.4127
183.4949
151.6375
164.0549
163.1025
157.2504
202.4675
157.6297
168.5819
169.8198
184.2491
176.7157
242.2172
179.7007
187.4126
206.9465
198.4548
181.2474
155.1357
158.4086
185.6188
188.8804
173.156
190.7747
185.1937
182.1166
159.3124
177.6464
182.4919
161.2285
202.934
196.1357
212.2611
179.2491
164.9311
142.312
179.7377
181.5757
188.5773
189.6472
174.5791
162.7782
176.2832
164.7863
179.3749
176.1021
184.7044
184.9122
173.5318
183.5242
144.061
151.9475
179.9723
189.6802
208.9031
179.6721
180.758
167.9614
181.3364
193.7856
202.169
206.2748
163.1989
182.7722
170.6981
205.0194
195.7391
176.9795
179.517
136.8098
196.1791
213.2122
170.9148
182.1636
213.1912
200.096
174.1863
183.6771
194.0689
175.9327
220.0841
185.1974
186.3663
191.2757
173.9451
161.525
150.0628
165.0459
148.9022
185.3341
169.9588
194.7489
174.6408
174.5007
184.0228
181.6888
203.888
208.3037
172.5398
178.1772
184.9635
216.4903
162.6013
203.748
201.3836
182.4246
160.0202
186.9066
158.0084
208.0146
144.7594
167.0513
191.7089
174.9132
187.245
150.3309
176.7951
176.6271
201.191
202.2649
180.1717
167.569
157.2066
156.91
165.7126
182.7382
161.9195
176.427
147.3061
198.21
154.4795
193.4285
187.8826
152.5413
210.3436
183.5522
171.2884
199.0477
187.7333
179.7731
174.8455
148.4576
166.4883
191.1591
175.4439
177.3758
188.9841
171.7184
175.6368
179.002
181.343
169.1326
227.2814
166.1358
173.8152
164.8371
150.1827
181.8724
191.1628
215.3062
198.7196
179.5657
171.505
173.5864
192.3518
176.8631
184.8497
165.0432
222.9105
158.5466
173.5622
171.4263
190.8822
192.2373
219.0839
175.7023
152.307
157.0408
161.0238
206.2058
