577.9872
767.733
634.8516
686.945
748.9214
587.6323
594.084
544.5811
633.396
612.7249
609.3999
574.1575
747.4742
629.4831
678.3729
646.8752
676.9453
604.8392
704.1459
609.415
605.7424
730.4422
604.3344
668.1151
672.0168
618.6684
657.2013
681.1021
597.916
637.471
541.9644
683.0889
568.4599
711.6886
676.2159
674.4517
637.5677
709.1474
710.9438
611.3891
727.7148
656.3848
668.3887
566.8254
592.779
561.7598
644.8845
619.9878
615.7318
700.766
574.5606
609.8782
615.6994
796.8648
608.8386
643.6623
642.4355
610.5552
595.216
716.9009
666.5293
733.7069
675.1159
614.5327
644.4755
621.1473
596.747
657.412
645.8044
639.1861
628.7928
608.0654
650.071
675.22
706.742
668.224
605.3749
499.8885
647.2934
680.8499
642.7589
647.171
612.8576
634.256
633.1225
649.6803
616.8301
669.3837
646.5095
643.4474
633.438
659.1437
622.3727
742.8521
653.8801
695.848
673.5391
638.6272
549.298
599.6041
587.597
610.3056
676.6749
724.4102
567.5319
638.6047
668.8605
617.9561
531.1225
569.89
723.9562
616.4889
487.5524
686.1421
636.902
581.0039
725.655
588.3169
618.6012
700.9864
524.0045
654.9693
602.0944
674.338
527.2147
724.0006
598.7945
623.857
677.1915
694.0722
650.8047
559.5413
575.9516
727.2285
585.1149
672.1063
589.0628
627.4677
548.1346
542.976
636.5804
634.5582
600.2197
707.7666
582.8895
652.793
624.0119
624.5871
619.5382
596.5576
709.4398
604.3756
666.3015
677.3075
708.104
595.7202
625.3231
521.1657
542.5697
740.1297
654.0039
674.3179
587.746
636.6907
684.8699
622.8839
686.3186
742.8783
577.6351
711.6126
578.6879
654.0293
606.4989
619.334
627.8242
597.5042
772.555
624.685
602.062
680.3746
617.6231
624.6195
617.2709
666.4972
725.5106
543.34
667.4304
667.7095
611.3974
568.8315
682.1549
789.5305
607.0541
600.4805
608.7871
648.0295
747.3004
562.5868
603.5214
636.5837
663.8814
677.4333
653.1518
698.0149
704.167
607.8574
706.9047
586.9258
602.0921
673.7755
669.116
684.8844
669.9756
556.3541
692.6851
590.5348
614.8613
585.8913
556.8784
584.3265
660.5718
695.2703
637.2384
690.3356
553.6889
672.982
739.3156
625.1524
613.2767
567.5101
707.3504
698.2233
652.4946
687.7188
613.7148
505.2214
575.8397
665.7957
694.7326
563.1643
615.7808
642.1443
745.7387
689.3162
630.9372
706.3204
657.5097
590.9909
623.8234
633.9454
600.5764
731.1628
706.6333
593.9266
748.7601
677.1038
599.5319
641.2846
646.0387
667.1048
614.7703
655.2903
630.4075
778.5655
616.3837
622.8633
701.783
664.0296
782.2936
587.1977
582.2368
632.972
700.8358
578.945
551.3942
712.4699
675.3249
619.494
711.6725
616.5665
693.9393
621.6
572.5192
659.5435
555.1895
646.8844
639.9095
716.8215
635.0895
687.4444
706.9362
750.0589
679.3079
639.2967
637.929
633.8715
670.9561
707.4933
682.0828
760.5793
621.9352
608.6144
631.5233
750.4455
602.0073
700.5196
579.1355
705.598
525.0741
634.919
605.3647
640.3186
570.5904
748.3024
719.1401
625.9734
584.2125
709.7561
699.0603
698.289
680.3305
679.8983
629.4782
620.6978
684.7646
589.6861
628.3055
667.7121
619.0105
643.5698
647.0555
731.6134
568.11
569.4984
708.6106
672.6746
661.3341
598.8407
682.0752
701.9898
637.7976
648.0797
584.4046
589.4618
614.1126
678.9062
837.6355
627.1423
595.5547
637.8813
542.1329
746.5491
668.9254
607.58
667.5259
615.9272
592.0013
619.1118
632.2003
615.771
567.0997
631.5355
651.6149
737.973
675.7286
657.058
599.9719
510.7458
693.7708
575.5932
637.8934
577.5787
511.8713
631.5157
767.7951
684.6451
583.9106
648.5687
725.9999
623.3995
633.3168
709.0556
775.9111
595.0333
588.9832
607.8256
586.8909
608.176
593.2414
669.1811
789.6879
612.6833
567.3493
606.7174
656.5106
618.6727
583.6002
693.3404
553.4141
654.466
660.2944
741.4989
690.9703
760.1027
572.1398
550.4765
623.589
592.7524
679.6244
759.558
605.3579
625.4647
677.1206
685.4247
666.0547
663.4621
591.0096
699.8957
641.5502
598.1038
847.751
574.0525
595.4291
604.4419
607.121
591.9533
668.7176
735.0351
737.7815
629.1724
532.9894
536.6466
566.5242
656.3349
603.2418
670.8816
655.3233
603.557
617.2006
635.6079
654.2541
578.5144
637.6074
570.408
723.3765
581.9871
788.8681
665.306
666.1861
655.2452
673.2382
733.1331
632.1281
619.4487
718.5773
663.7695
694.2408
677.2194
564.2548
614.2447
647.498
635.046
693.8295
622.6798
704.4531
527.5668
568.3604
703.6185
566.4059
678.8706
630.0639
671.2845
606.2741
627.4471
605.8737
608.3198
645.0236
629.9691
666.7026
647.1541
508.4298
700.5377
677.9864
642.2453
611.4528
617.0328
538.7976
698.4138
610.1743
544.2112
636.779
637.0184
664.5004
574.5806
708.1661
636.586
595.1199
718.4374
616.0297
681.3629
