6.856636
14.38066
32.91464
129.2194
250.5172
1056.851
3467.855
7018.895
24939.99
21092.52
16080.73
5007.353
2161.572
1099.116
989.919
632.5285
458.4685
250.5897
88.36108
65.97858
46.50662
47.60533
42.87898
29.30976
16.93843
12.75135
12.08448
13.49774
6.861998
7.041073
4.484033
4.757997
4.671677
2.958139
2.812647
2.497473
2.583759
2.636001
4.866191
4.428044
7.73452
4.972111
4.124368
3.020123
3.561614
3.286475
2.985332
5.354585
3.739351
4.974459
3.827646
2.800089
2.447454
3.902583
5.805889
9.273252
6.761455
7.551069
7.588613
5.258273
2.860677
3.061088
2.546153
2.702661
2.466815
2.29125
2.048389
3.7715
4.365356
5.343776
9.828698
9.757819
9.282123
6.878331
3.085426
1.338622
1.3716
2.168411
2.654327
3.77137
3.659694
3.681197
3.605392
3.004191
1.903141
1.753943
1.439716
2.350216
3.012227
3.38989
1.873162
1.603985
1.400885
2.456336
3.287616
2.057357
1.502126
1.591015
1.946788
2.943896
3.979335
2.076052
3.025621
4.711562
4.11802
3.200808
4.916136
3.67547
3.074372
4.879521
5.30289
5.930388
6.308695
4.220639
4.641458
5.656734
5.987532
8.120587
6.166333
5.066508
7.322612
5.782239
5.441032
6.165518
6.257112
6.702356
9.035469
9.157862
12.15308
6.854209
9.744008
8.611787
10.78435
9.875518
10.15727
9.283739
10.33061
9.917865
8.71034
7.106452
7.203947
7.858083
3.737173
3.158545
2.958301
2.615153
2.292986
4.016429
4.399925
4.308357
2.291587
1.516264
2.484819
2.070953
1.835098
4.144811
2.737223
4.186691
4.384567
5.302104
6.457314
5.955851
7.234833
3.949197
5.831614
9.578951
10.5691
9.820011
6.1308
5.712672
4.470097
2.424199
1.962812
1.993633
2.509701
5.003973
5.132858
5.287835
6.593707
6.110845
5.411734
5.473631
4.962289
6.005885
3.722407
6.254648
7.000926
4.597017
5.380967
4.651797
3.895512
5.629658
4.385282
3.344789
2.668985
2.704754
3.877176
3.559686
3.559582
5.102008
6.607757
4.866157
3.429694
2.800857
2.600025
2.224124
2.71176
3.126058
4.692655
6.292839
8.504475
6.100402
6.586583
5.456827
4.780396
4.997961
4.976359
4.445353
3.630419
3.375909
2.812567
2.196837
3.054582
3.977057
4.373773
3.531512
3.466158
2.984348
2.82855
2.120584
2.441867
2.7382
4.022927
7.012494
6.211131
5.627003
4.862319
3.794017
2.945528
2.828389
3.525891
3.176248
3.465625
2.742492
2.154145
3.607408
3.741706
3.391702
2.623862
3.6572
3.460311
2.641326
3.604008
2.729474
3.583165
3.769747
3.015469
2.651548
3.22248
3.991095
4.436051
2.782944
2.947627
3.674477
5.023483
3.991799
2.321439
2.932696
3.311094
4.535581
3.493647
3.43402
3.037989
4.63812
4.365058
6.512327
4.897123
5.969903
4.0889
2.61642
3.075615
3.640636
1.956377
2.013027
1.964484
3.230374
4.816516
5.254971
4.49586
3.30975
5.266411
3.153721
2.419541
1.729814
3.466953
2.628359
2.708237
2.221518
4.467892
2.622099
2.695329
3.689043
3.780966
2.548286
2.749569
1.983841
1.082954
2.1805
2.538154
2.497104
3.958954
6.88091
7.145726
4.895435
3.226897
3.196748
1.810986
1.182768
1.738393
1.682419
3.681013
3.403551
1.35924
2.938345
2.797035
4.573391
2.344648
2.856155
3.527522
3.168766
2.350761
2.037651
3.179561
3.10502
3.865397
2.523978
3.524792
5.214015
5.466373
4.411966
5.283405
5.973814
6.81155
6.364484
5.412098
6.577908
9.208222
5.088952
6.195687
5.168079
4.396842
4.489629
5.065361
5.046101
2.793893
3.1563
5.281317
3.963846
4.310492
4.247795
3.819735
5.168032
3.734528
2.034367
2.523451
2.556426
3.74457
2.391484
3.274129
5.537868
5.469538
3.981632
4.134234
3.101993
4.489841
4.91371
3.61784
5.742513
5.856355
4.931883
6.944794
4.132937
4.180409
3.757858
5.304831
5.067961
3.554606
3.940204
4.41902
3.729572
4.363434
3.770884
3.468534
4.437216
5.66085
5.181518
4.588563
4.439612
3.303764
6.16395
4.701898
4.158923
4.125959
2.752705
2.053769
2.183624
2.165287
3.487788
2.746665
1.641805
2.008
2.241522
2.05153
3.776064
4.323721
3.560948
4.461332
3.631385
3.616322
4.661762
5.27165
3.812574
7.823158
5.723734
5.465317
4.310221
4.508304
4.020744
3.657704
3.795961
2.954288
3.050998
3.031675
1.592618
1.79013
2.279499
1.867781
2.036275
2.148374
4.076797
4.020175
2.022405
4.529503
2.730927
2.004093
2.518677
2.413408
2.78805
3.404247
3.260123
2.920342
3.314259
2.586484
1.853253
1.79844
1.789094
2.41683
1.807666
1.971589
2.772414
2.092985
3.446122
2.424493
2.93311
3.661713
4.168462
5.633775
5.493883
5.784378
3.932738
4.792007
3.301177
4.08483
2.456942
2.622972
2.447261
2.997642
1.636464
3.806609
3.486137
4.405971
3.927469
3.935447
2.869462
2.429223
3.60499
2.678406
3.255797
3.792269
2.554144
3.359971
3.31691
2.686115
2.176375
3.547336
3.733816
4.166385
3.642223
3.331498
3.278736
