89.79102
87.84702
91.30707
80.13854
65.59111
44.71608
16.6949
14.05909
12.46949
13.00501
13.2637
12.77185
14.49917
13.79358
13.31452
12.59917
13.00869
13.69578
12.49035
12.45226
13.05632
13.22523
14.0745
13.46247
13.14286
12.81057
12.20286
11.95511
14.25773
12.78192
13.39659
13.52461
13.3601
13.98829
14.06034
12.65316
13.92413
13.40095
13.13278
13.22168
14.25889
13.26499
13.2872
14.27514
12.83269
13.39655
12.53989
13.5031
12.27494
13.37831
11.82799
12.93669
12.79754
12.64157
13.61044
13.4566
12.52347
13.01303
13.87941
14.63652
11.9327
14.33073
14.1078
13.25853
13.25924
12.74907
13.84702
14.37834
12.4736
13.00909
13.86635
13.83841
13.76631
13.23108
12.17228
13.44929
12.66795
13.40135
13.89758
13.24223
13.51612
13.26126
13.80316
13.42763
13.41746
14.28093
13.45433
12.348
13.70405
13.83042
14.08883
14.51777
11.85796
12.96183
13.89089
13.38434
12.838
13.33567
13.69779
13.73138
12.57479
12.08251
13.6319
14.98934
13.18436
13.96255
11.90788
12.97654
14.13363
13.82151
12.915
13.38484
12.92957
13.27727
12.2855
14.0726
13.23826
13.5911
12.43841
13.32276
14.22491
13.76204
13.20237
14.20829
12.73674
12.83433
12.91618
12.94364
13.32967
13.40789
13.32208
13.34476
13.32473
13.61739
15.29028
14.17394
14.63511
13.06039
13.07503
12.8264
12.74722
13.58863
12.12479
14.4807
13.27437
13.81148
12.64655
12.72293
14.50307
12.39941
13.63418
13.10795
12.43102
13.78977
12.5308
12.70255
13.33806
13.06972
14.12133
13.83661
13.17292
12.05139
12.48829
12.77178
12.50438
11.77869
13.41843
11.98777
13.82342
11.73602
12.33147
12.6757
13.41631
13.20053
12.23184
13.19012
13.77957
12.41817
13.53434
13.63522
12.06698
13.04441
14.39358
12.96143
13.07962
12.84971
14.21355
13.25216
13.57438
13.59452
12.61789
12.52449
12.50006
12.85098
12.89415
13.87616
12.57393
13.92894
13.65429
13.49346
12.30368
12.26613
14.33422
13.77045
12.28856
14.12802
13.00932
13.4533
14.55119
13.08684
12.73434
13.53952
12.98087
14.34244
12.59539
12.44576
14.14108
13.9485
14.20669
13.61946
13.25694
13.27994
12.39241
14.54644
12.99755
11.82802
12.60403
14.01031
14.0311
14.20933
13.30699
13.98225
11.97
13.40892
13.5723
13.14183
14.06243
13.4263
12.74139
12.59859
12.70786
12.42887
12.24923
12.08724
13.16873
11.7916
13.9187
13.48015
12.70461
13.86651
13.48921
13.13465
12.61373
13.58694
13.09627
13.88254
13.57933
12.03579
12.24645
12.6498
14.14863
13.0248
12.64157
12.39355
13.15431
12.90906
14.41021
13.07861
13.76676
13.02124
13.5336
13.9523
13.81726
13.69528
13.62567
12.59338
14.04819
13.44763
12.60999
13.13528
14.30899
13.72548
13.13348
12.85287
12.8595
13.04255
13.85863
13.37499
13.21747
14.76281
14.78303
12.96837
12.98301
12.86331
12.98033
13.32118
13.61526
14.53235
13.77919
13.52397
12.92199
13.08424
12.4639
15.0558
12.67196
12.50922
12.85052
13.64198
14.26743
13.01938
12.89401
12.7536
13.22672
11.82345
13.46944
13.03467
13.15293
13.4335
12.98328
13.28924
13.81777
13.72841
12.7506
12.15172
13.13189
13.42821
14.93491
13.67605
13.12068
12.68773
12.21887
14.1453
13.70899
13.2473
14.17587
12.85818
12.41523
13.44746
14.52926
12.57031
12.63844
14.55837
13.97425
13.53632
12.68886
13.47366
13.05623
12.5683
12.40868
13.16579
14.50982
12.36232
13.29651
12.81837
13.02142
14.07185
14.59655
12.53156
12.21718
13.05894
12.78424
14.23331
12.43451
13.77257
13.00929
14.48524
13.16137
12.81412
13.31105
12.62275
13.07802
15.22002
13.79552
13.1719
12.35966
12.4598
11.55202
11.9687
13.61168
12.99204
12.94246
12.89222
12.53713
13.54579
14.50208
13.25657
14.22731
13.13284
13.2109
13.91542
13.92237
13.15236
13.50033
13.10113
13.09845
14.08106
13.21768
12.65268
14.03585
12.83557
12.38544
13.66022
13.00855
13.86346
14.33942
13.2816
13.38681
12.47934
13.20521
13.33135
14.40145
12.85025
13.51204
14.48703
12.86214
14.12193
12.58144
13.69959
12.59477
12.77019
12.48682
12.44265
13.48308
13.28691
13.57386
15.44314
13.38168
14.4897
12.9282
12.96046
13.11907
12.91152
13.44841
13.6583
12.81224
12.80119
14.37558
15.0345
12.67238
12.74639
14.38735
13.31956
13.40573
12.62874
13.36513
13.50021
13.43952
12.70086
13.33836
13.37995
13.97263
12.67421
14.10489
13.06492
13.79673
13.3653
13.34601
14.2447
12.6631
12.6588
13.11178
13.38731
12.97164
13.51847
14.77489
13.93189
12.83341
13.15895
14.04372
13.96686
12.73998
14.3714
14.33565
13.58677
11.63996
13.76544
12.52193
13.48787
13.99363
12.60659
13.12104
13.08744
13.51394
13.60219
11.96333
13.00207
13.72358
12.82237
13.55547
13.80478
13.49591
12.71841
13.93887
13.82845
12.30173
13.43961
14.02195
13.78467
15.51929
13.49769
