141.6005
910.4648
19680.13
15658.72
19076.75
17577.66
18185.64
20292.59
19015.67
19904.37
16876.93
16307.96
17536.56
17044.53
17765
17052.95
20211.78
18456.1
16882.87
18179.15
17558.54
17420.54
16431.19
15996.58
17355.43
19195.43
18603.37
17299.26
17337.39
21801.71
16475.12
19596.31
18018.42
20675.68
18373.4
19240.67
18168.99
16127.55
18835.66
20064.6
15832.02
17668.44
20140.08
17098.54
20309.23
17368.03
17442.23
16698.57
17715.27
17520.63
19509.47
16530.51
17324.37
18555.97
19809.2
21251.13
19796.85
15611.24
19790.69
21829.28
18714.02
15033.21
18616.93
18092.09
17742.66
20902.44
18741.18
19263.92
16608.71
21395.37
18325.81
16545.31
23515.07
18850.78
19230.66
17077.35
16097.28
19242.8
19902.33
20688.25
17929.03
16423.1
19650.06
18200.3
18840.31
18208.34
17148.98
15013.76
16930.09
20329.01
16800.04
18127.16
19706.98
17242.76
16382.92
17152.15
17055.92
18364.17
18416.31
20408.53
17934.3
17391.01
17263.24
21585.88
22872.1
21081.26
17250.7
20266.49
17902.74
17018.79
17929.53
16791.33
18981.15
20960.43
15870.35
17922.97
20205.28
19744.88
18334.42
17389.55
17065.38
21725.87
18277.75
15981.19
19105.72
17315.7
21618.53
21153.87
17689.42
14880.23
18369.37
20465.32
19082.36
19810.06
18717.79
22480.44
15918.94
20321.93
18287.46
17379.81
22077
22224.39
16748.91
19800.05
18068.92
17781.44
17686.27
17843.55
17089.26
20459.77
17945.67
21440.28
16582.21
17902.69
16356.96
17705.44
18785.45
21156.37
18559.44
19739.74
19076.54
16818.91
17797.79
16891.57
19134.12
18066.19
20022.97
18092.87
22318.87
16436.3
20779.17
20867.36
17463.34
17721.7
17309.45
14755.47
18766.01
17693.6
20336.1
19326.19
17425.92
17714.09
17154.46
21333.77
18074.8
19776.57
16667.69
20077.92
17517.98
18138.28
17668.53
20612.76
15961.75
18562.41
17062.02
20716.01
16677.38
15484.73
18256.41
16030.13
19746.97
18558.36
18100.82
18185.02
18873.74
19396.27
17562.88
19135.87
17789.07
18776.18
18234.05
19967.69
15759.94
18197.96
20109.81
15670.42
15716.03
19836.35
18803.71
17074.58
15162.42
22126.67
20255.49
18576.06
17637.45
17143.8
21852.03
19527.11
20396.54
15856.25
15230.71
17591.13
17764.43
19443.64
18679.81
20014.73
17798.11
18602.06
19750.34
15061.51
18378.56
16668.93
20213.45
19835.35
17575.31
17563.57
16859.47
15548.23
15994.68
17465.32
18214.37
18810.32
19124
19871.72
17361.59
16170.34
18606.83
17456.75
16550.95
14643.71
16426.09
19710.03
17845.59
18583.21
18136.44
20454.12
19835.79
19649.69
20165.93
16378.96
18914.24
21057.82
15946.93
17287.43
19120.86
21430.98
18184.68
15485.75
16470.59
18812.91
17041.47
16183.36
19567.25
16391.95
20149.93
18125.7
17525.29
17761.66
19181.05
16738.07
18719.5
16493.71
18090.69
18646.74
18349.53
21793
19577.58
19097.04
18732.47
20905.02
18235.95
17947.66
18732.63
19288.73
16724.06
21187.78
22279.81
17625.95
18604.48
17066.12
19484.87
17149.83
18389.84
17085.16
16641.85
19972.51
18421.41
19974.45
19244.37
16888.76
19695.93
18801.07
18435.25
18773.67
20469.07
17688.87
16600.1
22595.69
17681.54
18210.43
15158.68
20433.65
16509.33
20746.13
20562.79
17573.85
16209.1
19776.09
19368.25
18121.5
16578.69
16409.33
16858.15
19208.3
22179.34
16942.95
21819.1
16834.55
17784.03
19349.69
15546
17544.5
17078.77
17517.77
19700.66
16690.97
18235.5
16776.12
18933.97
17686.15
16904.7
18813.8
17462.06
20039.63
20008.94
19930.34
18779.23
15641.11
19070.55
17583.74
18380.75
19029.69
18109.56
17848.95
18368.63
17866.51
22296.27
17444
17079.75
16703.4
18282.88
17644.33
21444.84
19742.55
17736.13
19094.83
20538.73
18581.87
19456.85
18870.86
19016.26
17718.67
17943.5
18975.33
17891.67
16536.93
18236.64
19696.46
17957.7
18974.82
20754.29
18404.98
18595.57
18949.05
16547.64
18918.53
18427.44
19556.08
18990.46
16385.51
18626.91
16916.28
17379.17
17966.32
19327.29
18234.35
20905.85
21789.47
20044
16916.97
18064.84
19485.12
16719.25
20834.19
19250.21
18949.27
17326.96
20195.86
19611.77
19190.86
20265.56
17704.28
18511.02
22022.91
21517.57
17556.87
18380.99
18673.56
17368.79
16684.37
19978.91
17366.84
17463.33
17853.56
19980.46
23285.51
18652.57
19823.65
18082.4
17848.04
17607.71
17655.69
19088.65
16198.24
22395.44
20848.8
18408.84
18871.19
21458.39
17958.75
16100.52
18879.35
15611.22
18958.5
15420.54
19163.45
19147.12
19069.72
19032.28
18232.16
16764.36
17726.5
18638.48
18360.74
17933.56
17099.98
21192.24
19557.47
19570.66
17794.97
16543.15
17894.27
23249.51
19580.15
17876.56
19676.05
20705.07
20259.64
17874.85
20084.76
21317.01
19281.49
18341.51
18370.99
18223.31
18383.15
17657.15
16622.37
22018.06
19411.03
