87.50876
87.39507
87.21536
86.60338
88.67158
89.02015
88.58325
88.47252
88.62558
88.39964
89.63487
90.23933
90.40941
89.6265
90.5906
91.17793
90.721
90.06063
88.94227
86.47349
85.75709
86.18863
87.05719
87.01568
86.86694
87.73117
87.28349
86.7805
88.08254
87.95187
87.59166
85.67476
85.86394
84.54168
85.9385
84.64737
83.49433
82.64959
82.12173
81.45532
82.62314
83.66466
83.7335
83.23194
82.14666
82.6684
81.9952
82.34303
82.82431
81.81496
81.54026
82.05296
82.02168
81.09422
81.20231
80.42363
80.31516
80.31531
80.6748
81.83377
82.04267
79.99151
78.08942
77.87843
77.61398
77.41889
77.47165
77.609
76.91749
77.86052
77.83497
77.17906
76.19388
75.15947
76.27558
77.39333
76.63757
76.43949
76.86863
76.01698
73.05655
72.46348
74.51614
76.0697
76.40739
76.87022
76.15137
74.28817
74.08064
75.06216
74.4667
73.70875
74.63204
72.99857
74.06418
72.55221
71.93262
70.62898
68.87072
67.58956
67.3559
67.66083
69.36229
70.13426
72.88208
73.7241
75.03201
75.45407
75.43762
73.98244
72.24107
71.71749
71.69269
71.01591
69.74092
70.00657
71.3381
71.05667
70.79225
73.15249
74.17351
73.84393
73.28079
73.0318
71.56991
70.07266
68.96645
69.37032
70.0306
69.13715
69.60914
71.84526
72.29364
71.14967
72.53543
73.12938
73.78835
72.60977
73.75557
72.38067
73.16607
72.06024
69.46238
67.54423
67.28724
66.74377
67.77098
66.26634
65.80182
65.20696
65.8721
65.2563
62.94086
62.29272
63.66392
63.02661
62.3418
61.76663
61.58675
62.65818
61.68747
62.33089
61.37618
60.75634
61.26294
62.17607
61.80237
60.79405
61.38649
60.23113
61.19783
61.24257
61.65763
62.5446
64.19354
62.88363
62.76591
60.94493
61.09344
62.15832
61.85172
61.84497
62.43434
62.04995
61.77506
61.60393
61.48928
60.82431
61.31511
60.70455
59.95482
60.34879
60.68645
60.42082
60.86179
60.01208
60.589
59.24906
61.85028
62.47266
61.61104
59.71557
60.73947
61.96621
60.33516
60.69261
61.06907
61.52499
61.46331
62.8341
64.30178
63.31072
63.73333
63.42211
63.6015
63.13661
62.15922
61.83236
63.05889
62.55631
62.86054
62.66152
62.39113
64.27193
66.11412
65.54594
66.18232
67.0114
69.36325
68.75566
68.31802
68.25237
66.90334
66.09302
66.47146
67.12205
67.55494
69.86143
69.25303
69.4463
68.63379
69.17554
69.11085
69.44322
69.64722
70.15795
69.31091
69.35624
70.77454
70.55827
70.87042
70.37613
70.71536
70.74171
70.95383
71.48353
71.16401
69.62571
69.4981
71.04181
71.96391
72.88295
71.73062
73.88438
73.07794
72.35464
72.53413
71.93714
72.34228
71.32879
71.01356
70.26397
70.47134
70.10569
70.94436
72.30784
72.37027
72.60461
72.92117
76.00987
75.8919
76.84421
77.41411
78.06756
80.37188
79.8801
78.53971
78.17132
77.31448
80.43835
83.10634
84.12734
83.26576
85.53535
85.38685
83.42871
83.1883
84.85439
86.60549
87.87833
88.50397
90.14333
89.78216
89.40513
88.37947
85.98302
84.75127
83.9501
83.33491
84.54328
85.14189
85.00394
85.06209
83.45643
84.55547
84.64015
83.90548
80.9464
80.71736
80.10397
78.19571
79.4294
80.56977
80.20896
80.25699
81.35041
80.33393
80.89573
81.68828
81.5841
82.14931
82.12611
84.16037
86.10205
85.58169
86.42334
85.60923
88.08854
89.21543
90.21397
92.61571
92.81689
92.05807
92.90195
93.80504
95.68704
95.41698
95.16727
94.2568
93.37472
94.91091
94.38053
96.22746
96.30701
98.973
98.88318
100.2934
100.2454
102.3463
102.7159
102.5177
104.0432
102.9537
102.0442
102.2585
103.4189
102.8988
103.4653
102.0168
102.3015
102.6555
101.7123
103.0635
104.7787
103.3927
106.2401
106.3359
108.513
108.7304
109.0355
109.0579
107.9754
107.8627
108.5846
109.9598
108.4543
107.8916
108.5381
108.9763
108.1458
110.2208
110.7393
111.4349
111.677
112.68
112.4895
112.2299
114.5392
114.6361
115.6437
116.7774
113.7204
112.5269
113.1715
112.3173
113.7064
113.655
113.0052
113.7448
112.6113
112.1487
112.1263
113.3751
115.5446
115.1195
114.8834
112.5384
113.1044
112.6648
112.6173
112.4599
109.7496
110.0949
110.4798
109.1518
110.8009
112.302
112.3799
113.5843
113.8662
114.1145
114.2733
114.9572
116.0006
115.4961
113.9737
114.9533
112.7613
112.4738
111.2867
110.3835
109.4283
110.2143
108.9456
108.1415
106.2859
105.823
105.7736
106.1428
104.9162
106.3043
106.319
105.9727
105.9578
107.6993
108.1053
106.6371
106.3029
106.6358
107.0182
106.8547
107.9681
108.0622
106.7071
107.4246
108.4664
108.9646
108.6142
109.1572
109.0216
110.0231
110.9513
108.8774
107.7193
107.3513
107.798
107.641
107.6832
110.4937
109.6675
109.4398
107.8708
108.8426
110.9622
109.2729
108.1806
107.8977
107.2328
105.9432
104.1962
103.6872
105.9665
104.8948
104.0121
102.2896
101.2369
102.5398
101.9883
100.84
99.10262
