206.4862
224.5171
278.0222
291.2463
292.6106
205.7582
153.7591
498.488
299.9048
174.3366
130.1407
171.4652
154.131
187.9177
563.1139
117.9284
558.1449
786.4902
345.2245
313.0225
554.3687
271.6581
115.9202
230.3578
235.4981
122.7729
133.7135
85.10793
542.4611
240.7458
167.6769
363.7596
150.184
172.7547
119.7196
562.7191
209.9226
464.6143
501.3269
270.5978
114.2085
269.5849
182.6808
130.796
319.5759
434.1584
186.2753
350.6682
172.9011
213.7051
84.36844
239.8809
274.9825
181.9545
218.636
392.7277
298.1924
906.0646
195.163
311.5029
123.3204
407.2784
568.2019
202.1803
210.9662
379.527
458.0809
322.9339
343.5898
133.1765
285.2719
278.3764
212.4343
165.0536
268.795
328.8173
285.0283
245.0127
236.8559
164.454
283.302
213.7657
1072.733
386.9268
215.606
279.2057
253.3031
403.9424
429.3445
375.6509
529.7668
241.0206
615.4795
243.7962
256.3962
145.7636
829.6253
612.4356
288.571
178.7395
418.3254
243.1868
333.6645
553.2144
410.7951
498.1746
169.3909
190.8913
243.9583
298.8356
198.6557
207.4427
183.033
263.5014
364.6995
486.6558
1346.729
216.4715
258.0939
405.8729
281.3161
774.4899
251.0091
191.0584
428.1969
431.5311
806.959
368.7763
405.3221
348.9593
477.0971
551.0985
369.053
326.7622
578.5942
253.4321
383.4126
289.4488
385.51
441.714
314.1394
1513.361
370.1625
131.4177
599.288
406.3501
276.552
270.6128
232.5637
333.824
273.5285
222.4111
193.2943
305.2126
265.5827
434.0404
217.3109
346.5012
265.2121
249.0742
362.4328
219.8256
384.0214
303.0609
348.0345
657.9499
177.1957
313.3018
136.9084
335.6312
310.915
357.7822
282.4437
253.6859
297.5056
657.0959
336.1248
381.7613
327.8731
552.6996
258.1069
475.2893
193.8091
530.3672
1120.589
154.8438
375.8008
739.317
358.7483
461.3751
176.3064
181.4848
1356.563
607.6388
103.0785
269.6547
261.9965
258.2869
142.6764
316.1693
290.4509
199.1841
120.3008
159.9922
961.8255
338.651
355.4081
275.7323
274.0847
262.3639
115.5939
235.0105
319.7666
243.8631
199.7343
480.3349
271.3463
186.0537
455.2079
196.9444
595.465
151.074
367.6313
200.1791
514.8594
749.441
270.0834
596.7295
207.8098
917.1231
307.7833
305.2108
295.9594
231.4248
570.4595
175.5613
728.6045
284.9895
366.6299
417.5029
645.0398
651.7523
295.1585
173.0211
777.8658
367.1386
264.6132
1174.741
254.1519
379.1245
486.1644
448.2144
283.7195
504.3182
234.7059
229.8135
220.2607
351.1966
754.3031
405.1954
279.4948
239.4311
266.8353
277.7818
192.6224
422.0363
171.4119
177.1769
345.9068
274.2151
246.3066
384.433
199.5002
186.1918
228.1016
204.8875
300.9689
344.6318
163.6607
468.1134
1311.57
625.8454
303.3162
314.0363
261.2252
314.9542
489.4103
257.6962
1257.966
266.1164
346.2411
349.092
175.9228
289.5194
279.3918
268.2672
283.4604
118.3941
481.2197
988.8239
187.4842
689.4632
550.3127
269.6098
440.7101
266.4573
192.9651
188.4734
426.0986
252.893
155.86
206.2658
337.1735
827.3993
185.9232
327.0248
380.4554
647.0997
782.0777
146.3293
229.8334
269.8029
266.6293
316.7625
465.6226
469.6806
200.1231
240.1761
854.4493
299.5299
336.0638
208.4624
210.0773
699.2264
272.6177
818.1231
166.5349
344.4573
330.8513
304.1443
133.8553
383.6009
478.8467
526.3094
295.0025
297.586
184.9948
539.3964
126.317
229.3423
425.8617
248.9594
141.6495
284.679
1027.421
214.7269
289.4246
217.6868
442.5339
688.565
1316.523
393.6311
355.5711
315.5315
210.6002
560.3858
294.1515
193.943
603.4642
302.3013
454.4052
399.1769
584.094
141.508
269.6896
109.1398
306.598
212.1192
511.5769
297.5119
183.406
149.9149
278.8753
281.6166
259.6816
207.0007
507.0503
166.5328
366.0475
506.23
304.8392
427.3087
296.5968
370.1523
260.2624
414.3756
345.1419
302.6329
449.8264
421.8604
337.3761
385.393
477.4896
302.9402
147.4838
460.5932
323.2653
283.2337
558.1289
209.265
215.8361
385.2253
244.9698
227.532
284.9505
211.8141
201.7266
241.2112
215.2454
379.1319
117.6633
266.9001
305.6912
196.4688
130.6375
226.5145
176.7049
196.0708
277.706
312.0328
311.0254
342.1978
228.3505
225.5615
139.2835
179.0786
419.4675
262.1621
197.0417
407.5499
239.4079
239.4202
159.9678
153.5276
292.6565
120.1191
216.2419
342.3928
176.602
197.391
238.0212
156.2619
211.7585
327.1164
115.0338
212.6619
281.4962
269.1183
291.6467
654.5276
204.3258
355.4099
669.0456
339.7654
321.657
148.4613
133.0094
236.5222
200.8436
192.6697
302.0452
366.0905
183.2293
332.3699
127.5427
191.9487
166.3642
533.0651
517.6219
167.91
304.053
271.2485
204.6927
239.6945
1121.761
383.256
430.115
348.4649
641.6479
464.4317
182.4057
1055.923
155.6553
138.5118
293.0634
366.0762
297.9111
450.9127
228.7656
123.4868
