103.1736
102.9601
102.5862
102.8823
103.5154
104.1521
104.3137
105.0474
105.2013
105.0439
104.9716
105.1347
105.6019
105.0701
105.6261
106.344
106.6399
106.5298
107.3434
107.7807
107.9979
107.4475
106.8632
106.9567
106.2655
106.1525
106.0293
106.8748
106.8635
106.4709
106.4482
106.6558
107.5871
107.019
107.6748
107.6567
107.8313
107.2706
106.1447
106.3929
106.6392
107.877
107.2724
108.3723
107.5739
106.8698
106.6143
106.9891
106.4475
107.1215
107.1777
107.6213
107.7052
107.4089
106.6739
106.8267
106.6251
106.8666
107.0153
107.0812
106.0431
105.6695
106.4968
106.3273
106.5697
106.869
107.4548
107.1518
107.9324
107.8225
107.9221
107.6133
108.2984
108.5346
108.2257
108.9689
108.7212
109.2576
108.4263
108.1663
108.2693
108.2038
108.1071
107.8083
107.9467
108.2543
109.343
108.9994
109.1833
109.0036
108.6893
108.9681
108.9264
108.8726
109.0347
107.7296
108.3016
108.0601
108.228
108.7597
108.737
109.45
110.7015
110.6852
110.3198
110.1758
109.9607
109.6626
109.7317
109.12
109.6346
109.8016
109.1835
109.2264
110.0267
109.5237
109.2126
110.0897
110.2173
109.9561
109.4791
109.3874
109.7784
109.4572
109.9378
110.3791
110.4802
110.756
110.111
110.0398
111.2299
109.9949
110.3003
109.9211
110.3338
110.0466
109.83
109.5295
109.0137
108.3546
109.0669
108.6497
108.5422
108.6361
109.3162
109.0443
108.5537
108.9486
108.6965
108.858
109.4322
109.5917
109.9903
109.692
108.9062
108.6992
108.4177
108.4023
108.0813
108.36
108.1567
108.081
107.7843
107.7231
107.9948
108.324
106.9625
107.7356
107.7928
107.8415
106.9208
106.6669
106.8993
106.7944
107.7341
107.1907
106.6067
106.4743
107.4712
106.7865
106.4029
106.1554
106.5167
106.4774
106.9334
106.9986
106.8754
106.5731
105.5794
106.9937
106.9623
107.2064
106.4888
106.9912
106.7808
107.1707
107.56
107.6239
108.1184
108.7892
108.7632
108.6639
108.3886
108.2576
107.6324
107.9699
108.2614
107.7371
107.4686
106.72
106.5709
106.4267
106.8301
106.1713
105.6329
104.9818
105.3686
106.0933
106.0473
105.8918
104.7394
104.4364
104.717
104.3743
104.659
104.9603
104.6203
104.5603
105.0214
104.4105
104.7665
104.2749
104.6841
103.8984
104.1532
103.6579
102.439
102.3951
102.1329
102.1857
102.3998
102.366
101.9308
101.1691
100.4276
100.4677
100.5979
100.8569
101.7576
102.339
102.3835
103.1295
102.364
102.0504
102.6109
103.3693
103.3931
104.2697
103.2041
102.3851
102.435
102.2323
101.8488
101.9425
101.802
102.4485
102.4066
102.8259
103.3873
102.4213
101.9424
102.318
102.3389
102.2446
102.5616
102.3803
102.2906
102.8321
102.5092
103.1285
103.7297
104.1456
103.204
102.147
102.2704
102.0036
101.8243
101.1227
100.3005
100.2074
100.6707
100.9964
101.6557
100.7359
100.0818
99.88795
98.96161
99.0208
98.73942
98.19619
98.37886
98.7264
99.26693
100.3028
99.99435
99.62536
99.37909
99.37085
98.83219
98.52515
98.72721
99.34759
99.25076
99.90826
99.8917
100.3079
101.4144
101.0253
100.8206
100.8038
101.7556
101.8339
101.8095
101.6213
102.007
100.9766
101.4234
102.0756
101.6578
102.6302
102.984
102.1619
102.6735
102.919
102.7039
102.548
102.9688
102.973
102.8982
103.011
102.2179
102.8612
102.3747
102.6464
102.3055
102.5553
101.9891
102.0333
101.5497
100.8368
100.7391
101.0302
101.5665
101.9473
102.3958
102.0543
102.3272
102.1244
102.802
103.2984
103.1479
102.6615
102.4888
102.2482
102.9124
101.6221
101.4865
101.9859
101.7962
101.4679
101.453
101.1547
101.3293
101.433
101.1379
100.484
100.6042
100.4369
99.71176
99.39558
99.66058
98.8
98.87603
99.61129
99.65083
98.57068
98.58771
98.6582
98.02296
97.66458
97.57066
97.62307
98.50003
99.88888
99.64703
100.4634
100.8553
101.8247
101.2356
101.4454
102.0614
101.6958
101.3763
101.2451
100.4358
101.5715
101.5587
101.0812
101.0538
101.2625
101.9467
102.0315
101.2297
99.90985
99.93974
100.4223
100.6577
100.1761
100.8927
100.807
100.1823
99.5422
99.78037
99.20741
98.72481
99.62886
99.12686
99.17583
99.01398
98.63225
99.21769
98.73077
98.62922
99.22162
99.71457
99.66483
98.32539
98.16811
98.67724
98.24045
98.07339
97.62956
97.76332
97.34736
97.40341
97.15686
97.83657
97.21286
97.78205
97.39438
97.27248
98.01565
97.8171
97.98629
97.17337
97.04993
97.08972
97.39731
97.02042
97.49466
96.94364
97.39066
97.45061
97.45524
96.98377
97.19809
96.35091
96.02141
96.14517
95.46626
96.4955
96.62063
97.08607
96.57994
96.28858
96.24384
95.50705
95.55078
95.32128
95.05038
95.27787
95.57648
95.69899
95.46151
96.19385
95.7932
96.15542
95.21997
94.40568
95.15363
95.61409
95.56094
95.47528
96.13639
96.15169
95.25232
95.1649
94.67634
95.11782
95.02812
