326.7244
322.6964
308.1738
291.1638
301.9386
247.3538
218.4838
167.4215
157.8611
106.1758
89.95919
74.70025
78.11553
73.51387
77.55328
75.13291
81.33635
85.18375
74.91365
91.38907
81.58377
68.25483
78.29079
87.26671
80.35336
83.35542
75.31432
96.31518
74.55204
73.61914
75.45492
75.14573
80.09388
82.55088
82.23163
78.86065
82.56767
75.3014
81.35525
82.98608
74.71831
84.51109
77.67684
85.50352
82.43363
86.19138
79.92442
87.64847
77.55867
79.42276
81.52079
86.64629
89.83414
81.74163
80.71777
71.96653
73.10287
89.8431
71.62539
80.06668
83.7192
83.47507
74.75864
76.3735
85.654
82.57524
80.30096
79.53553
76.28528
75.62677
81.60384
77.04246
80.67185
75.73845
73.69097
74.47166
73.24761
68.75637
76.71774
75.62547
76.79379
71.27059
69.25738
95.8448
86.91873
79.80771
80.6547
88.56232
83.04493
84.91366
70.33532
80.74397
78.22731
75.39879
80.25878
76.18083
74.76067
72.46236
76.91045
76.37745
77.34161
75.35937
78.3665
78.86015
77.84761
76.39838
83.44352
86.00129
83.67584
89.41613
78.16722
86.07564
81.11414
75.50619
78.9827
76.98942
80.50831
83.22767
73.30125
73.92445
74.51167
72.6218
69.82898
68.26485
83.08343
83.26185
83.54492
77.13036
75.57089
73.2226
77.55156
78.2049
75.9117
70.92262
77.6044
72.64594
72.96784
71.11128
67.36856
80.49313
84.29174
73.33773
75.24841
83.37679
86.10483
82.48727
71.73371
78.33612
74.54802
77.21954
71.91397
77.33608
73.91517
78.33208
73.76809
85.69395
80.26013
86.46885
82.75155
83.19883
70.15291
81.39846
83.08924
69.55683
71.42388
83.49532
77.74884
83.46458
86.51694
85.93895
65.45524
71.10727
79.31665
77.89292
81.7481
79.33967
85.29308
88.70164
84.86781
78.86733
77.12937
73.86573
70.17994
79.40623
84.12278
79.4311
74.03709
79.14455
72.96007
71.82614
80.91886
76.82595
83.63328
83.49261
68.55075
87.79607
73.08749
83.89723
70.73747
78.69725
83.8502
82.01711
74.50367
73.63762
82.70071
73.76871
83.85111
77.39826
74.41353
85.50651
76.76086
77.53158
85.53398
87.30918
73.67868
79.45842
71.32605
73.0617
81.46048
81.81545
81.39385
82.28764
86.17457
80.2238
84.57037
74.01308
71.14288
82.62617
89.59683
83.62105
78.32129
71.15768
74.92169
75.31204
78.89015
81.64011
82.39176
77.88013
74.8501
77.28653
83.53094
80.76748
90.56795
83.3116
75.90386
74.89622
84.79375
72.94759
77.16757
72.41068
84.45757
81.78588
67.51834
82.08378
74.4296
82.46104
81.93724
83.53145
79.25766
79.04962
78.46359
80.82847
85.6947
85.93958
85.70746
82.21327
81.84031
73.22125
68.34402
67.57563
75.76209
80.03669
78.88029
80.17844
82.06424
83.49182
80.92201
82.13039
75.65447
78.83922
90.01261
72.63436
84.304
78.18223
86.50212
79.61068
75.34301
91.77965
81.5754
78.76804
75.06317
74.42937
79.8181
91.73417
71.00688
72.56307
81.00618
85.58336
73.15586
78.16598
71.85278
80.4258
82.48056
79.04114
83.05857
76.45147
79.11527
73.69772
68.71129
78.02937
79.57277
83.1247
82.63614
79.44037
84.57861
79.54428
76.77854
87.34602
88.64557
72.13727
70.32007
69.54806
76.4172
72.71478
84.54442
81.09834
83.09768
77.35979
70.24147
76.84325
80.78279
81.13027
87.45598
75.13067
85.42551
77.53902
78.72206
77.91014
78.65047
89.06222
74.07249
80.47812
87.86848
83.04669
86.09732
77.21618
83.0319
78.9043
82.99118
77.30364
68.12443
75.96644
81.02174
83.82994
82.92027
85.91921
86.50142
77.65737
77.96525
72.31574
76.55266
79.60572
78.05554
78.3848
81.82775
78.37238
76.80565
86.19924
79.03979
75.20702
85.48655
81.96273
83.87764
78.23986
96.35941
78.26494
85.12421
69.76614
77.05917
83.27026
89.48844
79.35236
78.50053
83.6531
81.55884
81.33531
79.00516
80.56755
77.47045
80.48624
81.14628
74.15026
83.24822
81.68088
84.66571
86.59127
85.52568
81.91271
77.6801
78.52532
76.39986
80.11226
83.83426
80.99819
79.30819
80.10388
75.16278
75.86063
71.84661
71.80306
79.64595
77.30425
79.5137
78.98863
68.30147
74.63778
79.69105
88.39046
78.82474
79.46567
77.74013
81.79787
83.59188
78.54051
72.7295
82.14893
76.89424
76.3191
81.47344
70.88318
76.70474
84.4514
72.71395
83.85722
84.29249
79.51588
79.81878
88.84693
71.58049
73.22062
89.15923
84.64253
84.52964
74.89025
68.51113
75.02959
79.07296
77.69949
76.22491
77.94245
88.19829
80.69648
73.76762
88.73928
76.05303
83.26602
71.23147
75.3308
81.87478
76.39547
73.19275
81.0061
74.91907
81.29368
72.41626
75.50554
78.65737
86.02991
77.31568
83.20539
80.4313
78.78593
81.48326
83.21037
79.01583
83.30646
80.64169
74.04319
88.06962
82.3207
86.97395
70.98569
78.34407
81.11781
79.72825
78.99106
83.40583
73.53214
70.66436
76.59749
70.66669
78.48263
75.7644
72.0446
80.52818
76.50616
77.76963
72.17949
75.1719
88.46639
