3.599686
2.397173
0.7328585
2.098227
4.509318
1.36929
0.700955
1.346987
1.31255
0.9068182
1.0886
1.438899
1.099337
2.109065
5.051115
1.17936
0.8833028
2.646705
1.221617
0.8929588
2.439357
1.485506
1.116392
1.551482
1.781795
1.180624
0.9400472
0.6566004
0.8932334
1.557483
1.087868
1.083267
2.268268
13.88528
4.388465
1.188574
3.604735
1.369223
1.927406
3.99127
1.1124
1.692162
3.669348
1.479359
7.887287
1.027238
0.7945743
1.696543
2.030702
1.251011
2.012352
1.480148
4.504529
1.07506
1.28405
2.882518
2.819152
2.015079
0.9456357
2.760054
1.676407
1.744741
1.412625
1.256399
5.348233
0.7444773
2.306953
5.162496
5.460186
1.196074
1.558649
1.674464
1.667208
1.913162
2.953761
1.265074
2.349014
1.932345
1.303842
3.9797
1.24146
0.5697133
1.299036
0.6424837
2.543401
1.588663
1.500041
2.032605
2.18368
1.517836
1.052897
3.68316
1.268771
2.260826
1.706741
1.451209
1.265264
0.8115292
1.288318
1.311567
1.020355
2.01618
0.6144867
3.438692
3.012559
8.868423
1.053651
1.127023
2.260417
0.7760796
2.240133
1.127263
1.605529
1.090986
5.264578
1.633132
2.806819
2.390619
0.7780142
1.053341
0.544015
2.534896
2.294497
2.611784
1.90169
1.37771
2.378016
1.547988
1.82183
9.175794
3.501235
2.053594
2.012498
1.972984
0.5768458
0.7184537
3.224305
3.917893
0.467284
3.307375
3.748593
1.605536
0.9331533
1.447064
2.096712
2.297162
1.351528
1.425241
0.7283874
1.102041
3.017846
2.767711
0.7233031
7.683275
1.33773
1.642671
2.530151
0.8254898
1.889659
2.574518
1.786516
0.7729002
2.633455
0.940421
1.672876
3.067046
3.541485
1.15424
1.112127
2.62273
3.050604
1.28752
7.959992
15.33069
1.052083
4.169524
1.154647
1.268762
1.284024
2.272449
1.408362
15.61507
1.043844
1.392545
3.077809
11.03762
1.202369
3.36345
0.8011778
4.295345
2.676481
1.556134
2.024513
0.7280741
4.895217
10.22484
1.727386
1.597882
1.086578
2.510965
2.824102
1.891854
1.918512
0.7293588
1.506589
1.216371
1.08527
2.343217
1.52992
0.9003714
2.515693
2.775228
1.61795
1.629734
3.228639
2.103643
1.622131
2.223662
1.738927
2.876567
1.746417
0.8234031
3.451515
1.266047
3.855015
20.53405
1.622884
1.175397
1.364662
0.9583229
0.90764
1.985644
0.8429367
1.165492
1.572211
2.01684
1.511114
2.171694
7.069774
3.520752
0.5388006
0.8575324
4.569617
2.906173
0.7312589
4.436234
1.18676
7.392376
1.338263
0.687303
1.41274
2.085945
0.6768767
6.957576
0.5999741
0.4273449
1.065611
0.850989
1.85343
5.251519
1.078039
7.689617
2.730346
3.698564
2.617357
1.389946
2.919542
1.501263
5.224513
1.64033
1.050062
2.300112
1.102943
2.620576
4.95764
1.68173
0.8630436
2.314171
0.8494681
2.125614
2.603826
1.823996
19.80368
1.778805
1.15666
0.7320705
6.487106
0.8153827
2.795948
2.090823
1.098444
10.5123
1.512367
0.9706494
2.904219
1.181234
2.369311
1.447621
1.964292
1.1113
0.4060417
1.948713
2.07264
0.572167
2.665741
1.930952
0.6631745
1.716004
0.6061645
1.920345
0.9571634
1.241618
2.122475
1.121849
3.559565
0.9463208
0.7123868
1.437884
1.121019
2.225809
0.6239248
2.020736
4.841286
5.026617
3.125445
1.281163
3.991161
1.706337
0.5357096
2.261847
0.7963749
2.121727
3.295794
1.974501
2.101811
4.384552
1.401013
1.44204
6.652164
0.7916904
1.839647
1.893528
4.866433
1.784732
1.352962
1.499557
1.068439
1.549409
0.8895931
4.663498
4.755064
2.408037
2.044226
1.966438
1.345006
0.7872963
4.579459
3.27734
1.708724
3.495082
1.464967
2.971665
1.864437
0.893341
1.239664
1.010384
1.070367
2.441422
0.8298346
2.967635
8.792708
3.759794
1.273786
1.205961
2.441582
0.9640735
2.521425
2.35307
0.9833249
0.5173181
1.133254
3.571504
2.949128
1.888942
2.061048
1.574915
1.375791
3.645944
3.003696
3.858871
1.210774
0.8110171
1.281165
4.044114
1.089315
1.069698
3.872813
1.267341
2.151018
0.7261766
1.542704
4.504129
0.5702652
0.9057397
2.385089
0.7236991
3.163723
2.130797
1.289173
0.9137179
1.307463
4.561505
1.12277
2.219628
5.318115
3.539074
1.037897
1.586536
1.813682
0.6213679
0.8606179
2.524929
1.366536
1.484148
1.992698
1.172728
1.072119
1.845355
2.86217
1.534846
2.186914
1.382609
2.194086
1.850954
1.623477
1.573921
1.470107
1.154289
3.035091
2.567998
0.801945
1.32001
2.069353
4.51203
3.45677
0.9839021
1.186247
7.3296
1.229066
0.6275591
0.5916541
1.87651
5.695966
2.770596
3.278277
0.7822987
3.680768
1.7705
8.750326
4.968699
1.935045
1.269275
1.88557
0.9404665
1.14168
2.426765
0.79279
1.142963
5.394707
0.572992
2.607056
4.511427
2.012447
8.76332
1.972597
3.170501
1.069508
2.322306
1.066573
0.8931408
3.542907
4.083012
0.8164232
3.728296
4.416289
3.211504
1.009971
3.682305
0.9390341
1.778542
0.8396864
1.141663
1.413983
1.186407
1.090456
2.695846
2.397759
1.755308
3.092859
2.921988
