52.15336
63.52977
85.51561
78.76274
67.75991
89.35014
76.5547
97.1007
87.04352
74.22028
75.87242
79.55157
90.51869
99.28618
73.54856
80.18003
83.90444
91.91748
88.37394
77.72277
81.13479
93.11937
94.49216
79.09628
94.87687
92.59553
86.2497
104.9384
77.92766
78.06876
87.0881
83.83746
87.0082
99.85981
77.97216
69.10196
81.28328
80.59929
80.30696
76.65809
76.22926
81.25931
73.67646
75.25488
79.12141
79.28248
76.89024
87.24134
70.82057
80.58996
68.35234
79.59764
88.24384
93.42328
90.62639
89.72397
74.81388
78.19702
80.17445
77.41457
67.22056
83.39275
79.82979
86.91938
80.00107
79.149
84.81014
82.53299
74.45309
83.62505
77.45372
80.20607
94.58669
79.9429
70.95668
90.04391
85.69496
82.91501
75.46658
64.36756
53.53016
65.90121
64.38836
78.04747
62.18336
60.96023
67.44421
74.56231
81.1107
82.29142
67.41599
63.87346
74.81162
60.6043
56.99416
72.80326
68.58475
70.38801
64.15662
66.75506
63.25732
68.02217
68.03324
63.17809
65.65845
69.81143
74.02993
70.31466
69.53158
65.99888
67.01309
76.90476
55.6622
68.98293
65.20174
75.97151
72.51676
78.82479
65.52668
72.17859
60.55646
66.21979
84.2765
65.3785
65.86403
59.02553
57.14918
79.54922
67.65198
64.59322
60.60795
61.74878
52.86648
59.76163
63.56506
72.51278
51.20635
56.30074
57.13714
64.21451
60.43971
78.36886
61.60133
60.85031
62.31691
60.74801
61.73015
57.65618
57.32901
73.09836
64.04032
81.0365
67.34061
59.4346
58.72848
61.95132
61.89381
63.56598
62.78083
77.74327
65.70103
62.64987
66.42521
62.19947
72.43591
55.19931
61.27764
61.17257
70.66861
66.99296
61.09687
51.9269
53.69145
51.11258
64.11828
58.58255
69.72029
59.47985
60.51066
53.06283
60.15503
67.74177
77.25626
73.49265
75.71791
63.25631
54.96786
61.87301
56.07992
61.59113
60.60431
61.69959
66.05541
62.78883
68.86419
76.37762
81.39
55.19526
65.663
56.10616
68.59013
74.18493
60.73432
69.0415
59.73332
58.29543
65.01854
64.46118
61.06723
71.128
63.08764
54.88508
57.17553
61.54025
66.66397
53.92395
61.45159
65.97572
62.30784
53.99837
60.07629
63.74112
56.58709
61.05507
62.6228
66.94958
60.5777
66.20619
56.01512
60.39909
65.06087
61.33473
63.9957
50.007
65.77118
69.50119
55.71339
54.86104
63.0514
67.96998
61.79433
63.91031
67.34729
61.90952
71.07056
58.17867
62.70684
61.92389
55.4368
69.25145
64.03891
57.76297
56.46878
65.65991
59.5122
70.90852
76.86566
64.21172
57.04951
61.47876
67.47941
60.72131
60.46583
59.6954
63.51607
58.08976
64.65078
80.30509
59.71361
54.79075
61.36963
55.02743
66.84398
69.87637
62.09156
64.24931
66.3801
64.30341
62.03285
61.78211
49.87724
61.82254
64.38423
61.18081
63.22337
61.8694
74.87348
64.12171
63.19131
55.45979
74.79379
54.41994
54.01114
66.03467
59.93084
51.31107
60.99928
60.6787
68.08537
63.7685
73.46411
62.95317
61.37093
70.35394
59.85066
62.32638
55.5705
66.04107
72.18057
66.20607
63.87009
61.14674
60.43836
67.47089
79.60152
62.76383
70.82406
68.64686
64.43402
56.98892
64.06435
74.58146
72.98996
58.70152
64.94646
66.66846
65.64484
60.52675
64.39766
50.34276
56.23057
71.01742
68.96111
66.59754
74.68136
60.81166
58.37969
60.8723
58.92155
59.08955
69.19877
63.00552
53.63338
59.60512
54.92021
68.86759
63.73516
59.53523
61.16019
70.02447
61.51531
54.43823
72.4749
58.46314
49.86891
62.7082
60.4562
61.1628
65.96555
57.32676
67.6006
54.80312
55.26301
62.03621
62.0138
57.85067
63.73731
57.84487
63.4992
68.97888
65.45707
58.10025
54.98078
61.45055
62.51057
62.45564
51.12073
68.21633
65.7303
61.81058
53.61067
64.2662
51.93178
63.91955
60.98825
54.61211
56.5109
55.60257
51.54929
56.46036
60.65987
66.97041
59.43236
62.96879
54.16942
62.0579
61.70177
63.96384
60.56451
62.7798
61.42205
63.16392
59.72476
58.65941
58.63315
66.75458
67.26367
59.24641
59.38527
56.6743
59.52221
63.40092
68.61474
53.13484
55.03034
55.40567
58.43606
61.61696
61.6396
64.46751
56.42574
66.81663
72.72691
71.13145
68.48354
67.05257
62.23361
71.98505
67.66651
61.41447
66.85813
66.2149
61.80481
65.06713
56.09334
67.71262
49.46147
73.76966
57.58508
62.61641
69.64642
60.32773
67.72134
64.32422
58.47481
60.82036
65.66111
66.54405
58.80447
57.72875
59.67043
61.81927
59.37435
55.9766
61.75486
66.36192
58.68101
53.53327
50.53754
62.48894
58.5035
64.30577
71.7171
61.03944
72.9312
61.56897
69.34824
54.01429
64.99225
57.78798
59.02437
67.14212
68.65354
59.51237
57.06996
53.26504
48.10474
56.37816
57.16421
51.67194
48.34181
55.78966
57.83164
61.31447
65.70578
66.27853
64.92281
50.07571
54.82831
77.60938
68.37645
59.82227
52.13391
53.82993
60.41961
64.02841
48.32294
51.74202
60.36425
58.189
