185.2278
238.0758
223.0265
227.9708
109.4233
162.0283
158.3572
140.2106
1292.133
147.9045
92.80637
246.3604
136.9381
379.8748
419.6808
214.109
131.6928
528.2788
130.7366
211.65
373.5961
215.5929
184.9411
251.6728
237.931
199.3886
526.5426
147.331
100.371
114.3173
264.3172
332.5658
126.1102
101.6392
151.406
187.6787
64.46567
366.3546
312.2052
152.4344
86.47239
296.8097
174.2403
137.7005
106.4251
550.5768
224.0871
341.202
364.3783
189.0393
481.2328
169.4791
166.4162
120.1222
97.3489
318.8985
189.6374
172.9621
202.645
111.4318
236.5572
123.0387
146.3837
202.065
104.3989
354.9975
587.9325
236.9952
208.9117
81.31805
767.357
965.0564
205.4679
1141.549
158.5951
159.7724
519.5565
241.3576
353.3187
222.5318
183.3509
331.0671
204.7151
218.7347
284.9379
1145.017
197.0128
389.6411
329.2659
103.2381
205.2386
235.9349
148.9376
153.0475
239.8784
301.8655
384.9827
242.0973
220.7563
209.7758
382.6438
192.2638
301.986
319.8082
110.4409
271.9263
194.3655
196.8706
208.7288
364.735
199.5674
153.1689
123.6596
237.9884
99.99234
255.9345
200.7817
653.0635
119.1374
256.1048
353.3141
236.0599
138.7944
223.1771
202.5119
252.4356
303.1422
124.7996
289.0653
424.8756
101.3266
227.0924
317.3831
509.1337
140.943
215.8191
359.6338
161.3336
317.8233
305.7246
158.0591
751.9047
147.8518
288.6324
241.1157
218.5504
216.2542
251.0157
721.2092
193.4368
584.2196
404.0688
164.8086
356.4058
318.0428
158.2483
161.5435
102.5439
227.7131
115.45
228.1129
130.6719
252.0419
139.7277
208.1708
239.4745
782.5829
92.96931
223.6161
200.932
317.1712
192.6616
412.6546
300.0618
284.9776
205.0012
210.9806
502.7317
227.6983
143.2221
198.7898
232.3929
184.1487
503.4847
271.9533
168.6021
149.1802
198.6461
414.8742
129.6188
201.776
142.879
193.2463
137.5431
131.8789
137.7256
198.0603
920.7096
162.8556
182.8571
263.4771
300.7339
216.8929
126.2553
186.4204
127.9241
177.79
157.3215
164.595
203.5855
163.6842
64.87386
592.8338
153.4794
320.6327
520.2556
144.4996
154.5301
292.2597
151.6677
229.164
315.05
199.8008
127.5365
661.6012
263.0761
99.45282
246.8031
227.9195
199.9013
242.3009
648.4418
151.3296
401.0849
175.077
236.5854
173.0537
157.7469
247.8291
173.1646
255.3115
455.1416
294.1784
129.0374
366.6886
291.0847
563.7304
525.5226
319.0872
242.1679
142.5039
183.0629
824.0117
368.2806
190.7103
122.4765
192.5097
168.4545
221.9815
256.5239
293.8493
78.93897
113.3549
369.9106
90.12742
476.7276
178.1192
294.5997
90.94902
199.8484
580.1586
271.9107
439.0022
105.5245
293.989
143.0559
1671.549
169.9046
270.4198
192.152
276.0166
116.037
341.106
315.8052
236.8225
400.6392
685.2264
255.7072
459.684
260.3135
291.7221
199.8469
135.7645
143.2452
179.6476
363.6637
159.0599
147.6313
239.703
749.4129
860.4534
265.9495
233.8195
142.1419
204.0404
173.4588
183.6104
181.0454
200.6236
222.8371
234.6848
244.1683
315.8579
220.7471
168.8894
130.3598
653.2382
155.9692
134.7967
201.7195
220.4357
382.8435
186.2344
167.203
135.5907
404.599
263.7717
368.0909
414.4192
128.6835
139.1295
253.4038
148.5773
231.339
559.9562
354.9791
161.701
328.0021
267.0994
524.3619
188.6674
677.1872
128.4077
303.6415
491.9346
196.0588
215.6726
309.9695
240.8635
184.0337
563.633
260.9559
485.3128
713.8837
276.1626
129.8756
245.3299
327.4861
250.3356
340.8297
241.4257
396.2224
113.5401
190.5244
242.1361
77.34168
145.1861
572.7584
181.6402
231.4639
337.061
231.1675
236.4071
223.3879
245.9198
122.1833
137.681
342.2904
117.1513
87.823
220.1695
350.6367
179.2851
265.6604
237.8004
99.18273
224.6241
174.1769
134.6262
291.5154
211.7502
204.14
565.4722
780.509
303.4467
134.4639
216.0536
157.0989
148.8166
267.5465
752.6849
277.9052
162.5556
213.0393
326.1954
415.466
162.3399
327.4235
243.366
239.8502
217.5504
366.4821
250.4354
181.5817
255.4906
111.6224
122.3222
260.8973
455.8552
143.8223
197.6178
335.0691
121.6805
178.0679
159.0798
362.5962
284.7189
381.3338
145.9042
307.5661
175.0001
179.944
159.1714
226.3275
283.8947
808.5311
198.9292
207.6707
119.586
225.4928
549.4446
347.9357
548.3427
462.5733
391.7793
123.5047
340.6778
316.0198
269.4252
176.2256
229.9683
375.7179
136.8361
2372.802
188.4011
248.7949
585.7638
311.1428
99.13776
262.104
119.9854
186.1702
171.2957
398.2311
175.2816
240.0191
160.5209
415.6263
346.6173
333.4451
210.474
125.5123
149.6053
149.0832
163.007
107.8405
111.3158
340.1382
1929.247
109.2454
249.0981
209.5403
483.2821
191.6381
293.8204
453.7619
243.9705
134.0483
257.1226
251.5259
345.1102
166.8464
179.8524
536.4349
226.4857
586.9015
198.1986
362.6448
238.4315
285.077
