53.11499
59.89782
63.24007
73.82029
47.3089
37.16464
32.10263
30.69204
40.04408
41.52475
47.33972
66.93263
59.11407
66.74048
67.17066
94.48802
60.66295
42.96357
36.26907
34.96194
46.79589
45.88267
47.35601
57.80818
58.65946
54.92346
78.60851
96.25643
97.70373
111.2751
106.5292
90.64358
93.08316
106.6666
107.6863
124.1473
128.5726
172.5328
200.2066
235.5573
216.5843
278.4469
208.7201
253.4936
251.8929
225.3048
331.7581
407.5829
435.4633
466.2009
412.7328
431.8854
319.6686
365.3208
389.0961
419.3714
472.4375
696.8199
792.6142
773.003
827.2149
880.579
804.299
956.9946
762.4938
685.6498
891.2194
960.422
954.0171
1555.845
1909.664
2849.952
3177.071
3388.679
3794.277
4257.993
4237.839
5052.925
5153.061
7729.651
8560.743
12602.56
11657.15
16053.45
19735.36
24649.26
25602.61
27715.72
26964.75
33217.91
22712.68
16435.96
17832.62
21272.78
28155.05
28275.08
33123.4
31301.45
45986.63
46288.29
58029.57
66114.37
68524.14
78870.15
98733.95
93422.47
82452.91
96607.94
116612.9
93346.76
118629.3
138818.3
176711.6
226572.2
266785.7
253507.1
251668.8
220274.6
188302.3
169884.6
187003.9
172880.9
188231.7
184422.6
247589.9
250509.4
281744.2
287782.4
250263.6
244860
314994.3
279235.8
272811.5
385105.4
478369.9
427954
448990.1
381864.9
333680.6
298001.5
356591.2
279444.4
250822.3
233640.9
259360.9
261318.1
335506.2
281519.4
276837.1
230324.9
215231.7
225774.5
229309
209763.2
212491.2
228665.5
212994.2
251355.1
282395.3
299896.7
342229.9
391848.1
328644.3
253323.9
323569.5
393493.6
428776.5
355318
453056.9
366223.2
304556.2
241995.3
315850.8
328457
360735
371777.9
420683.6
421995.7
433488.7
367242
343799
269444
231029.3
203746.1
197861.5
271644
252272.5
278906
281505.5
324871
414653.8
397693.5
413343.1
312518.4
344908.7
232652.6
231850
248187.2
259123.2
274044.1
286733.8
263191.3
228712
217525.7
210173.4
264678.2
221113.1
329686.3
190904.2
342645
359979.2
297633.6
232957.7
212110.2
222598.8
296739
452861.9
522457.5
486886.8
372908.4
417610.8
479926
631910.2
577656.3
783031.9
586425.3
573856.3
725845.4
657860.1
447657.9
428860.8
306717.4
362586.3
424421.9
488256.2
753268.1
1082995
930570.2
709006.6
961827.9
850735.8
718426.4
746530.4
731727.5
760978.7
591530.7
850020
796528.6
608805.1
432607.3
408591.4
383770
331741.2
384770.7
317486.1
262761.6
276417.4
348391.2
346797.4
462540.1
589100.2
522205.9
435236.3
439978.9
586688.9
736803.8
633702.1
566827.8
638155.8
763158.7
753949.2
724126.7
495155.2
391671.3
411383.6
417252.8
525005
614307.8
548443
603889.5
728624.6
753378.7
651071.7
472188.9
518521.9
609758.5
704881.1
659244.1
542235.9
884672.4
791611.7
901235.5
851516.9
817037.5
629664
478991.1
562764.1
333385.7
240739.7
227426.8
192047.6
152230.3
182372.5
187107.1
234315.9
220128.5
180959.7
234033.1
235051.4
244202.6
316668.8
296688.8
299212.8
321160.5
294437.9
354938.6
289740.8
293564.3
294773.6
289845.2
221835.4
243110.8
259042.2
229089.6
244158.1
316562.8
261072.2
372037.6
345279.3
326751.3
330166.6
313181.2
274913.7
259918.2
301346.5
291248.8
297239.1
247753.5
248195.2
348124.5
362277.5
259630.3
255222.6
213609.2
263097.2
227057.2
182554.9
214929.9
270922.4
360973.7
377147
413368.3
331532.6
331013.5
369791.7
407790.5
482135.3
560838.9
487356.8
471609.5
577770.8
649401.6
463673.9
410172.7
551886.2
713004.6
610612.1
616834.2
465726
556542.9
568761.8
564744.9
706794.6
596662.5
603369.9
464124
599572.8
603215.2
627984.6
575855.5
577103
767451.7
737427
578663.7
542954.4
419477.9
446110.5
364534.1
278849.7
289682.7
339129.7
327199
332777.8
312877.6
300815.9
340437.4
363966.8
293373.5
286287.3
269355.3
354932.6
327645.4
451119.9
433821.4
364978.7
354554.4
287430.3
377423.7
438562.1
461012.2
398654.4
476048.2
327079.6
311140.3
325143.7
293226.2
298654.9
249662.5
201649.3
193116.6
196292.6
184005
206656
191833.4
190394.6
193580.1
187456
253666.1
329876.9
323138.1
399566.4
408992.9
413857.8
348038.4
406724
569296
664948.3
856888.2
805319.3
524033.6
392372.5
319799.3
420851.9
491187
465113.2
513013.5
598009
515757.8
580312.1
600536.4
624237.5
594173.4
915848.7
845016.6
852710.1
796540.1
900442.5
1097641
1010328
1071145
1238722
818860.6
907818.5
909161.1
959847.8
847132
598154.1
685945.5
986629.6
814652.2
654212.7
737745.2
831916
826307.5
997963.2
1222612
1462794
1402687
1637195
1379283
1473027
1239716
1255577
1241756
1158094
1176828
642741.8
609390.5
663445.5
649345.7
517551.1
614517.9
696793
762708
674942.8
774154.7
601949.8
657505.7
618608.7
636788.6
