303.4658
969.5508
304.2997
248.4683
832.8264
523.5597
323.831
164.6029
359.3377
205.6127
293.3421
182.0148
192.6964
249.4864
728.4832
132.344
315.6766
226.8382
284.7617
268.8251
570.577
120.372
358.9438
112.4967
899.5584
271.7371
491.9072
189.5392
404.0653
280.536
158.3932
405.7151
181.9055
378.2367
258.2729
167.1411
311.7717
371.8659
221.8101
151.3642
373.1124
281.6766
265.5218
307.676
156.1571
130.0382
363.6066
1052.334
300.8436
301.7839
217.3069
163.1905
122.3585
195.1068
324.2436
211.0071
102.2796
95.4267
367.4333
371.1684
483.4508
522.6743
270.1851
123.9634
693.8386
524.0039
292.7728
831.0863
473.834
433.0674
209.2388
288.6441
517.3748
603.0264
331.4023
271.628
353.5654
551.1565
169.7688
363.5927
251.8542
389.4064
312.905
295.2908
284.6527
184.8621
186.9045
222.6453
185.1467
210.3755
182.1
382.2253
414.3726
447.4876
377.4793
202.1696
279.1348
230.8071
157.4249
170.2499
203.9688
239.1292
427.3276
145.8444
153.1255
164.5479
287.1113
485.1261
333.2431
272.3389
384.9626
306.5989
552.3529
560.553
341.158
275.2187
381.7684
351.5861
274.6291
345.3038
612.616
869.3743
875.65
255.3542
239.089
584.2875
343.7889
698.3551
482.4776
365.7997
481.5753
277.9664
273.9937
362.0092
374.1114
841.8312
404.4434
286.9007
265.1007
232.0718
460.9408
770.7117
428.58
272.6475
261.8527
363.9332
761.5774
312.0948
821.4298
409.3369
210.1591
283.8484
280.5311
671.716
401.9738
301.3376
280.1941
326.4197
168.1871
532.5798
364.6345
1424.853
196.7373
286.0218
411.7886
335.2018
773.0539
170.9117
590.9428
383.5043
463.9167
305.2735
240.531
371.1063
335.4786
496.0285
244.0458
241.539
356.5812
613.1388
169.1013
484.0277
152.2941
193.091
371.3965
1028.179
307.744
200.814
393.1574
229.1046
354.2554
339.9593
588.1268
346.9771
453.7035
250.4765
550.5484
1805.775
327.6522
409.2237
171.1202
356.1467
330.0625
336.4969
377.0737
547.0818
166.819
162.836
282.2195
208.4467
188.7136
199.8553
377.9108
216.0639
251.3833
324.4698
516.0588
185.9046
868.3504
393.9644
309.3758
394.8838
276.4468
195.2325
459.6696
798.9968
258.3854
563.7996
370.3933
822.5504
1005.841
565.9177
384.7016
296.5296
398.6587
367.9862
520.0686
618.5014
345.1992
213.5662
368.7983
660.5882
462.3293
335.5373
434.2583
428.6325
366.3368
288.0835
694.3357
493.9348
591.5325
199.2552
561.0373
537.9611
543.1261
342.9616
793.8709
316.8907
359.3074
285.3899
474.277
154.1517
346.6969
1227.207
185.0569
569.0126
260.7755
237.0678
122.1434
246.6269
368.3633
217.7976
244.7116
324.4325
224.4498
384.0346
357.7334
395.0743
227.8394
227.7984
630.7457
461.7707
355.2194
273.6282
218.8323
522.0401
349.8316
698.0314
448.2227
210.3635
495.3407
630.8369
430.4417
291.3974
275.2333
317.487
137.3864
182.3087
283.6206
1691.559
268.7302
433.6002
492.4289
392.7284
431.1796
1333.567
273.9808
370.0513
412.8784
331.0754
340.277
444.4294
403.9653
349.644
406.3614
283.9658
358.6106
583.8206
431.9305
402.2034
419.2247
735.3153
356.6618
156.3617
507.9139
515.6537
468.1431
531.7578
336.8523
207.7111
573.2638
148.885
313.5666
397.1313
237.862
732.9455
521.9423
712.1062
270.0024
244.7254
1536.213
238.7161
436.8321
757.6906
442.5404
526.544
433.1287
849.0024
372.7246
216.8059
435.0787
493.5543
207.3884
360.4726
1216.545
274.2629
678.132
402.7127
526.7334
243.4313
1278.422
308.776
399.6854
1135.987
297.5558
250.4099
568.0573
681.9875
282.9627
557.9702
327.5534
355.1608
258.126
478.5354
294.7311
517.0149
366.1578
301.1448
420.4432
466.0585
208.4456
251.7846
360.562
520.6904
467.9777
271.9407
151.9587
387.348
275.3745
430.1042
322.4268
349.9085
292.363
298.7966
362.2188
257.0601
120.7204
417.2743
170.0042
203.8561
193.1188
395.1016
176.8346
1770.783
398.9719
317.3109
188.6538
706.6765
166.9516
844.8253
311.1693
341.2559
294.8144
440.8754
449.827
314.6664
767.508
188.4853
484.7521
650.6571
374.6065
310.8149
203.1192
271.5786
663.7256
414.2451
146.5045
532.3948
478.4553
446.6123
293.0358
361.0161
363.7249
213.2036
340.9767
150.276
285.3652
283.4618
518.2308
427.5102
158.9232
406.3873
1566.007
281.08
577.0656
194.1839
242.5993
311.8765
546.901
360.0451
566.2753
211.9169
501.5979
228.523
220.5299
400.8086
798.4469
799.1532
256.5522
186.8568
383.2378
179.0268
484.93
386.6594
712.6888
175.7643
277.9975
370.6918
232.9286
274.7556
192.9623
375.2362
245.9765
242.8248
326.8859
271.6889
214.0241
209.7274
383.4103
686.6692
135.975
379.3184
305.2171
482.3104
438.1849
345.8714
524.6989
221.6953
537.8314
216.0426
172.06
295.8444
253.2265
169.7822
590.5247
291.9305
397.9039
229.4993
281.3991
283.7524
