18.67466
20.56428
26.65207
51.17892
94.05303
161.0541
254.3788
429.1702
1359.596
6132.511
13921.12
35524.49
57357.98
72035.47
69920.42
75739.24
78409.78
89435.25
79523.46
86381.43
104702.1
86206.87
94743.52
80649.11
80508.38
98227.93
87313.04
88879.82
81625.17
81945.31
83695.21
70156.77
86443.25
87509.59
101421.9
81336.66
104389.8
63289.45
94973.86
84362.01
73472.77
80495.02
96386.95
82406.94
75780.41
92325.52
79184.79
83803.41
77328.4
75682.83
82503.35
83168.07
92498.32
81879.45
62754.55
71288.21
76519.7
72619.65
84589.44
72102.44
73888.62
106257.7
83295.13
91265.41
105144.9
87870.43
80578.02
87629.99
71566.88
85697.27
79617.46
97415.77
75409.25
72407.49
90658.53
89683.43
75560.04
78108.5
92393.82
70950.04
106008.4
65622.21
76483.14
91186.77
67481.33
100204.1
73601.54
97421.15
82412.57
82262.79
75524.62
69098.63
91949.97
68721.24
89233.32
73513.87
78793.05
77688.69
75736.83
81573.79
80945.25
78428.49
65686.4
79285.83
75316.87
87474.41
88082.98
97358.01
89439.4
89088.91
86442.47
66932.9
80022.2
76622.59
74530.9
81493.3
86300
109564.7
78319.47
88866.63
87012.07
90480.86
80340.88
82571.05
79667.91
80324.71
107841.9
110007.6
81236.87
63870.04
87623.47
69056.01
74230.97
86168.06
78968.7
83639
69517.59
102124.5
75207.66
83625.88
98395.23
81165.18
97111.44
86699.35
67653.43
94777.42
106241.9
96427.15
82914.66
80808.3
76642.81
96526.86
94346.81
81169.98
78817.02
84421.54
92798.91
59283.39
89254.24
91899.82
88869.7
68227.44
102303.8
81332.69
123468.8
77648.23
74241.7
98967.06
82098.92
66254.15
64186.39
83513.58
106669.3
110551.9
85916.02
90196.68
76814.11
72808.35
68760.98
63883.63
78309.02
89751.57
64529.91
84834.63
78937.48
82923.85
75681.14
83104.31
79349.89
88534.95
105665.7
85259.99
82510.34
85109.56
80355.45
118669.8
74814.68
74037.32
80608.52
67855.62
64350.11
71610.24
73545.19
112553.6
78128.84
78234.36
85003.44
113417.4
81119.29
93340.21
80404.4
75895.38
69525.15
62952.29
81333.04
88232.7
92409.83
77025.56
80771.75
103520.3
72156.82
87391.04
86060.82
88069.58
71668.14
84960.16
99847.48
92810.48
83120.75
85228.44
74407.6
89012.45
74207.97
89299.4
84890.97
86706.17
78231.62
87392.3
83065.17
89607.46
93118.5
80146.54
89810.38
103672.9
88307.81
71554.92
86467.25
79157.25
83993.35
113924.6
87900.69
92887.88
84011.65
74992.22
101671.3
73714.07
93508.62
69133.49
85540.23
62676.76
83286.19
72767.19
92431.51
92245.65
78513.08
90334.46
78212.49
79952.75
86220.53
88235.58
102584.6
81285.33
65034.03
81240.84
70165.42
74114.51
99996.38
74768.12
83967.35
86456.9
87018.84
72480.62
63813.96
107158.8
81264.39
75314.61
86312.58
111204.1
81508.87
77605.55
88792.65
98283.06
88105.88
97135.48
93226.21
74539.12
74055.68
84021.03
90184.83
95344.35
104641.2
86787.33
77310.39
99890.81
91769.59
91893.15
109039.9
77398.88
71915.46
79063.54
77870.07
92709.9
84581.43
59259.26
74274.61
84834.27
94478.2
71773.38
77015.98
72583.37
85337.38
74413.07
71945.1
72680.69
85716.2
83914.7
72576.66
70781.12
72277.29
102140.8
100500.6
81464.46
86341.64
80764.17
71704.48
75343.95
73141.67
89055.08
101011.1
84333.36
95957.53
101244.5
97443.07
80523.91
78844.89
77952.77
67428.33
87141.35
80074.11
64334.35
75660.57
85846.22
74364.09
86713.19
83120.45
88500.79
100620.5
73508.22
80667.38
115103.7
102761.5
102708.5
92085.35
92243.22
72877.99
82104.97
59560.96
66678.62
83676.75
87386.05
124865.4
78330.67
71460.68
71944.96
86692.66
80613.32
124860.8
67030.14
74672
62996.29
63341.14
82447.08
69574.44
85107.46
78513.72
88569.46
85353.94
71111.62
99440.63
92678.93
83286.79
98392.18
71210.09
93040.26
93188.27
83503.93
80092.54
98417.91
57004.43
95771.7
98834.72
86460.9
99820.77
86648.38
74036.66
82398.6
82771.46
93927.55
93156.3
81487.86
78468.39
69792.74
67615.91
67262.57
69143.04
77237.91
112720
106964.1
102277.5
86461.98
86427.65
83746.66
79849.26
66093.8
93391.77
83019.75
77996.33
94227.61
105003.1
97528.94
69565.57
79921.33
78147.37
69276.21
94085.74
106435.9
93455.12
98196.95
67530.7
80641.01
83352.22
62058.33
72049.51
80481.19
94485.05
104931.1
81943.67
105311.1
78525.26
115202.3
68965.84
91460.49
91537.6
82623.7
90359.98
53632.21
91016.36
104951
110107.5
73556.85
78133.6
101699.6
85573.55
89218.49
74950.75
123136
93278.24
91976.22
67877.66
93476.18
103273.3
78713.39
77058.83
57758.37
87682.89
97837.75
60725.02
75215.67
90860.14
82306.74
68376.35
86787.05
81219.1
84107.78
80586.6
75877.82
67982.57
92898.39
79958.44
70592.24
74136.86
89193.36
85371.78
94399.41
88661.58
85059.28
77623.3
89192.05
89679.66
87309.96
