17.96084
13.04038
8.719436
14.82738
14.58317
15.66416
16.06335
25.38284
12.6005
9.791029
15.87626
11.34412
8.833888
16.89551
16.08254
12.46691
15.45586
10.87901
13.30367
16.71841
14.20273
9.543217
6.785822
10.78837
10.87255
11.50567
12.28285
20.92099
14.07914
25.20682
7.233396
4.155418
4.939279
7.272765
9.0039
10.40735
8.127451
6.9704
4.705977
7.823066
7.824173
7.90892
13.21815
9.572563
19.36605
13.81028
9.386985
8.269045
11.94056
11.65059
13.93383
8.133464
6.088948
8.390376
7.054051
5.754934
8.967171
10.65663
7.601769
6.763856
9.705694
12.2356
7.315257
11.1541
8.66609
5.995557
8.023053
7.767254
8.527268
11.33321
10.98749
14.68817
11.35427
18.8517
14.44422
13.77262
13.53674
8.029484
16.86917
10.29612
7.603533
8.068475
7.758844
4.641641
5.429526
11.2579
13.76188
10.79396
9.73291
13.83697
22.68107
35.27514
19.85003
19.60458
27.22877
23.01413
23.60297
27.2181
29.45785
19.33035
8.353999
7.965839
7.995437
9.58957
7.312899
8.983143
6.643053
9.635702
14.28633
13.40208
22.60114
19.07028
11.17283
10.25237
11.32593
6.610549
7.560665
10.4635
9.015396
11.76784
9.834909
17.81924
14.0574
9.330331
15.03949
16.26553
23.64707
16.04338
13.62791
13.23398
24.82892
18.99447
17.01479
12.63287
23.14958
24.42659
10.65668
9.506065
6.775334
13.51594
11.32195
6.917463
12.31167
9.437589
11.86333
12.80098
15.46724
17.94912
16.52443
10.89951
11.68098
9.042933
7.912507
10.94037
17.21587
21.38593
16.24061
11.56826
14.93264
22.52597
25.66065
24.06064
18.39487
17.52845
18.90292
18.81096
20.94763
27.99203
14.5728
13.14456
14.8417
11.09407
5.690486
7.127189
15.18081
25.85945
17.93386
17.68639
19.44194
15.40958
7.882267
8.115899
11.61741
21.94352
24.35852
21.51746
20.76911
14.56867
16.69883
7.824196
8.629077
11.54672
7.146048
5.290796
6.732015
7.458125
10.72887
11.67982
11.20863
10.34215
21.94353
23.21572
23.76618
17.67631
18.46358
12.95046
11.53146
11.13838
6.591842
16.27499
10.15953
13.9019
23.93655
16.45421
17.12261
12.78766
17.11592
15.69876
16.17187
17.93806
15.36775
21.06591
19.06195
15.42683
9.958547
8.335096
10.22755
15.30138
20.09337
17.85923
14.63498
20.00645
18.15718
11.5959
5.800162
9.469145
13.65824
14.03342
8.715361
8.1641
8.272817
12.57593
8.509904
19.44529
11.53105
6.751728
11.47141
9.308127
9.703948
16.80059
15.36707
13.59049
9.72009
9.106121
7.177298
10.56041
10.24789
13.80492
12.65345
16.13285
18.49337
25.11547
27.24873
24.40143
16.55137
21.13173
25.02005
13.15703
13.12309
16.64738
15.15029
15.2274
17.57178
12.62109
8.133635
13.44733
14.53514
10.40578
12.85108
9.731315
9.743593
7.203637
9.713471
13.44097
33.06094
13.63145
16.02773
18.71937
21.14783
19.02172
19.61741
15.56836
6.543252
13.62801
14.50833
14.4325
10.60782
18.80092
12.43366
13.65877
16.6337
15.54483
6.636357
8.3925
10.77224
19.33006
11.2163
11.66136
15.08937
23.44185
18.58466
18.44705
10.84268
13.32723
7.227697
7.235122
11.22371
9.010985
8.875641
7.364664
8.151959
11.02977
13.55608
9.093017
7.998232
14.44257
19.78557
12.92791
11.81059
14.51788
6.721114
6.21704
7.275033
6.369077
8.794616
9.099717
6.535233
8.800047
8.716832
10.52301
10.80826
13.35126
7.565669
7.726133
10.63304
12.94119
14.02109
16.78735
8.671917
17.43967
17.15143
27.14788
30.02042
27.26541
22.99922
24.2441
38.11411
25.4412
15.5491
16.18589
11.33001
15.35868
8.65077
12.67598
7.8807
11.11004
10.85243
13.47317
15.15917
14.92542
17.96575
13.69468
12.96035
13.26609
9.952446
9.833957
8.356844
9.593655
14.46113
20.40057
18.68553
10.26951
6.706073
8.328818
9.527235
8.928916
9.608239
3.621439
5.948277
6.660907
7.301511
8.471584
9.841445
7.813756
9.456988
7.855861
10.7633
9.421099
12.12686
9.888178
12.95714
11.0314
22.61793
15.86472
10.5352
6.156643
7.177254
7.333053
15.25493
21.38262
11.18988
10.88253
14.20012
17.1722
13.03533
10.08826
11.33769
11.89775
14.04609
10.04288
12.05466
12.79
12.79744
9.308187
10.79765
6.331737
6.915731
6.755496
8.741144
7.615689
10.8354
16.44625
17.25634
12.75557
9.638166
11.15979
21.0317
14.16841
6.374372
10.14155
6.717916
8.426074
10.90714
22.24732
25.1713
24.32905
23.38194
32.80453
31.27445
23.33754
16.03413
13.22231
13.6502
11.34595
18.37987
13.44446
12.59802
12.81172
18.54056
22.15071
23.5185
21.26816
16.64462
15.7818
16.52244
18.82296
11.72745
12.48458
13.74207
11.57652
15.02517
17.74058
11.45497
9.714791
7.808947
7.72798
11.97121
12.26748
11.02559
15.17741
11.13461
12.73392
10.89137
17.81313
10.86023
10.75264
7.249508
10.19523
11.03009
9.966768
11.34565
13.91844
14.61734
11.13077
7.871157
10.06342
13.67867
19.82956
14.65089
10.29634
