1.991272
0.1918367
0.6077868
0.1451244
0.3387765
0.2403437
0.5069604
0.1352309
0.8292528
0.4175757
0.2088265
0.3728439
0.4092177
0.3654261
0.6787232
0.6318312
0.4542682
0.2004765
1.076105
1.616487
0.9287354
0.1636279
0.1965752
0.3439982
0.1672341
0.420513
0.4273863
0.3374819
0.375136
0.5293568
0.9361259
0.2650574
0.2252414
0.2071834
0.1817472
0.6090212
0.7059909
0.7464916
0.1493319
0.2938153
0.535896
0.3065745
0.2689904
0.3220683
0.8270873
0.7636255
0.2893181
0.2169847
0.2578927
0.2129961
0.4043235
0.2005888
0.2808758
0.4311507
1.389843
0.1622344
1.022679
0.2135998
0.6755421
0.2727621
0.4186029
0.3274274
0.2527119
0.4748167
0.3488659
4.891231
0.5428252
1.312776
5.428797
2.114332
1.828806
6.162947
3.223769
0.4661233
0.1981023
0.1427856
0.5645522
0.5805692
0.5059089
0.258855
0.2218298
0.1243472
2.852999
0.2431733
0.8415106
1.257642
0.1818962
0.3137348
0.2821654
0.1899286
0.3669398
0.7316676
1.597654
0.6518506
0.3651089
0.4789079
0.6975273
0.5917321
0.4456631
0.3345797
0.2905846
0.4707091
0.2491335
0.3768254
0.5368022
0.9836563
0.2929795
0.3181013
0.4492991
0.4012329
0.4127188
1.046423
0.6423806
0.2103237
0.3507177
0.6197028
0.2674775
0.5347879
0.2554059
0.1493536
0.1805598
1.074293
0.7105203
0.167482
0.6726021
0.4634254
0.7233693
0.3362951
0.7510541
1.694479
0.2875423
0.3704059
1.893463
1.128257
0.1560974
0.1294627
0.3304545
0.6640876
0.2571192
0.2949927
0.1606111
0.2149923
0.3750395
0.1825564
0.4743264
0.4158432
0.457046
0.578036
0.4496995
0.2570717
0.2577558
0.1431976
0.1746705
0.3440852
0.2342723
0.3131199
0.3015066
0.3368824
0.6214882
0.2235151
0.1494519
0.4164544
0.6948378
0.2930667
1.031398
1.198503
0.3950263
0.9466432
0.4382257
0.4775907
0.1573912
0.5604505
0.6866505
0.2509313
0.233173
0.212379
2.080635
0.1718466
0.5093483
0.5796525
0.2548475
0.6455826
0.7264762
0.8375004
0.7445386
0.2830174
0.8612289
0.4538384
0.7497083
0.2943958
0.5151203
0.2283635
0.2898001
0.3775855
0.2747854
0.2079817
0.4186476
0.2210264
0.3282551
0.5219183
0.395314
0.7140371
0.85247
0.2296246
0.09534208
0.453583
0.3882928
0.2555299
0.4034688
0.3756646
0.132506
0.2382813
0.2410832
1.186726
8.063876
0.8056066
0.8115379
0.3642111
0.1395341
0.9389156
0.2210656
0.4090365
0.5226876
0.4573857
0.2001325
0.1452979
0.421846
0.394106
2.688311
2.451791
0.1708059
0.2221498
0.5758798
0.258378
0.3407662
0.6602802
0.3345477
0.2472575
0.4310279
0.252892
0.3304236
1.366546
0.9637054
0.4946293
0.4209133
0.2597815
0.60947
1.333434
0.8894876
0.9769907
0.3756574
0.2839351
0.396417
0.2090387
0.2468725
0.1672397
0.1300639
1.163472
0.100432
0.2140603
0.1942359
0.5687726
0.4504997
0.3842145
0.1334832
0.4419428
0.1879074
0.1394504
1.006897
0.549071
0.2688049
0.7491622
0.502473
1.887318
0.3785521
0.3290944
0.09007391
0.2613113
0.4329895
0.6795298
0.1197753
0.2126739
0.5474401
0.3260166
0.4146224
0.3415203
0.6648503
0.2734197
0.1830225
0.1830695
0.3152618
0.2479429
0.263113
0.1672154
0.4607881
0.6379017
0.1522013
0.1911471
1.014665
1.132095
0.3573
0.3510246
0.4777559
0.1941531
0.3474272
0.2979967
0.1185833
0.3391844
0.2438721
0.1807441
0.4128347
0.1754376
0.1576374
0.3086649
0.1405488
0.2249343
0.3415685
0.5817796
0.1258308
0.3400777
0.3150627
0.6826157
0.2982349
0.222964
0.1759974
0.1687511
0.2822584
0.4879154
0.1995523
1.03523
0.2020956
0.2187062
0.6354908
0.5972422
0.7257789
0.949611
0.1053611
1.258931
0.2666496
0.1229042
0.6494806
0.2170587
0.1925857
0.1433961
0.3179578
0.3953988
0.4141756
0.1475594
0.1845368
0.6905264
0.1951318
0.270648
1.631038
0.2523435
0.7606022
0.6474296
0.1568117
1.338155
0.2605644
0.4842867
0.1263243
0.7800008
0.8694365
0.1549647
0.683049
0.9024506
0.1330287
0.1855632
0.4274745
0.2442663
0.3165725
0.8068676
0.1351255
1.473605
0.3320631
0.1849713
0.7937593
1.116287
1.270867
0.1716621
0.3554376
0.4078986
0.321592
1.007794
0.3593991
0.2859626
0.2981471
0.1445959
0.2100179
3.41385
3.657176
1.896358
2.953481
1.99277
5.410679
6.249367
6.174793
5.282621
0.8461409
0.6901674
1.053075
0.3207934
1.577521
0.2552117
0.1729819
0.3021976
0.3065099
0.22479
0.479009
0.4154301
0.7151063
0.2886239
0.1313574
0.2532595
0.7817105
0.2695979
0.3393104
0.4868169
0.4052536
0.7682136
0.8793692
0.2353809
0.1546355
0.4970638
0.4910429
0.2747656
1.116652
0.1497212
0.2576228
1.460066
0.3597503
0.5553886
0.7910208
0.6204483
0.595365
1.171209
0.3233611
0.2875278
0.4509436
0.3043149
0.2609335
0.2675059
0.2412225
0.1357583
0.3979446
0.5896994
0.5513488
0.7397301
0.5873753
0.9535485
0.8377141
1.338828
1.489212
0.1718684
0.1982672
0.3193864
0.1992642
0.3247842
0.1607455
0.342291
0.24068
0.8841503
0.9983776
0.4167639
0.2321308
0.5433285
0.2769353
0.4390443
0.211086
0.9449727
0.3607961
0.5185574
0.2265083
0.3266173
0.3546714
0.5780479
0.4677058
0.4743564
0.2487169
0.2769337
0.5929506
0.8461311
0.5845385
0.2684704
0.1502211
1.512562
0.5491486
0.1214716
0.2012733
0.9336732
1.078172
0.2481732
0.3038244
0.6013838
0.3808533
0.08828232
0.5472483
0.4177947
0.4300846
0.2885207
