102.1603
102.6396
103.1153
104.095
105.5365
106.3765
106.2164
106.9722
107.4641
107.2852
107.4007
107.9236
107.2563
107.532
107.4505
107.3195
107.9906
108.4655
108.9247
108.3347
109.0265
107.6365
108.0179
108.3134
107.8534
107.6436
106.6097
107.442
106.7976
107.7345
107.87
108.5747
108.7782
109.6829
109.0114
108.856
108.7902
108.6795
108.9632
109.1779
108.9733
108.9677
109.8314
109.5878
109.0043
109.4239
109.4902
109.1002
109.807
111.1854
111.0734
111.8586
112.5201
113.2294
113.4884
114.2509
113.5509
113.7572
112.9436
113.0466
113.618
114.0984
114.7416
115.2337
115.1672
115.8787
115.686
116.1381
117.053
116.3764
116.1704
115.9767
114.7877
114.5757
114.7238
114.2462
114.1149
113.4076
113.9532
114.2437
113.9079
114.271
113.6619
114.8586
114.3548
115.4309
115.2958
114.3971
114.3107
114.2669
114.6707
114.9426
115.3388
115.0474
114.9476
115.2223
115.8003
115.6614
115.5896
115.6673
115.9851
116.458
116.94
116.6792
115.9723
116.1692
116.3421
115.8846
116.2129
116.8436
116.504
117.1918
117.342
117.4992
117.3507
117.1042
117.4551
116.8367
117.3093
116.9388
116.2337
115.9799
116.1355
114.8964
115.0694
115.8328
116.2571
116.2331
115.9299
115.3975
115.7139
116.1829
115.9002
114.8244
114.8692
114.726
114.093
113.7552
113.6948
113.7217
113.2672
112.4818
112.7261
112.9235
112.9202
112.5986
112.1923
112.0617
112.3029
113.2751
113.1655
113.163
112.8821
111.6599
111.0738
111.1194
110.8585
110.805
110.454
111.3143
111.4089
110.4902
110.6213
111.279
110.7523
110.0302
109.9068
110.553
109.6456
109.0135
109.575
109.8527
110.161
109.9981
108.9558
108.0129
107.6801
107.9927
106.8416
107.2105
107.2838
106.6886
105.9835
104.7623
104.9231
104.4496
104.3045
103.6372
103.0121
102.9589
103.3229
103.1133
103.3237
103.3043
103.2432
102.7734
102.3246
103.0499
103.654
103.7935
104.1423
103.2828
102.6066
102.1711
102.1284
100.7861
100.7451
101.0229
101.2787
101.6138
101.7145
102.2566
102.0007
102.5915
102.0733
101.2277
101.1881
101.6384
100.7276
101.2056
101.3798
101.5711
101.9956
102.1041
102.2439
101.7085
101.2231
102.3586
102.4335
102.3087
102.8121
103.4989
103.53
104.6131
104.9631
104.0877
104.3656
104.7637
104.6162
103.9489
104.2606
104.1394
103.4524
104.0059
104.2594
104.7192
104.0383
103.5117
104.0546
105.2205
105.427
105.0557
103.8672
103.7083
103.8082
103.3571
103.3026
104.2908
104.5215
104.3157
103.9956
103.9339
102.8397
103.0673
102.5303
101.9897
101.279
101.8134
100.6868
100.5135
101.1542
101.0033
101.5199
101.5253
101.2771
101.4464
101.3907
101.3676
100.937
101.1063
100.3249
100.8362
100.6859
99.56367
99.91628
99.0919
99.0324
98.95484
99.30297
100.1737
99.3086
99.24162
98.70302
97.9548
97.6257
96.99834
96.17691
95.8655
95.95426
96.74908
96.60165
96.13988
96.2522
96.19485
94.82123
94.54065
94.46764
95.22216
94.77569
93.78386
93.65073
94.08845
94.11821
93.61915
93.12604
92.82661
92.79017
93.16472
94.65578
94.79847
95.22949
95.40433
95.88634
96.40902
96.31099
95.9704
96.96659
96.9362
96.82217
96.40317
96.80173
96.8838
96.45419
97.05983
96.91682
95.90291
95.42023
94.62353
94.89537
94.83558
94.74817
95.2784
95.28887
95.92982
96.64708
96.66971
96.92057
96.45395
95.67295
94.76359
94.78395
94.72784
94.82543
93.99138
94.07392
93.76969
93.56001
93.40408
92.87322
92.64576
92.37191
92.93822
93.28452
92.82244
92.83674
93.69154
93.91857
94.03222
95.28149
95.32719
94.8752
95.2021
95.04856
95.26498
95.70166
96.10925
96.03665
95.50991
94.91875
94.36612
94.0271
93.34936
93.75758
93.6373
93.36003
93.15199
92.43643
92.98041
92.28669
92.07528
92.61406
92.13922
93.15468
93.52734
94.29811
95.26399
94.84092
94.90922
94.26289
94.63641
96.17201
95.98917
95.58826
96.65981
96.79155
96.98312
96.56233
95.80702
96.21666
96.35173
96.443
96.29472
96.84642
97.17783
97.55017
97.76412
95.97931
96.50302
96.69769
95.21515
94.82164
95.30309
95.38712
94.92299
94.66902
95.01344
95.27755
94.68692
94.9078
94.53411
94.36708
94.30644
94.04883
94.89462
94.09231
93.4611
93.64016
93.87431
93.10937
93.50984
93.03501
93.6097
93.71696
92.38432
92.21581
92.33809
92.59564
93.4716
92.72601
92.00337
91.41774
91.15335
91.84486
92.19265
92.30066
92.18184
92.22269
92.10809
92.03963
91.16199
91.20319
91.09043
90.57433
90.22216
90.44169
90.03592
89.95159
90.31499
90.06776
90.93593
91.14821
91.7786
91.65962
92.05029
91.83781
91.94109
91.26757
92.00494
92.43913
92.58204
92.86953
92.40933
92.66933
93.04902
93.52147
93.12739
93.43157
93.49967
93.145
93.34471
93.69687
94.13486
93.35353
93.01063
91.97332
92.22084
91.76448
91.82999
91.24439
91.87937
