103.1122
90.51686
83.95127
62.24774
89.1844
79.38796
71.75861
82.37373
80.32257
87.21623
89.4628
138.0798
168.5423
205.1457
239.6157
275.9537
248.5879
248.2914
342.2141
648.3382
515.575
571.7246
577.0106
656.9442
634.2258
911.1789
978.9484
1025.889
1492.623
1696.684
1675.62
2093.806
3321.521
5821.61
6655.356
12697.42
21318.4
24095.12
39368.82
71378.2
85031.46
119444.3
205117.2
322757.7
417637.5
997625
2322746
7634295
27908924
41732842
39893506
42817634
38948394
37214149
39435028
42615841
54535869
42200201
46794785
45188211
40787319
41439492
36930297
36702304
37335093
42163353
38924712
49827226
43760475
45547775
40939570
44309342
38706741
42162001
46274035
42816012
44582448
39304030
41997873
45492273
40670085
41191059
40796276
46783652
35587100
38356536
35337802
34760679
41316326
37953218
39654650
35581326
49089898
36477919
39545829
41358340
35320789
35054893
47809814
43233239
41920273
41050854
43189925
45739446
41050403
41255399
36058561
40611295
46971613
36171948
40338213
39216015
38926917
38151481
42957932
39580021
42590568
41597890
37086576
45955654
42390643
42243916
37667515
45927164
45658669
50093341
40207988
42351693
35668202
38619938
36278981
41664217
46128737
40104413
33657151
45176362
42079794
44277739
43099218
37898120
41668275
37334181
40406658
41503990
37483157
40672994
38231481
46445447
41634910
42348011
40840616
40448087
35596875
38879785
43906874
33107735
46893543
41039074
32966872
41639194
41947758
33057335
42898728
38061517
43626029
39410602
50623623
37361980
44143879
35707502
36593888
40765129
41766310
41779492
37295907
38351880
42539685
42916242
40616743
35765936
42916157
44260472
44898747
39030956
43670711
40449231
41093080
43991869
40624182
42643894
40739610
43856905
39521614
38919927
42119335
34324608
39694895
36337070
38549456
38252706
34046783
41981657
46879176
41675849
40678248
41672392
37653921
40642735
32663736
42674368
41535115
41077000
38792201
34531882
42585035
40718473
42602326
40477964
39219047
41643411
40833726
38366908
45158775
42154422
39403116
36181781
40879174
36160587
41894160
43305082
42945700
41035838
41738344
36037855
37383657
37552801
45780892
38673140
41739683
39704346
37277566
42081703
42633948
38807841
42559211
39369913
38078489
41280840
40418546
39188029
42269466
42757499
39800922
37933233
39935874
36664939
42417513
43584114
38815450
33408342
37712976
43233249
43118085
40308763
44742805
38910254
38870779
42567637
42550187
37427231
41269301
41967457
38360868
41516597
44244187
41025624
42618530
40256180
40886064
45515908
38526845
35434577
44466487
43814705
43463730
37096407
42615882
40131542
47094827
42585910
40507020
43892450
44197226
39630706
44786490
44430372
40313376
37502753
40252130
40307353
41541456
42443416
39214461
40293014
40057595
40570021
40135397
37678613
43090158
44790396
39852799
48252089
43283722
47204477
43158588
42763977
39248078
43029310
39518401
36076548
39882040
35665061
35868101
38364588
43464110
43259324
39203645
40931652
40364095
45498712
34855375
45429891
45562946
39535682
43969268
51361177
37261039
43664293
46062975
45365296
37984687
42013179
37541218
45322522
48450340
37814939
47033634
44654278
46261497
40383208
50971299
42789252
48440004
39493898
36815389
37991896
35725112
39780119
42213858
41665939
43041986
45187480
45313878
48969037
38751360
40443412
40947543
37399860
44220293
39772988
35705087
40833991
46557131
38766036
38383046
45986955
37729861
42161032
41962741
40217268
40902944
46512032
44537811
39950593
38536128
40792324
38537530
37995994
36832866
40643606
36012850
36330444
39667313
41970432
44735744
39954604
38424162
39856209
37847388
39593483
40447234
36480688
49323778
43433082
37344556
39047622
38375311
37677448
35128334
42388420
39197309
45888865
44928186
41039610
40039998
46170198
41994072
47106455
44712495
36505946
40670157
43147709
47802003
43413720
47030124
39932364
45497712
42366881
35537242
38618960
40923821
47724309
32574496
40003163
41687953
40266739
42903719
44121078
41911825
37807278
41330572
45754795
41709894
46462365
40484746
34955472
33035344
40076983
34042395
37309895
40061399
46673943
42951980
46024668
40999264
38192631
37938399
43479466
42083777
49545713
45352904
45512226
41166538
43424969
38845114
42101038
44387248
42683663
45473928
44626506
39841213
39865728
42418900
42455596
43288994
43488756
44085263
42706674
34492881
40606575
47804208
45097578
43517582
50268448
44245202
41316981
33978148
39570470
39359033
44721071
42360543
37770314
41967436
41342739
40769843
42907033
44357625
42674806
41851848
41277570
