0.1392751
0.1900712
0.1782708
0.8352913
0.4194917
0.3974086
0.2124553
0.1951988
0.5136857
0.2416647
0.1848828
0.2904723
0.1973472
0.2789641
0.7944482
2.173191
0.4411043
0.5001348
0.1581489
0.2497825
0.3402854
0.2973135
0.3896627
0.4156276
0.7783823
0.2757929
0.3747438
0.2668574
0.3321872
0.2665682
0.4796979
0.184625
0.1289814
0.2905076
0.4916904
0.5283998
0.1275584
0.3876377
0.4602565
0.4009441
0.153284
1.665644
0.5880614
0.3040044
0.1769702
0.5005692
0.1772232
0.5853672
0.189407
0.557887
0.7644617
0.3785889
0.5819219
0.8378059
0.2131244
0.1602224
0.3872137
0.4858682
0.2123819
0.1869008
0.2942234
0.7135715
0.238718
0.263335
0.2351628
0.2122001
0.2251928
0.722106
0.9960052
2.11015
0.8309967
0.1270859
1.024648
0.558949
0.5545694
0.749497
0.1953707
0.3158421
0.1862233
1.580913
0.6891665
0.4506557
0.2214475
0.4978643
1.314682
0.5459911
0.3692762
0.8400982
0.3130758
0.4169611
0.3510671
2.457869
0.2285225
0.2174482
0.3863778
0.1219007
0.2192579
0.161869
0.2086915
0.9596762
0.763549
1.996219
0.2435594
0.3966628
0.1542703
2.005114
0.3044576
0.2918947
0.8224106
0.3132875
0.1365664
1.269078
0.2127127
0.366845
2.177259
0.7781289
0.7603993
0.2586729
0.9040747
0.1789477
0.3326585
0.2889835
0.3261715
0.1753366
0.4809825
0.2696249
0.2745701
0.848791
0.3559495
0.1430718
0.5087174
1.097572
0.1376056
0.1660464
0.1660798
0.7307177
0.1643427
0.1877791
0.2426498
0.5980763
0.3013247
0.1717797
1.229921
0.2879056
0.4152956
0.1900022
0.1768115
0.3548684
0.6029926
0.6519493
0.2602711
0.4172709
0.4043375
0.3874369
0.3181448
0.1662117
0.2270064
1.00849
0.6831667
0.4256519
0.1662801
0.3098429
0.6753603
0.2299742
0.2809621
1.137641
0.1674795
0.2377342
0.5530717
0.3066566
0.4151026
0.3611682
0.2870864
0.2488734
0.3829636
1.491013
0.6611073
0.821484
0.8235973
0.5332355
1.088032
0.1298283
0.8939107
0.3102348
0.3802296
0.136793
0.6359474
0.2320254
0.4338872
0.1783636
0.2407709
0.5494535
0.3671067
0.2898144
0.3762736
0.5250474
0.2974422
0.18991
0.2369649
0.2732318
0.3606734
0.1180764
0.274382
0.5410635
0.4248325
0.1259217
0.1882297
0.517707
0.1357901
0.4660873
0.3362525
0.214796
1.912773
0.2150357
0.2805306
0.3929199
0.7636976
0.7741511
0.5912106
0.2095845
0.2614675
0.2452604
0.2125438
0.417676
0.1716878
0.5792171
0.2525717
0.4627281
0.2445159
0.2335384
3.382114
0.3382396
0.9153652
0.3420791
0.2667647
0.5210028
0.2212449
0.281283
0.2670719
0.2002785
0.9572371
0.2794681
0.3081773
0.3256959
0.2279276
1.21755
1.10479
0.4505133
0.255227
0.2250683
0.1840513
0.6268263
0.08133091
0.3958265
0.4133178
0.3897695
0.4157109
0.375164
0.1332649
0.2708863
0.2938633
0.8251083
0.3844636
0.4353146
0.2360564
0.4671819
0.2444998
0.5410384
0.2124778
0.2337565
0.4519685
0.2479363
0.8444889
0.09375194
0.244371
0.314731
0.2898004
0.4245823
1.145844
0.2740916
0.3673405
0.5859336
0.162498
0.4326685
0.3778824
0.1688803
0.1188492
0.8731616
0.7984443
0.2810094
0.4502664
0.1486766
0.2327493
0.2398503
0.3588758
0.4061959
0.2554774
0.1016864
0.450197
0.2313085
0.1600304
0.995216
0.5785664
0.3424769
0.5854253
0.5049699
1.061314
0.7382065
0.2352214
0.3491577
0.59632
0.7943033
0.1506013
0.3965388
0.7570092
1.628471
0.2313898
0.901121
0.2099211
0.289785
0.6180601
0.3565196
0.7660423
0.3147868
0.2242077
0.6003407
1.307211
0.2794612
3.833864
0.245402
0.1073944
0.2535514
0.6980415
0.2937286
0.8169763
0.2789308
0.3641263
0.192213
1.576083
0.3064948
0.4290633
0.3075885
0.5515762
0.9897335
0.2246214
0.2623924
0.3382149
0.3666602
0.270421
0.1952072
0.2429057
0.1812365
0.6149388
0.2031473
0.4129912
0.1353466
0.3814885
1.701982
0.6682391
1.247115
0.2531456
0.823626
0.2068382
0.4812296
0.285864
0.6346895
0.1625799
1.382557
0.1523797
0.2949211
0.2678834
1.049976
0.9707019
0.3432988
0.3693268
0.439488
0.1785392
0.2366108
0.4589456
0.7213722
0.2115227
2.107813
0.7377765
0.07326549
0.1381568
0.5418655
0.5019396
0.7673829
0.5166737
0.7241002
0.4258742
0.3291939
0.524611
0.596216
0.7162227
0.337857
0.4041623
1.979465
0.1564533
0.7168535
0.1169249
0.7493101
0.2370743
0.1889353
0.2898891
0.5855372
0.6381106
0.3152211
0.1840127
0.2635979
0.4782628
0.4409348
0.3708563
0.2960069
0.4088975
0.2282836
0.9771577
0.2134376
0.3321059
0.1898532
0.8817975
1.222682
0.3723277
0.4371396
0.1926967
0.536689
0.3459719
0.2395541
0.3951896
0.5899089
0.2568365
0.2618497
0.4380968
0.4075113
0.1888975
0.8160722
0.3970099
0.4225444
0.3331173
0.4231932
0.5291448
0.4397664
0.4423381
0.8290889
0.4255566
0.3693173
0.787796
0.5581665
0.1243738
0.9422181
0.6392939
0.5229594
0.3716757
0.2240716
0.1935796
0.2568704
0.1785955
0.3753158
0.289988
0.1624219
0.3204657
0.8414784
1.589053
0.1235002
0.3167446
0.3189727
0.3068785
0.1738991
0.5528098
0.2627587
0.1733738
0.2626641
1.43351
0.5776664
0.2944514
0.2930941
0.1520152
0.2805199
0.3822865
0.4135473
0.8747703
0.2123918
0.1586434
0.4598608
0.2127605
0.5625751
0.4924966
0.2055939
0.5902478
0.4368456
0.6619043
0.8650514
0.227353
0.7959935
0.7376629
0.4271252
0.1480409
0.4954432
0.1316168
0.2242747
