356.7001
784.744
483.3954
294.022
955.8582
509.4976
292.8941
414.9676
327.9028
791.6411
493.3916
1454.511
364.4041
967.1808
852.0355
982.7274
610.5634
737.0029
522.7426
967.4954
197.6011
242.137
449.6252
477.7757
560.7975
733.9711
595.3091
409.6553
176.2678
1195.27
1141.142
1347.281
509.058
467.6742
272.2374
1021.704
943.2819
824.0408
792.0906
830.0362
628.6771
1627.206
4401.697
1171.245
927.6193
645.3337
985.0011
825.3605
908.7124
3084.112
1217.399
905.7618
2570.653
2412.499
657.1309
690.3473
663.8096
769.1517
653.6023
635.6004
478.8799
589.1792
1896.364
683.2983
1992.894
1944.673
366.3442
272.7789
551.9434
584.8288
348.6021
375.0729
1089.599
674.811
318.7947
2283.478
382.2679
464.0033
1477.693
1093.252
616.6869
1394.758
1618.009
1247.851
1653.737
717.8976
818.4998
645.3099
365.2843
1248.988
542.6505
767.3252
521.5981
386.5739
465.9324
648.115
848.6513
424.5361
837.8335
270.7457
364.6004
357.8333
235.5057
1026.885
597.0089
1476.959
341.1908
509.2832
634.0777
619.0629
221.5934
1218.57
500.0403
289.0534
664.2538
621.9672
2439.318
1038.609
618.2934
560.4366
784.1472
360.7799
401.5984
752.6678
748.5602
482.4212
421.5657
557.2763
281.101
524.0923
481.9751
417.3094
1118.001
479.727
551.4994
295.134
360.623
607.124
1108.012
504.6276
579.0504
265.5223
740.3006
325.9225
900.6844
204.9216
433.8653
448.1341
516.2155
1898.677
847.7225
870.0766
1856.76
464.9082
736.5357
456.9309
499.7396
5141.969
1332.227
1023.434
477.8225
1250.653
642.0684
886.7209
674.4075
1000.97
724.7935
314.0647
757.8155
804.1751
1179.999
569.0618
644.4448
654.9992
1670.78
993.8766
865.2965
923.6183
554.6342
365.5224
933.7009
1017.633
488.457
774.7513
400.9379
532.5143
384.4009
539.1506
291.7296
357.1319
1090.472
961.0142
551.2174
1395.121
1216.141
1822.545
323.6348
1506.757
536.8717
280.5531
522.3588
2103.463
341.6733
505.074
416.9569
460.3624
525.5945
1292.479
986.7118
226.4109
452.4978
844.7781
666.5956
571.74
894.3661
1349.107
321.5247
560.1794
356.4589
889.7812
259.9633
1225.694
1677.043
891.4234
360.2193
245.3027
336.1352
697.9213
696.6474
643.6582
1202.27
344.0364
567.1115
212.4453
1194.429
972.3556
477.769
1189.234
1076.13
431.0594
1203.781
1275.569
406.403
637.5626
285.4342
760.7004
648.6595
605.2225
774.6955
4925.831
471.584
1212.525
679.5194
430.704
528.1152
2066.998
1845.234
259.2127
2047.965
354.4718
3151.257
580.5917
1058.242
718.5475
585.2786
332.1335
545.1941
462.9661
497.2625
412.6548
275.0172
567.7783
1011.457
893.7735
917.7682
687.6431
439.1909
559.7448
678.1385
778.1328
469.7
917.5813
246.6928
765.8829
600.5254
956.1344
783.2841
492.2823
546.754
943.1486
365.4368
1078.603
505.2751
379.3801
383.7107
165.7886
497.4233
660.4077
292.1438
441.2264
447.5192
804.2964
710.1153
330.6709
967.2538
1011.134
2033.074
1994.465
1873.166
499.3896
899.3925
565.6367
1228.812
810.3998
1432.458
896.6081
628.2273
1457.917
1883.125
1043.587
1135.305
1235.08
1579.17
1125.905
3575.512
602.4122
3755.537
793.9889
587.6588
541.241
911.6779
915.2745
769.6838
412.8456
2911.576
731.6658
1040.39
607.7582
480.0536
910.7945
785.9111
1318.662
1093.44
1164.458
422.7289
847.7501
1144.79
767.6094
674.9752
839.1536
1462.828
1277.071
1012.551
1620.181
2720.957
1147.562
1038.653
1431.724
2518.027
448.9771
1378.656
845.7646
962.7563
664.3933
2469.032
776.9207
835.5948
1320.975
1609.473
920.6292
5394.21
815.3308
4690.301
1571.711
1452.579
1452.895
1082.469
1807.618
1200.745
828.9016
1908.645
2303.508
6950.628
3164.479
350.0368
849.155
1411.788
2294.728
584.5553
2335.04
1268.195
1458.296
479.6042
1332.784
1064.144
990.9244
1555.323
894.3585
2245.028
3145.565
542.9599
1322.869
1362.989
385.3049
594.583
676.589
2427.044
1333.822
1793.635
1507.886
667.3941
4120.374
1429.864
1062.063
4250.558
1181.998
570.8815
3608.308
1363.846
2188.63
559.2543
719.8521
455.041
787.0169
1088.727
1210.694
325.428
1040.592
918.6025
383.3103
222.4812
1428.368
271.8858
237.3942
490.334
881.3323
1394.131
672.4732
1133.615
235.9734
1690.315
711.7821
777.5614
389.2504
329.5116
855.2784
662.5083
896.1374
741.7774
4198.351
858.2054
2863.677
863.0529
449.2468
1149.006
665.4387
2441.901
8120.386
517.0477
438.5473
387.9762
376.7044
994.7701
1061.257
580.4317
421.038
279.7545
521.6615
336.2006
688.6395
654.1462
1991.104
1764.33
1476.008
458.116
2336.893
899.6821
683.6492
1008.84
1343.16
1090.205
633.2157
3483.223
582.1873
295.6211
467.6306
245.5116
442.1741
599.143
560.6473
545.4327
915.775
486.6853
354.5994
708.0193
479.3473
327.5261
843.1418
882.5002
402.6552
