323.8865
142.4208
672.3385
350.1763
402.6845
140.4092
516.0912
304.8911
260.9757
757.3895
194.2304
256.3482
192.4531
807.8134
300.4255
239.3004
581.0377
242.2527
636.3318
415.3993
199.5539
220.9799
305.4445
264.9275
294.1407
557.0802
1713.479
251.4653
263.0177
168.0057
168.7553
471.9192
170.5841
252.4903
436.9528
365.747
210.2437
113.1108
238.3808
506.7325
276.8579
322.1239
195.4459
340.9567
471.5958
127.3873
191.8368
494.8595
264.4905
223.9675
246.8386
240.1958
405.9464
223.1962
196.933
446.227
163.5319
229.4086
198.143
395.4935
308.3264
317.0577
230.5078
486.1994
189.5582
303.1451
160.241
160.9158
459.1695
268.9056
335.4175
1177.31
1114.228
474.8418
361.3909
393.1199
257.8898
374.3517
521.5169
322.4728
499.5387
221.3225
349.9749
219.5494
214.6684
191.7076
134.5866
473.6925
334.3154
354.2155
314.382
165.181
386.5674
260.5992
425.1951
100.5862
1043.451
351.8673
397.9475
397.0655
160.3873
383.1654
418.2141
189.9974
290.5277
307.8758
322.7274
216.1611
265.623
233.1983
199.7202
765.1858
351.3535
419.9038
65.65856
204.3393
379.782
723.084
144.7862
257.9288
201.9305
223.4394
458.6301
415.4735
559.9381
313.9906
479.4192
348.9918
483.0288
339.4153
221.4485
220.0405
328.8213
290.5814
1412.343
284.6589
237.8962
236.8545
123.9189
266.5731
186.82
195.9547
434.337
239.8056
203.1821
188.0479
206.0072
276.8811
250.8126
162.8535
430.7341
347.3612
377.4699
88.00153
204.2213
187.0947
368.3434
683.5737
595.8154
266.162
376.8493
375.3858
211.9658
98.63219
407.5785
397.4056
390.8846
273.9855
416.6998
243.5752
172.6125
204.0494
417.0602
280.962
166.8736
155.8413
189.4324
154.0096
111.6384
317.6182
125.3171
260.4702
269.6531
292.4334
150.8119
230.6741
183.4027
439.3284
175.0973
374.4925
217.9968
368.6994
324.3212
618.8604
388.4698
269.9772
370.9614
257.0166
198.1289
259.6587
216.9685
330.997
409.0809
134.3294
276.1118
166.8359
172.8768
247.3307
82.64123
455.5317
228.6033
288.3728
584.6663
311.7274
191.9989
228.5572
335.1158
199.2622
233.5142
436.1089
186.8946
363.0272
664.4807
236.4696
304.4652
205.9808
137.5731
207.899
314.9445
360.9566
185.8335
159.8602
235.414
481.5936
161.3061
221.3648
410.1496
298.9376
165.1737
237.0535
466.191
227.3841
385.2629
280.35
283.9812
134.4125
590.2138
494.8502
329.6922
365.3469
217.7595
307.2741
240.7681
319.7456
256.002
176.79
115.7191
371.3492
329.8374
667.1039
263.9413
688.8683
222.5403
270.2139
253.5989
300.4347
207.2222
261.1725
175.1791
403.4535
227.0547
173.2758
179.0076
357.3529
258.3901
511.2629
290.9509
220.9522
489.5458
192.7829
343.8907
1401.711
519.9135
279.9432
199.8849
700.879
126.1076
204.5093
168.0557
98.5067
245.4108
151.1701
1095.182
276.7965
445.9529
295.2265
139.2191
250.7483
156.9728
216.9789
219.3695
233.0857
143.733
822.653
114.0024
184.9654
233.5934
403.9225
183.6394
508.3173
228.5633
167.6355
211.041
147.1003
174.3685
153.5861
470.8967
247.6353
209.5176
331.5046
392.879
278.212
254.901
119.6478
299.0918
168.6757
289.9641
261.5378
577.7047
122.1232
106.2976
223.9995
475.9592
204.6426
274.3957
268.5961
201.7152
167.0949
545.8661
192.6429
247.4261
182.8046
343.2739
372.3355
110.3407
223.5237
330.8183
171.4056
209.0958
227.4226
176.6585
480.574
251.5395
148.7204
198.2108
240.6866
137.8429
181.0606
1205.609
158.4602
683.4803
161.9161
276.2216
363.8865
108.2489
255.1244
380.8927
631.4322
280.2123
158.3718
269.9528
286.3829
219.8904
587.3926
563.483
269.8114
262.7592
626.7427
208.2856
146.5627
1233.287
292.0381
264.1816
410.6089
140.6682
299.6319
221.9835
391.8528
300.4961
229.8118
556.9708
201.577
218.6585
317.9713
212.2449
578.9407
349.0021
215.2741
179.8378
336.5813
432.9069
218.0681
139.2975
178.1445
481.99
219.4304
505.192
283.5469
168.7384
197.6144
184.3065
388.3514
581.3458
405.6681
330.1101
1080.01
173.4204
299.4089
289.522
445.4216
347.5273
160.0149
473.8783
62.7784
163.8916
504.8661
245.0531
452.1462
340.2085
281.9357
783.2182
237.9958
177.4679
444.3927
166.1233
267.5841
221.3463
464.9844
764.3082
309.5845
137.4515
167.7854
246.9048
619.911
204.71
424.0692
309.2702
240.6196
219.6007
253.2947
191.3335
356.1603
317.9959
1008.461
924.4081
172.7771
174.1043
203.1665
533.1434
312.8248
361.9219
199.3493
242.4858
108.5203
237.6703
261.5421
364.6792
238.8841
393.6454
777.324
222.9339
120.2599
501.0507
288.434
228.8881
220.0039
293.9131
345.4337
361.9881
217.4763
208.8021
539.6157
298.8404
647.802
107.8313
367.7212
687.6353
136.3953
153.492
769.0423
487.8784
209.958
285.1584
234.7567
513.5434
554.1372
280.5939
188.5197
216.4799
420.2938
