178.1226
229.4807
178.1894
174.2178
197.1609
222.1729
215.9093
218.7486
208.2783
204.1242
299.6211
220.2396
165.1626
94.64805
176.4214
179.6873
196.0496
170.0639
228.925
127.7912
216.1002
269.8299
219.399
182.7333
185.0778
368.5891
306.435
248.3722
231.351
167.1709
138.3587
97.69278
124.8656
131.6865
152.0677
105.357
136.6523
103.4666
86.71811
104.9722
130.0394
226.091
263.1288
196.9605
230.8339
275.7114
167.5975
285.4422
230.9087
439.3233
264.5456
280.4661
507.3683
408.2348
353.8413
335.0562
250.7995
270.9646
276.1057
205.0588
223.7995
114.3263
91.16094
162.7851
192.2569
372.6968
396.0971
245.5797
174.0239
172.2545
180.6654
220.226
557.8904
283.071
874.6456
272.5459
195.4804
159.2912
213.6024
245.8251
235.0855
192.2196
138.601
155.5282
143.955
176.7496
298.9833
151.7082
145.8515
107.7129
124.5904
54.72464
92.13758
122.9888
110.3722
66.79829
101.5386
113.3433
227.8335
293.7704
352.465
515.7644
353.8371
405.7306
247.3436
167.8
158.1748
254.6364
194.761
153.7952
196.5045
202.332
186.7558
128.7789
206.7934
112.5743
118.202
82.78437
126.1226
124.3957
200.0575
142.2015
94.10613
123.6744
106.7875
177.0004
164.7369
148.2692
187.1427
224.9299
177.6191
382.7876
256.8137
212.1983
267.7474
245.9139
110.0441
132.868
129.6854
115.6918
87.0804
155.5597
192.4491
139.9634
135.4972
219.492
238.4037
130.0386
188.4665
168.4329
219.066
312.0166
216.6261
159.0996
306.9195
192.9267
205.9963
402.0553
184.5774
248.6023
120.0377
132.6343
211.4922
125.7344
113.3194
144.9009
160.7524
114.9532
51.55511
130.6346
185.115
159.156
186.0768
130.0005
170.2997
120.3288
161.7217
262.8162
144.4725
137.8437
161.3129
107.4526
200.3828
123.4235
214.2447
146.7921
142.6454
143.7234
101.214
169.3922
259.5511
212.3543
387.4059
178.8189
109.5051
113.7432
147.4046
104.7216
155.0794
147.4154
183.7674
164.2829
115.9234
155.1211
167.3677
206.5918
160.7755
199.2777
235.5229
413.2877
297.6954
174.8927
255.585
165.4644
202.6164
229.3756
149.147
171.433
163.3548
197.2645
163.4201
122.2079
264.8879
315.5383
254.4744
190.7017
248.2826
169.7331
122.4324
97.3659
117.8096
114.1181
110.7697
151.1697
202.2401
163.1259
156.0138
160.6745
273.7057
175.2715
152.8287
134.4749
101.8652
94.70577
96.3277
118.8145
106.2088
154.81
115.3898
101.7251
142.062
224.0632
194.1958
217.4974
99.29761
144.4005
210.3459
135.0454
214.4491
200.6464
178.3796
122.3765
234.5838
211.7167
116.8739
126.3219
108.8347
105.5626
69.13484
105.8554
177.9956
131.1961
141.5557
168.1158
157.4152
176.1168
128.5618
106.3177
184.2742
301.5633
224.9264
178.6257
162.4431
105.0404
109.7708
147.0012
200.3046
209.208
241.3014
183.7443
196.1436
190.2681
202.6197
222.6865
288.5954
239.1256
175.4522
106.0562
96.37996
78.36396
102.6111
107.5812
80.13657
113.9798
87.9669
83.38155
133.0799
115.6721
150.9784
176.042
161.769
162.239
134.305
145.7853
169.8304
184.7939
137.679
174.4156
237.0017
205.6365
154.3477
127.2571
122.2325
132.207
188.0554
259.0667
263.4851
301.5691
250.0275
105.1248
152.1267
195.3473
176.5975
215.1077
237.0744
192.0209
247.265
305.0469
326.6867
184.016
190.7211
90.24024
105.3912
131.6725
176.0798
272.1925
337.2575
169.4595
150.3489
140.4769
249.3823
271.9471
164.7347
140.7998
264.8467
247.4552
198.8845
140.8336
119.9998
138.6618
164.5707
154.8744
150.7794
165.1977
155.3728
216.5784
179.4231
209.7011
226.7865
144.9899
106.5556
142.56
170.5732
166.6091
112.3241
70.74024
91.19395
85.60045
96.08792
118.7447
168.341
288.1477
165.0961
228.758
99.97572
185.2032
196.2794
189.2235
200.7464
164.5857
250.0425
222.2748
154.0021
212.7383
265.8771
196.6058
180.143
242.6198
166.4819
190.3208
154.4511
113.3638
174.1518
185.5553
316.9789
286.9666
210.9457
245.6181
194.8786
168.4166
298.1987
446.7863
378.3654
128.5043
171.4653
129.9001
157.3508
148.1823
188.9695
208.6056
160.4968
224.7938
129.7845
103.7621
83.87746
79.93431
76.27752
77.37951
115.4715
134.8489
138.217
110.0736
134.0739
100.0398
182.6799
166.8433
210.3169
146.1101
206.8812
233.6057
107.9686
184.1762
178.3997
191.7115
254.7044
237.2971
323.3995
399.2239
296.2996
257.4021
196.5135
198.7257
251.9118
214.0429
281.7958
326.2103
211.2083
191.7926
187.0978
258.5045
198.8099
278.1974
122.5108
290.2296
210.241
139.3209
111.5108
157.6504
88.20676
102.985
131.486
199.2515
189.8602
141.4638
163.7442
171.9109
164.3075
176.673
230.6378
220.1732
238.9427
158.7725
163.0836
154.1732
140.2774
215.6855
261.5577
266.4034
158.1497
119.4605
162.2499
112.4887
104.9228
139.8569
131.3906
142.4927
131.8996
143.7431
168.6981
160.6681
