80.28867
83.36327
82.91963
84.02136
84.95515
90.19309
80.91737
83.66679
86.57516
76.03467
67.77167
61.98916
63.12548
64.73081
69.59299
73.70961
76.1937
78.02115
79.30037
81.06248
83.4515
89.9366
87.49338
88.58325
83.28597
84.23884
84.05521
80.63432
77.97347
81.03048
72.49468
72.24579
74.83819
74.20101
77.74339
76.69247
69.73088
68.38799
72.90574
77.00941
75.74112
79.91604
82.07371
87.22616
83.52126
81.6734
85.67615
90.63125
86.34044
88.61943
86.69001
82.62592
82.79108
75.15506
78.09648
79.65013
78.53524
78.04854
78.45148
82.41978
84.4179
85.34887
84.50531
90.82282
91.94544
94.44841
94.66676
98.18274
101.3578
103.1017
99.07479
99.02809
95.03448
93.27631
87.35077
87.71833
92.59637
91.70633
88.84257
87.69552
85.42338
89.64537
93.04509
95.4905
98.34872
104.1572
107.3866
102.8301
94.92005
93.94599
88.32625
87.84688
91.033
93.07198
89.25082
89.7964
92.69861
92.95214
92.23889
87.48051
86.69083
85.86342
87.18553
90.28887
85.4399
85.88219
85.17704
86.14234
91.00354
91.61027
92.21115
93.30131
97.16309
99.31258
94.07335
93.21092
94.06856
97.16305
104.5811
104.0103
100.1904
92.94155
89.98742
85.5764
84.54279
88.12972
88.56727
93.64449
91.59598
89.49651
93.80373
93.98993
94.59635
93.26763
97.85346
95.73072
102.1739
99.37338
93.28301
98.40156
92.17203
89.84607
89.44893
93.16273
94.73146
92.82178
92.88289
95.56275
95.70711
94.45225
93.54954
89.1599
93.82571
96.26005
96.45941
91.56355
84.87781
80.45158
81.10327
89.52148
88.59944
93.31979
100.4261
97.9058
96.12443
94.4196
101.538
107.9522
105.2247
98.49754
96.33365
88.51588
83.74845
81.78201
79.42865
79.46614
84.44654
79.25135
74.9988
75.62294
79.6715
82.33186
91.48178
93.27812
87.03639
89.03556
96.56282
100.4811
104.4468
107.0969
114.3591
117.7274
122.4394
121.185
120.8448
119.4284
112.4309
110.101
101.1322
93.25907
91.10488
91.04611
88.83278
88.08122
90.40433
91.48883
89.12467
84.63499
86.90056
81.79771
83.13266
81.44049
79.17564
77.50545
77.33914
80.89416
80.76588
80.47736
78.29017
83.11258
80.74081
80.772
81.57009
82.76635
84.71267
87.41702
85.51298
81.04386
81.53085
81.77427
80.79468
80.52223
75.75635
72.74842
74.0412
77.24718
74.04531
73.63742
72.22236
71.37494
70.25436
67.80611
66.20712
72.4537
72.48487
80.46594
80.14902
80.12163
76.65886
73.57678
71.33192
72.58296
80.90654
87.69582
90.68497
82.9038
86.92857
88.14457
89.58978
90.95871
89.12864
90.39317
88.51164
89.21849
90.44954
95.65669
91.87866
98.17108
95.69701
90.6891
89.96873
86.97118
87.108
92.89621
90.96007
92.27345
86.19131
91.11834
88.67283
87.71246
85.91565
81.42532
79.82674
81.24311
84.67298
81.95707
85.88443
83.63459
89.16645
84.45681
89.60128
90.84853
94.42849
95.37045
94.62237
89.23622
84.29857
89.91385
90.87857
88.05863
95.4565
101.6289
98.37151
88.23869
89.39117
83.79388
84.33926
84.23918
80.4659
83.50559
83.73171
82.73966
84.86177
92.46069
96.18882
96.80627
102.1657
93.7624
96.85459
93.29268
95.20093
92.34819
94.1224
90.59711
85.18185
78.92757
71.97745
66.74795
73.11475
67.43799
66.34103
66.14379
72.76029
75.01735
76.87751
76.20019
77.11434
78.30878
76.64144
76.35252
76.35434
69.54921
72.56251
71.75892
69.65869
68.7342
83.41162
83.85668
76.24583
77.6917
71.75001
74.80749
72.1276
70.36937
69.81698
69.95012
67.9761
67.07418
64.23412
62.62686
68.44596
76.46165
78.14871
78.24853
73.916
78.35316
80.85245
76.0461
75.32778
79.12466
75.87195
72.79219
71.71159
72.3318
73.22208
75.42497
70.75704
77.74096
78.58041
82.40875
82.43712
79.68825
75.94974
72.79983
72.429
69.66286
66.71488
66.81707
71.73041
71.01794
68.30293
69.18283
60.79137
65.44785
65.29008
63.35427
69.66922
74.22953
74.03473
71.64776
70.01509
65.63667
65.20855
66.38715
68.21046
70.37511
72.57448
66.59049
70.56455
74.1457
77.95011
75.28521
81.11157
80.68921
80.78253
82.5411
84.57996
86.56034
93.13611
83.73888
86.07579
88.04257
82.36793
78.20293
72.73783
68.52688
69.15569
75.92305
76.98547
77.15208
74.30157
68.91695
67.29674
75.31771
70.22072
70.98189
74.99692
77.132
81.27536
88.39752
95.48934
99.9786
92.85388
94.00989
98.10676
98.36634
99.96002
93.53894
99.10317
102.8763
100.7811
90.63595
88.19902
89.48829
93.19158
94.35103
95.11584
94.42999
94.54249
86.67966
87.8205
87.14599
88.32854
84.70988
84.47852
86.72434
88.52146
88.75926
86.89165
94.31685
101.7423
102.144
104.6582
109.8011
106.0378
100.1837
96.07094
91.74332
96.33811
95.16451
99.62768
97.86646
95.40224
98.90082
93.58346
92.76581
83.78421
90.24113
91.42754
89.0297
86.84528
78.40435
78.02625
73.9623
73.07386
73.58043
77.93336
72.52087
71.23849
66.1405
