980.6621
627.2655
1128.577
892.5891
926.0798
693.9537
1207.793
2519.425
1491.801
721.5169
2055.529
3339.247
803.534
1879.665
2308.456
758.4264
7999.349
556.656
973.8487
888.2353
1738.389
1190.398
1377.043
788.8033
3424.521
2240.896
1318.953
844.8871
1342.705
643.7701
1287.026
378.7389
1014.888
1575.624
1442.501
1390.949
955.001
867.7916
1234.229
1365.953
748.4861
752.2337
1131.326
701.9363
2537.859
986.9803
1378.836
1210.011
729.0098
577.6605
758.4125
912.5091
1203.001
471.95
1079.317
920.0978
3215.314
598.0526
3271.713
776.9301
806.6112
688.8926
1402.078
2032.621
846.7502
1041.572
1527.05
3512.566
2603.171
777.6629
2423.5
1400.546
2069.466
557.7228
3557.72
995.1001
1498.698
829.2148
1045.435
1345.255
882.0112
831.4213
929.2513
1063.647
648.7823
1939.985
1676.132
4633.889
2132.605
846.0762
1091.499
3670.955
895.7192
909.2017
790.5058
984.0541
1123.708
546.8035
2897.504
1315.8
1037.893
1467.286
918.5447
1071.367
1266.414
957.4603
1000.734
1512.968
1417.321
1083.998
545.854
1039.24
1439.16
1760.703
2623.487
633.1251
3477.373
1669.354
809.6068
1498.556
1239.598
1382.887
1479.499
411.7932
946.6538
844.3924
1387.201
803.5231
2649.374
1117.414
967.7487
613.983
584.5653
1465.259
1155.795
1088.334
878.9314
1436.307
783.5944
2562.402
1179.264
1458.562
786.6772
1082.541
1696.863
1012.44
1113.874
1088.646
1133.335
1120.441
1006.708
2498.443
698.584
1503.979
1218.847
664.5299
788.9628
811.5181
1901.69
610.1781
699.9349
1609.163
1063.302
2351.523
936.2983
1561.429
3376.778
1118.279
2058.347
1326.599
1829.711
1128.643
1279.795
2224.268
1504.746
787.6846
1390.22
675.2502
955.5621
2588.714
2028.911
1142.254
1249.31
2004.168
1092.151
1716.268
1092.07
1922.703
954.4862
1010.477
1754.941
2579.149
3356.165
1169.162
1010.927
1657.888
975.5725
1235.799
3194.672
1509.274
1560.458
1289.391
909.6722
1877.97
1223.214
827.3581
2524.27
2835.06
777.7177
2809.392
2975.654
2239.325
1303.398
1163.73
1017.542
970.1763
975.0721
1276.686
1116.007
1272.356
889.1206
1099.89
1505.086
545.5557
746.8596
877.3917
559.939
1282.817
743.7802
711.1494
4000.475
780.9957
1550.266
979.7212
859.609
615.4418
798.3068
681.8939
2134.132
1198.048
3384.786
700.0381
951.7997
1114.332
684.6909
7592.133
1411.787
1126.151
5180.402
776.455
777.2739
854.6129
902.3861
3015.225
481.9268
976.9566
1218.162
1930.981
1934.417
720.0277
707.1725
1186.117
1539.481
1118.94
1163.5
1652.741
1334.945
1271.55
1149.479
1151.939
777.3352
1679.774
833.9023
2571.485
3043.618
1789.668
803.8355
1803.082
1700.29
1715.253
2035.661
648.872
1165.016
1281.513
393.2758
801.9875
370.8726
1853.34
1133.989
1780.55
1732.154
1075.808
1253.118
1709.932
2860.199
1239.645
1172.819
1258.531
1264.138
781.182
1437.566
521.6673
497.7944
1750.097
1091.847
984.9033
889.372
1284.013
1219.971
2209.057
812.5778
528.4743
2238.869
2445.206
1393.413
4974.009
874.1431
1889.541
536.0452
1197.628
2007.066
901.2248
1190.041
1684.613
1015.4
1227.427
3879.713
1024.322
1936.593
1093.899
723.5724
794.5594
2438.775
1468.194
645.7488
566.0578
2276.245
1706.724
1056.859
1641.352
1542.894
1587.835
784.541
629.7051
1550.264
760.5166
1149.508
1217.661
743.3777
969.3094
667.8877
693.0062
2440.249
992.498
673.8188
2981.086
556.1836
884.1924
903.2963
1158.285
434.0409
2151.521
733.5263
979.8356
1720.081
1003.01
1578.254
1831.807
451.469
1387.723
645.2179
672.5596
1613.576
1117.22
1357.315
592.4599
737.6146
1385.604
1244.714
1914.889
1824.191
1021.01
805.2385
853.6809
1361.464
613.5644
1219.905
1968.74
2126.796
4089.172
825.9202
814.3632
790.0716
1141.942
1009.75
692.4675
2446.393
1074.923
1169.597
653.2724
1739.811
672.3232
5357.101
819.3084
745.2589
1201.115
777.9663
821.5899
1618.766
3939.489
2405.614
644.1508
2077.736
486.0857
841.2737
1264.193
3732.956
6502.827
1047.578
1057.196
2764.959
1351.618
3744.758
2558.518
1692.502
1307.192
1266.994
1247.828
820.1018
1544.311
1286.489
638.374
2022.909
681.7313
880.488
840.1679
683.7309
1103.312
4058.869
2149.028
822.3067
827.2698
1737.396
824.0298
2544.955
1911.019
750.3136
5639.792
2758.346
1245.911
1139.951
1310.866
1005.724
1881.098
564.323
1878.732
5361.49
503.195
760.4954
948.0279
1404.803
2323.601
741.1303
490.8996
1644.354
1142.597
2908.685
957.0128
1213.796
1282.83
1544.398
1538.061
1038.963
1161.763
1535.098
579.9252
1317.514
1878.749
826.2018
1608.999
946.7946
3511.935
980.7432
673.3896
806.1125
3201.303
537.3061
2330.489
904.4815
1926.646
964.2986
1292.21
747.7852
656.7645
1675.857
1713.717
743.8404
2446.594
727.9269
847.2578
