111.0895
205.9307
114.0618
113.3212
226.2801
51.95008
135.2365
214.8887
200.2568
194.2284
105.4088
87.94414
218.9877
59.5817
135.3405
450.7935
285.1003
144.6652
151.0471
46.8336
103.0394
252.0431
255.1909
201.5248
102.0725
310.6706
402.4682
107.2538
51.7568
190.6577
277.5076
195.4177
64.4712
83.50616
59.01076
112.535
154.9851
106.1702
153.1394
312.799
192.9755
86.42284
53.68214
148.426
264.3165
161.7175
61.86252
97.59843
179.7384
55.09592
116.1802
146.4697
138.6091
222.3009
231.984
100.043
755.3434
126.7171
52.21219
82.07745
94.19037
78.59966
156.7026
259.619
258.8215
71.0567
276.7491
423.8952
208.808
210.5936
119.5234
328.9383
383.4317
556.5192
124.186
100.5699
293.5821
227.105
229.77
197.6227
167.7678
128.7924
307.2416
961.0852
147.2764
77.93212
180.8502
246.5712
284.6216
249.2664
148.2783
146.7403
74.50902
165.8587
277.5438
350.4922
355.5308
145.8053
201.4218
193.2069
110.7779
65.22501
181.1187
366.0003
342.5804
161.4222
110.467
195.241
48.15992
307.9105
237.0821
147.2261
96.3499
198.3738
186.0265
188.8037
167.5746
101.9538
123.7129
114.7739
279.5369
182.8899
211.4439
125.2434
65.36829
225.4788
149.2582
402.6655
557.7315
386.7045
174.1413
120.3198
197.0283
47.40124
111.7258
134.5391
62.35645
95.49324
2513.573
198.4559
82.60922
191.5984
198.9958
219.6227
160.6874
268.7361
403.0345
218.701
60.66854
131.7714
148.7086
67.00479
98.98869
129.3179
128.1516
181.5462
211.77
292.6444
68.15502
264.7774
113.6311
106.8718
528.3302
125.1598
107.4966
107.2953
266.6019
99.62778
74.81492
1136.059
136.3426
311.5778
672.6459
116.2717
91.4739
127.3144
230.8091
180.8795
204.1092
170.198
159.6816
129.8524
103.5416
146.0778
65.03159
142.6865
114.3552
127.8421
291.4548
125.4171
92.42668
65.57599
241.3957
155.5532
127.7642
96.63656
152.8222
116.0303
824.4378
150.6178
213.9229
265.1321
319.33
105.4838
227.6539
151.9801
131.844
171.6997
275.3819
98.90352
166.4024
142.4702
129.9829
246.8868
67.27206
281.4193
163.0284
99.02632
83.1211
139.4611
211.2396
208.9363
242.3665
206.878
184.6921
302.3259
105.9558
53.32655
104.8223
283.146
190.5583
314.1548
194.7352
131.0723
193.3516
69.71815
155.6232
170.3568
94.0974
143.3548
81.85983
242.4502
181.1614
301.488
126.8037
57.55688
105.7691
151.2158
70.42662
162.8624
77.04527
93.44524
110.169
230.95
317.9562
236.0763
396.0305
272.4269
211.6822
241.0245
228.3209
72.98809
97.63331
149.2431
317.955
293.1342
104.617
53.64005
101.8391
232.3999
332.9302
331.6712
218.8703
111.5514
85.94673
103.1232
131.103
90.40021
142.8287
76.03064
139.2893
111.3777
135.7456
81.27576
277.535
342.8456
147.5807
210.4479
181.9066
87.98596
94.82721
176.3133
548.0484
280.4967
402.5043
357.6768
155.651
94.45761
425.6521
363.6731
163.3638
187.1284
155.414
69.86189
148.5006
206.821
87.75321
164.9331
122.6401
100.9314
215.3533
137.7957
101.1754
108.7798
212.9359
176.7872
124.5534
258.7118
223.5575
207.5952
111.9753
196.2493
211.0519
194.3128
123.2559
86.45984
167.6559
138.5889
191.3119
451.2489
803.4616
190.0948
224.2309
185.2647
521.2527
194.7144
209.6354
161.0124
180.1546
92.48095
170.2987
372.8182
158.8484
146.9928
184.774
84.02785
229.178
119.7085
111.034
48.22287
154.9587
216.255
59.31024
125.7498
78.73426
96.07814
736.0569
145.1375
168.2173
437.3217
107.2535
138.5961
220.5561
206.2764
222.7125
122.1791
284.507
771.7048
306.0888
149.8765
120.1219
145.5762
149.9669
670.285
330.9591
185.8947
67.74187
148.1372
127.0591
82.27256
124.1619
176.783
157.1527
84.80864
150.2941
76.25674
362.6367
141.8429
87.21712
182.8347
239.4559
184.7559
109.8105
225.9051
170.6871
314.5003
123.9819
291.2803
182.7183
91.054
141.2859
116.6205
77.477
93.10652
110.0316
86.70264
102.327
152.167
108.1518
110.5434
58.23505
140.066
304.2209
437.3099
85.91448
244.5378
64.52839
68.68965
68.63851
74.71319
279.6367
95.04775
282.8692
377.0506
146.7398
136.6157
262.6952
211.4102
1315.939
104.6699
91.74893
143.4675
281.7365
93.30505
102.3259
153.452
255.2957
147.416
174.2419
354.4887
561.5641
85.0765
143.6254
133.1232
238.4866
228.5238
234.6098
71.99705
122.3081
72.31683
87.89329
490.1691
114.2455
188.4474
87.92195
242.9181
269.4691
359.5116
84.2392
72.67327
576.3345
73.02668
332.7135
90.40732
150.3217
137.1033
156.0198
102.6783
229.6106
526.5051
132.3361
61.62496
94.25463
100.1012
74.80376
73.64148
120.1912
128.6596
74.79855
74.07513
159.9794
297.285
74.12679
78.96162
236.6105
171.0752
288.7093
91.40139
293.3688
51.93896
121.4368
529.5867
287.413
101.2922
188.1783
313.527
55.04919
132.8731
46.86185
125.9095
