316.528
293.203
291.2753
327.5946
289.2032
310.4514
310.3487
327.7171
313.6683
340.9733
300.8255
341.9201
307.6174
307.7913
300.66
297.0636
290.9491
291.1919
303.1904
313.4577
293.6685
292.9294
284.2651
288.7759
294.0127
305.3611
311.5782
306.7901
314.022
294.6817
307.9941
317.1566
302.7979
288.5799
287.0252
277.223
316.7732
300.3782
305.1819
310.1319
305.1611
291.3956
303.9714
297.4509
330.656
292.7533
306.6173
306.5125
307.5929
321.0025
310.5881
320.1895
302.7593
302.4251
300.5025
264.9625
271.3466
282.5633
253.7239
251.9128
264.3362
265.4828
249.0102
231.5878
243.8491
233.4401
228.8591
220.6582
200.1793
202.692
178.297
181.2898
175.4347
169.3283
149.3448
139.2797
105.1855
88.89098
69.73686
51.76102
53.20984
59.62112
59.79024
57.95407
51.618
56.41764
66.38817
61.35748
57.53866
54.41477
57.03236
60.17867
54.01294
54.52262
54.136
55.38544
51.01486
54.15926
51.50385
52.17834
52.48876
60.17838
56.53478
59.9649
50.75309
57.37099
54.04987
53.99935
57.1055
54.11125
55.13735
51.63979
56.51727
54.57767
53.15588
61.93012
59.83726
50.94733
55.26074
61.5114
51.88571
54.62897
55.01058
63.7386
64.84939
55.94401
52.74957
61.87379
62.22085
55.78896
43.71511
54.74313
54.84979
53.75638
57.72798
63.91646
55.73749
54.93794
58.70278
61.95353
56.02201
55.67221
57.46556
73.17894
51.7514
54.05251
63.7171
59.39194
57.48528
49.52796
53.86189
57.82918
63.9026
56.90476
49.04947
55.15117
54.65829
57.36007
52.87645
57.05743
55.85539
52.14039
54.97535
60.04499
59.84634
46.62085
50.50847
62.19844
54.07496
49.13576
56.96562
49.25917
46.077
53.62931
54.11793
53.83286
48.63308
56.45754
56.44149
59.24229
60.23838
54.39698
53.32782
52.36379
55.74746
58.64618
59.24251
56.51385
52.92224
68.09087
60.46821
58.67573
58.90176
55.35177
48.13468
60.13784
55.51377
55.3447
55.10042
50.02822
53.16611
59.9697
58.55144
54.88002
59.40219
57.09654
54.49185
51.68371
56.22567
56.60078
62.26252
62.85661
52.42576
57.81737
55.28775
54.25493
60.93518
61.07492
52.08512
54.05773
57.38674
57.53039
51.86045
59.38579
58.23522
52.6292
55.81851
53.04449
57.79836
56.24525
60.42061
63.22138
50.39896
55.31836
55.29322
62.72984
53.69521
55.32314
56.76455
57.08632
54.75103
49.89547
51.52869
56.80402
63.63992
51.94004
59.03162
55.61897
55.81928
57.65597
50.60019
61.4735
66.05801
57.88152
51.73968
55.91744
63.42863
57.2232
56.64562
58.66052
53.30851
59.38041
56.48053
61.98661
58.6823
59.1156
57.27417
54.48275
55.48731
58.14029
57.8546
63.21262
54.4707
59.04819
48.52132
67.97406
57.40719
55.30131
54.31923
57.11474
53.21163
59.51521
54.65887
58.82121
57.1387
59.89877
59.99265
59.95871
59.09864
58.23114
47.21894
56.3846
55.36572
59.10769
55.78426
53.7059
59.67866
55.0383
49.27951
57.56805
49.13346
56.58479
54.25069
57.36208
57.25349
54.65399
52.8776
57.35958
53.79311
59.39939
70.72758
51.2263
59.45627
56.89095
54.279
62.74816
63.29704
58.12768
59.52447
59.43202
57.06013
61.15991
60.88373
50.57252
52.71543
53.07196
57.05901
53.90835
60.40696
52.5772
61.14563
64.19152
56.886
52.22722
61.39312
58.19637
53.55486
48.23176
55.60827
60.39875
59.57084
71.5642
59.92809
56.33145
50.81623
57.67665
56.75464
53.8486
57.64209
61.11267
58.60193
59.178
57.2817
54.37759
64.13958
58.38885
56.49081
66.7078
65.95265
56.79594
52.14959
51.8508
65.6215
60.07382
57.7187
60.48669
53.24806
48.10699
57.71278
58.69891
50.61061
58.46796
55.59593
50.0109
58.96786
49.44321
53.31216
63.31551
57.73074
56.8809
58.2005
56.22797
60.74042
57.22691
57.33943
61.44713
59.67587
63.04561
61.22352
53.91938
48.35576
51.39885
53.32984
58.60396
54.34063
65.61276
53.3721
55.19432
60.83836
60.64184
52.35057
57.50852
54.62051
55.96231
54.16615
57.11038
59.54885
58.88141
56.32017
54.62096
72.17515
57.94885
50.63806
57.59451
58.23434
58.21026
49.79338
51.65242
63.41049
54.70115
54.31794
52.54065
57.48219
60.12051
57.07491
49.91018
58.67449
56.37206
64.04205
54.62443
58.59087
55.25919
56.11914
51.80898
59.44017
51.76344
49.67263
53.96849
44.97911
59.21269
59.40427
56.07535
58.27836
55.80549
57.08266
57.62155
54.95942
57.5589
54.63508
57.29612
59.56394
62.24223
47.72392
54.71547
54.2125
53.21939
62.34454
54.67504
57.45654
56.68644
55.47219
57.41392
49.93701
56.95267
52.94029
54.97654
60.99638
54.08522
58.32635
53.9746
54.46499
57.13636
56.08582
62.98114
53.63418
62.02748
49.65093
54.50406
56.56785
57.60867
59.51191
53.10334
56.64306
50.04963
58.07168
60.26865
57.24191
60.43763
59.13975
64.52795
54.0884
55.59641
57.71161
51.3316
56.19551
50.50329
59.4339
56.17257
52.85175
52.16985
