85.22104
82.23458
82.00012
83.12599
86.30428
86.1294
84.36139
82.06255
81.25582
80.49326
82.69832
85.3968
85.82397
85.04742
85.16569
84.77609
84.97259
85.94124
86.1187
87.12428
86.8085
87.30047
88.09986
89.79767
89.92107
87.85357
88.36887
88.03842
86.8195
87.18677
85.22083
85.34421
85.66611
85.7122
85.91817
83.51857
82.39275
82.34906
81.46337
81.52414
82.68727
81.7529
80.98997
81.88189
81.23801
84.28489
84.98255
87.39469
88.84187
90.00682
89.30951
88.83855
90.32602
91.095
92.95376
92.15353
90.97588
89.62046
88.24415
88.43668
88.19161
87.34214
86.52248
84.83452
83.40048
82.41373
82.34887
82.68697
82.71411
80.02733
78.63018
76.87505
76.87623
76.34752
77.02771
76.1865
75.99918
76.64243
78.76961
78.282
79.66722
77.6656
77.11917
77.65371
77.58533
79.20632
78.15766
79.15527
79.17832
79.89836
78.7297
79.25743
80.43472
81.53326
81.32746
81.02982
80.42384
80.1153
80.61358
81.13725
81.95177
79.62529
80.166
80.11673
80.57057
79.73175
80.838
79.65529
79.66907
79.47537
80.11219
80.3102
77.99607
76.40976
78.36869
80.4675
81.75861
83.13061
82.15611
81.82761
80.38931
81.53837
80.7149
81.04073
80.92904
81.79696
81.29543
80.72586
81.12224
80.87935
82.15853
81.08506
80.34847
81.54275
80.92507
80.04589
80.63129
80.15096
80.23005
80.6166
79.96495
80.31784
80.3908
80.9841
80.36092
81.74038
83.88645
82.75046
84.20123
84.44032
83.58506
84.89024
85.52564
87.66659
87.06058
87.92977
87.64834
89.31066
88.1697
87.11575
88.04629
89.59695
88.71684
88.3065
86.88445
87.77244
87.86198
88.00828
87.45989
87.14815
85.59981
84.12016
84.2036
83.81026
82.98051
83.59269
83.25871
82.7653
80.91289
80.90141
80.56919
80.69069
80.35082
82.1912
82.70873
84.6988
87.22464
86.51463
87.54212
86.91871
87.05936
89.01692
90.28541
90.43125
91.11582
89.13165
89.06706
89.94988
88.67815
89.46107
89.50471
89.00695
89.56862
89.08547
88.38598
88.63605
89.97771
88.85396
88.02993
86.65188
86.38843
87.25959
88.4334
89.46764
88.84119
87.41025
89.01466
89.57222
90.60356
90.21054
90.2601
89.34912
89.02109
87.43834
87.4411
89.12824
90.49335
92.11391
93.08702
93.13807
92.79625
91.93234
93.98992
93.8953
93.76251
94.60355
95.53606
96.08557
96.35505
97.39353
96.25345
96.53059
96.70735
95.00744
93.48819
95.06806
98.25279
96.44197
96.51464
95.94964
96.07626
95.94355
98.41392
99.61931
100.5257
100.8501
101.1036
101.3195
101.3489
102.0481
102.02
101.8782
103.2999
103.0454
103.6568
103.2185
104.0306
104.4947
106.214
107.2128
107.8487
108.2371
107.9484
107.326
106.4868
106.3661
106.3947
106.1271
106.1047
104.3029
104.3335
104.9763
105.8527
106.527
107.7873
108.4106
108.5821
108.9197
107.6164
105.943
103.7248
105.4229
107.5121
107.713
109.0686
107.4052
106.1091
105.1527
105.659
104.6257
102.9914
103.9862
102.8861
103.6488
102.9845
104.004
104.2628
104.7496
103.4648
103.3859
104.3366
104.3072
108.1634
109.4065
109.2008
109.8936
109.8484
109.2736
109.6714
110.0698
109.9124
109.9088
107.4296
107.6483
105.7435
105.7957
104.1223
104.3912
103.9335
102.5659
102.9981
105.0464
104.0982
103.8834
103.2557
103.2385
105.5043
106.9892
107.3736
105.7011
104.0522
101.9814
103.4819
103.9706
103.862
104.7567
103.5126
102.5072
102.3698
102.4428
102.6052
103.0563
104.303
104.1653
104.2441
103.3668
102.3547
102.4033
101.4034
101.7909
102.9783
103.5489
105.392
104.4848
105.2026
104.7395
103.5858
103.5657
104.415
103.442
104.786
104.9191
104.9992
105.9086
105.9576
104.75
104.2899
104.503
105.7259
106.3734
106.6057
106.9124
107.023
109.0024
108.7342
109.549
108.8765
108.9068
107.9575
107.7645
108.558
109.5093
109.0884
106.3701
105.5751
104.2117
102.5482
101.6302
101.6034
101.7892
101.3437
101.3644
101.6623
101.7874
102.8732
104.3127
103.6077
105.0349
103.8345
103.7186
101.7823
102.7515
102.4619
103.0827
105.276
105.2343
104.0183
104.758
104.3886
104.1583
104.0183
104.572
103.6334
103.3541
103.1871
102.7422
100.2846
100.333
98.62707
99.88208
99.24765
98.2349
97.07331
98.22929
97.3208
97.98917
100.0615
101.4462
102.9457
103.8249
105.0685
104.9432
105.9752
107.5341
106.5407
106.2499
106.2167
108.2553
108.4707
109.8343
110.3005
110.665
110.8612
109.8769
108.53
108.8016
107.7261
106.9924
107.3464
107.4365
108.6916
109.2867
108.2604
107.2185
105.9234
106.1847
106.8443
108.3989
108.7362
109.9183
110.2899
110.9311
111.1093
109.6539
109.2305
110.9566
112.4117
112.6572
111.9844
113.2499
113.4864
114.4388
113.955
114.6156
113.1944
113.386
115.1582
113.1199
114.6336
115.1266
113.5705
113.423
114.4291
114.7243
113.5586
113.2741
113.7706
114.4019
115.2781
113.6278
