568.9443
1289.87
545.5456
3226.565
630.945
741.432
616.9087
605.1552
1092.889
1722.71
730.3488
415.8815
598.1961
1899.175
1518.258
868.4645
1107.502
494.8224
931.8043
1821.756
2667.431
1106.358
973.6481
2054.232
689.041
1237.245
816.1339
1304.585
1294.598
1173.183
2038.563
1087.634
1541.058
804.7213
2592.881
990.436
1137.596
991.2764
629.6788
820.538
1540.137
1693.447
3071.703
1050.77
857.6424
2014.713
726.9821
1300.595
1735.544
1091.131
2159.581
866.6865
763.515
1739.808
1298.293
501.5625
935.6208
1942.184
1082.544
666.5608
1422.077
1688.197
1215.718
612.1697
1078.426
1922.891
949.2341
447.3321
1265.388
1058.387
828.7039
1171.356
1280.309
824.0702
682.371
1194.382
1079.066
462.3334
852.6915
625.615
1209.808
1086.487
425.1157
1014.708
789.28
945.6418
1317.906
1057.607
811.214
699.529
944.8106
1004.957
1591.622
1599.706
1097.158
1689.51
482.096
803.3441
870.4444
1823.187
3409.669
635.598
753.7494
874.9219
778.6537
674.5872
1396.922
1671.4
1678.892
885.3978
697.387
1420.829
3973.433
1280.636
1207.234
1201.654
537.7726
875.631
1342.94
877.1929
1615.969
886.4937
1217.366
1462.498
3459.951
1282.644
529.3064
2539.717
1035.95
1005.713
440.1951
2185.754
1741.677
1397.367
1237.583
1011.521
966.7769
1287.535
1236.299
1018.864
710.8774
1725.345
2691.852
1483.897
2190.169
1324.23
4441.451
911.3355
1192.466
3161.262
743.3129
1424.258
579.8187
1399.182
1556.486
621.3192
756.4551
1157.445
848.8033
589.1717
1889.615
1770.971
1650.046
1540.649
1462.971
3689.558
716.4144
2199.308
1177.37
716.7062
1737.721
2950.839
1185.941
1263.878
1426.203
1767.803
1460.204
1855.499
1169.04
1476.842
1649.999
551.8737
1145.691
1185.027
1789.499
900.3672
1671.491
1011.901
761.3371
1126.684
1255.98
1340.634
1082.769
780.0494
1168.968
1270.859
3884.363
988.5958
528.6533
1322.815
1161.697
953.6812
1690.73
648.175
873.065
1405.139
1348.137
741.8028
1498.507
1669.712
3287.024
801.4002
2275.666
762.825
1462.78
790.4459
1069.753
1785.078
505.2372
1087.501
1447.895
520.5493
810.5849
1311.742
1814.071
1235.11
835.6286
749.2409
867.849
3347.723
1315.713
1848.231
1269.063
1138.961
1080.522
1048.005
2990.314
573.4777
900.5783
987.5148
1684.156
1250.467
775.8607
5315.895
1136.007
2009.653
710.7129
750.9345
1114.002
1146.824
1508.526
1919.421
966.2982
3839.313
851.9027
1259.197
1679.034
1005.171
731.9836
1153.25
951.921
3126.114
1195.533
2195.509
1911.121
2183.473
3145.881
469.6877
860.1454
1538.82
2470.578
1708.465
2525.091
872.0722
5053.765
3816.977
2001.841
2029.858
1006.954
3984.66
1691.646
2203.73
2088.428
1002.539
1093.673
6173.368
1650.957
1263.187
1600.719
1217.972
1622.146
2055.444
7221.085
4019.393
1066.885
1428.459
2268
2160.919
2211.772
2242.793
1665.583
2128.47
868.7077
2924.938
1543.023
890.7014
1884.972
872.4389
1049.722
1224.565
2630.476
796.8168
1117.252
1059.222
875.5402
2163.426
836.1583
2245.147
937.5931
616.68
2796.971
1229.304
1745.618
943.0555
1155.938
740.9024
1005.282
1495.62
831.8411
1618.329
738.1581
749.6178
1016.205
1154.066
2432.587
1660.169
709.7288
682.1423
2290.063
580.3787
1128.051
757.4851
2211.172
2072.595
2200.939
1341.83
1621.691
810.5828
1613.461
1700.719
1778.472
861.7365
1963.558
917.3178
1024.964
1393.172
2598.039
2667.359
848.2418
1791.09
2758.589
710.8814
1277.313
1172.832
1246.261
631.2334
2340.82
1928.497
909.2892
1471.84
912.836
1107.155
1133.938
903.7191
1312.011
3956.495
1540.947
1703.182
1235.635
3068.256
725.9354
1685.802
1376.271
1509.691
2331.662
1290.013
773.1933
2861.143
569.8308
1578.726
522.0406
1854.242
3396.839
818.166
1118.797
2903.265
1353.989
1851.597
1419.576
1004.388
2070.432
1905.754
1736.509
1491.357
2085.471
641.9564
1444.655
2369.3
2525.964
1193.91
598.1757
667.6713
3185.697
959.358
846.4828
1453.753
957.1496
741.4078
695.5251
1515.521
1054.805
858.0655
2034.363
803.0254
2075.13
3980.269
777.1005
725.9346
3815.564
2786.502
678.4234
1070.054
1829.931
1636.586
1278.573
1716.129
980.7673
1644.821
858.8207
1084.158
2868.689
2388.16
1769.002
605.9316
2603.771
1058.869
1273.937
2118.231
1843.963
1894.834
1759.718
1614.664
947.0499
2268.38
2714.073
1027.816
1010.778
830.2515
1323.921
1854.08
2455.382
2675.881
628.7715
1398.078
666.5267
1219.086
3135.331
606.8962
1483.102
1544.49
1869.799
1278.823
1626.339
620.6334
994.6323
720.3689
1259.662
2315.812
685.8079
1339.011
1191.67
2180.281
1474.528
664.2309
2671.657
744.9912
1397.25
1022.039
1115.357
1906.085
1692.904
1078.634
1106.904
2096.124
4480.349
900.845
919.1657
1355.344
1905.394
1572.972
