411.1302
394.8989
413.989
391.1619
429.8004
405.1931
377.291
403.6444
399.7505
411.0147
419.2949
392.8277
389.2718
409.772
404.5327
416.4205
402.296
404.699
396.2486
411.8407
405.0265
394.7429
420.8375
388.6014
419.9884
411.1404
426.7907
402.3271
409.1793
430.1273
420.9758
403.1115
410.561
427.5934
421.291
422.7443
402.9798
385.6458
424.1547
431.2009
401.7308
397.7674
403.2062
398.1409
367.5929
398.4865
394.6044
402.5879
393.6138
435.7032
416.2302
393.0893
413.5282
381.8491
421.088
397.2867
396.1432
411.1597
378.784
408.7832
393.9114
400.7739
415.057
415.5503
410.0725
377.4871
408.8308
428.1673
367.6746
405.187
442.2024
401.7962
399.5358
428.9751
404.4826
402.9993
402.2003
425.7546
409.9309
384.3738
393.5898
389.6798
425.9684
388.4326
440.1418
402.537
392.1139
415.6623
393.6746
402.1123
407.0385
381.0978
389.6841
396.4728
409.2957
410.6087
399.1176
406.2665
406.8968
390.3633
383.2853
397.5167
414.4555
369.1172
402.4123
423.8024
400.3736
417.6245
436.5547
403.4189
376.2267
423.4784
387.5575
396.3261
418.0874
414.0887
429.6368
408.4575
425.2171
404.1501
429.0416
440.7891
397.6787
404.2853
396.2182
408.9299
389.2653
415.8612
403.2945
432.9573
401.3629
429.2711
391.2701
402.5806
407.2175
394.0613
388.3977
407.4549
381.4125
386.2512
414.5187
432.405
384.8917
399.9749
399.2309
383.3322
385.2779
394.3768
405.4025
406.2885
385.2586
390.5989
393.031
408.5947
419.3205
397.5564
411.4674
403.3869
400.2298
379.9063
398.3238
388.9525
385.3174
398.4583
425.6749
378.8599
394.6686
385.7358
391.5485
393.972
358.5315
379.8405
380.37
406.9197
409.9512
400.4991
462.0158
401.7471
439.5491
414.6129
366.6395
405.7186
415.7762
403.686
377.0953
390.2557
419.9345
394.0989
414.3426
389.0118
426.2285
423.9076
425.3203
400.4546
437.3326
391.0465
417.8632
401.402
417.1555
426.1441
389.0165
404.7117
424.6664
426.4866
421.1231
416.5859
416.7252
426.4995
408.1926
436.6208
412.3505
403.1858
442.1873
393.8034
406.2741
376.2167
384.5989
418.6164
408.3891
395.0567
411.2818
420.883
402.6184
346.88
445.3537
381.2801
406.2713
397.7017
392.2775
395.358
412.8047
406.6303
417.3836
461.7671
392.4065
393.1377
379.4932
411.1431
411.4321
440.7687
393.7347
406.4607
417.2223
409.9221
407.5344
407.5531
422.8381
438.4714
377.0063
405.9013
405.0766
400.1469
384.837
401.6212
418.2158
407.4093
370.2479
414.3836
411.2292
412.3299
423.0085
420.9414
408.0806
387.8996
417.7945
394.5741
406.5533
386.1109
440.1856
416.9584
429.9816
404.2944
379.1262
392.5193
403.6698
406.1577
417.2542
388.5598
408.583
401.1768
448.8568
420.0746
427.4568
400.1093
383.0162
377.5425
392.7554
379.7933
405.6128
405.7883
422.3978
421.2712
405.1853
398.3795
427.0931
410.1664
403.5985
383.3026
435.4411
420.314
392.7238
424.592
361.7099
368.6283
402.6102
385.058
418.5473
415.9306
395.4704
391.7611
380.4982
430.1272
393.5611
393.3912
413.3367
438.5843
414.0812
364.0825
396.8027
396.2759
406.7127
399.6766
413.9939
393.5434
440.2807
398.6186
399.1828
381.0863
413.6028
398.3983
386.1
417.0053
434.3055
415.3251
428.4986
363.6854
404.4285
397.2502
407.977
379.4618
421.5701
411.6628
382.0414
420.9729
394.3443
392.0659
395.997
396.1236
425.6886
404.3447
411.8333
388.4241
400.7842
404.4982
391.683
439.907
398.2207
414.9154
415.443
405.9057
394.4419
385.0708
418.4976
380.1573
406.6448
394.3507
422.7356
437.7222
425.4744
401.0411
417.9852
443.7352
407.642
421.958
379.6412
386.1855
393.7846
380.1273
413.3785
388.8576
395.8149
398.6154
401.4413
396.8739
407.7968
419.7758
384.3734
428.5901
406.4086
429.1842
398.4583
405.4742
401.8386
406.0858
397.8329
403.0796
413.5025
411.0985
410.0518
398.8424
388.0862
420.1331
402.7013
408.8316
406.4049
401.3954
420.2261
399.8976
409.8746
395.1712
382.161
420.9441
381.7134
393.2222
397.1128
425.0891
383.0795
407.0095
388.0483
398.8165
400.2852
356.7026
425.6458
406.5761
410.8768
387.8926
399.2726
412.6382
366.4477
398.1951
424.0782
409.6525
385.3661
382.247
373.4883
402.4265
399.463
377.5209
433.7244
421.7795
407.3634
398.3956
396.2615
429.1488
409.2419
401.4342
405.0052
400.7441
369.2939
422.231
399.1315
394.3334
367.4353
395.1592
390.3071
378.3538
382.002
438.6049
444.7054
402.244
399.3492
433.9993
431.0513
410.5968
395.2603
381.93
399.2648
417.7148
403.3644
400.1016
427.3306
407.385
385.4599
422.5959
399.8006
387.0691
413.5211
412.6575
427.1986
379.9152
382.5343
429.0921
406.3337
368.8939
408.8898
390.3096
418.8634
384.5614
412.2002
425.498
416.5192
401.069
420.6559
430.8893
379.6964
442.7642
405.3978
439.7719
420.7475
399.255
