82.43856
82.8225
81.78696
81.33633
72.65684
75.60516
81.27059
75.01761
76.68608
70.65244
75.20623
82.35589
76.97421
83.46522
69.3899
67.84823
69.1663
79.61461
84.20547
85.03332
79.17379
73.39729
62.88416
63.56252
69.89041
76.74664
78.10661
79.01329
78.12422
81.13078
81.31014
81.21442
79.8388
79.9364
80.23147
81.25204
84.31191
79.0716
77.35017
72.51118
73.51267
80.63933
75.17113
68.6224
78.84343
86.23497
86.28641
80.66786
84.32689
79.99918
81.84928
82.15531
79.8833
79.85846
77.37672
78.42898
78.80548
78.58555
82.22309
79.71967
78.79382
82.05965
82.46945
77.05013
73.40214
76.57062
72.14897
76.25515
77.00723
74.70678
75.74037
79.97665
79.64278
78.27556
81.63319
75.70969
74.66948
80.16702
80.8076
84.93173
78.46965
75.68671
77.277
84.95018
82.81401
73.13002
73.57457
74.05109
81.14277
85.41176
85.72934
79.62633
83.31694
90.27098
82.88768
79.31419
79.02953
78.15929
77.70019
79.72222
82.78561
78.09985
77.71452
78.0939
83.41774
77.71461
70.47903
73.87979
67.56994
72.23048
72.4073
63.12225
72.84861
77.73845
74.2187
82.94882
83.75486
77.57623
77.49876
75.70797
76.21915
71.84471
73.71155
76.23595
73.94672
80.43652
78.69523
77.98558
84.20841
84.25352
76.63825
79.14478
82.57509
82.05924
82.6623
81.43372
77.39312
78.31689
76.46538
88.31407
90.54167
73.92629
73.60481
72.77042
79.35098
81.85926
74.02117
65.9259
75.74583
77.37246
74.20695
74.41572
76.41944
75.78016
76.40303
76.29568
80.56405
84.47304
81.64195
76.58557
80.17005
77.43917
73.17898
74.62769
84.72721
82.03488
74.88573
75.36052
82.35044
83.06826
74.38541
71.89257
71.16441
72.5107
75.38513
78.77541
73.13042
82.20321
81.41137
81.079
76.91159
73.68959
67.76598
71.36191
81.7481
84.21332
74.64509
74.17205
70.40046
81.51012
77.35825
77.33883
79.2997
78.51857
81.29112
79.15462
80.39392
77.99524
77.72033
80.96302
81.65407
75.50441
71.72751
72.74046
80.0465
78.73542
82.59018
77.64452
72.94719
68.06975
73.53125
72.84659
73.25809
72.71085
77.4056
85.01834
78.71042
76.87822
79.655
79.96972
74.17034
68.87734
74.3888
81.10411
79.69526
80.84691
80.29543
78.68983
78.07358
71.78726
71.99558
80.08071
76.55674
77.06669
76.40424
74.23892
84.96365
89.98715
91.24797
78.49134
80.74869
80.71047
78.83397
78.38345
75.3524
76.77961
77.4395
79.09146
81.61209
75.27089
76.15748
70.33066
73.04452
74.66455
75.78284
84.14929
77.2153
76.82706
81.21288
70.27051
82.50905
83.66956
80.92861
88.12193
81.1827
84.94859
79.72867
74.83339
81.67253
78.65028
78.97964
77.1595
82.67205
81.03803
75.47036
76.38618
78.95528
74.94806
79.57173
80.77986
77.88689
84.7174
87.02239
80.90672
84.05777
97.23973
92.27727
82.39111
85.07812
89.07956
79.72666
77.45734
82.62502
82.44236
79.91675
85.18158
83.46105
78.40716
76.83852
75.94995
77.43334
77.29647
76.35964
78.02535
80.31263
88.80423
84.29385
86.71104
79.34619
79.23988
74.49829
76.31808
83.9391
86.90316
79.98701
81.68129
77.54378
74.75894
78.59978
71.4887
71.21265
82.68629
76.70136
76.47158
76.41279
80.0477
79.31346
78.66602
81.85129
77.16887
87.50423
86.81436
81.73525
83.98713
81.07862
81.20748
78.20768
89.42797
80.24633
76.62488
85.57426
86.72823
76.83204
82.90779
83.29173
83.61951
87.3534
93.44469
82.65523
79.23167
79.39938
79.53709
72.41537
80.55456
78.37209
65.84005
75.33944
76.86091
71.0265
76.28718
76.19837
79.19543
86.72929
83.82234
82.10032
86.50009
85.34354
85.21528
85.69983
80.37226
79.55574
81.06103
88.694
85.12557
74.05166
73.82366
75.74633
77.58726
80.46049
80.80086
80.8207
80.58872
79.87258
76.95495
75.26138
74.23921
78.19028
80.81267
80.40921
78.2166
85.47028
78.87663
81.08171
81.57975
86.68938
81.23212
80.76488
70.92094
69.74139
76.14171
78.71296
77.37722
81.04002
77.69193
78.82177
77.93722
74.86265
85.80952
77.90891
73.33303
77.7449
85.47935
81.54662
85.02303
85.48809
80.62467
76.2188
78.43804
76.53781
75.78389
72.9066
71.33281
78.13348
78.97658
76.59395
72.48659
67.44622
78.45978
83.57615
85.96683
90.06457
81.6024
82.40237
85.19864
73.52835
76.7487
77.95474
72.06386
76.23571
72.00395
79.60851
82.5792
82.05038
74.35678
79.5393
76.16868
78.70886
82.36186
77.62063
77.0831
78.8024
83.06558
77.6222
79.3901
71.96852
78.13614
81.78538
76.77087
76.22807
74.88713
73.75317
67.9297
70.13556
72.22227
73.36352
75.55008
77.89818
75.9932
71.9202
73.35336
73.18487
76.78522
76.06177
78.44758
77.23765
70.77275
74.03412
77.70183
80.11001
83.48244
75.72356
73.28121
72.90659
77.98242
76.55857
79.9843
83.42881
79.01543
79.31306
82.39152
83.82294
86.18638
81.17156
84.41781
86.36331
80.45466
77.54282
67.47801
71.95286
81.86694
