16.54749
13.22747
16.39035
23.13609
29.37381
22.32554
23.44523
17.52885
11.06794
9.131245
12.27312
10.77572
18.15822
26.86712
25.95619
21.34404
18.65746
14.55072
19.84264
22.07205
18.09377
18.04111
16.24596
10.85578
15.69891
17.9259
14.01863
17.79007
15.75011
17.98598
13.1289
13.0795
13.13478
7.519162
11.38308
6.560362
7.093369
8.05807
6.070323
6.764225
4.652863
6.434988
10.34518
9.473104
6.538596
4.942191
6.053537
5.788845
7.616409
5.027282
5.175507
8.1817
8.638833
9.673132
15.59541
18.77731
14.52541
12.80564
12.45721
10.67211
15.11854
14.8325
10.09686
7.39711
7.104386
11.57782
8.980279
10.29303
23.5169
13.09399
8.706484
7.211674
5.50563
3.72599
2.807314
5.37335
5.063465
8.959168
12.39018
8.849609
8.125161
7.05005
12.544
7.855056
11.21817
7.047351
8.748492
8.703092
6.772898
10.17247
12.61875
12.21638
10.21424
7.868514
8.520472
8.354257
11.6296
9.899592
7.477601
8.53261
14.55172
16.61228
23.41423
23.12861
23.73121
19.85706
16.96329
19.63368
9.575082
8.105267
11.04352
9.378702
5.911226
5.292684
7.919745
11.00176
6.773675
4.472078
5.91653
6.190253
11.00507
15.04685
13.57237
24.2835
20.14178
16.00402
14.15017
8.858577
9.239322
8.148835
9.285466
5.612663
7.934468
10.92285
9.420278
9.041927
8.049052
7.891307
14.34476
21.70992
24.49784
25.46042
32.76227
22.20864
18.16333
19.78591
16.68203
18.29057
18.02643
23.18733
18.7728
10.76831
8.154351
8.0266
5.543894
6.725891
7.55668
6.525087
5.897454
6.466045
4.613924
6.794778
6.198952
4.72045
5.587331
5.688462
4.331834
9.879779
7.927237
9.724822
7.150008
5.63116
3.813532
7.80689
7.30583
5.250836
3.11671
6.679037
7.361069
11.07749
7.232284
6.469665
6.258574
7.578715
7.65952
9.427352
5.790836
11.10227
9.669153
13.49127
13.27208
11.2614
7.105237
5.751118
4.675027
7.679143
7.464972
7.390096
6.386179
9.089345
8.623134
10.11863
8.284606
7.260767
7.554201
12.80778
9.034959
10.70367
11.95933
7.054153
9.592014
7.443675
11.75539
11.89809
9.800649
7.98628
7.718375
9.282808
8.589257
8.261943
7.228428
8.788076
9.765943
7.576384
8.957063
6.389334
6.553099
4.544733
4.433519
7.495003
8.066829
6.871089
8.740231
6.832174
5.282527
6.555934
11.02518
13.80421
7.776563
6.466958
7.906295
6.963149
10.49195
14.22327
9.196004
9.713222
9.581421
11.17715
12.44675
19.97338
26.20166
22.01439
17.46366
20.94944
14.26346
7.938169
7.320401
9.674416
8.221208
8.894659
12.84766
10.67401
9.956899
9.430988
7.931011
6.524553
7.208993
10.70199
15.74656
10.52688
8.223994
9.632925
11.56832
7.673879
7.540991
8.558128
8.051486
11.27242
7.636718
5.248078
6.672175
9.345802
8.256999
9.170791
10.34874
8.350362
7.036182
6.403951
7.820461
14.08244
13.50704
9.576479
16.09132
12.23714
16.19592
9.638949
13.38053
17.06645
24.57764
23.58236
26.95663
15.74584
17.45446
15.58271
13.75745
10.31078
8.832021
16.5553
11.94919
10.90404
6.145029
10.27011
10.55759
12.68948
10.13986
6.565587
4.840635
3.410897
3.928126
4.392126
7.320009
6.209945
7.577109
9.512143
10.30273
9.999412
11.17637
8.914352
9.890178
10.0784
17.18212
12.96221
14.09505
14.55587
15.18948
12.01043
11.30061
9.710125
7.395236
10.30042
10.44724
6.435882
7.391345
5.677679
5.696125
11.58998
13.74139
17.47019
17.77138
8.407716
9.979158
11.81298
7.98983
5.981648
8.066235
15.66654
15.59885
24.97963
17.18568
13.68864
11.61778
13.23552
14.62822
9.958325
11.90162
9.316228
12.81275
13.46351
9.668481
7.659635
9.125552
7.009481
10.38972
9.497182
6.58465
4.279772
4.510449
5.386581
6.068425
13.51936
12.46746
8.625959
6.832141
7.060587
5.489688
7.918574
10.44495
4.80507
8.785775
12.4506
12.84492
11.50141
12.18207
12.08755
9.792418
5.851547
6.500317
6.577034
5.847465
8.992687
12.88375
12.69478
10.10499
8.629191
14.60624
14.03403
13.54967
9.529013
7.019191
11.95823
9.717164
10.45866
9.60359
6.596569
10.82451
13.716
13.67981
13.28283
10.28766
17.67076
10.21121
11.00781
16.61558
10.40222
9.122626
7.100444
8.715416
10.1505
7.553328
6.366778
10.76165
12.0341
7.470958
4.140037
5.991602
12.21094
6.618309
5.503714
8.381093
9.619297
7.229494
8.885547
10.29459
15.18327
14.40876
21.18054
16.42559
15.18447
8.439774
9.416619
9.103737
13.79116
24.34667
13.35796
18.64479
11.4269
9.364339
7.646168
8.38039
6.956864
9.451483
6.990184
8.612376
9.214526
9.747453
13.49944
18.78465
20.02511
25.86466
26.02688
18.65117
15.25789
11.52527
6.368765
5.025572
6.995157
5.143842
6.469976
6.084514
7.459504
6.33725
10.88536
7.950286
5.668866
8.021858
11.95603
12.26161
12.24176
11.63884
12.62566
19.26605
18.10319
16.28846
11.13706
9.14468
17.73928
17.73339
12.25474
14.27032
14.59296
