212.8563
350.315
766.1088
619.4115
315.4503
157.102
521.5982
539.2675
393.7028
492.9612
459.6129
274.2333
203.8074
158.9019
604.8997
156.9205
187.7856
327.3474
315.598
1300.996
406.7053
367.0526
640.8368
149.3062
144.8048
352.0585
148.9538
392.4207
314.6379
820.2755
562.4106
293.3616
989.1012
352.9186
142.2354
379.5353
400.647
140.4303
287.6115
131.7199
477.3112
193.3869
707.6903
211.5724
229.412
255.2746
228.6774
314.9375
193.2226
334.1281
334.9304
299.766
282.3792
790.7262
633.5828
305.1718
271.816
350.0395
111.6348
248.7228
165.5179
217.68
345.1137
573.5843
116.0286
612.5495
233.5885
321.2431
297.1445
242.7115
527.9864
468.4572
364.2648
131.8255
213.9352
214.5406
180.2702
164.2498
269.0022
120.7163
192.2409
173.0977
299.1215
355.1449
191.9883
367.8159
191.1013
353.1038
209.8744
288.3931
147.4474
310.0897
259.8903
267.6639
238.0731
262.4526
441.2543
143.6181
525.7971
428.9896
455.7963
244.5245
979.8739
126.2896
591.4429
187.8904
286.5072
278.1605
207.9
316.4219
271.6787
447.405
226.8967
596.0886
390.0244
755.5391
191.1502
371.3313
258.4088
478.7632
243.8505
444.1625
408.9528
175.4043
712.1192
344.6435
170.2841
492.9
686.1168
152.6688
311.0233
269.3831
340.4502
254.8751
308.8822
363.0165
678.8603
117.4792
799.4158
457.5119
246.2964
796.203
304.254
188.0148
239.5817
466.5815
1031.891
502.2371
726.9485
261.3647
173.0511
266.6951
194.5932
218.822
391.3898
255.1357
267.3633
646.5221
541.4772
476.3224
805.5634
282.3104
492.579
343.4396
177.4807
175.2472
402.749
206.99
785.1976
349.5504
222.039
133.2186
366.1075
1049.185
244.2149
286.1395
104.4765
502.5934
536.8415
209.9138
398.9052
223.5764
361.2406
183.6248
788.9018
550.0737
445.89
383.8975
954.0464
386.1019
268.1476
256.5343
278.5534
122.6113
529.8468
304.1613
328.2293
120.5797
298.1692
1269.944
217.539
141.7729
873.0332
382.408
589.9423
160.0714
206.1337
197.2801
154.9352
325.8738
339.776
432.3591
139.6005
415.8197
385.5654
525.5822
179.22
187.7441
306.7313
296.3415
243.6431
159.0433
255.0887
941.2612
228.4855
156.6368
293.879
226.4246
377.2786
135.2224
1263.702
283.1985
316.4527
736.9759
345.4626
185.8847
222.9281
562.0732
534.2414
349.0743
287.3488
1241.929
363.8476
387.5297
184.2567
252.4889
204.9538
229.5044
316.7758
243.0828
343.8786
388.5461
513.8134
473.3302
774.459
204.2536
228.9056
237.1121
179.8334
504.9443
251.1509
218.3555
521.9185
171.8855
214.9644
360.7554
448.9403
1273.285
242.4505
516.0974
169.8481
273.4754
161.4019
139.8543
485.7436
947.5015
599.5576
311.1429
331.3813
244.1976
310.9466
538.1001
474.9985
284.6229
565.7496
235.8998
240.8996
602.3515
396.2858
225.9599
160.8733
694.0706
948.3165
749.2428
502.8524
311.0944
495.5673
258.3005
472.343
246.5642
399.1328
352.889
135.0309
478.3724
484.1965
470.0613
667.9704
332.2042
555.3243
294.0022
165.3261
266.3469
650.1644
161.4619
230.6569
852.7559
571.7737
473.5093
218.2398
227.2502
227.8465
356.3079
1040.429
114.2676
319.2562
767.6491
248.5268
570.3824
361.7719
344.2936
210.5198
322.4614
329.0007
220.2448
271.0259
213.2675
301.5149
533.6801
315.481
455.2407
673.4742
155.2333
260.4803
161.9025
280.4062
351.4506
135.6134
265.9754
257.8646
238.4623
387.3398
236.1264
207.3916
320.5446
345.8469
384.9148
499.3588
288.1918
303.854
201.8775
484.7202
550.6991
168.9958
181.8103
639.8014
390.3382
408.4599
511.4223
1137.071
186.3901
255.3765
277.1481
345.2775
327.3338
276.4994
212.1024
1142.927
338.6592
241.7018
481.3549
378.7941
298.6849
492.7804
348.5304
152.9705
282.669
322.3344
357.9479
209.806
332.9344
208.7463
480.8309
341.5678
1016.677
156.5791
182.9258
299.4542
146.5158
282.4205
285.9788
244.0133
216.9895
705.2023
283.0215
524.4208
152.147
641.6706
220.7986
350.082
850.1576
156.2776
252.669
483.7413
212.7493
632.7119
277.9826
361.7324
318.4229
239.8521
206.9646
257.417
371.2579
247.5046
255.6742
291.8201
328.7758
168.3864
244.3293
427.2291
240.5103
366.6383
286.0952
204.7734
388.1021
406.9332
1213.112
270.8189
463.11
234.2085
390.0582
809.1917
299.0799
251.9865
220.476
523.2284
279.2767
616.9545
290.5921
172.1429
413.7337
173.8535
468.2222
298.4563
245.0442
232.607
426.8952
586.6416
716.8833
1039
291.3237
292.3131
347.8066
478.5801
316.6433
341.8029
482.5989
172.9199
669.4122
569.2103
470.382
102.469
236.391
316.7403
627.8983
348.1258
223.7825
216.117
175.5616
339.6915
505.7518
215.1291
375.2784
246.3146
299.9851
773.4036
248.2411
138.0764
262.449
389.6956
358.6446
747.7188
185.5889
158.358
119.6898
280.8881
266.0266
635.1821
567.5022
329.3688
353.1162
