9.921388
6.365287
5.29058
6.256306
6.178269
7.806384
5.637807
5.013912
5.586352
6.053187
5.208319
5.385909
5.713011
6.572865
5.453299
5.571446
5.174334
5.471433
6.49409
4.652357
5.920786
6.779908
6.24162
4.456082
5.371806
5.278915
4.966591
5.301631
5.657106
5.315418
4.672135
5.048823
4.941463
5.974226
4.707993
5.14739
5.277089
6.170148
5.279317
5.741992
5.070524
6.398921
5.353023
4.857143
5.346081
5.901715
6.053927
6.402814
5.999171
5.230596
6.138364
6.325124
5.201307
5.424187
6.082392
4.763907
6.828511
6.929421
5.131592
4.137628
6.220081
6.552061
5.137851
5.376371
5.059282
4.633369
5.452038
4.922453
7.132167
5.769967
5.784805
5.577564
5.875737
5.484298
5.242751
5.814945
5.719736
6.061898
5.509046
6.163205
4.837683
6.136565
5.989106
5.03285
5.135323
5.501664
5.243466
5.919345
6.357622
5.571995
5.320127
5.472588
4.774913
6.195088
5.173772
5.537403
5.386405
5.0966
4.881627
4.629672
5.479795
5.825021
6.316032
5.873722
5.610983
3.967479
4.831946
6.065183
5.600722
6.259671
6.814977
5.774231
8.514655
5.681237
6.105392
6.139149
5.761564
4.93761
5.342956
5.783304
5.565809
4.552482
5.370476
4.799645
4.926643
5.496767
6.360837
5.795044
4.90928
5.689726
7.450618
5.324378
5.512639
6.057285
5.157437
4.871333
4.477979
5.320319
4.783429
5.295292
4.466256
5.382772
5.162423
5.223464
5.527695
5.668203
4.648503
5.133357
6.298999
5.848125
4.928751
5.295411
5.692574
4.612853
5.712676
6.169944
5.964477
6.17518
5.394857
4.616843
6.355606
5.98747
5.124036
5.543151
5.040151
5.566507
6.466048
5.684112
6.472745
5.182522
5.654816
6.251349
6.468458
6.630815
5.98965
6.179012
5.804509
5.817176
5.529059
6.780294
6.049012
5.577953
4.731057
6.125572
4.887019
6.080014
5.976254
6.543978
6.326053
5.545285
5.580243
5.393408
5.374568
5.019488
5.839065
5.109436
5.896869
6.379153
6.637183
6.734559
5.385601
5.350744
4.85743
5.082127
5.21046
5.299231
4.705748
5.075446
5.222671
5.636351
5.55276
5.558636
6.770441
5.981461
6.532967
5.782006
6.121233
5.38954
5.221096
6.199046
5.944892
4.902911
5.376966
5.194283
8.813968
6.866888
5.798057
6.361935
6.633915
5.69483
4.91184
5.603598
4.952693
4.860938
4.045256
3.555669
4.46075
3.998049
4.914022
5.783891
5.76863
5.662958
6.045042
7.45655
5.499812
6.221438
5.055282
5.179304
4.67911
4.105597
5.138833
5.5051
5.321832
5.711854
7.259606
5.888412
6.707081
5.935029
5.258322
5.036535
4.666815
5.666489
5.76496
4.91967
4.991653
5.540531
5.580895
6.157633
6.029297
5.004244
5.378282
5.920046
5.185951
5.441944
4.376233
6.010579
4.557105
5.326641
6.403703
5.779293
6.07174
4.852259
5.2044
6.252425
5.1091
5.072183
4.462811
5.356391
4.736118
4.791556
3.87404
5.207704
4.742676
4.185129
3.726781
3.750266
3.904002
4.373299
4.107159
3.639843
3.911941
4.425019
4.098462
4.464584
4.734075
4.379269
4.296169
4.457721
4.290087
4.660146
4.430303
3.93692
5.44884
4.157959
4.814134
5.715924
5.768861
4.868764
5.663447
4.886875
4.635242
3.77478
5.287327
4.94078
3.763156
3.950512
5.491222
4.59573
4.661319
4.418271
3.769283
4.610822
4.076504
4.502636
4.339049
4.062736
4.145864
4.357032
5.40178
5.496762
4.42352
5.226597
5.768215
4.812108
4.24722
5.14617
4.730568
4.2578
4.780322
4.736973
4.345241
4.616819
4.45163
3.723279
4.098692
4.779388
4.214811
5.462015
4.749538
4.661646
4.621877
4.725212
5.037422
6.100694
5.743547
4.637284
4.29222
5.456512
5.957715
4.310483
4.138395
4.620005
6.695339
5.559202
5.109144
4.532405
5.117692
5.740027
5.661107
4.827642
3.941156
3.727239
4.662858
4.639667
4.191185
4.294458
4.323016
4.410869
4.763646
4.320158
4.311693
5.391614
4.495055
4.501314
5.011929
3.717762
3.503866
4.197028
3.786217
5.325743
5.615275
4.72378
5.427333
4.322792
5.305983
3.949776
4.675044
4.308033
5.08011
4.829725
4.004739
4.895781
5.022863
4.364296
3.558934
4.557768
4.947436
4.340817
5.266656
5.277668
4.673934
4.72427
4.282295
5.108334
4.307703
4.948884
5.656985
3.813046
3.84246
3.796537
4.776214
6.007285
5.2982
4.850797
4.350681
5.434337
5.531555
4.865514
4.920969
4.155646
4.962732
4.57442
3.983286
4.476652
4.129312
4.070055
4.465755
5.214582
5.437793
4.527274
3.802571
4.25874
4.269872
4.166329
5.080274
4.883055
4.733007
4.641088
5.169185
5.027188
3.887971
4.132845
4.282498
4.401227
4.47737
4.364705
3.572423
3.893291
5.205226
4.797269
4.356738
5.548001
5.062786
4.682255
4.194218
4.708791
4.466355
5.176935
4.115661
4.348587
4.090842
5.210652
3.513053
4.124741
4.081405
4.330396
4.999191
4.666069
4.98417
3.837841
6.021442
4.253346
4.761349
5.295908
4.952273
4.5135
5.12115
4.830666
4.585536
4.676549
