111.3363
63.9814
79.2083
54.73352
60.94467
99.81018
64.63277
57.24572
68.86749
71.15447
64.58163
63.20749
60.37054
81.14491
61.33491
49.24697
71.28733
63.88623
70.62323
68.47632
61.90995
92.54009
99.64612
96.51389
68.21284
68.09512
70.40871
43.70597
53.61693
80.27559
53.25052
57.26964
64.1813
76.57269
82.01199
39.87552
38.41812
31.48783
43.02294
54.25166
37.30027
29.93946
44.18134
50.97724
55.21843
103.6416
85.14409
107.4696
88.24081
87.24852
63.86065
59.1366
46.9116
57.40476
80.18325
63.53252
42.77947
95.20359
99.85031
51.64344
50.72414
33.72059
35.90003
60.72587
59.11726
56.15559
40.49618
41.05069
47.47964
50.0274
51.73021
60.70599
59.08794
55.51332
72.57906
44.37995
56.71135
52.90348
57.18154
96.44475
80.8099
75.12104
67.31574
61.62493
58.78274
72.16003
72.09225
80.08695
63.73422
57.83292
48.74337
45.95164
49.20173
46.28097
45.67607
50.46695
44.02072
53.04623
51.33869
57.62371
43.00247
52.69853
41.04667
53.09557
55.0288
68.69124
85.2037
47.35505
51.87114
69.76099
56.32938
44.87084
58.95356
52.11526
49.03384
70.84484
54.95064
59.82694
59.03188
75.47188
57.24585
69.31596
50.86318
59.55499
42.03381
43.28219
42.3193
47.35059
46.06676
60.63337
71.72553
61.80077
53.54465
49.80706
51.21392
55.88531
48.50441
58.88975
93.64181
68.11354
69.08579
83.52327
68.064
106.0699
96.15527
63.25844
116.3602
49.77909
53.49873
61.43115
46.14412
83.65845
94.00443
79.49035
71.10356
49.34115
55.18292
48.16436
65.48404
79.90705
79.7907
46.72419
61.18962
75.15654
79.42579
66.08286
94.65739
79.05468
49.82052
65.69038
46.71176
35.82776
59.06978
59.33661
59.13471
61.81638
106.7811
72.21394
79.93088
76.36625
59.34286
96.90009
101.3071
101.8676
66.67529
96.1353
126.1447
88.45452
66.00904
53.39645
38.11645
43.17215
47.83988
57.38561
43.87184
36.08344
46.23057
60.38389
74.2923
65.55009
52.74419
56.12278
68.6872
60.4031
97.04582
97.30346
99.75594
75.20141
76.18026
68.10209
79.33912
65.6362
53.03872
53.49633
88.20322
85.46252
79.28025
50.99963
33.48054
39.43671
46.72308
37.26711
43.91646
47.88234
37.26999
44.71019
58.34806
55.48046
48.01697
49.01777
41.70226
33.09496
45.65523
62.21584
72.34348
66.65637
117.8477
79.72612
67.05894
74.02934
49.2085
41.62059
55.54602
56.01877
34.56112
36.72174
58.1052
67.33599
56.14864
42.82942
34.7562
29.46057
42.57335
58.64239
75.49447
51.25724
47.38266
59.10403
49.66987
39.97599
41.17486
65.41094
75.11891
66.28039
51.28617
48.3247
54.6577
60.34095
71.19809
85.1198
99.05357
109.511
129.2526
90.33834
120.8298
91.83848
67.4237
76.49485
115.6225
80.00202
114.2972
89.7422
63.42821
47.99654
56.54593
56.96163
58.95304
73.8219
59.52575
79.54789
58.84221
54.73654
64.00867
81.01167
89.7838
93.57635
110.463
98.78459
70.53468
72.74211
54.28672
49.5442
88.29936
79.56339
93.74272
61.98104
83.46712
76.11669
68.32118
63.06234
61.32335
70.61104
65.6563
65.5759
46.6921
47.43178
50.16561
52.55115
71.37977
64.45413
66.94849
65.88901
84.22947
39.69823
33.6091
56.66872
73.20913
48.65228
74.02651
66.40223
42.29907
53.76816
53.0896
55.50289
73.331
62.01344
55.08506
63.43801
41.61449
31.24458
39.09786
38.26928
71.59075
46.79913
67.50846
51.51817
59.27694
61.37563
71.31914
99.27545
95.32489
64.54726
86.48998
41.98147
37.44524
58.30142
53.32168
82.43037
90.60219
70.53488
43.78895
70.71556
65.16741
59.72212
56.86383
61.79587
63.07635
68.68257
70.56474
58.04638
65.21397
66.63551
72.65109
50.76624
38.07764
35.3536
58.74554
66.05892
59.00098
83.42749
59.09238
46.71988
52.16753
58.63716
39.91651
40.97409
63.5984
78.80719
85.65942
70.50297
51.18112
53.89115
57.4124
57.35719
50.99937
50.63223
58.9936
50.68323
32.21968
46.86387
41.99809
55.21597
47.66633
34.34661
54.14042
48.82076
63.63493
118.3042
117.5246
68.1953
75.03949
103.0158
92.26957
62.90899
52.1951
51.50323
57.52803
60.06781
64.64677
98.34983
93.07514
81.63171
71.42302
84.86959
66.2292
59.92614
71.92617
41.74106
73.04611
79.56442
83.9099
138.5342
144.7877
84.89026
58.2871
53.12386
49.9753
39.76676
54.50327
70.74496
48.27751
55.16356
52.24353
48.1869
25.66021
31.28278
46.09774
43.84827
48.48763
57.98713
54.61865
54.35146
70.41752
101.4262
46.4661
38.10081
48.7239
49.26374
67.00332
79.54166
90.34046
60.31115
62.01093
75.88532
74.74281
67.11499
62.57049
87.30843
93.5789
108.8836
92.16667
69.20201
84.05407
87.17001
91.78605
89.49207
104.0554
85.09726
62.05102
74.6566
62.79007
59.42094
63.8328
65.54246
67.68176
56.65189
51.41161
48.70543
57.79644
96.26089
77.7958
66.23319
69.33085
66.3116
51.71771
46.88958
38.92355
43.09428
68.61037
53.0297
