52.19414
57.04612
71.17467
55.95349
64.08054
93.11812
77.831
49.3202
43.32552
35.85212
32.0375
38.97221
38.50689
38.42281
62.00258
59.84493
75.37433
107.9045
60.25496
61.00619
39.03827
30.80339
50.39402
50.92015
51.35969
44.51041
55.54445
28.98003
27.66472
29.026
43.3597
42.52027
46.53248
37.14532
31.60904
32.33027
62.09072
80.87747
59.1099
45.45563
48.94283
34.53024
40.11866
48.69535
30.82012
38.13478
56.9088
56.46625
39.3947
46.04141
49.53381
51.74062
38.01872
28.77377
45.62529
91.68504
80.22226
45.40068
65.78987
73.16636
84.50371
45.62763
54.13529
76.02361
59.59607
88.24872
73.48099
70.19331
52.2407
64.19145
48.71471
45.59371
37.34262
63.38157
90.37862
58.65357
71.63192
31.36941
55.0537
71.921
61.23436
50.33905
69.24763
65.19483
62.68897
67.43095
68.56151
98.49918
92.6275
56.68281
56.15981
60.74789
39.38848
48.35087
51.29295
52.23039
72.17086
88.84643
68.11518
35.65623
29.48591
44.0665
51.36847
52.05253
62.4707
60.46603
79.14142
47.6858
49.55407
58.0427
52.68817
66.29728
40.60114
30.92108
26.41529
38.05673
40.77211
45.51313
60.74434
91.72933
91.73992
48.48064
65.17496
54.05971
53.16176
39.23036
31.88764
34.58564
46.16582
64.43585
35.95419
60.04854
77.97364
102.2971
90.74971
90.70838
71.31755
76.16653
75.07793
66.0338
46.07902
51.91257
25.46962
25.90925
20.90781
19.76151
34.78883
30.37561
41.52963
55.94989
61.91556
54.38178
57.99405
38.87191
43.20994
78.59241
78.36813
76.07571
46.65387
30.58405
46.36155
67.52397
66.21633
63.31107
34.48651
54.41227
65.52419
61.08709
38.60447
72.27344
104.6034
94.89858
89.31329
39.83625
54.42812
65.88451
91.76326
149.0987
154.2651
85.42549
87.13323
56.55344
84.76283
47.83149
64.53252
36.68986
40.96227
61.80973
24.47777
38.51717
44.27182
36.78273
60.02375
59.86156
42.68842
57.73114
72.72791
70.0183
43.49027
37.92847
33.45858
32.96757
43.19402
45.07113
47.89811
63.60321
43.01721
42.4438
33.61784
26.93552
45.27687
41.91732
33.28187
53.94389
39.49256
36.76335
29.71934
36.10258
68.33244
68.57355
95.76103
72.27549
82.27691
57.72233
105.2258
59.70802
47.57368
42.16863
52.19989
39.40632
45.06534
37.18274
32.58454
33.48869
34.33745
31.03012
39.46516
54.37369
48.93964
51.89657
76.31874
97.46905
106.2245
89.56752
57.00544
52.78902
90.98735
93.6128
94.52606
68.29289
79.5904
73.69374
49.77116
49.82075
32.33745
38.52313
38.71129
43.9783
46.02458
29.93246
33.19234
46.83402
53.94491
77.70596
68.6828
43.3191
50.33186
37.9214
52.3053
43.37828
59.46928
54.76731
39.9392
40.98729
50.20134
44.58459
58.92362
55.2817
53.71207
64.92873
56.08287
40.21506
42.46721
28.86475
24.47619
33.40551
38.35198
36.31001
39.63512
47.29876
27.33162
39.10208
28.39421
53.34708
120.5924
76.39457
100.5195
100.8679
70.88934
51.22019
69.03298
37.93182
44.72281
30.27569
36.66396
36.36714
47.73656
30.45342
32.36547
37.3372
43.90126
76.99519
58.16582
67.65473
63.81294
98.7988
78.70236
55.24333
48.35769
39.48749
59.58964
74.97847
46.6784
42.86797
37.83335
21.21046
33.87565
38.93883
38.26741
49.9151
54.58007
41.10162
33.18392
41.04785
44.37639
51.10688
40.83306
32.66366
42.00513
39.20183
24.50148
17.37745
22.58202
24.6047
41.14899
51.08061
50.19333
50.38274
60.54927
22.44255
30.77747
24.80058
58.25855
43.17965
25.14921
30.48288
31.71094
54.21595
33.1989
48.22696
67.47087
39.98416
43.30168
32.54254
36.51176
59.21166
40.10306
42.34428
27.46684
25.42867
42.48161
71.68067
61.02519
74.59522
50.66008
82.63965
64.29855
55.86115
28.70827
49.55157
34.85442
41.53409
52.10756
73.49969
85.70952
80.11285
53.20894
43.91582
66.65349
36.65386
53.18287
56.75211
101.0929
72.22955
31.16875
33.32346
56.98703
53.8418
68.08156
73.37589
38.95936
44.92991
51.7527
19.33788
24.12392
44.30763
57.23106
35.699
42.90383
38.86266
32.99675
24.82405
79.92039
35.36285
30.908
32.25779
36.80586
36.73496
43.93962
74.67232
30.8901
37.27087
40.86613
43.85026
31.51253
51.36529
67.5484
67.73113
78.84815
123.5476
161.3183
119.932
65.33501
44.59956
49.78847
34.11872
44.62143
46.42741
57.16701
28.17792
26.03032
33.52522
39.05773
35.92171
57.32627
49.36804
50.51247
44.98716
51.93329
46.03509
46.27025
85.80648
105.9843
65.60905
101.3441
84.41974
106.2487
41.82372
29.6996
49.46197
46.07408
48.27169
42.99573
39.70221
42.22507
49.27324
39.66824
42.14266
54.75371
40.06147
46.81576
39.04585
37.44276
51.52006
55.50616
112.2492
50.51851
41.45507
55.00287
56.06876
36.88299
36.28344
59.25577
38.4928
96.03859
109.8397
105.9058
123.298
91.16094
53.7466
49.67225
47.25063
80.62529
58.34439
38.62996
47.27728
51.1451
48.77899
46.78873
59.6379
