53.41162
41.33274
41.86135
46.12207
42.30216
44.68525
52.69011
47.14574
50.08937
52.05009
45.23782
45.38833
44.39023
43.8784
40.42796
43.65938
43.84691
47.7675
49.82679
41.73914
47.35833
49.04435
37.64562
49.70105
46.44355
46.65951
45.35979
49.57556
42.01624
47.83892
47.62763
50.26451
43.09077
44.70912
41.17666
44.96123
50.24745
50.12505
48.93673
46.12371
44.9043
45.78461
47.89239
45.30595
47.4621
42.93205
45.29755
41.6376
44.0737
41.58763
50.41028
50.98408
44.71148
49.97257
42.76449
48.01865
49.2152
47.34546
40.47217
50.64452
40.77199
47.03941
51.18289
51.10041
44.20964
46.29458
41.47794
48.05945
41.42211
46.79468
43.77831
47.21531
43.03906
44.12113
46.37898
44.25701
45.42559
50.04014
44.95412
48.61479
45.89349
41.95526
45.46152
53.14058
38.70107
45.33782
46.87214
49.37088
42.95443
46.58119
40.30925
50.37791
40.46703
44.80015
44.58161
44.41953
45.85299
47.86329
39.12709
50.53112
44.74102
44.20465
42.24347
45.0277
46.50466
55.04978
47.567
47.55027
45.90127
49.71749
46.9898
53.82429
44.48368
43.22033
47.35847
42.99122
46.81777
47.35378
48.76302
51.64236
44.56449
45.53592
41.93769
46.81943
42.63498
46.04533
44.38237
43.44736
42.93583
43.97857
45.23133
45.73072
44.84571
44.17914
48.78402
40.45499
48.23612
44.3481
43.20543
46.65237
49.56277
43.11109
43.47949
42.81424
45.11692
40.35611
41.48299
43.33132
43.45791
48.11105
42.40136
44.91156
44.38635
51.2582
48.10389
43.6007
42.18532
48.17066
45.35674
44.805
52.3524
46.12815
43.45724
45.89618
49.6639
44.9783
49.631
41.32433
50.49159
46.94146
46.60455
38.96975
48.68699
44.26296
43.62994
41.11718
45.22751
45.7951
48.8157
52.57676
41.7558
46.40014
46.28811
52.3451
45.30029
42.97729
45.86247
46.66275
40.83695
44.24165
50.23023
51.33947
47.68133
42.66079
42.77452
47.8386
46.71148
48.20339
47.7907
44.84774
46.80056
44.40619
45.56434
43.64612
47.03468
45.17986
41.99469
41.03933
42.11353
47.89545
42.84611
44.42116
47.51186
48.09732
44.61839
49.57031
46.99152
48.22776
45.89085
42.00339
42.50084
48.73311
46.95739
41.30199
47.70672
45.57653
45.45378
42.10498
36.94775
42.25481
48.44028
42.59914
48.92433
47.27689
49.13874
51.46394
45.00564
39.00106
43.29774
43.34155
47.35682
45.61425
45.0383
48.01965
44.51658
46.42305
48.35894
42.33306
39.4099
48.26281
47.87474
38.91884
50.18746
43.71809
43.67232
47.80629
51.27519
50.2656
42.11396
48.17556
43.5629
49.57514
47.32477
46.90366
53.19438
46.53858
46.45141
45.97584
43.6011
49.57187
45.54323
45.75655
44.71178
48.89367
51.53385
43.22945
46.91406
43.66373
43.73913
44.7112
37.05675
40.17676
45.31528
45.46991
46.13804
44.413
43.94025
42.34281
42.07585
41.83006
46.46927
44.17557
45.53263
45.52428
45.22075
40.49219
43.36543
41.602
47.58152
45.21047
45.65122
41.74157
43.99653
47.66314
45.26067
46.30883
51.59651
49.46325
43.2325
47.86492
54.75841
43.43756
47.14361
42.54862
42.10905
51.07683
51.13116
51.65447
39.80955
49.05768
43.01839
44.43313
46.63259
45.74826
40.93931
43.26961
43.29637
52.47638
43.29911
47.58464
48.67235
44.95332
43.4732
46.40985
45.405
43.10712
48.93343
41.25251
46.18877
45.36983
48.88209
53.26952
46.62965
47.38194
42.40356
47.12433
39.10241
51.58637
46.13243
42.17488
46.0449
50.6002
49.50799
46.73049
43.96277
44.69144
48.42534
45.47912
44.30246
42.71106
49.00404
43.48108
45.06632
51.67091
45.5807
53.94469
40.50229
48.15439
47.5299
43.40018
45.50233
50.23097
45.19172
42.33319
45.99496
44.55979
46.91214
48.36967
46.24116
41.84184
43.56804
46.15257
49.78389
43.71833
45.93236
45.07694
49.43736
48.54676
45.79243
44.76562
48.98705
45.79742
44.92414
49.94801
45.37033
48.71711
47.5783
38.2726
45.07502
43.82108
47.25605
46.90278
50.09389
45.65007
43.86327
44.25263
46.9209
46.96618
45.44079
51.48848
42.37065
40.90808
44.71201
44.00169
43.24665
44.43891
43.34277
39.72969
43.32069
48.19251
44.59312
55.63337
51.73033
46.81089
44.05448
49.09874
45.13282
41.78832
43.77627
51.04598
46.176
46.65908
49.61881
44.07073
45.95185
51.98763
45.1962
48.26482
48.45477
51.85256
45.03816
58.96689
47.24598
44.36523
41.06203
46.15301
50.36633
47.97654
41.67756
41.47785
52.9952
49.46573
43.97199
45.47831
44.3264
43.66251
46.84153
52.14654
40.68625
36.94639
45.29175
48.0772
45.8979
44.07433
47.57838
45.62877
46.24008
46.89691
47.61594
40.70547
43.49047
48.32796
42.74549
43.56412
41.76056
47.18306
46.55276
42.26763
53.37577
40.36864
51.04465
46.15527
42.00982
42.72616
41.95209
47.50929
50.77556
53.53734
42.94702
43.85966
45.94182
48.08603
44.50308
49.46776
49.18034
40.63378
49.66998
47.91038
45.87347
45.69136
