40.61925
44.93485
37.93554
32.26186
45.33852
57.61061
60.87223
77.66727
80.56023
110.9761
120.1115
129.1478
97.22069
81.37822
83.27012
76.4421
101.8253
86.05833
104.9657
103.575
106.7469
97.18491
90.38068
92.66813
112.995
121.7261
106.2102
108.4144
136.6633
130.8378
112.8879
123.0513
125.6264
190.4381
189.2096
163.061
187.5611
214.6902
208.2995
158.0562
161.9814
228.4488
218.8503
293.6051
355.0807
291.366
378.8273
316.0028
331.1456
505.9855
585.6694
635.8726
690.4922
877.3476
943.7372
875.149
1099.051
1300.27
1870.134
2501.656
3577.372
5244.456
5378.991
7491.337
14528.68
26169.77
34062.16
42799.48
86265.32
138367.8
246771.7
386293.7
722064
1313558
3558983
14182458
34549043
44004839
44898877
41886002
39930355
38237274
43421138
45319033
43506474
47157209
37221887
46499579
41881796
36949611
40206950
44267536
37882447
42761026
37047933
41782510
38129878
37342102
47013083
41636994
43680200
35894313
41208453
39158168
39826877
40682471
45448592
38178106
46549896
51855212
38951111
40442195
42530025
39095806
40696505
46595723
41408963
36911767
43601124
41347083
38978232
37591066
43203528
38446412
40471827
37709660
40638320
42385859
36102439
38365427
50729446
35056183
37486175
40697593
49430999
38897142
39460830
38239433
44236432
41491843
46885415
39354593
44445263
40506449
40130586
39898674
40980054
49159191
36431891
43736465
36866027
48471151
42236619
42093439
41543059
43921616
40669886
37025221
36427512
43601252
38900010
36801616
45274554
43867365
39099696
38824591
40167087
45461150
38703715
39269072
46279006
43040888
44686392
49528754
37188799
44713733
39782444
41319969
48108027
40531678
47945467
45173289
35370302
40640599
45939369
44744619
40968626
40709254
36379330
38234407
39479579
42278299
39779542
41782009
45060721
44795557
40148995
39732791
42868700
41595802
42327744
52200507
49403662
42340962
38094978
39593756
39495469
44439773
49907148
39821953
39497970
38141304
41306264
40850276
43890129
40991430
45948282
49658558
35606780
38616705
39026715
41414436
48056241
42295066
40618928
40428980
38229355
41865935
37839234
39687550
45298993
40842380
44902424
39780680
38765796
38188888
39759226
40374546
46174976
32041190
42662559
43444870
40596177
45832632
41141458
38426432
38713203
40673254
39984160
38323447
42345640
41950914
41816186
48700156
38640235
40189875
43094998
38021972
46323735
42014522
42617494
46390425
39730616
46090248
40376895
40735139
43385065
42742261
43715790
43226063
44410995
41088591
35169147
40781258
46491492
42580113
39777544
43479956
38375448
39317205
37932741
35333718
38588689
49788860
40010252
39414228
36717278
39047481
38595768
44320672
43469414
45462075
36388371
38176327
52655291
37833576
48404852
44442261
41643683
44407907
40298432
44262921
46453536
41469181
37576577
45674248
42114272
46288230
38364328
44781900
38779549
42673997
39422450
38363656
41823225
51662746
42528819
38524452
38360237
45300883
41919418
43365606
38305587
44073061
46905423
50709809
44286760
39175682
37172532
38249376
45491199
42579087
41838060
35397460
43224527
39324112
38287301
38727459
34367150
38244802
37254688
38211453
43335727
35790858
42780576
42228160
41595042
38425652
40861636
40666270
40406355
38123293
43672347
39690761
48711958
42160057
43484393
43732564
38453363
41712922
41195495
41101100
36592795
33622779
44101672
39522749
35980429
40164085
40896699
39527823
48064485
44899910
41333556
43569946
35943512
41139066
36340629
36412816
40245997
40316309
37706421
37176843
40451613
42062450
44546479
49168748
44046483
44913559
40452739
38541932
36791419
37524510
47548267
42172077
38558735
34476541
38490723
41540129
39389952
47148257
40197573
32270206
40977371
36347290
44172054
37949455
43699763
40724793
44539736
41802305
49063069
40218291
43361381
41555901
36337472
44916614
38430666
39209807
44666892
39053774
33719329
41455213
36287741
35045426
38430886
36734873
43145358
39773521
44299780
35898411
43651216
48394624
40466696
39079041
42565471
49449412
43566810
41137862
44762414
39147550
38502007
34908657
32945866
38968445
38022037
37555533
41655130
35554075
41569229
42256034
44259124
38921101
43782365
41509191
41848452
41210876
42189106
41844817
39866086
40575468
43139599
35021238
30430331
37314564
36594041
48433942
42915638
43546003
32176832
34247740
37505482
47457294
38101000
33560116
44356568
37789505
35461302
46652566
40844818
41833706
44883343
42943931
41943373
37692095
43726034
44445178
33360280
41621860
38910293
50946099
48196858
42778680
41472833
43649128
38822342
42364531
42888450
43265110
43698400
43686794
