338.9508
314.9391
306.4445
310.9615
254.2177
206.5846
200.0595
118.9987
104.0562
88.53237
78.57657
81.5443
80.83862
81.16531
78.0135
72.08706
75.84701
79.88931
77.97686
80.79372
77.95513
81.13376
79.19176
73.22458
94.62518
77.13436
89.373
77.07872
80.24494
80.54144
81.45473
79.32123
80.54853
85.22112
86.04151
78.20944
74.15191
82.89089
84.80869
78.69906
77.67779
83.39274
84.81604
76.31472
79.20041
84.15045
75.19975
79.33671
79.74016
79.09637
75.76494
79.97984
74.47599
87.19385
92.92429
83.61689
70.07149
87.56271
82.6662
78.29301
81.25391
87.74413
78.96704
76.94461
76.23126
100.3781
85.16784
85.89835
90.53828
83.0679
77.41658
69.50406
80.9991
80.20364
87.95039
80.09841
85.5212
66.26616
84.07078
84.43108
78.60032
70.33129
76.87047
77.5105
87.29172
95.99897
71.63724
75.67808
99.25838
73.28121
76.25148
82.9971
89.5242
94.44938
82.69697
81.26712
82.52362
91.58611
68.90951
73.96461
77.63573
78.54687
76.76045
75.11726
77.22644
80.61802
81.94328
81.51868
85.23641
78.65421
88.10494
79.521
83.84926
71.66122
74.13798
82.71312
75.67814
86.1454
80.82197
78.71978
73.59958
75.82977
86.35608
76.15606
77.34485
81.03357
74.15223
86.69864
79.45137
82.94714
90.07635
78.79336
77.67956
79.96619
79.84658
82.60886
79.01616
76.78002
94.74874
89.03162
76.66886
80.65291
90.21705
74.19782
79.85271
74.58716
76.991
74.57264
79.21018
79.54089
79.68616
77.04495
78.74797
78.92502
81.01511
79.91489
75.27517
79.87131
72.46389
82.38283
85.62752
71.52547
81.3259
86.44706
81.47508
92.39682
74.12882
80.26607
79.53798
86.98651
75.13912
81.88294
82.98845
76.28876
82.47196
75.48474
78.10169
73.98698
79.76005
80.24625
78.94271
86.34642
81.19833
82.43396
81.40298
86.31141
81.44694
82.12583
88.37012
80.22188
85.834
72.00163
77.17044
75.24513
87.51701
80.20592
64.67267
79.6904
78.63776
86.55053
76.75517
85.0386
80.96176
82.42241
78.62219
75.34826
75.60446
78.22908
84.65566
87.42221
82.75545
88.60999
91.18051
81.08528
87.10357
94.95583
91.77367
74.59246
78.84427
80.93178
77.10736
83.374
85.50414
77.81625
85.92776
81.83994
77.36808
75.50417
79.51161
83.73442
81.78821
83.63362
79.11159
77.79063
78.36731
76.68288
78.62667
87.73542
85.42695
68.87554
71.76469
83.51839
77.5448
76.37178
80.12226
76.05904
78.45504
81.61009
83.74104
86.34445
93.49464
90.17773
90.11778
79.25699
82.70696
76.8594
84.24896
81.90334
79.58566
82.37431
82.28442
74.76853
75.50656
93.05324
82.70972
79.77754
80.14768
78.86812
80.35029
84.836
76.941
76.15646
74.94925
82.07396
81.53563
70.53061
82.2507
84.12078
89.66329
84.905
74.06687
74.47045
82.23303
85.11941
77.59266
75.72447
85.15959
85.39292
84.02077
88.36839
74.61159
75.84161
82.39311
92.38605
83.12497
73.07068
83.81504
75.83086
76.94485
81.07512
80.18746
73.01406
77.63097
86.63037
69.77518
70.04526
83.69859
82.90476
81.23637
90.09351
79.97624
92.60038
74.50502
88.85415
77.51249
82.10362
74.14085
76.96385
79.73116
83.11264
76.59518
83.51251
83.46717
89.86176
79.98534
79.21906
80.46046
86.90788
77.06904
78.83515
84.78886
95.73895
82.2131
80.41255
83.77824
75.13385
82.07126
80.02737
79.23976
84.25498
77.7179
91.46103
79.57332
81.54068
79.48708
82.26816
93.83511
74.8319
78.41831
86.85015
81.80316
87.63188
81.36209
77.05686
84.62707
91.3786
83.9695
82.57625
81.82995
82.64282
78.33082
75.42936
82.10223
74.79607
69.39414
76.26263
86.51594
84.37213
77.93345
70.0515
76.86036
78.52112
85.89015
98.85139
80.61368
88.10795
76.39798
83.09942
77.68722
79.0045
87.17089
88.77245
83.83088
82.15864
75.90713
83.74013
83.171
81.04547
76.93714
75.60705
83.59575
79.06198
75.77117
85.73315
81.20826
81.47951
76.68602
84.64827
82.48882
83.82345
75.21696
76.75553
89.81629
80.49795
78.47478
80.70636
79.38831
85.71487
89.07993
78.73479
68.96428
72.86302
92.68507
77.48134
80.54955
93.18537
81.00921
80.85029
83.56927
74.30633
80.28241
71.97343
80.82691
77.54784
74.21622
83.54932
76.24371
82.31619
79.13935
80.1267
74.30088
68.27765
74.07559
84.49188
77.9754
79.34341
78.83782
84.35279
78.37826
89.82954
79.68146
80.18145
85.40413
69.89694
85.847
79.09762
73.45427
79.22176
80.79705
73.20196
82.97719
82.22173
80.18256
74.60088
84.69479
81.61708
85.72904
76.15441
75.06396
88.83823
82.8143
72.88912
75.87585
85.65093
79.03237
73.49227
82.85121
77.12916
91.82319
84.16957
83.22962
82.30307
73.09504
82.04564
82.89308
80.80416
75.53291
89.32553
84.94345
85.2874
75.00684
79.09839
85.28957
77.50411
83.82217
84.88228
85.33721
80.75023
78.56225
79.14156
86.1536
81.75227
85.64446
81.08554
78.24473
92.52164
80.51378
81.02831
75.47508
80.43606
