87.49695
83.83155
79.04427
80.02536
79.31529
79.83444
75.99696
78.84679
77.95632
75.60305
75.86397
77.48632
70.47752
65.99525
64.27955
60.71024
64.84606
64.81435
64.2309
63.56839
64.89527
68.49683
69.43273
67.11063
64.61254
66.94601
68.33337
69.45983
68.88365
71.48539
76.48513
75.93967
77.06731
76.4254
75.57726
73.64264
74.6277
73.57005
68.1517
66.59823
63.88942
65.48315
63.72198
61.78862
58.49411
58.27643
56.22106
57.27941
53.98073
57.12957
62.39039
63.58055
61.25574
65.62882
62.25639
64.97108
66.66367
67.99171
68.14989
66.79838
66.11521
63.89195
62.25972
65.76135
63.42872
66.1129
66.78843
69.16944
68.27739
67.99069
62.24612
60.93035
63.30296
64.00701
66.88829
72.15794
75.01204
75.16636
73.51369
72.1288
75.18481
77.9617
75.78084
75.63597
69.69984
67.82218
68.85724
70.02662
68.94168
67.63385
65.01131
62.24845
60.71057
58.06013
61.59687
61.85136
60.48129
65.42103
68.65002
67.0948
66.61473
66.27777
72.3996
76.00084
71.12425
72.27441
67.37499
68.92072
72.37658
69.30305
69.14422
73.07209
72.78874
68.27192
72.80237
77.79494
79.57404
76.49199
82.32029
83.92198
86.5845
84.1987
83.3696
84.81289
83.92502
91.95219
93.84041
93.7847
93.81027
92.55141
93.16972
89.05816
88.59925
87.73626
87.01128
89.9499
93.51093
100.3846
99.41015
99.284
101.6742
103.2981
107.068
104.5455
106.7285
106.9555
100.7086
102.1802
101.8483
102.7204
103.552
103.0703
102.1689
104.8467
105.8659
102.1125
101.5739
98.00391
98.82689
101.3248
103.694
102.6274
104.5329
102.7949
97.15372
97.28633
93.66553
99.06304
96.26526
95.21352
90.09511
94.55183
96.69229
91.54073
89.2759
90.83755
94.80043
100.864
99.28202
103.2109
100.5559
101.6074
98.6172
98.45926
93.89732
100.3248
100.9695
96.71654
101.0215
101.1737
100.1945
97.20082
94.3485
98.33099
96.37087
98.8311
100.2552
99.9085
98.53768
103.6638
101.1247
100.1605
100.7249
104.7949
103.8593
105.2641
109.1292
111.424
108.7194
109.9545
106.0605
107.3502
108.6003
110.9135
111.4127
110.1864
108.4601
104.1703
102.3121
103.5759
103.4479
98.78468
98.05083
97.34377
94.25891
92.61943
95.55688
98.32876
100.4408
102.2771
99.86889
99.12015
97.35616
95.51695
96.78216
98.01673
103.1576
101.9301
103.2713
104.2941
101.8837
102.7631
107.4277
103.4283
101.1818
100.5219
100.3719
99.17956
94.97076
92.71046
88.1388
88.72513
88.85473
93.22975
90.02172
89.8682
91.66251
92.01863
89.29486
86.46548
87.4854
85.17025
83.36167
85.67024
82.16943
84.3213
82.45377
84.77073
86.96988
86.98695
82.61619
76.71201
76.21626
78.27619
79.26604
79.50428
78.49548
76.50295
73.99462
75.79286
75.36679
70.49491
68.40366
66.80127
67.59439
65.76815
70.48758
71.22668
68.00999
69.32937
69.46533
66.47378
67.90258
71.44711
70.03511
73.23741
74.49765
78.49042
80.68539
88.84881
88.10635
88.93766
92.36948
94.19041
90.73799
94.76559
95.83687
99.69295
98.06623
99.91781
102.1347
97.35329
97.03943
101.207
98.72347
99.09365
97.60397
94.67803
99.85131
99.40683
99.38629
98.51299
99.42192
105.0484
107.3423
110.7225
113.139
113.2016
109.3303
104.9202
101.9204
100.3979
103.8096
107.0245
109.3156
113.1202
116.9801
115.5599
115.6489
114.7693
115.1052
112.3122
106.5086
100.1632
101.0425
102.6452
105.3505
103.6578
104.1523
100.0499
95.74401
90.25915
90.23889
87.82291
83.84807
82.74422
79.33151
82.06897
82.69627
86.93584
91.16804
89.76104
84.42224
84.20216
86.34607
84.28038
80.72853
77.0594
77.61567
80.63808
81.59385
83.24199
78.5845
78.86209
74.6805
74.91161
78.81771
78.01089
76.99618
76.54822
72.7736
71.43063
69.40766
69.21423
64.0641
64.41498
67.67111
67.15256
67.8857
67.12268
67.74876
67.02214
65.21177
70.79412
73.09956
71.12595
71.86803
66.20004
68.70355
72.92714
71.16139
72.1323
73.02126
72.8709
69.57628
70.41219
71.08675
73.3398
70.20029
68.33035
68.86921
73.7787
76.55336
75.38604
78.10701
72.22584
71.98496
67.72484
62.49014
62.66196
64.76366
66.6816
70.94443
69.36385
69.43584
71.02188
69.77791
68.49139
68.19595
67.35811
61.58721
61.05239
62.54406
61.77672
66.45015
66.94898
69.59828
70.99864
74.94408
79.14941
79.67006
84.55038
84.38051
84.62486
84.93947
84.43427
86.2277
94.35066
88.01955
86.14425
87.97175
86.96461
87.56625
83.46349
81.82247
76.04436
72.90405
70.21843
72.36995
72.07382
75.04177
75.42743
75.21002
70.93356
73.61873
73.16674
74.48834
78.94559
78.57409
82.12227
86.03385
89.03645
84.5763
83.88606
89.7711
93.00763
91.50051
91.88832
91.34708
90.23348
91.52781
91.30588
91.69384
89.68633
92.55732
95.03144
96.55265
95.11425
92.6511
98.27546
95.62939
97.67893
97.17045
96.12669
94.64284
97.21731
99.4935
99.43068
102.986
102.7491
