12.93979
14.12064
12.84815
13.02377
13.26962
13.48686
12.54929
11.94247
14.10572
13.40647
14.10073
13.14299
12.51524
12.69942
12.24906
12.52326
13.51403
13.37923
13.50263
13.91154
13.12199
13.1201
14.12222
13.28745
12.88253
12.29863
13.12472
13.64382
12.55662
13.45812
13.62086
12.79671
12.45649
14.29736
14.21558
13.6151
14.07636
13.56068
13.7597
13.25091
14.08875
12.6342
13.87236
12.88517
13.22988
12.59036
13.33396
13.89816
12.74824
12.83824
13.13727
13.54863
11.86237
13.35628
15.25256
14.65312
13.1609
12.37564
12.51501
13.70792
13.32073
14.11553
14.37322
12.191
13.43884
13.87997
13.81903
13.71825
14.24211
13.85618
12.78532
15.09393
14.28142
12.21409
12.38371
12.96504
13.95136
14.0378
12.0084
13.37978
12.85634
13.34218
12.60069
11.54345
13.09657
12.36666
13.03901
13.18428
13.15013
13.30829
13.5245
13.15239
12.51552
11.7252
13.61894
12.70205
12.3422
13.77377
12.46925
12.83379
12.84627
12.89806
12.68215
12.89367
14.24031
14.28179
12.95364
12.29062
13.328
13.87816
12.37824
14.0924
12.81776
12.98155
13.50946
14.21391
12.4106
14.33837
14.18525
11.83546
12.8992
13.77628
12.76542
12.69477
13.25221
12.22496
13.07159
13.48965
14.0014
12.19293
14.29647
12.93856
14.00125
12.90188
12.25696
13.65253
13.06505
13.61896
12.86512
13.35025
12.86164
13.27203
13.77647
13.69975
14.06793
13.05095
12.94945
13.09905
14.67657
12.70442
12.31213
13.99692
15.12367
11.70584
12.96284
12.31082
16.15478
12.44425
13.45162
12.62722
12.69844
14.0107
13.23564
14.3532
14.36607
13.91559
14.07314
12.62323
13.6309
12.88783
14.74055
14.0595
13.90159
13.20221
13.70644
13.70376
13.45133
14.19103
11.80925
13.84312
12.56666
13.5865
14.28854
11.74655
12.84853
13.14031
13.66467
13.62873
14.21989
13.63082
12.59215
12.25507
12.49645
15.12357
13.56592
12.78798
13.14191
13.13247
12.48312
13.0878
12.48882
12.6347
12.83861
13.38348
12.80516
12.43918
12.43726
14.1071
13.39957
12.99818
13.23304
13.08713
14.23048
13.99674
14.28703
12.48687
14.14495
13.02742
12.55496
13.98756
13.83225
12.94744
12.95612
14.38078
14.01461
13.21733
13.90712
12.73578
12.92614
13.15015
11.78974
12.90679
14.26929
14.12942
13.99249
13.57966
13.79123
13.0441
13.36339
12.14398
13.53979
14.29922
12.08228
12.99066
13.39481
13.48887
12.98944
12.82501
14.56552
13.58166
12.84113
12.34886
12.60892
12.53572
12.53395
13.61842
13.01019
12.80943
12.1143
12.82778
12.04369
12.97156
13.44405
13.71374
13.27386
14.52939
13.29376
14.1121
11.84486
12.22836
12.45266
13.05557
12.81303
12.77807
14.4701
13.08079
12.71577
12.48537
13.13397
13.20326
13.93922
13.6418
11.83397
13.03305
12.65688
13.72919
13.65798
15.44107
12.49932
14.14874
14.53206
12.24942
13.18031
12.80712
13.69524
13.70347
13.90868
13.29435
12.35652
12.55418
13.96139
12.53214
12.84848
14.05764
13.9747
13.33086
12.58701
13.04136
13.21394
12.955
14.46211
13.43654
12.96113
13.22375
13.29206
13.88059
14.65629
13.8918
12.42739
14.67798
12.86499
14.93232
13.54592
13.89995
13.64996
13.27098
11.91186
15.33482
12.97495
13.45674
12.91864
12.94975
13.81895
12.67895
13.23294
13.56217
14.43411
13.47843
15.96706
13.23999
12.92708
13.86515
13.48161
12.36733
12.72558
12.24174
12.9615
14.4318
13.3553
13.24219
12.32619
12.36901
13.21997
14.40192
13.9739
13.64564
12.66062
13.13228
12.18257
13.86195
15.05491
12.80831
13.74141
12.68851
14.18683
13.95942
14.47547
11.38582
13.28265
13.80486
11.96262
14.24621
11.94906
13.09124
13.08282
15.32872
13.23452
14.00637
13.29174
14.14572
14.07924
14.76363
12.65394
13.12677
13.92391
15.9864
14.24546
13.62707
13.5969
13.02201
14.34334
12.37344
13.70382
12.44868
12.9354
13.25183
13.12568
13.19774
14.75808
14.77582
13.71157
14.98035
12.86123
13.78774
13.53091
12.94215
14.36167
13.10064
12.92292
12.73967
13.84697
11.843
12.4204
13.94982
13.4915
13.38659
13.45496
12.3412
13.34864
14.55742
13.9201
13.49573
13.68722
13.38454
13.60721
14.88418
13.23845
13.6426
13.52376
13.59066
12.89659
12.42165
12.99163
14.35952
13.1633
13.10578
13.03387
12.99
12.20654
13.68354
13.08245
12.42139
13.54427
13.24496
12.86326
13.75808
12.46288
14.27748
14.14277
12.01772
14.15889
13.63951
12.3404
13.31772
13.60911
15.13895
12.91898
13.25107
13.51264
13.61256
11.73098
13.44712
12.66599
13.63346
14.07383
13.52585
13.03138
14.26462
12.51631
13.21086
12.56067
12.72469
14.99232
12.97179
13.86644
13.58384
13.94801
13.02883
13.50548
13.51883
14.08438
12.45887
13.30808
12.49771
13.45685
12.9733
13.37824
12.7582
13.02174
13.27435
13.59202
12.3509
13.98923
13.44747
12.61165
13.50634
14.96552
13.13975
13.17141
12.73673
