691.2204
1011.3
635.3678
535.2076
479.2991
528.3453
496.0309
563.8179
487.7966
2452.813
469.2114
343.4712
538.1027
306.7505
1976.877
495.3799
240.1042
293.7924
496.0251
789.5828
613.5838
408.4082
853.3694
410.9645
466.0987
499.7904
333.2148
467.98
435.1746
352.1286
667.1406
686.4312
472.6579
359.3265
1162.388
629.3538
594.1681
1902.247
577.4571
2164.551
388.7437
597.604
695.634
635.8015
471.3306
1185.59
1528.291
958.5523
481.732
505.6736
1163.229
220.114
400.5469
876.7391
584.9278
450.1332
1023.591
919.0015
671.5714
793.8433
918.4342
594.3949
613.1894
484.1108
1190.963
320.8383
550.7461
708.0577
735.5097
654.3064
700.1471
519.0923
416.0832
355.8523
581.3023
226.8866
900.4617
705.6176
1260.84
699.2214
677.9586
343.9389
745.7545
971.9762
576.1212
581.1099
1093.687
690.7108
424.2736
869.1921
930.3376
493.7164
659.8728
690.2037
1191.092
526.4734
367.2286
742.8758
325.6059
371.2357
555.6352
319.3874
598.6289
433.371
498.0744
547.3623
228.6408
347.3645
723.5598
627.5853
417.6662
351.6843
272.8726
974.5043
804.7641
735.33
338.5246
1418.5
580.5505
421.1296
1785.887
630.8748
370.5231
259.8915
265.7264
300.2245
405.7904
487.7005
476.7081
379.5253
885.1151
957.3244
1304.668
986.8639
332.9164
550.716
492.1102
589.4894
467.0228
1357.867
724.5547
1216.018
204.4674
564.0851
325.9543
377.8795
305.7954
807.4417
363.1692
238.6939
352.21
715.4204
601.783
798.0987
286.016
749.3169
978.7387
626.5619
1487.733
3140.023
1011.437
754.9462
424.7171
438.8695
1075.498
878.4828
1884.268
681.5408
872.5593
4199.098
1376.841
1379.557
321.8325
548.4194
1071.448
1498.913
1034.4
848.5059
702.9152
891.8274
997.423
406.6355
204.3343
660.1154
354.4486
477.8507
371.8948
568.5079
948.5794
757.6324
590.8025
348.5635
516.7046
311.2806
550.4219
313.6409
1437.929
735.0084
873.5936
2946.844
593.9671
549.1702
725.7392
767.6119
446.9298
271.1722
286.8695
411.9144
1101.19
943.6729
392.8054
525.5104
234.0325
529.4839
840.7711
589.3309
2214.098
511.5634
161.5824
677.4932
361.0966
687.2247
564.7088
277.512
2023.338
283.5279
311.6019
1616.363
178.4312
811.8971
475.133
1370.916
664.6092
357.0609
507.6439
746.1994
1135.662
394.424
398.2414
676.5209
431.1677
547.0025
484.2618
729.5397
536.1653
575.2447
378.6741
339.4251
365.2911
319.6796
327.2381
6284.993
560.2632
1076.036
359.762
1412.646
1996.731
427.3708
672.4609
3436.984
1559.209
941.7952
555.1239
1692.041
1739.55
961.7785
1288.74
762.5312
1337.931
1188.263
925.2978
1057.124
731.0323
553.2454
1939.019
1007.395
1330.365
458.2708
1039.028
1117.454
817.2473
607.309
457.6428
712.4334
493.3555
986.7484
475.059
787.0613
563.4337
1230.523
1277.041
463.4869
612.631
385.8052
443.7213
252.0964
835.1732
473.1319
643.7786
502.5575
473.4189
489.5699
1023.621
240.8737
261.527
918.7679
416.4409
505.4857
1458.645
769.5284
859.3262
339.4664
852.5603
462.7897
377.429
324.9341
236.8012
757.0287
1233.664
1537.242
400.8257
873.9586
450.927
581.2355
565.6635
1008.157
2062.137
964.5427
561.0414
351.1928
824.6715
384.1129
1115.443
827.1502
386.5753
2018.556
930.4439
494.0813
513.0247
1336.259
200.8064
321.0531
632.1966
2556.152
2974.198
727.8277
721.4552
678.9005
1368.42
6508.712
2063.185
3532.705
692.3023
498.0396
802.3239
653.9989
861.9341
464.5778
277.0068
478.0264
348.67
272.6194
577.3183
771.0956
476.4454
408.9735
588.4682
287.4589
913.4681
350.3957
231.9354
1088.998
432.0711
548.5137
263.3808
637.879
712.7295
379.8297
1545.043
584.0575
606.1179
197.2917
283.1389
479.2418
3766.685
1456.009
401.2908
718.9578
311.144
658.4631
957.7963
742.2018
876.5062
1148.817
337.3935
521.9965
395.7228
544.6201
219.48
3564.163
474.7893
719.0731
438.776
573.22
334.7317
456.6864
1510.304
459.6244
421.3305
301.2084
365.7119
1567.224
569.5138
257.5703
452.4312
245.1474
413.2
297.5839
318.7306
526.485
604.1173
684.9559
751.4801
596.432
1728.679
1866.855
533.9442
604.2898
934.1468
645.1972
1516.19
587.5406
295.8165
340.1872
217.059
741.8186
304.6376
242.4976
594.8318
1265.09
345.1317
529.9032
1307.737
727.9728
488.5597
601.4705
494.9534
790.3292
672.0544
1707.566
366.178
505.6604
780.2041
819.4609
2529.76
544.5215
1839.946
700.6937
662.5675
517.3149
239.0167
571.6033
919.0258
1452.029
354.6517
460.7985
475.5994
252.9424
499.6878
359.3998
343.0567
625.7075
685.8525
335.2914
1001.071
1435.115
221.4221
1211.386
542.043
1841.905
625.1819
382.1097
212.8208
270.1434
253.4907
915.2985
286.7693
572.997
622.7371
571.3916
1414.733
839.3088
466.7609
200.7834
615.29
834.4046
1084.635
957.5089
1028.123
623.2469
