104.4648
102.7549
105.1148
104.8308
106.6252
107.7409
110.738
110.5603
107.8513
105.3647
106.0513
103.6831
102.6572
105.8301
105.6837
103.9373
103.3555
103.5951
104.2798
107.4387
108.8415
105.9833
103.4336
105.269
106.8158
107.2003
105.3198
107.952
107.4978
102.4779
103.4637
103.6765
108.315
109.3131
109.1225
108.9005
108.5033
105.9123
104.0352
104.3709
103.8154
98.90909
100.7767
104.3214
104.9776
103.8733
102.0807
104.5422
107.6049
109.1927
110.0959
112.3227
110.3477
108.1771
108.8279
109.0279
107.7683
107.9052
110.265
110.6288
107.8219
105.6147
104.6787
101.5121
104.5068
102.4067
101.1298
103.3251
104.0807
104.6474
104.2805
103.5225
101.6539
101.7668
102.5256
103.0643
103.5981
105.654
104.9658
103.6724
104.3467
104.8545
105.0806
104.799
105.503
105.6315
107.5436
111.3903
112.062
112.3051
113.9401
112.2089
111.4392
110.3121
110.543
114.8128
110.4851
108.7653
107.2445
105.9365
106.6505
101.4834
98.55146
95.63839
95.20495
99.04146
98.14972
94.19775
96.66936
99.59174
100.8562
102.6651
102.6541
99.69196
102.1024
99.45388
102.0774
102.5682
103.8068
102.0274
103.9683
102.5478
103.7991
102.9683
102.1554
97.92861
96.4237
96.59567
96.91223
100.6452
101.9938
102.397
99.32869
99.75483
98.44723
100.827
103.7052
105.6449
108.6165
108.6521
107.6543
107.7114
107.9389
107.718
104.2489
101.4363
101.7393
103.0125
101.1144
102.8795
103.0547
98.27754
99.06126
100.8634
101.6577
104.1695
104.4082
104.9536
102.9253
101.8873
101.4002
102.9136
103.2048
104.568
102.9441
101.3961
105.1246
108.3599
107.1054
108.3296
108.8418
105.8922
102.8846
101.576
101.8851
98.70104
98.21773
96.10582
97.6182
99.26021
97.2984
95.43222
96.00932
95.21918
96.7415
99.00361
100.5629
100.5865
104.2572
105.4763
103.389
102.953
102.4325
104.0661
104.7457
104.4153
102.7341
99.81873
100.4637
100.3946
102.1538
102.4557
105.6849
105.3028
105.2669
104.3149
105.3158
105.2574
104.2804
107.3057
110.0831
109.4042
108.8348
110.0387
108.2681
107.0803
107.041
103.6807
101.4865
105.8242
104.2007
103.6834
103.8056
102.7991
103.2095
103.1351
103.571
104.2818
102.9074
102.7148
103.0015
102.917
102.5318
102.4046
102.8577
100.0184
97.99518
97.7562
98.44427
99.20929
102.8726
102.9859
100.7333
101.7656
101.7406
100.1344
102.5751
106.5974
108.4388
106.0321
100.1718
103.8141
104.8769
104.3075
104.2215
104.007
102.2633
100.2769
102.2344
99.94884
99.0582
100.2079
102.5173
104.0462
101.5662
104.0603
102.6102
103.4723
100.9166
99.76208
96.81747
100.3186
101.3193
100.7527
98.42494
95.85567
97.37855
96.2192
96.33431
93.52573
91.71786
89.26814
93.2309
92.62021
93.03735
95.17533
96.33015
97.93404
101.0247
104.0521
103.9693
105.315
106.0697
106.2587
105.9716
105.029
107.0462
109.7904
109.1361
106.9112
110.0931
110.4631
112.4137
112.4486
112.0302
112.1659
112.0179
113.1282
112.6261
115.8308
115.0163
115.329
118.3269
119.552
120.977
123.9337
125.6649
125.434
120.7066
121.7107
120.6265
122.2193
121.7889
121.1959
123.8159
120.4946
118.6658
118.5194
116.6654
114.1408
112.4199
109.2162
108.5497
106.1473
107.9255
107.5497
109.6779
106.1086
107.4112
105.5158
102.9657
102.4774
103.5077
104.4093
105.4289
108.7584
112.7749
110.8331
109.1681
108.8102
110.3751
109.817
109.2257
104.2469
107.0587
107.1271
105.5569
104.4781
103.0785
105.2082
106.5372
101.6873
102.4175
104.4445
108.6513
105.5815
104.9841
104.1234
107.3828
109.2096
110.6783
107.7741
106.984
105.362
104.6407
106.5172
108.0353
110.8727
108.5939
111.2175
109.6043
109.634
110.7566
113.6019
111.7153
112.4081
115.2198
116.6911
112.4596
114.8112
113.4398
115.7878
115.4953
112.1602
112.0651
108.5026
109.8454
108.8514
110.51
108.4154
109.477
108.3997
106.2428
106.8096
102.7212
101.9801
102.8883
102.4298
99.48941
100.9414
99.02065
97.49016
100.7793
99.91686
104.5662
104.0119
101.9818
102.2881
101.7572
100.4217
99.91137
99.34645
99.05467
101.7371
100.7592
104.0093
103.6506
103.1119
102.2331
105.6145
105.3513
107.9614
104.5524
104.8484
102.0375
100.1149
99.93015
98.8997
97.72112
96.41677
94.19952
93.05701
94.02498
92.8854
92.805
93.80701
90.94128
88.06073
89.19504
88.8956
89.72467
90.50047
95.43745
94.22912
97.16308
95.7756
95.9772
97.05605
98.23861
99.38406
99.45624
98.9199
99.78323
101.8841
102.4952
101.416
99.91459
99.98113
100.3097
102.1242
105.7495
105.237
105.7793
104.7487
102.005
102.626
101.7601
100.6217
101.1338
100.5165
99.67586
100.2207
102.2554
101.0719
100.5059
103.2747
102.1518
100.3863
102.163
104.6415
105.2526
107.7587
107.607
105.3001
104.0185
102.8346
103.1566
98.77983
97.14072
93.20911
