81.77192
80.83658
82.10412
78.92417
76.55335
79.00747
75.5432
77.59936
75.70078
75.29831
76.3619
77.19323
79.4934
80.53431
75.85195
73.29743
64.78078
65.66369
66.67099
69.80962
69.31339
72.89715
74.36152
75.96047
76.51058
74.65517
77.4836
68.80784
66.74682
63.22844
65.0417
69.40496
72.41931
69.06414
65.95284
62.37515
65.9947
66.98033
67.65389
72.89755
78.76434
82.18456
78.89195
77.00783
75.03748
71.70371
71.57808
72.65256
73.74197
70.95936
70.99477
65.58249
73.27122
75.33099
77.23067
73.2244
71.5658
68.5969
67.74809
67.07705
72.03131
69.17556
71.32154
71.19753
75.75062
75.04812
70.43486
72.3435
75.53276
72.38992
77.54317
75.84437
75.89244
78.94607
80.72603
81.0261
77.8227
82.77796
84.15074
86.21931
86.53826
89.28896
86.11713
90.61429
96.53564
100.8035
100.6541
102.4876
100.9287
96.86735
91.48077
91.49446
90.1879
85.89175
84.91406
84.07151
85.09482
79.96843
79.53642
83.10402
75.73671
78.15199
79.66588
77.99763
81.10635
73.4498
72.87933
73.67006
82.34509
75.64494
76.39363
76.22513
79.46176
79.48634
76.60661
79.04395
79.9273
74.37746
80.45126
76.07935
77.07009
80.06688
86.06136
84.15161
82.62719
83.58799
87.81027
84.73683
87.19243
92.21427
92.48211
87.2791
85.16542
85.96655
84.67388
83.42897
85.23358
90.54695
86.51052
85.80801
78.21685
79.17556
81.44445
84.78605
83.5951
83.3608
87.65414
90.30531
87.65115
88.89831
89.72681
91.97466
95.42387
99.42112
102.4509
99.43183
99.60391
99.57325
100.6188
98.54333
100.8294
97.20118
92.87262
92.43521
94.32891
95.4523
99.30693
97.67277
96.95284
100.0953
105.1462
102.8911
100.595
103.9839
101.8694
100.8835
100.4081
98.86594
97.51562
104.3192
104.4665
100.9196
98.38969
98.66283
101.1777
102.884
100.8563
104.9272
107.6483
104.9955
95.54709
98.15839
95.87071
94.71894
98.122
98.86644
97.39401
90.65882
90.21315
91.38353
89.44792
90.81894
84.78734
84.18357
83.32982
81.61401
78.58961
81.54515
85.05012
82.0133
89.12434
92.09949
88.64245
91.6905
93.57827
93.06118
92.31291
89.59574
87.52126
86.3502
87.25927
83.33276
84.07484
86.88158
87.58955
81.84985
79.08784
83.00265
82.5229
83.96107
82.94584
79.67116
78.37448
85.8247
85.2663
79.93218
75.25232
76.68333
75.37042
74.59547
69.89168
70.98123
76.01071
73.51587
76.79749
81.39457
78.33853
77.76429
75.53817
83.80375
85.59729
87.9989
85.73517
84.09468
81.81623
77.73456
76.2027
77.77454
79.24675
80.94414
79.46965
77.33345
73.33164
72.01344
73.02765
76.53565
77.92274
82.73679
82.67909
88.81489
90.20702
90.9847
92.58412
88.27501
90.34127
83.02826
84.61307
85.68546
81.58252
75.69975
77.96719
75.77798
76.63511
79.73357
83.8443
77.51513
78.98572
78.03887
76.4248
81.31518
84.02353
85.65382
85.02954
83.6225
85.73506
85.72476
91.01091
94.85416
94.53778
98.11906
92.97497
93.85611
89.39289
95.30269
90.749
89.85071
85.4718
87.5555
93.83022
93.75639
87.61862
90.91293
93.42662
96.52266
93.86812
92.11447
87.92946
87.48195
90.4512
90.97605
88.28486
90.6303
96.99511
99.56184
101.8644
98.52694
98.856
99.82343
101.6921
99.99711
96.10084
97.38141
99.12804
104.7261
102.5987
105.9517
104.8852
107.6746
104.596
100.9861
97.07786
96.92004
97.44619
99.61729
101.7721
90.75031
91.75785
83.41568
83.29219
80.70732
79.56286
83.03027
86.10879
86.27711
88.19985
87.37495
86.47483
82.57727
83.56994
79.85709
72.99176
76.28648
79.77459
86.91895
84.95159
86.94936
84.47214
86.34681
84.73433
89.41039
90.99051
86.0181
80.01606
81.38614
79.63651
77.21676
76.58
79.1722
79.16228
79.16371
78.13623
81.11292
88.1514
86.78738
85.9786
86.09347
84.20743
80.38682
84.91218
80.85214
82.67383
87.15012
83.91802
79.12034
75.12612
73.46506
67.37975
65.8711
64.36374
67.52031
69.31603
77.67273
72.70383
73.55364
82.05236
82.75323
83.83442
85.43261
81.66626
78.81987
81.82953
83.72213
90.6812
88.22377
94.08009
90.29924
85.1691
87.7861
89.75966
87.06401
82.34828
84.22762
86.78
87.41908
82.30451
81.8893
81.2265
84.92831
81.38103
86.29995
85.76655
85.04254
84.64631
79.41069
80.03562
78.0114
74.33389
70.7797
66.1982
69.44181
67.01813
73.61126
81.33622
80.75715
78.58313
76.51284
74.11436
73.88488
79.42017
81.44707
88.87414
86.93159
79.24933
81.74197
79.89154
80.33876
80.10794
79.58173
74.40532
76.89844
80.16647
76.88792
72.55879
68.20108
66.60848
60.97392
62.00849
58.8509
61.3668
59.19916
56.6
58.28181
59.13314
57.07061
57.19347
59.77728
65.14771
68.64284
67.64104
64.32418
64.89489
64.34524
66.94565
73.79038
75.21654
72.81722
78.1318
70.90769
70.54143
68.74654
63.29078
63.85357
69.73711
71.35181
70.69744
72.64204
76.04702
73.0906
73.34547
73.04283
