731.3093
620.2065
651.2947
2889.356
918.6496
1045.311
697.2194
682.0507
802.6375
1120.431
1323.176
909.5465
596.772
1370.568
1539.738
553.7525
1693.286
663.0646
654.1866
1143.437
1064.869
842.495
1312.802
787.0192
362.203
968.6174
774.6053
2643.181
902.9846
459.3972
573.3808
759.2328
795.6695
1085.7
1055.685
1443.526
862.2105
935.6761
1298.437
931.784
999.4095
1193.171
835.725
450.6683
1383.771
552.0863
498.1896
782.2738
884.3174
1582.168
620.1092
754.9071
816.8896
1335.34
545.8398
1340.321
1597.012
1066.615
1453.157
1060.91
1211.128
1320.171
738.34
620.4882
855.9628
599.8243
994.1921
931.8207
1290.718
413.6051
4154.732
881.8974
1407.07
682.4445
681.6872
1130.353
1369.703
988.0648
901.3407
461.0149
875.8148
1082.392
1455.252
5299.603
3027.257
1209.928
829.2298
1201.402
696.3026
836.402
841.2907
740.8196
1116.667
993.9102
582.5916
1721.448
568.8126
481.6406
265.2976
843.467
1651.294
667.1891
465.9438
2532.847
1601.531
898.5136
1446.07
810.5103
1094.454
1310.176
947.0112
669.2714
718.1181
447.872
499.509
1100.239
974.1671
888.2342
807.0301
541.6945
341.5986
649.2394
961.9366
764.5423
540.8853
689.6304
525.6796
823.507
742.9915
1433.421
1031.841
1989.881
831.4553
5930.854
959.6011
1942.655
944.053
1021.34
1215.094
1713.162
862.7317
1626.56
652.5473
512.8955
1011.244
2323.942
2991.812
868.5548
941.2632
1189.625
687.1878
676.7115
356.9677
2542.95
1079.776
1451.855
2315.994
1242.991
1633.748
643.2508
933.8115
672.3076
549.0011
1398.764
1284.612
953.4673
1508.388
611.812
1587.107
1752.348
1093.085
1615.137
919.9611
297.4718
843.1556
840.4501
841.7219
524.4606
502.2086
633.275
724.5318
777.1381
1295.3
1122.738
1731.597
712.0889
1841.693
1355.997
1394.442
980.0838
584.3832
1097.826
2753.43
1098.496
2214.652
1300.204
674.2237
2801.527
1030.13
911.3797
1284.63
963.7385
1621.003
598.3303
968.7327
579.2657
1312.638
1524.793
1742.901
822.9983
854.8808
832.2
2587.785
607.5766
449.6604
1291.866
781.067
376.7283
2879.033
1130.817
2148.079
1072.999
1534.636
1001.867
910.8001
615.2145
468.3597
357.0944
616.9557
1631.421
1065.933
3872.309
282.0802
839.6461
1225.49
917.5426
731.4372
1360.919
606.3643
659.1432
4115.241
789.4324
1955.633
768.9594
1021.037
491.1376
789.7705
1315.073
1116.495
455.9111
640.7387
739.6648
1058.544
614.8545
3532.923
1405.068
668.6706
4043.242
487.1519
1128.15
622.4752
1735.935
1955.286
789.3311
930.3624
927.1142
869.5988
532.9265
1031.964
1059.215
1078.367
591.7137
1875.09
808.1483
684.8967
704.2936
814.4765
695.7216
673.0109
1822.443
769.0638
1186.706
2385.504
849.8598
1141.713
1242.838
786.0936
892.3703
2879.818
512.5461
1159.285
1364.195
952.3427
467.4334
679.101
1036.828
680.8724
2309.439
866.0994
1288.526
963.5326
607.3709
1272.663
655.0238
850.4345
770.9623
2076.127
315.719
1844.879
1117.745
866.3439
1295.535
710.4832
1178.202
1241.74
944.2975
821.9566
612.2062
971.6719
2295.585
1013
1598.419
782.3509
745.0977
679.5391
1101.078
585.1207
1560.205
755.7404
1386.348
2173.161
549.1855
681.0885
995.6645
1352.993
1430.453
964.1644
719.2258
2122.861
1078.266
1106.112
1226.586
779.4668
1906.39
1519.125
2384.909
1208.921
898.2754
1312.65
479.1251
503.1305
1321.66
1549.273
795.0418
463.5629
565.4874
855.6791
834.8509
1232.454
2046.756
1206.284
2478.97
3076.521
2017.117
467.006
913.845
1986.742
684.2407
977.4705
608.3387
498.2658
754.3798
1227.62
694.35
479.2978
899.5354
711.4301
1180.565
1006.343
1688.363
749.5015
723.9363
650.1082
1148.179
1140.135
1148.757
1350.061
769.3198
1466.959
661.9301
1036.716
805.4263
1153.947
1031.794
849.8216
1060.958
806.0089
801.3709
1002.946
1040.816
936.2303
1519.39
712.5619
994.6991
1250.201
798.7319
965.1909
712.4925
583.447
1072.006
1751.153
1245.507
443.425
597.2991
1411.49
1390.755
2079.859
504.3759
1227.239
2102.523
517.3085
1454.461
414.6378
676.8979
1288.626
1243.914
552.5697
472.8397
548.1105
771.9032
575.0802
887.5355
1930.355
1114.544
426.5666
1099.04
724.8349
718.964
457.6389
925.3777
346.7451
865.2519
940.4735
2289.508
680.2389
1837.762
1357.319
1273.693
1106.856
1102.167
770.2567
623.933
934.6941
495.2908
1159.105
710.8805
564.6161
1303.374
689.5065
2172.239
2101.312
1003.241
633.8869
1126.278
717.9676
1206.465
1307.818
671.327
1453.141
703.7674
961.7955
802.9899
615.7368
3077.513
894.6978
647.3373
964.6835
451.513
1285.767
1173.062
539.739
396.1327
3583.742
1291.098
1042.168
573.219
862.0386
1031.699
507.9563
688.1079
1843.589
621.6783
616.827
679.2248
878.3251
868.6206
652.405
1415.606
989.9727
877.1007
