57.31527
56.46549
60.68064
62.05984
52.98434
58.10076
54.06564
60.10093
53.46649
55.79952
60.72375
57.31759
52.49249
67.9576
59.60554
58.66712
65.63454
56.77593
54.00772
58.17951
55.54444
64.11799
64.53946
53.19892
60.45101
65.05723
61.53763
58.2273
58.95133
55.64715
52.61374
62.68044
61.58718
57.27547
55.55211
54.28041
53.54837
55.76364
62.74464
61.75872
56.56887
58.79596
57.61968
57.99833
58.60036
65.2429
55.49833
66.34972
58.57428
60.24575
55.82264
56.95962
59.32689
60.39412
57.28463
63.69598
57.43201
58.40832
61.38928
57.64319
57.38331
56.89347
61.35389
54.66589
56.88704
54.91227
58.63846
60.26156
55.1511
56.5946
55.6025
54.37069
56.1079
61.26094
56.32744
60.02892
56.81415
56.70405
58.47862
61.32098
58.69755
59.62731
52.43209
57.58278
53.81681
58.95873
57.41326
56.60634
56.91368
57.47498
56.06332
60.82699
54.30213
60.56408
61.11303
58.84678
56.64613
57.44296
54.91521
56.69264
60.09537
60.21143
62.95548
55.23426
57.37547
56.25373
57.29159
56.48255
57.4529
55.23793
57.36522
52.49984
56.12869
52.16531
62.87256
60.43819
54.7018
54.09486
59.60434
59.20016
55.2525
55.95561
52.78118
64.05673
57.22189
57.96261
57.89805
60.12656
61.08489
63.07985
61.20213
62.30442
56.66385
63.34142
57.9731
62.34504
52.87095
60.67576
57.47507
56.87818
56.44508
60.55364
59.08217
59.34859
58.07418
54.21098
66.01673
59.3938
64.47131
73.88268
53.55106
55.32891
58.36607
56.84669
54.93225
58.54561
57.28122
48.92298
65.34149
59.15016
53.47348
63.24918
56.69414
55.44551
65.52474
57.91755
55.51303
61.03042
61.75409
60.00351
59.65029
57.05427
53.90545
59.59785
62.52115
56.45667
57.89245
61.61651
57.51665
59.46307
60.571
57.82733
62.04216
58.15753
59.22565
58.91646
56.48953
59.00523
54.13346
51.78486
59.92505
57.25127
57.77646
56.93304
52.81154
57.31599
57.29986
56.31474
56.93848
62.4023
59.93615
57.85506
60.68824
60.37222
60.30238
56.91793
58.14991
57.17363
57.06831
56.00442
66.46969
55.91493
54.53509
56.03282
64.20715
59.30898
55.68224
58.49613
59.09425
58.32905
65.74355
57.486
62.91123
54.59282
59.25968
50.83071
63.97283
54.66684
59.33899
58.35025
58.7057
57.28597
60.1443
54.43928
54.31044
59.67184
61.56533
60.35441
58.76955
56.20015
58.82916
55.00479
55.18669
53.0872
59.2931
60.11298
51.39091
54.71812
56.98802
56.48539
66.6667
59.96871
55.08147
54.59776
54.08045
56.44042
63.20636
60.57564
52.30336
54.62583
58.21312
61.99125
54.95949
58.27161
61.88997
51.36767
57.27014
57.50392
58.39251
58.6966
54.55327
65.85749
52.81515
58.12985
60.27746
58.09668
57.07919
50.84056
64.87375
54.07199
55.95007
63.50776
63.9191
56.92859
58.64519
58.41033
63.02669
55.24002
65.36115
56.43248
57.08381
60.94951
57.13083
57.93163
58.86235
54.423
55.7587
55.21612
57.74563
52.0181
56.99618
61.79466
59.28822
59.77148
62.325
56.52949
57.10266
52.2789
56.75672
60.11629
55.09657
63.03964
58.60437
58.06819
60.37456
58.57777
58.87791
56.55592
56.71769
58.72761
52.398
54.27857
58.7351
57.71221
56.83897
65.52219
60.30136
56.67739
60.03466
57.14072
61.83107
59.37621
59.7976
71.8187
59.45283
58.24251
56.19405
56.49824
58.37562
57.19903
55.66245
66.04762
59.1055
57.90718
66.75834
58.02837
56.62642
53.38839
56.41099
59.10389
54.62821
63.5776
53.62168
54.18344
59.33578
54.77432
54.30991
55.05833
56.60844
64.48268
56.48361
55.04306
56.20556
60.91199
55.09332
53.81534
68.4182
63.14187
60.37018
53.54026
59.47367
59.73983
55.85616
55.16639
51.66856
55.70845
63.34921
63.76873
56.51442
53.31563
58.40569
62.22344
61.61046
59.70629
58.49378
54.70632
60.96412
57.0314
58.76947
58.18201
62.95774
58.44638
59.6144
59.45325
56.78229
59.42157
64.12336
57.79005
65.35625
64.84364
60.89944
56.95409
59.32642
55.7299
58.68329
56.69303
55.602
58.53059
60.08971
58.56675
60.46241
59.8664
62.30086
55.72367
57.69772
54.31422
57.33467
56.74471
55.363
55.35477
61.64898
61.95694
53.92724
57.15661
63.19196
57.27341
67.34685
58.91246
61.39898
62.86419
56.32903
58.37213
59.56557
63.11984
52.10848
59.9341
59.33308
54.5045
56.60681
54.2552
60.84112
52.49331
56.70705
59.07977
60.52497
55.13185
57.37522
60.47073
58.47399
63.57579
55.84633
54.29931
59.24715
62.01973
62.1666
58.63266
54.85786
58.95229
60.74296
59.99742
51.5032
58.51523
59.03843
57.34259
56.77134
62.68017
58.60708
57.11702
58.76345
58.5889
55.43095
53.30967
58.25875
62.56919
59.08726
50.24992
56.75785
55.42029
60.12998
56.21177
58.76989
60.71178
63.16231
61.30815
57.26316
56.84099
58.81125
60.56638
55.74464
52.60979
55.07715
63.13417
59.47046
59.56736
59.96578
59.97934
53.85294
59.09322
61.20533
57.40656
