83.95698
80.49571
79.20727
79.458
73.80444
75.80947
75.58082
79.28418
76.79956
84.0656
84.29982
86.63706
80.10403
76.19208
76.6737
84.76751
80.36165
80.99566
76.95294
80.06962
70.65577
79.40434
78.06485
79.04792
78.42373
79.59356
75.59582
78.57644
70.47711
77.31982
74.26577
79.363
69.66381
78.36663
82.91275
72.50816
75.34259
79.65215
78.70527
81.38855
77.77733
77.63601
75.27108
72.58368
73.16554
80.28553
74.74325
70.68102
70.49079
77.9003
76.64187
77.98207
74.84857
70.68339
76.00947
80.92761
81.35707
84.77837
72.69538
75.55612
70.74733
77.34149
79.34594
79.14873
78.0249
77.19384
74.27763
77.80159
75.98009
78.79221
85.10152
82.14023
82.29395
79.17754
79.31779
81.35645
80.50345
83.96152
77.84253
80.96777
75.60497
74.2491
80.59929
85.31229
80.70758
81.74516
87.43935
79.14655
72.7541
72.96938
83.07371
85.85486
85.31231
90.3558
83.30471
81.92471
76.00253
81.8529
85.67547
83.65546
75.67467
71.50192
80.00333
74.83036
77.12725
76.53047
78.19924
77.39767
69.77675
74.49808
77.99759
75.49729
74.3108
70.493
73.75067
82.71546
81.95412
75.53956
76.62193
82.81738
81.27708
79.56186
76.12591
71.57815
70.2722
64.79865
72.43094
74.70833
76.11562
69.31965
74.37777
74.77004
75.52556
76.72432
73.63343
78.14037
79.77422
77.0584
72.25187
78.63969
80.3632
83.56958
81.57995
77.99848
74.84968
73.12443
70.64221
74.29062
82.01197
82.05765
78.53204
78.92909
76.33871
79.66116
81.94375
84.40167
82.80613
81.63606
77.95646
75.33869
78.25079
80.08585
81.83932
71.77909
77.47035
75.99039
76.60865
81.65672
81.93092
82.80267
76.63982
80.07189
72.06222
81.80575
75.25411
70.86437
74.30489
79.64729
82.54214
80.00329
81.30165
77.3257
80.528
76.42405
77.31026
79.03821
72.31895
72.96682
70.89684
73.05425
72.50907
80.86693
77.56121
77.09439
82.90737
80.93757
79.51634
80.15158
85.85389
85.1524
84.79428
82.52373
78.82549
70.92152
77.83862
80.15242
76.07131
76.43969
69.13566
61.07254
79.16043
79.76753
77.29183
71.59994
73.36561
73.18805
80.07912
82.51537
82.2441
79.84445
81.50207
81.54022
80.94715
73.79203
74.55835
73.94157
68.15098
74.71209
80.64253
80.4668
79.13898
80.14529
78.46531
80.4881
85.57348
79.3053
84.54905
81.40471
83.48607
84.97613
81.41037
83.65562
73.62374
75.33893
78.18109
75.93672
82.34951
78.57827
76.54654
75.69414
83.51153
76.29043
73.22259
74.81428
79.3518
79.36409
71.54222
75.35032
78.03648
78.83309
79.11457
84.24352
72.88536
61.48983
68.11022
73.32537
75.01012
80.80563
86.06912
90.90315
90.6284
84.12133
80.42806
77.02771
76.89129
81.46284
76.57431
78.52664
77.34679
76.98878
76.4024
79.10857
81.56477
82.19382
83.18888
84.90665
88.5281
79.49705
80.75279
81.31498
80.83283
78.79167
75.45063
72.04634
70.43063
72.36032
77.0464
77.95529
77.90375
77.25327
76.26475
74.36481
76.89873
73.34941
77.52023
75.31058
77.05129
80.17892
75.56386
76.45059
72.91997
76.08231
76.4824
80.9674
74.53012
65.69606
70.4646
78.05641
72.61613
76.11123
81.02575
76.90966
80.58798
77.02541
74.50523
74.39237
81.5242
81.99621
82.0358
74.74965
71.77528
76.89053
77.09233
74.53872
79.88111
77.18387
73.40556
68.26598
75.43922
81.52592
79.55149
74.88635
74.71779
80.49958
77.33724
75.87576
75.10018
81.06569
78.7967
76.61786
77.82354
80.83591
78.33406
76.63628
80.21086
82.89707
84.49166
79.80476
79.96863
77.76715
81.89305
86.58216
73.14239
80.882
80.29859
79.9138
85.05558
83.39833
82.17068
82.24503
86.31844
90.5422
84.95245
85.14337
84.32458
78.22901
81.04659
79.31981
78.94803
75.67998
77.28066
83.42489
86.45933
89.966
84.57284
81.60241
78.25952
76.99323
75.55544
81.49241
84.52395
82.86514
79.14537
72.81788
70.79081
75.20136
72.67337
72.72565
76.6354
69.4711
81.91067
76.20016
73.07964
72.6482
76.114
71.20601
76.81686
80.91587
73.15264
79.79257
88.65067
84.25527
76.27712
72.1487
71.69192
74.90514
76.43327
82.98232
82.02895
69.19548
69.76292
70.39964
74.46397
77.61638
78.41203
82.7925
74.23367
77.75621
77.83785
77.94626
76.7718
85.38076
80.42771
77.53547
74.98992
77.86241
82.00354
77.2951
77.65882
79.08007
79.82432
77.7034
82.21717
82.52374
74.47198
79.15464
78.6148
70.67365
73.81584
79.13641
76.10478
76.33693
79.99545
81.94207
76.5322
77.77726
83.63144
73.04599
71.60982
70.97435
77.09103
75.3564
77.39466
84.09109
81.05216
79.63751
75.75119
74.54589
73.96733
74.54428
77.54203
72.16672
73.55028
73.6353
83.35139
77.31476
78.97996
81.42896
81.30454
74.62555
76.04024
78.82857
81.5876
85.32783
86.55315
79.88932
84.14957
85.713
83.81342
72.59478
76.44719
78.86673
73.55503
81.91423
79.23625
78.92079
78.80704
78.63057
84.23668
89.79538
