102.8745
103.067
104.1518
103.6265
103.6905
103.8941
103.6675
102.9756
103.7642
103.3741
103.4397
103.6325
103.5913
104.7593
104.5354
103.32
102.4363
102.0741
102.4402
102.3765
102.4417
102.3838
102.5397
102.1732
102.1922
102.2121
101.9396
102.2597
102.2181
102.0428
102.2908
102.7948
103.4995
103.2007
103.0225
102.7346
102.6215
101.9039
101.7742
101.8378
101.3223
102.6135
103.123
103.5399
102.6804
102.3839
102.4974
101.4223
101.2079
100.962
100.3797
101.1445
100.551
100.4164
100.6257
100.5375
99.59774
99.40992
99.16156
98.32425
97.33987
97.68181
97.45446
97.43609
97.09596
97.24387
97.04443
97.41199
97.58284
97.0787
96.53021
96.04076
95.47132
94.83747
94.91261
95.73215
95.23312
94.91101
95.37188
96.06134
95.52883
95.37427
95.88323
95.6441
95.22412
95.34067
95.124
95.04125
94.28772
93.44164
93.61307
94.04618
94.72016
93.89195
93.98216
94.05196
93.86022
95.11872
95.38787
94.64334
94.60472
93.77959
94.10146
95.08235
94.7916
95.22141
95.43962
95.87633
95.82071
96.23769
96.5111
96.36319
97.18264
97.72364
97.90885
98.14656
98.75277
98.32823
98.3401
97.79844
97.72694
98.23155
97.38593
97.0854
97.19284
97.81173
97.66705
97.58262
97.96543
98.27422
99.40391
99.37839
99.40757
100.0315
99.99343
99.39181
99.36056
98.95129
98.48031
98.71415
98.92655
99.36967
99.91602
99.43231
99.45532
99.88845
99.38557
98.89585
99.17535
99.65406
100.1249
100.2309
100.2054
100.2805
101.1089
101.9464
102.0933
102.2649
102.0534
101.701
101.519
101.5591
101.7985
102.0808
101.7121
102.3214
102.4356
102.2732
102.2311
101.9757
102.5719
103.846
103.5196
104.2954
103.8533
103.6387
103.9074
103.8728
104.3032
103.9716
103.8284
103.8482
103.0964
102.7771
102.4188
102.9596
102.8608
102.6652
102.7908
103.1809
103.058
102.9618
103.6476
103.5316
104.5099
103.7037
104.2479
104.4398
104.0711
104.6591
104.5596
104.4097
104.2796
104.2167
103.4272
103.0126
101.7879
102.0549
102.298
102.4095
102.196
103.0094
102.3314
102.6808
102.0762
102.0608
100.7827
100.7829
100.8028
100.5019
100.7011
100.2708
100.4814
100.0235
100.0309
100.5251
100.49
100.5562
100.5708
100.6918
100.9996
100.9109
101.4215
100.9245
100.3814
100.4364
100.7209
100.619
100.479
99.96765
99.53483
99.79899
100.5048
100.2197
100.1664
99.9244
99.98785
100.1275
100.0725
100.1758
100.337
100.332
100.3486
100.1582
99.92778
100.0615
100.2938
100.8924
100.7678
100.1467
99.88321
99.96399
100.2937
100.9359
101.3713
102.1069
102.4269
102.7536
102.4313
102.0793
102.4861
101.8584
102.4453
102.6636
102.2488
102.3969
102.5421
102.6552
102.0244
103.0575
103.8661
104.5819
104.537
104.0304
104.1261
104.5984
104.59
105.0501
105.273
105.5755
106.3114
106.5538
106.0501
105.8504
106.2609
106.3413
106.644
107.1889
107.1515
106.6943
107.6309
107.7212
107.4125
106.8959
107.0881
107.3018
107.1858
107.1259
107.9534
108.17
108.0799
107.9112
107.465
107.7501
108.0764
108.2344
108.841
108.6632
107.7442
108.5847
108.6407
108.6885
108.1071
107.7678
107.8079
107.9185
107.9399
108.2246
109.0193
108.9061
109.1284
109.0616
109.8609
110.0969
110.2864
110.329
110.3756
110.1312
109.6719
108.5543
107.8649
107.2706
106.9121
107.2875
107.2501
107.3422
107.4134
107.6321
107.1886
108.0366
108.3756
108.4617
108.0523
107.9345
107.2061
108.0888
107.9508
107.8275
107.7611
107.8191
107.5367
108.1956
108.6187
109.2021
109.1579
109.0171
109.8475
109.8711
109.7923
109.435
108.9302
108.8532
108.8499
108.5552
109.1546
109.5813
109.7071
109.2803
109.1974
109.32
109.5534
108.9637
109.5524
109.0243
108.8853
108.1362
107.9452
107.8269
107.3641
107.3342
108.0005
107.6368
108.3883
108.2247
108.4699
108.8251
108.7542
109.1628
108.0394
108.7275
108.7956
107.7943
107.6273
107.9627
108.4101
107.3157
106.7664
107.3827
106.7434
106.779
106.0702
106.4207
106.3949
106.1975
106.2389
105.773
105.8109
105.4964
105.6677
106.0308
106.1206
106.0328
106.0362
106.762
105.9627
106.2037
105.7875
106.1336
106.5113
105.864
105.599
105.7602
106.2172
105.842
105.9318
106.0723
105.8888
105.7879
105.8365
106.1791
106.4099
106.0104
106.8649
108.0105
107.5886
107.7462
108.2863
107.6032
107.9451
107.1332
107.0237
107.5931
108.6437
108.5073
108.6034
108.5008
108.4769
107.7972
107.2531
107.7407
107.3634
106.5201
106.1126
106.2409
106.3794
106.5005
106.7479
106.2139
107.18
107.6885
107.4106
107.6265
107.083
107.8697
108.1107
107.7718
107.3271
107.6747
108.5901
108.8152
109.3786
110.2231
109.7826
109.2053
109.8293
109.7911
109.2563
108.8563
108.448
109.0386
109.1601
109.963
109.876
109.1247
109.1383
108.9424
109.1353
109.3936
109.3259
108.2502
