44.34059
46.69451
49.8154
54.85034
51.1319
45.32419
47.45851
47.00353
51.4758
52.24988
48.12871
47.44916
53.81808
49.8582
47.78745
47.21915
48.2741
46.9648
48.08852
50.1563
51.92434
49.62121
42.00934
48.34195
41.00302
47.18272
50.84413
44.68781
49.70734
52.75201
45.91798
46.41916
47.33159
46.93874
47.8716
45.42976
47.48568
45.70032
49.64139
46.70997
47.87635
42.15847
50.44218
48.60223
55.37251
47.30699
47.47322
47.77844
46.09566
47.26697
44.04921
41.3037
50.80839
40.296
50.13111
52.53407
47.07681
49.08145
46.9044
48.85974
47.4093
47.78502
46.06016
45.51924
51.3156
45.34638
44.50225
45.25673
48.22
47.25736
54.52849
47.19259
43.57346
44.12299
47.19512
49.30772
46.37609
50.34692
49.59107
43.46702
49.48966
49.06848
47.10484
47.2269
45.80237
46.0688
54.70696
46.8677
50.73821
46.47847
47.50944
45.33303
45.94801
53.70964
46.4055
45.39142
49.47904
49.6073
46.77578
52.55516
48.07994
47.52111
43.11642
50.18475
55.04781
45.89166
50.71589
52.20008
44.98443
42.53463
43.88616
46.39589
45.90808
52.72877
42.899
53.16626
46.99202
46.05666
48.15743
48.09802
43.66719
47.13843
47.93953
45.50415
44.39324
50.08586
46.0694
47.42733
49.19158
50.8897
51.49589
45.26962
49.5977
46.85342
45.7219
49.50379
47.17938
44.67802
47.53498
42.29293
47.60504
45.48225
49.37579
49.62115
51.13011
46.93505
45.67413
49.25035
46.81027
47.49191
47.37177
41.69372
53.79976
42.63355
46.11222
47.40281
54.20256
53.8322
52.3866
50.92666
37.03965
49.34122
45.95754
52.2617
45.41718
51.05924
49.45469
52.38439
43.70715
43.03116
49.98384
54.17712
52.70826
53.79046
47.64061
49.42645
47.09682
42.39449
45.32388
41.51576
46.04238
50.42082
49.72981
44.15614
45.13486
50.03236
51.75951
52.8826
49.58358
55.73092
45.75606
45.81543
40.25999
45.44626
49.9348
48.79772
44.41726
48.04127
46.66047
45.99836
45.99432
49.13758
47.43948
51.50204
47.89962
47.91489
45.30662
43.19624
54.38267
54.00768
46.2234
49.41519
49.75647
48.86504
47.31409
45.45301
44.38499
47.3253
50.55544
45.57914
51.12277
52.78054
45.98973
42.3974
54.08395
44.73368
47.60364
45.02016
42.19575
47.20909
50.15489
47.33861
44.9444
46.23088
48.87229
50.11466
49.38959
47.54665
44.43467
50.1088
52.29671
45.24211
49.10287
50.40809
45.95559
53.87319
45.4989
44.92875
49.75446
52.49046
45.7538
44.69561
50.09521
43.9218
47.50609
43.56298
54.14779
46.5894
41.63521
47.26173
44.50184
50.06203
46.84666
46.06635
44.9625
46.9092
45.92609
48.51036
48.00806
55.05004
47.07971
49.37422
45.21696
48.96983
48.66658
48.08642
50.82109
49.40364
42.75479
50.11512
49.48688
46.72334
50.31718
51.65741
47.6812
48.40289
52.79212
50.63824
48.79042
49.42989
44.98715
47.72268
47.53815
52.10843
50.02746
47.19083
50.64609
48.76392
45.4175
48.21794
45.58223
42.26644
46.91009
48.13534
50.12038
43.2367
45.72585
51.16359
43.62361
47.44718
42.41719
44.67421
42.02687
42.84765
43.78554
45.01398
46.93658
43.30555
45.7311
42.038
50.18013
54.03273
45.83614
44.44291
45.95545
47.00356
50.29585
43.72884
43.68846
40.20808
40.85811
43.28018
47.27193
44.05158
45.48928
53.5214
43.08134
47.41771
49.2253
47.51511
44.77356
50.37558
46.58429
52.92079
52.05521
44.25437
41.10654
49.1553
47.32684
50.48469
48.58249
53.74088
43.16235
44.97631
43.28101
50.79891
48.03072
43.25805
51.82645
52.83665
47.42682
57.53493
50.64619
48.03551
50.73779
44.49553
45.94138
51.17934
50.43612
48.05248
45.38896
42.47455
52.99598
53.85181
43.52277
43.54084
50.63422
58.03969
45.68184
44.71005
51.18447
46.71907
49.38691
50.5076
47.3693
49.81385
47.36647
52.65608
41.63176
46.27968
43.85691
51.46296
44.85719
41.92428
42.76777
38.95626
39.77814
51.81463
44.47567
48.64987
45.4659
47.73776
46.31054
50.6741
44.5031
45.02751
46.42473
48.67133
42.89317
42.69282
44.93492
47.65268
45.422
47.2128
44.16131
39.47795
49.49765
46.22474
47.42486
50.78982
47.79042
52.93217
48.86408
49.75237
58.82235
45.42143
46.58796
47.48717
43.59933
48.69564
47.38776
45.86098
47.20902
50.84071
53.81249
43.97168
45.46241
48.12847
42.74247
54.38219
52.07441
45.01967
50.04941
48.76173
51.38464
52.41425
48.60668
45.3629
45.5034
41.71277
53.9198
50.42042
51.06158
43.2157
47.93624
48.88477
49.87991
54.63565
45.51922
54.89497
46.5516
50.69158
45.3059
41.05655
54.42807
46.61732
46.95697
50.05707
45.47385
46.30344
46.44066
48.12444
43.29723
43.49291
46.04921
42.10079
49.89642
56.16441
44.44257
52.29217
48.09967
47.97363
47.14275
41.56397
42.29316
44.25037
50.03019
50.02491
40.995
42.82107
48.33473
55.43053
41.04649
46.54019
43.86794
41.54682
49.9765
42.34596
52.03048
49.14369
