0.713966
0.5756756
1.551157
1.639884
1.085482
0.6580812
0.784102
1.557014
1.021788
0.9407593
0.9383989
9.444769
2.715504
1.54006
0.7419238
1.107382
1.332072
1.007635
2.821988
2.41958
0.8657129
0.7193986
1.787089
0.4019194
1.361013
0.2523823
0.5776491
1.297713
0.6933232
0.8168632
0.5956125
1.547036
2.689445
1.405686
1.398893
1.148297
0.9725469
0.9625885
0.4220556
0.5961205
3.467403
0.4178319
1.316823
0.4160937
0.5622684
1.10455
3.713618
3.60199
0.7420732
0.4455698
0.6064611
1.178532
0.7973035
0.5452563
0.3297746
0.7212277
3.886157
1.485403
1.558427
0.8776975
0.8850548
1.078038
1.649992
1.605656
1.416863
0.5510141
0.4408475
0.901707
0.8070753
0.873564
0.3638662
1.465157
0.5718204
1.164318
0.7661677
1.446708
0.8169116
0.4710629
0.9018665
0.7922764
0.4085183
1.775152
0.8429387
1.063586
2.966507
1.068818
0.7055885
1.065014
0.9454757
0.7218287
0.8385374
0.3301891
3.463806
1.10904
2.618984
1.025421
1.160266
2.714183
2.300077
0.6179287
1.781625
1.742054
1.126147
0.4335301
0.5070655
0.899684
1.162558
0.5954233
0.4151198
0.4732478
0.3747352
0.265273
1.425181
0.9840874
0.4157909
1.075868
0.5488276
0.4952476
0.1423802
0.8732657
1.212257
0.491819
1.308327
0.7051373
1.659602
9.331365
0.8313879
0.729058
0.476204
0.7457353
2.838226
0.8899506
0.9816945
1.377804
1.806297
2.431192
0.9802192
1.600837
1.317267
0.6554497
1.392372
0.503827
0.8416235
0.7884434
0.774233
0.936698
0.8876203
2.883126
3.772943
1.03551
1.411654
0.6592501
0.3728694
0.9274553
3.667984
2.931745
1.347757
3.258837
1.463919
0.8353536
0.4639577
0.6072323
0.7024214
0.6347562
0.4120666
0.874145
0.6256912
0.7202406
0.7019827
0.9397409
0.60497
2.996227
0.8123807
1.006405
1.546007
0.4739399
0.9601539
1.365578
0.8367334
0.2329822
0.9569163
0.3845536
0.3283055
3.035107
0.9161686
0.4660079
0.3115105
1.643583
0.6706215
1.237049
3.285558
6.237683
0.744605
0.6478123
1.154549
0.5942285
0.7610776
2.434556
1.475994
3.180328
2.21539
0.6597413
1.634675
0.8984089
0.7234574
1.551284
1.089404
0.5407956
0.7488187
0.905224
1.86174
5.087705
0.8770515
2.454733
0.4872554
1.126938
0.3898637
0.5467013
0.255014
0.6792659
3.3458
0.6638356
1.845072
0.4743518
0.8318195
0.9794797
0.4156007
1.068215
0.379546
1.130877
0.1608562
0.4739406
0.671031
0.7338592
1.355764
0.6954811
1.435263
0.5464312
0.8347443
0.6270401
0.5747518
0.7544979
1.04322
0.3328913
2.273744
1.332111
0.909716
1.029326
1.234794
0.4751241
1.044443
1.288225
0.321194
0.3491328
1.422579
0.6137613
1.204496
0.4798962
0.4807156
0.9675496
0.8981265
1.173101
1.055367
2.702605
0.3969776
0.3408799
0.6205442
3.924779
1.486414
0.8126061
1.395532
1.529343
0.6486603
1.05166
0.7437262
1.295715
0.3959174
1.978767
0.485755
2.110707
2.818716
1.392957
2.087952
0.4712536
1.958655
1.173331
0.4547459
0.50105
1.046173
2.468528
1.298946
2.259715
0.4345721
0.6219915
3.308525
0.3161701
2.157884
0.5183703
2.146184
0.8054346
0.8238552
0.8842421
0.5222994
1.08314
2.389142
0.4348905
0.730156
0.9832529
0.841374
0.3739293
0.8272238
0.5204136
0.6119859
0.34559
0.9985313
0.5031973
1.138247
0.5968417
1.347947
1.374139
0.9420617
0.5094151
0.954313
0.9208227
1.001521
1.598418
0.4457634
0.3534949
2.207669
5.211764
2.747593
2.182622
0.5245559
6.455233
1.797095
5.529731
9.159583
0.9628363
0.625937
1.593161
0.7233632
1.234648
0.4915028
0.5098378
0.6304292
0.7797392
0.3133923
0.7584147
0.3150362
0.3104468
0.8367597
0.5237139
1.509935
1.197848
0.5353966
2.2479
1.017526
0.9385565
0.487718
0.8173217
1.145535
1.203331
0.6194143
1.259088
0.6021403
0.7871746
0.268952
0.6095359
2.374846
0.650796
0.4490841
0.6270541
0.6861367
0.4075934
0.7162254
1.412558
0.447479
1.19384
1.587675
0.4223809
1.57853
0.5255558
0.9998729
0.7097124
1.097039
1.701676
0.6946306
0.6943586
1.21847
1.95918
4.098636
0.9440989
2.099129
0.2536128
2.163653
0.6701273
0.5253386
0.525313
0.9292225
0.7757585
1.957406
0.9964439
0.3633539
0.8839746
0.9664777
1.633931
0.4594235
0.7684136
1.900647
0.3671586
0.4541898
0.539445
2.28978
0.6596219
1.038337
2.943053
0.7753379
1.6613
0.3741069
1.284474
0.5886416
0.4826773
1.173073
0.2926993
0.7909823
0.7898607
1.423116
0.9897594
0.8150893
0.3204111
1.660437
0.5967978
2.538286
1.008241
1.334159
0.3264961
2.875052
0.5214304
0.7383604
2.795248
3.423101
0.2728922
0.2785011
1.271659
1.032926
0.3407229
0.3974398
2.345789
0.6492106
0.7116169
0.5593303
0.3835905
0.6105079
1.703984
2.278162
1.391146
0.4754174
0.7062903
0.4752097
1.110738
0.342837
0.5109715
0.9432002
1.522446
1.01277
1.529499
0.5091682
1.308109
1.289788
0.5595157
1.88551
0.665855
0.5716479
2.345504
1.911956
1.711273
1.248158
0.8791757
1.325805
0.6639936
0.9640146
0.600663
0.5448785
0.5105777
0.780129
0.8308142
0.5618182
0.7941852
0.4078195
2.290393
0.8212191
0.6298448
0.3455741
1.551223
1.150433
0.5704518
0.2804645
1.830937
1.342197
0.3395308
