307.492
306.25
123.1231
229.7676
165.7631
137.3722
137.8266
313.358
131.8745
143.8892
257.4605
443.1244
154.0924
167.625
121.7995
158.1128
337.7592
143.0784
260.5893
104.4779
159.7562
101.0944
228.0423
201.8427
139.994
99.90615
132.5792
116.0158
204.3741
265.8247
51.85925
169.9224
125.1418
92.70685
208.437
178.3421
165.614
75.14956
278.52
103.3093
80.84375
84.4069
90.3121
214.3162
83.0431
85.1438
127.0307
75.60768
172.9851
86.56231
253.3945
137.3864
197.6821
235.2133
101.5804
59.10832
103.8159
139.3092
325.7608
108.3698
131.7171
171.0376
126.3355
297.6962
186.3754
145.38
194.3473
103.5265
158.4751
194.1469
108.0298
162.9578
90.46667
84.06288
516.1065
90.49561
162.964
138.5695
132.4452
159.9876
133.0455
180.7231
356.925
96.89416
158.2576
105.2285
113.6923
124.3796
99.35591
108.5377
119.518
229.157
104.4735
264.2787
149.3432
87.16891
129.867
326.3682
427.1977
299.8307
213.8461
198.0207
121.1792
188.0507
215.4091
152.691
112.3206
189.5149
167.1269
119.6105
99.77113
88.0663
92.98325
112.5157
214.3977
197.8922
137.0726
123.8084
346.8478
92.84376
247.6928
66.06065
178.188
154.3052
141.5635
182.0962
151.8906
96.9257
82.33875
220.0404
166.4955
102.8176
100.7455
228.4169
131.6038
134.5022
223.9896
243.9122
149.3
276.3377
222.3535
95.42538
122.9746
103.0243
99.00356
111.6504
237.5008
187.7853
152.1047
82.28677
99.38884
201.7345
195.8619
108.2441
105.1152
108.3644
87.24102
152.0243
215.422
107.6227
121.789
227.4074
75.46018
114.2721
208.7294
165.6598
62.96081
192.9747
50.5494
329.4167
74.87644
222.0526
242.2674
235.2395
97.77568
101.4158
206.8649
67.05299
119.8552
158.3536
113.9768
191.9171
125.1207
116.1448
62.63537
96.53008
226.6388
90.62894
78.7194
241.3738
102.6782
212.5576
156.143
118.7145
82.47308
348.1404
83.81279
159.3121
293.9213
97.67396
62.01677
111.1057
121.5936
62.63689
77.4503
155.7006
98.2268
271.4779
263.0071
116.0311
109.7196
153.4465
155.5143
142.7444
120.1162
110.5733
121.0813
178.0553
82.43525
187.2957
98.00091
51.89585
112.9579
169.7729
98.60022
94.50621
107.5764
88.16075
118.4872
167.8059
87.9143
137.5966
152.0384
109.7472
145.5102
83.33389
82.57813
106.7244
121.9462
72.9146
198.6139
56.95699
70.4873
147.6277
69.51807
98.02248
84.52609
133.1247
126.5851
76.95089
97.68753
87.72281
82.41112
350.4135
136.6232
71.11346
69.90628
93.56313
58.29102
77.91416
82.59431
41.79922
138.8089
156.9279
312.4886
114.896
82.08718
100.1418
168.9867
58.36036
62.84629
184.96
111.1149
285.2325
210.8951
121.4966
76.41481
55.53988
94.50528
87.62216
83.59251
73.15635
74.77812
102.4246
168.3217
42.52593
127.8862
76.00269
118.5132
95.23878
93.81748
63.66358
71.31702
114.2305
118.7041
75.96714
94.45993
104.9663
64.21718
68.70062
100.499
94.53261
166.505
154.5257
115.1564
76.37972
78.14066
62.61685
119.973
91.75826
110.8493
63.36668
58.56518
145.0819
161.7429
140.6279
59.85001
104.3228
73.88454
48.86283
184.6155
85.70923
129.0807
524.4038
187.223
121.3106
157.1403
77.42247
144.6902
103.7557
162.099
120.6246
48.66807
320.0526
62.76239
112.638
93.00941
72.0645
111.6361
131.7677
202.2639
82.9085
72.98858
53.8929
131.581
65.72687
83.62635
162.6425
152.2413
264.4225
77.81431
150.1151
492.367
160.7522
131.4254
128.1889
175.7891
115.1403
118.9261
88.73972
68.03885
128.503
207.3756
61.02004
160.1207
86.17881
171.7252
98.53125
130.4511
116.691
131.0309
95.78411
66.27833
86.39137
111.1962
162.1372
103.7018
154.0798
77.18641
135.7402
76.41257
191.8462
112.3107
111.091
84.03217
114.7831
84.30169
88.3979
240.7182
59.92402
105.2897
101.4139
156.475
126.3971
64.20231
309.5662
53.4401
158.779
48.53217
213.241
214.4606
108.5074
67.56174
170.2753
100.2034
128.2893
137.3044
100.7782
131.0265
218.1224
183.8846
161.8541
120.8016
354.77
53.95538
219.3606
76.22416
112.2366
152.0172
139.4059
109.3688
210.6879
212.2406
68.65643
54.16183
134.415
172.5742
194.5672
197.3561
106.4076
109.7675
117.6192
190.9444
403.7618
130.1455
146.3209
127.8581
221.651
71.70973
130.687
86.00205
104.165
476.3433
151.0076
171.6243
315.1441
174.8901
299.635
295.8546
107.7393
336.1662
115.8373
286.7972
102.7741
105.3786
185.459
56.30205
621.9493
149.9373
123.4074
85.39367
156.9036
117.9782
132.2652
118.2367
139.5634
421.7167
71.65072
62.4056
142.3099
156.4832
98.34157
86.85755
84.92412
105.9832
105.3
126.2429
184.8558
40.84346
135.1757
198.6548
153.1303
115.5545
71.88216
79.46772
87.51876
205.5864
92.66315
205.3671
176.9426
89.79469
128.5597
141.4783
75.93908
38.45223
93.47709
118.7454
155.3099
138.2317
62.0265
