323.6112
309.9764
324.7435
280.4855
258.2314
93.99807
45.62047
46.45765
51.3311
48.08302
50.81444
43.17275
50.68896
46.43787
49.65972
49.69204
46.69184
50.54198
51.17049
45.11239
47.53001
45.36062
41.00972
47.45244
45.28942
45.42378
51.54248
52.82862
50.49724
50.47066
47.00967
48.15599
51.9612
47.1935
55.08999
51.6079
51.5798
46.66086
47.98623
49.96412
45.24461
54.13893
50.02563
49.65177
49.28278
48.27778
50.91931
48.00952
45.28232
45.07371
49.13035
54.55278
45.63837
52.20909
48.28657
46.98254
53.92224
55.3512
52.67606
47.23668
52.343
49.33178
49.60173
52.19581
52.51616
50.5127
47.16329
60.43142
53.74206
54.4881
49.60641
53.07062
55.59998
47.99726
50.87988
55.78076
50.03232
49.18138
52.01725
52.14842
53.01943
52.56956
54.46523
45.50033
42.24184
48.05124
49.08979
45.24179
49.45077
44.20527
49.09606
46.87471
42.60569
50.47471
48.33113
56.04461
49.45771
46.8228
50.73473
49.65198
46.08224
48.37938
49.65598
47.02116
46.38535
41.29536
48.20715
43.41138
51.05707
44.42406
41.6035
50.64261
48.16231
48.62517
48.56646
53.46529
53.57272
49.88856
47.36986
55.18439
52.22779
56.20017
50.81425
60.26745
50.89987
48.23588
46.39771
49.42501
51.60586
50.75748
52.36056
46.83997
50.56928
45.81303
48.46962
52.22584
48.62701
49.51163
57.58928
49.38164
45.7509
50.3635
45.9832
51.70612
54.45697
44.51443
40.71364
48.86252
48.0666
45.45338
48.92539
49.54707
49.90159
52.50569
46.37317
44.34945
49.45481
49.02531
47.57781
47.93526
44.44182
50.7408
48.95838
46.03881
46.59286
50.6111
45.71999
44.07661
46.23479
47.12713
43.6196
54.94894
50.43906
52.40533
52.29038
49.97453
48.35776
54.67192
50.04049
53.81378
58.32144
47.73371
45.76945
49.10176
53.88098
47.32095
46.31345
49.38918
50.6461
52.52868
48.4654
52.21554
47.2374
47.80601
46.70567
45.78969
51.93772
49.16537
50.26774
50.37639
51.49454
47.01796
48.16757
42.27874
46.77674
46.67213
45.04961
50.29534
51.41914
48.90745
53.36952
49.01161
53.50272
48.87791
44.86987
48.39592
49.89153
50.67147
50.47597
46.68498
52.5894
50.0687
52.17286
51.7513
51.9874
48.23741
51.26344
46.04226
48.21359
47.45991
45.00509
52.62583
49.2815
45.9302
55.38157
53.85363
51.54644
55.30204
51.51722
56.67662
52.51612
60.0777
50.57436
55.50197
53.79867
53.77487
50.63599
52.57105
55.56571
57.64459
52.55288
52.19546
53.43516
54.35714
56.29661
49.60187
54.10742
48.9388
51.48357
55.45621
50.68748
48.11782
50.31358
44.26362
49.78069
49.48785
50.50856
50.6226
48.27051
43.93859
55.76956
51.69038
49.17638
46.70475
43.87137
49.96302
54.77331
45.56466
49.46495
49.52085
55.93208
51.6706
57.42973
55.4005
45.40624
47.40515
49.73608
46.63884
48.91099
47.2302
47.66671
47.706
48.89001
46.59894
46.73668
51.64591
44.86815
45.56962
43.39934
45.53265
44.75307
46.43428
49.50729
51.56632
45.4271
49.40303
47.62661
51.66999
50.27528
44.11222
44.50877
49.75137
43.93785
49.44216
49.65238
46.48039
54.70881
43.2884
49.12928
53.51662
50.81118
46.57647
52.82945
48.95217
52.33296
54.42909
56.31208
48.27462
46.19294
48.74874
47.23625
58.88896
44.57107
46.00949
45.47848
48.53431
52.46636
48.48826
46.09592
48.04991
45.91191
43.31865
46.44936
48.02013
46.13107
44.93499
53.23041
51.82231
49.27147
45.45742
46.3499
44.17982
49.11047
52.3082
51.47214
46.61171
49.26248
50.71265
46.56165
42.94427
49.2987
48.33813
48.82289
50.32009
49.06352
51.55025
50.37727
47.67052
45.58328
49.77152
48.20575
47.33338
48.24242
40.84181
48.35805
45.12945
49.1057
48.20845
45.04209
45.35538
51.92048
46.7807
48.36569
45.58687
45.67403
46.03706
47.31168
43.70699
44.56373
44.82243
50.03811
45.66776
49.01603
50.5777
49.20404
50.74732
48.82167
47.75534
50.00384
48.79251
43.60985
41.32882
58.46467
51.39213
53.99812
49.094
51.53042
51.50146
52.60857
49.76622
44.84164
46.26623
48.00521
49.05975
48.71146
54.24412
51.1133
45.87996
44.65559
50.32083
52.16585
51.37165
49.55438
46.53287
50.36563
51.12184
47.78381
44.41351
46.53618
47.62742
47.54039
53.82337
50.87295
51.59532
48.97957
50.31846
43.06996
52.32241
52.45047
52.97105
48.73504
54.2591
51.55525
51.18915
48.67173
50.42539
55.72302
45.6689
48.50391
46.6534
49.43865
50.47081
49.64611
45.40994
53.71159
46.96246
49.28709
45.23301
45.97506
49.64041
47.58758
48.59458
42.16406
47.17241
44.59106
48.01035
48.74247
48.82763
44.79255
44.24806
49.5198
46.09094
48.03445
40.33462
42.73979
52.15792
43.3921
46.47982
47.13237
47.08506
48.83841
43.34967
46.35539
46.89293
48.91533
46.67753
46.76406
44.33351
45.63256
48.50905
48.45924
45.4885
45.25938
45.55103
41.56557
49.19203
46.96718
51.69631
48.25906
49.29131
