26.18385
75.97894
200.5185
1152.421
1531.391
4985.223
11476.19
33324.11
36315.64
41227.45
43985.19
42755.28
29587.55
47797.82
41421.19
45297.59
36026.46
37687.19
43512.73
35672.48
32164.26
40873.62
42363.8
31967.94
41756.96
51467.51
40543.55
34758.92
42870.96
34417.89
30648.58
35225.58
33151.76
43181.89
39878.43
40648.87
49064.53
40003.68
31866.2
36779.68
36418.97
44170.98
38563.56
44945.59
42902.03
33698.51
39537.94
45824.86
37859.04
35405.53
37309.88
40497.14
37500.38
34768.9
37896.79
39332.66
42890.81
31536.38
32905.89
29776.9
50112.42
41713.33
36038.62
38091.13
31054.75
34227.98
32283.45
39254.98
46688.35
43541.88
47631.07
59827.24
47067.53
37613.06
54476.92
40965.42
38663.25
42875.24
40062.63
38240.14
53611.06
43573.96
34622.91
46323.81
40620.98
27544.21
33409.63
34870.55
44327
34667.5
39697.55
45107.34
36237.04
41231.56
32556.25
37453.24
41499.1
32852.9
42525.41
41995.58
42470.91
44142.68
39954.7
38388.76
39428.35
31886.02
46823.46
44632.87
36667.57
47634.77
40890.82
52328.98
34005.68
39791.87
38974.11
37898.5
32326.18
33113.02
46400.38
35780.63
46109.87
37028.23
35509.75
35697.13
41996.76
34471.15
42073.73
31719.56
42848.08
35009.91
40373.49
42332.14
45919.45
38142
34509.94
51700.52
34961.31
44683.35
47912.28
37625.75
37327.04
48623.25
38124.99
33020.45
42906.02
33492.68
34567.22
39341.66
39529.05
44653.42
46526.61
45182.66
52083.02
42883.56
34191.37
42295.4
36271.24
49984.31
41137.36
34358.05
41164.56
33044.56
41185.03
45655.14
41356.94
34198.58
45752.18
40591.08
33140.72
36218
28872.39
43017.87
36567.92
41191.07
33719
32826.68
39962.19
40279.83
47679.21
29966.74
47090.87
53458.99
42366.91
38620.85
42402.76
39211.59
35928.75
34014.3
35671.84
44730.92
31337.19
34472.9
35991.31
34474.14
32788.85
56283.4
47401.73
40023.3
50976.08
44628.1
39320.78
36291.63
37404.12
45575.63
40219.46
39773.97
37819.57
36531.02
42636.59
32148.74
41500.7
35723.64
43460.82
31365.97
39909.08
38233.3
41600.63
40576.73
38328.59
37789.31
41753.7
38948.19
34578.7
46071.96
44107.62
33553.93
41959.06
35874.01
40086.99
50861.77
42529.85
41450.95
33040.97
46290.59
37287.36
36859.17
37982.19
42915.47
46817.24
34344.08
35959.97
32862.3
50524.87
43974.25
44846.31
33596.35
34325.87
43503.32
34879.63
43639.82
26517.34
50401.45
40019.14
39568.03
41649.36
43893.58
32258.32
39108.82
40771.85
37150.14
41534.12
42151.57
38342.02
36837.83
45885.49
36878.64
40944.79
31396.99
36088.21
46086.07
44767.5
48412.43
38929.44
36207.35
31961.04
33717.06
40915.41
39144.12
38886.8
41875.42
54248.48
28617.71
35943.96
44230
45204.52
42921.37
41046.23
48692.27
29393.49
40556.28
39568.47
35282.17
34216.14
37483.08
38153.39
38386.24
39347.46
42950.22
44984.39
36771.26
38124.57
35798.18
50399.84
41523.61
41771.59
31599.97
46902.19
38210.95
42242.18
44788.04
42407.51
45965.26
45599.37
50612.89
44388.34
44122.49
38381.02
38030.7
40895.99
37965.45
29190.56
48909.21
37983.3
35105.05
34900.63
44899.25
36867.72
32378.13
35734.81
42385.95
37863.01
41604.73
53934.98
34149.92
43273.36
40452.86
42198.67
54641.83
41437.26
38364.28
32532.63
44444.46
52649.27
32022.83
48847.16
46274.2
43627.82
38551.05
46063.43
33967.25
38566.71
36996.59
40885.79
38387.94
36863.5
32193.04
37189.21
38695.64
34943.89
38572.93
34880.54
39697.03
36038.74
44413.34
43301.42
42328.13
29433.79
44458.42
43882.66
35998.97
33950.01
40461.37
39980.63
39375.68
53889.89
50384.05
46593.41
36014.24
45486.04
37605.3
40811.26
40224.53
30401.18
34725.15
39976.91
35604.92
34447.25
35710.05
45753.95
45918.63
45312.63
38411.14
41883.3
45473.9
33352.04
39210.61
55674.74
34323.45
36316.87
36485.13
46356.56
50804.72
42351.78
46621.71
42771.78
43591.73
50270.21
37777.11
38256.89
32612.6
35114.64
57316.79
39482.93
35078.92
36633.51
47375.86
30868.67
38505.94
37616.77
35307.76
41527.55
40127.05
35925.28
30997.36
51030.83
38119.68
40765.35
50642.74
44825.44
30962.21
33568.33
44013.71
42376.45
46556.08
44212.4
37918.09
39367.45
44703.17
45558.34
37274.24
38061.67
41238.66
32053.66
37267.87
55528.67
38370.68
43593.72
39805.35
39261.86
45269.59
37752.8
40850.64
33706.02
45081.45
36072.48
37620.76
36280.31
40298.38
44382.05
40003.9
35576.08
30856.03
30978.76
37237.2
38937.72
34178.02
36588.76
29536.95
37590.29
36709.14
29937.02
31615.41
44689.81
32691.57
41840.57
48928.63
42010.58
40602.11
33798.85
51576.9
33881.76
41560.8
44114.81
41541.24
43556.64
37429.24
44565.75
38899.52
34979.91
39487.82
33750.35
36127.17
34432.42
40424.91
37149.3
37596.28
45149.04
32859.55
41756.71
32941.67
