105.2343
105.9139
105.1416
104.2657
106.0097
106.4014
106.8199
106.9018
106.9548
106.0638
106.5608
106.1419
106.8098
107.3777
108.4395
108.955
108.9596
109.0171
109.6738
109.0182
108.6399
110.6541
110.2218
110.9533
110.2774
110.7832
109.8641
110.4949
111.0225
111.4846
112.1944
113.112
112.5053
112.6411
112.1415
112.9123
113.3017
113.0609
112.1885
111.8174
112.6144
112.575
114.0707
113.824
114.3024
113.4888
113.5974
113.932
114.8691
114.9703
115.423
115.9789
115.89
115.8846
115.6187
116.1822
115.7797
115.8786
117.3872
117.6998
118.1155
118.2192
116.5631
118.5406
118.8229
118.0735
117.6902
118.4504
119.122
119.6675
118.8942
119.3776
119.7411
120.1886
119.8704
119.1263
119.5621
120.8521
119.9678
121.2157
121.7754
121.6317
120.8397
120.6714
120.6392
119.8587
120.0448
120.8325
120.8987
121.5484
121.4075
122.6844
122.9444
122.7216
121.4096
121.2395
121.464
121.8559
121.4058
120.1005
119.695
119.8972
119.4608
119.4747
119.3424
119.2242
118.8936
117.9587
118.8678
119.0387
119.225
119.7101
119.6873
119.9258
120.0957
120.9105
120.9645
121.386
121.5411
121.878
121.0967
120.8988
118.8443
117.9378
118.6139
119.0829
119.1986
117.9878
118.5053
117.0284
119.0697
118.7354
119.0538
119.1431
119.7504
119.6464
119.5566
119.2445
119.3939
120.2296
119.4919
120.209
120.2293
121.0104
120.6483
119.5754
119.2902
119.0804
118.3134
118.3987
118.285
116.891
117.6192
117.735
118.2044
116.9944
116.8539
116.9646
117.3295
116.6725
117.2195
118.3124
118.1065
117.5291
117.5613
116.899
117.2215
117.4867
118.0208
116.8524
117.382
118.1748
117.5285
117.1581
116.6529
117.1083
117.8555
118.1008
118.199
116.8425
116.7865
117.4185
117.8734
118.9876
119.8689
119.4602
117.118
116.9644
116.6323
117.0491
117.0165
117.1793
117.7256
116.6943
116.5837
117.0883
117.2574
119.1132
118.0107
117.791
118.9624
118.8599
118.5934
118.1145
118.5018
118.0743
117.4679
117.5751
118.2483
118.6708
119.1642
118.4928
118.9578
117.9021
117.2596
118.3739
118.7643
118.9522
118.2952
118.6254
118.5015
117.7896
117.3333
117.6008
117.3329
118.68
119.0932
119.2166
117.8838
117.9154
117.6831
118.1827
118.3176
118.2789
118.3734
118.4101
118.8452
118.3048
119.3777
119.2667
119.2808
119.5636
119.3804
119.8465
118.5901
118.6071
118.2714
118.2608
117.8436
118.8779
118.8009
119.0849
118.6833
117.8201
117.8189
117.4791
116.9691
117.7369
117.2917
116.2725
115.7983
115.4872
115.6431
117.1809
118.0211
117.4965
117.6565
117.3647
117.3519
116.6576
116.5833
117.6639
118.6758
119.7264
118.9845
118.7174
118.8246
119.4669
119.1705
118.8656
118.5705
119.993
119.5901
118.5213
118.0743
119.3984
119.7947
120.3873
121.5727
121.988
123.0283
122.1504
122.6238
123.4806
123.2242
122.4328
121.7722
122.0098
122.1254
122.3556
122.3203
123.0487
122.6267
123.4373
124.3509
124.3134
122.8436
121.7032
122.173
121.2948
120.8235
120.496
121.3347
122.5508
121.8641
122.4259
122.5983
122.8212
121.7691
121.3036
120.7504
120.3885
121.4504
121.521
121.3585
120.9052
119.5508
120.5033
119.8993
120.3557
121.9632
122.8843
122.7903
122.9995
121.8243
121.5247
121.7986
120.9781
120.7184
119.2419
119.8473
120.2802
119.9732
120.569
121.0332
120.8409
120.97
120.5356
121.6592
121.5125
121.3591
120.377
120.6471
120.6596
119.8035
119.9904
120.584
120.7009
121.0169
119.1272
118.6999
119.4338
118.9423
119.4891
119.6788
118.963
119.148
119.3928
119.6332
120.0016
120.3704
120.6149
120.5564
121.1967
120.2461
119.99
120.8931
121.0274
121.7841
122.0531
121.0078
121.0365
120.1525
120.1399
120.1255
119.6126
118.4173
118.5402
117.4815
117.7334
117.9301
117.6913
117.5855
117.3883
117.5563
118.0651
116.9222
117.295
116.8315
116.2138
117.9074
116.9014
117.3457
117.9533
118.0236
118.6356
118.9794
119.3229
118.0634
116.3982
115.8982
115.7321
115.7036
116.2535
116.4248
117.2262
117.6043
116.8361
117.1743
116.7036
116.197
116.3739
116.5246
116.8471
115.766
114.9481
116.4459
116.954
115.9446
116.4897
117.3651
116.4731
115.8718
115.7643
115.3782
115.1315
115.271
114.5956
114.5824
113.0477
112.0228
111.332
111.4347
110.5844
111.3063
111.6339
111.857
112.7561
112.3475
112.7858
112.1393
111.6853
110.9942
112.2015
111.8082
113.4093
112.8396
112.0226
112.4261
112.8025
112.6729
111.9532
112.4419
113.1615
113.5763
112.9458
112.5992
114.5519
114.9319
114.3103
113.7773
114.3332
113.8498
114.5891
115.4844
114.9492
113.8798
113.3126
112.8334
114.2083
114.4305
115.7588
114.753
114.9465
114.4666
114.7199
114.3855
113.3695
113.6732
113.0575
113.3544
113.3207
113.0724
112.066
112.0802
111.4797
110.7016
110.5665
110.3396
109.655
