666.9099
1895.771
820.0772
503.4606
1415.284
737.0041
669.483
409.6189
320.2039
404.4823
945.6886
1007.758
269.0478
1367.794
667.2978
465.3501
801.6809
819.164
330.99
594.0004
450.4421
750.0832
445.6842
1176.694
841.2591
1776.59
965.5388
472.7428
1388.84
562.1883
1014.386
1174.192
820.7664
462.5394
526.2456
590.4971
1003.87
956.8027
552.3553
1399.42
986.0209
1009.538
814.7231
939.1321
1160.567
2388.203
808.0502
1072.977
635.0089
874.6985
500.2199
852.6028
888.4266
2052.781
1749.729
785.6832
1807.839
760.3183
1927.392
1331.122
5633.158
2493.085
782.1721
1030.646
1142.492
809.1498
2500.494
1791.747
1866.81
1678.057
1439.252
1709.672
779.4347
1184.321
1162.779
4298.657
559.7094
485.9141
1175.983
2657.278
898.5774
402.1599
2203.012
1092.879
681.718
671.3377
2243.678
1556.268
1234.161
590.8006
2497.73
463.9728
1610.875
1246.321
2505.506
1385.522
1191.056
705.6387
1605.401
1553.297
1148.883
449.2059
1438.49
1671.037
624.5354
1448.372
1276
551.4146
644.806
1200.977
3143.417
996.1625
1900.888
746.1095
681.3005
1313.024
313.9433
1560.013
496.7829
716.6388
1003.327
1173.492
1188.099
1496.668
967.7152
736.4455
1330.453
1022.051
1375.549
5110.998
1074.805
948.8953
999.8725
1005.627
573.1666
1233.74
2051.922
1657.14
568.919
1449.646
976.2257
534.3176
1242.898
2200.565
583.9241
715.5097
3472.108
3023.691
892.4297
1500.104
1139.084
1253.079
462.7807
460.4188
1604.375
849.7148
757.7242
495.897
853.5352
386.8743
873.263
692.0473
842.306
804.3403
2190.707
692.0935
923.3575
912.0916
685.4175
686.3018
1597.786
1247.605
402.6066
1741.975
966.7347
881.4544
710.3794
1749.208
350.1243
400.9561
856.6656
475.9624
666.1596
766.7483
849.3603
383.8538
501.7226
1035.783
1774.814
445.7868
538.9962
588.7763
612.6872
815.6494
476.2228
762.129
691.2094
362.7405
412.4162
383.4723
534.2338
520.4529
1958.676
654.0784
895.6916
290.9008
864.0993
694.1952
2880.04
195.1419
616.0899
1393.33
323.4558
1013.608
1298.181
722.7415
1602.168
1710.147
268.1994
766.9816
1586.818
498.3738
1010.651
596.8865
1272.338
1208.468
799.0727
605.3971
924.2747
1562.65
543.895
514.2924
383.7561
659.8024
871.2406
587.7371
333.0046
1420.086
1291.077
941.5484
632.9662
1142.137
678.729
1075.567
949.6667
1735.702
920.1683
2511.866
948.6187
543.7875
1995.683
1826.373
903.6989
1148.736
688.1421
248.8856
888.8746
1072.102
2041.773
588.897
355.7425
1741.002
764.0497
633.3875
709.2498
514.5388
1693.651
1077.062
1471.384
993.6246
921.3718
2021.253
1074.483
593.5367
899.8225
1245.263
754.8971
853.2405
791.3635
636.6973
550.7656
786.0197
749.5476
1298.434
1219.089
511.8597
1733.723
1200.133
826.6528
603.0223
2303.817
1463.16
674.9968
1435.993
615.3593
1088.893
1031.655
639.2709
685.9017
654.4286
1344.436
851.9388
489.3237
1065.453
650.2532
968.74
468.5988
1347.312
757.0034
2802.307
1130.821
595.9383
956.7969
1247.207
887.1319
585.5016
408.7408
1581.149
1167.014
489.9076
1037.173
1187.57
1081.197
1020.724
332.9629
987.21
1368.092
346.7949
378.4563
903.0009
1666.445
840.5132
2364.603
3280.854
1470.75
342.0205
782.8314
1368.475
1112.669
1280.334
273.7334
501.4127
590.5505
929.102
469.0579
541.8302
522.1883
559.9281
290.6339
388.9447
499.5613
1045.655
392.8523
909.1421
866.7982
599.4759
677.0546
888.59
391.0153
980.4086
469.2391
645.338
255.5828
785.2383
340.7864
439.3268
447.9625
541.9859
610.3803
889.5505
840.5252
570.51
767.2564
480.4652
957.0464
1930.81
389.3064
885.4638
716.0448
1930.342
1009.995
4234.269
463.7238
353.1837
815.0975
2123.309
406.4138
617.3364
1785.032
1047.439
676.4295
476.0657
601.5696
788.8519
388.1393
1250.553
779.854
827.4487
407.0597
597.5031
707.9853
784.3576
778.4065
618.6844
682.2616
949.6991
1585.468
1961.431
596.2402
437.5626
770.0606
416.7495
704.1366
1148.877
703.6076
478.0741
392.1149
1412.226
720.6845
403.2888
373.581
515.9943
374.3234
1090.369
802.4837
472.4536
487.3556
982.3446
958.1834
1249.732
449.3358
478.542
403.448
462.1943
2636.24
645.5299
615.5342
236.2688
352.6996
1501.244
656.8702
221.754
573.4645
350.4763
449.2883
288.9789
404.6169
375.264
342.7118
256.3076
296.26
431.1052
248.7176
790.3134
292.8481
472.4114
231.7072
315.5204
364.4291
555.1839
269.7611
670.3494
950.904
264.5998
450.5131
332.8478
589.7136
359.9844
399.3408
612.5604
324.4226
539.3253
745.0519
870.8092
348.5655
535.0669
480.6836
385.344
713.2944
344.3882
766.8809
306.5951
528.6476
230.7891
504.2959
742.5368
706.9319
566.0453
816.2731
244.5896
591.1557
353.0882
698.754
236.5694
657.416
417.1236
429.3871
343.8714
1013.082
473.0457
