309.9751
308.1939
366.1443
290.52
297.3281
307.0865
248.8459
52.79803
56.233
54.50002
47.09625
57.23417
48.9382
51.7832
51.57874
49.74044
56.68078
59.05662
59.64688
51.37429
49.00231
54.35379
52.78776
55.4817
52.63501
56.14089
58.3399
54.76307
55.00633
51.08845
56.1902
51.03396
62.68355
53.91979
59.07929
53.18492
55.49724
55.03288
57.13249
57.52786
53.42098
51.98695
51.98173
54.69756
49.21146
51.88624
55.39074
51.47277
54.348
54.17967
53.79585
56.07105
55.86422
53.80407
51.3176
53.83999
54.4282
53.9321
51.48085
51.61549
54.87444
57.08408
52.15101
50.21319
53.01977
50.99162
52.96954
45.19866
52.63387
52.15967
50.70701
53.27827
58.1891
51.63891
55.04241
44.41195
48.39555
51.24175
52.67395
59.9874
56.09895
54.86246
54.28585
53.6518
55.11287
55.50216
53.22395
59.36292
58.3545
50.55238
54.4661
52.43072
52.51326
51.05367
57.71552
47.68676
56.01666
55.46978
52.92106
56.02277
56.18785
54.52089
54.03246
55.12159
54.42039
52.07935
57.70903
54.75666
60.13988
51.79836
50.4385
60.58011
54.48691
53.44277
54.33663
55.45652
54.78559
48.13966
51.64612
48.5639
50.37402
56.21032
55.02453
56.18504
56.82336
52.81401
51.90189
52.26549
54.67543
53.23602
51.14735
54.74332
51.55875
53.88161
50.80705
59.9757
59.75349
58.01037
58.36969
55.17107
55.73993
57.88499
50.15501
48.14295
55.49952
57.24896
59.90448
56.69824
49.22201
57.84258
54.29807
58.31792
53.92724
54.56958
49.18269
54.32998
54.55058
63.50997
53.00732
50.90273
51.90791
56.47729
56.66224
54.22959
54.35037
50.51685
55.11311
50.54682
54.73012
54.57592
53.127
52.02735
61.09654
54.0019
53.58125
53.8796
56.2809
52.38166
50.98033
51.25218
54.04851
49.29246
51.20796
51.80671
54.58786
54.20354
51.34643
55.07099
49.536
50.64138
52.46034
50.57196
50.95445
58.08545
53.92415
49.53249
58.33918
51.46453
52.19185
54.04868
50.7121
51.80154
50.33002
50.58174
53.9456
52.39768
49.82577
52.00923
52.96841
55.91478
52.76644
47.78446
50.84645
51.26185
53.65889
57.19201
58.11032
52.07254
54.75474
57.18309
50.73292
47.02318
54.0045
48.54735
57.14498
54.83995
50.98965
48.85252
51.32721
50.86219
58.93454
57.1191
54.07621
53.85994
60.17629
50.67989
52.96981
52.57873
54.74809
52.73669
52.84761
51.14403
54.12305
56.69866
51.41113
51.85858
52.50575
47.88649
48.01281
54.40011
47.75598
50.93541
52.80371
50.23017
52.71121
53.8935
52.99557
50.26828
50.97627
53.06318
47.49918
53.13839
53.41073
54.41773
49.82262
50.96815
47.3239
51.89351
48.14954
56.54998
52.71061
48.37956
59.77062
53.867
51.22176
53.01353
55.26712
52.76115
53.02067
54.57283
50.18721
54.05137
48.86112
49.71133
54.45469
53.51607
53.15503
53.32369
52.53308
58.74048
52.91006
51.04983
51.43905
51.85916
56.33781
51.11904
50.09543
54.50802
54.00821
52.02305
55.74736
53.15448
52.42262
50.08431
55.20621
55.02661
50.83409
50.96022
49.49463
56.23991
56.41728
53.38456
58.6173
50.7253
56.03169
52.72095
56.5748
53.48956
56.79126
53.44655
48.00425
55.86284
51.08334
51.52788
49.93687
51.52813
52.01505
52.42863
53.64522
56.35266
53.67976
60.54272
49.49855
53.2245
52.12176
58.17707
48.5474
54.0808
48.21422
48.96125
47.52344
47.75261
59.07611
47.60219
50.98648
53.02321
53.94662
51.1445
50.78307
51.85889
50.1377
54.60096
47.74982
53.65334
54.84275
50.87527
50.51875
48.61222
50.41592
45.94477
49.62153
52.51533
49.95719
49.46502
54.15882
51.67468
49.5329
49.65798
51.69364
55.27922
52.023
45.85642
50.95936
48.44083
57.92529
50.45696
59.08209
53.28874
50.40832
58.02169
53.57384
57.52009
53.48546
55.09073
53.87409
51.00493
59.32362
61.92184
54.46142
55.82594
54.28925
56.49656
54.76893
51.88353
54.74009
53.46058
57.53017
55.37794
55.36922
51.95047
50.25328
52.4619
51.23078
49.40229
54.66584
59.44534
54.66194
54.38187
58.31438
53.35182
59.88439
55.41918
53.05312
56.71618
50.61186
59.98514
50.67808
46.37931
48.14108
54.76884
56.01508
50.66849
48.56035
49.21719
57.57471
50.82059
54.92425
49.43208
54.14807
50.45898
53.89075
50.45978
53.90124
53.24524
48.76183
52.05921
46.87554
49.06455
56.85834
49.54111
50.27336
46.7988
47.85565
48.40557
53.53803
52.20447
47.85559
50.50276
53.20324
50.78589
50.09179
54.50146
49.65954
50.75548
48.73579
52.26554
49.7392
59.77254
51.9282
50.8309
56.22103
52.24534
56.38817
51.04035
50.94728
50.30244
49.26999
54.82637
55.45438
52.08295
54.95341
52.29418
50.79224
53.54312
53.57146
55.05148
52.05712
56.15205
50.85323
51.89337
53.58522
50.5036
53.12112
53.23282
50.4276
51.85611
55.48006
45.23024
50.75272
54.55035
53.46291
48.82669
54.48006
51.92913
48.72931
46.33157
53.38308
48.86896
56.11319
49.14276
