8.847079
9.949591
10.19118
7.024678
4.475311
4.066707
4.680597
4.877895
3.330925
2.91911
2.38398
2.685355
3.681297
3.880532
3.906475
3.736544
5.055806
3.802905
3.788759
3.350983
3.59235
3.428612
2.735499
2.933027
3.691815
3.256637
3.465513
2.511782
2.553835
2.651883
2.9796
2.756847
2.559359
2.421642
2.859022
3.289945
4.914893
4.225226
3.376307
3.874209
3.208199
3.431465
3.056777
2.770005
2.56808
2.327758
3.272708
2.287851
2.415421
3.968939
3.993748
4.18473
5.219067
4.275101
3.927855
3.024344
3.169273
3.250529
4.621323
2.942295
3.31115
2.959113
2.911974
2.859237
3.388529
4.443976
3.420017
3.388888
3.024568
2.889807
1.777986
2.47144
2.126841
2.575738
3.387176
3.770199
4.321451
3.793533
2.266552
2.344637
3.272154
2.774358
2.732405
2.799563
2.40479
2.09701
2.843648
2.887204
1.912233
3.028609
3.366848
3.087412
2.966739
3.364776
3.319439
2.977828
2.853559
2.666729
2.648031
2.722076
4.202942
3.011229
2.278318
2.868583
3.179923
3.242218
4.234804
3.171361
3.406721
3.764732
3.376746
3.058102
2.4127
2.949486
2.343094
2.906621
2.714293
2.726514
2.225117
2.380331
2.761514
4.397112
5.016035
5.819878
5.015471
3.725884
2.588949
2.875478
2.946854
2.673591
2.547524
2.173322
2.253027
2.176141
2.222488
2.269022
2.110652
2.477551
2.774858
2.561425
2.580974
2.173117
2.916676
3.297519
3.489573
4.647674
2.884981
2.416009
3.585954
3.394352
2.906005
2.573829
3.645121
3.37002
3.105307
2.902213
3.312387
2.940144
2.793781
3.119197
3.396738
2.599753
2.775717
3.240976
2.993862
3.155338
2.640958
2.636311
2.365162
2.402521
2.880134
1.744371
2.449944
2.754834
2.554101
1.787107
2.412923
2.264454
2.54568
2.212508
2.152219
2.392827
2.287031
2.516404
2.240769
1.509906
2.274308
3.555644
3.687476
3.512461
2.989781
3.207714
2.800365
3.169065
3.809771
3.711457
2.514776
3.158262
3.058006
2.40449
3.072539
3.250816
3.455513
4.413174
4.790249
3.957217
2.706298
2.079518
2.143209
2.138105
1.742825
1.843322
1.957981
1.477545
1.794339
2.588766
3.035174
2.990442
2.973006
3.651536
3.432982
2.263428
2.321572
2.627898
2.586773
3.001447
4.011811
3.366263
2.670679
2.493504
3.089148
2.587331
3.862842
3.759618
3.271496
4.428315
4.897297
3.808248
4.310352
2.575021
2.933387
3.219588
3.154274
2.73528
4.194776
3.479176
3.414385
3.011902
2.747065
3.2235
3.084049
3.475176
4.085484
3.675007
3.830521
3.391255
2.954706
3.453649
3.589731
3.345758
2.59761
3.842837
2.9974
2.943345
3.13279
4.331003
4.73159
3.685694
3.124926
2.913083
2.869292
2.524452
2.237225
2.292167
3.443534
3.499741
3.581858
4.200922
4.304261
3.67429
3.693454
2.707841
3.32933
3.245479
4.647603
5.370057
3.759843
3.612497
3.482844
3.187728
3.237112
3.885516
3.442534
3.88801
3.238011
2.820609
3.263522
2.318929
2.112051
1.867922
1.715375
2.254422
2.604307
2.321026
2.297307
1.456916
1.50595
1.644218
1.846449
1.571925
1.728325
2.374389
2.98569
2.686255
3.37586
2.714158
2.833159
3.757635
3.575458
2.5397
2.134808
2.918934
3.020643
2.97624
2.871791
2.590169
2.423035
2.831792
3.727156
3.888931
3.428272
4.584406
4.755119
3.556583
3.384933
3.013727
3.089563
3.179614
3.035806
3.877233
3.400956
2.8925
2.847074
2.675329
3.243709
3.004268
4.115755
5.551623
5.201574
4.402298
3.163271
2.540401
2.168263
1.690776
2.219625
2.529768
2.080406
1.889008
2.94523
3.762111
2.923986
2.304625
2.105286
2.007655
2.827919
3.29425
3.837223
4.647501
4.008964
3.983787
3.383098
3.179163
2.809928
3.058034
3.675562
4.077365
3.955274
3.584966
3.879014
3.577429
2.952156
2.711229
2.934241
3.022867
2.829908
2.110122
2.462259
2.098959
2.059954
2.809439
3.026905
2.810028
2.925775
2.336691
2.382229
2.26602
2.211714
2.151723
2.128357
2.606341
2.09585
2.978041
2.648202
2.554397
2.732401
2.481154
2.247006
3.242759
2.222834
2.316491
2.925941
2.630907
3.31094
3.118667
3.641136
2.334006
2.662521
2.317216
2.198566
1.732545
1.882497
2.016962
2.691597
2.09026
2.03564
2.247124
2.640525
2.384071
2.829601
2.997022
2.171153
2.090753
3.393126
2.97313
2.308984
2.781267
2.301346
2.16504
2.339521
3.211551
2.896752
3.192082
2.583471
2.478632
2.619369
3.290792
3.948379
3.133966
2.500032
2.621356
2.948712
2.730004
3.056572
3.44304
2.47812
2.355942
2.045367
2.873374
2.802318
2.792177
2.631623
1.982067
2.205454
2.451727
3.825756
3.399689
2.641469
2.939985
2.834613
2.900897
3.140382
2.711446
2.302278
3.496762
3.763447
3.827679
4.539368
4.384885
4.175366
3.197874
2.538079
2.788802
2.69331
2.453308
2.365961
2.451967
2.403885
2.434945
2.27761
2.03244
1.823157
1.649554
2.057143
2.246107
2.481181
2.788842
2.892948
2.749781
4.51049
4.485145
