843.1306
1864.954
1179.057
2475.041
1799.141
1240.008
932.7507
2136.906
1389.665
595.6624
1962.36
437.5682
1473.513
1305.864
691.8553
1439.911
1000.153
1141.827
807.206
637.2635
1474.729
647.0134
879.0762
1080.05
805.7649
1439.651
1054.169
466.5261
941.1413
1084.346
548.2796
1260.323
1117.935
1045.976
1104.893
572.454
858.7092
915.8773
1533.099
658.7491
774.1231
1008.812
603.9078
1532.311
1563.359
2477.248
552.8585
1738.66
1184.085
782.6691
1484.184
1086.346
828.6514
890.3601
622.1372
1462.755
562.0962
1835.503
1852.633
511.3133
2838.718
1169.716
468.5838
4405.43
798.5406
918.7554
394.4464
1457.909
938.568
1740.916
808.3406
2098.283
467.001
1003.706
1930.516
1365.616
1410.661
943.2072
1561.14
506.698
1574.32
1030.757
605.4664
867.1792
745.5093
681.4555
2085.224
1991.302
1023.374
1058.064
901.1465
1082.304
1860.274
898.382
736.3149
1829.945
1654.5
1428.028
858.9741
685.084
667.769
314.2989
613.39
2361.394
961.0261
854.3648
1351.256
445.2189
1199.078
1011.289
1266.917
870.4498
1228.966
1828.537
788.7411
732.6109
739.3699
712.2654
1874.31
668.6612
539.2169
552.9904
525.8551
945.8587
423.9868
862.9537
959.1736
572.2239
1395.431
1083.895
2809.002
1878.047
1373.655
1497.997
693.9467
472.7033
775.6605
841.2872
984.5425
545.5754
1107.766
1559.282
993.548
1932.06
1328.651
501.3457
1456.431
968.0445
1057.909
286.5035
856.7062
887.0773
928.3661
1419.166
707.2566
896.9281
1656.232
982.9363
632.8385
1442.1
1153.716
959.6825
2833.133
1128.988
1433.821
1683.133
881.2384
529.9896
3244.955
2357.671
856.2162
1220.869
1136.06
2073.659
1253.481
1211.013
757.6885
5474.295
750.771
971.3015
738.3147
788.4235
2310.358
1074.839
1224.259
592.2353
1196.661
727.8308
648.2397
1218.303
1239.703
1488.176
911.4588
1014.733
1043.35
996.5732
409.7679
1242.75
579.197
930.0913
470.997
806.6293
378.5207
720.7614
807.8332
3287.546
1511.678
1318.173
1067.031
1028.43
1203.227
1767.307
733.6192
1254.387
593.613
606.6328
657.5876
698.2239
925.1256
6321.473
2369.01
750.0503
1088.337
389.1282
631.9382
843.7756
582.4825
764.7296
750.6103
2558.608
1802.079
921.7577
1090.313
959.6234
675.6158
2164.199
1281.106
1751.073
1045.266
420.0532
756.0879
1162.978
1067.697
892.3566
1283.848
1382.906
917.309
1466.686
1784.218
905.3057
671.6088
556.6942
924.4957
1639.719
390.4104
798.1238
2155.61
457.8033
851.112
899.5234
509.2902
739.1997
857.9001
452.2687
2098.824
737.8411
1245.683
700.6802
680.244
613.762
1280.386
1072.496
520.1199
1234.929
1995.094
2476.187
680.4452
1737.035
2303.044
820.4409
1976.531
838.6783
895.4634
2516.385
1174.902
1089.286
3441.147
858.0466
4672.84
578.3346
945.9463
937.6951
2417.961
744.7104
1380.137
1052.809
1720.708
1960.274
2443.956
1276.045
1186.873
1455.321
1861.771
1596.784
935.6643
1017.587
579.1492
1239.38
1935.851
3699.671
2106.075
2539.496
944.6414
588.5861
582.2775
1611.378
1906.199
2302.73
1073.602
3635.372
3578.282
1499.582
1836.958
670.0262
2470.019
1194.527
1393.087
1836.667
1586.202
1743.177
1327.808
1290.836
1266.25
1847.262
5544.336
1947.508
2156.557
7410.301
1747.48
1151.369
891.5277
1357.428
1822.995
1496.192
1872.018
899.6941
1396.925
3147.637
1541.218
772.4875
771.772
2051.902
3535.464
2297.78
1097.881
3491.89
1752.539
1837.397
1515.739
1317.186
1663.926
2894.476
1763.667
2059.511
1222.321
1858.234
534.284
999.2747
657.4003
663.0319
823.236
754.0599
1707.998
1079.932
1259.85
675.3984
1059.978
4555.462
369.1281
1070.901
851.8463
628.2913
924.3182
1662.307
853.8158
537.287
1914.176
607.0571
1794.399
681.3454
1203.534
1939.765
1054.728
1307.854
1117.67
1876.806
1549.794
719.8923
889.0773
1040.436
483.6779
5070.095
670.3525
2587.764
1102.097
2038.064
593.0841
2845.86
911.9629
1015.315
4020.437
1371.227
509.0157
1115.362
352.6571
289.68
693.5154
1030.631
635.0492
642.6811
891.8022
1075.492
652.0709
356.8073
1012.537
1308.252
645.7886
545.8799
543.4356
918.9018
1942.513
627.5802
870.8872
960.2317
746.8326
502.4923
824.6854
766.8346
1434.816
876.6047
1067.635
2064.619
522.2599
901.0654
1526.639
1121.232
2707.795
1069.498
805.519
551.9694
1410.633
817.4194
716.3975
739.0304
1184.815
693.4807
1018.686
324.0074
605.0946
482.6079
327.8961
748.2707
665.1581
655.7627
578.3233
531.256
400.0765
697.357
880.2073
951.5149
237.2095
1509.546
463.7293
341.6392
3396.187
709.0591
783.448
740.4651
718.253
482.0594
543.0966
554.1602
489.8386
773.0026
1199.906
670.9707
555.2336
897.1694
332.1902
1335.619
673.2518
385.2866
586.4766
376.856
691.8189
645.1179
386.0026
769.7564
643.8374
294.9782
