105.5155
105.9628
105.4321
106.0887
105.588
105.0085
105.249
105.8116
105.4387
104.3629
104.0891
103.7488
102.8882
103.0989
103.1542
102.6757
102.5758
102.4118
102.0486
102.8222
103.3489
102.4733
101.7978
101.8997
102.1758
102.0493
102.2599
102.4871
101.7834
101.5813
101.7249
102.3536
101.9049
102.9525
102.6047
102.1238
102.1294
101.3333
101.5274
102.9478
103.528
103.6021
103.7415
104.0531
104.244
104.08
103.8135
104.4423
104.4109
105.0995
105.4161
106.6226
107.2939
107.421
108.3276
107.898
107.77
109.1808
109.7244
109.4957
109.5977
109.8743
110.4303
109.5759
109.5502
109.0116
108.4929
107.729
107.8677
107.8346
107.8625
108.3421
108.9408
108.4401
108.4949
107.6749
108.0229
108.0625
108.3973
107.5633
107.1525
107.4852
108.0254
107.2444
107.7968
108.1554
108.8132
108.0604
107.7849
107.6709
108.6847
108.4859
107.7511
107.2739
107.0145
107.2768
107.525
107.8414
107.2281
106.6611
107.0971
107.5962
107.5413
107.7559
107.6001
107.8092
106.507
106.7589
106.4402
106.7134
106.2767
106.293
106.9319
106.8756
107.073
107.583
107.6889
107.8655
106.8906
107.4334
107.6902
108.2885
108.9271
108.68
108.4323
109.642
110.2872
110.5513
110.6967
110.5213
110.1092
110.6584
110.9909
110.35
110.7299
111.815
112.2505
113.1313
112.4915
111.7008
111.8892
111.8105
112.7322
111.9716
111.7004
111.9294
111.8655
111.9719
112.2165
112.2116
111.8816
111.9433
111.6758
111.9141
111.1996
110.5327
109.8351
110.0772
110.1133
110.3674
110.6642
110.1865
109.9662
109.1095
109.4704
109.6624
110.0575
110.7732
110.194
110.9381
111.9672
112.0707
112.5598
112.5416
112.6788
111.899
111.7426
112.4763
113.2216
113.8112
114.5231
114.0277
113.7327
113.3706
113.7492
113.4648
113.3851
113.1654
112.9388
113.1336
114.0873
114.4269
114.9877
115.5498
114.9814
114.8184
115.4032
115.4048
115.506
114.7998
115.1203
114.7852
114.2743
113.4628
113.5605
113.673
114.3709
114.6297
115.5033
115.8111
116.2725
115.8083
116.2645
116.8101
115.9491
117.5863
117.5131
117.031
116.2896
115.8725
116.3035
116.3833
116.0434
115.727
115.7398
116.0428
115.226
115.09
114.8079
114.7734
114.7832
115.5572
115.8566
115.3314
115.4063
115.3051
115.5236
115.8417
116.0247
116.3742
116.7897
116.5042
116.677
116.6385
116.6427
116.2279
115.7117
116.1056
116.033
115.7627
115.4074
115.3263
114.1482
114.0294
113.5921
112.0469
111.8328
112.8189
112.3712
112.4701
112.392
113.3338
113.388
113.3892
113.2155
112.0664
112.416
112.5247
111.8514
111.7926
112.1436
111.7233
110.6129
111.2909
111.7288
111.0405
110.8074
110.6411
110.3178
111.0398
110.9632
110.37
111.1455
111.2405
110.5086
110.2398
110.2952
110.2105
110.8394
111.3021
111.1542
111.2545
111.5301
111.399
111.9778
111.6288
111.4732
111.4338
111.403
110.6536
110.5172
110.5941
110.3507
110.5889
111.2583
111.8763
112.321
111.9933
112.5626
111.526
111.4171
111.9203
111.0762
110.9878
111.5412
111.4775
110.9731
110.6899
110.5289
110.1187
109.785
110.0443
110.8091
110.9428
111.5341
111.5157
111.6449
110.9618
110.769
110.9575
110.9648
110.2781
109.5958
109.8017
110.1718
110.4094
111.1828
110.956
111.2643
111.1872
111.2879
111.5431
111.3394
111.3124
111.0864
111.8511
112.4761
112.1424
112.4664
112.3468
111.5547
111.6355
111.6745
110.3707
109.7509
110.2901
110.982
111.4184
111.9393
112.016
111.9927
112.0611
111.3949
111.1182
111.7259
111.4129
111.5608
111.4742
111.3878
110.4092
110.7663
111.5561
110.5583
110.2534
110.5057
110.6661
111.2263
112.0304
111.771
112.0174
111.9756
111.954
111.6535
111.1116
111.2941
111.5437
111.985
111.8316
112.5288
112.548
112.9235
112.7431
113.5727
113.2473
112.906
112.9815
112.3557
111.8783
111.9771
111.8964
112.2369
112.7311
112.7743
112.3103
111.9081
111.1598
112.0635
111.79
111.0261
110.8927
111.0604
110.6992
110.8617
111.0204
112.2104
113.1022
113.5421
113.6698
114.285
114.915
115.1484
115.1966
114.7097
115.1641
114.4299
114.9958
115.0296
114.9443
115.213
114.8276
114.876
114.7595
115.5371
116.1599
117.168
117.2491
117.5549
118.0581
118.4175
118.869
119.4932
118.828
117.8982
118.2823
118.0633
116.5466
117.3483
117.4135
117.8122
118.7606
118.2045
117.1633
116.8864
115.7611
115.5722
116.015
116.2873
116.0221
116.9634
116.3606
116.0312
116.4852
116.5921
116.909
117.0132
117.056
118.4742
118.9501
118.0437
119.0748
119.3699
119.504
119.568
118.8491
119.5159
119.7145
120.0087
119.7976
120.3039
120.7798
121.2546
121.7937
121.9036
121.4321
121.6689
121.5687
121.703
121.7897
120.7997
120.2307
119.4093
119.4039
120.1748
119.4652
120.2366
120.4054
120.4942
120.472
120.353
119.9038
