80.13343
86.48191
62.13214
74.91242
78.48785
80.49746
122.6972
83.69969
57.05206
56.61418
35.08649
27.56667
71.35722
49.28578
39.12004
46.94458
47.36108
33.20269
47.9648
60.0267
63.06879
172.7802
168.0392
62.58769
32.88494
33.13708
43.32508
69.37322
42.3515
42.44676
58.62226
60.15823
45.01744
37.65194
47.0611
33.74674
32.12975
51.01244
50.6128
45.52246
65.94011
78.47349
70.571
46.86726
47.41358
57.95236
42.99964
65.86745
93.70842
64.01137
66.37687
67.73296
76.79248
69.91482
74.80358
46.08652
50.49659
48.81467
37.10528
54.88917
85.52959
52.27511
62.85087
42.13119
39.40852
81.21116
57.96376
66.53931
70.06461
87.46208
64.49092
38.94101
57.00829
79.25035
53.58835
39.02197
35.66157
42.03636
53.72724
63.07366
34.32908
87.17154
63.51094
54.62709
73.76848
99.15345
79.72334
105.3755
87.52355
57.31221
47.46717
37.63269
43.5555
59.54925
48.72276
63.13789
48.80234
54.69315
87.30352
55.03073
47.89569
61.70489
53.31481
29.46009
28.50627
28.07991
40.14389
53.07629
71.78671
90.10437
120.6329
140.4878
91.28289
66.744
66.21223
60.03757
55.47746
43.46075
42.22417
50.341
31.21475
55.04653
54.21867
56.76997
60.25947
58.19999
61.34581
61.91532
49.11643
57.12637
44.46862
36.0896
27.392
29.01541
58.64063
61.08274
128.3144
106.9755
50.84653
45.49985
33.47048
48.46992
55.98822
65.7944
66.8196
55.09261
60.83863
67.80786
70.66846
67.61698
96.31683
70.26231
65.89774
50.49042
45.49298
63.94767
60.45928
37.33546
45.78329
61.57164
81.86566
107.5804
91.05157
124.725
105.4853
69.95581
74.48898
98.59004
166.8456
143.4912
143.5734
73.8047
73.64821
48.1504
69.60503
60.75744
70.87832
93.55124
48.39844
68.26286
51.65057
48.03242
52.98223
78.23097
107.0126
75.59567
68.47397
35.76489
37.98597
73.41396
61.528
45.12335
48.73098
38.29172
45.08771
32.99773
32.32904
34.07132
57.47749
81.20455
44.82025
103.866
82.68788
87.74445
67.29863
48.63164
32.76377
33.47796
32.43816
46.07295
87.81626
65.48486
52.52578
80.25214
62.05115
51.15468
68.55906
54.6291
53.8126
64.27838
54.07418
69.1361
45.55845
49.44123
39.10491
82.02485
44.12482
43.46802
43.73656
60.53517
51.63195
48.39046
36.30247
79.96262
54.3135
26.28702
34.62723
47.75543
61.26707
37.82143
84.79134
126.9313
176.8877
97.76632
113.2938
68.65111
35.24271
27.83882
26.56309
28.94908
35.48287
32.25032
59.1489
24.63856
23.04889
33.59511
27.35101
49.98695
25.8291
29.9193
48.27711
45.74904
37.56988
64.87109
72.88268
58.09236
53.6703
62.82025
61.32606
45.58649
44.5639
59.77861
108.9989
169.093
131.5441
168.0966
97.12844
50.06144
94.81357
120.9428
110.4478
115.2486
159.468
261.8349
205.0068
180.2646
135.0207
67.89038
90.76625
87.07589
59.53811
69.16251
45.38347
66.25315
62.05929
31.89672
31.41842
32.05031
38.68377
36.34117
42.19839
52.98497
40.53333
58.37573
33.67752
40.44241
26.12831
69.01729
74.73224
64.61862
53.08219
34.90552
45.50008
33.00752
38.42446
30.2175
22.22044
23.24112
31.36943
54.64673
53.83424
69.25609
76.52397
53.12793
34.00051
48.26508
38.26478
25.98486
25.10258
34.22723
29.90171
48.95124
54.89928
54.08169
46.20726
46.10526
50.57482
71.04782
51.76384
46.28958
36.04112
48.21205
63.84313
47.28279
47.78916
36.37733
48.88769
42.45213
46.36326
43.5809
85.21608
42.19557
30.14575
52.46405
86.14035
48.01758
52.05245
53.59224
89.75721
76.19447
60.54078
50.76401
22.78016
37.66743
37.81887
56.36068
58.72089
50.4164
50.08404
40.20698
57.30208
49.1354
49.11087
49.04104
68.11036
76.49244
99.14294
42.96643
45.10117
47.57564
79.28934
56.75596
72.64199
75.50779
110.2408
73.07665
75.57101
60.42023
49.0894
65.46722
58.40007
45.85645
56.22264
52.17107
37.29746
58.41382
79.49222
64.61486
44.03184
27.52479
37.54045
32.48508
45.11014
51.24934
34.9058
65.04185
86.85452
83.85752
85.54134
107.3353
86.78925
82.69567
46.77941
57.58114
89.44461
91.41347
53.2721
42.02096
57.12533
30.55146
42.40189
74.69565
51.60938
41.94257
70.87095
71.56855
57.55464
111.9157
110.8854
63.35753
93.84065
124.9477
93.19992
103.3268
113.7396
107.3572
105.0182
129.8222
66.00058
64.04268
69.98194
82.04128
42.30961
58.84209
74.13106
39.14898
53.62789
48.03505
48.4332
23.99399
33.98252
39.38987
27.63356
56.02357
56.66138
79.01576
66.98058
61.03649
46.00592
46.06278
54.01005
37.77636
39.55123
53.58958
68.53043
63.54234
79.39686
59.27132
50.38097
31.9952
57.31972
53.86597
45.62695
39.42365
40.50679
40.35759
24.96027
25.75031
42.22779
43.43993
83.3938
59.57158
86.42714
87.16903
72.31948
64.14133
36.00013
68.67967
69.08341
81.52305
47.06417
63.74972
56.69711
43.3471
58.56015
57.66447
44.47699
46.62687
48.08004
40.9843
