0.1704581
0.09048324
0.2068647
0.09576798
0.2447987
0.2293197
0.4419217
0.1848967
0.2412231
0.1051171
0.1184129
0.4662576
0.32978
0.2055104
0.07035027
0.16052
0.2571248
0.2587727
0.150904
0.06860145
0.1572797
0.3933605
0.3894302
0.2340826
0.09338905
0.6456156
0.1198016
0.1078311
0.1103555
0.04532636
0.2334124
1.013604
0.5342522
0.3272008
0.1578745
0.2641701
0.3747586
1.436569
0.2273338
0.1384914
0.4353326
0.3883444
0.1031452
0.1449076
0.1779396
0.6133646
0.09729078
0.1651587
0.1802835
0.1706974
0.1872402
0.1791628
0.1656919
0.2773026
0.22896
0.3512685
0.1851169
0.2390598
0.1662414
0.3171636
0.7644132
0.06999723
0.1801031
0.161066
0.3897108
0.5757477
0.7632721
0.1393234
0.2453229
0.2515058
0.08099049
1.378233
0.06838133
0.207382
0.370463
0.20569
0.1508362
0.2527043
0.2299197
0.2445599
0.1351499
0.2148561
1.211849
0.5327763
0.2438581
0.2555581
0.4878771
0.4511386
0.1667302
0.6716429
0.445156
0.0919369
0.09488635
0.4768523
0.2116907
0.1518229
0.5544719
0.3500262
0.4113171
0.3389289
0.1686934
0.5458136
0.4960077
0.1663851
0.1592479
0.1547984
0.4389597
0.6744447
0.1884374
0.1245046
0.1608067
0.6029252
0.5294809
0.1909929
0.1410258
0.2233916
0.4746267
0.2250519
0.2414259
1.187295
0.4015764
0.1239413
0.2547648
0.2172169
0.1191018
0.2691758
0.1456306
0.1459143
0.1929637
0.2139699
0.2328699
0.5231623
0.5396402
0.6203973
0.1547833
0.08649862
0.3755775
0.09975497
0.1745427
0.1723726
0.2440689
0.07716616
0.550355
0.1473508
0.1499468
0.1712482
0.3039815
0.2398803
0.4220051
0.5552915
0.2872689
0.815376
0.7918771
0.1597346
0.212554
0.3261375
0.4245317
0.5211926
0.1529108
0.09331724
0.1106753
0.252945
0.2180245
0.2498305
0.1905613
0.1062021
0.2167261
0.1458652
0.1184797
0.2558693
0.2622623
0.45908
0.2960693
0.3248692
0.1574609
0.3297305
0.2449718
0.5047695
0.4589855
0.2324556
0.1063589
0.1746241
0.3136827
0.1616095
0.2162709
0.1569662
0.2451209
0.1450105
0.4611856
0.1243685
0.3950184
1.130021
1.195987
0.408501
0.3340254
0.1529301
0.2548164
0.1876043
0.07445308
0.1792467
0.2375535
0.1685725
0.1059207
0.3622549
0.2564471
0.1125185
0.4265334
0.1838101
0.2919199
0.3017144
0.1247057
0.2843378
0.1229646
0.2566019
1.16697
0.2895084
0.3156707
0.217315
0.6980471
0.1982522
0.1945323
0.1420316
0.2830965
0.109578
0.1727746
0.2428702
0.5638588
0.1890593
0.4319009
0.546581
0.2002545
0.2736518
0.2087397
0.3110287
0.06697342
0.147322
0.1373019
0.07689133
0.25756
0.09261742
0.1552357
0.216438
0.457802
0.3907871
0.5028757
0.121976
0.570502
0.136431
0.2136078
0.3108971
0.2365593
0.371671
0.1944325
0.3355124
0.3380473
0.2446062
0.2541351
0.2211569
1.266596
0.1267927
0.5623307
0.476366
0.06397971
0.1054249
0.1318324
0.1611036
0.3646942
0.3614074
0.1119788
0.3640217
0.1557943
0.3498783
0.153115
0.3740002
0.1829861
0.2407891
0.1284728
0.2163684
0.7571928
0.1939362
0.08651155
0.3359919
0.2121255
0.1448233
0.1726552
0.2559299
0.1970289
0.1102964
0.2810445
0.618547
0.2248493
0.1775837
0.3572746
0.2602714
0.2103668
0.1573057
0.1522289
0.1255378
0.109216
1.207221
0.3673618
0.2408952
0.2841308
1.189485
0.5973183
0.2147792
0.4092994
0.1679295
0.5144126
0.1914556
0.1826024
0.1096086
0.5098089
0.2865798
0.1761706
0.1495156
0.4710367
0.1475642
0.1592406
0.1526709
0.2814539
0.1569341
0.1637372
0.2558636
0.2325163
0.7161424
0.1219299
0.09912451
0.1206056
0.1249381
0.2540168
0.08666526
0.2430318
0.2201176
0.3411447
0.2181826
0.3522326
0.0692114
0.1288269
0.3354854
0.1352444
0.08176021
0.381256
0.14404
0.3131242
0.1646173
0.3713
0.1752484
0.4631288
0.08781072
0.2298403
0.07952491
0.4758341
0.2002956
0.263161
0.1714754
0.186279
0.1909689
0.2055786
0.1655758
0.09976243
0.5131637
0.2068118
0.4407022
0.3597866
0.6065158
0.1280953
0.1822531
0.2105652
0.07897037
0.2607511
0.3168101
0.2959045
0.1197534
0.1591168
0.1081764
0.07209484
0.3541258
0.1480542
0.8535481
0.1541273
0.1493299
0.1280741
0.2859328
0.06513056
0.2933068
0.1469554
0.1174915
0.1073513
0.7475214
0.3803681
0.4112084
0.3230641
0.1678423
0.6100983
0.271089
0.060583
0.2766719
0.1917933
0.1604235
0.1746138
0.3135953
0.1320032
0.1256922
0.9119116
0.8617187
0.3238839
0.04192416
0.4655639
0.1508953
0.1941141
0.147844
0.2220015
0.1458241
0.3137018
0.3534276
0.226686
0.1987515
0.1156099
0.2083333
0.1415065
0.1988534
1.223733
0.37984
0.617077
0.2409682
0.1921586
1.020194
0.1467087
0.4924537
0.3161733
0.166294
0.5327761
0.9020949
0.2737946
0.195514
0.2265023
0.1687875
0.1929275
0.04504369
0.3732771
0.7022608
0.2264639
0.4301498
1.011192
0.1744226
0.5577994
0.3721657
0.09856424
0.4243538
0.1555736
0.269214
1.797019
1.461225
0.5701831
0.2946337
0.07696532
0.5117865
0.1766891
0.1685432
0.2184896
0.3473935
0.9913975
0.1347255
0.07206263
0.2328079
0.1795727
0.2457427
0.2689024
0.1489103
0.2867864
0.849732
0.2945566
0.09543213
0.200486
0.2118846
0.1593318
0.1571914
0.08577498
2.34196
0.2166835
0.1212956
0.1275635
0.3357648
0.4653273
0.09430613
0.1466631
0.1592291
0.1959812
0.1294685
0.2647861
0.9555441
0.1551953
0.269249
0.1206694
0.4376012
1.655791
0.7542693
0.343362
0.2593799
