12.13737
14.40311
12.80775
12.08596
11.90348
13.4521
12.12774
12.91473
11.62348
13.7163
12.88019
12.25915
12.04154
13.25998
14.04751
12.89828
13.73979
13.9577
12.39879
12.1598
13.73232
11.27179
12.81657
12.36493
12.03991
12.64019
13.93327
13.5864
12.68586
11.93955
11.59148
12.45488
12.79965
12.42213
12.67982
12.40341
13.39067
12.42638
12.8207
12.95351
13.61905
11.6804
13.15581
12.02568
14.49507
12.95326
13.22104
13.11366
11.7431
11.50872
12.80939
11.8281
12.04391
13.93278
12.48213
13.48903
12.68865
13.97114
11.9292
12.71532
12.08137
12.56451
12.32676
13.25984
13.90846
13.43171
12.02749
12.64225
13.11595
11.74768
12.95887
11.58005
13.12829
13.39559
13.55577
12.5947
14.40919
13.94727
13.07107
11.20003
12.02145
12.3374
12.10484
11.31917
13.03831
12.57838
13.89519
12.07191
12.05608
13.14482
12.30542
12.53354
12.37264
13.0033
11.77988
13.24526
12.71006
12.16123
13.46441
12.98593
12.02156
11.26217
12.88734
12.64958
11.71473
13.09812
12.53383
13.22317
11.21685
13.28081
12.7653
13.37823
12.29682
13.05891
11.61618
12.55333
12.72772
11.90106
12.95734
11.2203
11.84803
12.56044
11.18217
13.89846
12.43382
12.00068
10.83059
14.19832
12.68942
12.27759
12.31139
11.79649
12.93979
12.69629
12.6321
11.82744
12.22209
12.82858
14.25448
11.59194
12.59721
12.90343
13.55432
12.93475
12.89653
11.66265
12.90477
11.65767
12.19135
11.65111
13.00409
12.24315
12.24129
12.83829
13.04111
14.13682
12.00876
11.71758
13.85897
13.03732
11.2295
11.81219
11.93113
11.49566
12.51491
12.41665
11.81721
12.19538
12.06192
13.14628
12.07146
11.53294
11.89511
12.07283
12.10798
13.14963
12.26424
13.37449
11.76283
12.0161
12.09205
13.37321
13.11532
13.98756
13.95914
13.54611
11.7096
12.75207
11.89908
12.05884
12.06801
13.54416
12.50993
11.47231
13.23528
12.20348
11.61918
11.34604
11.25837
12.32379
11.59695
11.82902
12.25737
13.60451
12.83808
14.55953
13.69905
13.6997
13.04452
11.65855
12.81648
12.08405
11.97514
12.75897
11.82161
12.75769
13.65954
11.72858
12.48869
12.67508
12.61651
13.06635
12.8298
12.59822
12.99
12.97624
13.6293
11.95308
13.16175
11.00238
12.98245
11.91462
11.11251
11.81453
11.50556
12.63943
13.29485
12.35573
13.00059
13.46206
13.60939
13.60425
13.90966
11.17611
13.23862
11.81988
13.09688
12.1887
13.27596
12.08488
12.31095
13.5177
10.68721
11.89913
12.83151
12.89513
12.96536
13.23308
12.21265
11.58572
12.22965
13.32465
11.15809
12.70501
12.17356
11.74883
12.62694
12.93786
12.9422
13.80334
14.66082
13.314
12.50917
13.90794
11.55227
12.21333
11.82675
12.75952
12.69715
10.82241
11.98232
12.08589
12.18603
13.52624
13.17584
13.25237
12.65093
12.30019
12.26726
11.23226
12.98123
13.86562
10.97119
11.83702
11.78474
13.18781
11.57595
10.73627
12.18816
12.12512
11.81982
13.08164
13.24342
12.43442
15.06601
12.15793
12.16541
12.49137
12.28054
12.00143
14.29143
12.58105
12.48956
12.54662
11.16158
11.72244
14.07648
12.82421
13.83725
11.71391
13.18477
10.93805
13.64138
12.69771
13.03092
13.01798
12.07976
12.53256
11.64482
14.00416
12.30637
11.65022
13.2862
13.45394
11.88623
13.4283
12.45872
11.52397
13.40789
14.0117
14.07302
12.15798
11.77191
13.34486
12.69317
13.49041
13.20994
13.44594
12.78882
12.7571
12.42515
13.91696
12.44213
13.0044
11.27333
13.33351
12.19792
13.60937
13.05536
10.7491
11.8055
12.69164
12.28941
12.55281
11.90569
12.15832
12.18012
13.382
12.98352
12.801
12.76619
12.79434
11.9751
12.58546
11.99173
11.04079
13.59421
11.48118
12.46329
14.14117
12.47298
12.35948
11.65278
12.80784
13.42465
13.59113
12.2495
12.93253
11.83758
10.82251
12.15643
13.16914
14.05536
12.12431
11.70875
11.81536
12.13745
12.97008
13.19735
13.18208
13.11289
12.76841
12.54568
11.61076
13.32342
13.17152
12.23308
12.29169
13.1917
11.61719
12.2735
12.69874
11.17681
12.60874
12.63831
12.5978
14.02093
11.85875
11.34918
13.54633
13.31913
14.02917
12.62206
12.14254
12.18306
12.11449
11.51334
12.21427
12.39942
11.47719
11.72014
13.78772
13.29076
12.94202
11.92442
13.40364
12.55311
11.62252
11.66814
11.96366
12.13769
13.0283
12.00213
12.35644
11.30563
11.63455
12.27976
12.78576
11.91874
14.24557
10.74235
11.96933
12.8723
12.51846
11.83578
13.40801
13.42278
12.38563
12.39659
13.56966
12.39886
11.70233
12.53534
10.89988
11.34819
13.4884
12.10888
11.99518
12.57691
12.90581
12.51907
12.86424
13.78171
10.94246
13.07488
12.47024
11.63119
13.16757
10.96773
12.24726
12.47763
12.86653
11.48885
11.45663
13.35573
11.65051
12.94935
12.31411
12.39795
11.41375
12.30861
12.58217
11.86088
12.77656
12.45648
12.77287
12.14311
11.89202
12.93985
14.23113
