62.72633
62.43837
62.70416
67.00746
60.98201
56.63968
60.48769
60.86127
60.00835
61.80891
65.39756
62.0476
64.20129
58.95286
58.16325
59.83783
58.29022
60.50898
65.68995
57.27446
53.70639
72.89035
62.93607
70.29249
56.22107
60.61356
59.07178
62.16713
62.38038
56.09819
62.23806
66.09338
63.27872
60.06883
63.85071
66.57546
59.53911
56.23005
55.60998
58.4581
61.9037
64.04372
54.34043
63.27092
66.50613
68.89081
71.38552
63.41476
58.77932
61.81997
55.05251
66.47472
61.85136
60.67758
62.60528
57.576
60.29171
65.66776
57.27518
55.61735
60.67928
66.79589
64.37418
58.83975
64.75827
55.4843
60.84121
55.42626
59.7468
59.24983
62.53322
62.14793
59.94214
62.76769
66.76312
62.14416
55.58524
64.08308
60.44372
65.18168
64.79997
68.06399
66.35766
63.63108
61.10194
57.90812
67.19266
61.03991
65.6732
62.16118
63.04543
62.66757
61.49648
58.01538
63.83374
67.14173
58.21673
65.24174
60.63188
58.10018
57.84089
62.30413
65.46444
59.01651
59.09024
62.62403
58.95011
58.42742
61.88026
67.01733
60.73181
62.98984
61.8618
59.84273
58.13562
59.73629
63.11568
62.60221
66.3318
57.98215
60.77755
67.09385
62.04867
60.01265
69.46628
69.47471
64.62199
54.69519
60.66902
65.80448
63.31082
59.59086
63.63914
62.73893
65.26567
63.60516
65.54077
56.64786
64.07604
61.78449
57.3097
59.84055
58.96721
66.24887
59.35298
65.70122
66.86314
67.30949
58.10591
67.4281
63.77954
61.36178
63.44233
56.42586
58.06706
67.23023
53.22105
52.96586
69.54069
61.47676
57.49425
62.37077
66.7635
60.10448
57.65938
65.41416
67.17426
62.44991
58.19704
59.75605
63.03283
66.21591
64.35575
62.13729
60.69535
61.95745
74.54
65.37054
58.53154
58.96584
60.24726
62.75109
55.7253
71.57489
59.26839
67.42746
68.19752
58.87049
72.75016
65.72283
65.78979
65.25116
62.77652
62.41588
67.78881
65.22327
60.37786
58.56231
59.53655
64.01952
59.19925
61.99335
56.73257
56.07602
61.32678
61.76009
57.86768
61.68037
68.80273
57.59789
58.84233
61.49503
58.68264
61.90212
62.68189
61.89455
66.53551
66.60286
61.32959
63.40192
68.08024
60.80868
59.10374
64.00787
67.93347
63.4333
58.76837
56.16699
60.02567
61.87772
57.80275
61.17846
61.31674
59.23593
58.80437
58.76649
60.06168
58.42156
63.23296
60.14738
66.95352
66.2534
59.03577
61.01323
62.0568
62.9265
60.1454
65.87038
67.62726
61.41761
69.19875
56.92209
63.45758
60.12455
58.09688
66.86466
65.50819
61.31802
67.42692
66.85452
55.22136
61.39008
60.89319
64.42536
59.43224
59.16207
61.29298
56.7066
57.15551
64.45651
57.60638
64.87612
64.53742
57.39045
65.14976
60.51515
61.57227
66.61586
62.51882
63.69909
60.1338
57.42783
60.18272
61.06147
63.55325
58.39295
56.66239
65.18505
62.2785
64.2398
63.7459
63.87028
63.65873
60.41946
65.79325
60.46808
61.39878
63.35424
56.88029
61.44501
68.56248
66.8419
63.39187
60.81026
59.5778
63.71621
61.84213
62.42721
62.85243
59.05485
62.79006
67.30591
61.0397
62.05124
59.77699
60.85695
58.3628
60.23634
57.75522
57.26569
59.15039
60.8088
55.84461
61.6703
63.73179
63.44975
58.27066
63.49885
61.62948
60.0271
69.0038
61.02551
58.7415
67.71351
59.27473
60.6705
62.25042
58.38197
58.4916
54.71163
63.89338
68.07623
66.51725
59.79625
68.42438
61.61579
59.73332
58.63794
62.2353
58.85291
59.47159
63.73924
60.736
59.19973
63.75092
57.72886
56.31137
54.51721
60.08865
60.59961
59.76332
74.13808
64.46182
55.52662
58.09665
62.96989
57.82522
58.60296
57.97447
57.10354
61.22587
58.75042
62.3195
65.01911
60.53293
62.14191
55.64035
61.29671
58.76323
57.59744
62.03448
59.17774
55.58919
52.39779
63.6663
58.23245
62.01937
61.35684
59.55347
60.13327
58.24632
57.29523
58.96936
58.15219
57.30095
58.64108
51.04796
59.09984
56.6143
61.02618
54.37538
62.52923
56.55119
56.10876
59.2266
56.08727
56.11371
52.62841
55.68221
58.0873
63.11793
61.66768
63.83606
59.4866
59.18996
54.61721
56.50405
60.09454
56.02934
53.4078
56.32917
57.99627
54.40994
59.37201
60.57573
56.42834
53.51732
53.11112
57.64688
59.83646
51.91208
59.31124
57.60603
52.16465
61.98677
60.55872
58.4667
57.28141
59.68948
52.08816
55.06135
62.69769
54.68293
54.99756
52.9159
50.09092
58.07099
57.4181
54.89375
61.16131
56.43413
65.23875
55.29685
57.21209
58.49056
62.47948
55.71369
58.64291
58.02112
55.81809
63.81485
59.08553
50.38404
60.81356
54.96935
55.17708
59.51059
58.10316
52.47655
54.68953
56.08266
53.23545
54.91365
52.22914
59.99957
54.9376
55.15884
59.16205
54.39446
56.71858
58.19785
57.87112
55.03463
54.52156
57.87327
52.16021
52.7584
58.56463
58.28149
58.09809
53.72594
57.03397
54.23925
54.30141
49.95776
55.35989
54.02469
59.87403
51.92944
55.60704
