84.44644
85.11844
88.40942
88.61892
92.03602
91.47773
94.1882
93.37908
92.09746
91.17224
92.58409
90.5095
91.86483
93.48974
93.24039
94.10829
96.10113
97.39575
96.26709
96.74604
96.74677
97.00573
96.99134
96.92812
97.271
98.2261
97.29956
97.04114
96.78713
97.29623
98.15488
97.61571
95.08957
95.97919
96.65485
95.89851
96.46002
96.68137
96.02592
96.40285
94.98726
94.1779
93.73021
93.99814
93.43658
93.34827
91.3203
92.15686
94.58464
94.50774
93.27543
92.49007
93.2366
94.17654
93.80966
94.15361
93.1172
92.44894
92.47141
92.79647
91.802
90.87444
92.26954
92.2959
92.28874
92.88264
91.53152
91.27852
93.07202
93.83144
94.46462
94.77208
91.93914
93.14194
94.01577
93.63597
94.11854
94.37468
93.01143
92.86443
93.47144
93.11229
92.27211
92.04405
92.80477
93.04103
93.81587
92.99555
93.08372
91.76235
91.47122
92.04555
90.53928
90.36561
92.60937
93.04731
93.14539
92.5901
91.6603
90.73311
90.88841
90.86943
90.0208
89.14965
88.34726
89.25861
89.87888
88.37676
90.34411
88.12006
88.60928
89.19167
87.454
87.27109
87.63762
87.31934
87.61114
87.42773
87.71388
88.18728
87.71668
88.34286
86.58865
87.56516
87.78433
90.33508
92.21435
94.56062
94.04055
95.01907
94.49558
94.69298
94.38075
93.96358
93.82889
95.22458
94.57297
94.43928
94.66299
93.83099
95.07671
96.3834
96.42154
96.86191
97.5044
97.57284
100.4914
99.12062
98.63213
97.77517
97.98901
98.65575
97.66079
97.89645
98.703
99.68194
101.5874
103.5892
102.1346
101.0123
100.5757
103.2111
103.0931
101.823
102.6573
105.2018
107.3638
105.5999
107.0511
106.1331
106.5365
105.6534
106.2309
106.7237
107.443
106.3795
104.3907
102.7821
101.1244
100.0536
102.4733
101.985
101.8874
103.3615
103.1448
101.3733
101.5759
99.22972
99.34372
100.379
101.3195
104.2915
102.376
101.4447
102.3629
102.1931
102.582
103.5594
102.4193
102.1787
103.0807
102.3994
101.626
101.1153
104.0308
104.8077
104.3773
103.6662
104.0742
103.428
103.3315
102.917
101.7813
103.252
105.0209
103.4282
102.2218
102.2386
103.3782
104.4174
104.8731
106.195
107.4109
105.8324
105.8307
106.607
105.9973
105.0131
103.9442
104.2058
103.7095
101.9484
102.0535
104.1445
104.3936
104.4748
106.1991
104.8429
105.7609
106.3562
106.6465
106.6079
105.7994
104.0276
104.1484
102.8105
102.2727
102.8396
99.71487
100.028
101.0108
101.9306
102.4272
102.2487
101.3648
100.6749
99.35968
98.93476
97.32274
99.09953
100.356
98.66281
97.64238
97.7142
99.11226
97.61496
96.9664
97.3995
97.85368
97.47511
96.26759
95.641
94.88732
93.54751
92.69172
94.2862
94.29388
97.26533
98.25912
96.41822
95.56542
97.0081
96.56008
96.40934
96.01505
95.11546
92.9518
93.51567
93.47447
92.79004
91.10567
91.38552
88.97089
90.56182
91.39917
91.05179
89.79852
90.75934
92.84028
93.58212
92.5087
91.83033
91.18928
91.13978
91.18296
92.99832
94.48341
94.12399
96.08786
95.3869
94.69706
93.69435
93.30853
93.06226
94.47179
94.53058
95.8285
96.70662
97.94297
97.02784
97.60937
96.72235
96.33562
94.50433
96.13163
95.6042
96.67228
97.52269
96.15705
96.34083
96.13606
94.92513
95.56926
95.45233
95.50723
96.53246
94.6197
95.13935
94.32017
92.73516
93.23272
91.86923
92.81999
93.60776
92.60074
90.92266
90.88813
90.21174
90.15187
90.358
90.71145
91.64184
92.99707
93.8075
91.63446
92.95023
93.41933
93.54627
93.66009
94.58709
93.80381
93.45572
92.25726
93.5508
92.2116
93.54797
91.15154
90.36976
89.33555
88.67506
88.06474
88.3279
87.51453
86.12898
85.68379
85.435
85.04796
85.07383
86.04505
87.58098
88.57545
88.81661
86.644
84.80586
85.66004
84.51023
83.60125
82.42757
81.79852
81.19292
81.46384
79.01563
77.28456
76.09065
78.15723
76.29496
76.82122
75.02351
75.31919
75.86284
77.53527
76.54839
77.28818
77.3664
76.69155
78.46724
78.51748
78.42024
80.09101
80.34591
80.89222
80.01817
81.30698
81.44978
82.14921
82.65548
83.484
85.3093
85.1326
85.40889
87.51008
89.13868
89.5391
89.44152
89.71569
90.03737
91.17684
91.48426
89.64863
90.02388
91.47256
91.92034
89.84904
88.86224
89.15268
90.37081
91.99755
92.69931
93.96488
92.40649
92.03042
92.0275
92.53311
93.96504
93.87492
93.79612
93.08714
92.09121
90.56412
89.95079
89.84079
90.80723
90.22389
90.94177
90.28812
90.19903
90.53479
91.8121
91.24433
91.89493
90.89415
90.25884
89.70036
89.39318
89.12865
89.94823
89.52469
88.90202
89.31218
90.37206
90.12942
89.05054
90.24576
90.11262
88.98632
90.03838
89.61004
89.19753
89.37528
89.26637
88.64901
87.56744
87.16635
87.39803
86.46618
86.65928
87.84358
87.2397
87.07212
87.0383
87.48638
88.08006
88.31604
88.86406
91.73296
91.62967
92.01906
91.02924
92.21009
92.61869
