0.2754444
0.2154748
0.2770555
0.2376081
0.2441336
0.3881188
0.3686143
0.5864726
0.5025609
0.3037907
0.8462966
0.9788902
0.5482601
0.1843823
0.4450575
0.2165548
0.6213702
0.8313672
0.877219
1.104306
0.1696207
0.407652
0.6555775
0.7041939
0.2847008
0.2212093
0.1979687
0.3059522
0.2060197
0.2338726
0.8105633
0.6714729
1.072128
0.3185136
0.3567774
0.2397426
0.4468097
0.3336141
0.3198386
0.2219947
0.6917782
0.1141435
0.2131306
0.5621523
0.3147039
0.7336405
0.1678358
0.3316499
0.2858223
0.2095639
0.6393069
4.214614
0.160382
1.458115
0.2121233
0.3373033
0.5075874
0.912243
0.2440969
0.2375521
0.2159903
0.7358428
0.241986
0.2187711
0.3935425
0.3299205
0.5586042
0.371629
0.4459888
0.1760054
0.3593293
0.2125657
0.3955398
0.6314253
1.588087
0.2252336
0.9471777
0.8537828
0.3647935
0.6285542
0.8115865
0.3799764
0.1903905
0.1647068
0.1922695
0.1955305
0.1114012
0.5915416
0.2140388
0.2908057
0.7999998
0.189211
0.3068727
0.4122285
1.083552
0.3319029
0.3958857
0.3989173
0.3850055
0.2055569
0.8141664
0.6858671
0.1106694
0.3344359
0.2616022
0.308922
0.3122502
0.2492458
0.2753316
0.3762898
0.5669389
0.3066949
0.2400713
0.1660093
0.247596
0.5022724
0.5898525
0.1274327
0.1440421
0.4330899
0.6763286
0.182615
0.4833619
0.2374685
0.1958664
0.1547598
0.3817021
0.566838
0.3217942
0.3306137
0.7697944
0.1849622
0.2209511
0.2089958
1.273546
0.2467544
0.193055
0.218067
0.2393414
0.9875183
0.2138857
0.4236362
0.3143499
0.3833939
0.4648068
0.281484
0.3602179
0.2709026
0.4528992
0.756912
0.2049356
0.3435135
0.5210995
0.2892328
0.2831663
0.4368655
0.2229915
0.1916762
0.200188
0.2583385
0.5224799
0.2945061
0.4585334
3.113816
0.1557769
0.1970583
0.5834903
1.036282
0.3155977
0.2228011
0.2868349
0.5938499
1.426486
0.2058517
0.2760029
0.2358678
0.4343143
0.3139626
0.3970223
0.5917199
0.799043
1.206847
0.2306483
0.5832836
0.7473116
0.3099352
0.3123189
0.6260478
0.2748912
0.9700406
0.1586047
0.2553353
0.3007869
0.3097726
0.07952804
0.4625589
0.6696176
1.065418
0.4575551
0.5899131
0.3892313
0.3256254
0.1099895
0.135706
0.3958245
0.1780608
0.6265583
0.3116536
0.2505262
0.2169656
0.3559352
0.4036258
0.1583825
0.2679074
0.7801419
1.592522
0.2824854
0.6145853
1.317192
0.8541967
0.2315976
0.2244468
1.56704
0.3860347
0.4428733
0.2449004
0.3999123
0.2666677
0.210369
0.2914747
0.2172316
0.2439535
0.2688893
0.830315
1.275632
0.9802089
0.6717873
0.2430938
0.4931363
0.1618582
0.5303917
0.4689185
0.4127503
0.1048134
0.4088035
0.203625
0.1361586
0.3136708
0.2884074
0.3620549
0.4475755
0.5146857
0.802109
0.3011375
0.5538761
0.1654012
0.7615737
0.2526853
0.4378605
0.2609251
0.4856405
0.2095253
0.3674869
0.5622844
0.5011567
0.3645978
0.3060198
0.1570835
0.1802425
0.5466194
0.4747913
0.2016575
0.3260594
0.4150966
1.288021
0.4363717
0.4072157
0.9472841
0.2992694
0.452802
2.753698
0.3286511
0.3154119
1.036611
1.100922
0.3100218
0.2623498
0.1957739
0.2571091
0.1929019
0.2631935
0.4139809
0.4360406
0.3825642
0.2754948
0.2963496
0.3554188
1.102242
0.4179102
2.27673
0.6266892
1.410586
1.009716
0.9555919
0.5621672
0.3134359
0.3333576
0.09420471
0.2062675
0.2325514
0.7586881
0.1493471
0.1369835
0.3811097
0.9346116
0.4876072
0.5802673
0.5705442
0.3500907
0.2808896
0.2078722
0.255807
0.2549227
0.3810566
0.6876899
1.385267
0.2615873
0.9927117
1.613904
1.089379
1.029874
0.4715343
0.5652953
0.3879782
0.8057207
0.3909101
0.4599035
0.4910832
0.8075256
0.8433055
0.3078715
0.4325976
0.2582603
0.4817037
0.3867496
1.309583
0.2408809
0.6191498
0.4883458
0.3463688
0.1080282
0.3919961
0.2544068
0.2553576
1.126653
1.832305
2.287797
4.889534
1.305368
0.2148332
0.246795
0.2018167
0.1676512
0.2545788
0.3401048
0.9476452
1.690329
0.2143402
0.1278497
0.5504024
0.3663834
0.3049546
0.5035246
0.5082017
0.1095849
0.2569731
0.2701187
0.1647519
0.1853152
0.3075565
1.10259
0.2775368
0.8888002
0.5616005
1.94826
0.3082804
0.4855647
0.5857698
0.6668495
0.2068945
0.1400864
0.2268591
0.675818
0.116272
1.207256
1.568974
0.7608036
0.449464
0.1445183
0.3383019
0.1255225
0.1830557
0.1980145
0.1993404
0.5008307
0.501596
0.4321454
0.26109
0.5952679
0.2731631
0.3723905
0.270767
1.010573
0.8367116
0.1779067
0.0996528
0.8776308
0.9369638
1.244107
0.3463924
0.9552181
0.2832279
0.6155945
0.660545
0.3458116
0.1883105
0.2675179
0.1991411
0.3621368
0.3155244
2.580273
0.4190189
0.2301381
0.6086317
0.2948526
0.3445169
0.1007861
0.3689012
1.174543
0.3436702
0.913112
0.5435706
0.2561118
0.4340629
2.088521
0.5644208
0.5159702
0.3504901
0.2434586
0.288969
0.5324238
0.2866179
0.2648718
0.5156651
0.4910335
0.3176927
0.3474668
0.2164462
1.081914
1.177829
0.2986602
0.3935897
0.6035142
1.621131
0.4735531
0.2631851
0.1385894
1.329706
0.3328952
0.4863074
0.2221573
0.1372505
0.3901988
0.810066
0.765425
0.2289104
0.4096057
0.1762853
0.6638898
0.2929973
0.4770981
0.4907817
1.330189
0.2863754
0.3099006
0.3452004
1.281022
0.5522336
0.6287794
0.3591049
1.183396
0.3123982
0.9630531
1.086567
0.7769207
1.014032
0.7566795
0.1431793
0.112194
0.6576051
