59.4747
109.9858
82.20431
147.979
189.4677
507.5054
7511.565
16590.44
17165.22
18273.41
19387.12
16379.43
18621.72
19570.59
15635.07
18761.46
16940.12
19881.56
19286.46
16800.03
19589.77
18465.64
19534.72
17110.24
19179.57
19155.35
19361.77
23555.9
21396.33
18409.13
18577.23
15834.5
18193.71
17236.79
20970.74
17765.51
18721.99
17918.83
17599.94
21192.38
17338.8
21126.47
21278.29
17899.18
17890.69
19651.77
19084.57
19629.03
19119.35
18856.92
19455.46
19703.84
22553.87
18542.5
16334.93
17794.27
17309.87
20630.4
16653.19
15345.35
17936.36
18847.13
18628.02
17380.16
17108.06
18433.99
17527.62
16289.39
19309.69
16323.44
20693.85
19687.5
19041.52
16580.11
18265.71
17705.29
18417.89
21306.02
17369.45
17814.03
19317.01
16551.26
18355.37
17214.61
18339.4
19947.53
20921.18
19013.37
16358.94
18612.6
17171.62
17429.45
17166.58
22631.77
16146.15
19015.5
21577.49
17275.24
20729.66
17293.81
21257.82
19796.94
20960.81
20352.07
19989.89
18136.85
17928.99
16050.39
21918.22
21791.19
16502.32
17952.38
13537.96
19058.48
17627.47
15766.14
18019.17
17338.65
17245.09
19511.79
16932.79
18217.57
17335.8
16962.69
16148.8
16592.22
17577.26
16751.13
18233.91
18872.65
18513.65
19690.24
20755.46
20941.47
18992.77
15302.74
15872.48
22847.27
19822.87
20082.48
20627.98
19384.28
15487.49
17393.4
17287.22
18048.62
17840.61
15351.53
19810.91
17871.15
21106.66
18197.94
21056.07
18399.62
16872.83
16094.9
19359.64
18442.89
22415.68
19253.82
15774.5
18710.76
19210.4
20439.89
18705.28
20027.49
19782.58
17614.28
16525.56
18061.65
16887.51
19834.13
15707.05
17989.04
20289.75
19480.85
16871.35
18335.1
16908.16
17260.41
17657.43
18071.87
19299.13
20441.99
16718.73
19775.97
16770.08
18455.89
17812.49
19195.82
18370.21
18803.96
20270.05
19929.2
17380.03
19767.19
20021.12
20456.39
17462.57
18875.32
17009.17
18841.02
17292.88
17479.6
16187.18
20051.26
15956.8
19603.68
19265.52
18323.75
21147.23
17891.31
20265.07
15651.23
18549.19
16511.89
20442.99
17438.17
20345.93
19225.82
17993.71
18492.53
20970.74
16620.69
16057.37
15867.2
16516.97
19218.8
16167.15
15146.15
16878.08
18794.62
16942.03
19444.34
15407.89
16400.86
18724.75
19025.82
20677.79
18115.88
21658.61
20629.92
20876.12
19728.95
17406.46
17056.27
18129.48
15016.2
20811.33
15902.77
20149.06
17494.45
18652.65
18564.17
16154.52
17137.35
18190.15
18577.74
17125.99
22804.06
16883.62
19325.26
20712.11
17202.95
17243
17669.12
17476.57
16652.48
20718.88
16438.8
18838.07
18896.21
17494.41
17337.48
19643.24
18105.19
20204.12
16615.27
17404.65
18229.48
18156.48
21025.08
18875.57
20006.6
17912.38
18745.87
19871.97
21080.21
17636.71
19851.16
17468.72
17677.69
17797.75
17558.67
17967.71
17175.02
17381.77
18232.14
19765.53
21689.64
18488.4
18852.91
18306.61
18959.87
18118.92
20191.76
19149.41
18757.04
18934.12
18111.63
17753.64
17284.75
18432.9
17105.01
19500.81
17674.75
16394.41
17753.54
17873.56
18529.78
20190.85
18215.32
15689.68
17062.05
17626.6
17894.19
20653.93
17184.92
16632.03
19674.1
17982.83
16885.08
17962.58
21410.71
17293.42
18187.34
20176.04
21225.24
16986.62
17927.48
16940.24
17998.03
17757.7
19699.71
19848.6
15582.45
22298.37
17065.69
18251.2
17166.77
17434.11
17932.14
21726.17
18868.31
17558.3
18163.23
17189.48
23512.85
20404.57
18287.48
21836.14
17593.34
20130.16
18631.77
15264.18
21643.29
19327.14
18090.79
20023.5
14321.86
18230.44
15845.94
22745.01
21193.31
20947.1
19197.67
17758.3
17473.01
22481.44
17754.3
19051.05
18882.54
19467.14
19908.82
17375.48
17146.4
18587.32
18981.44
16096.34
18328.92
16984.11
13679.88
19306.27
20254.99
16474.23
18061.32
18590.31
15385.97
20060.75
17950.88
17874.61
19724.29
16746.76
19969.5
20763.4
19269.89
16924.69
17455.26
20610.49
20107.54
17554.46
17578.9
18855.83
19788.18
20966.16
17911.04
16632.22
20598.63
16930.8
18958.73
21545.79
16833.95
18270.94
17486.07
18227.01
20509.75
18856.42
18965.84
19107.55
17870.95
17772.12
15632.07
17821.02
18699.18
20921.86
19497.14
17825.33
18308.59
19316.01
18102.34
18348.5
19293.84
19558.82
20198.06
21593.26
18713.91
17688.18
18801.35
17042.87
16344.42
19412.69
16882.22
19452.37
20542.96
20858.73
19788.69
18913.82
19318.47
20049.01
17436.04
18755.62
19132.01
16677.68
17576.21
16937.59
19485.01
19714.64
19573.14
17578.26
20888.59
16427.95
17344.78
19190.91
17399.01
19328.16
16259.73
17523.46
17216.65
17634.13
18796.27
21262.44
18238.45
19201.4
19634.72
18828.55
14946.58
18069.13
22265.03
16172.32
18417.14
15307.04
17602.66
18182.56
19247.84
18197.69
16480.22
22356.33
17482.7
18706.15
16507.58
