1234.455
1009.276
1272.796
1235.353
1507.369
1103.814
398.5884
2136.903
1820.981
1216.324
910.7455
655.6041
520.4189
963.8999
732.4744
421.2359
1104.544
1743.553
714.5635
3855.302
862.7977
958.7628
1178.651
2297.302
856.2815
1278.283
1325.483
558.5798
1209.424
607.5221
328.6019
1064.861
1067.94
998.1283
686.6606
1052.466
1431.681
1222.448
1118.329
808.9442
327.8923
677.0194
2493.73
2428.517
454.448
775.5223
3077.875
1959.08
920.6231
1238.065
466.9874
658.638
755.6107
509.4048
719.1054
1299.391
1082.167
996.2417
866.9379
1056.983
713.9191
1187.337
1306.158
2630.905
1525.614
1225.986
399.2883
1111.065
745.3303
1051.223
1280.655
2109.023
1037.797
1282.379
1307.149
1259.373
998.6282
1247.878
603.2276
398.9232
1189.426
1045.05
2103.701
1016.773
1670.376
934.7549
703.547
1039.534
970.88
916.5533
843.6421
623.1022
1186.777
917.3797
2315.038
565.1681
1055.676
1290.501
432.3184
1299.348
1560.213
462.7776
899.4395
542.689
560.4371
616.289
765.84
1918.865
777.9399
1100.358
381.0549
3032.62
511.8006
508.9332
1030.633
558.6309
675.2056
710.3353
1193.985
398.4206
856.355
949.5047
1106.127
957.1916
1445.273
1766.142
1066.682
661.6082
1178.591
780.2251
672.4663
684.9226
991.6213
870.6481
782.7788
1051.323
650.8303
1220.479
2185.317
744.8391
1983.077
966.3713
1383.316
1211.606
536.4856
743.1939
624.0852
806.6547
696.5519
1652.31
1184.112
1253.073
837.3884
1698.742
1081.047
875.8542
2034.925
2156.027
1116.347
1398.737
1783.371
777.4798
752.7389
1866.927
387.7713
378.4259
1139.292
1557.598
1368.635
1796.837
455.8871
697.3667
2528.797
1155.088
890.5627
1067.658
473.9094
512.2344
545.1193
1043.447
626.8177
502.3078
801.3894
928.083
932.2705
703.7581
760.4414
424.3827
519.7202
1309.889
864.2058
1199.976
520.2227
757.3569
1595.929
1420.037
1555.361
1597.876
1090.149
929.8689
775.8665
549.9464
2589.252
690.877
2302.955
861.6807
1079.507
946.4164
1161.548
1236.166
1397.19
1188.586
707.4729
1528.431
763.2369
893.8983
2360.818
2023.689
2656.004
3862.019
1135.524
635.8871
1827.246
684.6005
419.9721
589.886
572.8539
1381.63
856.8805
1181.698
926.3715
493.8394
1154.732
752.6743
1252.653
650.1414
1039.015
609.2026
441.0582
1516.581
813.4111
1013.293
2234.981
687.7009
620.2492
489.0812
1084.031
1116.964
558.1714
2522.576
2036.431
597.1618
599.9955
895.0982
1424.129
1433.042
1414.117
972.8511
625.9318
767.7873
719.6021
1060.463
2047.494
1417.549
771.1832
498.7484
1542.502
1250.205
1287.136
584.4423
806.7551
1047.575
609.414
1358.825
962.4691
1073.83
2514.055
747.9415
1004.388
1523.139
818.5747
584.1868
2055.846
833.4394
1074.012
1228.93
841.9987
1357.125
1026.56
1145.702
751.3554
685.7665
1078.267
950.3735
1403.939
1017.678
1159.741
650.4603
1546.698
1013.444
1627.431
496.4718
337.4062
560.2563
1321.204
489.6413
1017.135
783.1972
781.9153
1864.883
1111.84
803.7846
1592.863
1075.505
3037.906
1384.765
1027.391
792.602
756.4074
960.9895
1238.68
1425.623
1360.47
894.1434
931.0258
1194.664
1707.833
1992.091
1354.416
622.5635
1332.201
1001.965
1809.603
661.379
821.4719
1224.682
881.395
1748.269
1064.726
997.4543
1116.253
699.0865
553.7403
807.5807
824.3802
524.4599
489.632
839.4696
1929.699
1505.205
713.1122
1092.53
1437.737
871.7708
2329.536
506.1253
2443.35
654.2162
1306.485
1184.405
3234.664
1221.379
1054.234
1909.449
566.8406
2850.68
996.0204
750.9615
1240.836
1334.029
2401.98
1327.168
986.3798
1038.212
2942.526
865.551
1533.748
876.3411
720.9082
1464.868
1201.84
1154.226
2802.132
966.6279
797.7875
1904.693
1342.276
586.9613
974.921
1290.353
647.1506
1235.191
1195.678
1117.067
814.071
1033.378
685.3019
1438.066
1382.521
1620.053
1063.228
926.3695
1096.596
1188.199
1018.959
777.6265
485.5984
1114.359
808.4283
1428.592
1909.514
1188.285
876.2991
1474.637
1634.608
2292.431
1627.119
421.2339
657.1042
1039.228
1871.713
705.979
938.5948
637.0636
548.1426
460.7436
472.6615
795.2094
2652.853
1347.053
1072.219
1875.317
590.1654
1041.657
1990.04
1973.627
1126.796
1396.765
832.7357
1416.467
1465.184
1031.023
503.562
929.1239
3145.537
1976.74
1571.438
1801.281
541.1027
1105.316
509.7884
4435.138
4640.867
1680.148
1735.917
894.213
3128.713
2112.691
1662.249
1040.786
3537.126
793.0933
652.6009
1557.201
786.5323
1905.272
1334.087
1777.946
875.4005
850.2003
857.1479
617.427
2539.708
1329.934
3468.408
778.8738
1309.515
1148.945
1382.073
2977.939
548.975
620.08
1419.052
1002.473
2325.469
1455.571
905.8742
826.1976
1292.196
1546.767
892.0511
949.9119
486.4436
1020.216
985.1915
1186.739
652.7516
929.0743
2189.867
328.1152
