103.6494
102.1676
101.1961
100.3753
101.2579
100.94
101.7036
102.9972
103.8558
104.2522
104.3918
102.8978
102.1487
102.2764
102.3517
103.0337
102.961
104.5337
104.3416
102.2077
100.1771
100.7092
100.7966
99.89928
98.71216
99.1901
99.89648
100.0684
100.4886
101.6273
100.9131
101.2793
102.0497
101.9379
101.107
100.5817
99.30116
100.1229
100.7315
101.5341
101.2148
99.90213
98.09285
99.69942
99.75301
101.7572
101.08
102
99.14077
98.43611
98.63507
99.93053
98.62889
98.41905
97.8232
98.50529
98.10144
97.97096
98.35076
99.08168
99.70773
101.3353
101.5642
103.2904
102.4999
101.5822
101.6746
101.9453
103.8874
103.2295
100.9983
101.043
99.65829
98.28422
98.54072
99.49032
98.92181
102.4165
102.3123
103.2565
105.2753
105.1605
105.8011
105.2519
105.5998
104.7
105.6328
106.2128
106.9951
106.4732
108.6295
109.4801
109.3347
108.2674
109.0673
108.8572
107.9466
107.8815
107.1282
107.6791
107.3901
108.3857
110.2475
110.15
108.7505
109.7846
110.362
110.0729
109.8543
109.7563
108.4621
108.8488
107.6459
107.8761
107.7493
107.8176
108.6462
109.2323
108.5977
107.5707
107.9735
108.3355
109.0203
109.2577
109.3371
108.8843
108.0433
109.6299
110.6586
111.4123
109.5217
109.5817
107.5295
105.372
105.438
105.2271
106.2486
105.8581
105.1777
104.1739
104.4272
104.5547
105.0857
104.5486
104.8588
105.6556
105.0592
105.0076
108.0398
107.9581
109.7597
111.2441
111.0345
110.1537
112.0431
112.9483
113.2275
111.1885
108.5634
108.3582
108.968
107.0013
107.4253
107.8228
107.5974
107.1773
106.5782
105.9258
105.1852
104.9051
104.7609
104.2418
104.5401
103.1628
101.3535
101.2786
100.8247
99.99094
102.097
103.0823
103.9523
106.1724
105.126
104.6405
104.9763
105.7334
105.5246
106.1705
107.2212
107.0822
108.2542
108.3559
109.4418
109.358
108.9878
109.1271
109.0245
109.4526
110.6456
110.4922
110.7988
109.6059
110.3462
109.4463
108.648
108.6156
108.3453
108.2097
108.6504
109.7711
108.6392
109.1134
110.2126
110.818
113.7496
113.9967
113.6198
113.7858
114.5021
116.7267
116.3006
114.8601
114.984
114.6253
113.3472
112.325
111.8234
110.5132
111.3187
112.7562
111.5424
110.608
112.1903
109.288
108.6399
107.5801
107.4813
107.6734
106.5566
106.3956
106.4685
105.6245
103.7837
103.6693
103.3782
102.97
103.8124
103.9148
102.7369
102.4454
103.817
102.991
104.0262
103.1677
103.4519
102.4942
104.0252
106.0487
104.2182
105.1941
106.8095
107.903
108.1512
107.3976
105.5673
104.7459
104.5558
104.182
102.5104
101.9284
101.3601
101.1563
99.98981
100.0431
100.0525
99.0053
99.44908
100.3564
101.0166
100.3333
98.84302
98.58209
98.64428
98.71388
101.5587
102.0237
102.6432
101.9167
100.7009
102.8883
102.2894
101.0742
102.2595
103.1684
103.4024
103.9911
103.0052
102.8415
102.1163
102.0073
100.0459
100.3301
100.137
101.2077
101.1962
102.9799
102.9996
101.7278
102.6702
103.3783
103.4276
102.3577
102.4119
101.7407
102.0441
102.6257
102.6709
104.0845
101.8287
101.9547
101.8617
102.2073
103.1348
100.4051
101.4135
102.1921
100.1404
98.15533
99.00895
98.99325
100.4351
100.2996
99.89227
101.2412
102.3094
103.2734
103.5111
103.387
102.9537
100.8728
101.5548
101.979
102.4649
103.3637
104.4837
102.4189
101.8304
99.40023
100.1347
100.0098
101.0536
100.155
99.83367
96.94068
97.2152
96.85234
97.05309
97.92709
98.82244
97.38108
97.56196
97.77132
99.37766
99.75239
99.8057
98.82873
97.38985
98.61598
97.83811
98.28932
97.83652
96.86648
96.86838
96.56028
98.33266
97.9554
98.04347
98.44277
100.508
100.121
99.3171
98.14141
98.59828
98.27745
99.08958
98.8528
102.038
102.4518
102.2511
103.8345
105.3867
105.0122
102.9979
104.6898
104.4669
104.1577
104.3179
103.8084
103.6049
103.6505
104.331
105.3964
104.4382
103.9343
104.4891
105.4311
104.4439
105.5231
106.0266
106.2572
106.8974
107.0199
104.285
105.2506
103.8512
103.9966
104.8098
104.7857
104.4279
105.2223
103.9992
104.943
104.9622
107.4439
106.8778
105.536
104.5867
106.038
105.7526
106.0647
106.3488
104.8368
103.7972
105.0487
104.7661
105.1994
105.9477
105.0775
104.9096
104.1425
103.5925
101.6149
102.5405
100.7166
101.5849
98.93895
97.97807
96.13175
95.95457
98.10541
100.0798
99.39637
99.29413
98.95754
98.85634
99.42017
99.72701
99.69687
98.77877
98.71029
98.57781
98.91622
100.5788
100.5575
100.6016
101.501
101.8536
100.8368
100.387
99.58757
99.45428
98.64956
98.43904
97.33866
96.60168
97.8048
97.90034
97.71451
96.84602
96.0775
96.73613
96.35624
95.07198
94.01275
91.11195
89.88739
90.41233
90.06783
88.9879
88.83226
88.19197
88.51641
88.989
88.99167
89.26256
90.1868
91.11915
91.465
92.01128
89.64806
