23.56417
34.6355
47.02805
45.47459
83.54097
66.96031
119.504
143.1205
175.3772
99.79552
84.04864
109.1463
63.59456
141.648
151.2116
81.83116
123.1731
93.0186
92.76856
158.7474
231.0896
329.614
728.8127
566.0095
1782.888
5005.251
19612.1
23326.24
22597.69
18176.36
17582.54
14537.95
28065.29
16571.35
27237.05
22735.33
24255.01
22436.48
13673.9
15828.4
18398.3
25390.23
29379.6
16130.09
24877.32
17550.33
13407.29
12943.52
16156.3
19115.26
23449.5
14719.09
13668.49
14659.63
15691.06
13234.48
18361.7
20540.03
24862.95
17085.91
15283.28
13328.68
15852.53
18556.45
22100.8
27386.86
18748.74
17420.34
21824.9
12572.62
17236.49
22491.49
28808.36
15258.44
17557.26
15348.18
16265.31
16443.51
15964
18417.3
30574.33
38579.7
15923.28
12678.15
19925.05
17350.36
21735.62
20936.55
17998.59
27693.85
15958.53
18229.22
30172.67
24431.37
21209.25
16429
13528.49
10691.82
15254.93
21676.44
15565.53
11350.87
16659.14
25862.86
10196.53
15714.9
18175.59
16457.3
12734.74
15248.62
23092.83
21302.53
18449.61
22939.2
21524.78
17967.68
16277.74
26434.47
24381.87
16554.29
13001.21
32070.72
17313.11
23550.22
17247.49
18119.19
18934.35
10828.45
9329.833
16247.5
12453.77
15754.76
21269.26
16952.81
22955.42
15651.03
17742.18
22063.04
18976.4
39207.29
34392.13
22368.03
25971.11
18263.76
25286.8
19237.97
28130.19
16408.63
16034.37
18824.36
19266.59
14179.02
12446.14
11243.28
11583.25
19891.3
21455.15
10177.53
11588.67
21481.81
19387.22
25474.84
28138.7
28687.49
33942.25
23177.88
20478.75
26779.08
30185.65
22407.59
22299.32
16520.69
17635.78
18201.31
20751.9
19045.28
15848.79
20015.46
25586.51
21508.74
24433.37
16368.68
11375.77
20578.62
17078.04
15447.58
10771.04
16673.98
17690.95
15656.61
15074.75
15019.41
9759.856
12746.34
31328.23
19248.92
15980.07
19008.92
18091.8
20798.27
18115.7
14766.33
13120.96
18775.33
18290.51
22876.77
28164.74
25541.39
14638.11
14496.59
14719
23107.93
18871.4
16855.09
20982.24
12387.98
11038.89
14752.58
15365.07
29617.33
13961.7
20084.01
14339.33
20638.73
24651.47
25021.2
25978.49
24312.8
24359.79
13946.58
13216.83
13240.19
16886.28
11419.13
10191.26
14072.37
20389.33
16866.7
22789.11
35313.54
20053.93
23873.73
22223.61
18071.42
18569.26
15997.12
24454.65
29361.43
26020.13
23395.68
20489.32
18873.08
21365.63
13173.31
22446.26
21365.55
24745.91
15012.63
14977.6
25385.64
23280.55
21004.27
21022.62
14073.16
22910.85
23759.19
43049.98
17802.4
24652.89
14907.53
13002.22
18154.13
16315.3
21882.73
14719.09
19033.99
13819.07
14291.02
19810.9
25794.93
18468.28
19094.03
10120.28
16730.7
18462.58
18899.61
21616.83
21161.3
14775.01
17646.01
18169.84
19921.99
17159.43
10501.34
20204.22
17388.9
22918.93
16185.5
17811.12
14714.33
17332.36
13740.19
18755.17
11773.7
17698.01
30029.57
23773.56
34669.46
20026.85
15269.68
9903.181
14432.27
19826.48
17354.83
15887.28
13306.65
22666.69
19339.73
26461.5
34593.47
21862.27
17938.5
13902.05
22177.12
20802.21
21719.89
18441.52
26965.4
29992.05
16934.18
14922.47
16651.12
21084.58
20129.41
20785.5
13886.15
18314.5
16371.42
15276.59
15017.77
14562.65
12238.88
17770.82
21032.16
12905.44
18197.6
16278.55
21803.44
19113.23
14615.74
10114.57
13877.7
20214.42
18403.16
16814.25
19900.63
12457.05
16970.43
20784.98
22328.69
26772.22
24579.11
15007.61
14146.29
21097.84
19919.43
20246.56
22923.93
23056.74
18544.91
18774.33
22331.14
17583.08
16208.32
13201.98
19979.29
19875.89
19628.57
25340.14
25616.11
24993.5
20883.15
26321.39
20066.33
16956.89
15947.41
14390.87
14532.16
20543.47
26257.38
22362.38
22416.95
23296.34
18730.02
26738.3
17448.61
14856.91
20085.19
17547.21
21284.44
24424.52
27759.18
26389.28
18835.81
18270.12
13959.11
16181.68
17990.25
15642.73
23804.43
16265.94
14751.3
16607.46
14037.49
14313.23
11133.79
17929.7
15107.5
20197.68
31813.95
14197.23
17707.62
17639.36
18724.43
21685.86
22420.69
22969.28
22813.22
22189.76
18610.49
17351.44
18878.2
27644.44
20833.63
25695.66
19036.94
22943.08
21112.93
15967.31
21014.69
25255.97
28859.83
21289.27
26570.15
28304.6
29625.77
22929.23
16698.2
15602.61
18034.88
18362.76
19403.85
23098.04
18300.66
32366.69
18997.36
19457.52
12621.58
35280.16
22522.55
27744.73
15477.5
17197.34
14304.04
15325.38
17848.46
16126.63
21686.79
17447.58
17811.18
20434.19
21321.66
22433.14
19695.14
19155.92
21714.72
16528
25137.58
13933.45
13189.7
15551.77
13440.57
12109.04
16731.47
15056.2
18546.29
14900.59
27636.73
13772.87
11468.74
24974.52
31937.08
18599.12
26091.49
17665.53
15611.31
18061.19
19888.71
12913.7
15066.67
