104.5866
114.4596
113.015
112.1966
262.7515
277.3289
285.3093
235.8581
182.4025
94.43346
170.4447
298.3666
262.2331
255.5007
206.3396
133.7091
202.2515
227.6978
241.5904
481.0559
569.4373
227.3451
124.1602
88.30323
85.88121
85.12559
59.18324
77.4146
102.2913
97.99282
96.8621
98.38988
67.50927
122.3825
124.7436
98.18892
124.5056
125.5587
138.5864
166.5802
226.5726
160.5489
213.9821
349.8248
206.8355
273.8722
269.0786
250.8834
266.5559
384.1112
560.1368
426.8507
210.3453
155.4809
101.5005
114.3153
89.44661
106.7214
101.9738
166.2551
173.5486
143.2163
229.3397
237.4679
157.2062
164.6146
251.0275
202.9043
191.4946
256.6329
281.4188
440.8791
316.668
674.5017
521.4579
582.0471
600.6283
834.5755
463.276
415.1707
455.7983
512.134
877.8315
207.5176
204.836
136.8261
232.5684
184.165
181.087
345.7845
403.0395
282.9373
286.3531
344.8889
170.8493
289.4998
181.6227
304.5996
503.1011
261.2311
259.7278
244.2804
230.2773
223.8717
464.7972
639.9476
301.4626
250.1346
225.7372
306.6683
194.0266
267.9372
288.9673
313.2864
362.3077
124.0548
117.3123
128.1754
154.0023
143.6331
128.7271
134.2474
233.5338
269.0587
605.5057
531.6892
491.729
199.8911
180.8556
139.6869
191.7602
138.5447
157.7249
173.3253
118.6961
189.145
131.9798
213.338
147.9651
137.4866
171.83
139.7608
213.6819
306.5939
295.5732
237.1642
200.9367
197.8318
665.9856
628.1472
403.1943
267.5736
512.5652
418.6692
257.3045
237.0952
178.532
118.0089
169.2353
247.7712
254.4445
169.2612
227.9767
244.0759
205.7302
233.708
143.5551
109.6224
113.5483
299.9916
199.3713
305.1869
233.2822
232.5477
182.1197
216.7192
99.12498
122.0537
108.1683
126.5677
216.6462
152.873
146.6564
96.52355
144.0881
184.3754
142.1125
150.9237
148.695
188.8466
158.3185
116.0093
110.279
147.2576
112.1904
116.6175
120.4403
87.27604
128.3843
146.1399
137.7613
211.2606
219.6733
181.6103
158.4805
157.7766
207.7441
466.7847
329.0106
288.1927
203.0435
238.5944
216.5934
235.7968
171.8467
210.1919
167.2641
178.4946
169.7635
169.3051
340.2723
365.6943
352.251
145.3025
231.6832
273.0585
415.765
481.6679
419.1399
365.1774
182.9039
110.6827
173.5967
163.6344
194.5384
381.9634
253.2172
273.1978
206.266
236.5339
349.3122
472.2927
332.754
324.7555
273.4735
226.9908
203.5878
179.7431
227.4843
193.0269
134.2289
160.377
88.70697
135.8928
158.626
237.4141
278.749
151.4159
143.506
212.6059
189.8543
142.9275
252.7421
248.3514
168.3561
260.5499
145.3873
247.1704
168.6346
203.4798
116.7158
173.1473
183.5038
162.7822
303.0606
204.4908
223.5706
204.7515
159.3695
187.919
333.0166
287.9494
265.477
189.7924
159.3489
218.3958
192.112
234.3926
174.1708
103.6245
128.2766
168.6134
165.378
147.9566
127.3454
166.4452
192.0138
190.7307
124.2753
167.0586
139.4393
213.3616
164.0877
140.8203
101.2843
123.5053
198.7961
319.0587
696.6399
746.6201
431.3626
285.7001
171.0494
180.5958
221.2087
167.419
158.8118
92.61395
112.5077
110.0024
180.1025
209.0024
258.4352
130.9167
164.6544
119.7742
127.607
123.1549
185.188
270.0478
292.6209
213.8465
234.9496
198.2398
120.1679
75.06958
62.75289
155.7262
136.3241
191.4494
242.847
243.4738
233.3345
213.5885
155.6648
198.725
295.4896
288.7178
417.7345
1014.964
760.7359
1066.43
1206.41
2524.626
1932.784
2322.924
1723.409
1847.353
1687.007
2263.605
1173.268
1200.131
762.6452
511.0738
431.3103
299.6649
102.798
102.6378
165.5972
129.7729
254.6686
199.7069
305.0861
334.398
301.494
271.1767
234.8234
245.4245
150.049
181.0912
147.9273
229.3032
145.4121
173.0256
338.1692
329.4424
520.9149
489.7873
285.8586
237.9385
160.87
173.6906
306.5424
346.4894
468.3511
297.1345
472.7074
348.2043
367.0353
420.7094
391.2608
300.441
205.5225
209.9306
144.927
212.7057
279.711
197.0075
112.6747
100.4961
95.88057
126.2685
187.3628
321.0703
333.7989
196.3192
81.61203
115.7814
164.3093
118.9496
180.3251
177.0587
118.3756
161.91
142.3277
95.01013
89.25732
110.9925
102.2332
236.8613
379.6197
245.4954
260.9618
203.1515
111.7677
144.1181
164.5947
601.9169
427.0828
676.4283
580.3904
273.0268
246.1192
137.8396
207.697
200.5292
218.0874
259.1439
197.2358
276.2856
369.5691
86.10586
90.59985
201.0658
197.5674
157.1843
187.4092
237.9631
224.2897
181.0888
183.7013
133.2868
138.8233
188.2931
130.9924
132.1004
164.1085
143.7893
174.4505
244.0419
176.1982
237.0313
293.7337
357.3704
351.0196
162.8115
205.4941
163.7756
99.78512
77.89575
158.8711
193.005
172.5268
120.3717
131.2408
146.8969
201.131
188.1404
242.0018
196.4705
182.9859
155.8466
95.45462
98.07113
115.7703
248.5777
258.3977
254.3311
265.1411
352.671
