27.22964
12.82968
13.04295
12.05707
11.59337
13.33584
13.07636
12.27638
12.30595
13.13249
13.80536
12.59033
11.77386
11.19941
13.08674
11.74695
13.30013
12.44588
12.02864
12.83964
12.3717
11.9735
11.37891
12.94556
12.82167
10.89168
11.20659
12.96365
13.35834
11.96176
11.52025
12.6876
12.77424
12.38836
12.92813
12.18793
12.53119
12.23186
12.01745
12.66642
14.32505
12.35161
12.66673
12.36153
11.67949
11.46756
12.91911
12.71249
12.18966
11.55651
11.20669
12.3356
13.32628
11.23518
10.98949
11.80916
12.12544
11.72972
11.39979
12.54357
11.27729
13.21222
11.36311
11.40822
12.00296
13.34013
12.54094
13.09715
12.80548
11.10993
11.48036
12.59625
12.97519
12.67092
14.37335
12.33426
11.81281
13.3582
11.83596
12.35434
13.1842
11.17188
12.327
13.2093
12.76776
11.76572
12.02085
11.4657
11.83229
12.05975
11.53596
10.74159
14.11475
11.68226
12.6241
11.41367
12.44603
11.14117
12.58811
12.8296
13.29713
13.19084
12.14267
12.9395
13.43652
11.11568
12.091
11.31606
13.20594
13.30786
12.06682
11.5947
11.22102
12.09649
11.67889
11.92086
11.79925
12.51367
12.29946
11.42566
13.45216
13.16548
12.0586
11.96062
12.58673
12.64309
12.22132
13.98423
13.23777
11.36681
12.61675
11.09691
13.54085
12.3187
12.54722
12.17152
12.85106
11.46982
11.53588
11.87203
13.18435
10.75698
12.07012
12.18326
12.08864
12.66604
11.88716
12.2861
13.63286
12.76227
12.33843
12.88341
13.22899
13.32363
12.61857
11.06457
12.11816
11.90172
12.7754
11.69283
12.28795
12.42297
12.45443
12.63556
13.26984
14.17744
11.04917
12.25173
12.02781
13.11927
13.11057
11.71289
11.14269
11.84871
14.98357
11.43974
12.09232
11.64741
13.24485
12.05606
11.88311
13.41237
12.62084
11.76468
12.10838
12.33067
12.15898
12.01634
12.69193
11.64214
11.86436
11.63738
12.99578
11.46958
12.03861
11.84199
11.8351
13.27875
11.33629
12.80717
11.96422
13.58762
11.3507
13.12676
11.61241
11.75587
12.09774
12.93614
12.9328
11.70423
11.24655
12.78634
12.12273
12.11358
13.09976
12.51211
12.92606
11.96532
11.57763
12.91861
11.17831
12.36619
13.32643
13.32117
11.23876
11.15784
12.27149
12.33637
11.7565
12.12652
12.06023
11.95623
11.79405
11.86083
11.32467
13.20668
12.03725
12.91498
12.17898
11.6199
12.6052
12.30734
11.65213
10.85172
12.54464
11.94879
11.60003
12.40005
11.51714
12.21041
11.93277
11.70927
10.88432
12.22769
12.39867
12.61516
11.19497
13.22166
12.19886
11.72487
10.98149
10.83365
12.7174
11.81399
11.74784
12.71969
12.6593
11.3261
13.02183
12.42956
14.05501
13.00798
12.28351
12.44708
12.68767
12.09007
11.83108
11.78972
12.21659
13.43079
12.86621
12.35862
12.2423
12.18531
11.93523
12.51043
12.54199
12.52199
12.01082
12.27337
12.46583
12.13863
11.58591
11.93235
12.016
12.00928
13.35803
11.8433
12.36276
12.90788
13.24921
13.08632
12.27079
11.99686
11.48775
11.51849
12.76248
11.75165
13.37241
12.08037
12.09834
11.89133
11.61383
12.43404
11.6333
12.0508
13.74265
11.93522
11.51835
12.37357
12.0811
13.01178
13.172
12.55269
12.29883
12.47691
11.55691
11.97387
13.01572
12.64789
12.37603
10.58661
11.74206
11.80818
11.10237
12.63177
12.93018
12.59328
13.64154
12.39317
12.49633
12.19763
10.93459
11.93531
10.48327
11.93604
12.35225
11.51179
11.87078
12.1063
12.98893
12.07629
12.08126
12.0885
12.54525
11.67434
13.42853
13.26329
12.40706
11.22659
11.57247
12.96166
11.85905
13.21684
10.62942
11.63212
12.06618
11.43564
12.50128
11.78317
13.36293
11.99995
12.42455
13.0028
13.85135
12.10768
11.64042
13.24068
10.68774
12.67601
12.03476
13.24803
12.39601
12.01181
12.62645
12.23042
11.66868
11.56217
11.5915
11.8916
12.14807
10.84912
11.12658
12.45777
13.64664
12.12366
11.43464
12.20549
11.54164
12.05924
11.16257
10.71767
12.55245
11.7684
11.92412
11.21119
11.08905
12.83476
11.88468
13.0674
12.18945
12.44733
11.43117
12.73728
11.21898
12.51518
12.58196
11.27988
12.43719
10.94408
13.11859
13.58641
12.2923
12.72195
11.84021
12.4375
11.67161
12.48033
13.17044
11.60297
11.79138
11.75521
13.9403
12.75607
12.70264
11.7118
14.2444
12.18317
11.65934
12.93571
11.36424
11.69832
12.36871
11.72568
13.40749
11.797
12.38624
12.504
10.83216
12.10361
13.34553
12.32412
12.42074
13.33584
11.76172
12.99114
12.52521
12.03094
12.9118
12.27162
14.36082
12.32189
12.93597
12.91704
11.65181
11.50253
12.18591
12.61449
12.84532
11.77098
12.06859
11.76816
10.56054
12.17581
12.01374
12.68608
13.26122
12.29249
11.25834
12.52804
12.5678
12.02201
12.06052
12.04017
12.06768
12.88324
11.78273
12.2637
13.67419
11.27383
13.10389
11.70028
11.41917
12.08838
11.52001
11.32005
12.11346
13.2919
12.15486
11.9828
