10.26662
11.50303
12.46083
9.702764
7.927181
9.47418
16.49339
13.4923
11.17591
12.30324
10.06103
9.135786
8.938381
12.09271
12.0341
9.898114
11.76726
16.46705
12.29299
8.396187
7.909462
7.473873
7.191598
11.90055
15.59915
14.31112
11.12884
10.41963
14.32011
8.537725
9.659868
9.239766
6.738094
11.18648
9.872194
13.69224
8.665765
11.09287
17.03235
23.5347
15.26115
15.65774
18.26146
10.9813
6.652406
9.820298
8.215968
11.98176
10.25793
25.53771
24.15198
10.27662
6.959808
6.366345
8.825238
7.726329
3.611161
5.559167
5.781978
4.591435
4.716114
4.701646
5.385608
4.04462
4.370528
6.380996
5.713029
5.450273
5.762724
7.557123
8.485443
6.714526
6.03285
12.05368
13.66823
11.11306
10.07536
6.382799
7.163525
7.155567
9.681028
11.94437
18.59596
24.25808
15.1653
22.58736
17.89617
21.05184
16.18315
11.88402
10.16559
12.56957
13.5082
6.642658
11.05407
15.12296
14.59934
8.004482
16.7339
14.82097
14.29587
21.39616
24.57298
37.19201
27.65536
14.39239
18.21291
17.52952
12.1225
8.571507
8.84023
11.65264
17.92476
16.94073
11.90096
14.41547
14.5703
9.505622
10.13164
8.438424
6.737753
12.26972
11.79268
8.58896
6.454734
5.111722
6.950477
7.142291
9.37241
10.56458
19.1229
16.9216
12.77676
12.57341
8.910339
11.29191
7.063054
7.247055
8.138624
9.536234
6.352882
6.323241
6.016127
4.520112
5.116682
6.039202
17.79035
24.46565
21.22373
24.14409
13.53384
14.96125
10.75529
9.614499
8.495848
4.113475
8.367716
8.843883
6.356034
7.136298
5.883381
10.02427
10.02606
16.87156
7.98978
5.765339
6.59919
8.822166
6.589014
5.616976
5.526986
7.714248
5.627741
3.940339
5.209829
7.703452
8.651352
7.981116
12.74578
10.49883
11.91717
4.677425
4.299983
6.784418
8.117695
7.824088
7.893431
7.192564
7.368689
8.510702
4.934248
5.533103
7.674455
7.253486
15.84801
20.39411
30.77562
22.07218
13.58591
10.72382
10.81687
6.208544
5.233463
4.023211
6.314519
4.039883
7.070367
9.863618
6.747932
6.25661
14.23718
8.683522
7.003041
8.661884
7.763339
8.271451
5.258437
3.957624
11.30164
8.113578
4.715496
3.633176
4.91894
6.227126
11.52529
16.01792
18.60598
13.71437
6.5565
6.137984
8.651658
7.740668
13.55698
11.81132
8.693322
11.81175
7.844021
12.37219
6.244563
7.020947
13.89098
5.037501
7.979894
9.372779
13.96599
12.98712
9.023942
9.663649
14.72853
13.4963
23.03861
14.16017
23.66067
14.50979
14.07767
16.69412
12.38488
9.82157
7.358926
5.090605
4.517117
8.082361
10.75535
10.48158
6.366858
8.821413
7.587137
9.698608
8.815847
7.378116
10.83988
9.314405
18.84976
18.05202
16.97408
12.69686
8.654243
12.07871
14.55902
14.64041
23.06241
20.80489
18.04152
19.11129
13.9324
15.38786
11.35952
10.10754
14.63038
12.75459
9.440889
6.408945
6.762755
5.229227
6.82439
8.930149
19.8582
14.22442
17.53765
8.44923
4.789159
7.732693
9.747876
14.72149
14.44528
21.89701
17.53185
13.26053
12.38585
15.70752
7.222344
7.865392
6.33116
4.942681
6.936867
6.75906
4.014976
4.530593
5.913469
8.77285
9.856509
7.863517
5.476756
6.714297
7.049099
7.800499
8.216612
6.945519
6.690171
5.92849
6.700054
7.687253
5.926427
6.632645
10.0776
8.015172
10.2024
11.7091
16.16147
14.92381
16.16697
16.38473
17.82836
32.75458
27.91532
27.31892
15.73159
17.64171
15.08066
16.43468
13.49532
22.00128
16.4577
16.96047
15.11788
16.47391
14.16849
8.247156
7.288394
8.097058
14.10432
18.85007
13.97783
9.722483
11.72554
10.85133
9.130334
5.970152
8.229659
10.00292
10.99784
12.49397
9.275573
7.849069
12.22152
11.96113
9.493707
8.792008
5.429979
4.824956
6.289805
6.248274
9.105112
7.982612
9.067151
7.754092
7.431114
6.479786
8.502334
9.998494
11.42949
7.975453
6.236946
6.762403
6.689769
8.114782
6.862482
7.471152
7.690836
5.909932
12.15389
9.662399
10.61262
9.705036
7.157928
14.79404
12.81925
14.29459
10.81143
8.521965
6.434268
6.103293
4.558685
3.064599
3.329519
5.723303
7.932014
11.64439
8.633376
6.72514
7.503594
8.170724
8.049127
5.466158
7.218604
7.946559
13.48453
9.728901
12.53792
11.32827
9.337952
6.393086
7.412677
8.982285
14.48539
10.74311
15.26005
13.60181
14.355
21.45814
16.23668
18.43356
6.85313
6.10605
7.484763
8.391375
7.638005
13.87532
12.78119
7.809476
6.847504
8.195455
9.010087
8.396922
14.13008
11.00345
12.48583
7.386423
9.264402
11.79742
7.588166
9.907335
7.209222
6.009312
5.026885
8.286273
9.777282
15.37531
8.6871
7.939809
10.09046
6.16982
7.351035
10.30265
5.944164
6.629156
5.956188
7.507367
6.03074
6.267975
5.545018
4.602544
13.67141
8.780485
9.222777
7.323153
9.085902
9.072462
14.70194
14.78764
13.06855
14.20984
17.4118
19.21769
13.12966
14.54965
23.38018
26.16749
18.62857
21.05
