584.4944
1436.222
2145.948
3830.405
1166.482
469.6001
872.2159
592.8688
1154.793
591.1932
916.7857
1078.702
1843.148
975.4326
898.7483
394.4784
1082.086
1466.175
1961.185
643.2776
1190.819
719.0949
732.3965
394.9757
390.6821
784.0485
438.9743
496.4827
1472.408
579.9883
3829.294
583.7414
986.9061
556.9303
553.3469
1257.445
988.7989
611.0318
554.1281
804.6231
672.1067
861.8661
417.2758
2292.618
805.6936
596.0023
2025.702
308.8918
514.4358
2327.466
272.7968
549.4597
1420.788
788.3922
1126.333
1235.568
762.0042
871.0172
648.5798
1652.616
310.4681
745.2435
1070.562
1379.039
1454.985
572.9082
1881.514
451.2908
2248.723
767.7206
521.4548
714.739
691.5713
791.3404
2292.977
1148.171
1517.192
532.2764
793.8141
664.6593
897.4623
1359.217
764.1162
2565.603
1750.339
1502.678
2095.595
1282.626
612.3717
1029.677
2578.276
1452.811
2524.165
1067.597
824.857
1733.273
784.0068
910.0771
1120.237
1348.706
741.2012
698.1575
756.7639
696.1084
972.3552
411.5301
968.9623
655.5893
812.1305
1006.164
1411.932
2243.192
630.0717
1195.797
1344.935
843.2065
905.7513
2725.956
1104.928
1156.094
810.683
684.4362
1363.609
1006.707
1224.95
938.0767
750.5156
1082.578
1473.519
1040.239
1193.2
1641.769
1401.709
1790.107
2506.387
860.783
793.4919
1133.172
4657.237
623.3694
2777.804
2390.641
572.6422
1312.233
721.4839
3359.057
1177.735
765.1922
3383.437
571.0385
1708.314
627.1657
2458.767
1592.189
1154.434
466.1245
570.861
3329.07
1073.977
785.4712
2631.977
744.0255
688.3793
515.2055
1069.936
396.816
805.4661
571.8132
1070.17
958.3785
508.202
1215.329
2169.365
1883.189
1279.074
1347.524
3446.821
603.8707
801.0784
585.2178
818.9272
1237.141
3436.548
1503.908
491.093
1317.955
794.1287
1072.042
3700.311
2680.619
337.8881
736.0131
1357.127
1157.301
908.5361
1816.722
1928.385
635.8015
827.6108
1081.046
453.2304
719.3654
604.0384
958.6321
1119.358
658.7693
550.8527
1284.938
1961.299
895.9364
591.2378
1220.969
649.2227
1927.037
2080.873
1293.801
2948.473
1434.974
1945.376
971.5976
1269.73
2593.189
1223.022
3459.191
4025.667
959.7252
1765.915
2530.102
1109.127
791.4196
1009.594
3118.8
1949.15
4331.057
1782.481
2637.321
1983.601
2022.242
1105.507
2299.696
2841.545
3306.088
860.4387
1021.649
1804.075
1682.115
1471.94
1405.27
968.0943
902.5891
1303.063
4228.904
1016.525
1031.697
1070.525
827.1426
1553.182
1549.687
1239.867
885.1701
2455.771
2092.667
1411.437
991.2869
831.7329
913.4306
1114.819
687.8689
684.4233
896.6486
586.5087
1203.319
1688.924
1584.736
1703.682
3415.796
1208.075
3688.368
743.4911
2549.22
2136.408
888.1514
1533.628
1241.902
1344.679
1201.43
737.2019
1790.619
1088.984
810.4598
1036.455
1054.032
3043.648
1700.551
1163.572
608.4452
1219.862
1405.543
2643.099
624.3504
748.8329
1006.951
1503.9
961.4528
1562.511
2311.443
1705.191
1564.498
1042.787
2318.911
2240.425
466.1813
882.7764
944.6231
895.4781
844.6549
735.5156
866.2876
1897.376
1806.234
505.1039
1009.375
1077.952
1292.111
827.0663
624.9161
788.9922
2566.946
1241.717
1275.902
829.1493
565.3991
1167.493
755.565
913.4022
546.5316
819.607
569.3221
903.9966
575.6943
1152.248
1099.988
1264.451
826.9665
777.8827
1255.597
1548.003
2268.688
1765.261
1167.419
1649.464
1572.364
2234.003
2676.463
543.8584
1269.844
1162.245
2863.815
1203.835
580.0691
605.5789
711.8106
969.0057
1147.235
594.5871
455.565
842.5031
866.5609
400.9925
446.0543
1484.882
1614.451
431.6985
1878.992
839.1509
4560.055
725.2327
789.9258
888.2281
1111.451
929.8163
786.1289
594.101
1430.088
1293.109
936.9006
1032.557
695.6077
2250.431
1011.691
517.2836
997.7409
1048.403
1170.452
1325.777
1570.82
1129.53
662.5715
1404.791
905.2986
830.671
816.4926
1966.494
372.4209
540.2184
912.9828
1337.354
1536.61
570.1467
1011.205
900.7732
612.4498
826.4957
674.3995
766.3558
512.3999
565.1706
917.9615
764.5626
552.962
990.7867
776.2728
703.6088
2376.222
893.6649
742.8556
1673.111
1697.472
1178.114
1805.439
1320.77
1345.262
794.0228
1183.569
1037.104
5863.379
890.6792
561.1993
1541.755
1355.755
709.9213
1126.505
715.6353
714.6766
461.1568
695.8293
1447.147
807.0443
1624.342
484.6458
802.9969
1381.779
920.3773
1705.207
653.0437
1022.736
946.4976
839.7931
832.945
741.5077
1382.756
1568.119
1537.542
708.1576
931.5901
1055.784
479.1426
2931.244
650.1398
518.2689
1022.082
1722.136
839.2578
1327.106
956.0331
954.5843
361.5441
1261.969
634.448
507.3901
832.5812
1111.95
707.5084
626.9887
816.7005
2139.198
893.593
834.1487
535.0144
1209.711
836.784
1039.042
842.4891
1205.931
623.6531
1066.574
951.4239
893.8988
1443.316
1037.214
