82.66394
80.83538
81.4043
81.35795
82.1392
80.78979
85.0477
82.50978
89.98391
92.03566
88.2004
82.86391
79.70622
76.89791
78.3842
74.61618
71.82377
65.12802
65.16444
71.018
67.3464
72.37479
72.71944
71.71484
72.49848
70.15392
72.35838
70.57851
70.95897
76.18181
81.73405
75.80875
78.26112
82.40131
82.90219
85.4824
80.49885
79.79656
71.1605
71.21138
73.2276
72.09167
71.80026
69.25995
64.98348
61.98407
62.22891
62.88316
68.16188
72.60907
70.19022
70.52546
65.00668
63.00887
61.25424
66.25882
66.22705
66.68624
63.39881
63.78251
67.74122
74.45921
72.51365
76.31227
82.11003
84.7055
80.39502
72.02532
69.40455
69.88365
68.73217
75.67686
74.74814
72.83468
74.53049
75.09607
76.73541
78.78481
81.32238
83.50099
78.20422
74.3831
66.99546
71.15732
71.46833
72.443
76.13599
70.47207
74.88026
70.91456
69.77512
76.0078
77.03861
68.88706
70.48515
71.06172
77.679
84.09801
86.07427
88.24664
85.61745
87.9078
85.86782
90.32323
81.60717
80.43625
78.25331
75.59726
76.38131
71.6942
70.65523
71.1865
64.76267
72.96375
69.37321
71.20398
71.4383
76.7953
79.4106
82.53866
83.92392
85.99942
91.81327
93.24028
93.13648
89.42932
82.0342
79.53295
79.95267
85.54738
84.67082
88.80922
84.01671
82.61114
74.40858
78.39317
77.5337
78.01683
81.07522
81.96998
82.19324
86.19228
79.01117
78.03376
79.67702
76.06218
78.72478
77.9777
75.40295
76.94837
78.5654
76.96472
76.80528
74.72918
70.43617
66.43492
68.02156
65.98176
64.22397
62.10223
58.44603
54.05561
56.26512
57.85434
55.28708
58.44025
51.02909
57.09056
60.3993
61.66268
61.00173
55.32983
58.67296
58.03858
59.72756
58.89789
60.16676
58.24538
62.37707
63.03111
69.55186
73.31811
71.47659
70.62826
79.65839
78.67011
82.40826
83.23719
80.11191
79.72941
80.65372
85.34222
86.04018
88.05391
82.53776
84.37498
90.4403
93.61835
92.74568
94.30972
90.05684
90.26416
86.80669
85.49769
88.98093
90.93435
97.02136
95.79755
91.23698
90.61509
87.68194
92.89951
94.52292
91.68717
98.86617
98.61623
93.79206
90.57654
96.81916
95.83779
94.56472
92.31027
91.81419
87.13174
85.03082
84.73462
88.38979
91.08512
88.60934
88.34713
84.55269
82.96842
84.09661
83.9269
83.84344
90.15332
90.18402
79.44657
86.98041
90.17303
90.22258
90.88902
88.15996
89.98614
90.45785
92.78327
89.00641
85.78399
85.85572
85.00726
81.44429
74.85096
77.99451
79.23063
84.96731
88.80534
85.11267
88.31629
90.61624
89.12513
89.24282
87.50026
84.42121
85.76884
79.87703
86.16992
88.03465
88.70082
88.13479
85.8809
84.28094
86.38315
81.82089
87.98136
84.9356
78.09474
88.71048
90.3753
94.4324
88.92924
89.24339
87.34957
85.83598
80.1223
76.87072
75.74608
73.44901
71.12216
76.74618
77.46627
79.035
78.81598
78.71044
75.68194
73.50257
77.43155
76.90949
75.68418
70.10911
66.83642
59.77933
62.45891
66.08144
69.82599
72.31374
70.67313
68.98998
66.93824
70.07594
67.71304
65.16776
67.86282
66.90627
68.19406
65.04643
69.31451
67.84519
70.97308
70.31855
68.1757
67.98575
72.96794
78.61481
78.90259
74.88416
69.79135
69.53382
66.9022
69.15088
78.54419
79.4229
77.7532
88.08422
80.5807
83.58888
78.03993
75.09853
71.20969
76.4366
81.09148
83.59189
86.83251
88.93185
89.21267
86.02442
89.32624
83.67871
78.40898
75.35286
77.86372
79.59253
76.38067
79.14245
79.54952
84.30944
84.39411
86.89877
85.14025
86.28358
87.43696
92.04287
91.60652
94.61575
97.33173
93.31544
85.26743
81.22198
84.59735
92.6427
96.00165
93.44368
93.47051
92.86987
95.04643
89.29363
95.53975
97.56314
97.4861
103.2196
104.4477
100.4641
102.0575
111.1089
111.4418
107.6741
107.5616
108.5607
113.4855
110.9494
113.2133
113.3244
108.3842
116.1088
119.1936
123.1872
123.6893
127.5611
122.0096
126.0854
120.2913
122.1398
117.8056
125.3531
127.1662
125.5014
130.6482
134.1282
129.9573
134.2665
130.4349
131.0103
129.1018
127.4721
131.3034
139.3258
134.0733
137.2588
136.1523
138.4705
139.8412
135.5766
138.011
144.667
149.6093
149.1745
149.428
148.7754
148.9426
143.988
140.0343
147.0985
145.5781
141.1962
142.3312
140.1348
142.4422
140.3818
140.9457
137.0221
139.917
142.1103
139.4748
136.7556
131.8477
139.2696
138.5328
134.3208
133.2968
132.0079
126.5473
126.5472
129.0872
121.8838
117.5346
118.2652
122.3085
117.1497
119.9076
119.3124
113.5472
114.5253
114.0733
110.0154
118.0245
118.1271
125.7753
124.5234
118.1725
113.4106
110.1495
109.4892
113.7427
115.38
118.237
117.3852
115.6805
117.2663
121.5379
120.1285
120.2761
124.2982
119.1024
115.9902
111.7381
109.1108
108.5675
109.0904
110.2955
114.3071
110.1485
115.6283
118.3452
120.4164
120.4098
120.1529
114.712
115.3171
110.4385
110.0465
111.9592
