709.4547
732.5604
695.9997
689.8612
707.4154
720.2143
709.5096
686.609
680.3455
742.4265
821.7845
704.8088
784.8974
739.1905
721.6581
714.5731
712.6364
756.6071
701.0085
689.1527
708.7153
714.8795
744.353
665.133
738.8693
767.9438
667.7187
703.6991
703.1992
689.047
712.3203
698.5453
755.5638
769.1185
740.3086
730.5346
729.7637
789.3156
668.3376
710.2904
765.968
695.4235
754.8117
737.9733
740.9559
751.039
732.3738
751.4488
721.255
728.7691
777.7836
688.8535
765.8303
713.6534
697.4748
687.1872
698.1718
688.4178
722.1596
731.6339
729.4408
684.0997
775.1
726.8948
738.3284
735.9474
728.048
714.013
697.7921
713.0439
684.8866
792.4981
744.5033
775.5092
758.9579
702.0063
745.6597
730.0953
672.1453
719.7285
735.4897
695.967
709.3992
715.0748
666.5415
714.6889
748.1154
717.878
694.5398
683.7821
701.5775
758.3949
786.0115
676.6573
656.1316
755.9846
764.7021
733.3868
702.1886
778.958
771.6653
674.9165
711.484
765.9337
677.1184
700.0819
674.7381
666.1412
757.8374
697.1231
773.1008
733.5604
745.2225
700.6648
716.0827
709.7576
697.9893
719.0103
738.1377
647.1991
742.6005
725.1669
642.6446
743.8153
672.1009
679.3191
690.7119
735.765
758.4533
706.3578
685.3729
754.4103
700.5177
754.1309
798.0636
761.4513
709.1942
774.855
760.7148
779.9572
714.9628
677.7044
716.2842
767.5165
786.4499
721.8808
720.3115
699.4113
720.5601
735.4755
671.245
781.5567
732.9623
749.8612
773.9714
657.0896
801.0972
685.7134
742.3587
745.8697
751.4719
697.6976
716.8774
746.8298
736.0746
680.8533
715.1306
681.751
683.5193
686.8008
719.1238
716.2938
731.9679
747.3122
721.5018
720.6593
730.7852
760.487
718.1927
657.0157
788.7631
678.0378
710.5612
708.8979
687.2021
679.2721
749.1988
725.7956
676.9862
688.3053
788.7046
723.0288
744.8239
735.0781
709.7415
790.036
653.3563
738.5123
765.7891
720.5415
731.7841
746.963
695.492
723.8343
748.5282
660.2449
693.9087
666.5456
763.3036
682.8618
716.063
670.6515
690.0743
659.0425
748.2189
714.8142
749.7149
727.1279
713.2726
721.2816
718.0029
696.7162
753.4066
699.4561
718.0407
661.5998
719.5619
710.4727
691.5684
709.1418
766.5755
667.4649
712.2898
746.9779
755.1219
712.5309
741.4611
794.9989
705.1819
770.5519
757.1174
747.9787
748.1999
762.956
693.0089
712.4478
660.7329
701.1525
757.7289
678.0983
707.3288
741.1527
761.2388
670.9746
768.2845
738.5105
736.3595
705.2785
703.5299
651.2038
749.7577
749.2033
717.5627
729.9785
739.1065
697.5936
671.6086
645.2481
749.1522
721.6324
704.303
746.004
817.9163
736.8889
736.5246
720.3793
718.6262
709.8745
725.3064
662.8754
733.5902
759.382
718.0801
775.5301
750.6372
690.6396
738.3547
699.5428
756.8113
726.0239
702.3557
681.1191
737.1836
709.0633
712.0876
712.1901
724.4015
733.4239
709.7594
733.0715
707.6736
758.8153
817.2573
719.751
717.1296
662.975
670.0926
750.0746
715.9067
710.3855
760.9806
689.3113
664.4983
727.7581
739.3711
721.1873
739.6624
791.1696
775.8736
734.5488
661.3676
720.2283
713.0814
722.3239
713.2464
692.8229
747.4288
723.4512
708.8797
722.2914
789.2214
709.8804
660.4714
798.1231
745.354
762.3367
691.267
730.0159
725.4036
724.0997
717.2922
718.043
770.5243
666.7738
691.6379
701.7999
736.9929
716.3303
701.3274
708.581
704.8194
772.0678
700.8807
766.7729
715.3771
688.9204
785.7949
786.5225
688.456
725.4592
707.0164
764.2648
706.8066
773.951
704.8595
691.2644
700.4772
780.3978
702.4959
697.4134
695.7629
705.1799
732.283
740.4497
767.2616
685.9459
756.7369
753.9217
714.2958
770.7181
709.3479
679.9993
781.6155
752.7472
663.3073
709.2613
747.5695
694.6107
721.8823
765.38
724.8944
719.3414
719.5284
707.3751
704.4262
723.557
703.7537
730.2764
707.7732
730.4637
719.3122
769.212
747.7157
739.526
711.5765
737.7045
707.1858
715.5866
708.0077
689.891
760.9635
675.8219
699.0115
773.8207
699.1567
702.8294
719.6752
719.9953
694.5901
696.7163
730.7085
740.7917
698.3242
752.5632
709.862
766.6672
713.0975
700.3404
728.8864
729.4294
722.1119
742.3109
688.3596
782.209
723.6608
673.7171
691.1367
754.9384
693.7631
720.6341
721.0724
713.2088
732.4704
772.777
695.8742
712.9648
677.4018
764.4974
764.2252
795.4202
746.2737
759.6454
715.9559
802.8816
671.7387
660.1396
681.2814
694.151
716.8845
741.5769
737.0152
650.8317
753.2553
686.5107
776.131
734.6091
724.103
748.2172
719.3969
673.307
714.1348
733.6238
749.0334
718.4127
748.4665
738.8796
682.5137
709.75
722.2381
802.846
711.7688
731.1451
687.0088
765.2272
698.0825
739.1526
680.1401
658.1494
715.604
764.7656
694.0366
768.0077
736.296
725.1805
667.3565
714.0209
736.6502
705.6676
763.4969
753.3893
