36.62742
53.89564
48.61818
59.70266
78.63324
43.39583
72.75175
68.87716
138.8173
198.9741
198.7627
233.3517
360.6179
367.4126
550.5229
878.0307
2123.537
8005.38
9769.194
15646.36
19349.35
16770.09
17872.08
19252.76
14399.35
14745.38
20058.66
32672.05
27563.61
40931.41
16976.99
22500.36
23660.24
26873.62
25362.97
16941.58
28762.06
15388.1
18224.39
27046.69
23981.57
19736.43
23186.32
24257.74
35724.72
23889.92
15577.81
17644.2
16313.64
17517.67
35444.96
17260.7
19441.89
14238.2
24955.68
17374.89
17627.21
27443.04
13904.05
18394.43
15591.35
10388.06
15299.29
23561.9
19077.8
19267.5
23005.17
24140.34
21173.21
18568.09
23534.6
21201.06
20805.39
19096.66
24752.58
25734.07
32955.28
22244.6
32490.98
26048.93
20852.85
19760.4
15624.91
22208.97
19946.98
15580.22
18221.95
16675.83
17227.37
15751.67
16933.31
12004.94
20315.13
14713.96
10477.88
12856.79
16498.54
22364.14
20663.01
27251.72
19844.49
20086.27
20536.32
19018.97
20172.66
19880.92
18693.93
21392.12
20397.92
21223.86
10515.44
12718.13
14891.27
20397.06
26201.74
14957.83
17431.16
14958.56
16708.74
18107.65
13478.67
12683.56
25111.77
20076.93
14250.74
12461.59
22016.97
18444.47
32288.45
24864.1
17455
14318.28
11590.29
12794.99
24455.93
16274.95
18968.16
28322.81
14097.29
15604.31
20605.87
18473.01
19668.14
37717.88
36330.32
23601.56
23077.12
18852.3
15016.6
17485.61
14729.68
11173.18
20824.21
17286.48
25390.31
19816.8
14872.56
13539.5
18104.58
18111.66
21435.98
28602.72
22028.82
13289.42
7865.718
7907.325
13919.64
17789.06
17745.76
12755
21498.96
20015.17
26246.12
17034.03
23000.2
16767.99
11632.13
13951.46
12586.34
16713.65
16912.67
20434.16
21593.03
20349.21
16562.59
24554.35
25042.03
21696.42
25193.75
17892.96
12180.41
16277.83
23106.88
15330.01
9649.803
14660.46
15201.79
17405.58
14361.55
15639.88
22214.75
23159.73
19254.11
11824.91
13025.86
15215.89
17451.59
29449.97
20534.62
18845.27
31023.48
32379.83
27074
18692.46
31484.36
19767.7
16590.38
14970.2
13002.95
13618.61
20319.16
16680.82
22761.7
12310.44
22125.64
14876.77
18507.95
19400.26
29824.21
27193.85
17123.47
31523.09
22597.81
27023.6
19482.5
14425.12
12452.42
13505.54
13801.2
17827.94
20215.11
17225
25061.25
19094.88
13363.44
20417
19080.31
18965.82
14884.04
15845.19
19247.71
14187.68
29242.5
18190.25
16837.85
19730.08
25440.09
15047.53
21007.32
16166.56
30806.45
21092.99
14395.17
16430.37
12526.3
19668.48
19817.56
16574.66
15033.42
14988.04
21891.43
20252.18
14543.08
24903.49
13625
22021.05
20242.35
23965.71
21698.71
23433.82
13623.54
13301.5
13954.13
17556.45
18720.63
14550.13
14386.6
15757.99
19473.64
20887.57
17372.6
14546.74
20227.91
24464.85
22925.14
22636.65
14504.73
12963.04
17877.93
16208.25
25008.53
16653.99
17431.05
15652.26
17180.75
18147.32
22548.19
21325.35
21737.68
38022.87
18655.62
15815.76
24569.51
22886.86
15506.73
18721.45
16352.98
17804.55
17788.79
16206.42
20453.67
19144.95
14850.39
22833.4
15487.32
16207.63
11994.94
16844.01
15495.67
17676.61
17989.08
19613.64
15538.48
18156.28
14445.67
18858.37
17343.41
16454.67
17252.45
22836.28
19992.89
21457.62
16013.11
20999.26
14395.55
15629.2
11099.54
18251.61
17598.63
32602.3
20089.44
12441.69
17607.54
17280.35
36945.19
32264.49
21182.09
14551.79
23142.62
18965.23
18065.14
16038.42
16757.12
14043.74
18000.34
14855.13
17667.21
16016.84
21924.18
23107.77
16944.84
29517.56
26528.92
27681.21
29659.57
20499.61
24297.62
19284.25
21137.85
26153.7
21172.1
23686.5
17326.51
17297.04
18476.45
15832.4
18239.38
12851.98
25313.99
16910.9
20609.85
16032.92
23916.87
27119.18
17308.98
12819.11
14300.01
16026.62
19570.47
19231.25
17507.26
22799.56
19907.95
21908.6
13643.84
12121.2
13536.12
20825.14
12855.83
16574.38
19755.57
25587.15
25876.37
17615.47
42097.47
19349.11
22272.28
14274.48
13538.73
22266.96
21196.75
22910.11
20834.64
19985.02
11578.36
11701.55
13308.82
18749.6
18412.76
13059.84
11619.78
14776.56
17368.56
14389.25
28556.38
24202.49
24034.82
16389.36
12862.2
31599.61
17417.73
24897.11
22205.39
15966.89
18314.86
24311.08
22481.38
21670.72
30150.99
25141.41
20122.27
14366.12
16838.97
16811.86
16536
17515.49
18283.89
30676.17
34111.85
25903.8
27559.31
20472.88
12428.41
14158.38
18613.08
13421.2
18156.57
22910.28
17985.16
16419.22
19834.79
20281.3
17729.36
12030.21
17687.79
23745.77
20528.28
21086.61
22628.81
15298.19
11996.93
14130.82
16517.96
16522.36
16088.42
13240.33
20766.4
10700.69
16959.54
15729.71
24996.47
24754.34
19831.41
20790.19
8717.53
19396.16
20161.41
16046.29
18876.14
32268.19
