261.373
206.6959
246.751
215.1876
398.1722
471.9152
660.6597
653.2803
668.4682
877.3401
458.9287
501.4583
438.0152
470.3155
422.6579
216.0801
615.5064
692.9452
720.1098
725.804
628.5705
597.9117
703.6945
561.2659
501.303
527.7531
325.4496
227.535
148.2221
138.8802
198.6714
273.5973
404.864
426.972
529.0823
770.0612
717.0653
494.4072
653.659
662.5059
566.3555
284.4787
249.7461
235.444
423.848
229.549
282.7735
366.4959
500.2939
587.266
665.117
510.2709
382.627
315.0065
275.8168
319.5245
356.5992
214.2736
342.8725
409.6821
728.9344
913.1992
1330.77
1989.543
2052.574
4666.891
3487.704
3204.371
2683.511
1560.686
1727.173
2347.33
2299.866
3598.777
8101.992
7539.224
4709.205
7899.24
3085.531
2007.289
3302.872
3612.76
7234.117
5704.781
6755.57
6155.194
3568.73
9078.453
11658.2
8194.775
6479.957
9237.692
7824.39
6381.421
6246.47
5905.136
5287.693
5866.34
3997.688
2092.192
1400.706
1967.743
2767.122
1782.232
1534.396
1106.234
942.6081
1315.669
2268.598
1460.895
1839.946
1342.85
1108.783
926.5455
810.2603
1115.365
894.9428
733.2681
697.1428
603.5995
980.0611
877.8103
1008.713
804.8629
1711.822
3130.067
3199.417
3189.055
2633.289
2104.463
1532.161
1799.221
1976.986
1858.015
2057.594
1505.749
1540.72
3015.865
4508.207
4485.043
7360.632
8193.196
6084.794
4847.141
6616.512
7122.021
7330.107
6778.337
4143.375
5352.262
4373.179
4393.991
9761.302
4273.414
6460.233
4988.747
4312.541
3794.231
6869.247
7033.376
11791.02
9398.4
5835.545
6499.274
10895.87
8935.179
6201.124
4591.506
6074.206
5413.782
2790.559
3802.748
4714.311
3386.8
4122.858
4685.208
4694.181
3208.692
2798.095
3458.993
2927.045
3080.002
2597.234
3174.025
2351.786
4035.11
3126.538
3003.226
3324.422
2504.133
2772.075
6678.246
7129.282
6531.377
5884.139
5268.078
8461.21
7182.246
5374.631
6851.466
5265.99
5890.706
4409.675
3022.112
2924.409
2581.907
2307.829
2106.152
3031.934
2960.979
3210.273
3807.117
3405.664
2424.905
2872.788
3522.974
3035.689
3146.82
2634.012
4251.523
6092.98
7426.204
9282.654
9609.64
6052.844
7196.241
7427.144
6640.247
3219.402
4231.166
2942.432
1978.744
1350.407
908.2466
584.0536
522.6902
725.169
1024.77
2107.098
1810.823
2103.851
2268.565
3684.243
3113.677
2944.525
4093.455
1659.543
2310.9
3153.829
2685.373
1603.627
2388.318
3003.26
1440.506
1466.436
1030.767
1272.82
1195.003
1686.325
891.1255
1223.783
2111.146
1396.433
988.3924
1932.482
2132.71
2767.405
3245.357
4824.56
3559.38
6716.244
5856.044
9683.354
5127.265
3192.429
4988.583
4071.247
4469.856
5210.341
3566.154
2973.218
3236.491
4448.373
5689.384
5752.054
6564.675
6944.673
4475.674
7459.962
5896.984
9213.238
6556.834
6730.727
4739.777
6524.742
5186.512
4567.789
2164.849
2316.053
2494.716
3193.172
3665.672
4001.746
7288.036
5976.028
4346.272
2930.879
4408.962
4467.937
6551.451
7999.42
6678.302
6175.19
5171.721
4130.048
5366.991
4821.844
8357.913
4647.711
5741.204
5424.114
6533.126
4436.338
3549.98
4116.897
3327.739
2365.268
5043.488
4889.158
4045.395
4155.596
6384.395
8197.947
7097.616
8896.76
7533.645
7788.075
7809.835
5819.69
3455.138
4424.862
3626.735
3311.239
5424.681
5184.235
5513.139
5588.993
4285.18
6864.292
5073.526
5076.956
2591.414
3023.513
4271.96
4755.77
3978.644
2814.29
1943.414
1738.984
1459.445
771.4545
1090.84
819.0589
770.3399
735.3576
807.1942
1127.597
856.0358
957.9644
895.7683
1061.128
1485.124
2228.41
2583.947
4240.958
6355.873
4364.48
7966.41
5228.517
4801.696
5546.144
5491.845
5096.803
4126.171
3000.294
3778.393
5439.093
6418.849
8894.994
8192.904
5778.545
4782.838
4619.046
3440.689
2212.454
2130.959
2977.114
1605.443
1603.849
2028.007
2738.7
2985.617
3694.684
3667.533
7770.305
5478.477
7610.517
6099.692
6335.487
6557.02
7840.17
3732.061
3315.281
2439.154
3504.557
6011.721
5225.01
8228.568
6225.52
8117.474
5337.307
8779.97
9617.052
9766.465
11907.32
6483.408
6612.975
3962.476
4622.714
5373.635
7295.103
5063.472
5680.433
5253.176
4702.394
3839.58
2545.665
3971.666
5235.699
6553.455
5726.349
4158.971
5034.972
6284.58
8443.037
5780.5
6240.18
3696.014
6413.144
3910.253
8688.27
6185.23
4563.583
3288.975
2285.83
2612.86
3395.752
5832.189
6308.836
5655.448
2249.092
2544.124
2165.087
2297.608
2144.679
2199.353
1959.013
2651.756
1730.007
2136.158
1728.842
1365.666
1213.408
1745.062
2337.79
4717.976
3610.213
2418.083
2682.838
2429.877
2160.573
2028.253
2942.919
2224.201
1411.89
1643.628
679.8659
593.2855
593.2041
527.8339
431.1446
731.3603
993.8293
932.1155
1149.869
1393.326
2497.681
4016.237
6257.514
4792.816
