453.7937
394.6717
212.8955
384.959
178.3454
192.4616
582.4488
306.1835
103.9868
988.5927
1229.198
346.0265
213.588
276.3987
266.4922
285.2943
119.9507
414.3516
203.614
194.6954
130.9953
179.2816
188.2293
291.7155
321.1333
579.8314
105.4499
371.5236
204.0692
219.684
276.8687
406.0921
203.9967
141.1392
279.0591
275.6646
515.1377
160.978
220.2118
602.2112
189.6012
197.0084
168.4127
134.4926
761.6986
717.5346
295.3777
206.1571
470.2227
257.0417
327.7221
167.8405
347.4235
224.6807
1159.669
343.3776
247.5233
177.9041
384.9751
200.7016
236.2934
130.4642
286.2509
221.3446
650.7595
190.4203
156.7511
268.8127
279.6489
159.1033
250.1375
699.6077
275.9717
389.091
692.9336
207.4097
249.2868
226.1487
178.5196
127.3837
328.3262
150.2992
275.3367
159.9132
286.9489
865.8259
458.1714
173.0259
238.7028
251.274
255.4174
399.0149
258.818
332.6615
549.4078
257.6876
582.6401
1547.538
430.2605
356.8328
599.4679
309.4106
149.4496
267.2318
220.2839
276.9463
124.1435
235.5873
423.3322
359.9125
452.8741
693.5148
275.1135
490.068
292.8981
216.518
241.1932
278.9375
285.1924
178.9334
161.259
209.4629
159.353
196.3256
113.3586
184.3488
364.1653
407.8794
234.2786
205.9328
250.1105
165.1084
189.2095
252.5488
199.3852
367.6726
264.2131
210.1822
938.5356
548.3931
261.5195
392.897
295.4531
269.001
258.7253
376.5798
160.3719
134.7646
375.0373
182.1963
452.4787
354.0839
139.8209
158.7393
253.3339
542.6958
1786.491
213.6479
384.555
420.5848
409.435
313.897
162.8697
306.0176
279.811
131.0388
519.5441
110.177
202.7847
1270.072
258.7966
168.8229
243.3545
757.5664
208.715
481.6926
154.603
260.8789
142.3324
193.7975
175.722
215.9516
255.299
316.5184
258.8186
192.0165
181.2104
159.0566
178.9218
685.4866
236.6661
212.1163
272.216
378.2192
237.8289
229.6449
389.5857
178.9144
152.5512
106.0352
515.0062
442.5214
209.2357
370.2622
110.3338
205.756
212.2131
465.2269
149.6877
195.5856
216.2025
263.2284
487.8309
446.4265
767.8399
459.0888
221.0941
380.8824
223.894
227.4618
292.461
241.7987
232.8988
216.6166
832.5423
134.6762
197.4044
235.4356
163.5414
444.363
157.6314
488.5482
280.6389
322.8106
264.868
331.4592
317.2826
363.3648
427.8055
240.4756
495.3674
896.4043
140.0955
93.89821
643.9677
203.5914
223.4232
224.0074
355.738
282.5901
288.1524
189.8767
177.3737
226.3917
284.8242
312.8759
269.8064
254.3369
186.1881
299.2622
200.1139
356.5801
232.8593
171.4731
191.4515
289.2812
265.7321
168.3873
281.014
161.8522
157.1298
417.7617
335.3397
601.6809
138.104
523.1065
209.6685
385.4094
523.7512
326.4675
148.689
396.8475
145.1005
202.9437
170.8314
279.6582
149.8294
533.8006
167.6965
559.9956
338.1953
160.898
354.9622
265.4115
341.5783
358.618
164.2049
247.944
193.1084
175.3654
231.3278
360.5155
172.9093
197.0391
265.1676
114.9106
238.8292
310.0258
329.5006
193.6577
85.81194
179.0992
401.8118
209.5684
224.9559
149.7583
289.8231
247.8933
518.9456
210.2752
132.5434
224.4893
262.9365
723.2974
265.3842
146.0975
240.2045
230.4117
431.8479
351.1008
357.5894
225.1859
152.7225
225.8998
526.1768
444.2446
296.4385
228.0694
247.6715
273.2514
422.3864
228.4829
321.1339
162.1765
337.6506
338.4503
147.8696
250.2156
544.1308
208.7092
109.5044
293.8757
373.901
309.5993
371.3078
298.0374
236.2482
267.8409
214.07
250.4119
185.3184
222.8079
268.2763
264.9551
464.0054
414.2576
571.6547
549.5409
458.0123
314.543
175.0591
225.9483
224.1136
152.2663
358.6104
262.8031
192.89
248.5936
230.1201
506.916
335.5765
130.1455
156.5691
274.6059
321.4736
187.6226
111.3802
636.8112
261.7891
757.3136
515.4964
186.9107
298.0594
166.6104
436.3121
229.8827
162.6503
628.6787
377.2177
256.6881
311.0178
305.0572
283.3576
180.2107
268.8584
238.0951
460.7713
185.8097
272.1607
378.3314
326.927
403.4602
318.1987
295.4509
153.5634
87.59055
231.2347
430.8105
242.0305
280.2417
230.7314
281.4118
277.7637
173.3648
409.8068
205.5219
629.3238
93.887
388.3377
402.1786
212.5717
599.8518
584.8282
183.6172
201.3417
147.595
256.9071
271.8485
148.6473
200.549
195.0048
214.0055
377.0012
606.5173
298.7523
495.3929
229.4124
521.9172
185.4387
374.3366
172.614
428.9392
321.8488
132.7985
434.8918
328.5035
231.413
575.7187
359.7764
187.1465
247.6543
228.9157
167.5324
244.1253
1280.467
230.3839
425.2219
113.9164
240.9921
112.4969
384.5582
229.4243
748.2834
200.5102
458.465
110.3281
266.411
191.7699
159.5387
275.8177
499.1117
386.4282
179.4679
132.8386
530.0791
265.8999
223.8611
221.9888
139.959
388.7446
279.9369
343.8496
149.6447
225.6618
133.4246
205.2974
117.194
243.7457
141.7956
263.813
