117.0852
114.121
112.3843
130.3474
108.3411
98.39354
13.98111
14.66561
13.86677
12.54917
12.31297
12.94423
14.09107
12.7749
13.15103
13.48923
13.17042
14.30821
13.19994
14.12714
13.00237
13.2989
12.76197
13.06684
12.9893
12.96613
13.07703
12.65247
14.13022
12.56698
12.66792
12.78821
14.04548
12.11652
13.32481
12.68122
13.49414
13.65846
13.80083
12.91205
13.26368
13.4647
13.54106
13.50023
13.80378
14.26937
12.66334
13.42549
11.6565
12.92384
12.4232
13.04666
13.20698
13.99951
12.25407
12.97007
13.12099
14.02468
14.06004
12.91238
11.83641
13.27659
13.52377
11.89129
13.74809
13.75865
12.77765
13.17133
12.44874
13.13928
13.1826
13.91356
14.77058
14.30874
13.40686
12.89194
14.91654
13.63004
13.22139
13.56886
13.86022
11.91699
13.1255
13.09517
14.10671
14.5596
13.37372
13.28661
12.56255
12.49719
13.45669
13.02742
13.13686
13.93825
12.95425
13.07969
12.76591
14.11887
13.99542
13.5226
13.373
12.24042
12.1456
13.09192
12.93041
12.71607
12.66574
14.32726
13.30224
13.84833
12.37355
13.70307
12.44582
14.42297
12.86056
14.0009
12.52125
12.85547
12.81464
13.87641
12.76896
13.34812
13.43825
13.43288
13.90446
13.80058
14.30125
14.31644
12.78372
12.49877
12.63783
13.19355
12.6338
13.98918
14.12193
13.73202
14.14464
13.40485
13.7447
13.46903
12.90154
15.16829
12.63113
13.81107
11.60729
12.63993
14.27689
12.89495
13.07197
13.23119
13.10459
14.02549
13.99147
13.15084
12.41974
12.82326
13.28046
13.56447
13.86818
13.3508
12.76222
14.16708
13.08726
13.10013
13.69248
12.32535
12.47089
12.30917
13.98944
13.56946
13.03982
13.59412
13.79466
13.97555
13.23536
13.07052
14.92015
13.57032
12.59522
12.86898
13.08476
13.80268
12.87863
13.19301
14.13564
14.31374
12.44096
14.21691
12.82165
13.6161
13.2538
13.10667
13.78118
14.06072
13.45432
14.28213
13.93166
12.16281
14.56249
12.98329
13.57944
12.32122
13.17795
14.51471
12.50193
14.33503
13.18329
14.4673
13.45241
14.58737
14.10108
14.15921
12.32914
13.82894
13.11051
12.32965
13.1851
14.0811
13.12962
14.09155
13.50268
13.26946
15.36132
13.27565
11.99854
14.0426
12.73399
12.18699
13.05815
13.17733
14.83905
13.00251
12.82237
12.49984
12.87881
13.49354
13.7678
13.55961
13.4964
13.25335
14.27197
12.83083
14.12079
12.83366
11.85285
12.25331
12.46271
12.79433
13.41518
13.36216
11.97533
12.12422
12.77573
13.8899
12.43355
13.34567
13.00537
12.176
14.53712
12.60419
13.83377
12.4041
13.05766
12.94657
13.69523
12.91421
12.55851
12.47184
14.08536
13.03524
13.19183
14.01313
13.3205
12.26501
12.30148
12.27252
13.16331
13.17664
12.78422
12.32026
12.81761
12.13022
13.17607
11.99594
13.39802
13.96316
12.87962
12.37877
13.68263
12.60112
13.85885
12.88263
14.0283
12.68312
12.94317
14.29128
12.49863
14.66705
13.27177
13.17324
12.85601
15.12438
13.01804
13.9931
12.01116
13.63964
14.74154
13.45609
12.3381
13.2556
13.17673
13.56112
13.04967
13.45799
12.47041
13.32218
12.73569
12.34719
13.19595
13.2479
13.22951
13.5521
13.4295
13.87465
13.04422
13.21803
12.60011
14.11558
14.11607
13.32619
13.26348
12.79016
14.58562
12.55343
12.16574
13.71538
13.02653
13.53662
14.14616
12.52825
13.87779
12.42331
13.85552
14.88291
13.99812
14.14742
13.98773
13.19668
13.50012
12.4655
13.47754
12.28138
13.36649
12.3466
13.60642
12.38168
12.09059
15.17468
12.47129
13.80998
13.07665
14.18517
12.58171
13.64908
13.60578
13.1846
12.18044
13.17898
14.47104
12.26027
12.71835
12.69741
13.39861
11.98219
14.92582
12.5495
13.32136
13.06839
15.3744
13.43809
13.58211
13.05049
12.70999
12.42036
13.8265
12.90932
12.29152
12.97148
12.95318
12.87407
12.41232
13.31482
13.4465
14.22479
14.61212
12.51929
13.57166
13.60074
13.65342
12.62308
13.18771
13.73936
13.04823
12.72405
14.62814
13.02726
13.29535
12.29824
12.68881
12.64288
13.12716
15.33282
12.42762
11.99877
14.18899
13.97425
14.05492
12.48278
13.22571
13.33518
13.17113
12.85348
13.54267
11.71631
14.04815
12.80635
12.94872
14.16388
14.06563
12.1108
13.03315
13.53562
13.87777
12.41226
12.67083
12.6894
11.71108
13.16001
13.31983
12.7405
14.23219
13.65839
12.26204
12.80294
13.60145
13.86246
13.24837
13.79047
13.63618
14.7388
13.36654
14.11202
13.75385
12.91326
12.92621
12.50868
13.76692
12.9193
13.86802
14.49324
14.25057
13.66923
13.92896
13.13262
12.895
12.55783
13.26613
12.3389
13.55041
12.34896
14.22846
12.11547
12.9207
12.25998
14.83368
13.11199
14.13787
14.12484
13.16865
13.65218
13.15042
14.37561
12.74194
13.63638
13.55565
13.33771
13.72926
13.16497
13.54105
12.60268
14.51257
12.64071
13.09688
14.6177
12.87658
14.72842
12.73105
13.1463
11.99591
13.0643
