15.85572
15.79471
15.20465
15.32765
14.34115
13.31241
14.24577
13.54265
14.70404
14.35419
15.75469
14.76428
15.02507
15.21118
15.19446
13.32933
14.25659
13.96043
14.02291
14.70304
14.82054
16.09158
15.76756
14.93971
14.94837
15.66844
16.2742
14.36124
15.74105
14.8376
14.62689
16.28726
13.98843
15.87769
14.51523
13.87847
15.38483
14.9694
13.57449
15.80929
16.17796
14.67102
15.52281
15.17735
13.871
15.75418
16.2275
14.37965
14.83646
14.42003
13.97092
13.90456
14.2334
14.25508
14.62014
14.34834
15.76258
15.77876
14.75496
13.89462
15.01719
13.95991
14.67443
14.10636
16.33669
14.45842
14.32357
15.07464
14.51551
14.79667
14.62794
15.20069
13.72652
16.54099
14.4534
14.08735
14.4835
14.01731
15.22429
13.46001
14.58989
13.45092
15.05908
13.8522
14.43132
13.80911
14.33776
15.11823
14.4901
14.73702
14.75635
13.8167
14.47648
14.5768
14.34101
14.35328
15.8084
14.42395
15.22773
16.20219
14.90909
13.5743
14.80303
13.20327
13.70413
14.16225
13.83533
14.55359
13.92752
16.43889
15.13803
15.07126
14.97194
16.23373
14.09771
14.86187
16.49062
13.97187
12.73902
14.5514
14.18041
15.40417
14.98142
13.77038
15.45624
13.83084
13.67209
14.24247
15.15384
16.41861
13.4612
14.81981
15.77517
15.81713
13.60352
14.6113
14.15043
14.98246
15.02703
16.37978
13.35696
14.3998
14.23305
13.36526
14.08716
13.93591
14.6646
12.45119
13.32359
13.99308
13.5848
14.16831
14.54046
14.39064
16.30273
13.74304
13.53125
12.93218
13.33652
13.81178
12.56023
13.23156
12.86663
12.9906
12.88002
13.90488
15.08515
12.97939
13.36897
12.90144
13.38986
12.75033
13.33417
13.97745
13.22828
11.70246
12.8609
13.15661
12.70377
12.12347
12.678
12.44175
12.87265
12.09565
12.22683
12.17409
11.35744
11.85139
12.0993
11.35368
11.89742
11.58916
11.44158
12.28947
10.77324
12.05113
11.69731
12.26683
12.30844
11.758
12.05473
11.32451
12.52708
12.8601
11.53204
11.79197
12.16775
11.88569
11.14358
11.72635
11.2183
11.88795
10.81937
11.52682
11.43838
11.12403
12.30511
11.28749
11.8879
12.2609
10.40881
10.86395
11.15306
11.7025
11.31833
11.43293
11.97064
11.97971
10.44062
11.96721
11.46597
10.82961
11.50028
12.39067
11.07914
12.22607
11.14582
11.52007
12.01641
11.72825
12.39072
11.09828
11.28245
11.62216
11.79743
11.17938
10.74084
9.701834
11.42778
11.91554
11.23023
13.08068
11.0949
11.45822
11.55465
12.06884
11.9946
12.48143
10.49775
12.40881
12.2951
10.79235
11.01602
13.09182
11.67669
10.7714
11.47405
10.95173
10.65276
11.57183
11.6211
10.66103
10.68113
11.72204
11.7885
11.02699
11.3334
10.74291
10.55404
11.1302
10.46083
12.25099
11.47948
10.47243
10.614
9.863553
10.65378
10.65625
11.02343
11.36385
11.21777
10.76588
10.25711
11.27702
11.43226
11.69043
10.48561
11.11995
11.68883
12.13913
11.76473
11.08965
10.94266
11.11028
10.66938
11.69846
10.94871
11.59878
12.7608
11.64066
11.655
11.61769
11.67398
12.13097
11.74306
12.66036
12.4047
10.97577
11.66008
10.82384
11.48764
12.3583
11.28126
13.14085
12.31705
10.71241
10.97551
10.89147
10.58021
12.37676
10.45242
9.906921
12.0141
9.992757
10.72157
10.53425
11.08841
11.09364
11.73041
10.98151
11.24112
10.31335
12.3976
11.80734
10.42026
11.52421
10.32379
11.23474
10.77588
12.04722
10.54804
11.32291
9.900348
10.93535
12.22074
11.25551
11.64283
10.35082
11.03714
12.39382
11.25773
11.09441
11.98002
10.40738
11.77342
12.88296
10.77625
11.92555
11.39438
13.23963
12.2309
10.95705
10.03175
11.48006
11.08612
11.82955
10.40929
11.65591
11.38539
12.39829
11.44627
10.64602
10.95673
11.8877
13.24854
13.32825
12.37928
11.93667
11.09318
11.97232
12.67105
10.86286
11.45069
12.52261
11.2816
11.08605
11.53997
12.03504
10.78115
10.20341
10.08791
10.35521
11.17221
11.18995
12.52792
12.10759
10.50088
11.2012
10.96755
10.42576
12.37397
10.90867
13.23723
12.54335
11.35316
11.08799
11.17108
10.51318
12.31139
11.99019
11.5083
12.00723
12.85649
12.12022
11.80236
11.0948
11.14505
11.33609
11.5634
12.53342
10.98131
12.17207
12.0763
11.78496
11.48175
12.29703
11.80005
10.57487
10.68421
11.23356
10.96488
11.32617
10.59501
11.39109
12.28963
10.33519
11.44572
11.28493
11.35246
11.20287
12.79581
11.35884
9.91119
11.91144
12.05123
11.73792
12.08837
10.82977
12.01561
11.65729
10.58658
11.07845
11.72505
12.90601
11.9362
10.54522
11.274
11.00164
11.15297
11.76263
10.83223
11.19617
11.48149
11.56161
11.02164
11.11526
11.2944
10.84227
12.00608
12.09752
11.67838
11.75277
10.65114
10.90223
11.68061
11.40754
10.86292
11.42657
11.25121
10.72293
10.47181
11.90662
9.837866
11.22516
11.61068
11.70572
11.15369
12.37455
12.09398
11.56688
