142.1059
173.6702
175.2025
151.2583
164.1867
154.2172
159.0148
134.6598
171.7635
181.1303
164.3076
150.3778
144.3377
169.1421
192.0084
173.9152
163.8437
178.9714
171.7071
158.3058
180.7684
181.0519
153.8348
181.483
194.2961
140.148
146.998
149.3966
168.3697
188.7088
157.9525
164.4126
163.737
157.0448
146.8305
169.5956
184.6216
148.592
134.4901
148.4916
189.2235
142.7378
153.2752
145.204
161.6151
149.1806
142.6292
133.8075
137.1144
134.5702
134.9382
182.228
178.0839
161.2475
172.9556
155.0459
169.1892
137.036
130.8279
155.8926
185.6623
168.4846
170.8481
134.7457
145.2688
163.2206
161.0955
172.7858
173.0768
191.9064
170.7223
166.2628
163.2578
136.1644
173.1649
153.2093
153.5449
168.5199
157.8832
152.4623
169.3613
154.678
155.3224
191.1621
184.9811
166.9731
181.7906
169.2168
153.6252
167.7108
172.0979
151.749
175.8117
191.4373
152.7794
154.8233
159.7516
132.0974
164.0086
167.7985
166.3277
162.3674
167.8614
148.4081
158.8419
136.5374
164.6531
164.1672
131.4666
208.402
151.6939
171.2742
178.9168
185.9882
187.5534
150.4591
172.4487
158.4706
151.6759
161.6711
145.0246
142.3484
159.6956
144.4945
142.5891
145.1937
136.7826
177.8967
154.5308
161.6788
188.839
160.9037
165.1713
157.7932
144.1978
164.7852
162.0057
185.8279
181.8828
155.1164
165.4146
165.3366
177.6011
175.2261
173.1393
162.3385
143.5924
129.4386
138.6725
150.7019
150.2051
144.9125
157.2171
155.4306
157.4398
173.4493
136.062
129.8784
176.2853
149.7417
148.7134
166.7892
181.489
198.0225
145.2712
182.4743
143.2758
164.6621
171.9506
178.6473
185.7376
155.1132
138.1192
148.2384
166.9582
148.3646
137.5282
135.4469
173.4374
130.3266
154.5434
166.6993
158.9017
168.1034
175.3844
160.3445
138.9507
175.7751
126.1822
163.2725
137.9019
138.0134
155.891
161.4635
176.4927
178.8545
142.1244
146.2503
118.4664
141.7814
149.4925
160.6753
150.3333
161.6934
130.7989
145.3243
118.872
121.1945
162.9153
158.9168
181.5524
178.7707
157.1105
178.1625
148.3703
176.893
182.7852
197.095
141.2099
148.2364
148.7524
150.0744
170.0451
156.6042
165.5482
201.0269
185.3148
178.9503
140.6975
210.3584
150.2961
142.706
152.5366
130.4395
175.2404
141.3561
174.6666
166.0957
161.8721
153.8984
166.2513
158.7733
143.2147
177.7188
192.6035
165.8869
162.5021
182.402
143.1616
142.7661
147.1726
153.5182
192.1316
161.9733
144.9904
137.0968
164.5351
154.0707
171.8876
194.9424
199.8714
227.4449
151.8477
185.3432
143.6323
171.3572
163.5953
160.5794
178.8044
176.4102
160.0621
203.9454
187.3119
174.6225
164.8696
167.672
148.772
141.1923
164.8592
156.2932
166.84
154.1492
183.7312
155.4545
186.6009
159.5253
181.0101
158.1826
174.1281
167.0151
168.9605
139.8988
147.705
143.1033
132.8238
160.6119
136.1949
156.4325
141.4665
176.3775
174.8995
162.9043
169.7992
181.6414
157.0838
142.5033
138.1424
138.1734
162.9444
123.8971
170.6682
160.3121
188.6824
172.0399
143.6652
164.6371
145.9065
143.6419
154.9897
146.8665
152.3781
158.9062
182.8411
188.731
151.1845
163.0914
142.303
165.8088
166.9826
196.3943
141.6175
154.3432
161.4849
162.4827
154.1053
210.4463
165.1465
180.3472
156.244
175.7647
166.6233
149.1498
167.2185
158.5338
159.7804
167.2804
165.7954
161.9348
195.8767
141.7746
138.1327
150.7206
189.1109
157.5759
182.5705
159.6792
196.8961
162.8383
145.495
146.5056
157.407
146.0847
139.9977
168.9559
127.5725
132.1789
162.182
176.9914
140.1408
139.965
129.7099
156.9761
174.2876
116.1329
140.7925
140.308
157.5088
157.746
126.8555
138.0229
136.9527
146.0561
138.8253
134.1634
168.8398
151.3797
161.2646
166.5981
153.201
145.389
139.5094
155.8601
150.1441
140.239
168.713
161.2616
143.9632
201.0952
157.0899
171.7886
158.8135
145.3043
162.7068
172.0427
156.5795
173.3779
168.4029
179.0719
170.0506
165.181
145.7982
147.0592
128.124
139.4244
162.7235
145.2003
171.9508
175.3278
135.7806
139.7179
136.1624
139.2232
148.5507
149.204
159.223
165.0091
161.9524
165.9153
146.9275
156.9182
160.1611
147.2659
151.7931
172.7432
169.3276
161.6266
155.6974
148.9853
116.7137
142.0489
150.6727
140.7982
155.5339
141.6106
130.0877
152.6693
163.2303
160.9244
147.146
163.8639
133.4587
131.4683
120.0829
159.9105
145.0831
138.1844
147.0847
177.9028
169.4945
164.3373
145.9698
160.5857
166.3997
174.8914
149.5422
176.58
163.941
137.341
148.7981
127.7105
138.7041
141.8994
154.0776
140.384
158.9688
169.3609
145.0109
125.153
148.6749
114.3053
113.0109
111.1411
122.9629
122.0965
160.2439
144.1503
117.7406
114.3235
129.9477
146.367
116.0366
131.1279
127.6222
121.6566
119.1171
125.8397
127.3771
115.4132
138.0352
132.3331
