1017.39
1272.089
708.7596
2294.98
568.6718
760.2288
1710.69
823.5039
803.7246
2288.392
924.4531
2804.812
1468.79
366.4797
912.3069
1889.97
387.7033
645.0114
1023.343
620.7655
962.143
2173.107
883.8651
951.2971
941.448
591.6587
571.28
1011.196
527.8669
2957.888
657.5928
952.1323
822.5259
1972.602
2301.039
708.8112
569.5649
650.7758
650.3301
399.3801
2998.52
438.1237
1132.804
1879.011
678.2304
1346.44
726.6175
696.0135
627.882
978.3212
662.6546
312.3445
836.9928
1458.283
468.8184
525.4759
1945.387
738.0634
831.821
588.9423
909.8158
588.9517
868.5307
431.5695
904.0379
929.2409
461.0592
1896.226
812.761
3797.65
872.9471
1277.37
515.0793
2071.49
622.4016
665.6189
617.4788
688.5736
560.2
3550.931
662.2914
699.9042
928.6476
600.0366
657.6261
1143.864
1385.865
1258.965
669.768
502.123
517.9151
1290.681
1753.349
776.2259
4042.068
1395.821
528.3709
514.3696
3126.503
544.4253
972.4548
558.8785
470.6957
1103.039
598.4903
454.2191
1736.899
1128.308
833.1048
1360.328
881.7681
757.3595
670.1865
957.4277
1361.851
1046.671
641.5809
1291.63
389.6501
2254.097
953.1728
1090.247
443.4438
501.838
1055.155
3221.365
1514.148
1310.151
591.9512
1124.021
927.0769
571.8408
2283.849
384.9002
2086.701
790.1745
1158.914
476.5012
1415.466
570.7038
894.6414
1468.026
1206.448
1833.383
826.6517
1110.137
2472.772
352.7099
1003.656
1345.922
518.4532
586.6828
528.798
1258.864
984.0808
443.6815
1103.905
1339.898
575.7196
352.4053
1395.88
804.6911
616.6293
989.5535
1608.995
1215.678
705.912
709.9534
862.6112
810.2954
693.4752
666.5674
582.8637
807.1188
1598.921
1218.749
606.9059
1940.895
590.4574
970.4583
693.9026
1079.38
534.5592
1887.841
2468.654
860.4311
1520.923
920.2449
643.3865
1721.477
765.4931
1277.76
1760.922
2861.222
726.3186
1870.089
979.3308
584.3321
670.0105
1323.978
600.6101
1741.526
1013.077
1551.707
1476.607
594.0828
592.4995
1767.812
1439.583
1356.771
910.6791
664.49
887.485
363.5473
950.0919
1099.085
1244.62
1363.387
376.7983
501.8043
497.6988
604.3913
1565.337
399.1979
605.3219
573.1295
847.9256
1326.092
1331.837
790.7625
484.5609
623.3723
1442.938
603.962
562.5264
3258.831
962.1254
356.8412
860.4987
906.6872
824.3564
1412.831
417.199
2695.646
912.5671
859.0743
1119.962
667.3963
856.0402
538.5758
623.9782
601.8495
671.4885
613.9352
1022.221
433.8767
774.4782
1093.89
688.0108
1135.871
595.3775
1354.069
909.2758
718.546
950.1861
2049.854
1750.049
579.365
462.6381
522.4329
873.1313
939.4256
1155.843
798.5171
485.9401
1303.608
817.4175
1720.827
1187.43
835.3725
997.117
937.2053
836.3736
629.2448
762.8063
860.0401
1564.691
396.1078
4263.779
664.9769
571.5472
984.2485
1297.83
949.1731
1268.62
625.3063
992.1948
268.8403
1998.761
1102.659
1846.554
1425.735
827.5637
1496.531
1432.53
2054.705
1448.094
618.9435
1272.023
397.2768
1918.549
506.7922
1652.873
1666.924
1062.689
1092.775
1284.315
1938.696
1072.939
642.932
1133.371
544.8551
627.9278
895.1205
648.4734
545.5588
391.18
490.6884
1189.609
4413.515
1202.671
1514.218
610.8029
524.4788
571.1731
435.85
1596.058
1546.989
799.4487
667.7654
673.7709
602.9849
3243.044
737.6125
810.0623
1491.378
958.189
751.6872
1134.676
1193.658
1012.262
636.0487
1052.835
706.7196
642.0907
1741.441
513.3561
992.7622
1454.967
1090.188
1479.245
2824.611
1248.406
615.8728
678.7515
1174.623
571.3927
760.5743
786.2201
695.6553
2448.798
1642.515
520.4893
680.5885
1957.002
985.2178
637.5691
1005.551
677.9096
471.1518
764.4695
612.1586
652.9552
677.5221
790.3406
696.8158
441.6265
1103.626
1481.571
2789.968
1142.107
1054.485
1320.281
2433.386
1644.84
1198.933
1324.183
781.3517
462.4692
525.5419
733.2301
495.0609
1376.224
846.8095
662.321
400.6198
1015.907
624.4436
557.8751
1216.19
1745.327
865.8878
562.9513
3943.578
460.0457
1155.243
788.7097
780.6216
1471.924
1397.794
2827.222
1267.162
774.0403
910.2476
1546.007
1008.965
703.0397
1020.074
1631.017
1434.129
966.445
2793.191
1240.214
1133.008
569.3685
460.5536
2237.752
570.9843
588.826
1333.783
554.483
793.9022
1521.469
834.0899
357.6597
1056.685
1555.466
2655.089
1153.509
668.8711
1093.957
560.9762
1235.562
727.0244
535.2879
954.7312
2504.405
828.4601
678.9595
559.3112
826.5604
1187.625
1426.231
1731.529
351.0505
745.1033
756.9207
765.9826
1534.534
931.8332
2110.715
775.1058
870.0866
589.6933
1256.691
386.8544
598.5983
973.6753
514.2776
1121.903
636.28
637.277
2232.164
758.0306
573.9515
442.3486
624.4454
434.8801
786.1052
1437.584
676.2962
2196.28
1082.242
1510.418
1133.128
859.5148
1277.495
383.9197
2452.634
1084.816
