1.110661
0.4986177
1.213909
0.7052978
0.7373205
0.803045
2.51217
1.362988
2.209178
1.00208
0.8720923
0.7372277
0.699819
0.9514353
1.374529
0.9586307
0.8133695
0.8093015
1.178048
1.046565
0.9144845
1.155179
1.36015
1.152457
1.481682
0.6971864
0.9098802
0.8237863
0.602368
1.017425
1.465116
0.6335104
0.5244032
0.8475675
3.884185
1.965345
0.4998017
1.229656
0.846442
0.9595314
0.918234
0.8651945
1.676127
1.040487
0.5131649
1.318637
1.852952
4.370232
0.610124
0.8702548
1.717097
4.779289
1.026191
2.156966
4.434232
1.56735
1.500764
0.8690394
2.167442
2.693667
0.6030187
2.225839
0.9934321
2.514629
0.9437013
0.9309916
2.010015
0.8440059
1.347714
0.5979274
1.701075
1.478908
2.116078
0.4662671
0.4952767
0.4535996
0.8387371
0.7124403
4.035069
5.07612
1.259913
1.738223
0.4263542
2.366998
2.058172
1.095625
0.7383859
3.127075
2.38277
1.760059
2.02738
1.038939
1.843158
0.7535639
6.058974
2.814868
1.481676
1.673473
0.6491965
1.415928
0.7809954
2.577754
1.370972
0.8470055
0.5099968
0.9501217
1.569985
1.727627
0.6235585
0.9670684
0.4143352
1.181559
0.9416765
3.040051
2.035438
1.070178
0.8148271
1.450993
0.7632445
0.6671546
1.105842
1.614748
0.9584952
2.012089
1.824034
1.100598
0.604756
1.333723
1.20291
1.062833
0.9991345
0.4298434
2.253326
1.546296
1.564277
2.357841
1.727698
1.87446
0.6265517
1.329687
4.767478
1.52014
1.02953
0.8859135
0.516602
1.641088
0.8578488
0.403589
0.9765538
3.39225
0.4122379
0.8871822
0.8651545
0.9063279
0.8461332
1.002939
6.170497
4.544803
0.8811615
1.221321
1.092503
1.377745
1.520849
3.335587
0.5757863
0.9076262
3.898123
0.6363607
3.231622
5.205286
5.961192
2.244962
3.309064
1.068789
2.015087
0.7309286
1.656348
2.265255
1.5772
3.146694
2.059869
1.569942
0.7530876
1.784615
0.8164895
1.211524
1.079805
1.90067
0.7663693
0.7093953
1.457921
1.632857
2.381448
1.572701
0.8682588
0.8805953
0.7854961
1.072898
5.350185
2.320621
1.015443
2.00291
0.8381858
0.6818449
0.9236015
1.055936
1.678533
3.121559
1.57062
1.38196
5.676522
0.7115642
0.7488858
0.7344245
3.430983
3.619448
1.300312
1.172898
0.9250013
2.234726
0.8062568
0.5082019
1.051243
1.260834
0.9937042
1.124561
1.055377
2.364101
1.657636
2.108354
4.806186
0.9414287
1.191452
0.7559443
1.001238
2.126473
0.6320863
3.076188
3.317278
3.228586
1.241196
0.8003854
0.8113339
2.713142
1.271583
0.5611167
5.997361
6.084106
0.8615446
3.089998
2.307757
0.9018768
1.305314
2.522694
0.705484
6.698652
0.6199505
1.287939
1.454317
1.6117
1.304135
1.601689
9.896103
1.512947
3.416725
1.650967
1.111953
0.7903807
1.50115
2.292948
1.231266
1.626891
0.7937512
1.08852
0.8619154
0.8366427
1.609114
5.855675
3.500123
0.8523201
2.889836
1.737018
0.6269467
0.8743172
1.933581
2.426364
1.324265
1.590944
4.021449
1.215469
1.595671
1.578237
0.4209028
2.253967
0.9717173
1.489093
1.263526
3.271864
0.8983007
2.083993
2.420088
0.6292462
1.598154
1.114407
0.6195196
0.9054421
1.257919
0.8569577
4.686521
1.280729
1.152206
0.5403519
1.063873
1.271178
1.186456
1.082463
1.087648
0.71958
1.497519
0.4267862
2.558474
1.22324
0.5878876
0.9485849
1.487211
1.493223
0.7845817
4.419858
1.899152
0.6032976
1.500994
1.990383
0.7332342
0.7268764
0.6497917
1.334423
0.7063102
0.692168
2.728428
2.069953
0.8299102
1.191472
0.6886178
0.6568868
1.144364
1.078053
1.055055
1.552548
1.594423
1.653619
1.361247
0.5938519
2.655716
0.3655788
2.315293
12.22949
7.845684
2.627713
0.7919641
0.6902245
1.702177
1.289492
0.6337738
0.7432325
1.000613
0.8411671
0.5846361
1.077779
1.424816
1.129327
0.9677295
0.8818601
0.9194991
4.02533
2.753425
0.6723327
0.8171686
1.154205
0.9462036
2.120283
4.19251
2.976287
1.737809
0.8137233
1.208664
0.8330555
0.5532134
2.663955
0.6683506
0.8636582
2.355859
0.5776129
1.657267
0.908833
0.8363212
1.881034
1.029309
3.072261
0.9637161
1.473275
0.6586794
0.7355171
2.677849
0.6423232
4.677263
0.6098295
0.822265
0.5228045
1.12181
0.5585196
1.158816
1.34673
0.3647083
1.84046
0.5610154
2.398069
3.212405
1.284319
1.643005
1.864287
1.957641
0.9725617
0.5983195
2.340351
0.8089037
0.7887687
2.229786
2.437325
0.9463947
1.11399
0.7038607
1.725036
1.826921
6.733486
16.51629
1.344183
1.271223
1.291396
0.6616317
0.8139153
0.5688
1.398692
1.34527
1.719483
0.6492394
1.606638
0.4794315
1.416406
2.093899
0.7255965
1.852682
1.926794
1.559234
0.7326669
0.5997238
0.5112924
1.979519
3.509496
1.347317
1.389066
0.9102953
3.031951
1.706024
3.912876
2.784095
1.092413
2.797054
1.047071
0.6816848
0.7972141
0.4843278
1.397171
2.05067
0.9178769
1.104942
0.9645687
1.010898
1.499804
1.288845
0.7935557
0.6386292
1.647895
1.437646
1.523105
2.474446
0.8280868
1.582311
1.655563
2.173169
0.5935525
1.218284
3.610278
0.6421808
1.279101
0.6490875
2.503856
6.718552
0.705833
1.201164
0.768245
