333.2372
277.41
293.6232
288.9702
293.3815
267.4011
280.1884
265.6594
311.0899
291.391
285.1426
292.9349
288.7458
298.469
287.6672
294.8065
296.6134
279.6321
289.5705
292.8459
298.8972
282.3149
309.4058
276.2165
302.4686
286.1718
281.245
293.513
292.7334
287.1629
298.6571
284.713
273.7173
275.1395
278.6809
287.271
303.6575
290.6023
311.4041
294.787
313.0471
274.4035
300.2773
287.9658
310.4028
278.7288
259.4587
281.6473
299.984
288.159
282.1807
288.0125
288.7807
314.9683
279.5986
288.7697
292.6492
268.0286
299.4618
283.2519
289.1791
284.8334
277.0273
288.0148
271.9907
286.2486
288.5187
265.4774
271.3855
275.3692
276.6612
310.018
275.5735
304.0742
301.2304
286.1394
304.7195
289.3608
282.0647
311.0148
305.5284
292.1676
298.1372
271.024
284.7656
297.7918
301.0058
276.1351
277.2776
297.5087
307.3193
264.7978
291.4367
285.1002
323.0796
279.4929
269.1475
323.0263
280.5689
275.3222
288.0864
282.1316
292.8515
291.1126
306.694
284.4281
289.7121
281.1213
292.1828
278.0132
289.5344
295.0788
282.3776
296.6712
278.357
296.488
276.9544
290.1795
290.4556
277.4051
296.1455
278.5587
294.8389
293.8269
300.3835
297.2373
296.6742
284.6597
290.0131
292.9515
307.7895
313.9749
277.9049
328.3651
297.52
281.7533
310.6773
285.0653
291.4326
287.6607
285.3926
299.3632
304.7751
304.4258
263.5903
282.3027
276.1623
275.8639
296.7185
293.537
308.4083
290.2539
283.9699
301.9418
295.9169
276.6351
285.8921
291.0399
275.4885
295.6772
276.0619
306.697
307.7333
283.3571
295.1572
281.2028
280.5518
293.775
294.8034
295.4047
304.5384
285.9572
285.401
301.1118
318.2903
283.5603
303.2228
283.6026
301.3201
275.9895
280.155
265.8767
293.3817
273.1882
304.6836
278.1497
283.9421
294.6295
273.9122
296.1793
275.0471
274.3745
295.5153
281.4595
307.4198
290.2685
283.8877
303.9595
292.8805
303.043
283.831
277.7266
299.0455
257.8763
279.7907
285.039
271.5645
294.4563
290.8435
283.7723
287.0119
276.0183
311.3157
307.4076
273.1596
278.7949
270.6312
277.9144
295.9079
300.3852
286.7811
277.7045
268.9084
266.7878
284.128
277.9935
272.377
277.5403
309.7764
275.768
308.7931
283.6104
289.2207
303.3537
295.058
293.702
270.8924
285.2005
283.0316
276.5646
278.5938
306.9284
296.6036
281.1564
275.4822
315.8407
288.8397
298.0364
260.3747
289.8263
288.4405
309.3252
284.7606
279.7031
281.4647
293.8192
276.848
296.8126
308.3696
297.7234
287.6663
289.7084
291.163
285.6237
269.9488
322.9488
309.8735
270.7591
305.4497
284.5427
272.8085
299.5921
279.1725
301.3385
286.8818
300.5764
285.0345
286.5342
277.4401
302.9595
270.4097
290.8093
282.4106
274.1988
290.8819
308.1256
257.5049
289.19
285.4456
285.6716
292.7223
282.6909
292.368
286.855
295.3054
286.1615
275.8251
271.7161
308.2028
266.9072
293.777
298.1802
284.9413
283.6738
294.5015
285.6188
267.9059
277.7274
291.0216
294.3189
295.2596
263.0904
298.3771
281.5153
284.8433
296.9755
290.5131
305.3012
287.646
297.5601
262.1273
290.2458
305.1252
266.9811
285.5837
318.1141
293.709
275.3452
307.565
286.5046
288.821
282.9323
265.4491
272.8827
308.3485
307.0455
311.3539
291.0864
297.5703
270.7424
274.1459
279.8949
279.0955
289.9648
284.7427
279.686
283.5705
272.1434
280.8024
295.6849
269.295
276.4934
307.7533
302.8971
310.2326
295.5853
316.7549
282.6477
297.2465
299.3249
299.0034
281.3211
293.2629
299.7282
271.6453
262.7473
284.2305
286.2886
267.9377
296.4297
285.4518
278.2221
285.8412
290.7672
288.9233
296.4502
281.1177
319.0538
289.3605
301.4377
287.9162
313.7974
324.4769
283.0086
283.8365
274.2779
298.3559
301.308
293.6469
283.0185
279.659
274.1561
269.1261
278.5014
288.3779
276.9289
289.5444
280.9078
290.4316
305.7056
269.3241
294.7505
290.5827
290.9789
287.9772
310.1584
290.103
314.8587
282.5629
287.573
295.2507
293.9505
292.8369
284.1494
288.5857
260.0716
253.4418
284.0835
306.3744
281.5598
281.4289
284.9558
320.3681
304.8375
306.0172
285.9969
284.9186
265.8549
277.9987
278.5665
298.2305
305.6002
290.8643
275.9615
291.1773
291.3924
293.1984
298.2882
311.6892
301.1115
278.2232
309.3953
307.2434
280.7138
311.8329
277.041
308.2365
317.9297
280.0658
273.9334
293.8323
272.9807
290.4584
300.3806
302.2855
304.1066
287.0743
275.4105
283.9701
293.6062
300.8763
279.646
281.0576
298.2002
311.0609
286.2945
304.6845
277.4211
295.437
315.9455
280.2891
308.9828
299.6914
276.5376
296.3475
282.9817
296.9519
302.7246
276.606
286.1004
297.5805
307.83
279.2414
301.6015
281.487
272.7596
301.6042
314.5011
281.581
285.7027
277.4405
299.1742
282.641
302.7713
275.4902
284.0716
300.642
290.2034
290.6391
272.276
