6.394821
8.869328
12.50321
18.17614
22.44757
36.84898
33.27716
21.40499
14.0021
23.65707
19.25444
23.17965
36.41673
34.07237
34.07843
32.61988
37.5292
34.11708
73.81276
87.76277
48.75449
27.48871
28.18277
31.58299
36.03801
27.93032
12.37296
10.33796
16.47968
11.8242
19.52692
9.350636
5.55968
7.64329
9.283879
8.053471
6.080797
4.343432
3.490047
6.904409
5.284456
5.279142
3.902283
5.498293
7.006494
7.053934
6.283135
3.647832
4.318463
6.552361
3.642559
9.907625
9.06394
8.364025
6.010015
5.289944
4.486905
3.506236
4.403835
4.247334
7.180161
5.251101
6.614402
5.853967
6.227283
8.084618
6.330453
8.763016
8.365998
7.597086
9.052452
7.28019
5.983458
7.116671
11.452
10.56417
6.147793
5.702553
7.806114
12.62684
13.29212
14.01904
14.31661
25.04184
21.63381
23.78689
12.60794
14.63064
18.41093
15.38307
11.39277
8.730673
8.726087
11.35834
10.63606
10.66359
14.95733
9.927034
9.453029
8.879044
17.83192
17.66285
13.25417
14.75146
13.05251
12.86489
8.240049
6.894998
6.839624
7.935656
5.954748
8.499847
18.80185
19.83158
11.71177
9.678273
11.49104
7.786697
12.40427
11.37141
11.56313
9.777906
10.50266
13.9988
11.6112
6.409977
6.168611
12.73482
11.08015
9.624097
11.95228
14.59582
9.786181
8.197021
7.661895
12.72103
16.25815
10.97585
8.841489
11.89733
10.7805
9.478386
10.9031
8.114961
7.613951
5.49218
6.472678
9.262917
12.945
10.75047
7.815136
6.382648
7.987845
7.166553
10.79943
9.87221
10.47642
9.450874
8.304535
8.771548
10.32869
11.5517
5.90166
5.07829
3.914869
3.888845
7.064504
4.420107
5.522746
7.010363
8.260014
10.79916
12.78734
11.50447
12.17807
16.85284
19.01969
13.50592
21.76837
15.62245
15.05215
18.0241
13.42026
5.531061
5.274273
6.307683
5.538217
4.887324
3.748552
3.597571
5.751456
4.504613
6.650732
3.81927
4.516615
4.563024
6.019303
3.73003
2.872487
3.562195
5.208641
3.990737
3.794123
3.123434
2.469884
4.168873
5.074584
5.96986
5.281024
7.14496
7.863226
8.214773
6.663516
4.457351
6.220941
5.812518
3.169417
4.575206
4.797098
4.732338
7.413734
7.898648
24.9791
20.79469
13.584
12.00114
16.84737
11.21731
10.82294
14.02321
15.50409
18.33717
28.75501
35.94409
27.95393
29.15697
32.96775
17.65812
21.33349
14.06097
5.306566
5.868155
5.812814
4.361136
4.080384
4.708496
5.811896
6.842119
4.991158
3.792868
6.167309
6.399449
15.02447
11.42178
7.464327
6.105254
8.922207
3.630426
4.72283
3.62699
5.546083
6.131268
5.068828
6.062401
5.463365
6.065431
7.617279
8.736432
9.357825
16.1743
16.02783
10.31392
22.43241
21.10809
10.74917
10.16003
6.627356
8.218683
7.748446
6.34849
10.02736
9.399356
7.74659
6.079322
5.052686
5.443053
9.991336
16.25186
8.946204
8.103826
7.673615
6.359835
4.178825
3.366033
2.754139
4.645877
4.181537
5.902194
9.414587
8.548763
8.58123
5.453061
4.027479
3.162949
4.23685
5.660573
9.257706
12.22313
10.66497
8.201149
5.057798
6.008902
6.182031
6.243223
4.733958
3.413697
3.000761
3.928884
2.917416
3.011663
3.898145
5.607036
5.424716
5.545489
3.584434
4.588303
4.248823
4.287685
4.366137
6.714072
3.72508
6.469422
9.194675
6.757924
13.28746
13.38856
18.40268
27.3146
12.17936
14.43784
16.30769
20.78878
14.37324
10.00031
9.544848
9.734984
8.152148
6.052915
6.815968
5.417881
5.699074
6.055714
6.744706
6.101829
6.433983
2.248207
2.026642
3.716921
4.935932
6.434311
4.731963
6.069434
10.34216
9.057373
8.557778
5.922559
4.942766
5.983845
7.736048
8.389407
10.90612
12.21222
10.0751
15.00841
15.13512
11.34208
18.02398
12.14941
7.001325
7.932447
9.521259
5.242893
8.280438
11.13975
16.45027
8.572434
9.709977
12.79295
11.91588
14.20146
16.47063
10.77054
7.682855
6.604892
10.42815
10.03063
8.841846
8.496587
4.370951
4.612564
4.39391
3.366788
3.655528
3.175606
5.815252
5.110001
3.057793
2.789444
3.612722
6.639822
8.457395
8.981077
11.60668
10.62946
12.33945
15.35398
11.09779
11.08583
9.970491
9.743114
9.97947
6.849913
7.54567
4.942803
4.940117
4.493097
3.104188
3.728531
6.375059
5.893592
5.383834
4.280731
5.112701
6.822926
6.802961
7.491452
7.467558
4.176544
1.791519
3.885632
5.100093
6.246015
6.952289
9.383783
6.808515
6.39586
4.398861
4.714754
5.314342
4.187232
2.69617
2.404556
3.088813
4.404378
4.309621
3.194993
3.094176
3.52003
4.967172
6.434622
5.379201
4.266195
4.109765
3.773059
9.851639
9.949008
19.47209
17.53121
12.86879
9.267057
7.289538
6.624082
10.65196
14.50332
21.75634
17.434
19.22004
17.15502
13.43035
12.95481
14.43042
10.12589
7.576426
11.15668
13.40212
12.73328
11.3307
8.625941
8.712343
8.422671
5.745005
7.118902
7.618332
8.311627
8.055918
7.21789
6.832037
5.624189
9.440541
8.967345
