732.812
750.7813
711.5406
785.1034
733.2575
770.6941
715.0837
702.9216
713.009
718.6512
713.7883
720.9837
665.6724
694.0281
729.9141
752.2235
710.0361
790.3604
776.9343
720.112
654.8576
655.6534
654.5331
659.2022
642.2164
546.0887
516.5435
554.8536
585.9886
579.9847
509.9206
588.0315
618.7635
545.5571
583.8317
537.8206
569.8436
531.6983
532.2121
602.2625
622.7306
519.3844
597.2986
522.4749
561.11
523.3473
542.2869
547.0131
557.1279
591.0947
565.8712
544.3484
549.7439
622.0708
557.5289
569.6667
573.9844
548.1253
553.9481
575.0438
607.5854
518.2503
565.9433
534.2757
568.0624
591.2605
578.093
560.9549
576.4327
564.9653
550.084
578.4356
562.22
574.5639
638.6067
530.539
567.8527
557.3562
577.4857
559.1886
549.9112
551.0948
595.7837
535.6335
553.2509
531.8401
664.6922
559.0428
582.8702
563.8048
609.1746
611.1414
587.6675
566.7639
533.6199
529.9809
648.656
574.7918
601.7269
554.0397
608.3012
492.3594
579.6619
569.8946
565.5556
592.0547
561.0781
565.1576
574.9174
628.7339
542.5353
566.3092
527.1013
552.4388
583.9428
574.3928
556.0894
584.2966
576.929
576.2605
527.0742
584.3572
588.558
600.0558
567.6354
559.9721
566.037
529.7798
586.8849
573.1345
557.5092
571.462
543.7314
624.9859
558.065
585.0319
579.8858
589.1867
555.1891
557.8976
539.2601
551.2338
591.4699
575.6009
582.2954
573.6208
560.1192
602.092
596.5072
557.93
589.3049
566.5264
506.2471
542.3936
569.4141
531.7072
551.8319
566.4043
520.4353
554.1797
559.9157
583.4586
551.3388
566.0051
551.1976
523.5398
547.4231
619.2464
535.9637
557.843
603.8032
571.4555
552.2305
530.3569
548.05
535.1213
544.2395
548.7772
516.5804
579.2083
571.9227
578.6022
586.658
631.3612
543.1858
553.2552
573.3481
587.3731
579.0998
542.3183
547.9137
599.7657
562.4572
582.3014
561.3992
582.5539
572.4735
554.8636
595.2014
583.682
561.9402
539.0365
510.5724
546.861
549.1421
587.4788
547.5112
626.4811
558.0161
570.1991
554.2192
577.6007
576.4764
583.6763
585.8444
588.5584
571.9034
586.6347
617.9791
561.5866
572.8379
573.2333
598.7257
573.5766
630.7689
601.2307
586.057
587.0562
593.8805
611.4912
589.3064
554.6794
604.1254
536.9724
531.6627
591.7885
603.6326
554.1613
552.1801
573.8634
553.0022
564.6206
611.8792
547.1912
554.2685
540.1544
555.1984
570.9649
567.7425
552.6918
600.0146
546.6915
594.327
632.0928
550.7158
638.3219
567.449
537.7556
553.1922
551.3694
573.9705
562.517
586.3104
620.5417
581.9857
606.2681
557.2973
587.1828
574.0654
585.3838
528.724
599.274
575.4484
572.4193
557.9541
577.5811
513.7014
568.1197
585.6968
583.6418
571.0381
570.2622
534.0924
616.1841
566.7729
541.5946
592.9722
546.5381
585.3747
549.7721
626.4378
571.1484
548.7161
556.3243
553.9687
636.3425
558.1722
568.1124
556.8514
550.5665
595.3485
580.3169
549.0255
646.7994
614.3901
503.6917
590.4593
556.3774
582.341
551.0085
589.958
581.1274
578.0941
550.3842
522.1885
594.144
570.7006
562.4691
541.5088
548.3733
665.1904
551.1427
581.4623
564.3504
585.2471
565.3933
534.3194
641.278
574.3642
577.8003
561.814
504.269
589.7577
552.5705
578.5915
610.5442
571.8047
559.5077
548.7373
590.3671
565.5692
563.9154
580.8923
598.134
605.9713
599.7279
521.4207
562.2395
536.8437
583.2251
587.792
538.0012
544.4115
524.5472
610.5046
558.5176
618.1103
581.9799
561.0796
576.6108
597.1248
607.7978
569.4523
565.4628
631.848
641.0602
532.0995
551.1465
560.3202
565.0839
573.7116
511.782
648.7344
612.1898
603.4888
542.6876
588.5874
559.4154
583.988
684.0318
630.5873
573.2372
556.4414
549.3165
608.593
517.1079
562.1365
610.0643
521.9901
534.4917
569.1402
618.2309
554.6187
584.9325
521.0652
533.5523
559.5544
575.4507
559.1754
542.8286
567.9769
594.8934
567.9065
581.9576
547.3774
541.5338
558.161
520.7276
606.8793
580.8315
571.9645
538.3102
538.249
567.2845
645.0082
601.9056
631.6486
574.0161
525.3395
595.4923
620.7702
574.1611
559.6167
600.9745
611.5713
634.2028
597.9999
586.3115
574.4769
535.2916
559.7898
585.9661
614.5335
575.1954
554.0859
618.045
561.8988
616.7049
563.5359
574.4721
613.7074
588.44
620.979
582.6151
511.6123
536.0483
548.9754
560.6894
589.6188
603.5409
536.7302
599.5707
579.8901
562.9329
537.9049
545.9341
540.2752
531.336
562.0025
599.8924
613.0659
529.5667
549.4811
578.3561
591.938
565.6164
593.803
561.0757
525.4529
580.1573
575.0262
533.3816
590.0348
571.2635
558.8458
632.7
571.8267
597.6523
522.8759
537.3735
598.7591
564.7041
554.3231
553.6953
562.8826
573.8696
578.7145
526.8656
548.7112
544.0778
540.3519
573.8642
573.6906
581.2491
564.0316
550.2953
527.8424
580.2178
571.1257
588.2694
