1144.603
1702.597
1982.323
793.6882
583.612
1183.592
631.0602
1023.042
629.7705
572.4689
1850.478
849.5014
1765.475
978.9106
945.7765
1588.399
2216.932
1972.386
1021.909
608.0495
2470.961
1796.14
1653.883
2600.547
831.1552
1424.398
917.2048
1038.161
1456.088
901.9439
1321.686
1109.341
1192.232
1153.248
1237.753
1845.663
1109.962
1923.691
1387.149
651.6209
990.5714
705.4004
1748.608
722.1168
759.1787
1031.781
1219.71
1599.959
2117.951
451.7811
1057.006
2825.069
2562.317
1022.605
898.2517
833.5427
717.0602
1163.314
1174.048
1897.747
755.9157
846.7262
626.3886
803.5009
671.736
1207.229
858.1875
1143.564
902.0299
2203.592
1225.283
1945.235
629.6312
1509.688
1000.826
1475.263
1487.829
1100.406
1045.964
770.2095
1124.304
1117.655
1411.106
2551.753
1435.458
1310.925
1957.917
1232.058
1777.993
1716.399
551.5648
3952.805
1328.404
1263.258
2070.352
2292.977
880.4495
798.6933
1007.066
1433.289
1373.357
807.2061
1886.208
856.4795
866.4672
1659.352
661.0738
874.5748
926.5021
995.0783
834.7051
907.6234
869.2446
1649.25
998.4932
1691.261
714.649
2877.306
1283.903
697.8601
631.4878
1117.165
1212.786
838.0175
1984.903
1018.366
788.3577
1446.509
1247.754
516.8573
2438.51
2168.751
880.2844
2871.912
732.628
1501.294
1514.117
614.9332
1266.114
783.0409
1277.118
1806.816
1811.673
1025.103
790.86
2313.83
1801.829
756.7006
920.5876
928.2749
708.2934
1249.8
1362.122
1753.662
1085.312
2904.288
1802.746
2907.617
1239.602
1039.422
1589.588
630.6197
1051.266
1227.48
2042.058
567.6874
1237.719
462.7102
2499.617
2551.131
2001.289
1730.084
1074.654
1236.776
1208.175
1104.237
2247.943
2856.073
2418.222
1097.472
856.8324
1405.578
716.3595
1927.208
1223.296
1310.52
1227.41
1445.493
503.3545
1187.987
1424.159
711.7932
2225.653
1346.673
1433.458
671.1563
1025.369
3809.094
2767.695
2505.202
1761.596
1287.977
1051.551
3464.834
807.3265
460.2478
1017.161
1346.306
2040.237
1037.57
1265.816
1594.64
1242.048
589.02
906.349
484.948
1981.755
1675.241
1175.949
874.8756
2654.284
795.2728
603.5619
2079.939
651.8521
937.8749
1564.041
836.3763
1458.782
1640.833
1502.422
1492.313
2019.066
695.518
748.8718
1800.947
1561.872
934.9873
3133.431
1309.233
692.3586
723.2905
600.918
640.9957
1834.883
849.3137
707.7823
1421.908
1126.681
837.1453
1626.605
770.0864
653.9239
1451.323
1118.993
664.2967
2261.025
817.2478
1087.604
782.5698
1295.136
2006.303
2608.302
3060.76
466.9447
983.4081
2089.83
2467.68
1062.612
1417.643
1377.369
819.2251
2364.321
791.2778
1190.286
1517.794
1902.413
1504.725
579.4101
657.4319
768.6191
680.72
785.9672
1187.452
933.3769
856.0247
1003.244
723.5955
792.199
1380.215
827.8026
762.2044
1221.958
3196.874
1642.567
957.8651
952.1911
2633.313
944.7793
876.692
4250.829
449.6103
1289.774
493.7969
852.7471
1047.625
1102.842
495.3516
1036.137
1139.028
890.1562
1589.086
1299.817
1538.059
1814.125
834.6028
1739.322
1470.259
1316.634
1044.885
983.9186
958.3179
1665.067
1140.96
822.7654
918.6123
592.8326
704.2414
1066.763
735.887
1695.366
756.005
3581.643
783.0664
1242.672
668.6811
1503.326
544.2974
1597.959
1026.213
1847.617
1737.091
1434.437
1165.339
951.8406
1126.383
826.5203
1049.593
843.0934
1548.701
831.3993
1225.576
528.2784
2043.084
1872.773
680.6465
1247.28
1418.894
1516.237
879.2499
721.2824
2029.5
1963.207
1460.762
568.4133
457.9619
1164.262
1864.689
2376.329
955.3452
1339.337
1982.132
560.373
735.4054
1012.645
1597.774
814.8771
1438.642
850.531
1048.646
917.0311
1784.03
1714.504
1297.148
1382.376
3187.259
1389.132
1197.507
972.3269
1669.091
776.7468
850.5547
1180.126
1354.78
1168.856
1598.905
1771.125
409.0431
2264.434
2110.181
809.0734
1662.387
1138.584
1603.888
1121.024
1544.245
590.1335
1482.453
864.3103
1002.26
785.9151
1495.957
775.1061
2704.355
771.5955
1478.086
2272.166
1858.149
6356.014
1235.908
1082.023
655.2915
6235.519
847.5648
1637.15
1496.866
872.0109
2372.487
1261.911
2304.694
1385.088
625.2726
982.2052
1350.425
1101.302
845.3657
973.303
1020.17
830.4737
628.8256
1665.572
1274.022
993.3348
1106.474
3565.357
995.5556
529.7773
2820.426
1027.897
780.2125
921.6475
1140.239
4312.656
782.9966
1853.508
565.8244
608.8337
1030.377
1304.075
1481.696
576.529
1891.624
2368.964
931.8874
1162.246
1611.684
3008.01
684.857
717.812
3042.761
537.8275
1342.534
1590.844
2553.3
1034.429
2952.083
1983.756
1618.967
1476.566
991.0138
686.4435
1832.116
885.1386
882.6428
1489.56
781.7211
3206.003
708.8983
757.8064
793.3036
3389.435
547.3723
1398.238
754.1484
1378.811
1475.813
529.1708
1397.663
1293.545
888.9212
