0.1277817
0.3654731
0.204794
0.1926634
0.6491723
0.151485
0.2891642
0.2217831
0.1792626
0.1337551
0.2541501
0.2254519
0.2204916
0.4528145
0.2142516
0.09387285
0.1942453
0.2395234
0.2501294
0.3147226
0.1307279
0.1786716
0.3468265
0.06912152
0.1685674
0.6728848
0.2152324
0.1696485
0.1646726
0.1909358
0.1779747
0.1665861
0.1295543
0.2527345
0.1528676
0.1485668
0.1591066
0.1629897
0.1652637
0.4556279
0.1563763
0.1456362
2.013236
0.09971697
0.3067758
0.4277904
0.1191784
0.143616
0.6022934
0.4441047
0.1244666
0.3460827
0.2252591
0.29833
0.722046
0.2997317
0.2117253
0.2323727
0.1154496
0.123672
0.1421818
0.07213443
0.07266778
0.1375063
0.2985147
0.1427839
0.676959
0.3694141
0.6534323
0.1078406
0.2214148
0.2261725
0.2107732
0.1308219
0.510565
0.1632265
0.1189149
0.2316642
0.1530349
0.3865824
1.084225
0.5200936
0.3254775
0.3405832
0.1984875
0.4820013
0.1839938
0.1357157
0.2955861
0.3273876
0.17175
0.1938847
0.1410494
0.2485397
0.5148236
0.5816654
0.3207288
0.1320173
0.2265117
0.15587
0.1518189
0.09118896
0.4145836
3.090187
0.5536716
0.3218156
0.182957
0.2129953
0.2233565
0.1551495
0.3399451
0.1317427
0.1510615
0.1508606
0.0909804
0.1094049
0.441721
0.1645358
0.4689807
0.1492136
0.2432207
1.004794
0.5169547
0.6606538
0.1972407
0.1336547
0.2061777
0.2776183
0.2695708
0.608804
0.3993953
0.2157501
0.554053
0.09938832
0.3154483
0.1810906
0.2969689
1.792011
0.2155935
1.037068
0.4127943
0.1235834
0.1780213
0.2065987
1.094445
1.167963
2.793418
0.6440898
0.2206679
0.3228015
0.6514864
0.06477236
0.2781814
0.1129714
0.3145703
0.1656809
0.3093214
0.2442011
0.3834352
0.1072311
0.1825287
0.1113681
0.2259563
0.3408711
0.3550322
0.2949249
0.2238762
0.5478421
0.2223718
0.1961185
0.1370916
0.110896
0.2013792
0.1716927
0.3475377
0.1505528
1.405218
1.449667
0.7391945
0.3091199
0.2580856
0.3042376
0.2347764
0.314288
0.122505
0.775605
0.4081744
0.4823663
0.7563575
0.141407
0.3238475
0.3700926
0.4360905
0.2349089
0.08023317
0.09373291
0.6078978
0.9929923
0.1492171
0.2822216
0.1814309
0.470802
0.2716303
0.4987096
0.1370623
0.1249348
0.346678
1.13145
0.3457317
0.1539172
0.5326072
0.2031665
0.3883832
0.4749186
0.1241708
0.1156973
0.1193507
0.251493
0.3895215
0.8395867
0.1693397
0.3597515
0.211642
1.263969
0.1146926
0.4844209
0.1670997
0.1004565
0.1189609
0.6540061
0.9631968
0.2097614
0.5905665
1.733401
0.234381
0.05196095
0.2894454
1.330297
0.1536673
0.5076229
0.162306
0.2844355
0.2566587
0.06873774
0.1337857
0.4008377
0.3238867
0.5268274
0.3319795
0.7599146
0.2784698
0.06693241
0.2919979
1.035457
0.265618
0.4713174
0.1800681
0.1612873
2.175205
1.324109
0.3178789
0.3023007
0.1842682
0.1491803
0.0803852
0.1282846
0.144819
0.6725612
0.1754584
0.5173522
0.620162
0.2310405
0.2143539
0.1408201
0.4219375
0.3357057
0.2991688
0.2231386
0.5397865
0.1521287
0.06158319
0.5187107
0.4831769
0.1395763
0.3277712
0.3292826
0.1193062
0.2316931
0.1578951
0.1217882
0.1639886
0.1497494
0.1127096
0.1087021
0.1046289
0.5064142
0.1174525
0.1384236
0.2348193
1.614404
0.3311802
0.1242079
0.5454222
0.468367
0.07989863
0.3442787
0.7366657
0.160962
0.2685753
0.1148851
0.2238898
0.1171378
0.1473641
0.9002699
0.1607167
1.124833
0.3883806
0.1735822
0.09379613
0.2074544
0.1291716
0.1454707
0.4130911
0.5275914
0.2081956
0.3043941
0.4465961
0.07757103
0.48469
0.1534395
0.6815722
0.1369374
0.2348762
0.1090177
0.187413
0.4023687
0.2020901
0.3566065
0.9016334
0.6330842
0.6082499
0.1400308
0.3449486
4.140605
0.3243919
0.1947194
0.8904274
0.07052859
0.7779007
0.2523102
0.5057638
0.1687687
0.1985864
0.4261025
0.3154267
0.1502757
0.3418486
0.1752167
0.2010052
0.218938
0.188108
0.5877515
0.3028845
0.251699
0.2617529
0.1837357
0.07988962
0.355614
0.1079709
0.1215584
0.1744908
0.1564474
0.1732477
0.4093669
0.2679408
0.1851934
0.2257477
0.2762987
0.192993
0.3063614
0.2241571
0.1946165
0.1578049
0.3766845
0.4465885
0.245671
0.1480675
0.4616768
0.2862107
0.1440986
0.05920558
0.2055598
0.2893436
0.132662
0.3237284
0.1143611
0.3783511
0.2088972
0.4377128
0.1325346
0.4242676
0.4968887
0.1021714
0.3738796
0.1049697
0.1176126
0.1384671
0.3051011
0.22202
0.2273179
0.1484327
0.1110246
0.6709516
0.4376291
0.3342516
1.821534
0.4799837
0.3381394
0.3796386
0.2341389
0.1554207
0.2062371
0.537594
0.1823994
0.1329733
0.1289182
0.1727751
0.2192169
0.5588577
0.110287
1.163022
0.5012131
0.2435928
0.08142949
0.9885173
0.3808059
0.2636456
0.0986687
0.1874102
0.2633709
0.5742957
0.5890774
0.2571408
0.1460272
0.3348971
1.002117
0.5079618
0.1158831
0.1528532
0.467044
0.6818976
0.08251368
0.4647322
0.3070428
0.1220244
0.3226526
0.3309679
0.1659556
0.1375781
0.4676089
0.2674566
0.2048422
0.6131132
0.3146878
0.133
0.1254986
0.3505991
0.419598
0.2890216
0.1431885
0.2846223
0.6965504
0.305419
0.3002462
0.3327675
0.09784102
0.2553111
0.4542454
0.1347705
0.2287579
0.1743715
0.162129
0.8503321
0.2365649
0.1841018
0.1927194
0.1823382
0.08151593
0.3014277
0.09953802
0.1185879
0.1173746
0.3308925
0.1744051
0.09412612
0.1647048
0.185349
0.1554804
0.2684412
0.2661233
