84.94651
84.25111
84.90285
85.11506
86.86702
87.68042
88.56247
88.12896
88.17296
89.48587
88.57582
86.86569
88.52248
88.0537
88.53319
89.06257
89.52832
90.19117
90.44388
89.75869
91.41584
90.97415
89.45828
89.58093
89.71648
91.11271
89.73958
88.47587
88.79905
87.79054
87.90608
89.96153
87.33973
85.2988
85.06343
85.7563
86.46977
84.99978
85.30515
85.6122
87.04419
87.64237
88.79446
88.02743
87.16737
88.60916
87.16143
86.52474
87.35533
85.19693
84.61962
84.61949
85.06132
84.66805
85.31385
85.17717
84.37439
83.19921
81.97637
81.62566
83.89387
84.87175
84.89653
83.13688
81.85369
82.53187
83.29407
82.09433
82.48237
82.63995
82.28353
82.53704
80.69321
79.92478
80.05226
80.62974
80.36262
80.37933
79.75583
81.94638
83.72968
84.3835
84.57528
85.12155
84.80707
84.30534
86.37907
88.51538
88.61166
87.23359
85.46636
85.67245
87.10629
89.15682
90.21417
89.65253
90.66132
89.41756
89.94195
90.30277
90.58927
90.48813
89.52585
89.15485
88.3224
87.01723
87.95181
89.01772
88.0805
89.50653
91.73322
93.06702
92.5695
93.7055
93.56936
94.09933
95.41768
95.35811
95.15132
95.85799
95.38308
95.77357
96.59708
96.5716
97.58791
97.67568
97.96547
97.16499
97.35313
96.15536
96.06388
97.29857
98.63624
99.3385
99.40759
100.4618
100.115
101.2108
100.8468
99.2592
100.2516
99.98107
101.1852
101.066
100.697
101.393
101.2786
99.54347
100.7457
99.75211
97.77045
97.00282
96.38095
95.88585
95.11705
96.6002
96.32672
96.28555
94.66252
95.33183
94.45243
94.57171
93.11027
91.93394
93.43611
93.92455
93.81989
96.15732
96.81524
96.48102
97.37621
96.92203
97.46964
95.85138
95.3387
96.84282
95.52027
95.43987
96.55494
97.3757
98.0594
97.9856
99.48976
99.52094
98.16678
97.70255
97.45451
97.86406
99.18219
100.3666
99.70083
98.7872
99.68939
101.5935
102.2599
103.1393
105.2981
104.7496
104.8974
104.5184
103.3431
103.0457
102.9064
103.1495
103.7939
104.8834
104.5651
104.5567
104.2944
105.7783
106.647
107.282
107.0573
106.2423
107.0354
105.9879
107.9074
106.3946
107.4918
107.4126
108.1337
108.1502
107.3795
107.4688
108.2486
107.1153
105.6262
105.5195
106.2677
106.0015
106.598
107.2094
106.395
106.4677
107.6586
107.5152
107.6577
106.4747
105.6398
104.9132
106.3962
106.5803
104.9157
104.3266
105.5113
106.3153
108.4793
106.774
109.1232
107.7339
107.9321
107.4638
106.0446
107.4518
108.2504
107.4167
108.5015
108.7918
107.5141
106.6508
106.6095
106.4091
107.8814
107.1505
107.0132
107.2533
107.3008
107.1915
106.3394
105.2149
105.7079
107.4844
105.9554
108.1318
106.2663
105.6097
105.083
106.7061
106.6395
107.0279
107.3329
106.2868
105.7118
105.5612
104.592
104.2847
104.1903
106.5631
107.0337
108.2535
107.883
107.3839
108.8076
109.142
110.529
111.0149
110.029
109.665
108.7916
107.8645
108.5466
110.3263
109.9466
110.2082
110.8328
111.1092
110.1901
110.5907
109.2309
110.2637
111.6435
110.8123
109.6209
108.3909
107.6523
107.3317
106.7963
106.4417
106.266
106.8293
108.6332
106.8434
106.5215
106.7822
108.1043
106.6128
106.3823
105.7252
103.4196
103.807
102.1186
102.1999
101.611
101.7133
102.7105
101.7552
100.9382
101.3909
102.174
101.8616
101.4717
101.9557
102.9684
103.0084
103.6474
105.7607
105.3347
105.5475
108.0536
109.4376
109.4934
108.6743
108.161
108.1629
109.0961
108.2594
108.6581
108.162
107.3387
107.0322
107.7813
107.4774
107.9496
107.5036
107.1627
104.9008
103.6376
104.824
105.721
104.3043
102.9968
102.2241
101.5705
101.9644
102.0005
103.4144
104.2833
105.0913
104.1206
104.3407
105.8483
106.4983
107.1921
109.7144
107.8804
107.0328
105.9822
106.0222
106.5713
105.5696
104.4394
104.6517
105.7635
107.0234
105.5205
105.5217
105.5156
106.1592
106.7348
107.1389
106.4774
106.4605
104.788
104.7102
103.5378
104.1032
102.7123
102.276
101.8693
102.7582
104.302
103.3099
103.4587
102.4554
101.6611
100.9172
100.3907
101.9396
101.5718
99.90697
100.3852
101.1511
101.1547
101.2112
101.289
101.2575
102.2434
101.1492
100.9906
100.9141
102.6714
103.1777
102.247
100.9574
102.3235
104.4683
104.4282
105.0219
105.3594
105.903
104.0424
104.0456
104.994
102.0328
101.2527
100.9892
100.7978
99.6282
101.5979
100.5333
101.5304
101.9644
101.761
101.1574
100.2341
99.73811
99.29216
100.6531
99.88602
99.85412
101.0765
101.0464
100.136
99.19491
99.76817
100.4684
98.9131
99.33401
98.1223
98.51763
98.55424
100.0573
101.509
102.4154
102.4605
104.3918
104.8626
104.6172
104.4131
105.2427
104.5423
103.0925
103.9978
103.301
103.4753
103.969
103.9471
104.668
105.1633
105.3394
103.0909
103.9542
104.3678
104.6984
103.4808
104.0088
104.6036
102.3239
103.5245
102.8968
