671.5391
701.6097
667.6612
633.8858
700.2111
640.1419
691.839
703.0025
717.5575
757.8784
717.1492
681.5549
687.9693
693.6489
649.9283
732.3947
668.5355
696.2069
717.0064
669.427
670.2803
698.357
706.7722
693.6668
666.605
729.9348
681.0383
698.6041
686.9249
691.032
674.9781
743.0142
715.5943
684.9977
693.9632
731.5013
649.3498
718.2346
660.6292
722.2159
736.9372
680.753
821.931
680.4628
695.1165
691.3075
687.3519
662.6116
722.5484
690.911
667.3931
672.5386
658.3525
689.9136
753.5315
672.6096
643.1379
676.5758
675.1674
675.5341
690.1607
675.3982
743.5262
711.0546
726.453
684.985
697.8426
643.3375
707.1141
672.2022
725.7187
673.8419
709.7729
650.3264
719.9492
629.8687
669.581
705.7964
714.4188
686.7281
662.2749
708.2686
702.3911
684.48
711.634
677.2576
692.6678
665.9349
703.7315
633.3687
674.6407
696.1744
728.1911
637.0876
689.7974
693.6895
675.9518
677.9401
738.0935
657.8911
680.7535
703.3144
677.8104
667.5687
702.4058
669.4941
724.0468
669.2594
702.5465
651.2301
677.3718
770.3866
657.051
715.5635
672.6394
710.8766
665.311
658.4042
685.4315
682.348
671.2329
654.8171
679.5719
685.5324
694.3362
737.4118
704.7732
656.66
723.9106
681.0568
673.2852
699.7799
695.0857
670.5587
723.559
639.7264
702.9546
667.6502
716.6494
736.0564
668.312
675.4626
710.7504
704.8684
702.0059
671.7301
658.4002
714.8989
792.4351
729.9586
707.8024
671.2901
720.8393
659.8983
718.8646
659.0842
694.5315
696.7489
693.2409
640.7333
643.1049
698.7909
663.8063
695.7167
722.0507
698.291
660.206
697.6659
741.4846
699.7379
714.8215
627.8063
683.2184
683.8504
692.1647
682.4637
721.9041
693.146
693.5281
722.2364
654.5756
678.9721
663.9301
731.9724
695.8751
725.8307
660.291
719.5353
634.7909
669.4025
747.644
660.7898
671.2531
691.404
667.2845
674.1399
710.2912
668.8206
691.2689
687.072
654.406
653.1043
676.9029
724.9575
660.7032
698.5766
729.3439
680.8295
725.6945
735.2993
677.4048
682.8933
704.496
706.5601
748.8955
678.2702
751.2241
733.2952
676.2444
727.6029
650.9846
708.2946
749.2473
689.8963
690.9316
770.1023
725.355
677.9728
681.8029
689.1369
658.142
682.1735
698.2366
714.0186
698.6575
652.3136
707.141
708.0911
700.9934
681.1658
729.3216
763.2816
715.7337
786.118
708.8135
666.6738
692.2454
699.848
728.5096
708.9572
680.6924
674.6227
682.538
701.0242
646.4377
711.9575
695.0605
704.9137
713.5366
698.843
664.3318
748.1888
717.519
763.38
706.0424
668.8573
734.5909
683.1518
676.2642
728.8171
736.3151
663.7187
667.0893
633.9861
710.3031
681.5803
653.3034
730.8907
699.4896
719.6077
695.0459
681.495
661.124
677.3309
705.7743
686.611
695.6957
697.8284
665.1927
659.4051
714.1728
701.7873
715.4375
676.4076
714.4216
678.2251
735.3814
720.7999
683.3955
718.5795
699.9935
684.6329
712.26
694.0686
744.5166
729.7486
751.0276
690.679
641.7095
706.4897
651.4985
695.6179
727.4798
693.0882
679.49
728.6286
683.9231
649.1944
731.0404
718.0925
665.0745
678.0976
670.9372
741.3139
721.5774
742.3567
705.9389
663.0751
666.9482
680.4544
703.3684
634.4973
719.6507
676.6769
706.6969
662.1949
713.4662
699.2473
685.2329
703.9436
655.7867
631.3871
657.0357
740.2638
703.3667
658.6525
697.4417
651.9578
728.9695
691.6232
640.6565
700.4274
644.4181
660.9628
686.8022
649.507
693.766
671.4999
705.9177
716.55
796.542
813.2582
670.3138
663.2055
684.9421
732.5316
683.7736
748.6654
686.7534
712.7707
695.4304
666.3665
758.3992
648.3149
638.8733
754.225
679.5149
725.3072
712.8418
763.9739
719.6578
673.0713
702.7889
703.1283
707.5221
752.4391
677.849
682.044
759.5309
689.0212
632.3718
672.443
697.7412
707.7297
682.9659
741.2281
702.0607
737.269
712.8451
740.7032
694.0862
670.7668
690.7913
632.8379
741.1004
696.2374
687.6762
734.426
690.6292
711.9417
673.1911
708.3032
700.5072
737.7568
720.6359
674.4399
665.6973
678.4406
686.7332
664.1782
705.2711
704.4852
747.9039
733.6395
682.1179
673.3644
709.8251
649.0436
679.6542
702.8009
670.4378
743.4014
681.1992
722.0038
760.9834
679.134
663.8505
699.6518
684.798
636.8458
701.0523
713.2245
749.02
711.1762
698.3832
674.1458
671.4263
644.1898
685.1866
696.2662
645.6454
702.5853
662.2063
714.406
667.3012
631.7969
693.4089
670.177
689.1516
706.8949
676.1028
727.9689
650.0935
689.7045
645.7153
718.9107
683.9247
701.3499
651.3095
649.7859
705.1153
768.3152
648.0845
700.0271
706.345
708.1631
706.3466
707.902
650.7355
674.2949
695.5344
731.4794
690.5817
688.6472
742.9997
711.5712
704.9262
691.3543
703.8667
713.5294
682.5839
699.6927
745.8381
748.5287
715.3813
708.3554
674.5101
728.2999
744.6547
727.0617
