849.1288
1080.098
880.6247
514.0369
376.5122
979.2082
920.0636
506.0929
861.5429
2363.516
756.5791
1789.529
860.6763
541.0809
1335.482
1060.034
381.2377
1816.271
418.3691
640.5757
263.1997
664.7548
1270.043
410.0841
1869.858
1551.941
778.2114
511.1094
984.5775
827.2329
630.8839
1088.99
820.1704
983.5737
485.552
366.6541
716.9534
566.2239
874.699
665.4692
404.8293
495.9361
329.049
639.18
508.4357
1293.522
419.4947
358.9143
328.7455
820.1035
619.9134
167.533
467.3117
624.301
230.036
384.1063
1299.304
1072.217
241.5944
1435.771
302.5402
916.6394
556.8825
1265.923
495.2138
1181.101
804.6762
962.1263
303.2212
675.1017
649.3991
4164.07
920.2912
536.2754
278.5886
643.0591
667.541
470.8071
1043.124
299.7686
509.282
1061.26
448.4949
754.5681
635.1559
1435.676
719.2009
1595.813
350.6936
603.884
611.074
466.2893
303.1694
372.7799
479.279
465.1686
682.3388
1233.244
297.5469
618.0086
660.383
393.0966
418.9328
373.4767
695.4877
750.9396
764.8758
548.6616
650.101
1419.929
604.4391
1854.22
1160.54
749.1339
693.2463
596.9975
1097.473
1826.012
1747.737
1327.345
1075.979
592.4357
881.8733
509.8621
459.2291
479.3198
493.439
1357.128
1070.744
2340.045
1502.939
975.0515
642.6624
897.9437
917.4181
730.899
1358.82
534.2848
475.6961
680.957
455.6154
677.3792
1002.316
685.1847
988.7019
1264.593
854.6229
479.3574
1250.709
1029.828
1647.261
2137.75
1141.863
499.8763
916.3361
913.8904
597.0559
1051.974
757.0458
1140.006
1168.354
867.6707
917.9441
564.6813
1913.559
679.1251
855.4367
1035.797
1234.298
1875.909
699.738
1949.604
807.7832
853.7793
783.843
987.0667
844.3989
1277.597
1461.561
695.5989
680.0779
685.7645
973.4434
734.3707
1097.935
1637.171
1614.881
1857.427
1306.894
1022.213
655.685
531.6354
605.3893
3289.228
1699.268
2303.895
928.2661
475.6071
506.718
824.8955
661.9515
1117.232
1274.279
1000.61
1416.837
886.213
1506.323
2957.25
621.4797
439.5886
511.3105
1004.108
800.1013
672.4502
537.6519
786.4614
281.0103
241.291
2089.697
436.0612
329.7431
552.7761
926.8585
2878.475
568.4471
586.0848
556.4015
489.8943
256.2066
955.2701
540.3492
746.094
367.3173
2701.182
919.0141
604.4914
1646.572
913.9595
808.6757
796.2291
802.1596
1040.781
406.5421
545.5301
795.4835
1566.32
931.8683
500.872
725.0755
594.2646
918.6971
412.6633
606.2926
594.0774
539.0958
938.9452
377.9105
459.2095
867.0967
2357.135
507.0702
638.5975
1690.733
1000.456
685.5815
1416.48
736.4181
598.1396
824.3743
1203.325
651.3192
470.7093
620.7907
2041.815
359.1417
471.5645
578.2957
671.5291
1585.506
456.8821
790.4498
308.4365
1586.418
969.6779
1124.924
650.3528
530.4127
479.8781
930.2674
823.6794
264.5764
414.6432
590.3001
770.2253
680.0624
670.707
564.6138
1438.665
474.0843
2506.432
858.7514
1179.817
883.274
504.7292
1019.881
1369.755
449.9018
388.7973
1009.577
1083.773
959.292
737.2543
1301.827
2329.921
1310.411
902.7626
773.0351
771.6913
1088.95
434.8867
1234.839
515.7166
317.1437
1021.33
533.1135
440.0928
846.574
842.9248
1141.002
769.1075
702.2326
713.2041
557.7335
1334.802
2296.518
681.4974
713.9575
1285.413
591.7145
708.8715
1746.698
1888.609
1554.412
884.9036
1060.395
1107.066
717.0276
3774.87
2119.348
2566.553
1431.311
1743.765
735.7822
1468.579
2194.419
850.8182
462.4772
1808.554
1505.371
736.579
887.5572
356.7934
842.42
1069.348
1926.656
888.9562
675.852
1232.593
574.5681
975.0969
891.0386
900.4362
1907.002
614.5791
1549.28
1436.121
1397.293
1136.436
888.9111
1548.256
1102.642
1734.782
893.4552
1353.785
525.6596
1816.238
2128.469
2949.958
1461.353
1267.617
2333.39
2364.724
1018.515
549.5261
757.9909
874.7745
812.839
1358.707
690.6387
1067.343
805.6934
1753.346
2973.493
1258.072
1336.958
373.8639
1135.39
678.9632
1208.796
1594.493
1064.397
2330.496
1266.679
1425.344
990.6037
1408.091
1285.822
999.4123
1416.293
2330.374
1349.759
641.655
1324.481
1683.148
1309.65
810.5469
1283.432
1250.245
825.385
2005.134
999.7976
1295.288
1964.087
1224.688
903.0844
1327.329
1249.887
1191.007
894.0818
1039.78
1143.126
644.9105
731.6268
844.5957
1326.115
644.2536
1078.26
656.6766
1483.664
1639.059
952.677
2413.276
1627.455
1307.37
2626.053
1296.835
1616.788
824.2545
1656.496
1312.25
762.6871
1007.642
1662.266
1219.191
1048.085
665.6892
731.4889
1801.954
1815.372
1154.325
2075.597
843.9146
511.6686
1499.654
464.9576
591.9873
478.1453
1047.195
830.6363
1391.869
2079.194
2169.197
1657.431
5901.547
740.7945
816.6084
1143.654
1457.074
459.7959
2902.331
1347.179
1389.794
920.1065
923.8184
935.538
776.451
789.7869
871.8519
441.2931
1254.614
