103.2521
101.1283
101.9085
101.4532
101.8415
103.0481
104.8168
102.815
104.0998
103.7983
105.3965
104.2079
103.3983
104.1649
106.2187
107.9274
107.3356
104.9824
104.9484
103.8988
104.6477
105.7885
106.1895
104.3345
106.2313
104.8783
104.5468
105.7233
106.3942
105.2486
106.23
107.638
107.2892
106.1806
104.0284
102.5271
101.614
100.9432
99.8965
101.2729
100.748
99.88548
99.51823
99.29918
99.39008
99.86158
100.2543
100.8175
102.6124
101.502
101.341
101.946
100.6214
99.26277
97.88072
98.48138
97.55844
96.13143
98.34283
99.35555
98.82966
99.63744
100.0988
100.9592
101.3268
100.6486
100.5068
99.46305
98.19489
98.09319
99.7027
99.02898
98.60846
98.28681
98.07894
98.58921
99.05825
98.70924
97.67501
100.0216
99.20258
99.07665
99.77637
101.5366
101.9731
104.5998
104.8022
104.2228
103.4172
104.3527
104.6105
103.8893
104.3346
104.7848
102.6909
104.6725
106.0767
105.7955
108.4174
108.0782
109.1372
110.7921
111.3787
109.8583
109.9621
111.9097
112.7521
111.0937
111.7102
112.2212
110.5551
110.0738
111.6165
111.6864
113.8589
113.5365
113.8113
113.1681
111.9925
111.6731
113.5036
111.4365
111.2986
109.9184
110.1045
109.0129
109.5152
107.9936
109.1191
109.1896
107.7207
108.2618
107.7527
107.8967
108.8337
109.7024
109.9911
110.443
111.8966
111.5377
113.9009
114.2623
112.8732
112.2614
112.6825
114.4339
113.2406
111.2963
110.1584
108.9569
108.8694
109.5383
109.2196
111.0675
111.0596
111.162
111.9849
112.7681
113.8588
113.424
112.6272
110.7229
110.641
113.0106
111.3494
109.9212
110.8736
111.3105
111.1805
111.4248
111.5638
109.4248
108.8202
108.2679
107.5835
107.6105
104.3017
103.0329
104.4726
105.1809
103.903
105.7235
106.1177
106.2364
106.1954
107.0596
107.5826
107.5675
107.6445
108.2221
108.347
107.1741
106.7197
105.4751
106.2136
106.0425
107.1147
106.1936
107.079
107.8339
109.227
108.9425
109.2928
107.6655
108.052
109.3156
110.3985
110.5855
109.9493
109.8629
110.7957
109.986
109.7893
110.0754
109.6089
110.1165
112.4972
112.314
111.6571
111.8646
110.1994
109.522
109.574
109.5855
109.9669
111.6315
110.5423
110.675
110.9578
111.934
112.3353
115.3788
114.3664
114.9354
113.3517
114.5089
114.2944
113.1583
114.5692
115.7922
115.3416
117.4415
115.9172
113.4593
113.6875
111.9964
110.553
112.0215
112.7057
114.1327
114.7063
114.8459
114.3898
115.0207
115.1664
115.779
111.8187
111.4521
109.3394
107.9338
109.0204
107.8152
108.8272
108.1421
108.8459
106.6172
107.3843
108.2553
108.8594
106.3139
106.0029
105.814
106.7595
107.2524
107.1996
106.0531
107.0134
106.6161
105.3401
104.8764
105.1287
105.7761
104.6705
102.1738
102.624
103.8114
104.4487
105.637
104.643
105.3066
105.2427
105.474
103.5069
104.0678
104.0495
104.2793
104.672
104.6552
105.7169
106.2754
105.0784
105.1042
106.3067
106.6697
107.5788
107.2558
108.296
108.2901
108.1978
108.519
108.5533
107.3952
105.4216
106.051
107.2705
107.7891
108.2008
106.4776
103.7999
102.3926
101.6732
101.8015
100.7681
101.2476
101.3901
101.6897
101.3164
102.4656
101.9338
101.3806
100.4164
100.2859
100.0672
98.79721
99.30209
98.20981
97.21588
97.27293
95.55827
94.86477
94.36673
95.35396
95.23626
93.96977
95.17452
94.8386
95.49836
95.49906
96.80604
96.76222
96.41806
97.98986
97.99975
98.54399
98.69662
95.96715
97.52533
97.76235
99.47514
99.49065
98.15799
98.23122
99.78342
100.1055
102.3316
102.4691
101.7988
103.8435
102.1981
100.5796
102.5375
101.73
102.7662
102.4235
104.8793
105.9782
106.3236
107.7243
106.7727
106.8835
108.0806
108.4896
108.3805
109.2859
109.7827
109.1375
108.7826
109.4242
109.2783
108.2905
108.5963
107.6386
106.462
105.3973
104.6418
105.201
103.8343
103.4617
104.488
105.6702
105.5191
106.8947
108.6754
109.6027
109.8967
107.3262
105.5243
105.6717
105.5963
106.8124
107.5999
109.4194
110.3695
111.1615
110.7786
110.909
111.0152
110.2546
108.6421
108.6367
108.8604
110.0339
110.2304
110.8805
110.5242
108.4808
107.0041
106.1582
105.3714
103.9859
103.8314
102.4865
103.2981
105.6885
105.4999
104.4994
104.3668
104.5112
102.7261
103.4394
103.3527
103.2602
100.227
102.43
103.8308
102.9047
102.9337
104.2322
104.8388
104.9856
106.6051
103.88
103.6378
103.4564
101.7872
100.3295
100.0376
98.50606
98.1282
96.49891
96.65786
96.85308
96.02279
95.93689
94.64673
93.49237
92.71091
94.28116
93.73794
96.413
96.40463
95.71644
97.16068
97.50492
98.17367
99.0238
97.31011
97.73029
98.53083
97.77376
96.6626
95.10712
94.00847
92.43595
92.13578
91.14423
89.983
88.21107
88.1438
88.27637
90.38843
91.23527
90.40251
90.39185
90.18464
92.21116
91.073
89.55856
88.92361
88.67528
