52.15055
43.57307
40.42949
33.56261
47.98039
47.84779
35.45554
37.1326
28.02607
26.24638
31.15588
46.15177
42.66327
39.09283
32.20188
16.13506
24.61601
23.67425
21.40433
20.86945
27.32533
22.4066
30.93391
29.48392
27.71244
26.41529
27.16861
39.40158
28.96386
32.26854
18.7617
21.92541
17.29705
15.07348
16.31131
15.8723
15.66889
19.87926
29.86128
19.78117
15.36433
15.36841
21.30361
23.496
19.47711
23.60086
28.93614
27.64828
23.36172
16.67606
17.46597
22.17699
41.79544
23.6821
23.61442
16.22768
19.62675
18.85557
17.51418
22.45021
14.9234
19.25814
15.50753
23.7758
15.44134
28.49874
34.46573
43.25312
35.35223
26.54246
31.58231
21.83268
31.81756
31.34906
33.97838
29.00319
17.46104
33.6266
35.38892
25.02258
20.44051
29.30072
20.48647
18.80437
21.4363
31.71252
39.28038
31.19595
30.90002
19.52288
24.89114
34.27522
29.65829
18.89759
23.40948
25.91587
32.24751
24.72132
28.46539
28.01173
37.50584
33.0788
39.55729
33.86153
23.34611
24.28732
28.6854
24.90418
23.46565
18.07343
28.00297
37.66463
21.29672
19.01653
26.28249
23.60663
33.92538
57.26248
58.61842
38.97994
39.03008
38.57094
46.44186
38.15566
30.56723
35.87107
26.77436
29.76892
24.90149
24.47494
17.7387
20.81471
22.95347
16.32427
21.59766
22.38179
20.97613
28.8013
27.72669
29.40673
30.58641
20.39572
27.38549
36.61021
32.38249
45.29965
30.25207
30.51464
30.7566
20.88449
26.35712
31.94743
38.30592
38.556
42.15406
38.41815
32.39598
30.66209
33.66861
47.16455
59.07488
45.83437
64.74672
49.14073
56.34678
44.55946
49.17909
30.70595
32.50344
28.34279
25.42618
31.71336
33.06607
30.36153
38.98332
44.29578
45.15919
47.88599
36.08281
36.66265
25.92238
26.97922
28.86017
23.91819
21.53786
24.22062
32.43983
28.74218
25.50346
31.7357
27.63837
24.26186
32.49292
19.57583
17.95674
20.30314
31.22548
35.92833
54.93435
45.20596
29.32328
44.33863
22.55864
31.36161
36.50169
28.75166
21.30221
24.42661
23.35542
22.34069
25.85394
27.66361
24.68903
14.91719
26.01481
22.95548
36.72162
24.17683
32.91652
42.88878
36.56348
37.7962
54.81261
34.30217
31.90259
26.40904
31.68831
24.42318
24.15854
31.93135
23.83688
21.50296
17.94048
21.32733
32.85596
31.55488
25.37245
38.2113
42.08517
33.90658
40.54913
54.02895
34.95676
30.13604
33.99012
24.16932
29.62981
35.75856
30.45485
32.75689
23.39489
29.64314
27.23865
21.64522
19.63024
19.59971
12.22403
22.14831
19.70822
28.45254
23.78154
24.84151
28.02877
21.93148
26.81673
33.1222
30.40879
26.63958
27.65644
16.87255
15.98217
29.87788
20.27693
17.66255
23.527
19.94238
23.31635
23.36423
29.21767
33.64058
33.04642
42.60588
32.38897
40.74078
50.30999
54.33661
44.35188
50.8725
51.01999
44.17638
41.92791
23.68041
28.10859
17.54732
30.08576
26.12967
40.12962
38.21226
24.45416
26.80131
26.97394
26.06961
27.5124
25.72771
32.60609
33.54409
35.45867
23.9602
23.85366
29.9843
38.61394
30.40198
34.1447
30.14175
37.40582
32.67498
39.42091
25.82071
29.40693
32.67322
35.67797
22.65694
19.45555
20.008
33.45559
18.83282
19.86303
22.84939
24.6449
25.56012
33.30726
52.39866
36.58684
33.38592
38.87702
21.16988
28.43705
24.01323
28.11998
23.38458
22.09842
23.25587
20.00445
18.86348
26.69831
25.09547
34.79877
42.72195
38.01388
59.16013
30.96379
32.22087
38.8784
39.26189
35.28954
19.61521
17.80427
28.81665
22.32858
25.68804
23.66839
22.29625
17.76644
19.66043
25.05408
17.57943
18.89583
32.24149
53.54789
35.92571
43.41866
39.97188
28.64368
30.59816
18.51343
16.30786
15.87198
19.01394
20.71725
23.48996
19.69426
21.07576
17.05099
17.19288
24.87813
28.93843
22.84319
26.36155
35.22925
37.97161
34.96163
55.87548
52.81631
44.69781
32.23234
30.96224
27.42472
36.59355
37.38076
33.31756
30.89302
27.39201
32.31755
28.97861
33.16949
30.1263
25.68333
40.47136
38.869
23.46944
29.42292
27.78011
44.91359
43.60715
57.21752
46.25716
37.62018
38.74971
30.31978
37.38295
36.21949
54.1898
64.71929
63.49931
51.84721
44.2467
44.58442
39.42598
23.35776
32.6954
32.52853
19.99744
19.86079
18.92743
12.00827
20.47577
24.95828
14.05946
19.49236
19.97811
16.75254
17.67144
28.35909
26.47325
22.89202
24.77595
29.26674
31.68716
34.03744
36.11507
37.49704
33.4753
30.0464
29.95702
46.57919
29.19607
20.00612
25.76457
24.72819
19.88821
17.52139
18.48031
21.18046
23.29286
19.17572
15.49943
13.80261
21.70736
24.00534
16.98423
25.11058
25.49223
34.02703
32.35791
27.04661
17.2095
29.52483
36.84572
50.3828
44.44354
27.66497
27.1937
25.8405
31.40278
34.31655
31.93444
34.83485
36.9951
39.19166
24.26146
19.78299
18.1468
21.23943
18.03664
16.94508
21.64125
28.98051
18.91493
27.85082
22.71417
