76.10047
106.96
104.4387
208.8388
159.1489
95.65479
69.01424
132.4662
172.6338
154.0285
159.4924
222.6399
156.9015
153.6235
119.6052
144.1957
133.0727
184.8619
123.778
147.2104
203.5448
210.4614
188.6205
138.0939
101.64
94.32133
110.6886
167.5942
215.2601
137.3565
165.6601
222.1411
91.11612
61.39773
58.10788
74.26962
139.7159
80.79627
75.75277
50.63246
44.42001
37.64801
40.69761
41.12481
25.54
45.48128
36.64326
43.99914
40.41339
50.74476
68.25877
61.50548
62.92362
121.2564
114.1834
83.9003
141.1658
262.8957
163.9722
132.3311
106.5244
121.6424
219.9855
233.6424
265.3696
328.1345
708.95
733.6287
451.2379
340.5697
307.672
243.8624
210.326
200.3516
102.1858
98.6689
114.1641
92.44261
135.5562
102.1018
170.4334
163.3322
141.3074
110.3293
163.6283
44.73628
59.21979
124.9669
176.2366
136.467
96.45306
86.28703
106.6045
79.38404
70.59874
78.06167
109.468
122.1893
78.18917
66.82962
70.75561
73.66646
124.9841
136.8664
114.9493
109.808
106.4035
78.68125
118.7372
150.8187
284.2565
406.7294
510.6876
346.9831
811.3177
997.2158
1447.899
1191.601
929.2823
446.8709
324.5088
380.6368
541.6716
500.5621
622.0136
325.6462
231.7331
324.1514
215.0856
171.6974
85.9765
75.19035
115.0791
107.9317
301.3048
220.4044
121.7075
116.3872
132.1853
211.7366
538.7902
316.7748
389.685
334.3382
274.2801
203.8389
557.526
778.9579
540.9224
439.3943
406.4588
609.3792
897.8852
430.8184
349.5686
238.8076
175.4232
152.8194
103.877
142.6786
148.3181
154.9811
138.4062
234.1736
146.9108
114.3525
121.0041
227.5841
143.5779
170.7064
139.0865
95.07431
162.3667
105.4332
107.1692
83.81906
65.5232
70.37991
118.3309
127.7402
96.68113
249.6925
195.2372
147.5226
182.512
317.5045
405.89
271.2692
269.2697
439.1665
318.842
250.1054
282.4681
253.0171
342.2304
214.1944
264.0084
283.4716
288.7379
259.541
123.4366
118.0063
87.59113
135.3828
111.4334
173.5582
160.4346
247.8142
243.9563
298.9547
256.9872
191.9848
188.0681
189.0842
137.3405
159.9635
118.867
76.09277
189.9967
317.2542
360.2731
173.8291
231.1142
189.6283
245.6896
237.7119
266.4964
187.8109
228.6056
231.0571
319.3431
399.5211
327.4626
204.9697
298.3031
260.1533
330.4872
301.1734
218.9309
124.4796
134.3967
142.7014
128.6533
203.4994
136.6949
103.0127
87.86032
121.254
165.0208
168.3529
222.1738
192.8883
119.7179
129.1792
148.5398
121.9656
190.5632
162.2105
118.2884
143.6939
124.1843
148.8082
212.6174
189.4542
188.799
249.3713
382.7529
350.3605
611.509
642.926
595.2093
458.4197
199.3478
215.9707
205.9708
161.6118
296.1487
172.3372
127.1854
117.2945
109.3885
197.6551
57.27912
118.5303
106.5689
314.0359
408.2169
302.1359
211.3515
187.5488
140.1032
128.0224
89.35179
123.644
138.1511
174.5068
152.8112
214.8891
173.826
120.3664
109.9968
128.3036
116.2691
198.341
191.2341
183.3765
144.4329
172.2458
150.2555
237.796
308.5237
180.4242
264.2378
71.8281
70.01849
58.9198
88.27295
69.19649
84.50643
60.85357
115.9429
71.73678
67.14643
55.31891
68.44293
88.25468
61.52406
93.53131
107.404
214.5531
261.8797
374.2932
170.611
166.1712
147.4934
173.355
253.1636
391.7514
233.7701
208.0092
189.7348
153.4519
185.2718
87.50744
157.0154
130.5521
167.3281
559.2892
419.4298
426.2106
474.3218
487.9727
490.0366
248.7213
279.2899
229.7585
397.7677
299.4974
186.3253
155.3001
281.5217
164.2438
101.4305
114.6008
78.68192
118.581
102.8777
215.5156
302.7196
241.5945
187.6871
117.8494
200.1087
185.1629
119.7422
104.6719
117.7482
119.5648
92.1824
108.606
142.8852
264.0235
145.3209
170.2248
109.4019
142.4554
187.9326
202.6577
144.5851
116.618
225.773
167.2715
155.9892
195.0055
194.0892
218.0726
295.5295
244.0163
257.2437
259.997
288.2257
134.6834
190.6181
170.25
138.9545
108.9171
116.2389
73.5792
105.1312
97.69157
68.02185
61.05424
183.8468
237.8541
281.0357
130.945
85.20584
46.77077
87.06411
81.26688
95.45717
114.972
72.09689
96.38682
69.15649
96.80371
114.7344
106.6171
92.12053
103.5351
84.12821
118.5924
138.4689
182.7356
193.2245
154.0541
110.7147
78.05937
64.28953
72.04059
57.88653
63.65484
57.84907
114.9788
140.2559
167.8695
129.5973
137.2382
163.7091
122.3996
150.3301
75.37691
79.7893
71.31899
85.08714
87.95766
108.2415
67.30203
52.20955
77.30158
75.94263
122.5868
143.9378
111.3502
202.1045
187.5949
220.8119
395.2115
134.2959
133.5913
132.3953
161.2703
89.0431
95.50185
77.79132
49.85813
81.62065
145.9716
174.9225
128.1488
181.8216
190.5479
342.4885
191.2816
71.74257
96.5977
70.63589
150.9806
173.2065
172.1749
557.1864
269.1696
201.0483
176.7771
205.3107
123.8928
296.2694
256.9111
340.89
385.9884
