0.4334302
0.8455758
0.4743817
0.6280764
0.2487757
0.3402224
0.7319715
0.2010431
0.4832528
0.4545962
0.1731627
0.3504743
0.1255829
0.5055827
0.2654023
0.1372403
0.3507336
0.2896508
1.026726
0.08168739
0.5485338
0.1460446
0.3406224
0.2127934
0.3620007
0.3863739
0.5981769
0.1063138
0.2809777
0.2596409
0.1960908
0.606391
0.4747041
0.2887027
0.2200846
0.3227629
0.2200826
0.4083594
0.4313411
0.1536119
0.192257
0.1707721
0.1697713
0.3381322
0.5376809
0.3807359
0.2214531
1.006609
0.2223626
1.337328
0.7584871
0.5679297
1.179955
0.2073272
0.6149804
0.2793479
4.910951
0.4790577
0.3098214
0.5422266
0.4465333
0.6157641
0.2194101
0.5395499
0.1552886
0.1324795
0.2379068
0.2927889
0.4568523
0.3822029
0.6208253
0.2621767
0.4043912
0.3546938
0.4975797
0.1877377
0.5926229
0.3485683
0.3956438
0.2550929
0.1294901
0.4904739
0.3243866
0.4125424
0.1177759
0.1448191
0.6052852
0.1674502
1.678533
0.2522107
0.2812308
0.4071849
0.2282452
0.3932598
0.76053
0.291353
0.3411194
0.6158502
0.4641826
0.1519806
0.2142207
0.9016242
0.2742299
0.2307238
0.9329231
0.1928201
0.4057308
0.163547
0.3333636
0.8058154
2.210371
0.4337914
0.2697036
0.2585144
0.4586851
0.3672315
0.1197131
0.1273228
0.4315914
0.2739122
0.1218026
0.2312194
0.1989839
0.291502
0.1207323
0.2278557
0.2428053
1.009614
0.3525334
0.3308271
0.1899024
0.8814879
0.1387637
0.1302939
0.1917079
0.1283183
0.7946369
1.394348
0.1459069
0.3731654
0.2344165
0.3287542
0.8094724
0.4622261
0.3677497
0.4831231
0.251841
0.1502152
0.4671227
0.858498
0.5303853
0.2550606
1.681206
0.1673224
0.6331239
0.5238253
0.2379751
0.3314706
0.3658263
0.1661441
0.4805038
0.4696608
0.1062825
0.2475215
0.896369
0.3384868
2.31382
0.4309849
0.5080319
0.265031
0.2407508
0.1856886
0.1317126
0.216062
0.5075522
0.1652401
0.1250731
0.1865308
0.7196963
0.609616
0.2713237
0.6929965
0.3147396
0.9101791
0.5677272
0.3305734
0.1628192
0.2092415
0.1843794
0.2538602
0.2382509
0.8370565
0.7536696
0.2471297
0.6569339
0.21986
0.347966
0.9624131
1.215261
0.5739771
0.2375105
0.3388451
0.3348559
1.770943
0.2515106
0.3311279
0.1161241
0.5277236
0.603745
0.418579
0.186728
0.6195324
0.4712516
0.2835609
0.2360519
0.2188384
0.1473923
0.9070405
0.5594703
0.7292435
0.5111698
0.1736603
0.6025205
0.303087
0.6482703
0.1436303
0.1766395
3.546648
0.2615818
0.2135129
0.3899225
0.40771
0.2446247
0.6819495
0.2207897
0.3596246
0.4644366
0.2947319
4.691034
0.3164409
1.226148
0.7015557
0.60753
0.6870748
0.8388953
1.290755
0.3164975
1.870348
0.3142774
0.1289162
0.4047204
0.569373
0.4782899
0.3398299
0.6033336
0.1291493
0.3309157
0.4822154
0.3132779
0.430438
0.8121969
1.786267
0.8559941
1.273113
0.3936309
0.1710608
0.2252878
0.1205939
0.2603498
0.1724656
0.1733711
0.2443383
0.6185503
0.2906117
0.3978676
0.1274616
0.2995957
0.4654505
0.6910549
0.5048006
0.6646941
0.3227454
0.3190518
0.6291712
0.7364963
0.6504054
0.1799502
0.3829702
0.2690762
0.659209
0.1383757
0.2327318
1.750276
0.3714076
0.9436073
0.3186861
0.2305253
0.2285087
0.5101828
0.1245553
0.1598702
0.3764749
0.1665861
0.6293707
0.4468757
0.3116434
0.2091617
0.3279914
0.4022856
0.8320171
0.4171725
0.7557442
0.2298765
0.2302182
0.2877938
0.7474339
1.189625
0.5773237
0.4792911
0.2092885
0.5249161
0.1206589
3.345649
0.4271564
1.093679
0.8045911
0.394483
0.7457105
1.570714
1.316231
0.2801232
0.239835
0.5021056
0.1849113
0.143889
0.6039797
0.386958
0.2689037
0.218551
0.2112331
0.1878256
0.1276833
0.3928329
0.398684
0.1167364
0.1223337
0.4958605
0.1884462
0.9636639
0.1225202
0.4077304
0.2080191
0.6536372
0.4847637
0.5671655
0.6523386
0.1545614
0.2883785
0.2551494
0.6093889
1.035992
0.2011518
0.7374771
0.2174724
0.2594699
0.3096819
0.2240349
0.2581363
0.3170637
0.1543308
1.287108
0.3348425
0.3420428
0.3025374
0.3367608
0.8121767
0.8308814
1.754429
0.4467914
0.4329587
0.5457787
0.1485358
0.2211805
0.9406511
0.2082089
0.4483689
0.3711169
0.4698542
0.6265862
0.3803241
0.2448263
0.8387221
0.1678054
0.159266
0.8903468
0.3699593
0.3358192
1.377688
0.1838751
0.277885
0.334889
0.3899611
0.2573912
0.4993848
0.1652564
0.1560615
0.7088055
0.8106926
0.2975092
0.1844287
0.6951628
0.1649612
0.571418
0.2267732
0.3372904
0.32904
0.466364
0.1534288
0.123157
0.4973285
0.5350951
0.2031006
0.3054705
0.5119093
0.1457543
1.111219
0.8788781
0.1900446
0.1810632
0.2577786
0.2800258
0.3299848
0.5625877
0.3993041
0.4094951
0.1103451
0.6150262
0.1915744
0.1005565
0.5779234
0.6349716
0.3834388
0.224459
0.3690114
0.1278354
0.200051
0.5408542
0.3125223
0.3488138
0.3437934
0.5135398
0.4068959
0.5881553
0.4462881
0.2452783
0.5072127
0.09956649
0.2549201
0.2819104
0.1954201
0.3682191
0.2211779
0.8635256
0.7572645
0.841024
0.3556673
0.2954933
0.6327685
0.1615109
0.1509984
1.476442
1.683557
0.3742061
0.3788603
1.218936
0.06854032
0.1899131
1.343261
0.3958258
0.4364776
0.6966677
0.1456076
0.2357734
0.7164379
0.9912308
0.4170626
0.8260637
0.8580314
0.3549441
0.4356329
0.1659824
0.4225684
0.1789069
0.1410349
0.5576073
0.5010452
0.4117196
1.048778
0.7052839
0.08981147
