291.1661
300.744
278.9614
297.6485
274.8313
274.7876
310.8522
296.0653
274.2519
291.5119
285.457
299.5661
293.8221
298.3525
264.4828
272.2903
279.7039
313.3151
275.2382
295.015
292.7122
319.1205
292.847
273.7924
284.9951
277.0688
298.5039
291.9557
286.3798
306.2065
279.0704
288.2718
271.8853
277.205
289.7267
287.9498
275.1569
322.0333
282.1829
309.4475
302.3619
293.8395
293.5742
286.5833
279.2225
267.0758
300.2931
308.4706
271.3687
278.4392
280.0516
292.5046
301.6727
280.6987
295.2473
271.9986
305.9247
250.315
305.9418
288.8535
306.1139
270.502
272.7224
288.3373
299.908
303.1182
266.9769
288.8974
267.616
306.2136
298.6482
286.5938
285.9027
293.9762
274.4713
284.5828
282.3498
303.3799
276.981
290.0066
315.515
283.4319
310.0822
291.0582
290.3519
272.7746
293.0237
281.5729
280.4893
293.8312
288.1902
295.6434
298.1307
281.8723
295.9941
294.8042
286.2962
298.468
277.1248
293.8558
300.4793
272.3993
279.3808
287.3162
275.224
297.3746
289.8399
283.5212
311.4985
280.0118
299.5903
293.2551
320.0992
298.7175
281.4215
284.4721
280.1708
314.3672
269.7327
273.3236
302.7026
284.0074
286.0258
280.3723
284.6287
279.8995
275.3883
278.8966
279.0052
269.2627
296.7739
272.9092
295.2726
312.3191
288.4753
291.4417
289.1766
294.6798
272.8301
317.0314
265.7043
284.8613
275.5485
289.9952
267.7799
304.7733
302.7142
285.9428
278.6429
293.2277
294.5565
301.2437
285.4048
291.2862
300.1627
310.0339
305.2705
300.6991
297.1947
298.032
270.3934
305.898
284.4944
283.3934
305.3021
306.5927
292.4756
295.4749
295.9949
292.9359
314.8119
299.0805
308.6175
314.2452
297.7837
287.7345
302.6534
261.7139
285.1593
286.7801
295.1578
290.9506
297.2296
284.0704
287.3674
277.0849
272.0741
282.9362
281.9064
288.9015
304.2891
295.7062
285.2852
291.4488
273.352
309.8546
292.8347
301.8026
315.6488
253.3216
297.3523
292.3945
298.2378
295.8726
290.1391
280.8092
284.2476
295.1645
278.6362
299.1216
313.1603
288.9423
331.3934
272.3473
285.9621
292.2296
315.4626
297.6792
287.0253
284.3641
300.8076
317.6514
271.861
286.0583
283.6035
280.3387
276.2784
298.5628
308.5293
254.3864
277.7175
279.5982
280.9068
271.6933
270.7644
285.9663
252.8759
275.316
299.4621
298.76
295.273
318.6771
287.9166
295.2596
273.8509
260.6745
284.8526
296.0428
332.8189
312.73
270.9849
257.467
310.1875
294.4638
298.8629
288.1684
302.0403
285.7482
281.0537
310.853
293.469
292.5517
279.8484
289.457
294.3785
314.6279
288.655
272.1611
296.4452
275.6032
268.9378
284.7
298.0113
296.3281
292.6325
314.0082
277.2832
298.414
277.6504
277.5504
279.9247
307.7225
276.3939
301.3326
286.2292
280.0628
286.0945
295.0067
307.9399
305.1387
286.0091
273.6161
282.1826
304.1808
309.5132
292.7259
307.8245
289.3263
286.4932
283.9504
283.7253
306.2338
287.2171
282.6549
290.1125
304.9519
294.0644
273.1449
301.7417
281.8734
288.2485
288.9529
295.8495
290.0733
291.2604
300.8931
301.7929
291.6533
292.7269
278.9627
277.6569
277.1574
286.3933
290.6343
295.0311
316.2202
301.6117
284.7548
295.2671
286.6554
267.4663
318.7672
286.0232
289.371
321.7727
311.8382
266.6387
278.2594
272.2608
265.6335
275.9726
314.0378
287.11
298.3036
298.0296
289.1393
291.033
300.069
287.5374
304.6581
284.1042
276.153
274.5444
312.7035
289.4251
311.7741
264.6688
293.6848
299.1281
267.1049
272.2085
292.6456
310.2093
277.0823
321.4589
305.8372
294.3084
300.3824
281.7362
295.8941
277.9833
301.145
297.4627
281.9192
289.7264
288.4683
277.1589
297.2634
279.9471
282.1183
286.5278
262.0571
288.483
297.3336
302.8728
291.0652
291.8386
273.3474
272.1204
306.209
280.54
299.7453
294.0466
296.1833
314.6899
306.3608
287.7161
301.5983
288.7394
281.4902
310.2473
295.8953
293.8114
306.736
311.9051
274.5499
310.1455
314.4308
304.2828
302.9079
304.6348
299.6532
264.3392
266.7353
284.146
292.9091
281.3539
287.1199
297.0284
286.0794
320.7456
309.3863
298.988
298.2582
306.8806
294.7605
300.0674
271.4918
282.9299
298.1496
283.717
282.0455
283.5692
293.7808
305.334
276.2616
289.2857
286.3619
299.9518
278.3343
312.6954
290.4225
282.7294
289.9844
298.7153
314.7619
308.9665
288.3369
277.8073
269.5326
311.7312
302.3373
323.6861
289.2679
336.5701
284.5601
303.0484
285.7865
304.8559
285.3968
301.758
291.0817
276.2887
293.0707
299.1724
289.9572
295.4479
265.6196
292.966
326.9168
301.9879
289.1795
290.7437
280.8146
286.7298
304.7959
285.2624
297.1767
302.2977
292.1307
284.4861
320.3579
313.9417
312.3976
301.6128
278.0337
289.7084
309.7969
303.7607
271.3427
307.5183
309.0951
308.8871
287.9151
305.4113
280.0277
311.4622
292.225
296.0738
281.1513
