869.3333
1343.958
1661.589
1100.216
640.8026
659.2236
567.4126
663.8698
997.8499
2157.106
2007.013
1734.997
2115.499
659.8822
816.0316
834.9836
819.1848
1501.034
979.3777
999.4907
578.238
1801.579
1015.65
978.8483
754.2612
1197.669
1517.563
537.5284
1901.208
822.2122
1201.078
623.7183
652.796
1259.429
545.4286
982.4603
823.8184
566.8164
1253.816
944.1956
1272.788
730.489
2152.796
612.8499
827.8364
745.7652
2257.155
615.1904
2864.586
734.6197
1521.17
652.1296
1034.18
721.8176
2228.563
870.9452
557.3808
1665.224
1956.676
301.4475
1200.798
491.6847
1376.018
1476.925
698.6701
546.9705
872.6931
961.7431
460.3011
810.638
704.7334
925.7093
608.4761
1031.739
564.4897
1109.796
2167.721
564.0963
2005.067
633.1429
822.1602
615.0827
723.0126
959.0476
724.6151
949.2138
789.4509
880.0724
1636.54
710.8136
1337.606
626.7471
1583.389
609.0128
1329.883
472.8932
939.7323
1217.638
2389.561
366.8508
2964.62
1053.546
1049.154
990.5433
935.0547
469.3597
617.432
845.166
685.3939
855.7642
351.7303
1418.103
1042.262
1005.999
1226.561
1055.881
514.6604
1934.032
1655.775
407.6853
724.209
1295.082
972.8962
459.5216
508.3689
528.6974
856.6324
957.3245
901.2711
920.4641
1807.666
1104.409
1222.757
2656.28
649.3688
897.0946
3103.594
1622.967
3807.802
545.6297
1749.945
1015.385
852.1687
553.2169
5242.291
763.6434
977.6948
384.3644
781.9437
913.1597
1151.051
935.2654
476.3876
1170.965
914.9609
712.38
1595.868
984.0842
1336.929
583.8089
3315.501
1233.659
1544.617
591.7946
954.5575
571.1811
657.2603
413.3264
1029.656
873.9386
727.6257
1209.474
870.6068
873.6688
3032.655
1658.506
1104.318
927.8802
795.0726
469.5845
1030.815
372.2247
1028.948
1009.682
695.5419
922.6355
994.5225
919.6301
1314.739
714.1779
727.133
724.7839
600.9528
320.6018
552.7773
640.8562
542.567
456.7302
797.8794
751.3324
923.1345
614.592
468.2563
500.6465
604.1884
760.1921
606.6832
540.0036
957.1009
2309.363
1130.647
522.8958
1934.915
759.0028
661.5976
1096.014
1165.001
627.9369
1001.584
776.5573
815.8339
641.141
1805.833
986.3452
2930.81
1706.407
697.4835
875.5833
1605.661
877.0102
2597.067
1106.246
1482.991
1534.182
1170.208
1126.825
2152.65
2307.478
786.272
918.5451
616.5873
693.2649
802.0238
1289.572
313.2163
859.8292
498.2152
472.7541
1934.913
505.3741
1266.712
787.0349
633.1035
1935.476
967.1311
981.8632
631.8441
571.5019
790.094
1332.617
432.227
887.5728
789.0726
1544.368
622.5582
648.0497
1484.195
650.2893
878.0442
678.5133
616.7771
596.9533
1210.94
622.1702
705.889
820.4493
5179.106
1039.948
851.7744
1432.322
571.8635
1562.358
1178.904
1358.985
536.2324
1313.976
3319.59
834.5933
737.7763
1137.377
1347.899
1151.621
1124.796
1594.356
508.4526
1218.14
921.9911
664.9302
473.933
596.1319
523.9869
1463.78
978.7704
1228.588
1368.821
1213.408
660.3414
1244.526
756.5321
612.4666
777.4996
2186.159
619.3367
542.4245
664.1998
714.5669
627.8774
897.3698
2931.684
599.2034
1380.312
4492.424
1041.011
604.3945
916.2635
1837.567
743.8822
1055.073
1376.308
1002.987
1858.126
773.6448
736.1337
540.1249
974.2624
1605.053
615.0209
812.6903
1943.343
1861.122
2812.372
1647.508
1074.135
2127.64
313.3685
617.4765
564.95
656.7416
2083.445
561.2297
718.2434
749.9581
1213.956
704.7539
374.8963
651.6989
1060.67
850.4062
458.5759
1117.407
465.9712
1554.921
1118.717
2892.39
576.6373
1641.532
2210.936
1922.07
581.1784
883.6562
1854.794
1502.798
592.7659
357.7873
716.2333
1175.399
507.7848
1675.102
1126.826
444.2386
582.8558
808.8055
988.5952
796.8373
2673.041
766.3941
1884.63
361.235
799.9569
1141.629
1098.257
1901.84
534.8891
778.6615
771.6015
580.0075
389.0574
596.2419
1049.762
808.4576
463.6972
1733.072
513.2227
1255.427
544.4452
697.8349
2045.769
2324.431
785.5114
698.3621
1082.469
1599.439
664.6559
756.5443
2115.756
1326.951
491.7965
1361.69
2893.293
752.3562
476.1816
1548.342
1314.859
714.6696
1000.424
1123.914
819.9158
1362.062
727.8509
848.6395
520.8227
2759.356
798.5336
742.2055
1076.828
766.6569
478.1686
1379.272
1051.108
957.0064
454.2869
1557.337
451.2995
1817.932
593.554
1066.973
508.6268
585.6112
1092.581
1125.369
1093.042
1043.205
500.5471
995.8272
1223.019
878.6049
960.2892
803.0644
794.0601
756.0238
580.6053
602.7098
850.718
2404.719
437.3961
913.2462
556.2096
905.9467
985.817
1787.632
1251.622
469.631
1112.74
993.4591
1235.3
1090.48
907.3742
1048.863
1227.069
345.1898
981.6981
1248.354
578.7042
572.4885
1607.586
1409.204
397.3347
823.5784
1060.429
766.8627
722.5362
776.63
876.6608
1363.526
1405.388
828.0748
782.8704
712.5553
476.2785
1329.699
