209.4354
307.7228
205.8969
381.4714
188.3591
176.9419
166.3564
164.1951
284.8659
161.1337
301.4981
577.6481
319.9548
100.9825
122.2417
174.0804
332.2937
142.8579
346.7466
177.9896
334.2976
174.2268
257.8062
286.8681
1729.221
198.035
277.5581
612.7226
533.3848
213.9795
712.6264
164.5726
154.1296
179.4701
266.1414
522.3953
596.5076
207.2957
282.452
187.1002
169.3209
140.2584
461.3658
276.4607
231.6546
932.5004
251.1627
199.9017
289.4069
245.2796
229.1785
215.5333
184.1272
279.3089
385.331
406.803
341.7679
153.5436
181.6749
132.4604
460.3113
130.5849
635.2914
194.049
669.2201
175.2362
280.1391
215.6806
167.1205
260.9461
192.0929
275.9737
259.0817
287.7578
155.5005
193.7376
254.819
123.3946
348.9269
273.8538
502.949
248.8853
268.606
580.1098
362.5898
108.1366
117.3909
175.1436
409.4632
258.4254
277.1955
630.1144
391.9433
284.9228
256.1807
186.6748
383.6424
240.1888
351.4568
270.3477
206.6696
224.2521
257.0406
353.8077
239.9416
281.4899
541.9056
446.3943
200.7707
230.6789
256.5914
298.1636
496.1668
320.7728
203.3173
155.1851
232.0297
139.7389
374.509
239.9504
173.0735
480.3193
685.4449
287.2933
543.782
206.2921
167.8042
417.6293
272.3846
220.5846
272.458
455.1315
359.1968
237.3541
194.6952
380.857
704.9264
286.2827
287.0368
204.2464
281.6995
310.6622
402.5652
799.5607
203.3825
273.9942
331.2848
89.13063
263.2356
215.4376
140.7831
202.5562
380.4713
188.3901
394.5362
143.0373
210.5552
475.8046
326.0233
861.6888
161.4628
481.7904
405.1434
222.9282
158.4481
335.6536
269.5794
173.6948
125.1384
159.4231
225.8816
425.0589
158.1423
149.3419
269.4217
168.1231
137.5416
420.2753
241.2579
315.9749
235.8671
259.0206
177.136
373.0524
244.2726
592.0376
211.2036
332.3235
197.2079
273.7523
312.4555
220.8743
242.759
328.3889
164.7348
550.871
268.7044
372.1492
363.7071
221.0591
291.6086
460.9142
370.7557
279.5683
219.5347
214.9681
219.6375
501.8448
394.7173
507.0434
274.2082
297.8626
281.0833
626.6985
658.6363
315.7526
324.4608
162.7478
300.2816
196.5206
194.2246
378.313
398.7299
174.0472
264.2711
655.1918
273.6047
420.7573
386.5845
441.2877
863.2858
269.2475
325.0571
390.2178
287.6864
220.5432
234.7002
279.2427
398.9706
168.8293
176.5103
664.9794
311.8462
364.2382
247.1268
219.8218
98.60181
263.4171
177.9039
450.7896
252.5849
197.2473
202.5056
458.2752
319.2094
244.4766
799.3486
216.0899
246.0601
438.0823
373.8885
1273.919
217.9893
302.9195
183.4969
365.0343
697.364
233.6955
295.3943
207.6425
347.2301
295.9597
470.8278
255.6437
106.4451
204.1617
227.251
343.1132
404.072
325.7054
425.5512
225.6608
182.4817
204.0788
897.747
272.1785
328.9482
528.7093
200.0505
118.4838
624.3999
831.3597
390.0651
238.6904
404.8428
300.1778
129.9761
241.7308
513.9318
317.5483
496.9825
427.751
610.4713
152.9695
158.1745
228.3635
196.2432
381.3054
246.4213
247.1415
183.7292
85.97036
271.2961
254.4291
204.7068
978.0037
226.8602
220.4144
138.4413
94.44288
433.6807
322.2682
485.1682
275.443
488.9159
471.9529
146.1154
642.26
231.7825
463.2052
165.3054
171.1439
184.5774
106.2076
299.0724
499.9729
253.0431
235.9473
83.16751
96.40858
150.8789
436.4764
386.0141
270.4962
1347.495
372.8939
175.665
524.4812
336.0714
373.5074
132.1828
200.1002
248.152
303.5613
293.4377
176.3132
414.4801
226.7322
236.6537
378.0744
161.2668
293.4929
212.2991
196.0236
422.7632
151.613
205.4795
160.8624
150.2695
228.0294
372.9117
123.8208
214.1249
137.9218
225.3568
469.1691
128.7642
109.4757
220.2058
582.0714
206.4751
420.1666
372.3194
689.0039
187.5543
188.8595
358.8772
343.4047
208.9524
132.3108
154.4692
259.5707
193.4499
274.9166
115.1852
272.3688
312.1037
803.1264
214.2003
180.3778
286.1585
275.9048
378.7802
548.6946
120.9947
152.4293
206.3201
305.849
206.0588
318.2991
389.1367
212.8506
146.5128
203.6856
113.4684
486.3745
102.5473
164.4367
231.5573
173.5365
686.3524
360.0303
117.6976
244.918
179.1735
348.1919
543.6659
160.26
155.5575
181.0443
169.6146
206.2785
248.5512
421.7939
552.2413
163.6907
183.5098
295.0092
296.7716
290.3508
595.7433
253.9464
186.7668
469.4265
412.8707
170.2676
332.3587
244.4917
168.8618
103.5128
548.9308
194.2159
215.2772
188.493
633.4495
177.3206
153.2686
173.8601
184.7372
255.2557
180.9855
393.5415
306.9041
188.207
184.1681
222.4227
357.3229
216.5753
469.4114
364.4981
154.8256
237.9068
243.7222
488.1399
129.5659
418.3528
209.3609
259.051
191.167
158.9768
735.1316
319.3209
157.8358
218.5558
255.7482
218.3251
304.4989
305.2883
140.55
152.458
880.1175
297.4961
315.6418
135.2483
408.7357
294.3187
175.4004
126.5853
242.3223
283.606
