42.63104
50.07008
47.90826
49.5029
49.97972
47.03004
49.20216
50.03407
51.29501
53.1991
48.68311
44.90367
43.61766
49.54081
51.95099
47.21052
44.957
48.93233
47.41371
48.10612
46.23549
45.28167
47.23985
39.76724
50.43002
49.63811
46.10679
46.15058
47.53329
45.15213
50.9116
44.438
48.31445
49.36087
47.62054
45.51768
50.06378
47.22378
46.00071
51.17856
46.7145
49.62488
46.07197
39.65852
40.82132
50.77227
47.22391
44.70309
47.52721
48.12623
46.26083
48.86482
47.91924
47.0067
43.41337
42.04209
44.48224
48.41446
48.48852
49.37621
43.07634
50.28926
43.52423
49.24525
54.38987
51.57491
45.41706
50.70517
53.04276
51.19039
55.47026
49.5904
47.23513
48.76909
44.18262
52.17832
46.33064
52.83721
51.66779
45.92586
48.75939
45.5296
45.50323
49.1776
46.70415
48.57936
52.35842
51.209
53.97261
49.72111
51.87406
39.44953
50.43209
48.21376
51.69981
45.64441
49.16247
53.27847
49.18925
49.54291
50.94218
48.86837
50.59555
58.18489
51.10493
50.63727
50.11399
54.55823
47.6331
44.96767
47.36624
53.37282
49.82831
48.86862
42.10208
43.54828
58.25854
45.73831
46.27726
44.18978
45.46168
41.61899
48.47199
41.2367
48.10768
44.23161
50.57019
45.28714
45.89044
40.3767
53.40468
45.52826
52.92167
46.30477
41.86349
49.16499
46.7162
54.80836
52.7963
46.23997
53.67304
48.77314
47.05645
48.37257
48.51917
44.88074
47.34812
46.57494
42.749
45.62455
48.70855
48.6147
54.39817
42.14186
41.86032
51.08368
45.35864
51.23712
42.74574
49.66661
49.87894
46.58777
44.65591
46.85248
52.06087
52.49385
49.41997
55.03747
48.55315
44.58659
40.00002
44.72635
50.96918
44.10402
42.11312
52.49629
53.82107
48.57946
44.72802
49.64082
46.70937
54.76965
56.1285
52.47362
52.82598
47.0313
49.90546
45.97076
48.01399
56.10093
48.78044
43.11437
46.56203
50.01842
45.2918
45.93085
53.7673
48.47307
46.81384
53.55445
48.02593
53.59434
50.08532
47.21325
47.59449
50.03097
49.2198
47.74357
50.56223
45.08664
46.83343
45.86627
39.61387
48.3793
42.68841
43.07662
48.98615
50.31373
43.33559
42.39534
48.00426
43.85603
50.52552
43.15939
47.58504
53.5039
43.42109
42.38491
51.78027
51.28621
46.91592
44.62014
48.19714
48.37427
44.43183
48.44709
51.96594
57.63373
45.04353
43.99574
50.66801
47.79344
46.42962
45.06386
47.85112
48.16366
42.85526
44.8968
41.67599
48.54133
48.2603
51.36204
47.50681
47.43076
41.68038
43.00213
55.08233
47.48296
47.40144
38.94504
44.86041
45.61076
48.73704
45.10714
44.94544
42.91811
57.20735
47.76919
48.43693
42.4632
42.95959
53.05093
52.28151
51.30869
45.01871
51.7346
48.96761
47.8668
46.83271
47.6384
54.638
49.84339
48.04439
50.13788
44.15675
47.01917
43.37818
47.38205
46.71227
42.70889
48.54023
50.26916
46.03272
55.20691
50.15401
49.92994
44.7963
44.72261
44.52516
48.59308
51.55071
46.16534
49.34836
49.64326
46.37608
43.17258
45.17235
43.7811
44.07689
46.71227
47.10193
45.47799
45.46295
42.53746
46.93824
51.256
50.51077
43.4507
45.23268
47.37346
47.40395
49.86661
43.86685
50.58543
48.82047
52.11222
46.3811
48.096
49.06665
48.14219
49.95904
49.39188
49.23138
47.98159
45.7195
44.96772
43.97949
51.54512
50.45715
49.70105
46.27555
42.68047
48.96964
47.0022
53.34559
46.98229
46.00432
48.271
47.76946
45.45143
42.96365
48.10434
45.94305
44.5148
47.49665
49.05485
42.0506
44.82464
50.0272
45.82053
46.75474
51.29949
45.31572
48.60657
44.23257
51.10195
49.76792
47.84295
44.33793
50.61337
44.8149
49.14112
47.83137
46.41066
49.7039
47.62121
49.49336
47.31357
43.08563
52.51141
48.75088
43.46296
46.36649
47.72816
49.94736
44.73791
46.74549
47.54029
46.21047
44.8939
45.03637
43.1946
42.58748
48.19275
53.05901
50.74021
44.02218
43.21959
46.32416
47.55758
46.2983
53.6929
51.4624
52.081
45.50785
51.48253
54.28039
51.73536
43.00504
45.4829
44.69715
45.93737
54.09611
46.58253
51.8742
46.88468
44.55689
55.84539
42.94307
42.59666
48.64761
52.74238
55.01295
48.29581
52.04338
50.76026
45.50796
42.84852
52.4835
47.71927
44.4619
53.61815
50.38475
48.08493
50.7234
44.75252
50.8903
44.84836
47.36539
42.84
46.96273
45.39014
44.72252
47.84963
49.65612
45.42088
53.08945
50.54421
45.61677
43.91072
45.25441
50.49517
43.65452
43.61999
49.96125
48.46691
46.57581
47.50897
45.11827
48.82811
45.80504
48.30814
45.88083
46.25094
50.46867
53.66869
47.68363
40.44714
47.28554
45.64862
49.92126
52.36153
47.28581
46.8978
46.18529
51.34779
52.44814
48.68598
49.90518
48.0011
45.62399
51.00259
47.46547
49.73456
56.44425
47.39114
50.41099
46.35345
50.93075
48.09297
49.61451
48.1987
45.12155
46.7333
42.54063
45.53721
42.81993
44.55265
48.2043
47.50321
