103.3866
103.3369
102.5093
103.5897
103.8324
104.1409
104.0025
103.1904
103.8801
103.6716
102.5861
103.6429
103.8003
104.3881
103.8104
102.8863
103.9438
104.1079
103.369
104.3337
104.9511
104.1205
103.2672
103.907
103.1722
104.638
103.3613
104.3676
102.5902
103.0153
102.6247
102.6066
103.2135
104.4464
104.0572
102.8349
104.4114
102.7546
103.9894
104.0363
103.6243
103.6322
104.1941
104.1262
104.3597
103.4662
105.1814
103.9336
105.0132
103.4294
104.4842
103.7658
104.6981
102.8336
103.3423
103.027
104.3385
103.4322
105.0701
103.9883
102.3773
102.9136
102.8292
104.5971
103.536
103.6235
104.3726
103.9945
103.9515
104.4408
104.0482
104.4421
104.6243
103.5992
103.2899
103.8701
102.9283
103.7115
103.3681
104.3907
103.494
103.6944
103.7597
104.6792
103.51
104.5073
103.8793
103.0363
103.7366
102.7798
104.8111
104.6086
102.4053
103.6859
103.4397
103.8918
104.4163
104.2827
103.0101
102.7885
104.8133
103.5124
103.9331
104.2884
103.7407
103.3694
103.705
103.2349
104.0869
104.8611
103.0213
104.1077
103.3979
104.235
103.0478
103.3974
103.6321
102.9036
103.7559
103.4357
103.3268
104.5737
103.3873
103.7254
104.1033
104.6654
103.9943
103.886
104.0158
104.9103
103.9401
103.234
103.305
103.6343
103.9628
102.8979
103.6898
104.3444
103.4258
104.5341
104.6217
103.802
104.922
102.7876
104.6491
102.1946
103.945
103.0034
103.512
104.3935
103.7322
103.0787
103.891
103.6802
104.5162
103.8958
102.8638
104.2923
102.9829
103.6334
103.6394
104.4455
103.1083
104.1036
102.8945
104.1733
103.8293
104.2408
102.8346
103.6181
104.5017
102.2247
104.4714
104.5799
103.8981
102.5894
104.2529
103.5355
103.9313
103.7421
104.0687
103.6762
104.1578
104.0861
103.1808
103.4141
103.2256
103.6453
102.975
104.5309
103.9778
104.1896
104.1475
104.3167
104.2168
104.3352
103.8194
104.5406
104.2925
102.9749
103.881
103.5208
104.4503
104.0565
103.5036
104.9488
104.0483
103.5724
103.2994
102.7514
104.1931
103.4638
104.1625
104.5022
104.064
104.2714
103.6899
104.2145
103.4667
103.6993
104.2136
102.9751
103.955
104.0515
103.3335
102.5983
103.5207
103.7787
103.4093
104.7315
103.4107
103.6188
104.9123
103.9435
104.406
103.7204
103.1505
104.0284
104.5004
103.1206
104.0853
103.6695
103.1041
103.4947
102.5588
105.1778
103.7752
103.7286
105.1397
103.6238
104.1029
103.6984
103.7601
103.1786
102.9203
103.4538
102.6355
103.7644
104.2817
104.0507
103.802
104.7428
102.901
103.771
103.3271
103.6559
103.3792
103.2267
104.0156
102.642
102.9444
104.2322
104.4627
105.1623
104.5471
104.4015
103.1594
104.0728
102.9362
103.8518
103.5212
104.4516
105.0123
103.4817
102.8286
103.8825
103.9078
104.5346
103.3443
103.7328
103.7677
105.2048
103.6616
103.775
102.7594
104.4954
104.2847
103.7736
104.2503
104.1356
104.835
103.9975
104.1581
104.6151
104.1989
104.2025
103.5281
104.0184
102.4442
103.7421
103.9541
103.5424
104.2116
103.6628
103.7751
103.9745
104.3347
103.6681
102.8871
104.1522
103.7637
103.3564
104.3935
105.0103
104.2209
103.8236
103.099
103.2512
101.957
103.0548
103.7294
104.1252
103.95
102.5268
103.7201
102.9744
102.847
102.9469
104.058
104.174
104.9461
104.8372
101.9003
102.9802
103.4285
104.2232
105.0075
103.1332
101.9642
102.9882
104.0949
104.1773
103.4292
104.2986
104.438
102.5261
103.0574
104.459
103.662
103.714
104.1033
103.9171
103.0102
102.823
104.4815
103.2333
104.2965
104.1073
102.9378
103.5782
104.5287
103.7841
104.3594
103.6956
103.844
103.5864
102.6945
103.6151
104.3977
105.6735
103.6842
104.1609
103.6876
104.342
104.2445
105.0765
103.421
103.9765
103.8606
103.6946
104.3806
104.2775
104.2036
103.005
103.0734
103.7793
102.7246
103.5747
105.062
103.0329
103.7456
103.9173
104.0564
104.7551
104.1192
103.2672
102.8398
104.9944
104.1432
103.4478
103.4685
104.4211
104.8552
105.1087
104.3222
104.4677
102.9531
104.9137
103.161
104.3782
104.6108
103.6541
104.1739
104.2492
103.403
103.3279
104.2829
103.4549
103.3084
104.0958
103.6031
102.9538
103.6845
103.1895
104.597
103.6412
103.4606
103.5552
104.1735
104.8862
104.302
104.3229
104.0526
104.3532
104.4592
103.4859
103.9999
103.9841
103.0008
104.4217
104.3731
103.1903
103.3537
103.5518
104.0805
104.0406
103.2477
104.1281
103.2721
103.4947
105.033
104.2136
103.2408
103.6779
103.6527
101.9303
104.6409
103.148
104.1396
103.331
103.7247
104.4424
103.6799
104.4255
103.7986
103.9162
103.9439
103.6712
103.651
103.3636
103.99
104.1344
103.9242
104.2267
104.1764
103.9463
103.2492
103.3885
103.904
102.4469
103.216
102.7787
104.439
104.1672
103.4316
104.2536
104.471
103.4576
104.3277
102.8662
