102.463
101.1337
102.1862
102.5511
106.5408
108.5618
107.5253
107.5905
109.7963
111.8996
110.6693
110.511
108.3449
109.1727
111.4616
110.5048
110.8094
110.5046
111.093
111.3294
113.7497
111.8539
111.6688
111.0855
109.1883
107.4145
111.4778
108.4187
104.7606
105.5754
107.6257
107.8458
108.6016
110.0178
111.8798
114.402
112.829
111.0335
109.6847
107.6959
109.784
110.2746
114.8258
114.8286
116.9863
121.2104
123.1812
121.6469
122.4954
124.1652
124.0918
127.7353
128.5035
130.459
128.2025
125.2789
125.8699
124.5323
123.5368
124.405
121.1889
120.4129
120.5289
121.6828
122.3494
120.6632
123.4324
124.7345
124.6202
123.7325
123.4299
122.6415
124.5246
121.561
123.6903
122.1661
120.7888
117.448
117.7862
117.3574
116.9276
115.721
112.9214
114.3851
114.4477
114.6581
116.6742
115.3239
113.8407
113.7043
112.8889
114.0038
114.1143
115.1745
114.9012
115.1509
116.1392
113.3612
112.8386
112.6829
113.0553
116.0345
114.6079
114.4254
113.4506
115.0554
115.9563
113.9712
113.6526
114.0229
111.7246
115.5326
116.67
119.6726
117.0683
113.7222
111.4226
111.2323
110.8544
110.9709
112.426
114.211
112.6799
113.0475
112.9343
113.299
113.5902
112.3024
114.8201
116.9248
115.0649
111.803
111.4014
109.579
108.1426
108.0079
107.7565
107.0228
108.5809
106.9803
107.9872
109.0642
108.1165
107.7216
108.5877
109.1435
108.4558
106.8847
109.7951
106.1541
107.8827
107.1604
107.784
104.6933
105.1333
103.6984
102.6518
104.9051
102.7063
100.6477
100.5231
100.7755
98.5189
99.88764
99.98578
101.2929
103.8195
102.9018
104.538
106.7209
108.0861
108.227
108.1366
106.7333
107.8614
108.8837
108.0271
107.1158
107.0612
109.8337
110.6464
110.8521
108.8426
105.6742
105.0829
103.2352
102.4643
103.0142
105.3694
100.573
101.9641
100.855
99.57991
97.22503
97.46778
98.13755
97.51147
96.20475
95.09169
94.54711
93.49882
93.02961
90.61959
90.65515
90.73438
92.85242
95.54741
96.89644
93.36324
90.55534
87.76639
87.47636
86.01972
84.2345
83.99439
82.57698
82.64874
83.94867
84.1377
83.96406
83.96806
87.21492
88.52205
89.12281
86.97488
88.35808
86.14545
83.92857
84.77346
82.28155
80.28413
79.23174
79.31657
79.41515
72.8312
72.02058
70.16203
72.61473
73.42447
71.69082
73.57507
77.80549
78.5733
78.46329
80.17014
78.47947
78.64209
76.99083
78.06484
77.65893
78.65885
79.45584
79.31207
79.38398
78.2257
80.57517
81.54719
80.10487
80.80002
77.98267
79.13603
79.75788
79.76673
80.4814
81.06337
82.04301
79.75886
76.97633
74.32512
73.40986
73.71785
73.59773
71.50449
69.57103
71.50283
69.87197
68.99961
71.49413
74.77272
72.53795
73.6411
71.98455
72.24112
71.43103
72.42332
72.90111
73.15415
73.27901
71.41232
68.75376
68.02062
68.47946
69.66237
67.61697
66.74454
69.39931
69.81371
70.34177
69.15802
70.22412
68.00145
70.17905
71.36628
71.20951
72.77146
71.16075
69.93101
69.7675
70.02761
71.74739
73.47989
73.54564
71.99597
73.30792
72.90844
74.43837
73.16879
71.93666
72.88374
71.65678
70.6008
69.62497
73.75597
74.57616
72.02621
72.31059
71.97384
74.34972
77.27082
81.70787
81.4894
82.12975
81.18301
82.65473
83.42824
85.82203
87.59473
88.06011
88.30093
88.34382
89.87064
88.799
88.13502
91.56404
93.14399
92.41716
91.82673
93.21867
92.93424
93.26401
89.51876
90.45775
91.87834
91.18238
93.62403
95.57914
96.81207
96.44618
97.36089
95.06327
96.17204
94.68788
93.17835
93.82956
95.35493
94.44597
92.17681
91.98755
94.04665
94.12744
97.53333
97.08671
98.85527
96.9126
98.34802
96.52761
96.22334
95.8817
92.61902
91.77798
94.56333
92.01128
91.00861
91.54608
93.36263
95.14249
96.36897
94.93499
95.48254
95.26768
95.65009
93.20117
91.86968
91.72172
92.24609
91.30162
91.65088
93.44175
93.63642
93.3148
93.95779
92.84468
92.82908
92.06072
92.67149
93.65528
93.2184
96.67231
97.4296
97.5704
96.99393
97.46081
98.82424
99.62626
99.34875
99.88781
101.4074
101.2456
102.2631
105.1188
102.755
101.4658
103.1242
104.7712
104.474
104.9033
104.8779
105.3566
104.5412
104.1228
103.5976
102.4061
101.5339
101.1597
102.6986
105.5898
102.1311
102.4986
100.3653
96.77226
96.23465
98.63094
100.6852
102.9063
101.1468
100.6182
100.0601
100.7305
105.1739
105.8459
103.7629
102.1179
104.3042
103.8366
104.9104
104.8413
105.1781
105.1843
107.2073
105.676
109.2021
111.7635
112.0842
114.9954
114.1346
110.9423
111.4085
111.8011
109.1506
110.005
111.5923
112.8364
110.7731
109.6759
108.8906
107.1245
105.3593
107.5054
108.8818
110.2453
110.0997
108.8569
109.9911
110.9208
109.6491
110.9698
112.7016
112.5136
111.7366
113.096
112.4234
114.4992
114.3201
112.8913
109.8378
107.9917
112.6178
112.0556
112.6914
110.965
