44.38684
23.02863
37.93526
24.28011
19.66278
21.18826
23.50732
28.27341
22.22945
38.82977
36.19381
40.13516
52.0812
40.35131
48.25724
29.439
28.55854
53.20428
40.58307
27.60391
40.33889
42.39415
28.15618
33.37044
25.39739
14.1049
16.70986
22.212
25.16976
32.82234
25.98426
28.11219
43.58883
40.4278
39.67894
56.35329
43.41212
41.61067
27.25753
40.26186
27.69207
23.86803
29.15013
35.27019
29.68582
27.48075
25.49977
23.37774
18.8809
22.80072
28.16009
20.69499
20.63113
18.33754
19.9842
16.18086
15.40123
18.91655
17.43764
18.05481
18.3122
18.40249
24.99347
25.75733
18.49078
18.00139
20.66197
14.66683
15.89991
19.18425
15.70579
15.40315
15.41192
18.9943
39.94103
52.01908
31.82405
36.55776
28.8309
25.98602
21.36661
19.26634
17.22488
22.95326
28.35799
24.5908
23.80807
29.44195
46.83191
55.90432
61.19308
50.87815
22.37233
23.34945
25.19769
24.28108
34.83502
20.83297
12.83415
18.31995
21.4314
29.93796
15.05571
15.51889
26.02473
24.64117
34.02071
29.50465
20.6068
27.02584
21.86707
27.59895
33.39248
36.04209
36.7135
25.99234
16.89152
21.30402
27.8982
22.3542
31.94948
30.42489
48.445
53.31207
23.40071
23.41116
27.44386
18.46979
19.3105
35.01351
21.77143
24.03968
26.3592
21.94098
25.93726
20.81767
19.98082
17.59329
20.6036
15.04065
20.88592
29.47934
26.79381
16.32996
25.37855
30.09356
29.04152
23.14956
18.00362
24.55963
32.06189
16.37416
13.68484
21.73705
19.81293
30.13293
33.02771
32.48729
36.4528
47.208
43.29321
41.70871
25.37455
27.88826
46.89851
72.56577
57.18641
40.55734
25.39245
36.70658
31.57802
42.35895
30.05659
28.74811
30.75184
25.5673
25.3325
51.39946
73.21095
61.78088
52.01913
42.41119
37.26353
23.657
22.04023
21.50249
22.20579
23.62958
37.28186
58.38439
38.09292
34.51052
31.09544
29.5317
12.58323
19.30916
16.16896
15.5667
12.6002
17.61192
21.35567
26.49105
26.46718
17.69282
19.88784
17.64624
17.37944
24.24672
18.52567
16.67786
17.84639
18.64161
19.71826
27.11212
32.32099
33.74896
19.91688
21.63745
19.45791
16.52164
17.73193
24.42724
19.28825
22.94616
25.36899
37.5779
27.17708
28.57273
38.80158
41.84362
33.76823
29.14477
28.14257
18.51964
18.99966
16.75462
16.7303
23.38296
26.35692
22.17672
25.26484
25.44394
28.45901
25.25015
16.89394
28.68729
30.29824
18.18677
19.54139
15.82425
20.55567
18.54122
31.28901
25.25227
28.30857
25.15642
32.10044
29.30894
29.12201
23.78926
30.24296
22.1293
27.65757
19.81645
28.67856
36.11464
33.30836
32.06399
29.09471
34.60692
17.62638
27.84884
15.2802
26.69385
23.23896
27.08758
39.02155
38.69667
44.19433
27.22944
33.26126
21.24058
27.4755
33.79944
24.87442
22.81718
20.17545
30.9842
30.29699
19.79643
14.31755
21.20612
24.20424
24.89843
20.71579
30.43545
15.84052
18.01591
15.18618
20.746
21.50873
20.30606
21.82623
21.22267
25.38899
29.59381
27.91179
30.14315
25.49476
27.296
22.08914
28.06621
31.81405
38.01011
49.77138
51.74481
31.7815
33.73101
39.10012
48.08813
26.88144
30.11043
27.74174
25.69869
28.42584
34.95428
26.97361
24.16628
23.32741
33.22698
35.68291
47.64853
59.80322
42.52781
32.88196
14.83427
21.77446
12.00325
19.76344
17.28236
20.60097
18.39974
20.11392
28.67785
42.31748
25.93057
18.20159
19.70338
37.87431
34.99438
38.13254
29.99456
26.53517
27.49698
35.60525
40.20155
26.58232
30.61501
34.96362
29.46212
32.21855
32.57422
28.23751
28.30676
33.59389
35.74852
27.18173
33.45406
45.42201
44.22816
33.56866
45.48852
40.94241
59.65452
98.83544
45.32742
52.08449
37.09267
36.91931
32.46704
20.08689
22.7719
28.12261
37.97667
25.38137
23.71055
30.05306
23.5166
31.1135
30.60822
44.37724
50.59851
36.32164
31.11716
26.983
24.12192
29.37702
17.78163
21.60507
28.57267
21.2322
21.29599
22.62756
22.37118
26.99798
28.24879
28.18759
30.27965
27.597
24.74285
24.58272
21.56572
20.13345
39.2007
44.66552
42.24056
37.03589
26.89269
32.41498
35.27996
23.84254
33.35155
29.75469
48.00915
48.40615
62.82379
46.66799
40.2116
23.15592
25.94632
25.48915
22.44815
25.93717
15.33332
18.98959
23.59253
20.47306
23.40404
24.7992
30.46929
23.47435
17.14085
17.3447
21.43672
16.99031
16.60094
14.60037
14.1216
15.25081
19.24199
25.75547
25.95327
24.15166
26.36702
22.00441
18.89746
19.26626
14.56131
26.09177
34.07394
30.05334
40.98043
44.15046
28.20076
27.22001
19.97704
15.75117
21.13802
25.77367
27.01179
17.00405
22.53346
21.4028
23.18565
30.95722
24.81257
20.04307
26.0556
24.72609
35.38535
20.11889
16.17056
22.527
31.06349
32.55623
37.12801
25.57515
21.35439
19.20017
20.27665
14.20548
15.11762
14.6584
11.65008
15.9849
16.81087
14.4425
18.39064
38.30847
35.40429
