130.0865
174.0775
264.5044
279.8759
280.2412
244.0874
323.3786
364.8814
151.1734
131.6766
120.2351
135.2002
210.7655
295.6824
397.0096
169.0474
276.8389
171.5411
377.9103
273.6977
287.3049
132.5527
115.0415
480.5296
872.6465
180.6622
265.5487
301.5613
261.6429
167.8934
179.13
663.2465
230.7509
117.224
135.6862
247.1958
301.2377
209.0449
301.9258
299.8596
421.6625
106.7481
164.1123
225.18
540.0387
179.8419
368.3416
214.4836
263.6186
160.2386
422.2062
260.5805
163.5935
196.8063
251.1708
165.1174
131.7918
166.8156
112.0159
220.2063
202.938
454.7724
102.5582
143.5001
177.3849
393.8061
298.6478
99.05447
392.8831
338.2941
237.7638
440.6983
403.8433
159.2974
277.7172
235.5018
267.9499
1048.526
122.0164
283.4431
179.339
225.0156
462.9505
449.8684
195.1054
226.9812
225.817
275.836
99.25754
464.6254
447.7967
155.0306
259.0245
142.1078
227.2364
172.6307
263.9042
500.5878
534.8022
523.0177
370.422
172.6167
413.2945
202.7947
121.6139
106.0524
173.8068
363.0236
130.0185
354.5549
135.2049
609.6698
164.3819
143.3542
484.6916
359.7668
241.7607
245.1724
168.4644
339.1011
432.2797
370.3736
235.1581
120.3827
250.1428
178.0431
235.8411
621.36
479.8391
169.7384
420.1907
164.6072
145.6132
206.675
197.0626
262.6216
216.4539
79.04515
235.4535
524.6047
235.4364
248.2701
1158.187
235.2484
334.0804
85.89838
251.1116
386.7889
167.8285
772.7312
271.3589
486.1823
277.889
438.0474
178.8955
207.0686
231.6444
253.5427
211.0585
183.4285
153.5651
301.1175
162.5203
131.7873
159.3818
247.8371
278.5696
444.7507
258.1971
152.7206
129.7734
232.5466
420.2976
211.22
295.1152
249.9902
296.4563
337.5461
268.8367
202.779
184.6707
289.4325
455.6097
211.7184
149.7017
169.4275
147.8922
210.6267
227.3609
163.0766
220.1878
112.2202
213.5663
99.51194
191.0785
220.1277
131.3495
358.6692
102.3357
589.5986
331.3268
146.0074
131.4854
153.3027
101.3106
357.7979
265.3211
512.5892
433.7256
396.465
216.2841
115.4389
291.7241
309.8499
387.8118
196.8949
480.1208
432.5232
151.5237
231.5188
509.5545
269.9252
288.0384
141.6722
358.2183
148.068
674.8095
289.5083
191.0326
555.6328
417.8159
285.3417
156.8921
132.0537
101.8566
270.2226
326.9783
217.9863
323.4934
307.6205
201.9902
283.0144
304.6223
197.9873
278.4037
122.6059
164.5172
607.1113
276.9355
330.945
165.8277
199.0631
198.6715
126.2718
644.4736
288.1308
528.7999
244.8274
168.3337
189.0245
161.0863
175.0866
293.3257
127.5457
361.4613
360.9683
523.859
177.2151
121.346
344.7332
363.2446
333.0187
189.4039
2188.034
297.7084
426.7826
108.0615
133.6853
405.9393
231.1279
232.9843
601.4052
133.9084
191.9404
288.4192
933.2928
210.0362
230.3108
117.662
324.8979
605.9153
218.1082
200.6079
201.9546
286.9643
240.4439
441.3836
175.8803
291.8977
247.2271
395.2098
322.471
199.7206
176.6792
200.7596
177.7883
232.5664
102.0847
223.2369
164.9831
130.5081
148.7243
221.5386
181.3372
251.4084
209.0763
476.6417
443.1774
177.3897
176.8603
143.7768
127.9105
205.2952
239.553
234.9816
240.0249
356.3364
220.7608
416.0621
136.0989
238.9175
291.2386
268.1697
120.4174
126.0661
261.9704
206.8451
220.2171
137.4276
257.0863
421.4915
263.8572
123.1732
364.3934
118.0207
216.9544
212.6091
385.0062
1437.251
201.9513
251.9378
311.6056
360.0854
181.3087
223.8601
175.281
93.54703
213.7664
281.6266
254.7845
213.7839
195.1878
273.6607
303.0244
209.5549
142.1361
141.2635
235.3616
246.8662
142.2185
203.267
393.1518
292.3227
233.8472
125.5843
207.3598
163.0781
838.8142
389.162
188.5714
330.3702
196.2605
1311.645
201.7042
135.2868
243.1651
251.1342
87.17941
186.6352
142.0683
342.7707
244.8751
289.3974
176.4986
237.811
606.7598
281.4333
452.2765
213.9576
139.859
123.655
205.4986
269.1572
212.8815
265.9767
205.673
129.1717
454.5254
109.8682
187.4969
170.9036
465.1904
591.0383
371.6717
105.2616
255.0945
159.0087
177.5114
135.94
270.6256
218.7066
449.0484
335.5438
440.4033
162.5007
138.3275
201.0566
416.9321
258.5612
197.7065
197.9478
191.8166
151.1293
309.768
244.1798
192.889
188.4044
290.0495
188.1262
181.5912
203.9571
220.6025
482.7319
453.7571
293.9216
319.4493
164.5948
328.4448
356.256
258.6921
433.4728
275.3948
249.4191
97.92257
234.7282
165.3358
298.8526
269.5427
189.8038
118.824
219.3878
699.5172
592.658
290.6605
112.4266
157.1225
517.8971
614.6042
423.0018
215.0421
271.1518
158.4079
171.0817
265.7327
332.5008
194.2574
498.0657
223.8683
743.9046
318.3224
145.9298
195.2232
227.8522
214.289
523.5833
408.956
584.5651
380.6671
120.8545
371.291
120.3381
186.8621
90.32325
280.8476
367.1457
383.1051
547.8764
241.4225
272.7892
161.1186
