1.810337
0.9179731
0.4854881
0.910624
0.6506057
0.7743623
1.41439
8.423049
0.8123419
1.456164
1.018775
2.125935
1.67171
0.8573864
0.9105535
0.6368907
1.922713
9.040039
0.7881688
1.735136
0.717685
1.076
0.6605265
3.470545
1.402151
2.56003
1.643026
0.9285857
5.232093
1.75409
0.5491547
1.15824
1.254431
1.354122
0.5761614
0.5800393
0.530618
1.328313
0.7031447
0.8564551
0.9762436
7.420958
1.756102
3.407863
1.273748
1.289027
1.919061
1.021022
0.5903316
1.106346
1.100053
0.3744371
0.6352794
1.478278
1.865331
4.050598
3.005777
0.8482189
8.864668
2.05325
0.8498535
2.89871
1.9823
5.352541
3.736557
0.8532073
1.072072
2.396616
1.38644
0.9267515
1.723521
0.8581675
1.385159
0.8249663
2.009635
0.7964089
2.450491
0.6790819
0.8095373
1.168395
5.005631
1.32966
0.8987536
0.8809642
0.5732681
2.136299
0.9219923
3.495401
0.7363744
1.137465
0.8209973
0.6115223
1.164399
2.860749
0.9826323
1.627068
1.005554
3.486257
4.616456
2.421423
0.765411
1.060657
1.62748
2.077647
0.6716581
0.4297403
0.5271143
2.04131
1.44139
3.48915
1.3053
0.9532811
1.340169
0.297607
1.287462
1.822616
0.6559876
0.7563776
0.5104924
2.34869
0.4992769
5.092592
1.411015
1.474485
1.091468
12.8971
1.110228
0.4438473
2.944615
4.193851
3.189002
0.816423
3.231761
1.602764
1.885311
2.313257
1.890856
1.063662
1.046981
1.074641
0.9208831
0.9826526
1.058287
2.710514
1.8462
0.6304729
1.793693
2.083904
0.9542171
1.399253
1.55303
0.7685283
0.7471566
7.729153
3.227
1.519388
1.300082
0.3866806
1.201898
0.3828357
2.761919
0.4219921
2.784629
6.269483
0.525676
4.836759
0.616706
1.771474
0.9936767
1.680431
1.123954
4.299114
0.8962008
2.857049
9.500871
0.6371366
0.5684712
1.259294
2.472586
0.9203989
11.8345
4.126357
0.8833779
0.6448593
3.592946
1.752852
0.4954489
1.233635
0.5785043
0.544518
5.347117
6.317382
1.102289
3.050788
1.235286
0.9129673
0.7322566
1.407627
2.770533
1.284251
3.556578
0.5678015
1.489534
2.90426
1.379235
0.5092874
1.308137
5.643007
0.8570285
8.065256
1.241032
0.9905091
0.6132613
1.581399
1.619277
2.697286
0.9816474
2.391792
0.4026733
1.39728
1.625492
3.214729
0.7573331
0.5762742
2.149127
0.8856986
1.360599
2.039867
0.6935576
1.210911
1.248093
1.490747
2.724644
1.143201
1.51975
2.451118
1.4616
0.9622333
0.8843549
1.3937
1.367086
1.584636
0.4301597
1.668891
0.6278655
1.216794
0.6088666
1.829943
1.463043
1.398725
3.000593
0.9936087
0.5113849
3.883879
2.349762
2.429798
1.105087
0.9613386
0.5099048
1.523965
5.767568
1.650819
1.381294
1.534401
1.30288
1.307778
1.157886
1.67863
2.408048
0.3880468
1.338098
1.195601
3.479461
3.18846
0.4679465
6.720523
2.307394
0.6832887
1.361064
1.039176
2.796
0.7496914
1.986082
1.27718
1.215664
1.968571
0.6941649
1.947623
3.153432
1.638001
4.479639
2.152769
1.101416
0.9388886
1.80494
5.646858
0.7728727
1.5307
1.183642
5.89393
4.188052
1.624054
1.092904
1.134058
0.7357421
1.795337
3.767117
0.3902871
2.513329
1.142507
2.177336
0.677279
0.5017108
2.973849
12.27851
1.233562
0.5034101
0.7212041
0.9709514
1.108678
0.3053586
0.9852599
1.710725
2.812989
0.6628825
2.27869
2.537575
1.117398
0.8042113
1.708782
0.5493901
0.7307636
1.143352
0.7357614
1.801047
0.9017193
0.9748067
7.987172
1.172411
5.499945
1.129629
1.6619
0.5114203
1.541949
1.245319
1.100136
0.7428932
1.672197
4.867846
3.043326
1.654159
0.8180837
3.529634
2.485491
3.5621
0.7954859
0.8249355
6.210453
0.9556047
1.756858
2.917956
1.33768
0.8660962
1.95581
1.823957
1.899561
0.7727895
0.5308508
0.6375129
8.719908
3.631923
2.739097
1.417203
1.320686
2.92188
1.088684
0.9974564
0.9766035
0.7217577
3.735356
5.51531
0.9848254
0.9692468
1.955765
0.8398143
1.945646
1.871225
3.48385
1.806012
0.6050481
0.5426257
0.716512
1.627777
0.8624511
1.607453
0.8029314
0.6864396
3.903303
1.380511
1.493998
1.007764
0.9532268
3.167014
2.15182
0.9465601
1.836117
1.210642
4.300631
0.7519697
0.9343329
3.95823
1.295782
1.857364
1.989605
11.5544
0.8032409
2.110238
3.197333
0.5666751
1.637906
0.8074756
1.120857
1.720484
4.67539
0.6577335
2.469751
1.474188
1.088427
2.072211
0.5258682
0.5487756
2.857352
2.212676
0.9920445
1.280263
4.142836
1.418287
0.565409
0.5278242
2.153374
2.384218
2.835379
3.600476
0.2958096
1.081195
1.012935
0.6809453
0.6016619
1.342477
1.132864
3.053935
1.497613
0.5058893
4.501135
1.201153
0.8560232
1.08434
1.963724
4.957751
1.165211
1.453607
0.8237779
1.554822
2.750743
1.527887
2.652113
1.218644
0.8926383
1.992589
2.70263
1.139281
1.530471
0.5793701
6.756761
0.6487679
3.862407
1.238165
2.360894
3.567995
0.6939096
1.806538
0.6391497
1.287675
2.310829
0.9598657
0.6386293
2.753603
0.6651206
2.846328
1.432876
2.266958
1.010563
0.56383
0.7657407
2.530622
0.934372
9.298618
1.208566
1.631573
0.8996224
