163.4112
154.2171
148.2583
145.8368
158.8919
163.8731
146.7453
159.9468
150.6987
165.7635
145.2304
142.4505
152.2869
157.5009
143.791
152.9577
137.3905
155.9107
145.9825
138.0211
149.6167
144.0754
134.8772
143.4929
146.2103
156.5416
142.1679
149.501
145.858
143.6706
132.3212
128.9355
135.1386
152.4882
150.5843
138.7193
163.6333
142.9344
160.2976
145.3291
153.4541
141.4051
131.3079
156.3371
136.3263
156.0079
145.7728
161.7928
148.909
144.4916
152.9872
151.1704
142.7805
142.6095
149.6957
150.4666
139.6931
150.9965
147.0949
149.8659
150.5248
145.3567
150.5149
142.886
144.2017
159.8854
153.14
153.6959
151.1297
139.7431
154.7913
147.1576
145.3037
144.0023
126.8258
152.1534
145.7937
152.4344
147.6744
145.775
148.1284
142.0649
140.2006
153.3568
150.8778
147.3809
151.4159
160.7976
146.3306
144.4448
144.6277
149.1523
144.6131
148.6577
152.0382
141.7201
128.7408
145.6033
144.0935
151.3007
150.2573
154.6989
148.196
139.9691
149.9881
146.2164
150.1211
154.7972
140.3998
152.4166
143.7301
143.4949
138.9144
135.4124
140.43
154.4336
159.0839
166.9907
150.7332
145.3304
150.7391
154.5772
139.6775
144.8519
168.3691
134.94
148.7643
147.0031
156.1269
137.0076
150.7934
156.9112
152.0974
165.2628
154.9315
154.1628
142.8281
139.671
136.9422
152.9071
148.4135
152.6648
152.0897
143.7497
134.8434
148.4865
140.038
144.4404
153.4228
142.3926
161.1182
151.3123
161.7317
149.0551
150.4617
141.9368
144.5884
150.7421
144.8771
141.574
140.47
160.4145
141.022
145.0264
149.1409
157.2066
147.5825
146.7527
137.0738
148.7005
149.1406
134.0352
151.3082
140.1893
172.7179
136.6861
163.0115
140.0683
144.6952
146.8969
138.3973
146.3593
142.9148
148.1652
153.2222
144.0888
142.4866
162.7482
156.5702
148.2312
155.786
157.2648
155.6573
139.0936
136.2191
141.9843
149.1296
152.2741
154.835
143.0964
158.5506
153.9105
147.3598
144.8534
144.9668
155.5351
149.8038
140.0309
151.8895
144.2602
142.6842
150.1946
138.6394
144.6396
137.3929
157.6174
145.3162
122.2014
158.2052
148.2141
138.0079
156.2398
142.1392
153.5579
150.5007
146.7932
142.7025
154.4112
141.4486
146.4966
145.3161
158.6798
131.8222
147.1942
143.5779
136.5315
149.5036
149.7674
146.3705
154.2491
156.3753
153.7567
159.3945
136.2561
148.0992
145.7291
148.3027
138.7546
153.502
150.3598
148.3536
159.4623
162.5996
146.9254
161.6835
136.2883
136.4228
151.9484
126.4973
130.5645
153.397
148.1161
146.3952
148.3751
155.1216
144.1929
148.0499
152.4458
149.7705
154.6743
150.4706
137.3191
152.9248
157.2235
147.5266
143.8566
145.6756
147.7223
155.5514
150.9633
152.3861
157.5697
148.4359
150.2544
142.4283
150.2202
158.7092
163.5949
137.2187
146.2958
136.1528
133.4211
135.6669
153.8154
138.4016
163.2358
148.5745
136.2371
133.3177
146.1246
148.3877
147.1838
159.3356
162.277
151.541
149.1063
152.3807
146.975
143.4452
150.683
138.6256
145.2749
145.877
145.5532
148.5211
146.5984
147.0948
156.7666
147.1084
147.1205
146.4368
147.5248
148.3314
149.4028
156.3788
161.6798
133.7905
150.0787
143.8228
140.9716
134.602
144.9537
156.7486
160.6191
151.4252
142.6726
157.811
151.4857
145.131
138.2385
143.8925
146.8059
136.7013
149.9989
137.7632
138.3078
147.7802
141.9981
154.1422
129.0963
142.9454
154.1075
147.3852
156.7828
138.3503
140.4426
135.3368
161.4678
153.4067
145.7354
149.2339
143.1291
143.126
153.6394
143.7445
153.854
138.486
142.3264
144.2218
157.5534
159.1181
158.1941
149.4742
155.9516
137.8925
157.0499
146.5514
149.5731
147.2973
147.5819
140.8139
142.1758
152.0619
135.0374
147.6858
160.5134
145.4834
145.4853
150.0041
150.9033
152.6566
144.531
136.1284
154.313
152.9784
135.0705
145.0489
131.3779
139.6654
141.5522
149.4389
153.5604
155.0588
139.9649
159.9507
151.904
152.6748
143.7098
139.434
148.8244
147.1783
156.6553
143.2224
138.5642
141.3692
154.1384
138.2088
155.2478
155.857
138.7304
146.1494
127.8146
139.6403
150.3526
146.2441
142.6701
152.3482
141.2799
149.1035
149.6906
148.6873
150.5172
154.3389
156.6145
164.1432
140.9421
143.9411
153.9801
145.9825
141.4981
142.812
140.9359
144.8535
144.61
147.9883
150.0238
153.8718
155.2381
148.6734
142.6615
136.7044
146.3705
140.6519
145.0185
140.3082
139.9976
153.9748
149.9913
154.1946
155.721
146.8883
141.4742
146.0236
130.3379
140.7343
159.0674
139.283
141.3323
153.1312
150.11
150.7768
161.2985
156.4349
166.4894
137.5188
155.2358
159.2399
146.4701
147.5635
155.9177
143.3608
130.4041
144.2386
150.5807
153.1766
138.8215
151.848
149.167
146.6609
142.8173
145.7489
157.3862
151.0949
147.2568
142.9623
132.0351
149.5242
130.1857
145.6912
157.6699
