521.248
540.7976
562.6894
574.1495
553.9209
567.0868
574.4398
546.5094
579.1002
594.3041
569.5244
562.5105
585.74
528.5142
559.4189
528.8592
538.9643
539.1303
518.3393
533.0484
570.3887
525.8647
555.5716
549.7704
508.708
568.5138
532.1531
558.3189
583.8305
553.2116
531.3126
524.8921
539.3772
565.8835
557.6559
581.8771
562.7403
598.4473
535.1452
551.0095
560.6394
589.5311
538.8129
528.2823
553.4053
598.3184
503.9408
529.0578
555.5494
528.3676
592.7374
524.8306
500.7832
593.7271
571.5499
573.2704
548.5145
524.1779
551.7098
528.5211
518.7344
532.7923
540.9488
558.6706
583.6866
522.6212
583.127
588.9664
555.315
562.4641
539.9821
523.2282
493.8131
600.2241
549.4438
531.8017
542.8172
581.5973
543.0287
538.4174
576.929
482.1422
523.9143
579.5236
543.5871
532.9463
516.7799
546.7808
550.8467
524.5962
536.3664
567.1276
565.9076
555.6879
536.0347
538.6446
531.2247
561.8598
585.6678
567.1112
517.0203
586.2175
570.9776
547.0815
504.5659
510.3766
570.5764
545.2077
537.1223
554.846
578.7301
552.6594
542.4898
523.3447
524.1707
523.2121
516.5554
516.8928
511.2899
502.0872
554.7564
572.3136
533.7115
549.9289
521.5318
557.6155
554.1337
545.4838
543.9163
569.1733
563.546
528.9626
532.9633
592.5343
510.3415
544.3455
642.8101
543.7929
493.4799
552.3166
503.6584
523.8448
561.7472
529.9898
522.8947
546.2782
521.3201
562.2015
570.3971
585.4811
553.5079
516.9784
525.9499
565.7208
632.2217
536.8134
580.4897
561.9561
571.0161
550.3926
535.1942
557.0498
550.5513
553.1532
526.7996
577.3776
563.2828
543.0999
515.7713
540.1685
537.6173
550.4297
504.6175
582.7718
577.2896
568.9638
523.1259
541.4271
510.9872
533.1919
548.72
512.8632
537.7754
541.6605
518.8174
494.6273
558.7464
551.6105
541.7106
568.1799
538.2263
530.8358
545.0379
523.8552
546.9826
543.6451
556.2545
533.2197
590.4521
540.6453
511.2372
506.9404
499.571
517.0605
573.2216
581.1135
531.286
632.0142
553.1187
527.7798
542.0235
545.1761
506.1741
513.8445
532.9138
555.3341
571.9759
541.6325
499.7542
539.2411
541.3697
515.4176
552.0341
539.4068
561.7785
549.2344
535.1074
526.2827
564.1612
573.7635
536.2805
584.9562
539.7167
541.7704
534.7585
574.8423
543.5741
559.1074
525.3068
567.7481
585.9489
543.9695
534.6088
542.707
563.6167
523.5268
603.1875
564.234
512.4168
539.3831
508.8448
537.8692
540.2302
508.3096
552.1739
538.6521
528.8359
558.4802
566.4824
547.7056
546.3907
535.754
584.4988
529.6996
513.1955
568.2818
602.6352
499.4593
544.1312
522.6294
587.3583
508.2553
577.8572
580.4622
552.8207
562.0457
534.827
503.9382
540.8404
536.1988
519.3982
516.0458
578.6546
532.9184
520.6459
532.7504
531.9478
541.8333
577.9923
531.811
563.1393
517.5327
565.3448
505.8434
543.4384
530.5087
529.9405
549.1573
527.8341
505.409
576.9897
578.3701
527.0265
554.0022
527.2934
553.28
539.7833
533.8906
539.2633
585.0392
548.1998
553.7194
587.5748
533.0687
556.649
537.3922
556.2432
495.471
556.5878
528.8692
555.1989
562.4095
512.2547
570.897
530.6381
554.2798
565.7861
573.0763
563.6264
498.5282
482.818
601.4778
517.1355
530.4505
525.2562
537.8133
559.7082
534.802
523.628
516.2073
523.6064
561.2685
539.7413
523.4107
547.0598
567.3817
539.5306
549.3885
532.9653
517.1038
598.8631
553.7172
482.3011
530.3874
547.6563
601.9088
549.7962
549.3611
558.6352
517.6654
533.7418
514.026
557.3532
581.3981
556.0799
538.77
592.6473
529.1447
481.9715
525.8856
524.0081
525.5102
546.7882
530.3196
566.1854
570.1062
522.6212
553.5032
521.8279
531.2086
552.2668
538.9499
562.3014
581.6277
532.2433
557.5881
546.8109
544.3273
530.2945
544.0605
565.1249
523.4831
534.2456
561.7577
612.1258
533.669
517.5654
501.2553
535.877
563.6845
486.5664
559.6276
583.2986
571.4676
530.3309
609.5686
510.6816
579.1277
537.4825
548.2922
529.4766
561.952
505.6858
510.951
554.8741
516.5837
522.7319
542.7094
522.4398
549.1258
562.6016
550.9141
531.8567
624.4801
555.7242
543.0664
549.2161
574.6667
521.139
504.8738
555.3201
524.3079
557.4784
516.0779
563.1154
495.7892
534.2158
516.9247
533.1113
538.9022
516.0537
536.4877
545.0246
587.3189
576.5725
584.2012
549.1251
550.7812
532.1873
616.8979
556.4573
587.8096
482.4698
559.7923
546.9307
576.221
605.7343
533.5211
560.1813
531.4772
598.3394
500.3322
545.5781
570.3818
578.1522
539.7171
519.7073
564.1339
580.493
505.7587
616.0156
530.1107
571.8553
552.5295
518.3949
531.05
538.064
531.8853
556.9112
507.4664
580.5044
547.0281
525.4256
566.2772
577.0428
558.4325
528.7327
585.1219
541.6541
584.774
541.0149
570.7717
506.8176
563.9025
579.2674
559.1725
542.8823
582.9995
570.2873
509.9277
