562.5298
575.7486
681.0351
647.1503
692.2072
624.1929
619.158
631.875
691.1566
636.3929
584.0839
726.4536
564.9577
541.7031
582.3239
656.8335
664.3503
565.2183
652.2966
612.3525
656.0613
666.3432
634.4785
595.4285
638.2436
626.7315
666.4264
620.7007
639.4257
619.3481
674.2702
630.6158
606.2163
634.7193
546.0624
600.5013
594.4833
652.9549
640.0763
617.299
591.4032
639.3271
616.1838
716.4616
683.5766
673.5923
560.1295
651.697
684.7053
649.263
609.8285
656.3915
595.9179
730.6541
721.7555
547.4926
581.5726
692.2799
723.1216
596.9684
587.6267
649.2621
683.0133
561.8159
762.0428
628.2003
594.9704
637.8461
579.02
666.42
600.4709
668.2687
676.0365
615.6243
670.4304
747.2846
637.2662
656.3141
711.4569
651.1499
642.1271
580.8575
586.6665
616.1729
539.8769
762.12
782.4976
604.0078
664.1765
637.637
632.0569
615.5181
723.4855
670.1705
643.1889
723.4868
647.24
674.8937
637.3414
612.7019
720.3547
731.4596
628.9866
679.6694
600.3646
665.183
775.0264
706.1946
613.7379
723.0007
631.0944
616.2993
679.2182
634.5807
627.3216
763.9905
686.47
654.6867
681.4542
608.2007
538.8558
682.0483
655.0447
674.4771
570.3244
589.4811
539.1045
669.4988
668.9992
681.9876
581.3237
569.2702
607.0342
614.0634
737.1536
674.7856
721.0918
541.1448
677.23
632.6625
620.293
671.6929
605.3653
698.8448
617.0899
655.4026
623.7644
667.0443
595.4122
690.1565
657.7036
589.1263
620.6732
598.0679
571.4403
542.0981
651.4339
605.1422
591.7968
654.1942
576.1033
634.8887
732.157
633.7517
568.287
610.5057
615.5506
645.4411
622.7429
711.1201
608.4876
617.8548
630.2865
701.5131
670.925
649.6589
570.0904
762.0424
641.455
623.1829
651.9038
593.3796
631.6639
587.2465
654.6308
653.0998
605.6331
559.4422
610.5583
541.8821
597.9202
556.106
656.6386
638.6137
698.1732
709.2154
692.2996
686.7163
668.13
668.0783
548.0049
674.5366
715.6826
690.1528
549.4523
691.9071
695.8559
621.508
657.1334
692.1723
691.0217
631.5424
646.7955
640.8476
696.128
672.1115
585.0255
682.4797
719.1501
671.8421
600.8893
584.6373
634.7821
609.416
636.7284
678.5725
685.874
690.3975
675.4659
668.3743
550.372
681.2867
654.9812
747.2622
647.4184
732.632
573.204
682.9197
535.2208
558.1934
564.9078
608.2365
679.6339
671.579
656.5928
667.3883
637.1529
692.1943
672.9507
674.4224
676.3004
602.4083
672.3648
631.1831
732.8616
718.2036
652.1749
646.6907
622.8385
656.4335
585.1978
585.7969
631.0162
550.6627
590.2051
532.8313
731.7338
524.6987
547.1787
708.7162
718.8252
701.9938
643.4587
614.9806
648.3275
606.0379
691.5243
548.8538
689.8058
609.4737
646.3841
602.8887
649.299
613.9218
605.7101
584.059
611.1813
675.2404
751.9463
601.4135
626.3839
635.7941
611.875
612.8226
710.3739
658.4576
588.7048
663.9295
690.5791
676.4713
748.787
577.9648
671.389
586.2171
611.9365
618.423
650.2767
668.7317
564.924
679.7372
627.6712
678.1291
591.3351
578.6881
569.2825
611.0541
808.3918
629.2917
707.9605
674.2661
603.7349
601.5416
667.7788
691.6218
600.7176
615.0704
596.2975
542.4016
649.1569
537.8419
732.5711
597.2967
605.7753
548.5941
591.71
652.775
607.1823
697.1367
659.9164
627.4722
717.6921
604.5475
599.7016
663.6749
638.9137
555.6356
519.1782
670.7485
628.2941
720.2728
712.5055
653.3184
596.7746
682.5329
605.8099
567.623
700.5949
597.5544
668.9672
615.9131
722.4565
632.3311
656.0116
599.7082
730.9216
653.2857
712.6888
608.3046
656.8498
677.2418
605.8859
565.7378
648.024
602.2689
520.0414
684.508
549.4605
671.2351
650.9568
661.6835
665.8443
669.2527
664.3307
639.429
578.8322
675.9377
650.2255
582.1043
582.0933
723.1252
669.7169
612.4591
635.6911
805.1388
598.0184
617.601
678.3327
556.2202
639.0171
618.8571
626.6482
568.4365
668.3146
624.3317
565.717
677.9677
753.1759
649.3221
772.5798
656.2205
574.3608
563.5785
662.1154
582.1253
689.3687
589.1717
652.1109
567.9778
688.3721
699.5109
679.5086
632.0834
617.8544
534.9208
571.5417
681.4123
584.416
670.5116
645.5395
596.6805
601.9971
626.3295
626.7088
586.2548
661.4015
544.807
681.0625
609.4903
640.3506
660.5257
592.5066
606.8769
573.2195
704.3021
707.1454
660.7158
718.293
671.2
659.9508
626.1238
641.4741
597.7829
750.3561
653.5633
648.1925
561.1044
602.1199
638.7689
686.8576
630.0629
581.5222
671.9065
552.5523
494.9228
799.694
649.3171
625.4658
703.5764
684.8473
702.4041
751.2543
640.3146
630.6822
532.7101
698.9603
593.385
627.9956
693.8812
693.2549
628.4552
656.0693
610.7294
732.281
602.0763
693.8155
678.2565
597.02
568.3811
661.3453
676.9026
714.5396
762.3415
579.0862
673.9416
655.0034
563.1511
612.8762
568.84
654.6803
590.8323
