307.2304
374.967
164.1072
737.7701
358.9078
239.8388
261.8738
356.0821
138.4784
424.3687
346.2732
268.641
180.6963
811.1681
327.049
409.5727
248.0393
237.4601
254.2417
450.5712
120.7531
175.3576
205.1576
367.2778
716.0915
487.9261
1751.437
408.9777
278.236
897.6861
114.004
269.7706
183.3117
205.2705
273.8699
638.5975
167.1908
208.0436
664.8396
235.0527
288.2396
357.2415
470.3939
257.9696
257.3804
218.8294
142.2751
230.1889
355.8651
328.3587
228.4525
551.9462
433.7866
261.2484
688.4629
110.0202
418.6352
178.7142
603.529
585.7641
356.8388
1103.771
245.9381
202.3613
554.9948
192.004
312.4151
546.2463
329.776
345.2766
877.3575
308.7522
193.6089
471.001
214.5928
471.5763
302.3413
393.253
244.9878
168.6547
221.0709
116.3029
393.0622
188.1624
197.4894
283.5568
511.7874
468.8896
415.6246
460.1513
278.772
345.5007
183.919
539.3231
856.9561
155.3904
554.358
281.4009
271.1511
200.5975
516.1927
202.312
181.4422
358.7886
126.0776
220.2757
630.2227
121.0136
397.2973
435.7007
604.0343
448.3496
1043.288
393.3558
807.9209
208.9846
235.3934
1480.57
276.644
249.7617
235.914
457.9829
240.5645
377.9578
253.8107
408.1526
309.9857
240.1253
186.4885
314.918
227.3047
327.2253
739.8992
188.5312
325.9652
206.2765
371.7342
335.0756
297.518
363.112
269.6441
190.8048
261.6092
227.941
219.6787
320.1067
180.5721
469.0328
498.0467
238.5149
1243.484
550.4454
1088.351
381.1198
225.1607
247.7467
413.8574
710.324
292.4894
308.7406
392.5512
151.7673
249.5359
245.7353
192.4796
225.6837
368.4647
354.4415
208.6402
297.4673
1188.971
434.1022
276.4186
333.5244
226.4942
505.0554
237.6994
177.2948
197.6175
268.6556
191.3414
461.9299
138.1723
216.5677
550.048
507.8777
284.5819
316.4608
619.468
291.8981
268.0591
408.6844
473.5662
231.3305
468.3216
259.3554
426.7809
356.2668
388.0179
135.2517
639.8319
229.8968
297.0358
642.4436
354.0009
236.1079
318.8254
196.7658
394.9525
215.1901
259.6025
361.8471
432.4552
260.6567
384.685
299.0075
472.1825
357.9072
1216.762
650.7857
166.7382
750.3143
288.5982
192.0317
347.8601
206.6106
422.5727
689.2651
251.8344
402.5877
137.0646
298.5956
452.1263
302.7975
638.5797
643.9604
363.0829
575.5381
226.8137
287.8183
585.0934
292.9858
182.8529
380.3554
1146.258
92.44504
333.6157
167.598
371.9055
284.9873
503.9271
384.8748
193.7228
828.272
343.9881
166.4945
328.8185
720.7259
333.3949
235.3591
332.7403
360.3727
85.87995
150.3748
260.7746
811.2834
443.4261
159.1028
336.8227
445.9641
654.9215
385.0152
408.0104
401.309
111.6934
283.877
468.4272
546.6944
299.4689
280.5882
267.5965
349.0182
187.9489
104.9065
296.6245
296.4211
258.2932
270.2216
173.7897
678.5256
340.4408
346.8708
391.3956
235.9728
351.7107
227.6653
929.8485
374.129
595.4646
196.5062
293.5391
196.3491
221.8704
204.6588
564.4762
432.7126
328.0018
204.2769
286.4971
183.9578
212.784
394.2267
728.726
111.3637
395.3519
150.4263
606.1174
163.196
244.276
297.4905
460.9258
227.6394
355.634
901.4534
252.5988
734.5197
235.5781
330.5716
586.8319
296.2174
408.5462
390.8879
830.7152
422.6013
297.6618
213.4457
628.2925
483.2751
721.9718
428.2433
202.4491
612.6334
351.6061
408.7148
397.7412
181.0648
506.3371
452.4409
169.156
185.8544
208.0976
537.3152
265.0036
126.2498
338.938
217.7585
243.8579
400.9969
296.4387
293.6669
523.1322
260.1975
321.6102
184.4296
430.1671
208.6474
335.789
303.7697
436.9748
330.7179
855.9885
355.2678
280.626
148.0137
229.3311
268.1732
302.3961
652.4759
814.881
496.4976
447.1606
447.9973
655.5636
568.8066
221.47
546.1917
359.6244
96.41702
137.0354
177.5823
1107.919
319.5076
818.8427
348.8981
177.5956
161.2947
219.3455
588.0459
389.387
441.5516
282.3697
547.9978
202.1093
264.3805
388.549
333.0086
203.613
171.948
461.0877
116.4649
272.2163
305.7449
566.7229
371.6405
266.3973
392.1382
210.6992
328.9738
338.4459
545.0941
312.1184
661.8635
227.2535
163.2595
718.7375
213.6807
429.9205
347.7132
290.5047
306.9823
207.5518
282.6342
420.1808
274.9531
239.9543
130.6373
682.1508
270.8568
357.3982
171.7313
259.266
193.7081
314.4929
1177.63
436.9257
290.3282
523.879
137.3595
253.1181
234.7272
175.9209
219.855
417.0205
239.3021
155.7764
332.8465
244.8406
263.0668
389.5233
375.8171
124.4326
366.0574
324.6381
229.6748
326.5449
223.682
364.0408
426.4456
227.7415
265.7763
192.5237
441.0228
482.0791
324.8019
395.6627
502.5977
412.666
574.4234
194.3885
1362.511
432.7169
273.5272
439.8807
299.3232
304.3161
355.735
459.6576
931.5148
234.0983
212.218
216.7575
207.0103
244.0683
309.9425
473.1995
737.2945
648.6923
266.9952
283.7002
488.5719
