104.6792
104.353
103.6624
102.9359
102.6045
102.4324
102.8155
101.7656
102.069
102.6779
102.5412
101.959
101.6875
101.0027
101.3289
101.102
101.4508
102.4662
102.907
102.2948
102.0521
101.3651
100.6261
101.3151
100.8881
100.9393
101.4062
101.4894
101.6415
101.8524
102.2391
102.1776
103.0433
102.783
101.9257
101.9264
102.0165
101.8927
101.0212
100.6388
100.2271
99.8054
99.62924
99.89109
99.51769
99.95981
99.4968
98.20462
98.70318
98.44246
98.54746
97.90683
97.89514
98.82125
98.42492
99.02408
98.75454
98.69376
97.92136
97.45376
98.88751
98.98972
99.35114
99.0659
99.65471
99.72891
99.96258
99.98514
98.91815
99.3808
100.0955
100.2176
100.5623
101.0198
100.5647
101.2909
101.9327
101.845
102.7509
102.3304
102.2082
102.5793
103.2828
103.499
103.865
103.5089
103.4665
103.5144
103.3451
103.3094
103.2365
103.1024
103.1151
103.2668
102.2302
101.3184
101.391
101.5285
102.215
101.813
102.1749
102.8307
103.3321
103.737
103.9567
103.4791
102.6951
102.425
102.1253
102.8369
102.947
102.9619
102.9394
103.6977
102.7068
102.083
102.7547
102.7382
102.77
102.4972
102.5162
102.5023
101.0663
101.2331
100.9449
102.0568
101.5222
101.5211
101.612
102.0076
101.7458
102.0456
101.5667
101.7646
100.9702
101.5334
101.9931
101.6891
101.7204
102.8659
103.4207
103.8102
103.4731
103.1921
102.8199
103.0347
103.3601
102.4603
103.3567
102.5872
102.268
101.7024
101.2757
101.0021
101.4614
102.0406
101.3791
102.2226
101.267
102.0983
101.5901
101.9232
102.05
101.4098
102.2216
102.1574
102.1963
101.9507
101.7081
101.9915
102.6455
102.3701
102.9357
102.827
104.032
103.6808
103.212
103.0254
102.7181
103.811
103.538
103.3809
103.2196
103.6493
103.803
104.4862
103.666
103.7432
103.5413
103.4918
104.028
104.6063
104.0753
103.6569
104.1036
105.1628
105.0105
105.3348
105.2883
105.6962
105.2308
104.5475
104.5081
104.6666
104.8318
104.1544
104.4456
104.3981
104.7463
103.487
103.2892
103.6389
103.0827
103.5905
103.8751
102.9811
103.1421
103.1564
103.3472
103.2533
103.9576
104.5611
103.9763
104.0986
103.9618
103.7127
103.1965
103.0877
102.9971
103.0415
103.383
103.4303
103.5181
102.7203
102.406
101.7147
101.9385
102.1708
101.0832
101.293
101.0292
101.3419
102.1975
102.7454
102.2016
102.3936
102.96
102.659
103.2533
103.0166
102.4261
101.9125
102.2711
101.8006
102.1584
103.3897
102.0848
102.3726
102.8739
102.4423
102.6442
102.8233
102.691
101.8474
101.856
101.8524
101.5013
101.3881
101.4658
101.5791
102.6919
102.8662
102.3251
102.7663
103.0913
102.8745
103.3489
102.7901
102.6565
102.6748
102.7679
102.5572
102.6055
102.9161
102.6471
102.2854
102.0577
102.211
102.5843
101.756
102.357
101.4164
101.575
101.7968
101.7843
101.8163
101.2665
101.7374
101.1205
101.067
101.0866
101.4966
101.0721
102.3058
102.551
102.1438
102.126
102.6232
102.8035
102.6434
102.841
102.0041
102.2191
102.1472
102.492
102.7075
102.4527
103.0482
103.9603
104.8266
105.7243
105.415
105.3187
105.5127
105.4477
105.2684
106.5785
106.3387
106.8454
107.1457
106.7518
107.3029
106.9925
106.4703
106.5351
106.5907
106.0677
106.3206
105.8244
104.9049
105.3084
106.1268
106.4342
106.8319
106.4173
106.0166
106.1959
106.4065
106.5875
106.846
106.7251
107.092
106.6208
106.4437
106.0456
106.4453
106.6157
106.3018
107.1127
107.0966
106.9914
106.8612
106.7143
107.1919
107.7515
107.4392
107.3077
107.7298
108.5338
108.6684
108.7776
109.1187
109.1014
108.5721
108.5402
108.3865
108.7196
108.6845
108.4488
108.3837
109.4376
110.3397
111.0331
112.5517
112.821
113.3722
113.0239
113.6241
113.4917
113.4435
113.2011
112.9595
112.4802
113.1528
113.8138
113.6681
113.8435
113.6776
114.0313
113.2167
113.7211
112.7361
112.9722
113.151
113.1135
113.354
112.5704
112.0952
112.559
113.3369
113.2084
112.7583
112.5847
112.3372
111.8448
111.7957
111.5834
111.1325
111.6666
111.7956
111.2925
110.8696
110.6721
111.2092
111.2928
111.8227
111.6334
111.5281
112.4385
112.3775
113.0616
113.778
113.6871
113.3215
113.8528
114.3265
115.0051
115.4951
115.8001
115.5827
115.8973
116.0066
115.8621
116.0291
116.2004
117.0146
116.9684
117.7141
116.6025
116.4829
116.8177
116.6086
117.3314
118.5876
119.3183
119.2777
119.7001
120.212
119.9623
119.2253
119.5551
118.8951
118.8687
119.0329
119.315
119.1074
117.784
117.3893
117.322
117.5635
117.8558
119.0236
119.5127
118.6725
117.5791
117.5573
116.6896
117.1909
117.8691
118.5171
118.1551
117.5825
116.5223
116.3249
116.8607
116.7214
116.1239
117.0848
117.9713
117.5672
117.6698
118.1471
117.5179
117.7754
117.7809
118.2561
117.7903
117.6982
117.388
117.1478
