62.00931
59.67441
56.78595
60.31886
62.23513
55.36631
62.29102
57.28716
59.67937
57.37531
56.06324
60.1601
60.5427
60.86929
58.37808
56.60013
58.65899
64.87714
58.95157
59.06537
55.28576
53.20137
60.04479
65.97377
59.65277
54.11071
61.30876
59.25527
56.15671
52.13348
55.1654
58.79091
55.54035
57.59142
57.02358
52.22527
60.55955
58.38881
64.78308
57.6996
58.43376
51.17789
66.22877
58.63095
56.22142
54.43921
58.51583
59.57144
58.01688
60.22105
55.78751
57.95951
57.46858
62.45081
65.9621
62.41194
61.00824
64.1872
53.55455
59.18125
57.5418
60.54459
57.89415
60.97735
53.83026
58.25753
58.34171
60.72285
59.65306
59.54007
60.92548
55.01776
58.0043
53.42491
62.08609
56.63053
59.28814
56.74343
59.69439
54.67333
55.46571
56.75202
59.18575
55.34948
59.16626
59.6247
61.34854
53.21285
55.11892
59.50026
55.11809
61.40374
57.20452
57.51
54.791
60.32948
57.67594
61.07751
57.49083
61.46785
56.82628
53.18176
62.3997
57.42646
60.84173
55.47342
58.37551
57.4298
61.71732
53.2212
59.73209
55.93201
53.15092
59.61137
49.2946
54.78831
60.97155
63.42997
59.84699
55.54827
60.69676
63.72908
61.24853
58.5383
53.36886
58.43343
54.64541
57.36578
61.45669
59.23231
57.57728
64.44876
52.60529
58.33574
55.23975
62.27451
57.72217
59.1571
57.97677
58.24376
62.75022
60.12828
55.01447
60.47124
59.41907
52.89309
63.31211
55.23891
57.1524
65.88019
63.93923
56.49829
59.30726
55.18777
66.07324
57.46738
58.245
58.48872
64.52156
53.9548
57.15321
55.33573
54.87807
59.37691
66.11026
59.18409
60.43957
57.73527
58.0723
56.93667
53.85522
56.71595
56.05482
53.64827
51.58964
54.47242
57.6426
61.78457
58.91771
51.49258
54.47721
54.18041
56.39155
55.99064
63.13513
59.39932
61.17593
61.69752
60.56081
62.5197
53.69939
58.55168
58.98561
56.60069
57.7773
59.92927
55.63324
62.64332
52.01649
57.86448
57.83792
57.02465
57.15606
55.93871
55.19273
59.09199
57.6339
60.00923
59.85586
52.56551
67.99201
56.49737
57.93391
60.10094
59.93453
64.61501
52.53691
57.36318
57.5563
56.27488
54.46302
58.00815
53.9056
49.35878
58.78813
58.55424
61.17768
57.18311
52.75719
59.46814
61.93942
60.06306
58.78308
61.35927
52.78643
58.20814
54.65439
57.83158
59.85315
63.35224
56.13333
62.82291
58.37674
54.63261
67.10487
55.06031
58.67674
59.6297
54.29523
57.11334
57.6873
63.17498
53.93818
56.88953
56.64693
62.13155
54.60529
62.7777
55.89819
57.61417
56.85975
56.75651
61.22853
56.28827
59.01791
60.82462
55.85497
64.3663
55.92214
59.3031
56.82323
63.91277
56.14435
57.79481
57.09147
59.10243
60.52115
56.73283
59.98565
58.1652
59.67155
55.01011
60.9241
55.71224
57.25821
55.81029
61.09268
56.31271
60.52039
58.53986
63.72204
65.04082
61.69179
61.91041
58.64671
55.78819
56.91072
54.69133
59.5421
57.639
60.54235
54.79377
54.70937
62.95657
54.50676
61.9876
62.88348
54.50475
55.22702
58.16758
57.95749
55.31805
62.62068
56.60584
60.68921
62.74024
65.28107
62.55808
56.8266
56.94877
57.16375
52.68232
57.71764
55.06039
49.31996
56.70749
62.61189
67.07546
55.39784
59.89376
61.15059
59.5318
61.86008
58.78022
56.93467
58.64246
60.58521
57.46302
58.22282
59.89412
56.7789
61.90887
60.10642
61.43761
56.96714
63.94435
62.14443
56.7827
56.49566
57.81025
61.77572
61.69992
60.13301
50.73207
58.55932
64.30672
53.60805
57.13999
56.2708
51.82065
59.83736
65.38489
54.73323
60.4007
59.4186
56.21681
59.326
54.82365
60.70812
56.33786
61.46412
56.27563
56.68865
53.50605
59.13255
60.67035
54.93221
59.39103
62.64714
59.3639
60.31114
55.19356
62.91608
59.73426
59.59235
58.78412
59.87169
57.37678
51.96411
57.16547
60.1388
58.61939
69.7997
56.39404
58.26962
58.63109
61.59832
52.4818
60.50055
60.16053
60.99821
61.56577
54.36954
61.05811
53.59065
58.12867
61.12042
63.89628
60.17722
59.37006
57.32005
58.51623
64.38454
55.80304
61.48762
50.90944
56.86512
56.03958
58.76792
57.89738
55.91333
57.84021
61.66007
59.40025
59.33161
52.30652
58.94093
55.40676
59.48955
63.95333
58.98091
60.55271
60.87033
56.00485
53.66129
60.84435
54.23024
60.84504
52.51952
59.71708
64.38378
61.149
53.51148
57.56663
58.13902
50.25746
51.79441
58.62002
55.39856
60.50168
59.55249
57.58311
58.00648
57.22141
54.91325
59.19591
55.05967
60.5697
60.20202
59.12785
58.33833
63.69785
57.09701
59.02195
62.14784
56.73929
58.47201
56.69061
61.24078
61.16218
66.64661
55.74589
58.06193
54.82215
57.79294
51.28376
55.44334
58.29355
54.99352
55.59287
61.4165
51.10433
52.90086
59.81166
64.28725
58.83652
62.70735
62.20102
57.09321
62.41551
60.00235
61.87566
57.1119
52.6921
55.91643
55.46883
60.19851
58.12787
63.77567
59.55576
