152.8916
156.5303
164.5601
139.9297
150.0209
156.4562
173.6329
151.935
161.6107
151.2335
145.2358
148.1446
154.43
146.4832
161.0253
143.7582
143.8417
146.7779
145.1829
164.9604
152.3369
148.1245
137.4705
151.564
163.8115
140.5776
148.8287
142.6952
143.077
157.8865
155.307
154.534
161.439
166.9502
151.9236
152.1578
146.7324
148.7427
151.6159
161.5134
159.8644
157.3171
151.9449
148.6898
170.9995
142.1684
156.4739
169.0174
162.7547
159.0852
148.6642
158.5447
154.8029
147.5148
171.6633
151.177
139.1709
140.0039
154.3523
157.4692
147.0526
156.8794
160.3725
150.0957
147.3462
160.7475
145.5199
144.3782
146.6778
133.4882
151.1455
155.5643
147.6228
153.8251
151.3061
164.2466
149.3741
151.7306
161.0589
158.5845
144.1956
150.8888
148.7495
141.7761
146.6275
158.1363
148.8361
142.8196
158.4466
149.1203
144.3018
155.1777
165.9271
152.5502
151.1274
144.3628
152.4705
161.9905
147.6504
148.717
159.5813
148.1322
147.9356
143.6958
150.7555
152.6765
143.1197
167.228
156.8668
149.3712
146.4722
151.8938
158.5277
153.7331
147.9162
152.8124
149.8714
154.2799
146.8753
140.7206
154.5169
139.9572
144.1006
147.2934
156.72
145.9426
147.84
146.4885
161.311
154.7049
149.4748
154.0478
160.3883
143.1098
152.2879
160.6453
149.1312
162.7131
144.1521
154.8296
145.5051
154.1122
153.0326
145.6025
149.7602
152.4448
147.2385
152.4122
148.3539
158.5425
161.5463
159.9309
162.0442
150.1901
156.1747
146.3039
153.6788
155.7632
157.6393
155.3321
149.6454
169.369
145.7427
157.6315
143.9078
145.1595
151.63
152.7914
146.9092
147.9526
170.3609
147.8292
157.0283
157.4174
155.8641
148.82
144.0019
159.214
161.7147
158.3967
162.7083
153.2057
153.7151
160.4339
154.5535
162.7756
154.1911
148.3099
148.5343
168.4342
165.087
167.3466
169.1158
142.8289
143.9339
146.0864
164.3294
137.1883
143.7585
151.3598
148.2625
139.6081
146.391
158.5778
168.0258
146.5203
142.6787
145.1803
154.0806
137.3869
157.5167
159.9667
145.232
158.2666
148.4242
157.9215
153.2445
165.1262
147.5599
154.1502
150.0413
156.1163
144.4066
152.6669
151.0009
153.4244
159.6522
156.077
140.7528
157.5272
148.0909
150.3426
141.5719
155.2409
140.5337
149.1055
145.2159
144.3314
160.9308
151.4374
148.0168
159.2289
154.422
148.4777
163.0919
155.6038
139.2573
144.2681
159.3369
151.5676
158.037
148.3458
148.4151
139.4751
160.0702
169.7062
158.1004
152.3842
165.5715
139.998
153.8973
159.8617
145.7303
150.5355
143.3057
155.7633
153.3673
145.818
143.3725
156.9221
146.3942
159.482
160.0083
143.9061
156.9363
154.5051
150.9275
149.7309
155.9228
155.6141
149.9157
137.9385
155.4318
152.9386
154.0814
148.675
155.5088
155.5913
147.2211
162.6293
158.3578
140.1037
165.2609
145.5404
150.667
159.1012
149.3622
150.8429
139.1724
159.1585
161.3864
156.7284
157.6051
150.6508
162.0305
153.2097
153.0467
152.9599
148.466
160.1592
141.6436
147.8006
151.2115
136.6336
155.9414
152.0434
153.9003
152.8025
144.1761
164.0572
144.2417
147.6826
155.1351
150.1477
166.3886
156.9363
149.0798
157.678
163.017
172.4337
149.0009
151.2438
148.6913
151.5651
158.8537
145.7993
169.4687
153.0675
159.7603
147.0751
148.1053
150.2277
167.6389
161.427
153.5683
146.3982
162.0764
161.7091
152.6532
164.8031
146.1515
169.599
147.3782
158.7096
154.3629
150.2438
142.6146
154.4201
163.6687
146.2804
149.3328
163.8248
150.5574
147.1656
151.3071
157.953
152.887
149.3355
149.453
158.6873
161.6597
162.9113
174.2076
138.6013
156.3231
158.8963
156.8276
144.1949
146.5845
157.8621
141.0141
157.0647
146.3468
157.0833
163.0341
156.8208
160.1424
168.9248
148.0948
150.4911
154.8514
159.2353
161.1975
160.2054
154.0211
144.3867
163.6448
134.7582
154.1173
155.9578
153.0921
157.7703
154.816
147.6903
146.3661
141.911
160.5571
157.2304
149.3795
162.4225
166.4763
148.6129
135.1759
144.3116
153.3653
154.3388
147.9948
147.7372
142.5818
163.5929
151.3827
157.5572
149.6976
138.6647
149.1078
146.4474
138.1456
142.1699
146.3966
162.0034
156.3643
159.0809
165.2857
148.1514
159.0095
150.2237
147.0925
142.1606
156.7488
153.704
148.9684
165.6471
147.4035
142.8398
159.5081
145.3061
150.9246
146.1292
170.0643
147.7058
159.9453
150.2653
151.2032
168.6305
156.8743
158.7595
166.3628
156.6683
160.356
156.1689
165.145
165.1834
157.7579
161.2084
168.8087
153.513
156.9194
137.6959
146.2762
160.4602
157.1352
145.4798
142.7759
153.8491
160.0556
154.8299
148.1006
154.9776
157.4035
156.0818
158.3088
140.4523
157.0446
154.1374
147.4086
152.3621
163.1143
151.7233
155.9068
148.7876
145.462
143.8036
159.9536
156.3921
144.4639
149.5835
156.1088
156.943
157.8387
161.9172
