103.5689
104.4295
104.7509
105.96
105.7238
104.1073
104.9379
104.5221
102.77
100.0844
101.5955
98.15997
98.86293
96.30351
96.22564
97.043
94.21993
96.48024
94.66165
92.16481
90.91009
90.79399
91.11872
92.71898
93.18765
92.1588
91.35253
92.23424
90.5697
91.49687
92.15638
94.67837
96.38708
95.24884
97.78144
98.04454
97.78834
94.74146
95.51053
93.88118
93.97294
92.25398
92.2762
94.08376
94.59348
98.26833
100.5926
99.45187
100.6959
101.4518
102.5547
100.2104
101.645
101.3525
100.5238
101.3811
99.24065
98.70789
96.92874
96.21363
96.42273
96.7768
94.93659
93.36396
94.05559
92.74057
92.82345
94.99326
97.18813
99.68114
101.8435
102.2838
99.91673
101.4525
98.23569
97.9116
98.12558
101.6429
102.4096
102.752
101.8821
102.7809
101.6973
103.2999
103.5953
103.6344
105.006
105.5484
105.555
102.9412
102.7611
103.0078
103.464
104.9482
105.1965
103.9618
104.2867
104.1694
102.1746
100.421
99.53406
96.76656
99.67866
99.24575
98.29781
96.80605
95.49263
97.18699
99.43108
97.57267
96.51272
95.26542
93.93295
95.41687
97.03648
98.45803
97.70785
99.533
96.18075
95.62214
97.64165
97.37792
98.38126
97.42729
94.31689
99.80158
103.1982
103.7132
102.8856
101.3645
102.2846
102.6146
103.6314
102.5066
103.5573
105.7082
103.2212
101.0452
100.4166
95.95353
96.3245
98.06368
100.3274
100.5394
102.602
103.2728
103.2458
104.0219
104.5194
102.2231
103.5126
102.9233
103.1921
101.6292
104.0439
100.7831
101.7807
101.3879
101.0538
101.3428
98.49779
98.03116
101.4828
100.8557
100.9539
97.57068
97.04689
98.27415
99.59281
104.4171
103.899
102.1753
101.4807
101.1516
100.3539
101.7402
101.7548
100.3705
102.8626
102.4048
103.2743
102.7788
101.2195
102.6201
100.9622
102.9989
101.336
101.5513
99.77159
102.6775
104.7476
104.7831
106.1653
107.3664
110.5952
110.7977
113.1999
111.6494
112.5432
109.1773
110.1017
110.3081
109.8731
108.281
109.0516
107.3403
108.3047
111.5385
111.3207
110.8786
112.6204
113.9281
113.9575
111.4357
110.1354
110.0381
111.0101
111.7074
109.7668
105.6638
109.163
109.6952
110.1579
109.0623
110.5279
112.054
111.3489
109.792
109.8019
113.2012
111.5141
111.8611
110.7087
112.1489
111.0868
114.14
111.4668
107.9059
107.653
107.5205
111.2187
108.7817
107.4702
106.7221
105.262
105.3019
106.093
105.5976
104.9322
106.3262
109.3734
107.9467
107.8934
107.4301
108.2709
107.4162
108.3458
109.5503
109.4152
110.2174
108.848
107.779
110.2037
108.4327
107.349
106.4869
108.4387
110.3385
110.2281
110.0092
112.2074
113.7879
113.1129
113.2662
114.8883
115.578
113.5446
112.6336
109.8522
109.5706
108.2219
104.668
103.8069
105.6629
106.4858
103.7382
104.8767
107.2242
107.9528
108.4516
106.8344
102.927
101.5254
104.4778
103.812
103.1528
103.9496
104.3275
104.3223
104.7981
105.6689
105.6636
104.2407
105.1784
102.9321
100.5567
100.1808
103.0209
100.9922
101.3591
105.3862
105.7344
104.9656
104.3453
102.8154
101.8014
102.5478
102.7813
100.9363
100.934
100.0926
99.46762
98.44847
97.42032
98.90909
97.4378
96.38603
96.9914
97.98365
94.99559
94.95273
96.38366
96.82279
95.09145
94.97785
92.92774
90.86101
93.08803
94.90498
95.53653
97.06715
99.71381
99.12418
101.8488
100.5889
101.8724
100.3351
99.48197
99.35706
103.1932
101.8597
102.5429
103.2138
105.9644
105.5196
106.4339
109.5292
110.8072
112.8147
112.1412
113.2736
114.3287
111.2815
111.4245
112.3855
111.7617
110.5213
109.2964
106.3445
104.4866
107.2462
105.656
104.9145
106.4122
108.0365
108.1351
106.4948
106.1924
107.3741
106.0101
104.8955
103.0501
103.7759
103.4307
101.0131
102.0895
103.2804
105.7224
107.2459
106.0355
107.5679
107.7221
108.693
109.2779
105.3089
105.081
104.6172
102.0269
104.0058
108.1913
109.5821
112.5772
111.1153
113.2305
114.1409
115.457
115.9121
114.564
113.7376
117.5998
114.4545
113.2611
112.9505
111.7741
114.3841
116.2018
114.3898
114.7058
111.7526
112.2084
110.5208
110.1981
110.2662
109.0876
108.2233
105.8953
104.0149
104.2905
105.5393
103.9522
104.6977
104.3289
102.8912
103.3788
104.8011
106.0349
107.7011
107.2566
109.1127
109.6161
110.122
107.2888
106.8917
107.5903
106.1611
109.2472
111.7635
113.2137
112.7172
112.7759
113.0948
112.1834
113.2203
112.9247
111.4635
113.1697
112.2244
110.6381
112.1402
108.406
106.6
108.0675
107.2811
106.5472
104.6155
105.9636
107.36
105.9082
104.4102
105.7336
104.9378
104.2814
101.4723
100.7507
100.826
103.4807
99.89751
102.1239
99.65186
102.5723
103.2658
103.4351
103.4746
101.5105
103.0963
100.7313
104.1225
104.656
103.1968
102.0133
102.7576
103.7657
106.3176
104.4571
100.58
100.4684
99.87636
101.7155
104.4708
101.7191
