553.6231
561.0252
542.1685
574.0059
587.1661
596.435
576.1668
569.6464
573.7746
582.2345
583.741
577.1861
586.4354
584.5529
587.5542
578.2837
566.0332
558.6301
600.3357
582.2902
577.6843
577.664
577.8094
589.7943
538.7007
631.5658
596.0708
560.7093
590.3249
555.5834
605.1228
563.9476
546.2694
599.7482
571.567
600.5489
572.6895
578.8233
516.1
526.4305
551.4463
569.1466
585.2771
485.8998
569.1912
537.626
569.0987
532.5154
564.5101
569.3717
560.5902
587.2579
538.6974
608.2842
603.4076
522.2793
578.9149
545.0715
576.2774
606.6958
560.4214
570.8551
567.227
564.3054
572.4153
526.3002
576.357
519.292
533.6607
593.971
574.4399
583.7023
639.197
583.2452
551.1001
562.1008
565.7192
623.3809
559.8478
559.4244
580.5617
590.2817
572.542
555.6349
556.6682
623.6539
543.9919
515.637
551.5576
562.5514
575.356
533.0748
595.5667
581.72
539.7247
543.0293
575.3874
556.3943
608.9937
571.6167
580.444
543.0982
594.6349
593.7969
566.3482
553.7282
552.8327
595.4547
569.3305
571.3542
555.8577
585.5646
549.877
533.4237
519.1076
556.371
567.5287
593.0706
531.6749
554.3456
576.132
568.528
498.785
578.9807
589.8205
552.0589
572.3352
541.0143
525.2024
580.0292
533.6871
576.025
535.5639
563.3389
590.3024
575.1747
577.2308
574.7359
652.6466
606.7751
566.123
563.8814
540.245
564.2176
577.5853
586.4267
570.7966
574.5247
575.6691
592.1568
587.0038
579.7144
571.0931
580.9476
554.1014
571.7998
562.0076
581.6935
599.589
566.6784
566.7472
578.51
548.3033
554.3395
562.9579
580.8772
567.9527
557.5084
585.7732
619.0393
560.8885
551.1751
564.0375
560.4114
558.8888
614.0467
561.7419
559.1268
584.9932
605.0018
553.1249
546.1987
609.1672
539.2706
562.5376
533.6787
539.0613
568.2165
577.2087
527.4115
507.539
586.1582
566.1347
551.5915
580.8307
545.0013
548.0939
560.19
617.2362
543.6232
585.1588
554.8745
625.5943
560.0469
566.2587
557.9456
558.7149
586.9547
538.2603
610.2329
562.6443
569.8392
575.6839
591.0427
559.8939
601.5723
586.8867
558.0577
577.4896
549.9607
579.5539
562.5385
580.0584
576.4982
555.1618
555.07
547.6655
516.8166
597.0763
587.8133
525.3799
541.543
553.5381
596.5671
550.6014
628.2603
565.4703
544.0453
593.8719
576.3495
607.6723
585.459
572.991
559.3484
577.0646
561.9313
546.8531
570.1676
560.8204
515.0039
541.8746
517.8246
578.0695
508.7037
591.3241
580.1018
573.2274
593.6573
553.2611
554.6628
602.7446
576.9874
637.4752
568.8058
598.412
583.1706
552.2189
577.9314
546.2602
578.7823
586.7984
551.2265
626.2999
559.6676
551.4872
532.6418
558.0578
546.3942
566.7042
597.219
536.2219
621.3252
557.9559
535.7694
527.975
540.6987
565.7992
545.6828
544.0546
577.4374
593.2878
578.0134
544.6673
529.3222
557.8825
568.5465
573.3721
551.1076
590.545
575.4983
579.5981
589.8864
599.0216
626.7953
513.3229
548.3686
631.1784
504.0451
535.0396
559.2914
554.8523
563.6115
554.9584
523.9792
597.7055
544.4523
545.9133
559.9716
557.765
596.0507
535.6922
603.5897
585.8794
547.4613
540.8681
528.4591
495.9062
573.2284
611.8117
571.4939
585.262
548.5693
557.52
555.8628
595.6348
610.045
587.8879
598.8996
556.3406
548.3203
510.9671
569.0753
567.7044
588.719
556.6367
578.6102
566.8947
572.5975
593.6552
560.0134
587.6935
567.3901
574.8797
549.5948
549.1567
574.285
540.8261
532.4358
584.066
523.9896
549.7975
610.8303
544.6401
532.0682
573.0184
572.1878
541.9534
593.3482
551.5709
608.0892
561.9221
592.9028
525.4712
565.0269
588.1087
522.5872
592.9244
618.5331
583.1465
563.5153
532.7783
573.1625
548.0929
545.7732
578.3742
544.9152
561.0781
590.961
603.762
545.6669
536.5705
550.2417
605.5601
540.9938
603.4504
549.5648
558.6822
523.0429
557.5982
586.2223
547.8703
589.8673
598.5361
579.8981
567.4973
578.08
586.3045
545.1482
571.8549
597.1454
546.3893
570.8631
544.9984
568.1285
558.0024
553.1438
601.9763
536.6597
514.5716
563.7447
556.5705
617.5586
566.7183
580.678
552.5095
540.632
541.2023
551.4011
545.7426
543.2739
562.3892
524.9297
535.6117
579.2727
571.8269
554.1569
556.8656
524.1675
592.9687
541.8074
631.8817
538.6909
541.2105
554.6215
609.4617
527.3679
592.853
559.7453
607.5834
531.4118
554.8763
565.2692
510.7145
549.2606
550.6697
603.873
576.031
559.2671
586.4525
588.2112
555.2471
552.7006
558.921
598.3132
592.3926
561.1202
541.7165
537.3019
585.9083
559.8986
499.8238
565.7441
512.3375
555.5429
569.9469
592.1515
556.9524
518.2264
570.3837
599.7642
555.4823
541.3304
535.7612
594.4819
531.8905
536.5576
533.9269
597.4617
549.8197
603.4398
537.6298
594.2478
597.8923
562.3615
607.4293
520.572
542.6862
525.503
561.3158
554.1903
