62.36327
58.98016
38.44403
36.60745
29.54172
27.96952
27.31993
46.02189
53.22031
47.31382
49.3759
51.51956
64.21924
74.8952
90.24431
84.288
94.96224
139.6403
131.2914
148.2231
128.4258
112.6285
114.1442
93.05024
90.00221
69.05044
73.63804
93.48987
96.62478
73.78682
58.35324
41.70013
54.25669
36.52496
31.30929
34.56342
53.62804
42.99536
54.20309
65.89938
92.57052
110.1233
83.62657
93.3601
102.2003
75.15551
66.02328
62.93447
103.8388
79.59986
87.40398
57.7518
56.9619
52.28173
59.61754
60.93105
55.45499
56.40065
51.35981
63.06478
59.84969
87.65287
79.27736
74.78079
84.41068
91.79865
131.7029
115.98
84.23822
95.03703
116.2156
149.6169
145.9689
139.8894
153.4799
161.1313
120.6345
138.9863
119.4837
145.0842
125.8253
102.9689
123.1945
124.8786
151.5571
256.1161
290.4435
420.8148
413.9616
509.2242
761.9943
1071.079
1868.795
1991.498
2891.121
3926.668
5075.501
6513.597
9832.33
10102.54
18189.94
16933.98
29659.59
34404.56
40330.43
49202
52977.47
74305.46
100768.3
144905.2
207475.5
272161.1
465101.6
802725.1
1691499
4777857
23852469
41505184
44312772
40844436
34625882
40963239
42129140
38180418
30339657
43400526
48155801
41247764
43352963
42176095
44874156
38770939
40474725
43160401
40314538
46893922
39954162
41697385
40067596
40418728
40899846
41107912
42708073
40307135
46096132
41001316
36502336
42976757
43938772
41974523
40282333
38214657
42059638
44374930
44311092
37645020
37995968
41150414
42775830
38855019
38590759
38878271
42206944
41380955
38390665
43668166
42811944
38517607
39466283
46452445
38279087
42623609
44156680
48477776
42595604
45270697
43331121
37859228
44889604
39782362
42165421
44295747
41050029
40055411
42012449
37759477
44566536
42923365
40903055
49149871
38229456
40140270
38108070
43849980
41282113
38806073
41801977
45663151
44039834
39913796
40384229
41614316
38602880
39618875
38561568
39362429
34223421
42245693
38997476
44259335
42632108
40178121
37157478
34468283
41433406
39238745
41868204
40436651
39292991
41946712
44090081
41419616
42650815
40810986
44411231
46382005
43713500
39059548
42109801
38221057
41058312
38908027
43850494
42222927
45396553
36816984
43118705
45433521
39775957
45068727
44196867
44651585
42383835
38722554
42007253
47021104
41233410
40870354
53693233
40382496
40930893
50799759
40852913
43437248
40099103
47194674
41334508
39172168
38872064
41333445
40335613
47763006
36932226
37660881
36363422
38019224
42787782
37068877
39151789
42403436
44043990
42232452
47138411
35983281
41677476
41388830
40039438
45698460
56409777
41967308
46026012
41604849
36906962
46632041
47006928
37257903
43499907
44790939
44704843
48498407
45655461
37227094
41384271
45373243
42394386
39786983
45955794
37831234
42685618
43295914
43855939
38400500
39714896
39018061
40163008
40947009
40423784
38856675
38548654
41321980
42681145
45506117
39436903
41395836
43926184
40310908
38597779
48241243
41834189
38891461
43567999
41494556
43870090
37433343
39176077
43001678
40330113
31922702
43063855
40496323
39266501
44586485
37551132
40010491
43618401
39960104
40145324
43246401
39366156
42574062
40493073
40779880
41468052
39917261
39767845
37684581
40034930
39864784
46298495
43062940
41385993
44861592
43744561
35113326
43840775
38732817
41456804
37477964
42259421
44915152
42667277
40130275
38848692
36901690
41123074
44710160
45956741
38810183
35740983
42954135
41548852
41809896
43565365
44722509
42534775
46367793
38624524
38071821
46115938
44313204
43738828
39397764
38135634
41397065
38569870
35856400
40231036
44623214
41412486
41651358
37569700
39832689
44258379
39703178
43181158
42549092
40851033
44915142
39988329
39669793
36459890
45572447
43809720
36676777
49063201
38915824
40878393
41901112
45593800
45972038
42042955
40209546
37069843
45261003
39449878
38385036
44269402
42994496
39254138
46933986
39576465
39563430
35672410
36192763
42297224
39233753
46476922
43544493
45364264
43681388
37439663
44296981
39957063
45142070
46260161
41675495
40005201
37711957
44484433
38745677
37577740
37430637
41622643
39343879
38424767
39050315
48336741
41940157
42790883
43427145
43208819
43638166
34511277
47184693
41552259
40056262
37152777
48309512
44112710
46473880
39677884
41416064
39346284
40958818
38358430
41279341
39184731
35461872
38434267
39336491
41161653
39094283
45742012
44656933
33870561
43801910
35181103
43781257
41576376
38027124
40796077
36120204
33869550
31678614
43000359
46225414
43832806
45359328
41188634
43344037
41556397
45694934
37707224
37897081
43941727
40521190
35782517
41041696
36693227
40690216
