55.26287
64.99959
70.69349
63.20051
51.42984
57.25055
51.78428
70.98339
97.24369
79.00848
87.32796
68.95971
101.9859
65.49982
61.44298
81.5639
129.465
95.59559
81.83173
77.88275
82.07348
94.17246
51.58104
53.44213
48.86682
55.72684
60.94973
75.02348
62.61144
39.75067
47.57925
47.27478
32.81386
31.20279
39.7285
32.12239
30.67529
29.87533
34.66172
42.83719
29.82754
40.60553
53.56474
53.28697
49.9916
41.83522
42.18817
43.80871
48.30134
35.73285
44.61155
49.82136
45.01067
41.02631
65.64589
54.39073
44.14159
59.90184
56.33978
68.17887
68.83542
91.36886
107.91
95.45939
95.10867
73.20534
68.19801
89.70489
81.66918
64.20945
55.14405
49.73166
54.72586
87.22195
69.32653
68.13269
78.31846
80.31042
59.49411
68.33326
63.34275
90.6199
90.44839
66.35921
66.07118
63.31095
62.50392
52.22477
57.45855
76.76521
73.03313
63.08968
51.73753
70.51223
84.73377
101.3309
101.6534
156.3285
152.9036
191.4106
211.808
145.9322
122.1376
128.9515
140.1476
123.1159
99.98963
120.355
124.7463
146.1789
196.3063
235.5848
252.1361
332.386
412.3956
314.7031
324.1565
307.5695
251.2877
220.0792
239.1619
291.797
200.0949
144.3086
132.2506
168.5144
145.4796
118.575
117.4059
93.77803
81.18497
72.32233
79.40051
77.14728
39.39366
44.1907
40.73505
48.89448
44.11592
41.06326
48.48009
57.55514
54.04209
52.33826
54.98185
77.51847
76.49015
104.1273
106.0595
77.63352
58.67275
54.55796
47.08459
49.28008
64.15367
93.11393
136.4721
156.3234
118.4457
127.1187
144.2837
234.9968
257.4785
230.725
234.2694
323.7454
271.8208
294.7362
250.2685
215.9363
187.1363
184.3869
184.2026
143.4389
125.2186
133.4015
119.6264
97.47425
76.81861
83.95389
75.4697
66.9725
55.9619
39.83177
41.03782
46.91227
65.97327
71.23396
88.76445
157.722
141.5895
149.4974
141.4485
181.3499
168.9718
142.8864
170.7892
169.0475
171.1566
143.8681
173.6103
144.3006
195.233
190.0742
165.6029
242.7914
260.7924
196.5803
220.1063
214.9473
172.4931
137.9635
128.8032
161.3145
176.7486
161.224
169.5961
150.6894
203.2879
217.3888
193.2003
143.5201
145.1607
162.9977
143.5147
140.8774
144.3031
161.5108
120.1476
77.15392
73.50455
74.16967
81.33892
99.00866
84.60616
74.76883
85.57928
107.5359
136.225
131.8163
164.3859
99.93543
110.2276
118.6225
75.40408
48.95674
46.67676
47.74
60.0794
74.77324
75.90637
50.40112
41.64659
32.38614
49.28952
41.41115
44.75348
60.04787
78.7665
65.19967
77.71809
74.84863
71.68311
68.3923
81.31567
77.91624
68.03989
87.18385
72.16461
90.2684
113.1317
129.4739
136.4232
119.7849
88.40894
90.50648
75.94867
60.11775
47.55797
53.24413
43.2123
58.21444
99.93499
111.8221
145.0807
163.876
125.0689
140.4605
135.8925
133.7578
129.405
82.58579
72.49323
76.43148
68.53355
77.71915
63.10684
63.49671
90.93029
68.29892
57.49319
76.09676
101.1119
90.38798
88.1461
70.27024
64.72898
56.50297
52.68088
39.3017
59.9171
57.95067
48.50659
56.33046
80.7273
72.29672
97.72686
122.5902
108.1889
112.9562
78.49102
88.01766
116.8827
158.2668
197.7564
193.7171
182.8041
211.1189
180.2943
204.7082
166.7578
169
186.4561
183.9808
215.983
267.0367
267.498
265.8123
246.234
207.7676
179.7154
148.605
145.6285
133.075
129.178
132.5412
152.7544
144.4
135.2065
115.9368
146.5383
174.085
164.6705
184.2668
190.1589
226.9793
215.6365
186.4044
149.3849
166.6728
141.6847
159.2552
155.1312
134.8298
189.9768
141.7861
126.6666
93.34232
77.30646
77.84517
72.91405
68.67483
77.21235
73.29934
85.76542
75.23822
57.89234
82.96952
88.08423
93.34838
94.03506
80.79013
70.24153
103.7207
134.8468
143.3723
135.4043
159.9661
134.4388
93.44578
90.74572
84.72679
93.0133
86.28703
63.70175
55.33313
63.21947
55.33739
42.29967
53.51796
49.28161
64.83587
84.54307
73.85673
73.00067
70.15854
89.43218
70.34886
85.63418
72.57588
79.67899
80.01477
60.55073
69.86808
54.93414
49.3974
47.19185
75.88924
78.63623
69.34197
63.79584
80.47939
98.06738
87.70484
69.83849
76.45013
53.96783
54.86072
56.40246
55.31169
36.82071
35.08633
43.13568
40.92434
49.2439
48.57444
65.05611
79.10319
83.27221
120.0086
147.3872
174.7091
164.0166
148.335
158.6423
164.2318
128.1659
93.55841
63.61614
73.09526
72.38859
63.77649
68.65185
75.2789
101.392
100.9579
123.8892
129.9692
142.328
157.1376
143.5146
158.3377
123.7441
162.7859
149.6572
160.7371
167.3099
190.3207
164.6762
174.6748
125.5352
137.3303
133.3866
171.9991
182.1557
242.697
175.3277
142.6974
81.08491
64.20899
44.0028
44.35782
38.48715
32.55263
33.42764
57.50463
58.91619
65.23689
70.5807
74.42558
88.17066
69.00309
79.06704
73.44916
82.0606
71.03945
68.97426
87.8312
83.48077
88.86446
