91.82239
101.4693
88.4148
76.99857
20.22307
13.52193
13.05866
12.74837
12.53926
12.15698
12.73287
12.88324
13.13402
12.43494
11.90066
11.84972
14.06432
12.15236
14.45453
12.45181
13.66084
14.76707
12.82783
12.07661
13.58755
13.24271
12.60131
12.21137
13.75172
11.31679
12.77225
12.6476
11.88928
12.46461
12.50104
12.90051
12.91204
12.77308
12.31265
12.12453
13.98734
13.58984
13.20369
12.30742
12.26217
11.45352
11.64889
12.15279
12.2648
13.24668
12.56123
11.94837
11.00938
13.97904
13.7474
11.52082
12.51504
12.43483
11.61853
12.17208
12.01287
12.81646
12.59154
14.82876
11.91517
13.02264
12.89094
12.65265
12.62951
12.50652
13.80863
12.63759
12.39871
11.45153
12.74915
13.01547
12.31804
11.80373
12.0088
11.88694
11.99444
13.09908
13.07394
12.37795
11.70179
11.89367
12.81888
12.00409
13.16453
12.42376
14.00169
12.77845
14.23311
13.84461
12.18414
12.32215
12.24594
13.5228
12.81856
14.59321
12.61169
11.69154
13.17889
14.3135
13.58745
11.89994
13.23348
12.73079
13.10972
13.74311
12.88326
12.45076
12.77425
13.55881
12.20926
12.83398
12.28741
12.9482
13.98946
12.86365
13.0163
12.49465
12.48127
12.75582
12.28271
12.72948
11.48854
13.94591
12.60929
13.05618
12.26963
14.22644
12.71832
13.31771
12.3132
12.52771
13.68969
12.36524
12.45194
14.05358
14.09776
13.67631
13.0511
13.34728
12.40485
11.10343
11.72865
13.44047
13.33457
11.84673
12.32745
11.81525
12.34638
13.58886
11.99568
13.43235
12.91639
13.00781
13.18212
12.43921
12.45795
12.90387
12.74569
13.65098
13.1147
12.56982
11.98365
14.54226
12.83397
14.36096
12.72697
13.24268
13.08019
12.25565
12.75118
11.5544
12.75316
12.29291
12.92891
12.7156
11.53572
11.62392
12.72009
10.54971
12.7934
11.97205
11.92585
11.60951
11.89444
13.63943
11.53174
12.12719
11.82367
11.8591
11.89327
13.47817
12.22259
11.41868
13.92833
12.69209
11.16913
11.28525
13.69526
14.42319
12.49881
12.09233
11.88266
13.65327
12.31803
11.96028
12.86473
13.78422
11.49736
14.78306
12.74624
12.1463
11.58675
12.17776
12.95119
11.7349
13.17968
13.25781
12.40447
12.29275
12.92429
12.64457
11.96308
13.23773
12.45921
12.9577
13.4486
11.81665
12.73042
12.43157
12.86543
11.44409
13.21766
12.78294
13.63813
12.5494
13.47515
12.63114
13.97347
12.54235
12.88475
13.39014
13.17329
12.31751
13.1027
13.94395
11.70715
12.58523
12.47082
13.49605
12.03919
12.15967
11.86194
12.38997
12.91658
11.09508
13.0024
13.9374
13.45899
12.64493
13.25068
12.73406
13.33153
12.91248
12.08662
13.33554
12.53648
12.60476
13.68808
12.61876
12.03648
12.25533
10.86219
12.19707
13.29588
11.02926
12.74633
12.9557
12.51454
12.54791
12.45663
12.11843
12.83251
12.79624
11.2083
13.17542
12.96053
12.41121
12.60219
12.74546
11.60207
12.47786
13.78318
12.3396
14.01154
12.41822
11.79758
13.16867
11.99529
11.83882
11.85959
13.27952
13.51404
13.65979
12.48514
12.07744
12.16168
12.2301
11.84467
12.686
11.0011
12.13205
13.30136
13.03142
11.68513
12.6394
13.16054
12.08762
12.15891
13.1524
11.50045
12.62244
11.92853
12.92072
12.08788
13.03466
14.60731
12.90573
13.1263
13.79808
12.60855
12.60561
13.17481
11.70552
11.95292
13.84886
11.88738
12.32001
11.90412
13.22136
11.60004
13.10666
12.19042
12.93758
11.92997
12.55584
12.54268
12.02941
12.3068
13.26636
11.5623
13.45164
12.3062
12.03387
12.03296
14.4237
13.31109
11.89378
12.92918
11.34103
13.29899
13.71355
13.72159
12.13612
13.871
12.17907
13.26925
12.35851
12.15216
13.54579
13.0586
12.4961
12.5035
13.68297
13.19557
14.10178
11.59277
12.84726
12.86655
10.77947
12.60806
11.90008
12.24069
13.06408
12.82888
14.05857
12.98284
12.75907
13.01073
13.74773
11.85251
12.05006
12.2029
13.14721
12.29239
12.64532
14.37274
13.41189
12.55994
13.19362
12.93367
12.46476
12.7528
12.5947
13.21707
12.52521
13.67367
12.62235
13.45355
13.05315
13.2675
14.52697
12.54085
12.15724
12.6275
11.77932
13.78498
12.24235
13.25759
13.82155
11.61336
13.26995
13.44237
12.58266
13.45368
13.09049
12.14854
13.44943
12.44425
12.73762
12.4838
11.9758
12.18694
11.84434
14.29758
14.15362
12.13561
12.6091
11.91405
12.15237
12.35546
12.25954
12.94435
12.84872
14.12739
14.6551
13.3898
12.28899
12.96692
12.28269
12.29806
11.87726
13.37193
12.69594
13.28198
13.40725
13.09815
12.20708
12.37323
12.87953
13.01726
12.46553
12.0553
12.78886
11.39232
13.16198
14.08524
14.4802
13.38095
12.6074
13.26503
11.22056
13.01788
13.90871
13.67394
12.45729
11.66361
12.16408
12.33585
12.453
12.97796
12.84371
12.96348
13.09181
12.42112
12.89106
12.30197
13.54276
13.7677
12.76606
12.08171
11.65096
12.83753
12.03967
13.02407
11.92466
