0.1706101
0.07408563
0.1688998
0.0812352
0.1716756
0.1895243
5.331262
0.2899444
0.2394917
0.3595744
0.2385669
0.4467825
0.1573362
0.1925863
0.473177
0.2903381
0.1689179
0.5138699
0.4028828
0.3344826
0.09707807
0.1083825
0.2789232
0.4123021
0.1496015
0.1278525
0.1317222
0.130858
0.1115172
0.1153105
0.1946804
0.1992034
0.1666094
0.131503
0.5657172
0.7126041
1.799737
0.5014327
0.2585158
0.3568539
0.2609539
0.3110814
0.2333383
0.2761267
0.133922
0.3103361
0.1607856
0.3055845
0.2069929
0.1717482
0.1982662
0.1536881
0.1466431
0.1133895
0.1709012
0.8651199
0.2367461
0.1737036
0.1335667
0.2362584
0.5166544
0.3111827
0.1037749
0.1764928
0.4355271
0.3037947
0.2517184
0.1521768
0.1865565
0.1169252
0.2023385
1.362765
0.1163045
0.1024247
0.3085094
0.09420438
0.2164521
0.5475161
0.08638268
0.2507032
0.3469468
0.161673
0.1716487
0.1808497
0.1262449
0.2244927
0.172317
0.230615
0.4007167
0.1015652
0.281813
0.2997647
0.1395257
0.4133494
0.3602512
0.5060171
0.2695086
0.2668182
0.1776895
0.1777591
0.2797988
0.2985765
0.2739035
0.4219944
0.2105917
0.5368789
0.2876525
0.969662
1.075078
0.8015877
0.4267127
0.5277742
0.3008771
0.2028706
0.08072983
0.1659511
0.1700877
0.1428142
0.2806421
0.07548926
0.3435567
0.1885971
0.5001592
0.1197815
0.1521368
0.09984005
0.1322053
0.3405404
0.2040768
0.1872849
0.2173184
0.1118278
0.1276704
0.1402563
0.4043696
0.09008231
0.3498068
0.6964896
0.08811638
0.210816
0.1474023
0.184096
0.2353481
0.1995915
0.1762005
1.220537
0.3186873
0.1112045
0.2418938
0.1622015
0.08926524
0.09284098
0.3317048
0.7059332
0.5295741
0.2118111
0.260284
0.2407268
0.2450646
0.1617348
0.2156841
0.6330507
1.559516
0.9948705
0.3608823
0.1233318
0.9533502
0.1222273
0.5598342
0.3884396
0.2979072
0.4683005
0.07518224
0.8738814
0.6757171
0.605186
0.9357751
0.7974931
0.266401
0.1264747
0.2579163
0.2715653
0.2749018
0.1895496
0.1327172
0.09824423
0.1327272
0.07758423
0.07424217
1.465816
0.1766915
0.3632289
0.3332158
0.2010066
0.4095784
0.3207743
0.3313507
0.1328967
0.4277771
1.803804
0.6310771
0.6538088
0.5625144
1.016687
1.221262
0.1054579
0.2366119
0.1618943
1.98741
0.2061508
0.2624522
0.2397382
0.1664307
0.2902328
0.3370829
0.1858175
0.1592814
0.6072415
0.2648796
0.3108462
0.3476963
0.7844133
0.1612665
0.4460741
0.4079833
0.2416427
1.092519
0.29544
0.2397929
0.1809084
0.1010874
0.2156031
0.3211798
0.3234674
0.1571179
0.1587923
0.2223577
0.07825123
0.1221562
0.5011668
0.4870798
0.4268715
0.1973374
0.1659867
0.1504418
0.279354
0.6086677
0.2912154
0.6522265
0.2062283
0.217222
0.23118
0.1074449
0.3111805
0.4016007
0.1660406
0.3253684
0.7746871
0.8172811
0.1834558
0.4745807
0.2320305
0.2362321
0.2017738
0.1642435
0.4266612
0.3501498
1.28986
0.2723548
0.4177091
0.1197664
0.09763868
0.2714329
0.1591621
0.09461175
0.5795726
0.2017374
0.4119001
0.1333268
0.1692289
0.2414461
0.296515
0.2273107
0.09092726
0.09926262
0.3236266
0.2435222
0.3112543
0.2927843
0.2638934
0.1164492
0.1159161
0.2683023
0.1428261
0.2494469
0.2338473
0.1123798
0.1134302
0.330666
0.6587442
0.1453702
0.5779393
0.3122841
0.2158177
0.854452
0.5618376
0.1427978
0.1434789
0.394253
0.1101599
0.06978246
0.4483513
0.2028205
0.9115048
0.2677133
0.1566789
0.3001962
0.1766467
0.7646154
0.2042534
0.1905227
0.1696752
0.6638181
0.2002009
0.298152
0.4717379
0.08650582
0.3383704
0.7112305
0.7677741
0.5807155
0.2586621
0.06838612
0.5191056
0.4364942
0.6487885
0.321811
0.2402899
0.2697951
0.1637817
0.09949466
0.08616484
0.1057532
0.09935568
0.1176518
0.45989
0.2787774
0.533712
0.1622544
0.1816881
0.2128559
0.1675188
0.3155396
0.5132271
2.19534
0.2370778
0.2984291
0.2787506
0.2323761
0.09578918
0.1325029
0.2926592
0.6200682
0.1047634
0.3134472
0.6220194
0.1063161
0.1943009
0.2741331
0.05252228
0.1516539
0.476981
1.13867
0.13009
0.1892754
0.3605701
0.4255763
1.883691
0.2409972
2.600303
1.108438
0.3083567
0.2619117
0.1249318
0.3365455
0.1491381
0.4153317
0.1472703
0.08799978
0.2917674
0.1235786
0.1367653
0.356878
0.323263
0.1628897
0.3854528
1.073853
0.4816359
1.041516
0.2134245
0.2147554
0.8473355
0.1576122
0.2791405
0.1730628
0.178835
0.3178232
0.104888
0.1446596
0.1615956
0.1519429
0.1950833
0.2706483
0.1879235
0.4214925
0.191094
0.08595232
0.1046396
0.2617748
0.2728772
0.3589939
0.6479354
0.304657
0.1796467
0.371292
0.08924117
0.4447382
0.7330975
0.6770061
0.8045575
0.6564986
0.1829372
0.3156695
0.1663385
0.1549373
0.1112607
0.1039332
0.5739413
0.3472603
0.2685975
0.2611881
0.08960073
0.4078379
0.178589
0.4557661
0.1079479
0.2748086
0.2569766
0.276933
0.2990486
0.1195755
0.5062436
0.2905346
0.1212258
0.1232992
0.1314998
0.1886013
0.1412327
0.2195523
0.289528
0.2387618
0.205863
0.3009349
0.3169285
0.1054124
0.2832085
0.1871596
0.5290104
0.2804513
0.1553035
0.4673988
0.5614348
0.1318479
0.5591687
0.7900342
0.4778145
0.1308782
0.08589822
0.5193381
0.5901914
0.1211068
0.08533267
0.08258336
0.2561822
0.5001758
0.418654
0.1653917
0.212163
0.1797707
0.3608237
0.9061213
0.1901494
0.28517
0.04815599
0.4928988
0.2089359
0.5339702
0.6923391
0.1855167
0.1777461
