37.97434
22.20478
28.40033
37.71196
37.48026
37.70824
37.36885
47.36829
40.88244
42.76083
33.37181
29.09975
33.77219
33.32664
26.94235
25.33019
24.00851
26.32293
37.42884
44.23722
47.03741
42.02803
54.30272
50.96659
60.82622
31.03855
32.58553
27.43217
33.59336
27.51991
30.34512
30.64159
35.31275
20.02701
18.76286
17.47314
22.92545
19.6377
15.89866
16.07383
16.56416
12.92785
17.11788
21.52722
21.34094
23.02311
45.67096
40.93932
26.17321
28.88124
24.65537
33.6449
31.34425
31.83149
25.13821
30.95338
30.92894
30.15321
25.65404
20.58188
27.08844
37.83588
25.96471
24.16662
18.83147
18.31713
15.99294
16.46285
19.15364
11.12195
6.814812
10.09413
14.28413
10.96152
15.35828
20.3738
20.02789
14.26878
25.58957
25.48861
20.95563
22.08598
18.49608
18.96315
17.52785
18.93687
26.84567
24.83162
27.16472
18.1952
14.71964
13.9764
16.80246
25.7978
31.21613
21.43184
25.52917
30.35299
19.22811
17.34825
21.90474
28.61289
34.21858
24.15828
20.00501
22.3824
20.85904
20.30298
27.44228
30.40311
20.98016
14.6568
20.44
14.17648
10.70493
8.820205
11.07334
12.35602
14.23049
13.89077
16.67623
16.48953
14.72484
20.2713
15.40579
19.874
18.77632
17.8373
16.11784
13.5483
20.0384
19.68208
24.91169
26.43627
19.45831
25.89893
18.76596
16.32464
16.65706
13.00291
11.64485
13.41461
14.45788
15.94803
15.65169
13.87964
9.249537
12.59654
12.79173
11.59222
13.88914
17.11715
13.65936
13.03391
9.091314
13.23918
12.3604
17.6782
16.90992
17.3839
18.14869
17.23807
15.10575
18.19065
21.22007
19.9656
24.14612
24.73087
23.40334
28.0456
28.55576
26.87754
35.1686
22.59905
24.77582
15.82939
11.66051
14.40632
12.70363
16.0843
18.33518
18.16002
21.84146
20.52727
21.95025
17.19612
16.10198
13.08319
16.1208
12.87211
14.51013
14.70976
14.24606
14.92651
22.03109
20.36831
21.90563
17.44837
14.90541
14.62214
19.23156
17.298
25.72981
16.71805
19.98322
12.78692
14.40107
17.95295
21.53758
21.4025
20.91004
19.78208
21.10228
25.20138
37.18412
18.56859
18.5655
26.18841
22.32137
25.71702
20.10627
10.90626
8.933785
13.10667
10.73443
13.71536
16.82432
22.152
21.81797
15.57981
18.1285
19.26159
16.70855
12.22235
16.29178
17.49815
14.43232
11.2369
14.04807
10.48178
9.3023
14.00593
21.67389
20.44796
33.46862
24.4629
22.80426
15.18964
12.40829
10.29017
14.33939
17.77922
30.37532
17.46713
16.53192
12.10613
10.22974
14.02706
12.17714
14.83029
17.81455
16.52849
17.01196
22.06385
21.71679
19.64967
22.91883
24.23203
25.15249
19.02915
19.13284
26.76921
17.80455
18.4893
15.11358
17.37814
21.17958
18.04608
24.03409
26.96634
26.79033
24.53081
19.46099
23.4881
25.58001
35.04204
29.45763
27.77769
48.32963
34.49573
36.11286
21.5265
25.36684
22.66618
23.10737
16.77504
12.93488
11.91508
9.208459
16.61796
17.41183
17.92151
20.78551
20.25225
15.26182
17.59906
20.19776
22.25821
28.0075
24.50484
27.31029
20.52225
15.08474
16.50591
15.87244
16.62163
22.05139
22.6776
39.03603
39.97555
25.98348
22.9534
22.25094
28.68903
17.85441
26.26616
22.79563
30.82533
27.29897
23.6932
20.48425
17.35734
19.33032
18.1374
19.42576
26.34653
25.45944
21.8477
22.22824
21.06674
23.33847
18.07079
20.41172
12.45338
14.0111
13.32
13.32237
19.45821
15.69676
14.0946
13.05092
12.23382
12.11703
8.50334
14.41151
11.37509
10.0211
12.61784
13.29193
16.99857
22.37548
26.61059
18.31508
20.50161
23.46961
17.69606
29.14893
30.32401
40.11555
24.09228
12.94019
10.96848
11.97544
9.477842
11.35187
9.531105
9.109404
11.46893
8.513205
8.5468
10.41439
10.90854
13.49572
12.60986
11.78696
13.69621
22.44468
14.40077
14.42101
21.37698
23.3393
37.64661
32.8548
35.40132
30.49937
26.21556
23.16257
19.14369
22.11551
16.07654
17.55103
17.40316
16.91913
20.29751
19.03849
16.57216
17.69617
18.34543
12.60174
15.77941
13.96191
23.37352
20.69298
12.50604
12.77119
17.44205
16.28419
21.75035
25.3416
21.65174
15.96486
11.9928
10.1223
11.25574
12.45893
22.02571
29.00591
24.74646
21.93566
20.22745
16.84613
14.83696
26.46003
26.14329
22.72767
25.41998
23.77579
25.15374
24.21048
35.22015
43.255
23.459
24.79702
27.13487
23.85764
23.28701
22.0943
21.26655
20.92626
19.98633
15.67684
24.19016
20.95692
21.98471
26.39127
13.35725
10.24063
21.42756
21.29029
18.52439
15.84543
13.36753
14.35865
21.50761
29.36847
38.83439
30.73586
36.33291
29.37873
28.73932
23.69708
15.94582
14.81219
14.54606
14.77713
16.48168
14.06708
17.66148
29.46513
36.79896
23.21751
18.5417
26.58566
24.58575
31.42501
26.9904
24.61019
20.70952
16.58653
14.3814
13.36827
14.78901
13.76064
19.15028
17.47701
16.22586
20.00518
11.70269
13.4935
12.53822
