2913.664
1208.518
563.5556
1090.774
547.5623
949.2814
1811.897
1251.562
1586.587
3294.046
1767.671
1505.995
1220.613
987.1624
1070.508
1112.444
911.2465
1551.543
1097.484
1875.619
2354.293
1540.724
2574.494
2208.335
732.9299
2388.766
796.334
840.3389
1475.854
764.735
2640.156
2090.595
636.8258
3453.309
608.5217
2160.744
882.5717
1842.541
1201.982
907.9357
1679.266
2416.92
933.7819
842.5039
1319.029
985.9363
789.6818
1503.682
725.9915
1452.373
979.2784
694.1995
501.4007
581.2387
1426.559
2692.447
543.3723
941.1491
2930.162
856.0065
1394.895
1984.067
686.74
1946.204
546.1039
1792.142
1589.653
1684.679
2726.326
1358.391
1078.09
3561.809
657.8948
1286.406
1189.993
1090.839
975.3703
883.1708
1058.327
1223.536
1614.232
1308.72
752.5208
1831.698
852.2558
1731.671
1703.811
6026.196
1186.344
1606.648
936.9406
798.1079
1067.859
795.531
790.1412
567.3912
929.8679
1126.969
3075.977
2163.821
1619.162
777.7989
1999.985
785.4383
722.4449
1679.666
888.355
1307.491
825.0017
3034.43
2252.785
1661.551
998.2133
664.7132
1142.286
785.0444
1284.805
1263.495
785.9849
842.765
1769.162
966.0944
1017.971
1426.308
872.2357
2278.417
906.0166
1827.457
1093.728
1044.499
1572.32
3012.1
2570.313
952.0266
1445.756
2118.703
3140.453
960.9104
1465.769
466.9152
954.6603
2146.501
1187.934
808.5192
1101.949
3882.304
1764.071
1747.43
2178.069
1364.779
1915.516
1354.089
922.6562
761.2207
546.9195
1385.496
2304.29
1687.153
750.4452
998.8628
1692.442
1755.08
2551.116
1221.114
1463.682
2939.187
1680.331
645.6426
1525.245
2614.739
1058.853
2430.378
2239.604
1104.077
1095.447
2053.862
1355.844
952.938
2082.04
3493.65
1850.861
1567.864
2082.412
1680.838
1062.869
1874.467
799.4682
878.5422
1322.732
2877.007
1806.697
1032.146
2600.081
1628.063
1996.236
1697.269
3115.798
3313.737
3288.412
1211.301
2338.506
901.5013
2566.283
852.4037
5349.712
1594.13
1544.193
920.4436
765.0046
1031.254
2796.493
650.1232
1779.47
1377.664
1308.656
1020.023
1207.796
2149.485
1880.715
1861.122
1547.359
1330.496
1010.723
1177.478
2125.322
2002.554
1468.497
1085.412
769.4995
1831.155
1127.576
950.7076
1011.955
878.4007
4741.982
2423.959
1035.164
902.3738
888.3665
2336.764
804.6712
3462.278
1076.196
1438.099
1410.498
1673.829
1119.333
2887.258
1079.343
1014.295
2253.516
955.3185
3324.131
1025.955
1025.029
2581.495
1620.928
1832.463
1778.627
1499.847
2288.742
2575.83
1084.565
2601.325
1193.711
2462.03
1122.112
450.2816
938.752
1573.319
675.8695
1402.521
614.3669
1705.919
871.9639
4822.683
4056.689
1310.057
571.1485
1045.947
1765.731
1243.905
1251.044
1074.927
534.4543
1205.528
2327.11
1345.119
760.7702
1137.359
2920.254
1068.511
5328.263
696.2172
677.384
1588.374
760.2578
1285.87
938.4337
1362.948
1023.868
457.8623
1436.06
1281.323
1022.979
772.4788
2894.802
961.5269
554.2311
1894.115
1562.433
2775.683
1490.587
928.8729
2727.659
971.5497
853.8444
1894.08
374.3486
723.3583
1784.763
590.2117
696.2934
1349.608
1486.038
2423.584
2048.527
1394.218
2011.21
591.6886
932.0543
1386.377
1549.531
916.4915
927.1175
1198.171
625.7708
3565.884
1020.111
830.4767
1019.337
1096.407
754.7739
721.6331
1408.428
1325.349
907.6706
1075.483
1077.686
981.8408
1310.845
1005.986
1736.946
2223.824
4463.211
514.8213
970.9924
1435.842
1328.374
967.2241
864.7593
529.1444
720.0049
975.6837
842.108
1249.29
1786.341
1426.426
862.7903
1583.229
515.8856
1220.535
827.3762
712.2079
862.4927
922.498
1802.797
1051.74
715.7386
2440.917
1301.358
1208.378
868.4573
1371.44
356.0784
1120.399
536.6442
1413.109
2028.735
1668.667
1235.117
2010.102
2501.582
1384.347
1148.938
946.2421
1021.136
843.2575
911.3622
2995.285
1534.283
564.0882
1763.804
1024.527
2458.639
949.4543
1312.719
1125.223
931.9322
3278.469
4034.569
2037.069
769.9252
2521.067
1496.225
1762.429
843.4087
1324.501
536.7779
1912.955
696.3127
2510.926
1082.59
1054.493
1303.409
1132.15
900.2756
1817.047
820.1182
1287.085
1634.142
575.4236
718.7749
3568.893
1008.521
1031.64
1410.648
1223.236
876.8168
663.6143
1661.33
3212.605
1633.711
1509.976
535.5981
2770.421
804.6751
524.5274
936.5109
1129.018
1299.672
1044.204
3063.09
913.0401
841.9469
802.2223
1784.244
722.9579
1960.354
1188.695
505.4277
1464.825
1106.433
325.0039
611.9312
1171.373
3741.45
826.4248
1058.362
721.4598
516.7699
840.3026
1222.502
2242.011
978.7891
989.7351
389.6684
1280.596
5247.291
1577.237
1001.93
1081.638
916.0387
653.8484
3073.799
1887.881
837.7808
696.9782
452.4705
1328.471
927.3218
859.2705
1827.878
952.8494
3442.796
1593.601
3178.469
1171.054
786.6782
677.5386
