85.78382
84.82443
85.48127
86.01531
85.87863
84.35507
83.08195
82.16919
82.1459
82.73894
83.1057
82.14345
83.05862
84.15223
84.82921
83.99924
82.82349
82.44974
82.14918
82.2014
83.79085
80.71641
79.24239
79.73613
80.8982
80.75755
80.87367
81.89912
82.74485
82.70582
83.85502
83.83958
84.97809
86.79734
86.18689
86.1964
85.6525
86.71631
86.97163
88.69522
89.49334
91.01238
92.31263
93.0805
93.81505
94.11719
94.23127
94.20573
93.81447
91.79802
92.23697
92.15991
92.08171
91.4766
90.25365
91.41304
91.90748
89.55946
89.13131
88.4419
87.59625
87.14938
87.69437
86.34439
86.09537
84.7473
84.21011
83.48061
83.64599
83.64713
84.37292
85.046
85.49249
85.64362
84.47093
84.26771
84.92645
84.09329
85.61877
84.20412
84.25824
86.69179
83.00213
83.76458
84.42369
83.69271
84.18612
83.26297
83.86549
82.046
81.82834
80.85865
81.11734
79.96407
79.70492
80.90737
79.80925
79.03213
79.68034
78.86813
78.89996
79.70703
77.76232
77.51116
76.74987
75.75634
76.11607
76.65882
76.12126
75.27979
74.05348
74.66179
73.92024
73.94343
75.55047
75.88048
76.76325
75.46693
74.53456
73.88941
73.479
73.8121
75.21037
74.9663
74.32944
74.3197
73.95428
72.84016
72.90217
72.18174
71.6954
71.32212
72.6166
72.62714
72.7375
72.20382
71.94951
71.55675
72.823
71.24672
72.56136
72.44385
74.20413
74.41663
73.88564
73.09352
73.44523
73.24676
72.08103
71.34443
72.87095
73.1989
72.05977
72.3613
72.49397
73.04183
72.46893
70.58649
71.5682
71.09315
71.84983
72.929
73.91165
73.99687
72.52031
71.9473
71.82956
73.70912
72.50822
71.35887
72.54288
72.29194
74.2607
73.20461
70.95846
72.78155
72.18367
71.63023
71.78468
70.63823
70.20165
70.58487
69.87202
70.1501
69.87731
69.89275
69.78762
69.68478
68.0083
67.8278
68.47999
65.90769
66.67157
66.09647
67.67848
69.76689
68.81832
68.17082
65.77413
65.54784
66.25216
67.00538
68.63227
67.50277
67.52717
67.50838
65.48386
65.27807
65.058
66.25995
66.14156
65.14364
66.13684
66.53626
65.77984
66.63578
65.12651
65.13157
66.80146
66.23296
65.62221
64.16502
64.92208
65.99682
65.73971
66.19518
66.60967
66.97287
67.44522
66.49441
65.90982
66.21197
66.19871
67.40434
68.52118
68.18583
68.08272
67.26229
67.79992
67.99137
67.19657
67.16969
67.78096
66.52511
67.64
66.24133
67.87558
68.84203
68.81128
69.15093
68.25649
67.99695
68.15013
68.14582
68.17058
67.67922
66.0234
64.60955
64.40478
63.49598
62.62539
62.36115
61.83397
61.43595
60.42716
61.56581
61.87327
61.52534
62.95752
62.38657
61.32111
59.8236
59.60038
61.571
63.00418
64.37546
64.8432
63.76483
65.03357
65.52952
65.2737
65.33332
65.78343
67.81403
69.27865
69.51764
68.85625
69.36399
69.36632
71.20873
72.54652
71.72937
73.09862
72.06924
70.87387
72.25958
73.06292
74.69418
73.53526
72.42825
73.21077
74.57832
74.61708
75.41376
75.9791
75.45573
76.59108
74.90459
74.20893
75.73508
75.28505
74.86628
76.04021
75.01773
76.35583
74.8362
74.12708
74.07254
74.47558
73.967
73.17754
73.87107
72.43394
72.13176
72.40291
71.737
69.63567
70.09394
68.99506
68.99378
69.2157
69.60107
69.76385
69.93968
71.23634
70.75225
69.08203
68.82208
70.39894
70.65218
72.79136
71.98255
70.4583
70.37501
68.81927
68.24866
67.14756
68.43371
69.24225
68.5101
68.97911
70.01912
70.3665
70.9963
71.99548
72.84913
71.28372
71.91892
72.74601
72.40152
72.43151
71.5273
71.90568
71.42299
71.81495
71.02205
70.91643
69.1304
71.36896
72.54631
72.17918
70.0038
70.03912
69.85722
69.95797
71.51381
69.53013
70.54727
70.47635
70.99911
71.21845
68.81984
69.46561
68.24613
67.44362
67.70518
67.55801
67.00163
66.15803
66.46526
66.16954
66.39768
65.91383
67.24148
66.67913
67.62644
67.03926
67.30701
66.23458
65.63448
66.30527
66.09234
65.89225
66.79951
67.01339
67.10801
67.95776
68.13578
68.35305
69.79443
69.74189
69.75846
68.69301
70.55401
69.52251
67.37583
67.32872
65.45072
65.44372
65.71382
65.93391
66.40318
67.13909
68.11605
69.90364
70.93309
70.10139
68.99751
70.51419
71.96041
73.02289
72.88491
74.61303
72.24212
73.23254
72.9091
73.58063
75.23263
74.86704
77.06631
76.86223
77.73972
78.16382
77.50269
78.41471
76.70683
75.53117
75.98002
75.77718
75.5128
77.98205
78.40083
79.39488
79.53423
80.41346
80.99725
79.41737
79.71915
80.44054
81.06836
80.91058
79.92714
79.80007
79.93556
79.97786
78.68468
78.01768
78.00426
79.59027
80.5787
79.39617
79.27716
79.25308
79.4063
79.21095
79.71122
81.03105
80.56611
80.37287
79.59941
78.665
77.19697
78.12515
78.18069
79.40295
80.69241
79.89752
79.0001
80.26632
79.68046
80.11875
79.95981
78.91407
75.52861
75.73514
76.00039
75.76471
76.8138
77.79954
77.99933
