0.3322304
0.4184591
0.2309383
0.4619842
0.2292302
0.1861292
0.4098317
0.7640429
0.5813703
0.4911393
0.2333979
0.4808073
0.5894413
0.1744432
1.827478
0.5391804
0.7308148
0.4544281
0.7537498
1.72146
0.6535246
0.1661004
0.4426533
0.3426171
0.4131833
0.1083495
0.5524849
0.7171389
0.2268342
0.3045268
0.3413788
1.060662
0.1500078
0.2981746
0.9350662
1.204065
0.3404052
0.6578182
0.2298362
0.6904702
0.246493
0.8605438
0.3515534
0.2665586
0.2479184
0.1417846
0.2557665
0.4929105
0.4383652
0.2567501
0.5012529
0.3715739
0.1384611
0.2189009
0.2862097
0.2326122
0.2344561
0.6500697
0.07211428
1.056091
0.5552295
0.2554725
0.2507048
0.1274933
0.08734334
0.6047311
0.1855597
0.2289624
0.2255546
0.5034224
0.6950711
0.4289335
0.6363608
0.283182
0.3133559
0.1691535
0.7333948
0.8443861
0.1922609
0.3200812
1.383152
0.4158468
0.9928231
1.709103
0.149923
0.2771261
0.2311973
0.3527996
0.1512749
0.3615368
0.3762956
0.8156129
0.1441172
0.226094
0.2221792
0.8599971
0.2538073
0.3037294
0.2888159
0.3226981
0.8694966
0.8131654
0.2763018
0.09951197
0.3622446
0.8135676
0.68411
0.2136767
0.6464816
0.3521842
0.2566006
0.1682944
0.1813883
0.3446926
0.4722497
0.1658665
0.5532508
0.3333377
0.8116634
0.5331864
0.2301482
1.070201
0.5221726
1.610314
1.73901
0.3016854
0.216152
0.274358
0.7713135
0.6670265
0.2044475
0.2318276
0.4092527
0.6341466
0.3797453
0.2744433
0.9580882
0.1521656
0.2582987
0.293144
0.4088036
0.1886991
0.1701086
0.5877206
0.1886185
0.5157535
0.3212941
0.619783
0.3348588
2.157686
0.4813598
0.4661797
0.2278261
0.3358374
0.5797577
1.195245
0.7652898
1.300506
0.6252577
0.2757601
0.2986538
0.4786807
0.1430686
0.7164227
0.3458592
0.3620056
0.1304683
0.9440511
0.4261697
0.5572039
0.3273378
0.111633
0.3155018
0.1695733
0.4744765
0.33606
0.2115022
0.2324983
0.2422647
0.2427434
0.1858374
0.4656282
0.4004212
0.611741
0.2204078
1.165686
0.2700333
0.5117211
0.1389313
0.340307
0.2727839
0.5707306
0.3463397
0.5384007
0.1761915
0.2010426
0.4209007
0.5516222
0.2160399
0.1384593
0.2412964
0.5040438
0.1366739
0.2992417
0.5020833
0.8140937
0.3514018
3.298879
0.8409982
0.6133543
0.5996959
0.1780887
0.1434041
0.4489958
0.25659
0.2015961
0.4214638
0.1263947
0.4047366
0.816901
0.2209711
0.1395858
0.4278846
0.3690396
2.128607
0.4539542
0.1085867
0.2622887
0.08694832
0.3582577
0.4825452
0.6219894
0.1220943
0.4524749
0.6449214
0.6764645
0.8411944
0.4229224
0.692812
0.8020268
0.5901728
0.1323279
0.3081434
0.2810005
0.2701073
0.3742201
0.7504596
0.2732465
1.93006
2.059248
1.47217
1.654925
1.562114
1.407483
1.343381
1.384932
0.2497916
1.143883
0.7497755
1.124931
1.384248
1.31305
0.3583221
0.3904457
0.6927748
0.3453911
0.6738622
0.5436082
1.711204
1.691705
0.7675442
0.2251212
0.3968512
0.2228632
0.1495498
0.3476037
0.09544583
0.1788144
0.3414528
0.2038587
0.4216824
0.3004282
0.08367036
3.953393
0.1974258
0.4010633
0.4962916
1.05857
1.080661
0.6819132
0.5065631
0.1305281
0.2127405
0.2204815
1.096998
0.2568874
0.4515963
0.7859068
1.066459
1.037667
0.561661
0.2802867
0.209882
0.1451715
0.4084546
0.3275279
0.5366053
1.19064
0.2182369
0.4746056
0.203363
0.2599718
0.3138785
0.1184552
0.1505028
0.2832521
2.83829
0.5789286
0.2457153
0.2339312
0.9708032
0.6734738
0.4470616
3.420108
0.3073313
0.4132532
0.3446559
1.341755
0.3381201
0.09800107
0.1363098
0.2878565
0.1863446
0.9076716
0.7688316
0.3162198
0.254721
0.3446093
0.5220617
1.381694
0.3229878
0.4932928
0.7321486
0.398525
0.5438603
0.3649947
0.4799375
0.386905
0.2859712
0.4621639
1.012249
0.3702319
0.08527028
2.373503
0.9721397
0.7446544
0.2556639
0.3130478
1.350216
0.4239838
0.1936471
0.6200379
0.2319762
0.1431169
0.1836248
0.1858603
1.851308
0.3910538
1.073853
0.1650057
0.1870135
0.2867693
1.096757
0.5360548
0.4279253
0.2485879
0.2614045
0.1537061
0.5739571
3.982367
0.3126546
0.3516346
0.4579021
0.1003515
0.4124205
0.9885055
0.6058284
0.2917704
0.6043239
0.2805429
0.1957792
0.5022428
0.4073713
0.3799679
0.6939359
0.2423663
0.5730915
0.7170961
0.3180743
1.144345
1.464327
0.7582896
0.7492212
0.4009332
0.2107828
0.1374424
0.7115342
0.3012006
0.2195485
0.256486
1.26108
0.3157663
0.3669875
0.1715565
0.1968344
0.3815059
0.3019602
0.505207
0.3302449
0.1832117
0.1783736
1.201818
0.3505646
0.1546785
1.465381
0.193359
0.3573519
0.1855384
1.013354
0.1533777
0.394312
0.5276063
0.2769382
0.2427077
0.3038022
0.544324
1.17816
0.4440609
0.5910622
0.1943394
0.2389129
0.3737245
0.4507323
0.6075135
0.9860491
0.9845804
4.225398
0.8452613
0.5331299
3.401773
0.6575466
0.1818335
0.2581571
0.1325867
0.8159329
1.093717
0.2974179
0.4318913
0.3190183
0.1926089
0.1880925
0.7188548
0.183602
0.2668987
1.039352
0.6993832
0.20468
0.1689631
0.2109884
0.2148707
0.3430803
0.1195733
0.4428646
0.9853813
0.565724
0.1517496
0.4911665
0.2658466
0.2303681
0.4394826
0.2947222
0.3227776
0.1305285
0.7928528
0.214815
0.3185279
0.1544012
0.4649383
0.2117778
0.9073683
0.7877462
0.4316814
0.3318766
0.1574382
0.4370123
0.1650747
0.2485495
0.3010987
0.2955893
0.6292159
