86.95032
85.84537
84.36887
86.12108
85.37672
81.67929
83.29816
83.12743
80.76435
80.59461
79.8161
82.49106
82.81112
83.35204
86.36251
86.24696
83.90773
84.47946
83.46545
85.021
80.90237
78.61388
82.54996
83.10837
82.80675
80.35104
84.38465
88.43968
86.71208
82.57607
85.38289
83.33583
83.2183
84.2428
85.11391
80.83062
79.01417
72.68814
73.39732
74.97911
76.47488
74.86229
73.71848
70.68087
67.81683
72.22022
69.78221
67.7325
68.9091
62.3885
66.18565
67.28401
72.49653
75.27852
76.27758
71.74135
70.69126
71.13943
72.46621
71.63514
71.79523
70.71813
69.27247
75.07755
79.54305
80.39672
83.74888
85.70136
87.52313
93.64096
89.7593
86.77054
84.5905
86.9248
83.37518
82.86172
83.20663
84.098
81.81381
80.01188
81.33618
81.177
81.65748
79.60576
79.48643
79.00046
79.06782
83.77247
89.25501
89.41333
91.28247
92.29902
90.30903
90.99055
94.14449
95.28265
97.53414
93.66634
92.95311
92.65879
95.91443
97.29895
96.52622
96.78107
92.74791
95.99424
96.64632
95.49663
100.3877
101.7729
100.6519
102.3502
99.45181
101.2703
100.0747
101.4049
100.2404
109.8989
105.4676
105.6253
104.2414
102.0162
102.4879
103.6174
101.9677
103.3287
103.5601
102.2107
103.0255
99.53673
98.21007
98.57922
97.13041
97.11515
96.45958
98.06559
98.92907
98.4362
97.69749
99.58021
99.9119
99.33731
101.4181
101.0981
100.6776
100.8645
102.3639
101.6661
100.9518
99.65767
99.31032
98.95718
98.75492
98.08462
96.99925
95.66021
96.13424
97.66992
95.24962
95.25848
94.39775
94.74785
94.01482
93.25197
94.18895
94.92853
91.86635
92.18532
93.29911
92.44321
92.04848
91.5855
91.4472
90.67553
92.32514
91.98491
91.46978
91.47896
90.04441
88.89436
90.12342
90.89868
91.13822
92.07791
91.50217
90.25386
91.299
91.59153
91.26621
90.78139
89.05766
89.33331
91.49675
92.91965
92.45005
93.15087
93.23712
94.09556
93.49852
93.25063
94.57264
95.22322
94.16738
92.16837
92.26954
90.47064
91.25133
90.88255
92.16039
89.98767
88.65384
87.50952
88.85576
88.64778
87.02415
84.72203
86.03849
85.8755
86.97904
89.02068
90.00378
91.01377
90.99047
92.21747
90.02614
92.00821
90.93071
89.9836
88.22852
88.23064
88.31532
89.74132
89.08463
89.1568
86.92567
86.36611
85.73871
85.29597
82.84179
83.43871
83.42218
84.87424
85.88849
84.84872
83.67471
85.66235
86.95812
87.71885
88.63953
90.09243
91.26839
92.08795
91.56527
91.43736
89.9463
89.13024
90.0967
90.80994
91.83437
92.83008
92.31508
92.29241
92.85183
94.22139
93.74361
93.9605
93.28567
93.32169
92.8165
94.52433
94.37454
92.38578
91.54466
90.99954
89.81392
90.99812
91.88856
91.14746
91.88881
93.90447
92.07564
92.39778
91.06809
91.21696
93.08916
92.37045
93.29018
95.54683
96.1911
97.80195
96.12199
97.1343
96.7846
96.61154
96.28053
95.52373
96.06162
96.91221
97.39314
96.39035
96.02873
96.4006
97.79026
96.98434
95.61274
91.96707
91.96025
91.44556
93.64739
92.3555
91.83878
92.83693
93.16361
93.53113
94.59589
94.1489
95.59068
93.96937
93.14301
94.01272
95.25719
95.11523
95.13914
95.35226
95.93791
93.57467
92.33506
91.75556
91.216
91.51674
92.8982
92.19408
91.92509
94.12953
93.77989
95.46899
95.1909
96.8654
96.95331
96.38996
95.41979
95.21393
95.34278
94.34291
94.7652
95.08644
93.78106
93.44208
94.62912
95.90767
95.55859
95.23667
96.0192
94.66793
94.10888
93.59681
93.14372
92.65582
91.97456
93.64896
93.12212
95.12827
95.21
94.66039
93.81859
94.74249
93.6219
93.73827
93.251
92.20807
91.67342
92.9267
92.31788
91.43603
90.25165
92.08626
90.10854
89.87734
91.37814
92.42667
92.9694
93.11045
94.2234
94.7984
94.36517
96.51497
97.60517
97.03757
95.81596
95.76991
96.66295
95.20795
97.25492
96.54242
94.69032
96.74564
96.40668
97.41554
97.41106
98.48508
96.60945
96.46378
98.00325
97.92877
97.87354
96.52426
96.93764
95.98399
95.89409
96.2349
95.13328
96.38499
96.75872
96.44274
97.83976
98.66336
99.71606
98.14465
99.21459
100.2407
101.1529
99.55389
97.70525
97.21038
97.71373
96.92737
98.32008
97.53425
98.59984
97.96088
99.01848
99.72681
99.57084
100.0279
102.546
103.2889
103.0266
104.6457
105.2078
105.9008
104.7095
103.4128
103.8778
104.3341
101.7697
100.8543
100.897
102.2264
100.7451
99.56568
99.91894
99.85899
99.73565
98.79151
98.56557
97.70642
97.24958
97.38772
96.86954
97.53643
96.56101
98.45922
99.917
99.46323
100.5283
100.0601
97.92879
95.97887
96.00451
92.79685
91.33725
91.31973
92.61468
92.10206
93.13852
92.03267
92.21323
92.78878
92.15583
88.71507
88.14341
90.56092
89.85076
89.7852
89.3047
91.10027
89.80346
89.28767
89.11078
88.14706
89.01585
90.45798
91.01361
90.68183
92.08483
92.35936
91.58254
92.09591
91.9647
91.40039
