34.55375
30.10967
41.27248
44.56976
51.13608
70.25686
81.31264
70.42637
71.512
70.14334
63.36727
45.46538
50.01678
49.54014
46.99584
47.93105
43.21292
29.4907
45.7012
31.86042
22.64618
28.71563
27.69002
27.11698
31.86561
32.19335
35.62191
41.11375
42.83792
32.07035
33.52571
28.53074
25.19604
28.77905
20.0022
19.0421
20.65681
28.55001
21.56091
17.00943
25.128
28.59363
35.84038
39.91537
39.24191
45.18319
46.31639
35.78327
33.42927
34.93865
30.61534
31.4477
29.6235
25.93661
33.15448
32.20493
38.53277
34.73775
31.32056
31.37572
33.91051
38.39917
36.36788
36.59729
38.25412
31.76551
34.83802
36.72262
38.48664
40.25802
34.63893
33.13848
34.28128
27.16521
34.41946
37.59266
50.06098
40.35356
40.58752
46.63112
35.84684
35.58491
28.59089
33.13279
27.93544
29.727
31.30853
32.59138
30.78501
31.09086
31.68503
33.88012
30.81933
34.23458
30.93214
38.32443
32.86171
34.13722
34.94592
41.40123
38.55628
33.01286
31.26121
42.4126
47.78172
46.30594
33.87047
39.20022
23.85719
20.60729
25.02145
23.57632
30.94292
32.31036
34.8289
35.74329
36.25364
32.15914
30.78867
38.29231
28.27347
30.46531
25.21609
33.82181
38.44256
53.70323
42.05801
41.55303
36.93235
41.10666
46.25613
42.86677
58.87774
75.51012
52.73686
54.42257
60.22768
61.24151
47.99026
42.91155
47.02436
55.82741
56.9412
71.26031
68.72346
76.82698
73.74406
79.48563
51.536
53.06593
57.41078
53.55304
33.1393
34.80444
44.17618
41.80333
36.85065
60.68394
47.13248
69.18709
63.444
49.23222
38.84289
35.57917
33.13683
37.28976
41.26584
28.76365
21.36583
25.84748
25.33634
27.16257
24.50117
20.5769
21.16712
17.35251
22.74295
26.37126
27.7076
27.5771
25.20165
23.65189
20.55896
21.2465
23.89654
20.05011
17.02061
26.40411
29.43355
24.02667
33.74897
26.95114
23.61221
17.05045
22.06214
23.77496
31.97743
21.34868
27.51911
24.93093
31.41086
26.62391
21.7718
19.62829
21.21909
22.28774
19.71403
23.28054
24.58355
26.17434
33.74458
45.91893
46.05817
52.59527
42.73174
29.20643
25.75434
23.89725
20.91481
30.75629
35.50971
23.21158
26.45213
31.39131
31.43661
32.33353
23.99348
19.84077
27.29398
22.42238
26.77355
27.53101
35.54534
32.78526
31.92157
36.27302
41.62699
52.32588
55.05181
60.2817
56.1787
49.83379
65.49839
48.65323
56.37646
55.80519
59.93233
60.51667
60.12961
57.34611
48.4886
56.66757
60.63284
54.97299
64.21791
46.68176
47.29052
32.81029
33.10842
35.38965
26.94976
27.28731
31.1044
33.07284
29.07297
31.6656
39.27245
41.50986
38.86534
33.8194
22.72745
22.55897
25.20129
24.64168
22.87339
28.65788
28.3741
29.15316
26.56307
34.40891
38.22699
25.21947
28.72396
25.73245
33.21049
35.92881
29.6015
22.71182
24.68353
25.75741
33.01886
28.71635
42.72195
51.24868
51.05784
50.19717
45.34278
54.72179
89.26688
71.55162
105.6598
120.213
62.88124
64.84619
47.67778
56.51689
68.5178
39.8854
45.67521
62.96051
49.13195
56.27555
77.52284
76.03301
85.88021
54.23772
60.56377
50.11118
54.24965
50.9365
41.82411
43.49305
33.37887
29.06077
32.84019
42.2458
32.60834
26.65365
24.30539
26.61072
22.89049
21.16059
25.74396
22.82333
31.53241
27.95824
33.94736
36.47512
38.61151
34.30385
32.12358
41.45108
38.70923
42.92194
46.55003
40.4256
37.48506
42.13823
49.90587
56.63559
48.16358
37.23847
57.65277
52.35037
54.90822
49.61825
47.80148
38.84397
32.58676
26.5229
23.14896
21.86338
23.36068
23.80625
18.45524
21.34113
16.96199
22.1971
20.67309
25.30311
33.64956
30.21841
26.19258
30.78359
35.50304
34.39305
24.33724
27.09624
22.29539
26.7366
26.66745
29.48172
31.62228
25.18368
29.85863
43.04073
50.43179
48.71499
35.9229
22.21404
26.34644
30.69543
30.13689
29.92729
35.78993
43.39982
36.19278
39.92874
47.76283
48.21547
50.76473
53.1471
58.1159
69.28627
65.87975
77.26837
51.90425
46.71042
41.55361
24.82639
27.85403
23.45565
22.35427
19.98157
25.26573
24.54964
26.4998
19.08604
28.85758
28.83641
32.14266
32.44439
27.22473
24.91135
21.01796
16.73022
28.10308
32.07926
32.00154
30.51748
23.01349
28.52625
30.72161
27.61165
28.4232
29.84322
40.33899
43.56297
46.87357
42.81846
63.55059
53.40461
67.76298
48.80106
45.48977
83.24062
74.59698
45.73241
52.96928
71.51938
60.99576
54.82895
50.83
32.69871
40.12901
48.12555
63.77595
65.93149
54.96649
43.53113
49.95991
56.51528
62.76667
70.22595
81.3559
107.1226
84.73268
66.13361
56.8528
38.97055
35.53667
25.51874
22.37936
24.49833
21.94625
18.49402
18.31867
18.34267
15.29674
20.23029
18.50249
27.03177
25.79858
22.71535
24.78521
29.63197
35.80342
35.31741
29.7215
30.72266
34.14375
37.81214
45.60632
59.12078
51.13387
40.69194
41.50917
40.34986
46.02775
40.52286
