376.5058
254.745
276.454
216.4455
745.1105
546.2465
257.7883
544.3554
183.8457
1030.941
339.7486
435.9129
750.3056
249.3826
306.0924
428.7575
1082.365
468.0812
407.0078
412.4732
724.9256
243.6318
447.83
294.8686
430.7872
276.1603
252.9314
905.4421
675.2258
296.2128
940.7235
409.4121
432.788
288.0069
703.4942
564.33
347.702
854.2857
255.9135
770.6168
259.6815
468.167
312.4591
845.8032
361.8619
360.9236
723.5946
223.4618
539.696
317.3164
796.6547
876.0849
277.9616
438.3374
246.6877
164.5463
595.3325
713.2107
481.4256
345.178
379.1484
266.2359
362.6576
493.2415
645.1338
760.4372
374.8991
339.3812
366.4519
395.4511
399.283
377.4618
431.2721
447.7744
557.9151
479.9527
420.8354
460.2171
623.5566
238.1431
310.1656
249.394
1420.705
353.918
392.6845
592.7828
228.7669
427.2446
500.976
1275.126
755.68
1502.413
697.8243
642.5679
2310.598
577.3677
348.1408
251.2351
854.9222
457.9596
635.3622
506.8346
1905.95
2319.265
1240.823
587.2282
644.1337
349.296
365.6209
382.0812
575.265
513.1282
440.6713
686.1226
352.4398
348.9068
374.0473
603.0104
639.1552
461.7178
181.2904
759.8813
211.005
372.5285
551.4775
371.509
242.6989
472.1947
427.8851
408.2981
713.4445
648.2076
380.6523
1025.415
298.9031
612.9264
745.9553
284.5232
384.7719
885.0369
252.3352
688.9625
607.9401
243.5923
533.4587
375.8139
622.0235
273.8002
267.82
657.9378
811.0945
314.2681
488.8872
477.0875
651.9222
781.9883
229.6782
817.2008
562.6149
247.9702
190.5744
740.4675
256.4603
479.3449
560.4909
600.0934
654.8701
290.2373
857.8931
433.9667
816.2674
734.5358
365.5877
494.8906
576.1324
440.0339
345.8115
230.2416
764.7771
405.2606
236.312
233.055
409.6826
376.6464
631.418
400.8624
307.9013
300.4439
567.846
502.0535
344.8695
312.3269
388.6384
255.8677
335.6401
584.0727
211.9448
511.8711
203.5223
535.829
443.5534
420.2137
501.9465
308.6431
482.186
435.4261
163.1922
402.0313
423.7568
428.8394
587.1605
413.0203
260.8386
432.8545
360.7645
371.574
495.3223
288.3804
3385.259
681.3867
345.8589
346.7823
745.9576
533.2285
248.6699
698.3639
448.7132
552.3083
669.069
1201.347
459.767
247.532
591.4268
809.5782
286.816
464.78
778.1077
257.1849
744.5023
507.4151
448.5068
2185.545
328.785
410.7472
250.7642
502.3295
322.7436
382.4211
472.3119
2192.957
507.8147
357.8794
245.4058
444.4708
1141.935
406.7171
812.3496
311.3315
736.9245
702.3562
175.8724
387.6939
404.9295
362.3843
372.4045
332.6756
572.4577
364.4117
964.2236
426.1669
907.0527
380.2391
318.8758
358.1173
327.2578
309.6962
395.2857
883.0235
477.7217
264.438
1147.488
208.2195
330.3091
216.9372
578.7253
351.8054
921.5917
334.3965
471.0426
604.1085
553.3353
290.7153
221.9673
484.8007
275.6271
883.8454
594.3158
204.0505
352.7301
318.215
210.3129
284.3684
850.985
628.8599
315.0383
1061.2
566.5179
251.9589
539.4694
506.7051
546.6261
483.4264
466.9854
231.7938
288.0719
373.6828
311.809
1120.099
373.1031
300.0784
1098.178
373.0559
508.8598
594.1281
552.5803
818.0697
669.2005
293.2018
501.2813
1335.594
803.1199
577.9994
741.0023
397.335
333.9319
588.0327
349.1643
481.5026
456.9955
546.8964
713.4938
649.1216
744.856
402.4891
208.8793
485.8919
364.9265
379.0395
261.9845
1783.538
304.1519
454.0076
237.6684
490.481
329.8079
200.4581
194.6342
288.1014
786.851
265.2977
419.552
730.0286
268.8249
406.0678
897.1355
219.83
631.683
1250.21
504.2704
220.4981
515.3614
225.4436
362.0836
805.63
263.8236
712.6287
347.0262
431.8806
839.8393
787.2288
680.6475
310.8861
576.5634
245.2144
311.8348
560.0489
690.6324
568.1524
551.6564
280.7536
261.2016
315.0006
1170.039
424.6251
469.9837
230.1253
529.9414
260.4678
214.3131
669.9216
355.5801
246.5809
727.1538
580.9812
518.5035
484.6028
1152.187
1042.468
309.7391
1094.134
420.7587
1169.61
492.8221
1024.806
270.3036
283.3425
244.6079
489.7775
409.7047
232.2505
501.7156
580.4156
221.6452
1050.054
463.3227
448.9825
123.0703
804.9102
1761.253
492.1361
1448.038
485.4647
437.1553
354.3405
841.8048
478.1372
126.1217
1212.941
387.6714
522.9175
644.8192
441.1846
256.7197
392.9469
208.0284
254.4621
279.8915
483.7904
349.7276
1109.533
1339.999
556.428
1953.745
140.5088
234.9984
448.9429
484.8637
263.9348
839.5149
549.623
524.397
1651.773
851.062
440.425
612.0076
419.6373
633.5333
485.5849
357.5195
374.9635
413.5994
297.5801
430.7203
505.8836
270.3301
228.513
264.6304
951.0833
447.0916
726.789
305.2747
317.086
271.4552
260.4755
404.8599
413.4699
366.975
941.9903
1710.865
175.9161
709.2574
877.5224
240.8734
915.652
452.5292
674.1494
323.8773
278.9597
778.5899
304.2973
