525.9143
606.7379
629.2342
530.6469
810.1941
683.5839
639.4013
628.2716
617.2473
563.5222
569.2184
638.1592
611.3281
609.2573
646.6498
650.6748
626.1083
612.9416
636.4299
642.1077
647.241
587.9715
725.1905
686.275
642.355
713.8933
616.9673
617.5221
603.9642
658.1027
641.2742
611.2832
665.9996
641.2354
555.3367
715.0878
669.892
627.0072
652.9551
633.9839
650.7222
641.47
606.5002
628.3171
547.65
643.0413
559.818
733.6668
611.5344
648.9468
592.7326
674.0369
603.5208
679.4451
703.7606
583.5604
639.165
636.1816
623.4585
539.9313
640.8637
594.5593
540.0407
608.517
580.8676
526.2399
569.3393
703.7684
617.2454
675.6206
638.6043
788.643
641.2415
647.2637
675.1979
646.103
563.219
624.9049
647.7337
603.8863
732.3103
685.9997
623.8585
637.4713
588.7912
671.7916
683.7429
680.909
525.7862
669.3926
687.9582
635.4854
600.2717
645.7701
550.3636
693.1878
712.2058
559.3558
751.9226
689.3053
693.6575
648.2834
612.2961
580.7069
694.403
606.6485
660.3857
620.8166
654.1839
675.7436
610.4254
606.8544
699.6059
615.6215
687.053
734.5096
664.0172
658.3596
798.223
606.5874
715.1473
535.0178
558.7276
552.9353
610.6407
657.6589
592.7614
684.6209
725.4795
691.1755
610.5143
591.4162
635.8753
703.1936
588.2018
572.2164
563.2992
546.1049
698.9524
731.0749
637.8137
622.2523
679.2392
599.1041
705.8357
624.6948
696.9899
597.4686
642.6226
657.3169
626.7188
625.1927
597.4723
674.1504
639.7416
650.864
607.8543
662.9509
640.1643
609.8468
688.4394
566.6978
628.57
734.5699
630.1698
649.459
691.6979
540.7746
640.5362
765.9048
588.7656
604.1893
617.4666
633.0378
770.3175
650.8589
680.8654
630.1502
568.9237
572.0543
710.024
616.1226
567.9037
539.4574
557.5244
548.2165
673.9282
559.1215
626.7802
526.6455
600.1489
637.2979
658.4592
591.7481
631.9365
676.3771
690.1836
595.9523
550.6886
635.9654
696.2822
802.7382
703.5457
616.3395
642.7686
650.4868
712.0877
585.6191
696.4996
576.9867
716.4008
609.0177
672.5173
586.6168
496.2423
571.261
682.4455
650.886
699.2707
673.9019
632.5015
642.8448
805.3443
601.5773
652.906
633.6308
673.0914
696.0098
605.8457
635.0544
637.5607
689.1145
643.376
542.6186
570.8672
577.0865
594.8653
764.2879
615.9069
643.9605
673.1749
628.858
599.281
592.4051
555.5151
633.807
691.2113
613.5214
648.6889
661.8639
652.0354
583.3562
658.4404
682.3737
642.9637
697.1442
585.5384
647.6901
685.5933
575.4346
702.8957
549.4545
623.3854
720.2955
618.4024
656.6573
707.7972
605.2611
573.453
645.6694
706.823
703.5565
587.4412
624.0978
690.6009
661.4683
569.6585
637.4482
510.9458
610.0242
668.8228
591.3678
678.267
620.0236
750.2061
653.6328
607.9884
718.3191
564.19
628.9633
651.0354
662.6736
618.2445
739.2603
610.1509
628.922
655.8407
710.0652
732.5008
606.5364
596.2948
676.2288
587.6958
608.1849
662.6431
638.5665
683.8883
602.0613
597.6233
618.9951
638.2631
598.6896
656.7914
550.1726
590.4072
746.912
647.0529
649.2381
703.5125
623.2418
572.6
629.5138
661.5688
645.2925
610.8238
642.1699
640.7541
582.5048
616.6629
596.1861
610.0633
627.3268
571.0122
583.0103
796.5174
603.6455
666.7449
638.7617
784.0656
689.7044
576.8257
606.6198
679.7458
624.7005
592.512
671.9089
574.6511
637.662
616.1845
680.1027
591.559
663.7092
612.9343
662.7431
709.5947
642.1072
604.4366
623.7399
563.9677
619.355
704.6677
560.0862
653.0539
698.5772
667.6415
758.4076
608.1951
597.4248
717.5814
665.1728
658.3491
604.3319
780.1061
575.1515
689.1615
663.8323
596.1097
612.5449
626.5976
649.9057
639.8184
734.7497
613.2544
611.8172
620.4134
673.0497
544.8669
730.8605
574.4268
662.3038
638.2607
649.7703
627.2275
649.7837
584.4479
673.6269
658.6113
670.033
647.5468
640.7484
639.8518
553.9166
592.8589
540.2614
700.2912
641.5514
652.8472
675.2025
653.3603
635.1214
607.8252
557.7265
778.9965
619.5722
687.8636
518.9715
578.2459
633.5179
671.4293
617.8926
610.802
645.9415
629.1929
611.3819
684.2176
591.5026
628.5814
584.8394
805.144
542.8322
595.6494
625.5568
661.29
629.6483
664.5012
633.7803
683.4999
655.9573
561.5877
643.583
558.7913
620.9833
674.0151
543.0915
676.4873
584.5447
626.8713
619.9531
561.8806
566.3939
669.4693
525.9699
556.105
593.999
724.7264
642.257
579.8274
630.9811
531.5257
640.4672
585.0235
649.0261
668.7399
582.1913
696.7037
628.0393
612.9294
626.3962
652.34
639.5441
596.0789
605.9581
594.2322
787.0677
736.4116
678.4945
665.5745
728.567
674.659
669.8292
584.9301
658.8162
655.6337
680.6073
607.7376
623.5783
609.0113
706.023
661.2833
556.5407
652.6006
680.4943
605.2509
521.8334
677.7746
626.2019
614.0907
649.8092
610.6479
618.8316
