212.6446
188.2819
207.0238
304.9791
105.5343
148.2948
229.7699
159.6998
1063.265
127.8502
230.1618
470.3125
189.6525
207.9696
93.20879
203.487
134.8574
242.5011
575.4593
426.4267
203.7049
173.0484
356.7976
121.7027
127.4567
238.6082
234.9235
868.2604
78.70291
224.9721
302.7723
153.2674
281.2905
177.7469
389.9359
165.2696
307.2668
256.9505
569.9428
270.7318
465.9183
253.949
298.6437
267.1664
287.2986
340.2899
250.9845
347.6447
262.6416
400.5111
285.4732
358.9414
181.7188
365.1908
237.8414
361.6297
479.5517
135.7104
551.7507
213.1933
154.6148
160.2874
214.2073
637.2663
352.8912
240.3738
179.9755
192.9914
230.9601
128.5531
324.6963
162.3868
245.7481
199.2613
595.513
162.9219
217.9313
168.3108
104.4218
313.4246
254.7362
193.8737
533.5401
676.6239
184.6663
337.2276
287.4896
740.5808
657.7062
339.1188
160.9562
261.315
148.2478
273.7661
138.0065
276.1385
520.9416
302.1327
336.2965
326.2939
839.2312
171.0603
302.8248
365.4659
266.6122
201.4579
194.8374
202.9274
193.005
178.8563
77.76099
360.6171
245.9038
197.0093
223.6816
134.07
258.8397
376.4401
666.4266
249.9797
217.913
77.21536
143.6384
120.1369
204.1582
356.813
181.0528
244.2861
100.1236
145.0961
836.0867
614.1839
259.7235
161.4499
191.0922
177.7653
369.7924
472.8534
225.8164
219.2683
343.5022
424.8107
129.0573
211.9069
240.4171
251.4785
334.1389
459.6238
164.3905
849.1597
96.28737
663.2057
213.2673
166.6217
198.0433
267.4877
562.7999
440.9999
263.9649
279.9464
374.0565
478.1922
601.7442
186.533
353.9378
261.7218
446.2499
293.9935
141.1
210.2913
365.6995
287.8919
351.4861
144.7649
231.2289
143.4434
136.5128
271.2165
162.4978
438.8144
122.2639
285.3124
197.7425
124.8384
251.4571
368.7841
246.2432
199.4239
173.509
293.7116
406.4569
422.3456
209.9303
117.5041
163.8989
233.2525
134.7169
167.7457
105.8855
599.874
283.1785
155.722
248.1971
185.6722
268.5707
231.9315
171.2811
211.5247
293.9515
244.6773
152.0083
220.4467
191.8404
498.8415
310.3195
313.9174
229.4047
600.7439
416.5555
331.5579
337.0368
297.775
221.7842
214.2855
260.5399
159.766
403.8195
239.6422
349.6546
251.3915
1008.835
343.2894
186.0336
326.6131
528.911
197.7283
305.607
185.2388
247.185
130.5521
272.1006
175.0133
137.743
383.5062
146.1403
110.0567
395.9151
209.8219
192.3948
385.7329
224.6576
155.6197
168.728
166.5219
468.1287
670.2881
479.1192
136.6633
590.8292
166.5846
208.2528
130.8351
317.7822
226.1453
207.9826
214.2658
236.0128
84.04191
121.976
242.201
232.3609
207.9696
193.6125
209.8116
280.8205
186.2837
249.0921
367.0331
1339.08
403.9109
227.3318
190.9279
220.6123
458.3054
344.511
647.1048
395.1182
355.2089
133.1416
193.8469
173.7339
168.4276
142.6222
280.0289
214.3261
236.9822
78.39174
322.3512
102.7842
250.2771
165.4426
203.4975
459.0986
422.1375
495.7348
228.7575
167.8756
287.1907
509.8571
183.7615
191.0961
516.0002
560.227
135.0424
707.3954
754.306
374.8893
154.2823
201.0145
303.3502
401.896
163.8777
133.99
177.0079
293.0234
861.5996
392.8864
249.4759
137.3554
378.8658
207.4785
322.8228
454.0856
310.0675
290.4647
350.2094
284.1947
307.6559
476.3929
479.3575
325.3503
272.4558
493.3652
254.4056
420.1559
280.9383
162.785
857.4884
228.0677
745.5488
151.182
302.5662
731.8134
248.9969
378.9018
448.5638
113.7914
374.1588
466.4384
403.471
307.8789
316.2872
97.03835
408.7753
215.9506
212.0396
137.174
160.4342
343.2152
111.9512
279.1686
206.4819
502.4326
246.6164
438.5811
378.0559
310.265
173.6941
417.1458
217.7436
542.176
355.3466
348.4454
461.7594
231.492
844.5867
430.3102
221.7296
475.5068
202.1901
287.7389
222.7661
505.2147
198.2352
182.0947
173.6037
206.9214
203.3808
546.6745
259.7006
101.7287
159.2535
649.8178
310.1375
192.7
233.6705
207.3183
575.1487
259.2468
218.3458
330.8403
182.2469
161.1994
277.2948
589.5893
174.0371
258.9022
222.6547
304.1753
266.6972
241.9986
238.5025
338.4632
421.4673
369.7896
217.8366
251.2885
835.3453
157.3104
169.4493
192.1681
176.1488
205.0847
388.445
462.7759
234.9807
379.4587
278.3988
137.5292
224.5617
219.7868
481.2245
229.714
159.3289
275.2555
193.269
162.0508
192.5519
148.8894
300.1305
140.7586
161.3767
167.2487
155.5333
119.0402
281.7784
256.812
278.7527
174.2862
448.8909
173.2804
228.4604
485.1273
231.0235
125.4404
357.7306
343.8943
210.4123
280.4076
443.795
301.1343
133.8605
561.5352
336.0365
527.803
904.4922
250.6513
139.6369
256.9474
160.292
135.3362
278.0747
377.5592
177.4952
363.6877
171.0841
154.924
386.1216
506.4968
135.0443
197.1925
380.2461
200.9908
149.1207
253.6829
233.0729
292.1311
622.2613
377.6721
163.3245
