81.99602
81.92462
84.63879
82.35264
86.3068
87.35645
92.33962
90.3472
90.6756
91.3825
89.77879
92.10601
94.15634
95.74175
97.50001
102.6235
105.7589
102.7186
104.4598
101.9306
100.3877
97.94539
98.8937
99.38737
97.54308
97.43082
96.78029
96.73287
93.84985
91.73475
91.89891
92.77309
94.42629
95.83356
96.13738
97.29224
94.65918
94.66479
93.45112
93.59472
94.56163
94.48084
96.05457
97.14282
96.50397
97.87075
96.95549
99.58788
99.64613
100.0441
96.79476
97.5489
98.12206
99.31017
100.9519
100.5212
102.0443
101.7253
101.1832
102.5341
102.4689
101.3591
101.801
102.9158
103.5985
103.3117
102.6576
100.1046
100.7889
101.3538
100.6917
102.2433
103.65
101.6072
102.0796
101.3718
103.1275
103.6928
105.8606
106.0957
107.0277
106.5899
107.7571
108.583
108.3384
108.3425
107.1586
106.8199
107.612
106.153
106.5331
106.6733
107.9351
107.972
105.9211
107.8267
105.7706
104.8481
104.1764
102.1461
101.4985
102.2463
104.2056
103.7319
101.9705
102.598
103.0721
103.5261
106.7108
108.5805
108.5452
107.1175
106.4005
105.9792
105.9042
104.2314
104.0033
102.7385
101.4891
100.2506
101.1216
101.7042
100.2352
100.5905
98.71361
99.00192
99.20197
99.04055
97.23281
95.91337
95.77539
96.69178
97.27824
95.79237
95.75927
95.19348
95.81384
95.69435
95.52129
96.55517
97.00951
98.60846
98.31585
98.59415
99.81842
100.254
99.18518
99.45513
101.0845
102.7383
103.3708
103.4247
104.6935
104.4082
106.4941
106.9595
105.1607
104.779
103.3594
102.7525
101.9561
101.8886
101.4734
101.4663
98.79831
101.1045
100.2245
101.5306
99.89245
98.96367
98.14903
98.65047
99.03625
98.32588
95.17132
94.78094
95.89941
96.3407
95.12296
93.28983
91.46303
91.13336
88.9523
88.76501
89.44744
89.54965
88.48182
86.92256
87.42326
87.95562
88.18218
88.61011
88.78282
89.58686
88.19148
86.91368
86.72779
87.71172
85.10059
82.70595
83.01241
83.5597
85.60075
86.45849
86.21699
86.92836
86.79241
88.67877
89.94543
88.79506
87.74228
87.90078
88.87184
87.95701
88.24834
87.37383
87.46672
87.24498
88.15345
89.44299
89.06312
90.59461
90.3425
90.60524
90.9287
91.02855
90.63834
91.18382
90.01867
89.65073
89.6362
90.12104
90.17572
88.54217
88.96362
88.21542
89.09523
88.43587
88.04579
87.94574
87.02367
88.06184
87.27789
87.13469
88.13379
88.06189
87.87272
87.35548
85.87457
84.16923
83.64358
82.32716
82.41032
83.41691
84.40925
85.0654
84.98704
84.44516
84.24677
82.97331
82.16874
80.92384
79.39112
80.06203
80.59747
80.99774
80.79874
81.84995
83.65041
81.52031
81.73269
82.2007
82.48904
81.88396
80.32477
79.99652
81.07767
81.92925
81.46054
82.7777
82.53243
81.52449
82.75743
83.08514
82.29842
80.81079
81.62674
81.25406
81.2298
81.91497
82.24355
82.72607
82.9271
82.23208
82.9246
81.75575
80.62902
82.47684
81.22868
82.45833
83.38844
83.87711
83.39539
82.75728
83.79506
84.06671
87.26066
86.01684
86.16732
84.89246
84.56921
83.94385
83.29914
84.57497
84.60326
85.35012
85.72812
85.59921
85.91125
86.01413
87.08
87.39796
86.11814
85.61692
86.61678
86.29304
85.53728
86.31409
85.53519
88.07322
87.41097
86.15168
83.57372
83.31222
84.43712
83.7877
82.72863
82.57128
83.34042
80.69436
81.02293
78.32764
77.92988
79.66456
78.33269
78.40544
78.75202
78.16343
78.58854
79.67534
78.53889
77.6459
76.59717
76.8459
79.64473
79.77965
79.71804
79.1735
79.46244
81.22683
80.40093
80.93004
80.86829
82.58475
82.65894
85.33605
84.25861
84.97196
86.66018
88.53157
87.68638
88.4144
90.0996
93.28005
94.82773
93.12202
91.82157
92.67635
93.01244
94.42419
94.55593
94.13924
92.8022
93.10041
92.3986
92.97568
96.36768
96.15469
97.38207
97.65568
96.11452
96.35956
97.94352
97.30013
95.73698
96.33678
96.69353
96.80266
96.24203
96.10413
96.27669
94.55758
94.60982
94.76612
95.18924
95.68647
96.03072
97.90705
97.96246
95.37429
93.99838
94.00522
92.67392
93.99638
93.07773
93.78589
94.46903
95.18581
95.457
95.443
96.47258
97.45248
98.34638
100.0401
100.5849
100.4546
99.71034
101.1284
100.2999
100.4886
100.3233
99.7287
100.2126
99.98586
99.06535
100.0801
101.0399
100.5303
99.68032
101.1677
100.8066
100.6652
100.3241
99.22851
99.21659
99.22797
98.54719
96.55531
96.5961
95.1494
96.27882
95.84905
95.64548
93.67845
91.69048
93.07074
92.17162
92.86992
93.49849
95.43126
93.80956
94.11835
93.73507
93.89487
93.68575
94.12775
94.84969
94.85439
93.01883
92.08508
92.87705
92.53115
93.89854
93.78923
94.09479
93.15153
92.43731
91.77584
90.25107
90.76139
89.36539
88.39597
87.1494
89.03409
88.34754
86.15892
85.31102
84.1487
84.22896
82.15791
82.16242
81.44645
80.46171
80.3101
80.6372
80.06058
79.10615
79.01128
78.89781
78.1958
