38.15876
52.0868
60.03584
64.09135
102.3059
99.65276
86.58103
71.33333
58.61223
58.75755
61.93394
48.12507
58.32038
70.7
84.49635
134.4971
96.94443
82.62181
94.05034
68.58148
50.76886
47.11559
40.787
49.73478
48.55774
47.24453
48.66157
46.66617
54.09545
63.2442
53.05581
58.34559
79.05736
111.294
86.3096
60.81127
67.04109
59.63828
60.12063
45.14049
41.0036
44.80573
43.55893
28.63173
23.19344
27.26692
23.38904
24.50872
16.64306
18.29195
23.33929
18.94119
15.39533
15.71908
21.51217
21.02254
23.53661
24.65449
36.89528
41.24476
49.3351
49.18356
34.67698
36.37572
33.29135
26.23037
32.89206
39.07051
54.48701
39.01148
36.14356
37.00226
27.99044
28.69974
31.10776
31.23677
40.96778
43.46932
39.18703
48.75261
46.00475
43.77622
46.889
49.92917
41.21351
48.60212
44.52714
36.00388
36.75054
22.32998
26.67055
29.90346
32.41217
31.66646
29.86337
29.83574
44.33347
44.93424
35.15629
29.59447
30.45853
24.08844
32.774
40.79367
45.39531
53.92148
66.09011
59.91447
58.38379
46.41534
45.91564
33.79463
33.83921
33.44933
20.61268
19.67803
23.35973
20.19339
23.02421
20.78695
23.49075
19.76549
19.84806
16.90069
16.88238
18.62478
17.41382
17.22934
15.46219
15.60867
13.17518
18.89452
23.37853
29.93951
24.23664
24.4936
27.99309
39.10578
35.99712
39.93275
56.79107
67.61647
69.88533
45.38076
58.45298
41.12307
44.74704
30.89589
35.46879
32.19606
46.91233
49.39645
29.79264
34.50034
30.37195
36.61172
31.90784
37.444
37.16044
36.05879
31.83667
24.97503
30.6792
33.09331
29.97309
27.12746
31.95123
41.62594
33.31845
28.33806
35.2569
36.71422
35.94896
36.51699
37.89412
39.62651
36.74262
24.72161
21.17492
29.52363
23.48999
19.92369
13.28891
16.65903
17.53562
16.0117
17.31537
16.63343
19.95709
18.06971
15.6764
17.8803
18.15919
19.42326
18.97169
18.46622
17.26687
26.99946
33.02768
46.60907
55.79292
49.12959
51.87854
43.5025
35.53726
35.34151
43.3373
57.31807
35.60814
51.03603
50.0576
42.84336
43.91572
51.81746
56.00915
42.41072
41.22574
40.78629
52.34737
54.57045
54.48359
53.9216
63.84342
59.98778
62.34735
50.51205
53.82872
51.57163
53.23599
47.49098
44.52474
48.32677
44.38201
48.65493
38.39006
31.88296
43.44815
45.38193
41.5192
46.72941
54.10794
54.21242
56.57717
60.58433
75.23182
74.24922
65.27901
74.84027
120.8802
103.4038
94.73954
100.2062
107.5128
120.2349
99.77514
87.556
67.81178
64.58095
67.683
66.29987
69.76764
79.75735
85.08688
103.7191
103.9932
91.30835
78.25631
71.2671
81.68956
97.77844
98.33295
92.4059
70.22468
107.136
106.5054
125.4843
94.87046
70.99354
56.90207
56.02375
46.10018
39.74399
41.52243
30.38606
48.78437
57.33688
68.68755
61.86804
49.46789
50.26379
61.40214
57.50605
52.24592
36.79871
33.64153
30.64497
35.03326
32.80752
35.88069
50.30229
57.71655
77.35794
85.70968
65.19283
71.0056
67.74189
58.90094
58.95843
52.76322
50.54266
60.14473
63.72794
37.19518
37.64434
33.84805
36.58216
32.71586
36.19737
33.5234
35.17372
26.96377
22.64917
22.36186
23.01914
27.00913
26.46885
35.8427
39.13367
42.93907
36.7514
42.06046
39.68422
31.59205
42.47993
52.70435
52.31697
54.74904
51.78722
38.12101
49.08346
41.72261
39.55741
46.82682
56.26297
56.79113
46.71822
49.38967
33.29546
35.40212
28.30172
27.81545
28.06448
30.79219
37.57506
26.39011
29.71063
33.41471
33.49895
27.13516
23.35584
30.98928
35.85618
27.56999
29.67239
23.04169
19.38583
23.33745
23.53939
23.06621
28.01549
29.25641
25.74477
25.92702
26.34429
30.01099
30.56512
45.13024
31.05541
26.77341
27.19122
24.65339
25.09509
24.75134
25.5657
26.56292
31.41299
27.0789
28.97948
32.04827
31.71711
30.91652
43.21692
41.97802
46.15597
45.09687
40.99887
41.79285
39.64862
33.32022
26.55847
38.5718
48.82016
68.03376
72.83211
76.49986
81.43187
60.16899
51.50223
50.72494
39.3004
40.84444
30.65739
27.20959
36.06177
32.85494
30.12016
19.74157
20.16744
20.66871
28.79509
30.73575
29.83414
39.04411
36.63443
41.65892
39.81191
52.12151
62.92894
38.60684
46.80749
34.89033
44.04256
38.7185
40.44516
36.55673
30.54795
37.97183
34.26171
42.56758
33.61977
27.42631
26.37814
34.86351
39.30975
47.74983
49.4246
51.94813
40.29512
55.49358
50.46016
41.69889
38.41185
39.02168
42.26373
40.3034
46.99846
59.65905
55.4533
60.68685
53.33215
61.59031
68.55656
64.02646
63.49
60.39594
62.60995
44.30209
64.85325
57.00094
78.80969
48.61422
44.86486
55.17423
56.61491
39.69355
38.83989
35.18913
32.37038
24.7287
23.30684
22.05549
21.44732
22.31076
19.76865
21.66692
25.56418
38.90189
34.9688
24.35998
31.49938
37.12371
33.43497
32.38111
21.04313
18.14099
16.42365
15.20749
13.4419
14.50454
16.8427
