407.2157
393.6524
383.5917
405.6133
445.0244
399.1596
413.7685
450.0209
392.8891
435.0103
401.1824
369.2757
413.3367
400.6142
389.075
423.7466
445.117
402.7895
355.3336
434.1699
382.4272
385.7283
407.0708
406.4392
378.6485
403.9261
426.4755
422.6522
400.4184
404.6016
447.6429
400.5604
432.7242
416.9002
448.4896
420.7433
451.4937
427.0248
408.2865
373.5641
408.1466
421.4411
393.473
404.7354
444.614
415.4264
427.98
392.9937
443.3071
380.0285
419.8152
403.0859
412.4384
441.0844
435.4843
388.2513
425.1558
399.4789
395.4628
422.9317
422.2511
414.4969
466.5654
454.6562
416.8757
415.7121
383.5761
417.7505
393.8123
366.3197
402.4979
391.1672
409.9159
386.8273
410.2736
434.9565
414.9156
424.547
407.8792
413.3951
434.998
419.4354
394.1763
381.8423
416.076
395.8499
389.5286
420.8831
417.3528
403.0663
413.6693
391.6158
414.1944
398.2513
416.0802
423.5034
410.645
416.8432
402.5388
395.371
416.7247
414.4134
427.9166
428.8947
410.5719
397.4636
400.3094
431.184
435.132
397.7226
393.0137
402.8616
398.8464
415.9038
398.4127
401.652
418.7703
403.5684
394.3109
424.3274
418.6272
370.4465
388.7749
387.2436
393.0733
413.6256
431.9885
438.8155
395.0906
414.4076
398.2513
403.826
427.2226
427.398
408.178
444.2727
394.3246
393.267
387.8195
423.5473
408.5101
416.9272
424.6307
431.7393
393.463
408.8334
400.2532
448.6043
427.2462
414.292
416.3213
421.8405
414.3612
380.6341
404.1771
436.1747
421.3611
414.1046
406.6997
407.4409
392.7306
418.1494
370.585
424.703
407.7452
393.2917
420.3755
411.5239
410.7775
388.665
407.5566
412.0561
416.0378
443.0671
412.7425
412.351
427.1625
392.6782
373.7698
397.5267
465.7295
413.8794
403.1393
395.1169
399.9306
418.5323
427.307
404.5039
413.6384
395.68
421.8877
415.2833
393.5038
394.3624
434.5375
378.8223
412.3813
410.9663
403.3036
428.4152
417.2878
373.0859
419.8278
457.9877
403.9381
447.9123
427.2526
406.5393
390.9356
392.2124
429.5604
383.7397
430.7768
445.6912
417.3899
422.866
440.6373
397.5582
420.1686
439.0963
406.356
407.8638
397.2602
387.8792
404.1311
382.984
401.1108
405.218
422.814
406.5918
420.2086
407.29
462.331
408.4717
451.8376
415.4852
414.4661
432.1458
397.4274
406.587
421.7267
435.2971
419.2103
418.548
405.5815
405.4713
404.3772
445.5399
417.4854
424.4232
379.2715
397.4506
430.0841
444.0939
400.9425
409.4576
433.3346
403.2031
401.9805
410.0478
431.8893
396.6048
406.6117
422.6076
399.5881
424.1232
400.0613
417.9526
406.0027
418.4285
398.986
387.7638
406.1233
411.0963
411.2278
402.6113
448.5731
408.8654
391.5523
428.5735
422.2991
415.8301
425.9416
404.9202
440.8864
428.8615
380.4689
394.964
418.378
406.7455
409.5894
434.2933
424.98
446.0768
436.7268
398.11
369.8192
415.4125
420.7833
424.0409
395.8368
411.7814
408.5707
419.1557
393.3003
402.2608
428.589
412.2255
400.9478
406.2151
409.2957
397.0714
404.8023
429.1925
414.9257
395.1777
397.701
429.6038
443.7467
394.0254
389.0564
392.5164
439.4938
410.5567
401.8588
425.8718
387.4552
411.0225
436.4368
406.3089
409.8053
409.281
418.7888
423.8168
404.4097
397.0181
414.0352
413.9256
393.9429
411.8302
415.274
417.466
389.398
440.6949
388.0945
439.6814
416.9098
392.5835
425.6761
432.4905
379.9743
389.8064
399.493
383.4343
385.802
388.1966
396.8584
409.2247
451.3037
414.5276
428.0885
420.3796
390.2463
383.319
396.7814
411.3271
446.6096
380.3873
432.1527
371.2154
414.7101
388.6936
396.0748
386.2281
389.0381
409.9002
403.8838
387.806
413.365
408.8187
396.902
383.6392
452.5525
449.806
413.9555
425.8068
415.7639
407.1453
380.4773
387.5836
417.413
424.3943
383.2524
417.3371
403.785
423.5297
415.4168
385.0361
375.8839
443.7449
411.1085
411.1363
426.8998
404.8248
387.8697
394.0719
413.3572
395.5398
403.7137
391.27
386.1493
427.1244
423.5904
406.9794
404.2811
413.5719
426.8043
426.6289
388.0107
429.1836
408.9413
398.4929
435.315
458.6834
428.8531
431.0296
426.7787
370.3176
417.1856
410.4217
411.5001
430.5418
419.5521
395.5079
435.1724
412.0421
423.3724
386.4732
424.7426
416.6395
435.4548
426.0955
395.2829
397.7324
427.5446
418.806
408.1549
401.3368
401.5541
390.2028
424.6138
416.4678
414.2321
390.5129
383.6031
385.603
392.6134
414.8394
396.4223
398.6795
450.9759
456.7483
425.6905
382.8184
398.4337
436.5871
417.9325
443.3645
427.3337
404.88
395.6071
427.547
412.2588
440.3776
460.3705
384.0079
445.1954
413.9625
435.5962
398.1811
416.2885
421.9268
414.436
421.5655
407.9549
409.1261
436.5845
378.8488
401.7311
409.6186
386.3328
419.0954
410.3342
392.7222
401.8935
422.2925
427.0864
409.0998
441.9101
390.3369
