103.5018
102.5011
103.9724
103.8502
108.5394
109.5582
107.7682
106.3018
107.3964
107.4535
107.4899
107.271
105.8811
105.1864
105.1072
104.4546
103.3824
102.0479
104.4714
102.6346
103.3093
104.3901
103.089
101.7109
103.4968
102.2021
103.0204
105.5537
105.7315
106.4385
102.7435
103.3852
101.3187
100.67
101.8478
104.6926
102.0486
101.4624
102.4812
101.7684
102.2632
101.2088
99.18048
99.84185
100.6699
102.5828
105.9199
105.1512
103.4923
103.7909
104.4542
104.2815
106.3584
106.4928
105.2328
105.7331
105.151
104.598
102.3132
102.7836
102.5172
102.4658
102.2936
101.9921
101.9083
101.6566
101.5312
101.9228
102.0446
101.8693
102.6772
102.9955
102.7112
101.9539
101.4306
101.321
100.867
100.4638
100.6625
100.8143
101.4673
101.5963
101.0364
100.4052
99.97923
98.79706
98.82395
98.16121
98.36687
98.63189
98.43213
98.13776
97.65453
97.98784
97.97481
97.87035
97.68013
97.55829
97.56879
97.52135
97.21799
97.86586
97.11835
97.2362
98.27301
98.23604
98.13646
98.14798
98.66556
98.98214
99.77053
99.62455
99.60781
98.97613
98.60732
98.48481
98.80751
98.60281
98.49829
98.50656
98.38347
98.8123
98.35318
98.90444
98.70731
98.41955
98.28057
97.89449
97.86921
97.90115
98.50385
98.05877
97.65751
98.07386
98.63342
98.59622
98.94622
99.18073
99.31245
98.57414
98.23097
97.55595
98.00183
97.37615
97.73375
96.1392
95.30882
96.29572
96.12646
96.82843
97.01657
96.91683
96.06517
96.72007
96.66452
96.01494
96.40546
96.44697
96.72186
96.76735
96.67285
96.43874
96.23401
96.28417
96.59219
97.13833
97.75148
98.63397
98.88108
98.99567
99.51225
99.24636
99.14095
100.2153
100.3742
100.4967
100.0534
99.76456
99.78147
99.8189
100.5101
101.267
101.7832
100.9247
100.6893
99.90311
100.8117
101.4997
101.7247
102.0732
102.7103
102.4624
102.0413
102.1634
102.0126
101.7382
102.6301
102.3603
102.7856
102.6092
101.7439
100.6634
100.5147
101.2857
102.1086
102.6583
102.2039
102.8667
102.5329
102.7868
101.3477
101.4701
101.2082
101.1089
100.7728
101.5289
102.7853
102.3846
102.3165
102.5666
102.0889
102.3418
101.5669
101.5374
102.0267
102.0218
101.4728
101.4216
102.2594
101.808
101.3843
101.3098
101.4032
101.4292
101.7875
102.2228
102.4421
102.117
102.4615
101.46
100.188
99.89836
99.93977
100.4141
100.6872
101.4521
101.7081
101.8871
102.3422
102.4965
102.7799
102.7906
102.6759
102.5106
102.4495
101.7947
101.5326
101.2117
101.4322
100.9462
101.0549
100.8906
101.1807
100.6962
100.574
101.2229
101.1586
101.0805
101.168
101.6916
102.3445
102.5733
102.0931
102.8912
102.9536
103.4774
103.2126
102.734
102.6628
102.1922
102.4678
101.7869
102.2952
102.6143
102.3624
102.2773
101.5661
101.6438
101.3144
101.8367
102.4435
102.4218
101.7664
101.8557
102.0856
102.4604
102.8608
102.537
102.4706
102.6779
102.952
102.8528
103.7583
103.4065
104.4257
105.1938
105.8649
106.525
106.3551
106.9688
106.9452
106.3448
107.2455
107.5469
107.1811
106.987
106.064
106.3253
105.8846
106.1616
106.1388
106.7817
106.9174
106.812
106.5611
106.1327
105.7245
104.6213
104.8006
105.7273
105.7967
105.9597
105.6843
106.2215
105.8627
105.7226
105.8762
105.4558
105.009
105.4116
105.7315
106.3007
106.0414
105.2036
105.1817
105.7407
105.8412
106.1495
105.8059
105.2413
106.3774
106.4018
106.7557
106.4216
106.7538
107.788
108.4272
108.3742
109.0959
108.7517
108.4346
108.6068
108.5423
108.4791
108.8728
108.5972
109.2164
109.4138
109.2228
109.0869
109.3059
109.4788
109.4792
109.3873
108.5766
108.359
107.2159
107.6055
107.0004
107.3113
107.1276
106.9229
106.678
106.6084
107.7332
107.7161
107.6914
108.4669
108.108
107.8248
107.7159
108.655
108.9074
110.0172
109.7336
109.4493
109.4431
110.5188
110.442
110.9617
110.9654
111.4538
111.0207
110.6848
111.2842
111.1669
111.1472
111.6983
111.8897
112.0403
112.6619
112.5479
111.4188
111.5982
112.4206
112.4616
112.7056
112.916
113.0888
113.6949
113.5556
112.7938
112.8785
111.7953
111.2923
111.2363
111.3077
111.3083
111.4955
112.0601
111.6551
111.5696
111.335
111.7959
112.0921
112.0103
111.3486
110.9126
111.3359
111.6876
111.5361
110.7253
110.1959
109.4199
109.2517
108.554
107.5861
107.3804
107.4759
107.2462
106.8429
106.7962
106.6204
106.2472
105.5014
105.6756
105.5323
105.3673
105.8032
106.4395
107.0765
106.6266
106.2083
106.2598
106.9184
106.8999
106.5779
107.262
106.9595
107.2576
107.1787
106.9085
106.4087
106.7194
107.0668
107.5792
107.0518
107.1449
107.9266
108.1083
108.6579
107.9944
107.1345
106.1733
106.6509
106.5157
106.4158
107.1242
107.6641
108.2001
108.5987
108.9085
109.1424
108.7133
108.8237
107.9813
108.3034
108.3493
107.2882
107.3103
