912.0671
1245.449
1462.556
705.9326
460.1418
639.2964
1021.604
515.8706
405.8847
1842.727
1160.989
2349.18
1477.228
845.9014
1238.444
1321.535
742.2971
734.2343
1197.938
842.9568
959.7817
818.9073
599.9725
494.163
612.0601
518.9188
1712.086
1490.609
730.5606
446.1284
1478.673
431.9678
1362.321
1320.024
693.0456
634.7665
980.0874
1053.668
664.4128
1631.628
1299.281
916.3708
1416.195
792.2258
1562.097
1103.92
1125.281
527.8321
609.0254
1154.53
1623.829
1139.701
2315.08
715.6745
1383.507
932.7053
576.074
1536.339
3189.748
2017.765
2109.214
1092.374
889.288
1384.331
582.5084
2354.521
1824.722
1394.419
1565.039
562.0007
809.468
991.9689
529.6878
2159.425
1683.609
719.3131
595.242
838.4685
512.2234
692.3849
1515.123
4236.549
487.1069
667.1764
1916.277
670.6604
3760.846
849.7629
1705.941
489.6512
986.1813
1082.094
3051.805
1978.332
1086.565
733.3943
1119.706
1164.129
1820.717
1131.214
835.056
1240.951
791.0865
863.015
1032.868
596.6295
10481.31
838.3311
843.2586
731.6884
759.3362
820.8914
2234.123
995.0379
1162.492
473.4845
653.8225
719.2834
717.3147
436.8534
763.3446
470.2463
1737.13
958.7144
1085.143
910.1162
434.3724
2548.952
565.5129
1277.609
649.6778
649.591
2008.31
1147.307
661.4093
972.6172
1060.046
348.116
1220.894
1343.361
2964.778
714.4525
1536.235
926.0365
605.3084
808.4743
1483.25
656.8568
1240.481
522.5707
511.4448
894.9381
511.8128
691.1981
610.863
1163.646
720.209
1052.997
383.9238
1346.183
786.1293
944.4288
1275.734
1245.615
718.4111
978.1655
1100.103
889.7779
516.4292
1084.142
1551.316
481.7547
711.433
1280.742
713.9425
1541.529
627.0264
534.6602
1573.151
595.7657
1200.175
1750.043
1415.191
397.7365
867.5848
744.8422
418.5734
845.5984
809.4715
805.99
592.9356
504.4343
2491.934
1310.898
524.6357
898.7753
1073.095
1682.203
1082.677
406.5565
685.2478
644.7582
616.7871
631.6536
487.3206
519.471
468.7003
1302.03
908.7934
1179.701
822.9306
1247.642
1800.901
937.3129
760.0782
610.4182
1020.566
1199.532
781.4021
320.8897
1546.859
1276.929
2095.324
995.8923
1119.407
432.3541
730.21
554.8092
1084.055
585.6345
889.1199
353.6594
726.7792
570.0414
960.4487
834.5471
565.5318
789.2602
914.3034
1964.531
935.9209
539.2769
1300.931
900.7598
2172.576
782.4609
614.9203
804.5945
653.4489
611.4125
856.7998
635.0079
1148.458
1006.398
743.8855
607.9349
1346.354
816.1984
784.153
591.9216
1429.862
2090.814
1199.601
533.9535
777.5319
1210.35
744.139
751.6606
963.2756
1065.93
506.181
1725.24
1156.179
1889.014
585.7781
440.898
437.2252
2053.232
1079.915
831.4708
557.4189
864.8635
561.0201
1514.556
1001.949
1258.546
415.7379
1101.548
888.5473
877.1063
461.0044
2243.143
896.3879
655.7722
1519.673
3255.693
1367.209
1329.97
1001.914
660.4375
250.8077
719.6033
541.6402
894.6072
864.814
603.0831
1361.885
956.891
1425.141
860.1235
2519.559
452.0026
1111.617
753.0477
552.102
760.8238
890.6679
806.1774
1915.138
769.6
471.3457
1068.446
391.9042
573.3589
581.101
605.2908
1602.032
807.7653
992.9067
1425.851
614.2971
652.6878
2195.001
677.7022
610.0449
753.9178
437.3581
376.8929
1041.918
931.6505
748.579
1157.89
1031.414
715.6634
559.1009
1168.299
1291.389
880.4624
1914.72
984.5382
1387.092
579.7957
1420.8
1134.254
921.1612
2554.586
938.3658
792.4938
628.7467
3407.942
1066.883
606.6233
1143.143
1650.515
1103.859
1343.448
1702.941
1158.93
1128.056
403.7287
725.8246
1026.54
855.1103
964.3803
984.6833
768.027
2578.76
1119.703
657.1134
700.0858
1248.52
962.8653
458.0267
737.8948
779.6736
823.0521
705.2864
687.3365
879.4212
784.4898
938.974
957.6601
1435.133
1774.745
1709.883
2171.034
1318.894
527.828
837.9438
908.9867
1637.39
1072.211
1976.04
532.5442
549.1183
505.5761
1227.312
1712.838
1789.973
421.2302
936.7746
1195.147
3851.188
565.9653
705.2173
455.5883
469.9759
631.5718
1382.134
888.4122
785.4814
728.3268
694.6786
851.9049
385.6287
367.5298
904.5734
1078.834
943.4523
1667.616
1081.307
707.5906
1104.435
793.7453
785.7278
1800.252
501.2137
2619.924
730.4334
898.239
773.8791
3404.368
1760.179
807.6891
1395.422
905.1814
1058.516
1142.78
666.8785
708.5502
993.8195
506.4766
942.4336
591.3243
652.0196
1082.792
728.6735
2731.837
2164.401
902.6671
1327.479
679.4077
495.9014
569.5328
2162.154
873.3989
567.3506
1058.786
560.7028
1664.304
1266.807
788.1435
590.918
1034.685
1317.4
1362.056
665.6415
1231.983
535.9401
1380.599
546.2451
400.4328
413.7387
650.9867
1937.576
1143.644
545.0506
850.3991
1562.647
766.8471
910.6115
1588.329
915.931
650.7267
907.683
939.9252
583.1151
694.6497
2879.791
1043.327
