57.85026
45.61118
51.57436
49.56028
51.69403
47.89294
54.20897
47.75292
47.69763
48.75284
46.05258
48.25286
46.59277
52.65438
48.81769
45.10449
48.35249
45.27609
53.16207
40.83757
55.11459
51.50401
49.27057
49.14075
47.02477
44.90169
43.37248
52.41418
48.59173
44.32465
41.99628
47.07859
48.18666
46.83186
46.6817
42.05219
49.13859
46.14923
45.15513
48.40472
49.25013
47.88704
48.07537
46.7009
47.33815
49.2442
46.37327
48.00009
45.52559
50.53949
47.57542
49.7571
52.69348
56.04193
49.9085
50.87567
50.71973
49.48434
44.12375
46.17594
51.31646
46.12223
46.28236
55.05748
50.09921
55.22866
49.51271
42.24277
50.56745
49.87574
54.41515
55.48694
51.28876
48.85835
44.54824
46.46404
46.65863
52.90745
48.56247
50.88907
47.05161
44.74775
47.79343
48.65293
46.49306
53.50769
47.4239
51.1367
48.01839
51.60611
48.71478
45.60261
43.90663
46.21865
44.22605
49.3346
46.94709
44.82291
46.83833
42.77841
44.18206
47.72454
42.39792
47.61868
44.15872
49.85191
47.79713
48.44212
44.61873
47.57217
49.82232
46.69455
50.711
46.48223
45.35453
49.59754
46.05805
44.51202
44.45031
47.88941
44.22875
44.34252
48.67469
50.99824
47.49931
47.86857
45.84938
47.82866
45.48405
45.20705
44.92499
49.97797
49.88669
49.02309
42.00569
45.46634
46.32283
47.33212
44.14543
45.19502
42.35281
43.13122
48.93526
41.60504
53.88078
52.15959
47.83838
50.14529
47.69383
45.21144
46.66238
45.43572
45.18537
44.33318
50.62284
43.31124
50.85927
44.57249
44.36625
47.30653
41.28155
50.80432
45.89116
56.43728
47.52786
47.54427
47.83183
47.68336
48.53888
53.36705
44.87894
53.99541
54.07679
44.12108
42.54747
45.70137
49.924
45.46788
52.76664
45.68797
40.75377
48.68219
44.15469
47.03725
44.00817
46.51318
54.66494
42.2324
47.61998
46.61565
46.2704
44.44674
47.73536
50.34138
43.36573
48.88225
52.62449
53.07709
48.04539
48.00941
38.31549
43.52383
42.76848
46.23
46.62754
46.62337
51.72968
53.06804
53.31733
49.58132
53.72264
44.43578
45.70268
44.47428
53.92116
47.87018
55.7751
52.93172
42.55055
44.47671
46.17973
43.56614
48.38697
45.95934
45.97945
49.03414
49.53157
45.18486
43.43321
45.02967
41.70191
47.50346
47.12353
47.24404
40.30807
50.5851
48.2333
47.65423
50.55167
48.80802
46.82393
47.45062
46.29707
49.12983
52.16473
48.72336
46.77608
45.99157
44.11289
47.75155
40.06965
47.45158
46.96073
43.37831
44.82775
41.03002
49.73508
47.4755
52.5616
46.91012
48.86468
45.19083
48.54341
49.5796
50.62712
46.36441
53.0236
47.56523
44.2188
51.03177
47.69054
47.68218
48.51214
46.05115
48.98396
51.11329
54.34517
49.95852
51.94506
47.00933
46.5271
55.23393
50.48652
45.42994
47.14
47.15873
47.19231
47.46063
51.2973
54.33292
53.90877
49.87534
51.13588
49.7381
50.38855
49.86092
46.31589
50.95105
52.86631
46.96105
48.55741
54.26882
49.94273
48.1978
48.67028
45.2538
53.16306
52.84271
49.95498
50.37816
54.61156
46.50221
49.46572
43.21463
43.41461
48.5651
48.38799
48.02258
44.60879
51.80931
45.422
48.15114
42.59771
44.91916
45.65197
44.66532
45.88808
41.81038
44.81461
50.42287
46.91425
46.01497
47.68333
49.39605
46.20082
48.56975
47.16407
52.84279
44.26274
43.08082
42.84167
46.67579
49.97777
50.77633
49.92275
45.08616
55.20668
47.81914
43.09863
47.2876
51.77672
44.94442
46.36845
45.36365
48.41627
50.56851
42.06523
42.49933
40.65308
44.21032
53.35987
49.16309
45.95526
50.03413
46.74113
46.12943
43.06124
54.3008
51.78903
50.75217
44.90043
46.24411
49.53524
43.84862
48.72337
59.50233
49.3743
50.9558
47.95564
48.91546
57.02749
45.09701
45.85382
44.20968
46.43631
42.1442
53.30525
42.98868
42.18607
44.25474
48.10153
46.40186
49.18282
40.48991
44.75039
49.53294
45.82545
47.09757
51.33343
47.89785
49.07156
50.34924
46.6432
49.98151
53.46845
50.07571
47.1327
50.03739
48.20946
50.2636
47.46364
51.10184
51.86825
52.72355
44.91135
51.10926
45.63508
48.80357
46.66153
42.1557
50.11858
46.92166
49.28914
46.07922
48.03339
48.93336
51.94549
49.1301
43.86818
44.5058
47.90463
50.66958
47.63434
51.26513
47.41137
46.44023
54.3332
52.73163
43.45873
50.15231
49.47456
47.25556
49.02374
44.75431
53.51426
51.67145
53.8952
46.57672
46.26198
49.66088
48.47986
42.54539
48.57505
47.17622
53.67581
43.53179
52.30181
47.35708
48.18146
44.843
54.81682
40.77824
48.54987
51.76108
45.36607
44.82683
51.67577
52.25668
46.41503
45.9771
46.14992
47.42117
47.97773
46.87753
46.59072
46.39087
45.64291
48.20518
43.92336
47.08024
51.47952
49.67423
47.33512
50.56739
44.06662
45.00034
50.14649
49.51632
48.84897
46.75264
45.22243
50.79949
43.24221
45.6643
47.38891
45.50148
41.14788
47.29809
50.49928
41.76662
