10.42745
7.91044
12.9438
7.771961
11.04779
7.022589
6.874804
9.065825
8.66962
11.66361
11.05487
9.147391
8.421405
10.80357
19.99572
18.76795
8.759504
10.10214
7.372439
8.862375
6.715674
7.016264
7.029598
8.627215
8.531581
15.35985
13.82837
7.498018
7.347004
7.298474
11.29789
9.239562
7.655706
14.52437
15.88807
10.27796
7.155898
9.049357
13.25474
11.27633
11.53973
11.77302
8.239103
12.06304
6.769183
7.573952
20.41814
14.01544
12.11505
12.20181
7.634104
5.756834
8.289034
11.16399
10.42461
9.562449
12.67173
9.732494
9.356391
7.435602
10.18719
7.237777
9.420332
8.479286
20.30634
13.9673
8.225191
7.980887
8.967277
9.885713
12.18969
12.12571
6.517479
13.7098
25.35424
32.99085
30.47896
53.90819
76.77959
57.22722
35.77948
23.87113
18.10258
10.07385
13.54653
12.13687
17.20326
13.49695
12.77605
16.56001
15.11687
24.06226
15.96979
12.86456
10.80257
8.378844
6.092872
7.941425
10.54218
5.826549
8.701555
8.941241
7.642731
6.703043
8.238103
5.732627
4.503944
4.569833
9.988376
12.32441
18.49123
16.15239
13.84348
8.603176
15.38987
17.61661
13.53831
14.19714
17.61579
15.31483
20.53793
21.26266
14.49587
15.73324
16.33415
8.346594
8.774407
7.46711
7.623186
9.212924
13.68982
8.213156
9.072694
9.271066
8.473008
13.92118
15.36943
13.35704
22.62696
18.52396
15.30156
13.4876
11.10708
13.41468
14.63685
14.8042
12.9496
8.606168
11.75481
11.94719
14.99572
7.63593
7.533508
12.19962
7.700284
9.185488
13.37163
16.27127
17.94819
33.78847
17.73202
15.20408
14.40535
11.68345
12.0787
17.86019
26.17586
15.85695
13.92988
14.82875
12.00207
8.051892
13.18695
11.51198
7.478988
15.0801
21.75614
21.96269
14.31103
7.833006
8.394155
5.640124
7.376738
5.988132
6.399891
5.956023
3.884595
7.470232
10.15636
16.95806
15.34099
17.18437
21.13524
25.59351
19.02411
14.09616
11.12686
9.313957
13.89653
19.04202
17.85484
12.97007
10.09047
7.058035
11.02797
11.54962
6.681372
5.031528
6.303239
5.901593
11.98107
15.77102
15.72632
15.33579
22.25657
31.56135
34.23624
35.06521
31.31084
12.06512
10.21422
19.52598
21.73493
13.87736
10.01965
6.195615
6.925926
6.477888
8.669607
9.867387
8.947414
9.346171
8.711343
8.405381
10.4028
10.75859
17.90076
35.18343
12.79738
17.45321
12.22599
10.83556
8.97557
9.362603
13.18025
12.37841
16.09262
12.81662
11.38382
7.423371
8.199727
10.44478
8.066984
11.25242
10.3905
9.554218
11.7496
14.3314
20.2898
17.70906
14.99365
23.43011
14.40941
7.055974
7.291131
6.726644
9.997868
7.494488
9.773841
10.61387
9.846607
5.735559
9.903209
12.0981
9.835906
16.95474
13.91786
15.96982
12.81817
14.78518
8.668293
5.255054
8.374596
10.74827
11.94754
8.709861
9.916637
20.93763
24.64715
18.29298
18.84654
8.053682
6.531299
6.371686
9.802416
10.86631
11.51378
13.86643
20.35957
21.30266
22.54174
17.55503
16.56419
11.91911
15.00161
13.64367
19.08339
17.13726
16.62787
17.27102
24.68107
27.19377
17.42188
18.02432
7.644553
8.393401
19.39393
16.70335
12.2426
10.95815
14.08832
12.72906
14.41014
12.25395
14.30785
10.62313
10.51697
18.61994
13.19413
6.970139
5.687101
8.551675
10.81634
9.125247
14.89981
24.57164
30.61391
26.65497
24.34593
24.09833
17.04625
17.46518
17.09326
10.99627
12.93731
5.861151
4.628941
6.870247
7.228914
5.005229
8.133049
11.43766
8.376397
7.648315
6.252456
9.544934
11.1904
10.70186
20.88133
16.24155
19.96411
16.21889
19.54558
19.99594
19.28886
22.58312
21.32958
11.65334
10.86167
7.786634
9.327011
15.81411
9.58749
10.71787
10.21198
4.230999
7.576678
8.247663
10.85136
7.142709
7.460325
11.09341
11.8874
20.68122
18.33353
14.45563
9.624339
10.74415
6.739597
10.06028
10.92251
10.88683
10.52521
19.95517
19.0412
20.38448
21.5184
19.18304
22.87493
26.68127
24.23904
34.32984
35.85609
16.4648
10.0678
9.043314
7.997144
6.019768
7.953205
6.739101
7.447145
6.190659
5.400621
8.694089
12.6481
10.72331
7.287933
4.621775
6.951708
8.880089
9.509645
9.370936
11.73634
11.85527
8.301269
8.42144
9.369687
6.449185
6.88178
6.584871
5.931326
9.126657
14.20694
9.707642
6.613337
11.40339
7.524637
9.706427
13.77742
17.35164
17.23205
11.6344
6.886328
4.463568
6.061286
7.517874
4.842935
6.518593
4.978268
8.033444
6.474278
8.376412
10.11051
12.54325
10.85575
11.85121
11.78338
8.330112
10.65215
18.94252
15.51277
19.00572
9.196497
13.18045
23.95287
19.30342
22.5695
17.59613
20.62841
21.39609
15.27169
14.87515
13.74853
10.11164
13.38664
7.958172
5.859468
6.976353
9.133791
7.896462
7.267609
5.566448
5.103762
8.226349
5.703675
6.748393
6.070988
6.412643
6.494739
7.992429
4.567064
4.148779
6.271004
5.847921
5.232232
8.265295
6.39457
5.927357
13.65557
18.5703
