2.2694
1.059519
1.65772
0.4120663
0.6504086
1.958052
0.7655093
1.82166
0.755803
0.5572519
0.6332925
1.548793
1.00607
1.324256
1.425842
2.166167
0.8287817
5.445472
2.028597
3.343904
0.9242098
0.4221057
0.8800013
1.237635
1.934886
1.348352
0.5004818
1.957022
1.747228
0.9329012
0.7446633
1.565073
0.7319334
0.3592134
0.7351597
1.636733
0.5371486
1.000016
0.909502
1.231205
1.052318
2.022924
1.396925
2.109986
3.315941
1.412525
1.527187
0.8131547
0.5023268
0.9816763
2.12895
1.114361
2.748813
1.151966
0.8627131
0.9029572
2.604458
0.799578
0.8826901
1.600477
7.213472
0.7344442
5.403103
1.877125
0.316219
1.399552
2.313758
0.8759359
0.8503282
0.5675993
0.8704929
0.5510241
1.714789
1.455118
0.4365438
1.461306
1.282152
0.3981573
5.249112
1.39773
1.088831
2.350306
0.8025729
0.6889771
0.8132329
0.9947539
6.272944
1.029923
3.018745
0.6845132
4.520101
0.4986886
0.560193
1.50235
1.150447
2.036776
1.445164
1.61829
1.018747
0.772388
2.288899
5.608064
0.6059035
0.694078
0.7004038
0.7763575
1.313281
1.27024
2.921897
0.6090998
0.6405684
2.521117
1.300828
0.939683
0.9990876
1.750856
0.593604
1.999097
1.394403
0.9305868
2.008691
0.7028113
2.713449
3.413121
2.025427
0.5136678
1.158561
0.6020888
0.7038985
1.677707
1.594683
0.3707614
1.880958
1.393479
1.546271
3.499481
1.255914
1.469833
5.57295
0.8005523
2.459513
1.017537
2.857575
1.711592
2.334342
0.7574921
3.061042
1.789993
2.327499
2.456896
1.848729
2.227442
0.5096621
0.7823983
1.546294
1.0599
1.93187
0.6047806
1.188157
2.833165
3.45453
3.10772
0.8141219
0.751293
1.87825
0.4798914
1.734328
0.667459
1.618412
1.129658
1.332878
0.8142015
0.9183355
0.933675
0.8827326
0.818831
0.5427998
2.602353
1.963153
3.479797
2.616841
3.901522
1.284053
3.757097
0.7607872
0.291222
1.998484
1.1591
0.7446781
2.945266
0.8118058
0.9059232
0.7605196
0.3397242
2.728021
0.6392728
1.012409
0.8577032
0.7481685
2.855405
0.8905805
0.5322513
2.334915
3.271971
0.3868453
2.083872
0.8072584
0.9597034
1.334609
0.5724679
1.453333
1.807024
1.062936
0.9852945
1.282629
0.6510491
0.6208684
2.593803
1.52664
2.053661
1.334167
3.374968
1.321956
4.275058
10.175
25.9712
75.51271
43.73532
55.31588
26.57133
22.59714
10.25269
5.514602
1.093524
3.685113
1.299687
0.866985
2.937076
9.91297
10.40161
6.620689
1.934906
1.902131
4.538041
2.967239
1.382537
1.072802
2.229609
3.376611
0.9363711
1.342367
0.5783921
2.293107
1.943864
0.7118468
0.711694
1.163924
2.121183
2.636891
1.874417
2.455048
2.441049
1.030826
0.7090273
0.3909243
6.333525
12.25131
4.386891
3.860489
6.936744
0.9677854
2.033068
3.760026
1.82392
1.485541
1.140266
0.6420936
3.668935
0.491669
0.9267465
1.18234
1.183823
1.360074
1.13725
0.737591
2.397742
1.04609
2.46248
0.7497057
0.8244456
0.8275168
0.8825222
1.005068
1.814094
1.839771
1.030544
1.245416
0.2925812
2.921264
1.08538
2.512849
1.034599
1.800215
0.4323429
2.118621
1.443335
0.8639682
0.6221
1.715208
0.5046358
2.715015
0.5714835
1.683215
1.544613
0.5097403
2.708763
3.611126
1.432127
1.339663
2.320814
1.921126
0.7743577
0.4646908
1.230333
0.568521
1.315677
1.089542
0.5185933
0.5304974
0.758382
1.471085
1.046067
1.801752
0.9543602
1.412243
0.9897691
2.292803
0.6409461
1.071156
0.9139393
0.4084077
1.807998
1.94653
7.310512
9.192641
1.561498
2.058838
1.573219
1.322539
1.039823
2.733522
0.7368111
0.6417336
1.393963
1.556256
0.5008669
1.567922
1.510837
2.280889
0.6615653
2.087311
2.48498
0.9146581
0.6326087
0.5520781
1.647703
1.289295
0.4346362
1.234754
1.697702
4.1296
9.055036
20.49085
4.342693
0.8771893
1.787856
3.582552
2.203982
0.5686534
9.443551
2.35206
0.9380762
2.314684
1.899439
0.9536705
0.9302769
1.886343
1.536037
0.713461
3.594842
0.4698386
0.7373356
2.202936
1.15132
0.7757977
0.83887
0.7027443
0.9982073
1.150089
1.210552
3.931684
1.346218
1.101543
4.123949
2.878718
0.5744213
1.409918
0.9113583
5.235258
2.093956
2.140265
0.4994866
1.656526
0.6299595
0.7744427
1.342016
3.741233
0.8106868
2.599327
0.726745
4.350497
0.9350262
0.9430318
1.180118
0.6156485
0.3647034
0.3615786
2.278926
2.447289
0.8846597
1.123621
0.7885295
0.704268
0.6062019
1.393734
1.076322
0.9993421
2.105746
1.126073
1.411623
0.5254684
0.4423168
17.56017
0.5400654
1.792337
0.5407557
2.092882
3.605999
1.167678
1.453245
2.19764
2.145893
1.734768
2.375072
0.5814403
1.515797
1.432219
0.9024222
3.333396
1.910844
0.7606093
1.102729
1.609819
0.5104182
0.5387458
0.8543345
2.418327
0.7706782
1.265338
1.020833
0.5731207
0.6590949
0.6775936
1.150493
1.792762
1.721243
2.139415
2.933295
1.840879
0.5767091
1.690898
1.970165
0.5267745
21.84566
2.505918
5.826485
13.76779
1.112734
0.3517683
1.617127
1.126026
2.449943
0.9026742
1.254363
3.65584
1.034839
0.8950248
0.621426
0.73189
0.9746747
