21.2474
32.32501
36.64567
28.95503
48.30391
53.35692
53.87205
59.53429
127.3909
166.1946
115.1663
146.0144
254.926
520.5935
2087.78
4423.54
5847.874
3878.434
4604.243
4527.748
4240.601
4775.364
4709.507
4659.973
3674.371
4472.533
4199.059
4667.808
5157.996
5258.499
5941.456
2985.905
3605.912
5522.086
4284.34
5338.881
4538.671
6200.13
4443.636
4978.693
4165.175
3864.247
5207.821
5411.229
5052.518
3739.79
4363.698
4940.052
4143.618
5265.898
3579.307
3488.163
4952.273
4149.225
4979.542
4838.506
4236.928
4688.465
4105.758
5188.723
4983.242
5183.399
4603.715
5356.808
4570.057
3756.939
5138.911
5509.913
4035.937
4677.477
4581.539
5050.187
3965.995
4713.214
4609.785
3769.209
4767.071
5783.547
4617.665
5147.902
5370.721
4774.025
4525.439
5293.266
3322.017
3126.141
3950.607
4528.028
4112.194
4538.303
5293.814
6083.678
4132.498
4760.168
4339.871
4844.219
5495.288
4693.619
5284.68
4137.133
4815.517
4890.559
5561.35
5217.869
4782.098
4084.775
4493.484
4642.868
4687.237
5354.07
4523.331
3886.644
3764.175
4064.319
3974.71
5396.582
5051.048
4755.274
3759.911
4608.031
5317.541
5490.936
5719.544
4408.898
4086.486
4882.505
3986.512
5868.057
4461.56
4717.135
4631.895
4751.413
4089.578
4459.273
4978.435
4010.584
5141.427
4546.537
4378.534
3972.472
4878.567
4583.931
5184.985
3261.389
5396.063
4919.222
3756.429
4327.691
4697.527
4248.242
3554.587
4920.99
4412.911
4435.582
5203.945
5134.61
4736.34
4889.963
4446.645
4255.039
4601.872
4196.267
6017.296
4996.612
4806.587
5192.588
4790.86
4266.088
4389.129
4443.695
5089.702
4775.007
4871.846
4851.197
4383.916
5062.744
5766.895
4288.08
4998.781
4767.157
5440.614
5407.018
5873.659
4278.063
5121.167
4055.621
4365.242
5335.939
5287.389
4950.59
6390.818
5058.528
4443.369
4936.341
5459.933
4740.97
4653.371
4092.998
4111.243
6044.438
5318.094
4997.466
6112.655
5273.07
3966.373
4417.033
5100.978
4820.443
5266.753
4946.325
4965.119
5808.263
4403.902
5364.826
4808.459
5843.845
4717.481
5068.998
4948.272
4106.902
3995.129
5402.272
4905.645
4342.595
4003.135
4880.132
4108.174
5464.679
5822.36
3632.833
4671.458
5169.567
5687.896
4911.17
4243.45
3981.796
5629.718
4743.405
5099.985
4779.274
4946.566
6051.115
4661.145
3825.854
3426.112
5073.827
5537.755
4071.14
3360.861
3988.506
3536.183
6229.97
4467.124
5115.568
5188.512
4095.597
5251.604
5479.706
4214.007
4439.339
3883.009
5096.747
4685.671
5113.151
4362.758
3994.002
3748.358
5109.332
4816.737
4451.793
4240.3
3875.241
3750.215
5545.866
4583.113
5131.985
4132.812
4114.864
3998.156
5479.181
4905.392
3918.032
3131.582
5455.719
4840.673
5767.79
4839.287
3651.567
5737.584
3788.464
3536.801
6616.068
6575.446
4766.601
4381.335
4549.589
5987.887
3796.427
4463.754
3814.345
4622.454
3758.513
5243.207
5088.785
4348.035
4112.394
4170.207
5998.304
5016.853
5082.102
4265.812
3988.128
5643.3
4790.301
4063.937
3369.27
4487.352
5785.564
3982.377
4736.945
4397.314
3540.994
4875.576
4650.586
5460.16
4506.089
5086.65
5459.603
3904.224
5137.186
4854.583
4851.461
4162.315
4718.725
5011.573
5906.114
6440.123
4500.758
4210.557
3488.066
4631.599
4853.405
3608.038
5182.184
5010.533
4619.222
4320.914
5332.607
5075.441
4418.315
5667.638
4863.43
6076.91
5588.289
4082.674
4367.39
4662.904
5169.146
4736.991
4720.555
6622.515
4755.973
5338.538
4467.677
5252.646
3638.841
4303.408
4854.333
5100.816
4925.208
3919.932
5262.334
5242.432
4328.959
4085.08
4718.674
4468.922
3846.805
4344.409
5171.417
5164.463
4422.176
7734.162
5445.453
4856.746
4162.775
5952.92
3329.065
5549.208
4632.585
4117.421
5783.606
4558.207
4905.856
5149.091
5408.97
5012.89
3872.202
5016.086
4516.832
3780.443
4965.649
4452.536
4151.587
5577.903
4751.371
3433.931
4630.448
4682.007
5271.989
4079.433
4833.431
4750.998
5241.994
5156.618
6159.182
3974.459
5994.664
3923.562
4909.01
4338.648
6304.202
6358.574
4137.89
4872.75
4527.587
4750.364
3510.112
3867.422
4180.226
5177.639
5304.493
5556.978
4415.79
4725.215
3898.774
3788.85
5322.297
5062.851
4741.233
4754.318
4787.253
5210.419
3605.788
4063.638
4206.647
4822.047
4459.751
6074.198
4103.089
4841.322
5230.176
5215.288
4548.636
4770.586
6008.188
5060.072
4850.666
4593.539
3459.726
4496.258
4334.542
4770.161
4924.67
4622.505
4683.373
3473.936
4607.836
3799.046
5286.515
5627.812
4702.522
4172.169
4637.426
3709.759
5630.042
5845.754
4685.903
4735.68
5476.946
4727.869
3802.335
4649.655
4277.332
3771.516
5560.252
5053.204
4709.647
4183.593
3818.601
4590.98
4005.199
4709.606
5095.668
4070.424
5754.745
5025.138
4793.599
4307.198
5449.119
