594.773
290.6079
218.3924
248.6859
469.8911
168.7932
221.1048
114.7149
131.9214
297.4703
163.5434
239.9395
152.4489
272.3781
120.9267
318.291
217.8801
131.2923
541.7963
81.01999
180.9659
269.1006
145.8209
421.9528
167.5775
206.7113
289.427
66.00197
204.7122
79.21488
417.4727
188.1839
166.4739
197.1392
286.4406
75.8882
157.5856
76.3407
161.9566
152.8985
282.3269
135.5584
141.4884
77.48769
174.1435
58.06763
88.16789
162.6865
226.1111
219.6945
122.7068
99.46661
116.7706
80.79966
116.2231
93.59073
261.2036
135.6224
187.4151
85.76885
93.88592
118.2978
91.23111
82.11923
83.33005
161.039
139.1952
61.63991
63.6043
176.0193
211.3948
160.0433
363.2486
278.9257
165.6973
260.1636
129.0882
417.7242
105.4702
192.586
367.6105
232.5031
138.4208
231.853
101.6273
107.4644
108.3561
151.79
115.952
85.26724
325.2679
101.3738
159.5308
128.6883
165.4035
104.8515
141.1513
98.56412
119.7974
320.8464
512.3752
117.8485
128.9089
136.8246
238.2123
178.9714
109.7492
106.9301
82.13761
129.423
99.78458
120.1572
341.9318
220.5745
107.0061
225.4011
168.7824
85.89577
267.7773
194.9267
150.7657
176.3733
74.49679
93.53266
102.9398
114.1677
219.7998
213.9172
434.6164
1052.471
78.54377
214.9287
123.255
110.3017
121.3921
751.0522
78.38895
91.033
95.32675
73.4764
63.6357
494.8345
235.1568
135.0759
218.3994
97.18625
76.01515
168.9013
107.4509
89.36987
124.223
117.2772
192.3556
61.40741
49.32085
85.98015
241.4738
71.44969
153.3436
362.5558
158.6309
123.8861
99.07925
95.49855
111.9578
67.63616
109.3671
150.9592
309.5061
162.9506
141.1117
51.41047
69.95436
241.6751
226.41
98.95438
115.5893
514.7446
150.9836
108.2604
214.4006
172.3444
98.49531
84.32706
199.7631
86.92948
110.5263
218.6328
401.7023
136.0231
81.74264
99.66403
126.9214
147.8013
113.1491
94.08205
92.01777
121.4332
127.1378
52.4513
80.44053
113.7239
54.75163
64.59217
148.5925
58.40183
151.094
74.38732
98.39098
93.68524
100.9173
85.01469
86.24326
137.2032
183.5441
65.41524
58.08733
73.62787
104.5577
116.0603
70.90718
206.9167
66.27171
114.6606
102.7645
69.26865
155.9007
182.8968
97.83429
311.0658
109.9476
189.7333
56.72039
79.5397
78.40326
183.8066
42.92157
124.7286
236.8236
165.2413
138.1447
131.4057
118.2818
121.623
67.48798
161.6927
135.5899
142.8651
135.2709
82.9093
212.8969
146.5894
101.8393
183.5567
266.1209
105.1495
250.9604
81.83807
187.1045
90.7619
175.804
157.1331
196.4652
196.3597
140.958
220.7151
174.4511
202.512
343.3288
381.3357
93.04108
136.8533
107.0655
176.3799
139.8361
508.7715
220.9528
314.9237
155.7375
162.0654
259.5945
231.3903
367.7492
101.7155
195.467
185.6796
108.3584
206.4453
307.2909
245.7562
188.1552
148.9524
160.7527
108.3208
149.6084
76.05938
236.2866
228.2198
378.894
162.2883
213.1741
197.2643
162.6524
115.3727
195.0652
125.6717
227.0546
98.20163
391.6296
160.2906
128.7117
207.8075
206.4609
282.4363
416.6662
75.28959
156.731
74.76423
175.0525
100.3816
135.2839
304.5017
166.3391
140.5916
100.4488
146.2546
223.479
214.2901
230.4614
87.9565
77.9587
341.9688
248.6847
110.9433
176.7748
149.7338
172.0574
152.8699
249.1767
334.8859
116.7709
120.3523
111.8593
223.8853
120.4769
261.757
113.9038
135.255
167.7285
190.978
278.0469
215.9317
123.9176
174.8814
127.3219
139.8672
173.0726
205.2536
188.288
150.3743
193.4405
156.3203
310.8615
741.7424
104.2843
117.5567
191.409
187.5493
105.8052
188.8914
195.8175
198.9207
160.1938
99.22821
249.5685
500.9433
173.8029
183.311
172.4297
87.73097
98.92132
235.5593
98.28111
130.4823
180.6344
191.6031
241.4348
310.9608
92.78966
90.10081
135.7571
191.907
77.89221
102.7265
222.8983
379.4481
271.0455
279.8607
144.0101
229.6116
145.6857
130.9459
131.2822
214.6493
211.7102
167.954
119.8521
70.8864
174.2563
99.04307
130.7039
191.525
101.4135
122.5957
112.2599
123.2372
247.744
204.704
136.0604
233.2776
363.1388
132.2305
146.9729
555.3613
113.5931
434.5434
127.4177
312.9016
103.5485
150.062
334.9761
179.7578
279.4708
519.4657
345.6193
92.39491
223.912
161.4764
177.1871
197.5734
73.57129
247.9203
214.0543
126.066
228.3882
152.7619
129.0637
174.5576
203.6823
207.8444
127.563
157.9739
113.7529
147.9254
275.3185
2417.939
103.3608
185.9048
106.4447
157.8417
115.2291
277.261
138.9055
156.4135
125.3684
103.8966
130.5634
228.257
248.5465
407.3923
167.3285
173.7764
75.50198
451.5836
153.6419
136.194
192.6335
309.873
254.4331
181.5342
146.2327
107.3221
313.9542
143.9832
122.3338
235.1738
102.1038
133.7818
114.6441
98.21588
212.9671
174.3674
220.7697
119.8266
123.7862
238.4549
305.3325
80.40614
121.0719
237.8187
