86.23075
86.55105
87.1445
82.24727
82.81208
84.0533
83.61022
82.25713
84.34623
84.48943
86.7385
86.97977
86.54452
87.59907
84.29659
83.2255
81.249
81.422
81.02009
80.04869
83.62557
84.65159
85.56191
82.46068
82.91538
80.37881
83.57542
83.12698
81.52745
81.08479
80.32333
79.27962
82.02733
83.62631
81.93659
84.92672
85.50334
85.15787
82.69117
78.73209
78.17434
80.12045
78.18127
82.37353
78.83845
78.74654
82.97693
78.92627
78.72764
76.73253
77.16519
75.20198
77.28277
74.99831
77.50145
77.14402
73.80859
75.1179
73.82173
71.51731
67.6412
68.37705
72.46206
72.84311
73.43768
72.66197
72.21444
69.57672
67.90136
69.04116
71.95727
71.44825
67.11316
64.07215
67.49589
66.71634
67.74311
67.98947
76.88762
75.75595
77.63124
78.21456
81.0842
79.97943
81.27737
82.77473
78.20392
76.2387
75.46413
76.8691
77.47107
77.53453
78.19265
77.46719
81.43862
79.15877
82.07695
80.11281
77.99766
79.92947
76.86429
74.65928
74.71068
74.61542
71.63526
69.37921
68.76098
66.75552
66.15153
64.42178
66.72185
68.79247
70.7042
68.47492
68.93595
71.94552
70.25989
72.8972
73.05884
70.98079
71.70962
72.96964
74.3531
73.64484
72.41688
78.80366
80.06603
76.70298
75.37231
75.7394
70.80729
71.02628
69.1788
71.0983
71.47854
68.36895
65.36532
67.46122
67.02189
66.42373
67.38716
68.59686
69.14983
73.28156
74.90866
73.82075
70.46852
69.7512
71.50369
75.87389
74.2633
76.52709
72.89964
72.48542
71.72597
75.12108
74.42799
71.77635
73.54711
71.65801
72.93506
73.03009
67.87021
68.34429
69.34028
65.83571
67.83346
68.92373
70.07892
68.93925
73.42102
72.71783
71.2225
72.82274
71.49366
70.48838
71.88789
78.17429
75.13999
74.71355
74.99307
76.06376
75.68331
79.63116
77.2577
77.08878
75.52795
78.24592
79.25023
78.23222
76.71808
76.15532
77.32787
83.67997
84.19042
84.56087
83.71527
82.69394
82.76806
79.72458
76.05424
77.31592
73.48625
73.19251
68.85735
70.02641
71.92549
71.13033
71.87439
72.15227
71.79598
69.14051
70.3293
69.24128
71.41885
68.52899
66.96272
67.94684
66.78401
67.07117
65.52265
63.85561
62.38276
64.7072
66.77118
64.34505
60.36008
59.25186
60.4816
64.20193
62.42459
65.00682
61.92248
65.06484
66.28887
65.62406
64.54218
66.35962
69.42498
72.0804
73.22593
72.25717
69.09502
60.5634
63.98701
63.57884
60.11837
57.63391
63.63222
62.68133
66.28716
66.95853
61.9551
64.10885
64.02392
63.26006
63.55364
63.23609
58.80618
56.20094
54.13556
52.22664
52.53318
55.61237
55.48152
53.31181
54.01018
54.75062
57.46286
57.30615
59.43789
65.37562
66.18139
64.27146
71.5416
75.71157
81.75819
83.14061
87.42259
84.14904
84.22151
83.95376
84.45031
82.11155
82.18949
86.20212
83.28636
84.30468
85.81419
85.56284
90.26751
91.16341
89.60947
94.78694
97.83143
94.71135
93.15619
93.00436
94.99125
93.61747
85.90208
86.34109
86.92662
85.62145
83.99258
83.12663
82.70431
79.56438
79.22136
78.88106
80.74544
81.80322
83.25225
86.47405
84.62922
84.36484
80.29301
85.42773
81.20751
81.90186
81.80015
84.20362
80.53595
81.47564
79.55059
81.14898
78.22379
83.32291
86.36214
85.29842
82.35358
85.3122
84.67504
87.00844
91.81208
94.77893
96.04907
97.66923
98.65622
101.4659
99.88567
99.62057
99.8002
96.46
93.97089
95.84513
93.60724
92.54136
95.34825
91.06337
88.15544
89.24453
87.77364
87.05859
83.78127
76.91893
79.23859
76.99287
77.62658
72.62131
71.76583
72.48545
69.36657
71.29812
71.61248
72.23343
76.7638
78.94761
76.76052
81.47553
82.54823
80.36256
81.18935
78.68481
77.11302
77.11614
74.71699
74.29665
71.63717
71.80249
75.06455
78.63199
81.45418
85.46211
88.71867
88.22815
81.94263
82.76973
82.42303
80.43199
77.50831
79.96176
79.21113
78.39957
83.88854
87.16015
88.05715
89.22422
88.68546
91.02004
94.66689
92.96831
95.39212
89.42682
86.00558
84.39122
81.6146
86.39869
87.13454
84.34728
83.93697
79.49848
73.6943
76.53595
71.66233
71.88321
71.83344
77.90698
78.01779
77.09946
73.98818
78.40479
80.72335
79.75809
77.56374
77.77809
75.36746
77.81395
75.08103
74.40907
76.09344
77.83548
76.2776
78.17831
75.21135
75.32635
77.05889
74.6154
75.34803
71.82499
74.24263
77.27978
76.81954
74.63146
72.7021
70.0588
72.74607
68.45047
68.77755
70.59018
69.84432
74.87114
76.8829
77.95174
78.58224
76.26056
77.79738
84.10295
81.52626
83.10428
82.07145
83.79357
86.53572
86.04266
83.21183
82.10716
81.04176
85.97798
83.01785
84.45145
81.29373
77.91506
80.55513
79.10854
78.67246
73.7689
74.26189
79.05201
76.77548
76.18767
80.15589
82.18651
81.4358
85.30111
87.60469
89.17433
90.04521
92.5742
92.56046
90.24305
88.92263
87.62866
90.32317
88.01703
90.03928
94.41276
96.35592
96.06533
99.82283
101.5555
