291.7556
311.4032
316.0203
307.3066
289.1865
314.5716
321.6669
307.2612
281.5303
307.781
301.2208
299.937
312.5782
334.6294
304.4842
318.1849
311.6411
294.4141
316.6412
268.7113
315.7282
296.4206
299.9267
316.3471
306.6772
294.1305
291.6569
307.7062
327.6153
289.1129
285.9702
301.0667
297.8334
292.8871
283.0532
298.6049
299.9124
312.8432
294.8118
300.3355
297.0735
290.0898
277.9156
292.4524
277.718
267.8348
230.7167
211.4926
257.323
242.1262
224.1053
196.4508
204.322
184.8034
192.1347
166.601
156.2626
160.9885
151.7443
152.0249
141.0728
121.6907
75.0919
58.06158
62.01616
56.54634
50.69136
55.18753
54.48579
59.89945
59.25207
63.9822
64.87199
58.12169
53.76492
55.02279
58.04681
60.87999
60.80469
54.27591
62.37217
57.31269
60.12027
57.73442
59.3776
60.10797
50.30212
55.69633
48.95381
61.07841
55.16331
54.71329
59.20373
58.73866
58.02033
50.19164
60.25883
61.17484
64.13982
54.75297
59.27935
55.19
48.99859
53.22974
58.75878
59.99033
57.91066
62.37547
51.92085
52.61954
53.115
56.06038
57.64007
57.77915
52.65984
60.59311
61.30319
55.41838
58.92528
60.75589
52.81822
69.96884
52.20516
60.89954
59.4139
59.95085
58.43586
50.53696
61.21813
59.53991
57.08591
57.43531
53.92833
61.76733
55.2614
57.51042
64.0524
59.51288
57.32588
65.08944
58.71972
59.49855
54.52513
65.8301
51.34739
58.48858
62.80545
50.66373
60.74573
48.35097
56.4936
55.5329
62.07439
51.7832
57.47488
52.20621
55.32039
57.70831
62.48182
56.47245
65.46633
59.41481
55.35364
56.43105
56.61995
51.72254
54.53687
52.7647
60.67617
59.85669
61.52741
62.01547
53.18609
66.56129
69.02577
53.8999
60.64484
66.11406
51.57021
55.69418
58.05398
57.67035
59.39113
59.59397
61.53376
59.09638
54.10783
65.17243
53.81215
55.97385
57.74159
62.56697
51.18603
68.43722
64.75068
56.51593
59.09842
56.84205
64.28593
60.04023
60.56198
52.43349
56.13467
56.43891
59.03119
59.90723
62.27532
53.57253
54.19412
61.63005
58.76293
55.33648
56.91282
62.66767
52.88938
53.06706
59.77097
54.33695
59.29447
61.82775
52.04139
52.64234
54.54904
61.27798
61.22377
58.87186
56.24146
58.14923
56.72099
56.41211
59.91984
53.51639
54.43841
61.39177
59.55953
55.79086
65.50934
59.8671
59.09334
59.01753
55.11272
59.69224
58.88797
56.82867
61.21749
66.12748
56.12211
57.80667
50.97426
52.79835
61.18931
56.27915
53.52944
56.23553
54.46199
53.88564
56.75248
55.61425
49.31011
54.50194
47.14518
59.76054
58.50407
57.75998
55.63738
55.04287
63.52758
56.24319
55.94198
60.11735
56.46116
56.85288
59.68091
64.12121
58.84076
52.91169
56.12718
60.29878
57.94955
60.29196
52.81274
60.85783
64.79167
61.85456
64.64323
49.65185
55.1568
62.58338
55.55361
65.3123
60.2254
54.2567
57.69408
64.77045
66.75623
51.71429
56.8501
55.96836
63.31127
49.55963
54.03975
63.27138
50.08271
58.30375
60.46957
55.8229
59.73364
56.23508
62.49857
58.10062
53.80685
54.09583
53.95166
52.53173
56.48367
59.0313
56.84818
55.02196
61.47514
59.10926
69.64257
55.99075
51.22029
62.59371
57.62279
53.95192
64.69851
56.3047
58.24801
56.3848
60.60517
60.3531
51.86246
61.29788
57.00271
57.82172
60.91349
61.10177
54.8842
58.40979
60.07468
52.39463
60.61927
56.60714
58.86092
57.42845
50.47733
56.91778
52.65753
62.85329
56.05124
52.62054
56.12769
62.05161
61.80576
60.56093
49.44457
57.41439
55.33187
53.95934
62.68274
64.17325
57.37518
59.15994
55.01063
56.97079
54.01013
55.6089
60.70314
52.37672
52.35459
56.72234
62.73115
62.97972
58.23715
64.38312
59.2842
55.72947
56.8665
56.06513
56.34316
56.53936
72.48597
57.99451
50.81331
54.92828
57.8454
50.00072
61.21275
57.52595
68.01858
57.0779
68.11289
55.42523
52.78907
53.16896
65.22775
52.63549
63.05078
58.64473
61.40771
66.35629
59.94759
58.71679
59.53581
57.65255
55.17842
53.43998
54.97364
56.62697
59.72504
73.10033
60.51738
65.32498
56.26793
62.7335
57.48307
63.7651
53.86956
57.62554
60.02571
56.68756
62.86856
59.07467
62.72908
54.49234
54.82824
61.07934
56.31987
57.46001
54.3958
58.63953
59.92552
56.58436
55.93982
53.39662
53.73209
63.40594
54.58868
53.32557
59.15654
55.35562
51.41821
56.3039
56.50942
61.79633
51.55168
66.27217
59.94667
56.44074
54.90707
51.40186
54.49715
59.47935
51.73967
51.44868
62.78342
51.91492
49.85278
55.42342
55.36343
55.01761
48.9277
54.97934
53.75437
59.58566
61.59417
58.14097
53.01437
61.40654
54.98336
56.33843
52.82772
65.14978
59.84743
62.64709
58.08246
67.94027
47.08823
60.40514
48.02174
57.85243
60.98977
52.48349
52.0597
61.56802
57.2577
55.12305
52.17322
58.44105
51.57501
58.17819
50.47251
57.60729
54.22658
58.43584
55.60262
53.84738
60.06784
67.52939
