103.2226
104.0112
102.3101
105.0776
106.1111
103.9056
103.4324
103.8835
104.784
104.9393
106.8007
106.2605
106.3985
106.0938
107.4258
107.4737
105.0154
108.1542
106.9885
106.015
106.3851
106.431
104.551
105.0631
106.6726
106.4566
106.9402
105.8011
106.4558
106.2694
107.3551
107.6118
108.8432
107.4054
107.6588
107.3577
106.2176
104.5425
103.524
103.2008
102.4547
104.5841
103.8605
103.1473
103.1768
102.4974
102.6386
102.9138
103.0463
103.2076
103.7912
104.3576
104.0825
103.8683
104.3618
103.8242
102.9249
102.9247
102.5494
103.2219
103.4488
102.9452
102.7467
102.8815
102.2946
102.228
101.5835
101.6857
102.7146
101.9441
102.5077
102.6308
102.6746
102.5649
102.8568
102.9778
102.4861
102.4416
101.7024
101.5816
101.5427
101.0962
101.0254
100.6339
100.3633
100.4056
100.2701
100.4248
100.4989
100.8756
100.4654
100.7316
101.029
101.7043
101.5478
102.2594
102.9796
102.5705
102.5541
102.5602
101.7846
101.456
101.2747
101.204
100.6612
100.5083
100.8527
101.8133
101.9156
101.7171
101.5672
101.033
99.7234
98.85756
98.70957
98.91866
99.16091
99.47865
99.736
100.6358
100.9255
101.6035
101.7511
102.1479
102.6166
102.9064
102.1064
101.9598
102.3553
101.9818
101.6667
101.6689
102.3347
101.9955
102.7872
101.7539
101.5738
101.377
101.817
101.2098
101.0004
101.2271
100.1991
100.9358
100.7465
101.3569
101.7351
101.9856
102.2032
102.2068
102.3251
101.6825
102.2467
102.3224
101.5186
101.4832
101.3508
102.1447
102.4725
102.4266
102.4282
102.2948
102.7139
102.2251
102.0057
102.1634
101.7732
101.0763
101.4785
101.5832
101.2392
101.4033
100.6641
100.2905
100.5521
100.809
100.6599
101.1477
100.6979
100.4004
100.3901
99.7252
99.1306
99.13532
99.51413
98.8601
98.88609
99.0491
98.82897
98.73292
98.68894
98.9899
98.3093
97.73866
98.55556
98.64109
98.23643
98.49697
98.75476
99.83472
100.0198
99.93461
98.94494
100.0042
99.93899
100.7987
100.9793
100.7141
101.1731
101.6547
101.5271
101.9989
102.0879
102.6678
103.28
104.3239
104.4402
104.412
104.9324
105.3349
105.2873
104.7982
104.3867
103.7942
103.162
103.8515
103.9625
103.4895
103.5209
103.2543
103.3591
103.4778
102.772
102.5853
103.2042
103.9556
104.0102
104.4728
103.813
104.0873
104.4741
103.7114
103.4525
103.5596
104.6882
105.2714
104.7371
104.7309
104.28
104.6277
104.581
104.4986
104.014
103.8846
104.7782
105.1145
104.841
105.0417
104.6412
104.099
104.2326
104.7828
104.7887
104.6936
105.5132
106.3392
105.5846
105.6372
106.5082
106.1797
105.7741
106.3566
106.1893
105.3887
105.3873
105.5619
106.0433
106.1436
106.5089
107.2917
107.9384
107.9937
107.7101
107.5357
108.1294
107.75
108.4546
107.7398
108.1038
107.5496
107.4571
107.8542
107.0974
107.8513
108.4899
109.2171
108.5841
108.8908
109.1389
108.9192
109.8497
109.1576
109.2247
108.9608
108.8717
108.7895
109.1971
107.6954
106.9161
107.3377
107.8572
108.6703
108.4652
108.2111
107.7189
108.1152
108.0388
108.1383
108.0685
108.3936
107.4841
107.89
107.83
107.5315
107.1739
107.2327
107.7101
107.7433
107.3983
107.812
108.653
108.9519
107.9462
107.7045
107.6103
107.2131
107.4577
106.7527
106.5809
107.3228
107.5123
108.0181
108.1061
108.7397
109.078
109.1583
108.7508
108.5909
108.9111
108.6075
108.7869
108.876
109.1144
109.3461
109.2175
109.3157
108.712
108.3324
109.0778
109.5142
109.6621
109.1463
109.4226
109.1095
108.9517
109.2187
109.2709
108.5052
108.8073
107.9046
107.4437
107.5096
107.175
107.1736
107.0686
107.565
107.7975
107.3532
106.504
106.2215
106.5571
106.6667
106.6195
105.976
105.7728
106.0901
106.3557
105.2229
105.6473
107.2506
107.5758
107.6476
107.7146
106.8955
107.7365
107.3539
107.0477
107.4684
107.4061
108.2444
108.0929
108.7036
108.7891
109.1694
109.2202
108.6098
107.9441
107.4874
108.0305
107.3176
106.1129
105.9067
105.5126
105.4774
105.5008
105.5208
105.2388
104.9773
104.8157
105.3195
105.1975
104.9432
104.7868
103.8449
103.6164
102.7717
102.5014
102.2911
102.3602
102.4093
102.1518
102.4456
102.3268
102.0862
102.2026
102.1545
101.2065
101.1662
101.2444
101.5499
102.6942
102.9401
102.8369
102.6618
102.354
102.0107
102.2818
102.3321
102.0635
102.3443
102.8659
103.314
103.7992
103.4384
102.5936
103.2625
104.1994
104.1346
103.9907
103.425
103.1656
103.0567
102.8021
102.7829
102.7221
102.9517
102.5906
102.0324
101.0277
101.2329
101.5648
101.748
102.433
102.2909
102.6267
102.0221
102.2798
102.4554
101.9146
102.0393
101.7442
101.3922
101.3992
102.3221
101.2439
102.178
102.329
101.3295
101.4929
100.931
101.0386
100.7
100.9286
100.471
100.1931
99.92922
99.65088
99.95796
100.878
101.2249
