10.03874
11.63987
11.23001
18.0953
16.35529
17.63335
22.55263
31.02534
43.18356
49.62972
86.92278
375.7433
2344.63
3889.893
5043.98
5313.002
6387.155
5609.402
6086.332
6406.729
7717.602
7397.568
7036.88
8013.836
7867.423
6894.935
7884.114
7186.147
7773.158
7472.042
7128.951
8010.897
7455.338
7830.895
6489.93
7778.532
6145.784
7868.877
6642.273
6712.849
7775.372
6755.023
7508.278
6918.278
7891.237
8133.071
7183.598
6473.657
8137.311
7206.809
6884.718
8523.058
6967.248
7163.133
7113.151
7914.072
7480.856
7606.048
7639.639
7905.477
7230.778
7774.017
7128.124
8760.532
7897.03
6736.665
7537.345
7317.929
7191.993
7214.054
7456.948
6865.904
6232.709
8292.919
7840.343
7000.137
8122.907
6949.186
6818.183
6896.031
6626.23
8456.857
7156.562
7997.222
7406.788
7400.246
7549.179
7583.296
7177.078
7134.559
7980.706
8655.993
6508.364
7390.312
7346.205
6885.527
7143.437
7244.964
7335.583
7327.199
8483.981
6849.685
6406.88
7456.194
7358.78
6675.96
7506.708
7546.979
7270.283
7427.392
7785.685
7462.733
7663.285
6100.161
7375.9
7202.219
8272.234
6924.538
7224.131
7229.184
7728.713
7395.036
7619.748
7621.947
6912.042
7225.45
8019.624
9158.626
8820.593
8507.493
7302.042
7309.693
6807.36
7524.89
8194.356
9083.027
7843.618
7637.38
7052.671
6964.241
7287.315
8337.499
7326.045
8081.731
7980.69
7121.977
7043.135
6758.411
6907.866
7809.351
7122.379
7278.343
7819.491
7845.232
6892.06
8195.222
7080.708
7106.61
7975.895
6830.456
7381.036
7395.088
6878.952
6973.915
7349.078
6752.021
7074.795
7869.529
8447.663
8293.124
7083.4
9316.454
7084.524
7895.445
7319.353
6866.007
7399.57
6663.931
7652.962
8618.308
6937.275
8157.104
7922.569
7413.759
7492.188
8225.805
6238.897
8056.903
7023.992
6599.041
8698.104
7678.337
8695.185
7963.03
7072.541
6740.079
7443.467
6445.693
7715.166
7100.834
6324.394
8848.175
7567.98
8065.155
8584.556
7802.619
6587.165
8000.495
7353.167
6655.718
7564.587
6959.545
7484.839
6253.912
7700.071
9144.043
7397.793
6710.274
7649.613
6794.665
7001.635
7298.784
7666.727
7680.287
8152.725
7105.194
8157.125
7558.37
6625.59
8391.708
7689.599
7367.007
7113.348
6324.074
7419.388
6452.164
6495.518
7113.693
8803.03
7020.059
9648.354
8321.451
7599.437
7396.538
7438.961
7918.536
6224.826
6905.203
6804.009
6773.528
6077.41
7461.558
7519.785
7988.452
7578.239
6477.979
7857.51
7755.111
8079.338
6971.253
7544.206
7431.306
7203.187
7374.63
7745.788
8277.572
7566.21
7320.775
7275.233
7077.023
7692.502
7023.893
6893.804
7544.253
7227.23
7997.149
7654.474
6527.344
7641.845
9939.803
8021.566
7586.289
9044.999
7030.613
8801.221
8020.879
7990.144
7660.434
7046.431
8470.517
6237.192
7309.557
7935.346
6529.925
6556.993
7828.469
6759.239
7587.126
7970.63
6707.552
8104
7682.401
8843.936
7569.687
7813.242
7532.966
7615.365
7574.638
6564.575
8160.429
8067.583
6851.897
7244.737
7747.44
7590.21
7946.698
7887.109
7388.883
8084.743
8406.58
7391.94
7147.289
7491.685
7541.555
8800.283
7976.259
6346.587
7806.861
8152.181
6298.465
6972.701
8247.602
7873.798
7102.297
6862.595
7323.301
7382.137
6667.558
6829.756
6763.975
7503.598
7425.484
8109.585
7461.646
7763.45
8057.942
6724.15
7952.773
7522.51
6839.82
6908.396
7442.343
7768.646
6974.56
6927.007
8699.702
7585.002
7470.365
7779.915
7977.108
7386.258
7745.403
7834.141
7703.977
7525.945
7489.138
7500.311
7656.616
8522.083
7446.206
7731.585
8518.671
6984.916
7293.361
7556.449
7186.267
6890.44
7439.627
7213.408
7687.387
7176.04
7561.85
6810.055
7291.039
7053.026
7318.595
8238.809
6972.423
7159.804
6444.302
7264.43
7254.787
7120.979
6895.663
7095.785
7934.74
7016.768
7801.037
8868.704
8266.262
7371.935
7530.011
8749.445
7570.404
7839.96
7794.637
6413.064
8218.68
8342.111
7455.145
7376.822
8190.329
7872.317
6880.035
7227.678
8793.51
7297.449
7756.393
6835.7
7643.518
7403.521
7422.714
8967.386
7895.32
6400.797
8337.131
6935.814
8214.871
7011.045
7246.258
6990.952
9410.371
8395.594
7508.999
6770.263
7734.363
6959.437
6507.61
7124.246
7711.977
7291.973
7451.974
7109.689
7205.54
8225.002
7032.793
7788.269
6783.198
7548.712
7502.989
8344.287
8961.962
7997.194
7025.02
7810.274
6838.019
7806.343
6367.872
7625.991
6204.819
6562.387
7674.185
7335.249
7353.643
6734.787
7692.28
7144.267
8466.085
7243.318
6958.753
7084.985
7759.132
7253.737
7119.872
8110.254
7132.818
6160.759
7504.147
6754.832
6956.68
6902.57
6866.649
7380.041
7905.721
8004.583
7145.139
8020.055
8131.8
6874.4
7960.589
7362.604
7084.571
8153.208
8361.87
7033.696
6767.845
7386.142
7856.753
7364.983
8206.659
