5.308512
10.70241
24.72847
93.28116
306.0851
880.6558
1398.275
5603.64
17292.87
31852.29
23029.6
20107.06
9473.545
3785.893
1357.344
900.8888
518.1203
331.6824
213.948
95.13637
53.2351
28.61265
21.88825
14.38407
15.41747
10.78436
8.543314
8.194685
8.104376
4.846277
5.221387
4.060168
2.935911
2.595317
2.525107
2.071803
1.351037
1.597714
1.331566
1.679912
2.753036
3.464493
4.131997
4.527986
2.610443
2.766885
2.589409
2.694793
2.992798
2.69259
2.481627
1.539626
2.492326
2.895955
2.03161
1.640798
1.625093
1.919624
2.275362
3.024634
2.734514
1.56081
2.403565
1.798102
2.714408
3.06399
3.04663
2.786471
2.851857
3.662316
2.146769
3.393185
3.647098
3.402564
7.630231
4.951415
5.290863
4.784392
4.931412
6.185745
5.442025
3.492699
2.121513
1.22155
1.963208
1.747531
2.20722
1.788558
1.912409
3.406595
4.298893
5.51635
6.628735
5.470218
3.747904
3.385174
5.307586
4.932139
5.804915
3.94236
4.455266
3.24348
2.923799
1.837259
1.672155
1.102372
1.216681
1.196733
1.032981
3.074167
2.749108
3.491594
3.696146
1.857831
2.474687
2.730637
3.555048
2.355561
3.169693
3.431487
2.694652
2.357166
2.734307
2.754303
3.497022
2.812916
2.267743
2.396738
1.548094
2.143357
1.833559
3.150826
4.888309
2.811987
3.368121
2.624805
2.083369
2.920958
2.808731
2.657925
2.055378
3.189768
3.749009
3.232647
4.213461
2.91679
2.402721
2.392901
3.125517
4.824213
2.99338
3.193506
3.01088
4.125
3.055294
1.514749
2.272221
2.214316
3.675143
3.770303
4.123011
4.257921
4.580615
2.896075
4.541402
6.495537
7.391418
9.238083
7.317964
4.192885
4.187385
5.844149
5.393003
4.121176
4.404618
4.169497
2.462932
1.931954
2.212882
1.716344
2.291281
1.503443
2.487071
3.110535
2.905917
2.907459
3.163528
2.675417
1.789175
1.705351
1.239265
1.791499
2.139702
1.862271
2.050845
2.345991
2.635282
2.867609
3.14085
3.098567
3.234112
2.720917
4.305059
4.218331
2.189952
2.807114
4.566728
3.350832
2.720815
2.857977
3.629852
3.148319
2.741406
3.250099
1.75595
2.195182
2.331437
3.489935
3.660757
4.954905
5.935112
5.427486
3.483891
4.144507
3.962856
6.440406
6.781912
5.482079
3.9407
4.136328
4.201127
4.733912
7.669848
10.51763
11.13859
6.520212
6.347096
5.772957
6.875645
3.955973
3.220587
2.202398
2.900106
2.823834
4.64789
2.708949
2.72668
3.473923
5.371704
3.527534
2.875584
1.730982
1.748072
1.914793
2.267185
2.300298
3.162529
3.427771
2.641823
1.989651
2.464278
1.556922
1.505694
1.179094
1.059825
1.070537
1.556981
1.833682
2.043285
2.530399
1.940095
2.947854
3.604941
4.630854
1.876604
3.418047
3.679702
3.784222
3.094025
1.652122
1.168493
0.7938945
1.500871
1.662861
1.747028
1.695888
2.594228
2.381792
2.191551
3.169491
3.25419
2.564315
3.052461
2.346924
2.20405
2.532912
3.298234
2.570111
1.589382
2.013296
2.393887
1.669798
2.126277
2.490007
1.709726
1.614223
1.492403
1.810397
2.124221
1.917366
2.051132
1.872901
1.975209
3.587542
3.028871
3.114909
3.057953
2.231666
2.493879
2.010906
2.075336
1.683889
3.061002
2.072101
2.210075
1.886251
1.542721
2.151946
1.746984
1.640738
1.899113
2.736828
1.702668
2.370171
2.942424
1.267374
1.6607
1.734888
1.795471
2.970854
1.654654
3.047856
2.65729
2.037413
2.269781
3.268091
1.818298
2.701248
2.987737
2.999303
2.226512
4.767561
5.358072
4.974771
3.826263
4.544442
6.369287
5.237093
3.832759
2.719398
5.337449
2.465665
2.966835
4.19134
2.916982
3.417737
3.060547
4.644437
8.730439
5.023974
1.762587
2.176566
3.55689
2.956914
2.886379
2.530695
3.149661
3.254615
5.679223
4.672336
4.754096
3.385349
4.266113
3.185586
4.062484
3.277211
5.923264
4.842205
5.61199
4.588396
3.474456
2.765238
2.810246
1.962006
2.228444
2.894177
2.197076
3.128307
3.719482
1.582662
2.345069
1.549277
1.876304
1.399822
1.481329
1.361507
1.232112
1.246858
1.287204
2.228259
2.622554
2.479401
2.243393
3.369843
3.02863
2.656767
2.543645
2.791734
2.615897
2.283964
2.017246
2.761969
2.122059
2.007105
2.069347
2.464951
1.867847
0.8485932
1.357472
1.45307
1.538417
1.507996
1.309562
1.28771
1.849785
2.32147
1.079373
1.281007
1.30404
1.964248
1.924775
2.582501
2.227416
2.890665
2.69838
2.90571
2.728605
2.53076
3.464399
1.93747
1.714653
1.968378
2.082652
2.304316
1.977624
2.321855
3.181981
3.450362
3.772723
4.838543
6.755703
3.493623
4.207085
2.547443
3.737276
3.27082
3.703461
4.77981
7.154958
7.290702
7.060749
4.627694
3.521966
2.307073
3.240462
3.076535
2.539779
1.799681
2.24899
1.67611
1.827013
1.711798
1.414026
2.97546
2.126301
4.507794
5.437088
8.419787
4.748115
5.019028
2.240868
3.663698
3.349584
2.965967
3.135469
5.662757
5.346351
6.745151
6.692938
3.723474
