9.077746
8.575635
8.466756
14.08968
13.00486
10.46557
9.494644
10.10606
12.39048
10.23774
7.384393
5.667134
4.63532
3.889994
5.490557
4.267097
4.152863
5.278745
2.903027
3.07319
2.983414
3.36437
2.081477
2.863281
3.425694
4.601643
4.02292
5.766416
4.026235
6.30034
6.16316
7.429158
7.569422
7.973426
8.317031
9.728202
8.778025
8.574638
6.975085
7.508312
9.660943
11.96785
12.68602
10.98966
13.8911
18.65037
14.36877
11.19576
10.27314
7.31694
8.562396
11.60171
7.268001
5.656747
6.702419
4.690579
4.651282
4.330702
3.527615
3.473789
7.164213
4.742932
5.057422
5.776714
5.797117
8.678207
7.087741
7.939167
8.833
8.856029
9.8808
7.184766
6.718799
5.163701
4.030797
3.443837
4.155897
3.515121
5.325208
6.269211
5.23603
4.100288
4.555521
4.493365
5.246357
5.995142
4.776836
4.51914
4.827351
5.124295
6.39257
4.361472
3.918582
4.646603
5.610308
6.404332
5.20162
3.652108
3.983051
3.71874
4.139677
2.826043
3.671793
3.524882
4.707874
4.965258
4.336985
4.802373
5.267785
7.272441
10.53734
7.939788
11.06595
10.49389
9.00693
6.798833
8.820006
5.903624
4.520986
5.005042
4.030639
4.228052
6.03678
4.749876
7.048674
6.712773
4.288276
4.006055
4.275729
4.181594
4.280344
3.658225
6.551848
4.832628
3.351447
3.699145
3.364891
3.192155
3.594216
4.007333
4.805246
5.029839
6.363916
5.502426
4.91644
7.568743
4.260195
4.943473
4.601652
4.552303
5.288915
6.461945
5.854999
5.703808
6.187154
4.234211
4.671018
4.136416
5.126003
4.23649
3.826929
4.076847
4.973493
5.864675
7.851247
5.325198
6.805675
5.511028
4.190968
4.214504
3.37186
3.500372
3.45721
2.732482
2.48879
3.045377
3.654194
5.723447
8.015738
7.670484
5.425264
4.637406
4.349317
5.457242
5.750212
6.053013
3.836274
3.915831
3.801549
4.096726
3.490752
4.106769
5.124601
5.562425
6.240744
8.452185
7.992775
6.811631
5.302461
6.220097
5.759814
6.917397
7.553879
7.225762
6.479072
8.809166
3.66629
3.335323
4.527022
5.464191
5.554917
6.228778
7.934542
8.614112
7.255482
8.613069
5.19128
4.311658
3.64088
5.521789
4.299227
5.243731
5.901886
6.718138
6.175915
4.012944
3.668946
2.958725
4.148358
3.566126
4.451484
5.205506
4.396197
2.662723
3.352634
4.952263
4.584718
4.550844
4.950741
3.585078
3.987627
6.328155
4.909193
3.025181
3.096702
2.819732
3.233928
3.976954
3.025964
3.736031
4.505452
4.365543
2.944657
3.558375
4.145358
4.657616
2.813981
2.950139
4.019487
4.210053
6.716309
7.509945
6.780685
5.382374
5.502901
3.195572
3.552819
4.144426
3.133479
3.271376
4.203104
4.698687
3.980292
4.300916
4.132365
4.064751
5.115348
5.805563
5.901369
3.787167
3.398402
3.730197
5.513302
3.485727
2.828901
3.571229
3.651133
4.564944
5.441053
5.684898
7.032065
7.196911
7.914683
4.935764
3.718591
4.505521
6.201835
4.563509
4.295597
3.517853
3.962215
3.192759
2.757155
3.645819
4.195656
5.290605
5.340811
4.774158
4.160081
5.095209
5.412207
5.271779
5.110047
5.713507
5.472644
4.922631
4.498523
4.797005
5.307941
3.812139
3.990338
4.444696
5.931515
3.978667
4.355611
4.452824
3.894598
3.121146
4.678367
4.791182
5.784876
4.462452
5.912032
6.85007
9.282352
10.94375
8.511989
5.661895
8.137919
5.030869
3.368258
4.807404
4.422976
3.383443
2.657188
3.442534
3.618336
4.095264
4.792706
4.46126
3.732713
5.413812
4.927095
2.642195
2.512315
2.416885
3.502626
2.660737
4.076679
3.48302
3.067266
3.716504
3.954429
4.647059
4.377606
6.064615
5.018766
4.216695
3.590884
3.331398
4.116517
3.856724
3.781983
4.581256
4.951798
6.269585
10.25039
14.01608
17.01798
10.6632
6.675255
7.662356
5.883341
4.241642
6.032399
7.897729
6.048559
4.968979
5.074944
6.271066
5.279525
5.348142
4.086786
4.038162
3.680107
2.989058
4.116257
3.702462
4.228478
3.56828
3.663823
2.836042
3.626593
2.992754
2.946623
2.696694
2.777416
3.459756
7.258424
6.36883
7.874279
7.634051
8.611983
5.515406
4.393011
7.123942
5.922224
4.228734
5.91131
5.195217
7.087579
5.195274
6.238759
3.922345
3.5182
2.991276
3.001479
2.650249
3.704756
2.945122
3.670001
2.728064
3.093752
3.284198
2.251074
1.873245
2.401056
3.623317
7.621436
9.414436
8.419271
6.753398
4.658711
4.066007
3.314559
3.391759
4.04346
3.286926
3.57275
2.919368
3.584583
6.461479
3.917552
3.292407
3.973532
5.896463
7.496015
6.093538
5.265409
4.305029
3.438627
3.655948
2.46016
2.867725
4.249632
4.540327
4.06243
4.191557
4.604474
3.994529
4.547601
4.396478
4.93537
4.761955
5.157549
6.097361
7.359006
5.303493
4.801058
3.938649
4.085342
3.954524
3.543893
5.369155
4.614205
4.371014
4.538307
4.266124
4.05233
4.343577
4.498995
4.815612
6.062708
4.554293
4.949409
5.217775
5.838901
4.184685
3.521055
3.907049
