16.66548
16.5767
30.64662
40.02648
21.90205
16.0448
21.08339
16.98268
23.05976
19.5324
14.58748
12.19743
17.67902
11.97607
11.73109
13.23067
11.08961
15.02732
21.62658
16.60938
13.3324
15.11391
24.96429
42.50237
56.63919
53.4324
34.91524
37.16653
39.88948
30.16773
35.23718
38.78644
28.11535
23.7821
18.27964
24.0458
20.92766
20.46788
33.99574
25.69193
19.30064
13.45365
9.351097
19.62296
21.70646
13.89754
13.40134
24.42864
31.01511
34.08296
17.03573
14.05488
34.50324
41.22883
66.8903
86.35144
45.48484
23.64315
19.94783
19.24634
25.6432
20.99278
14.02686
15.99092
14.63439
17.64935
33.82851
27.86618
19.80633
17.2486
21.97761
25.37971
18.03558
14.84461
30.36494
50.364
56.14346
47.0339
41.19036
42.35064
48.95439
26.93743
29.32922
38.1806
25.19464
19.17046
19.52272
21.0315
28.11194
23.19788
27.94031
40.66371
40.25316
27.01079
64.59836
61.5832
49.77569
34.93112
19.80709
30.14002
26.39335
23.6639
21.59256
18.64007
24.62138
22.01291
25.43797
26.66557
20.40949
28.04926
34.70538
82.11277
84.84327
61.00738
43.42389
30.08383
22.46693
17.95099
18.52593
20.68779
15.963
18.41567
28.07385
31.12702
58.63521
82.50022
34.09463
28.03857
24.15371
14.69457
22.81869
37.45393
35.8608
22.2291
49.64026
29.06191
29.07898
33.35963
30.32252
27.96438
36.53261
50.16666
36.20593
23.12331
18.21408
17.07561
22.58436
12.7293
13.26591
10.10494
18.06479
26.74642
28.24256
13.22811
27.65164
23.25017
37.32203
24.3175
25.65774
28.63734
26.03153
45.36264
42.36897
32.72174
48.2531
26.60472
26.77206
20.05946
28.13034
34.60765
23.5445
14.53182
25.04003
22.45437
25.7014
14.6877
12.75464
13.62555
12.10396
21.43159
22.60952
36.53013
20.45413
15.46832
25.5928
29.22733
20.27706
16.16223
20.29815
34.94996
31.15999
36.10031
25.36466
29.12489
50.25588
32.87898
43.70973
42.77912
36.75955
15.06188
13.69624
19.15517
19.08567
12.54553
26.73925
17.58652
14.35992
15.80281
30.16256
32.56003
24.83151
17.71353
14.69537
13.56266
18.22117
15.72194
34.09602
29.71546
20.27882
19.59953
17.14366
28.54038
32.14351
34.28479
20.31727
29.22739
15.8906
15.24293
13.03803
20.20781
34.7311
17.92644
22.7544
16.58432
21.21542
23.80285
28.93457
54.42352
45.81941
57.36918
57.38667
38.46216
47.07431
68.00559
38.74332
42.22402
39.28441
29.90001
15.98022
22.10349
22.96751
22.62707
17.67214
20.95614
16.60862
20.96019
29.253
16.33081
12.95584
20.93822
23.90046
28.49623
23.0919
23.89852
33.3486
12.53785
21.49853
20.33086
16.37698
12.90038
17.66453
22.92702
32.43429
23.09937
22.78325
44.17535
38.54652
49.97134
77.94134
58.97306
55.1457
36.29425
23.36645
20.69499
13.36589
16.44642
19.43429
21.97019
11.4549
30.41845
42.39488
20.90129
21.35635
28.80963
17.70019
19.76212
25.71741
14.48476
14.76112
21.83473
20.32038
20.78216
30.73462
25.82065
17.88987
18.70018
23.72436
19.73363
20.39253
19.18632
20.05145
17.90798
9.23078
12.75408
18.3554
12.41989
12.38764
18.11511
14.31418
17.1537
28.98308
13.79645
34.24625
28.86124
26.28777
27.63476
22.69052
26.08439
19.82117
15.70829
20.2964
32.09437
25.31678
43.25867
24.71399
31.31706
28.61521
31.48934
26.20272
60.83985
33.80467
30.77648
29.09938
20.272
21.1895
22.98134
25.83941
35.01091
17.72454
28.1004
24.62093
42.42465
66.25812
69.1218
22.57142
35.38976
31.88296
43.83743
31.9386
35.38067
52.59173
27.19019
24.38321
37.1441
34.43408
37.044
42.56673
62.6602
33.11865
20.07315
13.70068
25.54189
23.56584
19.76952
24.48165
17.08969
27.67039
28.49883
26.23512
26.37576
42.41675
26.97652
35.46271
30.57629
24.43939
28.53131
29.35743
25.26595
34.15153
28.18621
19.32369
22.59014
34.00536
20.75871
29.31634
39.32037
34.48025
27.20587
14.84187
26.22617
20.83886
28.05554
46.53519
41.03533
43.50564
48.41985
37.81102
29.34046
21.3043
42.85818
39.07573
59.03436
20.44559
16.59456
28.06022
29.12352
31.68655
44.30738
60.17155
43.32299
32.91432
30.15458
39.74628
58.43189
41.14049
29.39337
24.99402
29.39931
25.05352
36.22854
45.67588
32.11065
16.16287
15.1744
14.56647
23.40624
19.62268
22.36748
19.42398
39.54255
22.30543
21.68159
20.18922
32.5618
20.22494
52.11889
35.27619
22.05707
21.00089
16.76768
18.73497
23.76176
21.31938
12.18208
13.62141
14.2887
24.03558
26.58741
24.9848
17.71591
23.3431
13.44181
14.25668
18.97978
16.33825
17.613
22.41915
25.45006
23.16665
18.91032
19.41272
11.70419
15.37493
22.86001
21.7008
15.1737
23.30831
26.60011
31.80262
38.85623
23.94528
31.51097
27.20878
30.60625
48.02878
37.37365
30.60619
53.46549
58.20838
33.82867
27.31474
41.3628
38.92711
35.96357
19.18096
16.54655
13.87633
29.60825
34.14314
15.4764
