103.0777
102.8804
103.0196
103.3109
102.8297
102.5236
103.3203
103.2224
103.6833
103.8743
103.7164
104.2312
103.5183
103.451
103.8771
104.2073
104.0588
104.2593
104.2861
103.5828
103.405
103.3876
103.7688
103.9065
104.0868
104.1511
103.9996
104.1032
104.1533
104.3259
104.482
104.9235
104.6788
104.5233
104.522
104.6632
105.4755
105.6913
104.4581
105.0693
105.0814
105.5426
105.0405
104.0167
104.2944
104.1769
103.8579
103.8444
103.7261
103.0966
103.4616
103.1262
103.1704
103.6823
103.1428
104.4471
104.9118
104.9726
105.8925
105.8671
105.8259
105.7189
106.6022
106.6546
107.0193
107.0172
107.635
107.5124
106.6784
106.8839
105.4206
105.5498
105.6528
105.5641
105.4945
106.4349
105.608
105.4654
105.6092
104.915
105.1727
104.8971
105.4269
106.4587
106.392
106.9825
107.0878
106.1863
106.5361
106.9004
105.9418
105.5897
105.5959
105.5553
105.5787
105.283
105.3586
105.081
104.8246
105.4306
105.4246
105.5658
105.7763
104.7085
105.091
104.7756
105.3053
104.583
104.5483
104.6684
105.0935
105.3038
105.1162
105.9746
105.9744
106.2802
107.113
106.8367
106.4475
106.9583
107.2922
107.7329
108.0705
107.6875
108.1966
107.8455
108.0249
107.4179
107.4669
107.3519
107.6323
107.7618
107.5976
107.936
108.0174
108.6444
109.3042
109.1828
108.8113
107.8938
108.0122
108.5097
108.2832
108.1464
108.07
108.2001
108.5253
108.6633
108.2978
107.9299
107.5643
107.5187
106.7344
107.2433
107.485
106.7436
105.659
105.5447
105.3991
104.9768
104.3746
104.4975
105.1067
103.7302
103.1361
102.859
103.2155
103.547
103.8476
104.4677
103.9702
103.0065
103.4401
103.9255
103.7277
103.1151
102.52
101.6685
101.7321
101.8624
101.498
101.4395
100.9093
100.8625
100.5455
100.1296
99.15783
99.18627
99.14567
99.81677
100.3628
100.1975
100.9018
101.841
101.52
101.1327
101.8593
102.0491
102.2273
101.7452
101.6154
100.7533
101.2094
102.3257
102.522
103.1554
103.1108
104.0235
104.7398
104.6521
104.6253
104.9256
105.4365
104.1825
103.9064
103.7376
104.1176
103.5874
103.3054
102.7592
103.0915
103.5392
103.2017
102.9793
102.1873
102.2116
102.5817
102.6714
102.4507
102.3508
102.5002
102.8287
103.0175
102.9225
102.8851
102.4923
102.3377
102.0526
102.5083
102.2978
102.2604
102.5582
102.2702
103.2496
102.7557
102.4992
102.1822
102.0507
101.9381
100.9932
100.9396
99.62815
99.08014
98.60423
99.03165
98.44611
97.54065
97.85397
97.41265
96.84112
97.42828
97.04537
96.87385
96.87163
96.47304
96.18508
96.29401
96.20959
96.38533
95.69952
96.24388
95.57495
95.9631
96.33031
96.04624
97.09447
96.98806
96.40232
95.75434
96.64236
97.06586
97.06971
96.80322
96.20498
95.73576
95.46597
95.15846
94.85641
95.83901
95.85171
95.49627
95.06437
95.32733
95.63458
95.1299
95.10705
94.34475
93.54636
93.78737
93.53783
93.79939
93.72737
93.9135
93.44657
92.60933
92.09267
93.20954
93.43855
92.95763
92.46123
92.64517
92.41493
92.04872
91.68327
91.20838
91.32869
92.10076
92.32391
92.11111
92.53882
91.99564
91.47904
91.73276
92.06911
91.96311
92.42823
92.81308
93.31537
93.95908
94.27526
94.24931
93.59475
94.03731
94.10601
94.34308
93.2264
93.1253
93.52732
93.07535
92.978
92.37316
92.4322
92.65197
91.80291
92.77879
92.58534
92.18354
92.00692
91.8035
92.18322
92.75139
92.78294
93.29788
92.77817
92.10076
91.71041
92.23333
91.86136
91.64933
91.21121
91.61761
92.83699
93.65668
94.15417
94.41044
93.64699
93.39087
93.61011
93.93801
94.73708
94.96111
95.40057
95.00385
94.79969
94.15883
94.07744
93.84917
94.29446
93.5524
93.51975
94.04194
93.33871
93.09617
93.02049
92.49207
91.96462
92.11833
92.00094
92.19121
91.86833
92.26394
92.39404
91.51987
91.53305
92.1455
91.34598
91.13026
91.15758
91.21607
90.8204
90.02761
90.0541
90.06552
89.24247
89.89703
89.36286
89.52908
89.80095
89.62465
89.14842
88.30709
88.36168
89.1174
88.58979
88.54125
87.75566
87.78282
87.86164
87.97108
87.59949
88.14744
88.55352
88.66716
87.69775
87.85212
88.1999
88.12144
87.9474
88.26189
88.29655
87.56122
87.84439
87.90422
87.82593
87.4811
87.36246
87.6706
87.65342
87.1609
86.628
87.06292
87.37418
87.41037
87.16768
86.99931
87.93513
88.27218
88.13985
88.41945
87.99922
88.49012
88.77444
89.09628
88.98353
89.26735
89.33496
89.08773
88.98522
89.4054
89.28339
88.59376
89.25299
90.34281
89.9206
90.13202
88.6114
88.83694
88.19818
88.26788
88.56569
88.70665
89.61041
89.29178
89.71683
89.85841
90.3252
90.97829
91.89121
91.66481
91.91825
93.28675
93.26567
92.74514
92.29773
91.84965
92.99488
93.3264
94.17676
94.35521
94.75426
94.85599
94.87424
94.62191
94.45982
94.29027
93.12489
93.30266
92.76524
93.23762
93.28865
