53.59067
49.81237
34.79216
33.06325
32.54536
63.62241
54.11028
89.61322
139.8004
63.17195
69.48154
53.31108
87.31291
54.68166
34.00005
62.46948
56.29041
56.50913
61.18795
56.86188
72.83568
77.8851
84.59198
126.4211
97.69797
101.996
61.63354
55.11515
32.5137
36.41796
41.20534
63.31134
38.36603
60.22869
56.56829
55.27669
65.01426
85.34138
129.4811
105.0493
102.8936
83.94861
64.68033
39.37744
29.39658
25.52365
32.54687
35.46319
49.00869
31.91588
49.62126
37.30056
50.3164
59.94999
80.26625
69.87286
71.92117
46.74137
61.45863
79.4631
66.67274
58.61395
52.2188
65.52454
48.27968
61.25395
61.97517
73.18897
82.53003
82.73528
41.33979
45.63788
41.50011
62.49757
47.68471
49.44343
36.13376
49.91368
42.44923
42.79628
43.34303
39.57478
48.50053
30.26632
43.41153
34.12111
43.09867
35.9923
48.17679
63.48683
42.75186
62.41883
81.49
69.99068
47.32281
30.93759
23.08074
26.6414
29.02019
39.4304
66.36887
67.19096
94.44759
70.21382
69.19952
72.73336
48.32825
28.12563
19.21789
40.62585
51.52433
36.5809
60.87817
75.63562
68.52244
74.49325
126.2334
116.3642
81.03534
125.1159
136.5758
169.344
126.7026
61.12686
83.56449
119.6682
80.18127
46.77488
29.14276
48.09321
56.1821
31.16646
26.26295
56.75999
55.70151
84.36847
74.38608
93.67104
126.1071
109.6145
83.11039
85.39981
49.04262
51.54559
93.23289
84.50631
89.19008
84.94184
80.77295
72.30098
42.56859
50.61777
76.0229
66.61108
52.60784
57.5761
46.486
46.20668
36.52168
62.94878
47.22839
60.78095
51.37174
69.25681
95.26049
89.52929
81.972
56.94942
53.7433
70.31424
54.0037
33.83272
49.83894
40.41301
57.62409
110.897
132.1261
84.48905
101.4264
105.1522
136.0318
42.08015
30.90147
62.68585
30.86913
36.76289
61.55222
66.48936
36.15734
51.40704
61.15605
70.01775
34.59364
50.96798
66.03261
44.43672
64.47218
66.61098
36.64048
41.20143
48.65443
50.97409
44.06511
32.01621
34.40975
36.28873
44.14275
65.6928
78.71149
63.92819
52.70995
61.25186
62.35251
78.42845
109.9811
67.91261
102.3354
64.06158
56.71687
63.63381
83.4987
128.5004
104.0847
80.13541
124.7505
81.61111
98.17468
74.51564
145.0085
92.15969
124.7236
101.6325
133.4259
41.90816
41.79274
45.74986
30.74669
53.71824
31.98977
36.56474
53.04084
40.67995
28.36629
30.04499
39.15913
33.90898
66.99871
73.4056
85.04549
64.69676
55.2858
57.10168
61.0978
74.24821
37.85098
54.19732
72.29233
26.27323
52.32287
76.9874
48.69919
32.95572
23.87869
37.21575
43.40997
72.15141
89.00027
70.00455
59.74231
60.86942
52.92841
62.73296
58.6892
74.7741
122.5465
116.9291
107.7553
119.8885
62.12209
41.78512
57.54413
62.8709
75.31869
110.7661
97.37245
65.75573
110.6589
61.05651
64.39987
38.93395
44.48575
66.53029
76.36176
44.09081
60.063
52.35784
49.84618
58.85203
58.97856
40.51141
31.70496
59.76197
82.2486
82.89812
97.43919
83.98501
82.03029
59.41553
61.6874
63.15206
55.9793
50.17554
39.67818
44.1676
48.67031
42.03943
87.63037
57.88104
51.33421
44.5353
41.24953
33.54715
60.35519
48.12021
58.78957
66.08591
67.52799
135.426
101.0913
145.0791
74.57334
62.34176
76.79499
73.96455
50.65267
66.20396
56.74983
49.74393
48.96735
44.59316
49.53022
59.80096
60.77694
80.72845
109.8932
85.50404
73.31432
59.22356
56.90314
55.58311
55.73264
63.10335
89.55941
99.29441
68.72397
73.72118
73.55202
163.8265
112.4384
90.54918
137.7556
69.63392
74.53921
44.20339
59.14247
74.7945
155.8046
196.6779
173.8137
67.33702
77.72899
125.5696
109.5816
100.808
94.51161
93.54265
113.077
95.62165
69.36343
61.90887
44.78738
51.44884
54.81708
51.07535
72.23956
89.19049
117.4236
83.45991
89.92249
55.1409
46.96693
51.71843
44.53176
63.16935
42.22588
108.1387
129.1677
128.5772
108.8197
37.67816
32.33051
32.79184
44.45633
42.85736
45.4234
115.2929
94.80689
93.46507
90.71248
79.34921
105.6728
69.98941
86.10473
79.63588
68.37994
51.15169
39.83465
42.30515
39.24234
45.75379
68.68693
35.93604
44.109
44.4975
59.9215
78.05679
58.54291
85.63783
70.31953
46.4241
25.41789
38.48626
64.89937
54.66947
56.1284
65.00223
49.0367
61.5737
48.21363
69.40666
50.94973
59.11125
56.034
36.7964
48.76195
63.58376
67.3263
72.01389
53.69182
71.57479
88.8313
62.26962
90.94655
90.09648
70.99018
64.10622
48.12129
48.80308
45.14659
41.64991
46.80851
59.89766
69.51258
85.48308
50.31165
48.84332
40.118
43.87294
35.33919
37.86562
70.00527
123.0611
92.98011
109.7014
64.00774
118.1261
67.70492
77.17473
57.84461
78.69009
61.12413
74.24624
49.12528
42.97846
45.24134
68.85466
75.97007
66.54711
36.42203
36.14284
50.43756
61.93942
107.0338
60.75485
52.35418
57.18759
84.72476
61.8455
90.40715
80.36255
