61.94579
53.33
39.28053
37.26676
32.46948
30.17694
35.06635
42.11088
41.4104
50.73598
32.74879
32.84965
47.49857
42.07712
39.42098
38.27078
50.43828
51.33541
36.94552
41.35025
46.50364
54.15771
46.05152
32.19737
33.42571
44.76749
34.55166
35.19602
41.77814
44.9321
53.48158
46.51045
39.52917
37.11783
41.13546
35.46125
41.07139
33.25148
44.01791
37.77022
34.00046
37.50698
34.30683
35.22965
38.71709
51.84512
45.33238
50.25603
35.86316
40.20432
48.06503
39.80026
31.43958
36.98074
39.79249
32.44478
35.12598
29.07154
39.07124
35.88416
41.65273
39.50932
34.51128
34.26008
43.17108
42.24893
36.6301
28.92376
39.71137
42.43914
44.43005
42.21934
42.83369
43.29362
54.31507
43.41518
48.38629
45.11032
39.52793
32.80658
45.99365
51.67051
44.17745
51.70005
54.05156
56.27993
52.05295
44.79154
42.20656
51.63764
43.94987
32.00684
29.75779
32.53082
35.94649
36.24868
40.4865
33.76814
41.47945
45.7847
50.54278
49.27962
41.98291
49.03647
50.49994
43.71181
48.22918
56.51892
49.67513
42.87746
33.89338
41.50925
30.51888
41.55884
46.5408
48.20005
47.52903
44.55317
38.53075
46.38255
43.79169
31.60235
32.66204
51.13358
44.78908
42.21185
40.01363
44.33675
41.33355
44.11265
44.26876
49.94661
44.56981
48.64353
34.55766
42.84236
41.46099
33.09977
31.41792
33.44045
23.34794
25.82362
30.45968
45.23654
30.5337
33.32584
34.03176
41.60047
40.95866
42.13108
36.58309
35.19587
54.22131
46.76922
43.85092
36.24845
50.05807
44.69984
30.46629
34.81046
39.07878
39.85577
40.91798
41.28871
33.68924
41.4971
46.30592
38.5783
42.29447
35.08498
43.46872
40.01469
39.3974
31.60252
32.93492
28.66166
32.55798
29.33373
33.94989
51.95875
49.14909
32.57157
33.79096
36.83517
42.33226
39.25675
48.56803
52.17465
48.44952
46.7322
41.81514
28.63118
37.79435
28.94697
42.35651
37.64542
27.89262
28.97764
34.10531
35.05057
34.74383
40.10938
52.43952
43.98693
36.01102
37.24582
38.61315
37.97357
30.20497
39.72714
50.78258
31.54938
27.24086
37.64525
39.5136
30.64911
37.29949
37.53231
37.67535
38.36452
37.83988
39.20124
39.42681
37.1023
39.14138
40.12108
47.73778
42.21564
36.48672
45.16142
47.45808
40.90222
37.1342
34.14693
43.07437
36.47788
35.8288
38.82368
43.00163
33.19595
43.10516
38.30717
36.98489
39.18695
41.2009
41.42806
57.93872
34.20088
38.36555
38.45424
39.16198
56.11011
41.56471
37.58621
52.8066
40.00769
35.96437
44.44976
37.87849
42.64814
51.67856
48.83142
44.75138
43.93395
31.93641
33.49407
34.48588
28.76929
29.99801
33.1037
37.12887
57.57539
50.17394
42.02498
56.65381
58.00798
44.08318
42.76724
47.99127
46.35828
38.55986
38.98882
41.31276
48.52004
38.9127
32.01402
39.31464
40.7886
41.10773
31.74762
38.49043
35.07075
30.44973
33.40225
49.04188
38.76337
31.76703
32.62791
36.03851
46.42608
47.46039
43.35523
34.44641
45.9518
49.96414
36.74563
41.05632
40.20903
33.79266
29.26229
23.85865
25.65659
35.5961
39.42025
29.77461
43.67163
40.04337
48.77609
42.85775
44.40072
35.23419
38.15921
43.2347
54.56819
40.08169
37.83084
42.98785
32.39004
40.41803
39.44084
38.24951
38.39166
37.09228
46.72646
52.3698
54.4287
35.43715
35.06179
41.50033
40.68583
44.00243
37.52908
39.75907
31.45489
35.89264
49.72067
37.78588
41.594
43.88732
32.93974
40.2758
50.04434
45.33575
43.13195
39.76074
40.46581
49.91546
42.02196
38.52965
45.75135
39.12885
29.95807
37.08413
38.93914
37.88346
38.75759
34.79046
40.04832
46.48323
41.11629
39.22593
55.89237
31.46193
36.22882
47.60971
43.12071
47.48403
42.39192
34.47078
49.53789
41.51164
36.42777
37.74767
39.08388
43.24567
48.87612
39.03266
34.69461
42.93134
35.84218
43.73955
42.79545
45.22849
39.18228
44.54919
47.49703
34.78395
30.51786
27.3794
31.5234
42.00523
41.59542
39.80348
37.19571
37.71352
46.50097
44.70199
49.1423
39.72019
42.39051
34.35476
42.66313
33.62863
31.85441
41.66077
38.01049
28.6285
33.79355
48.29501
36.0975
47.78321
43.11004
38.76619
52.88034
43.74117
62.19716
37.85982
36.68378
34.66825
39.51386
37.80005
46.55321
50.52942
43.78419
47.39822
37.27521
34.09691
31.46078
30.79228
28.03978
37.83526
50.8242
60.5481
39.91226
35.53742
45.2142
37.92984
32.04555
33.63127
32.72895
42.97765
39.66512
37.09842
43.83238
40.0247
40.55459
33.79306
37.78219
30.10871
33.72052
35.85162
43.38275
51.56157
53.89806
43.47631
42.54865
42.44932
40.29191
50.4574
59.93912
46.74365
43.33495
35.10633
37.27871
32.10749
39.81028
37.93264
37.87242
35.79664
43.45486
38.00191
52.07708
40.05299
38.08173
33.65765
30.08645
32.43919
40.25066
45.88243
47.14111
41.09573
46.0797
57.65707
42.34009
41.19559
45.7474
37.2574
40.3102
38.69674
34.93441
