319.2287
368.4308
719.5093
571.0501
290.6357
897.4559
386.198
1544.147
498.1048
1242.247
713.5745
727.2858
530.1892
518.7807
168.2301
501.827
703.7179
880.1171
290.9781
1536.308
484.1478
254.3824
1910.086
225.1547
642.594
437.4197
991.2673
836.7437
885.5236
834.6693
355.099
426.4774
993.9976
438.3768
1036.271
962.1392
515.2371
180.1087
1853.578
404.5714
240.7654
1020.596
267.1141
536.1923
366.8716
544.0143
536.3907
465.0825
2026.158
1284.574
283.1823
558.8741
849.5229
605.9092
650.4749
313.6957
2709.585
497.409
1412.389
711.8226
1276.48
467.6098
997.4453
3551.339
388.4863
948.4461
1713.11
254.0891
265.3779
410.5911
884.2764
1303.611
580.7021
1190.856
727.153
1146.979
305.0966
468.9827
1359.391
356.1139
454.9948
747.2592
896.8695
497.1531
971.0592
756.7553
1396.249
571.9862
772.8113
381.6504
1787.51
462.2665
297.9188
688.7705
666.2318
708.9712
633.6049
347.9987
578.4896
287.7644
934.4218
392.3803
1320.768
3170.327
435.5572
490.9908
1018.086
752.1725
275.2478
1390.917
927.3217
619.3929
293.912
236.3171
466.1564
613.6899
818.7974
400.7514
1434.415
1219.606
742.4833
655.9393
584.8144
579.6098
475.602
388.471
274.0433
1530.092
955.2173
654.9601
281.5957
1331.185
574.8135
550.7577
405.0235
1066.534
877.7208
302.2066
463.4412
508.6559
324.6418
377.5567
365.1013
1028.531
539.3258
551.8548
1186.059
373.9432
747.0275
505.2572
811.6242
516.9301
552.2621
665.3067
348.8247
823.4709
309.0897
164.0586
319.4297
614.9482
411.4207
502.7353
327.361
679.1329
567.9083
276.601
691.74
180.3523
190.6654
804.5516
786.5729
1998.507
498.162
594.3065
1122.112
402.8827
1257.131
311.8035
1490.62
604.1879
479.6647
253.3173
485.1911
312.7565
420.9619
558.2409
498.9135
776.6604
430.817
1659.508
1107.429
2450.252
1717.2
418.2794
295.3357
1588.614
3155.436
1027.933
1383.34
420.0749
656.3134
536.974
3665.029
446.6122
209.0643
362.1925
1121.101
1043.895
725.2033
817.3478
748.4193
539.548
1915.633
282.3207
472.3541
686.4087
1576.458
375.2182
346.791
423.6442
219.6379
456.8031
321.1557
369.2296
385.384
502.5039
841.3485
753.3613
337.9739
987.2523
1493.391
723.3179
1357.937
469.6714
1436.661
1199.613
1466.105
1372.928
928.0295
3020.162
2203.471
1252.242
887.4968
681.3834
1168.207
2450.069
1584.406
903.977
880.479
1031.659
957.1321
695.577
625.294
1047.859
2248.756
527.0487
424.3079
391.5171
480.1446
487.3166
535.088
278.7152
998.1622
477.4522
522.5192
503.354
629.8327
455.7599
492.199
2250.872
725.7814
621.2852
367.247
908.4756
539.0487
754.6569
672.0087
244.0074
908.1537
456.2767
1126.5
386.1135
415.5279
469.9754
972.8104
327.9884
594.4133
567.0027
1121.593
1085.715
645.3892
686.9691
365.8577
1111.022
686.9613
745.3875
431.9545
1411.001
497.3207
409.4353
314.485
290.2392
321.2612
1146.371
455.3607
264.1657
422.4764
880.7884
245.0444
400.9191
452.3388
313.1305
893.214
1046.822
165.443
656.0026
845.5757
188.8703
260.298
276.3234
822.5177
679.7264
417.6828
567.6758
854.8072
631.2571
294.9882
332.4609
259.7005
365.2275
917.415
1077.633
1364.281
393.8145
256.4065
1117.632
569.734
881.0949
516.5062
547.2933
657.7137
437.5298
1302.528
434.9794
1319.332
499.7089
729.7265
452.6417
1197.398
503.0953
513.9224
451.7038
387.7792
390.289
466.026
410.3126
1291.107
1127.479
825.0121
369.6851
320.5118
706.7838
665.1899
383.6968
597.509
415.9526
416.3398
590.2219
478.5633
1081.862
1385.638
1220.111
782.1048
937.5971
1831.839
2116.181
528.3239
453.946
1926.165
3165.764
1291.447
306.2669
2000.76
1243.521
1318.285
602.7027
3110.385
306.8177
727.9375
483.938
631.4129
505.5282
1883.826
664.8625
516.8038
1384.339
779.8939
949.4878
1396.455
1028.936
931.2554
946.6665
537.0222
225.1758
420.7676
428.4589
637.3431
596.6
437.3232
521.0774
771.464
412.8595
881.1981
690.7431
297.0733
768.7274
738.272
533.9905
384.061
421.2665
437.5094
233.7072
195.9595
388.4868
1809.221
327.6085
664.8728
699.2173
247.9267
383.6897
327.4737
170.4652
311.8984
1001.696
375.0597
789.2659
884.866
508.0907
1435.399
873.0259
852.5445
501.4692
320.9161
1003.81
427.6434
589.9095
4091.959
1788.055
790.6488
1727.411
1272.939
763.2796
540.0975
459.8816
681.517
510.3586
622.0876
552.0515
297.3777
1161.706
230.0081
314.9944
657.5566
727.568
1478.807
338.0514
1197.134
556.0041
821.0185
363.6273
830.176
1509.929
769.0406
584.6772
761.798
1484.787
401.9913
991.441
943.919
253.1735
920.849
502.7227
456.8006
436.2323
652.6542
352.5753
923.1134
645.3045
563.2893
790.5985
831.1185
490.7415
1635.566
311.267
698.8913
532.8313
1180.504
854.3353
1669.282
3101.034
