89.2883
86.64012
91.90074
98.81653
100.6897
100.0097
104.0846
97.23627
101.5418
104.6071
103.9729
102.0565
103.0039
110.9597
113.8062
111.7742
116.3112
114.3844
113.2864
105.9951
107.6293
112.7048
108.4403
111.8268
110.1389
108.9366
108.6138
109.1459
102.9127
102.6189
103.3569
99.34594
107.974
107.2925
103.5754
104.6312
107.1212
106.4881
98.56344
91.1516
90.3929
88.23731
89.24053
90.55816
94.05623
88.08287
88.08469
93.49018
94.46392
92.7835
97.01315
103.8135
101.8464
98.28601
100.2514
98.10333
96.72455
93.79792
95.96712
87.54219
90.16522
90.51508
88.08083
92.18471
92.12705
88.67258
84.95333
80.57385
76.05877
75.38148
72.81109
75.17146
77.11483
76.47715
77.77535
68.75708
65.97231
63.08576
66.04623
67.19658
65.68432
66.45607
64.3125
65.17061
68.66608
72.69679
68.63578
66.65519
69.21056
64.8484
65.83805
61.47671
63.70811
69.52261
68.3287
67.30761
69.9967
71.53564
77.35801
76.19531
83.33506
81.14453
84.76563
83.37629
89.44656
88.03009
92.31371
92.28677
94.94166
98.91198
96.03832
97.26075
101.2898
104.6261
104.0236
106.7209
105.4601
105.3467
106.3684
111.1484
112.8722
110.6512
108.5673
104.9196
106.1032
110.6734
114.1052
112.0403
111.7828
117.3023
118.0402
117.2749
119.5318
121.2677
116.7767
120.296
119.6713
118.4966
119.2561
123.0127
122.7742
128.0768
127.7308
126.7083
124.6916
125.5522
134.4864
131.8668
133.8769
135.5363
138.8311
142.1262
141.9791
139.4349
139.6228
142.2108
138.0376
143.2234
139.9391
140.4405
138.4057
131.6442
134.5042
131.9435
133.6311
131.5406
132.0243
125.3453
123.3535
124.4028
123.9773
133.2132
125.1788
132.9199
129.8215
132.8114
132.2541
131.7554
130.0032
129.8561
125.4627
119.7681
119.5079
117.0825
119.5206
122.8313
129.5113
131.0971
131.7109
130.3359
128.3287
127.3164
128.7651
125.186
120.6
121.7723
123.0582
125.6343
127.2604
125.2269
124.3538
131.7427
130.1631
134.3926
134.8931
138.765
137.9089
131.3639
131.465
131.2444
125.5459
133.2831
135.1253
138.1565
131.7768
130.6329
125.9945
121.4163
123.0631
124.1365
121.3456
119.4359
125.2277
127.7506
120.4524
125.9191
128.522
127.2791
130.352
128.7627
126.9963
127.7861
127.6763
126.2179
123.5763
122.7828
123.5058
120.3866
124.5644
119.9266
123.6558
120.4401
125.4908
127.7058
128.5318
127.9779
130.0999
124.5303
129.1432
125.8322
129.0126
131.325
129.6889
129.3425
129.5913
124.7804
129.3858
129.5824
131.9986
133.1475
130.8169
130.4275
130.3149
128.2299
124.6983
126.4955
126.4597
123.9258
120.3575
127.2037
126.7511
129.5814
131.1847
139.8251
143.7069
142.073
131.3947
133.0522
131.4985
133.3572
128.9846
126.7063
123.124
119.5826
118.5259
118.2024
120.654
119.9063
112.7897
113.9308
113.6893
112.5845
110.9324
112.8536
117.7807
118.8009
121.9545
118.2043
122.1545
130.0359
131.1313
129.833
129.3997
127.436
133.9764
135.0852
135.1702
134.7256
132.39
135.1581
134.8402
135.4864
130.5085
137.5864
142.3041
138.3642
135.8864
137.3423
140.4534
139.6194
138.1492
136.1816
134.6874
129.3187
124.7913
121.4913
116.6056
115.3592
108.2575
110.0458
112.8212
110.7442
116.1524
120.6956
122.9674
127.2043
126.9229
121.8109
120.7428
121.6928
111.8417
116.671
121.179
123.5522
125.9627
126.2576
123.1587
125.6363
122.2722
119.756
118.0117
115.9546
112.5795
108.3235
105.0595
102.2445
107.6873
104.4035
103.4742
103.3892
103.3531
102.2642
98.83618
97.89522
101.9171
105.1054
112.4394
108.1426
107.7579
107.8555
107.0641
106.0027
104.1923
105.4591
105.6568
100.0808
101.856
103.2563
97.75361
97.29213
94.77287
95.8544
90.33076
89.69834
89.95255
93.96293
93.09284
91.27122
97.07833
103.7463
102.0647
96.12182
93.77785
91.99907
92.24072
92.8478
89.98418
95.05208
93.71595
102.2592
104.8777
118.4058
118.9163
120.3556
124.0837
127.2299
122.2088
114.66
113.7537
112.9523
113.2693
109.7024
111.8959
113.088
117.5437
115.1267
110.2766
106.3797
108.7855
109.7387
106.2133
109.4634
108.4164
104.6563
106.7155
104.717
105.754
102.9762
99.80225
102.4502
105.6004
112.8786
111.6968
115.0994
116.7644
117.3616
122.3831
125.9892
124.1402
123.8686
118.6121
121.2075
120.3335
116.0768
119.124
114.4127
112.8504
115.3927
113.8989
111.8257
113.6386
113.2596
114.3438
111.5528
120.1351
118.7369
120.7394
126.7062
122.4762
122.4502
118.2986
117.4514
121.3311
118.6465
121.6823
121.0663
117.8964
122.6654
121.5979
120.9188
124.2009
125.1478
124.9986
121.403
119.2139
123.0464
123.1984
120.5162
118.0989
118.9167
118.6193
125.91
126.1569
129.7237
123.5148
124.4096
119.44
121.4596
119.4188
116.4775
116.9135
116.2153
114.05
116.4474
113.3957
115.3108
115.9683
113.0247
108.5764
113.9588
