86.50959
90.43261
89.61289
90.34629
90.54609
90.22798
88.74921
89.40036
89.86763
90.25403
89.89704
87.75605
86.01913
87.09138
87.22312
88.34198
87.74273
86.34157
86.53871
87.42691
88.42779
89.89347
90.03158
90.75062
89.51854
90.36582
90.70531
92.04157
90.36894
90.0216
89.65736
90.49793
91.82
91.90026
92.10982
93.51491
95.7074
96.37724
94.48459
94.58549
94.95361
95.52387
94.95134
95.28617
94.52618
94.54862
94.89342
95.65949
95.01235
95.66728
96.96144
98.07541
97.65107
97.13387
96.6649
97.64102
98.42947
98.10774
97.3943
97.37869
97.48473
97.17872
97.0877
97.38085
98.29706
98.1113
96.02982
96.80048
97.19451
98.88892
100.8741
100.9018
100.1887
100.7218
102.0028
101.9199
102.5636
101.0494
102.7081
102.6157
102.9608
102.9357
102.5387
102.4408
102.6088
103.0259
102.7277
102.3154
101.4996
101.3617
100.5352
100.8759
100.3279
99.30463
98.36702
97.31453
98.5485
99.19017
101.519
103.1552
103.732
103.6632
104.4091
103.5302
103.055
103.2393
105.2047
103.4946
101.9699
101.1033
100.818
100.1165
100.3352
100.1115
100.8416
101.2208
102.2495
101.7325
101.6779
100.8776
101.6155
102.2585
102.661
101.1746
100.1217
102.2529
100.9316
102.1775
102.6233
103.3024
100.8577
102.1722
101.1164
101.1357
101.3437
102.7035
103.1021
102.4102
100.1565
99.96512
99.89485
99.19764
99.30198
99.05334
99.26186
100.3879
100.923
101.1197
101.0095
101.0753
101.5226
101.665
103.6947
103.1496
102.3224
101.8529
100.6309
100.5845
100.9474
101.0135
101.9415
102.6323
103.0026
101.826
100.9111
101.2548
101.1164
99.98498
99.45188
99.23165
99.38847
98.17602
98.54131
98.56203
99.03191
98.58461
99.03465
98.84285
98.7168
98.50345
100.7845
99.66945
97.14334
96.79434
97.32652
97.58484
98.20945
98.66012
98.41832
97.83824
99.04419
98.1945
96.89437
96.97004
97.24092
97.07225
96.62014
95.60184
95.92037
95.39061
96.01712
95.18094
96.85902
95.91803
96.60745
95.71438
95.72611
96.41911
96.74553
97.07438
97.47311
99.17778
98.57232
97.52797
98.49805
98.97766
96.83703
97.78787
97.67816
98.8508
97.52423
98.30247
99.13448
98.68325
98.41341
97.08284
97.13595
96.83944
98.05693
96.34991
98.3762
98.73444
98.78442
99.42349
100.4802
101.9841
103.2138
103.1616
102.9855
101.2113
101.2679
99.96869
100.6658
101.3652
102.0383
102.5666
102.1794
101.7422
102.8374
102.7274
102.5755
102.6392
104.333
102.4439
103.1245
101.4346
100.2035
100.4642
98.80494
99.63117
100.8981
99.03804
99.5354
100.726
101.1231
100.0426
99.11947
100.0471
99.80098
99.87711
99.97015
100.7945
101.7265
101.2875
101.9755
102.3269
101.5443
101.103
100.4834
101.5107
100.6405
99.28123
98.86914
100.4115
101.8389
102.7707
103.2202
103.4331
102.1694
102.3084
101.8325
102.215
102.6289
101.0289
100.8306
102.2462
103.3021
102.7277
102.4585
101.7904
100.5475
99.80231
101.0276
99.72376
97.55273
96.75885
95.97401
95.52848
94.92569
94.84332
95.6303
95.59029
95.0282
96.3909
95.38241
95.2748
94.23686
95.69626
96.10253
96.15592
95.40899
92.83481
93.74172
94.91146
93.95082
93.23549
95.46281
95.61831
97.20517
96.62565
98.07026
97.76238
97.31192
97.73275
98.71097
99.37613
98.07086
96.9944
96.74499
97.432
97.3824
98.43843
99.83079
99.16198
98.03305
96.75142
97.67838
97.78797
98.35314
100.0535
100.3033
99.05555
99.50043
99.65251
98.75082
98.28372
99.93081
99.21795
98.84654
97.27322
97.34359
97.97365
99.12655
98.54326
96.91776
95.34305
95.94969
95.33788
96.07411
96.9635
95.85672
95.51525
95.32401
95.90715
96.77371
95.80153
96.11933
94.82389
96.62505
95.17414
95.66378
96.71319
96.90878
97.0084
95.71008
95.12261
95.53741
95.49176
95.87514
96.17973
95.78583
96.7862
96.50669
97.24634
95.83238
97.32584
96.91276
94.90037
95.26905
94.29508
96.86616
98.78844
98.05047
98.44332
98.26311
97.69336
98.37937
96.67716
96.72729
97.15013
97.59962
97.15447
97.74876
97.28401
97.14899
97.7636
98.25966
99.52262
99.66367
98.44218
100.1466
99.03546
99.74171
100.5554
99.36732
99.23641
100.8911
100.5192
101.1503
100.2371
101.4249
102.3034
102.5544
103.4961
104.5902
102.7147
101.9328
101.1195
99.95785
99.71288
100.2821
100.4295
100.1101
101.876
100.6335
100.0072
101.7134
103.2244
104.1408
105.2946
107.5922
107.8941
108.4059
109.0999
109.2479
108.3227
109.2658
109.9322
110.268
109.5594
109.0187
108.592
107.2939
107.7088
106.9303
106.7717
106.4411
108.3201
107.7388
106.1285
105.6048
106.3666
106.3875
106.8769
107.5737
108.486
108.1826
106.7319
107.5084
108.6125
109.0973
111.0136
109.5316
110.489
110.9043
109.0784
109.0499
107.5321
106.9627
107.6572
108.2978
106.5743
106.8979
105.3881
105.5539
105.3405
104.5743
103.0971
104.7382
104.3257
