11.27888
9.554821
9.723069
13.25768
17.71369
12.40519
12.94184
7.651999
5.040504
6.061544
7.731887
5.536961
6.871828
7.858203
9.788128
16.92252
12.51129
12.57966
6.500209
5.781886
8.233344
8.560517
10.51498
4.653579
4.694519
4.292146
6.137738
5.740203
4.588877
5.856281
8.546293
8.685604
5.374904
5.456599
5.983516
11.6944
10.72465
13.57692
10.75011
9.215474
8.169639
10.12501
9.31208
9.297181
9.742299
8.674173
7.30171
8.752907
11.81499
15.986
7.570664
8.243108
8.485569
13.32101
7.064449
7.620912
9.011485
6.732109
8.819167
12.25742
12.38485
9.209504
7.326771
6.978647
7.069312
9.374477
8.993285
10.71779
9.920141
8.153681
5.815713
7.857169
13.08943
8.987034
7.964035
11.14004
15.35877
12.90274
12.74767
11.16991
14.17054
11.98955
11.66977
7.940664
4.748932
5.95838
7.17854
5.69633
3.694429
6.36096
7.27672
5.785954
6.403657
9.71836
5.684914
8.583125
7.269925
5.427765
8.097863
8.080417
7.779679
14.39358
12.37665
8.117666
12.41779
14.79962
16.61926
13.89451
11.97141
14.11129
21.29412
11.69851
8.085811
7.515818
3.381912
5.094893
5.109876
6.654741
7.534784
6.556475
8.462747
8.521142
8.945339
15.85519
16.25816
20.58656
23.18517
19.3575
22.83387
27.67932
20.61792
14.73384
12.48349
9.736407
6.197626
6.443712
7.119629
5.249236
10.75982
7.656078
6.337494
6.824134
6.49432
6.253679
6.732481
6.464102
9.089605
11.64069
14.33131
11.3768
11.86695
9.438772
7.572859
6.242768
4.450255
6.745608
9.055098
6.086768
7.918295
10.89529
10.35766
8.713173
11.04747
18.78313
17.46293
11.96482
10.01612
7.635202
14.69151
15.59545
15.97681
25.81425
13.4912
8.889025
6.530662
6.050851
6.983794
4.678655
6.07458
4.125443
7.401385
7.460725
4.078306
9.099326
6.839064
6.315105
4.038541
7.09906
7.496212
17.00368
10.83098
9.708512
7.950831
6.858522
12.72556
18.62184
19.31669
12.25819
7.933518
11.41101
10.08047
8.132576
7.886643
8.282633
8.145345
6.308027
6.398386
7.372585
6.23226
4.669258
4.112596
6.059485
7.307837
5.465418
5.26959
8.160636
11.91399
14.82242
13.33786
12.49472
9.168091
6.567263
9.733668
8.779224
6.479764
8.171126
6.721637
4.219595
5.817219
6.442011
8.246121
9.2128
13.29627
16.85146
7.713231
4.813341
6.240532
6.477251
5.547991
3.923337
6.48386
9.814086
10.53769
9.218178
9.83247
11.56268
13.14497
14.27724
15.36896
18.02578
17.14764
15.20691
22.97051
17.59917
13.7278
15.06759
15.41686
12.62094
7.45044
7.487525
8.197321
9.089206
6.215703
5.092105
5.250143
6.565391
8.644312
10.35523
8.538092
9.937713
14.55743
14.79995
8.505436
7.632957
11.02655
6.302277
11.00789
16.98821
22.21649
13.78821
14.16119
11.36724
10.13363
9.083846
10.01713
8.473041
12.19986
15.14668
19.98897
22.57504
13.10766
8.297664
12.74483
13.65005
14.76531
16.98024
22.43476
21.08989
23.51538
23.36498
19.25571
13.74691
20.52295
13.54537
8.804931
7.011426
4.810506
8.315324
6.344409
7.687411
10.59389
13.61302
16.83059
16.05997
13.45048
8.469114
6.495923
7.38582
4.8515
3.588604
4.872415
8.095994
12.0317
8.46028
9.929711
9.895058
5.146162
8.528874
12.8456
15.02607
10.80898
12.15483
15.84156
18.33338
23.04197
12.27814
11.58656
9.122225
11.24594
10.96182
10.33574
11.28796
6.162598
5.027258
4.331731
5.798535
4.734494
6.811731
5.238048
3.82551
4.501755
9.391815
11.62982
11.68493
24.32673
29.69959
26.05776
21.49917
19.15862
12.6782
7.316948
4.561821
5.005159
4.769631
4.187982
3.789532
6.972447
7.172132
6.933854
6.500578
3.745669
3.607121
2.897087
4.026194
5.179298
4.591078
5.95301
4.744137
4.363051
5.039911
6.947503
6.085798
10.83708
16.67173
16.54638
8.797393
10.62898
9.15753
11.92078
8.360342
9.59885
13.00707
14.67934
11.48377
11.38734
16.36771
11.9801
12.00587
9.35309
12.06461
11.2419
9.952595
6.071504
6.331846
8.576757
7.795619
7.40856
10.71431
8.317101
10.88089
17.99274
15.59159
19.24781
11.56911
9.936081
12.71524
9.664757
10.01062
8.73724
6.346738
7.470799
5.533147
3.273111
5.700482
6.469351
8.822356
7.850667
8.606742
8.258568
8.364609
8.457257
6.409498
6.817079
3.570048
7.392517
11.07048
9.896295
11.91413
10.93077
18.04971
11.05722
11.42517
13.0607
9.593696
6.003922
6.414807
4.61165
6.348261
6.609302
10.86894
7.141807
10.15308
8.325644
4.301613
5.111848
8.951667
7.083449
13.93567
7.931727
7.955201
7.66345
7.313426
8.760552
11.65109
15.35483
14.01504
12.84601
20.49902
9.743587
5.761639
4.218246
5.193681
6.286144
6.382302
7.701409
4.73543
7.405336
6.92377
5.980119
6.864132
4.989643
4.561265
5.475189
4.299288
5.015251
4.385233
5.786868
7.163
9.876032
11.28516
13.05613
13.98805
19.17835
11.78586
19.20981
25.37944
15.22091
18.11322
16.31746
13.1815
