493.3936
590.941
581.4814
644.6126
537.7961
605.339
529.8348
553.9829
583.9139
613.2799
593.2293
569.9868
537.9482
527.6335
607.4337
626.1282
588.9904
605.5853
567.0276
606.3921
469.3254
540.731
589.135
570.3146
620.2118
557.6265
622.7082
619.379
569.1711
631.1536
615.6792
653.5168
509.8474
553.4207
565.6355
564.0943
574.7002
579.5389
629.9419
573.262
539.3627
520.4453
636.9144
600.1051
666.5321
454.0067
601.9584
528.8548
612.576
647.4304
582.0711
580.839
533.1666
607.0101
626.2822
525.3802
586.9163
612.0026
667.032
526.3903
529.6897
542.1486
540.0479
595.158
640.4716
544.1307
589.7969
612.4904
683.7612
518.7382
573.741
613.8268
528.2549
546.5955
608.5747
615.716
546.9779
491.3565
631.6997
604.0354
597.4608
529.614
584.2593
546.078
643.956
586.0837
597.1119
544.0105
580.9953
562.3254
551.6275
566.2691
531.8867
613.7575
583.1678
578.0376
593.9101
620.1576
562.4831
690.8445
520.1267
617.266
607.1417
584.3935
583.3664
574.5496
641.0071
570.8898
617.908
538.2154
580.2101
612.4234
607.1076
539.4746
508.0912
512.0391
638.395
576.4213
555.5781
627.3055
604.1275
640.5184
694.8802
581.6054
673.7027
594.4721
699.7403
590.6471
720.6354
603.8643
645.5643
708.6062
632.0729
634.2397
629.6097
612.6858
596.0114
531.2235
654.9332
590.167
570.8651
519.3821
635.0913
534.49
539.4835
637.4721
543.0865
509.8975
607.5981
604.8063
561.7902
644.4854
610.3156
558.1418
592.4212
584.9004
622.5391
571.8181
641.1521
507.5735
515.1341
569.1207
533.8189
591.946
542.7242
547.2668
561.5929
490.4445
563.699
573.4556
551.5954
535.9907
570.6623
556.9333
643.9309
496.8299
591.4755
505.8725
497.3664
604.673
665.1338
605.9458
642.4389
603.8199
614.561
629.37
578.7216
575.8695
507.1113
591.2696
605.3902
587.7362
621.5731
590.0891
538.4395
497.0891
489.2728
557.0959
587.5329
576.0047
539.4223
544.8548
608.8802
530.6319
665.9493
508.049
501.5227
630.4467
506.8247
544.7683
587.2795
660.1373
622.3089
558.5667
709.9246
577.5747
553.0991
492.1713
582.5135
576.1194
663.633
588.098
607.0846
544.385
514.8387
626.511
539.3691
644.5582
598.7555
646.3964
712.2793
576.1255
626.215
553.6383
611.2202
656.5726
501.9708
578.2598
535.8063
695.3733
584.7346
559.394
561.4468
491.4478
633.4442
620.5408
582.6093
611.7684
589.2417
622.4404
535.942
626.6858
551.6492
524.6879
593.4083
587.1159
607.0656
622.544
578.9804
602.1701
573.6106
617.7449
543.8139
620.555
590.1541
557.7936
662.5824
703.6745
548.0377
562.1898
529.7394
551.9871
544.7906
510.8244
612.096
599.7482
669.7738
672.6523
702.622
615.3217
624.7725
555.5989
587.9549
588.848
701.1224
592.0985
542.9511
520.775
549.762
646.4581
646.2381
553.058
646.3103
664.9852
524.2046
558.833
617.5212
556.1249
567.099
554.7039
578.2956
566.1564
535.472
661.5286
535.1857
606.7536
592.2579
620.8468
656.9869
497.1741
646.8114
566.1192
578.5461
659.1559
609.1011
576.4371
550.3441
675.3719
598.2501
592.6641
551.7595
637.336
481.5869
514.8008
511.7271
572.9483
607.2633
580.5272
550.5333
556.9834
616.2761
667.0092
602.9674
638.8807
572.1394
521.19
540.5647
596.3046
597.8162
525.4564
595.7161
644.8761
695.3305
586.582
594.8848
550.8818
564.5283
501.3936
647.5095
497.6951
639.067
632.48
561.1574
567.4587
550.9871
545.2744
574.4943
670.677
599.4591
546.8886
580.6914
676.271
540.4107
644.7202
602.0602
545.6826
548.9677
558.9754
666.7273
625.2845
522.7176
636.0854
582.577
545.1818
564.8379
547.2239
581.5249
589.482
541.3925
543.0406
648.6101
498.2053
621.7266
617.9895
607.6589
609.2118
498.8658
525.5862
734.7973
666.0522
550.905
626.8469
629.617
660.9331
629.4539
502.6854
612.0101
577.1171
456.6532
526.6115
544.5708
584.6705
528.4789
613.0203
554.4813
534.6505
630.462
555.0502
573.9658
636.1437
658.9721
513.9303
607.0646
599.6351
590.5244
607.539
609.433
627.7559
589.7001
547.6588
501.6782
607.8182
621.5017
522.3455
632.0086
562.3313
605.4996
590.8081
603.6711
564.7985
565.8362
528.1845
565.9895
595.4149
608.0391
516.7307
617.9775
572.6842
564.7268
604.3158
554.9188
640.3416
641.3672
619.2886
532.1624
526.7443
574.809
542.6153
537.5643
523.1707
560.7598
515.9027
636.8676
571.7128
622.5898
560.4593
533.4805
555.1631
549.7608
626.8678
526.7783
533.9306
604.5138
570.4445
629.95
590.0071
629.439
635.8338
593.2653
534.1218
601.91
552.9449
692.1369
520.9709
604.8841
648.7583
615.0455
529.0626
574.5869
556.4708
586.6107
545.9522
653.0417
570.7322
616.4011
616.4493
643.8302
617.3226
568.7417
617.526
729.7611
616.5302
579.154
655.0692
685.6287
540.3645
575.8348
579.7469
629.3209
506.5254
