15.14258
13.83494
12.65516
12.27993
14.29788
13.95551
13.03871
12.66045
14.29049
11.61893
12.70992
13.8252
14.05663
13.53348
12.5339
13.84732
14.27549
13.26218
14.09162
13.24676
14.31901
14.84205
13.93115
14.323
12.47133
13.57576
13.95954
14.03799
13.54184
12.72784
13.49667
13.14077
12.79921
13.76166
15.37003
13.49283
14.84762
13.47725
13.57072
12.77331
11.92591
12.74047
13.46073
13.12304
12.59281
13.30718
13.32759
13.98107
12.85576
13.27305
12.20304
13.89364
13.45201
14.36285
13.91545
13.11125
14.34988
13.35554
13.8091
13.11357
13.78786
13.48196
14.41393
13.89049
15.0937
13.15162
12.84352
14.2287
12.78131
13.66119
13.57682
12.59878
13.83293
13.48313
13.25447
13.56888
12.78578
13.76857
15.12713
14.33612
13.8665
14.62807
13.14615
13.09276
14.00107
13.59838
15.00104
12.59089
12.71032
15.11255
13.87584
13.49216
13.71675
12.49904
13.38477
13.63246
13.69187
13.82515
14.33666
13.15435
13.90577
12.80697
12.1999
13.89084
12.38263
12.12508
13.0849
14.10867
14.36328
13.61909
13.22543
13.25041
13.21491
13.40588
13.54743
11.7143
12.4385
13.10386
12.36134
13.45946
13.89964
14.05118
13.85532
12.87995
13.11745
13.71163
12.68172
13.60388
13.61054
12.33428
12.42372
12.76229
13.46505
14.31712
13.15314
12.29875
12.79983
13.37938
13.67998
12.48487
12.70816
11.60324
12.82263
13.31136
12.3474
13.13561
14.94222
13.24061
14.82992
12.0176
14.24287
14.52816
13.21403
13.45513
13.78918
14.19566
13.46695
14.95762
12.81444
14.2799
14.04818
14.407
11.56666
12.14861
14.08779
13.35348
13.42851
12.88361
13.75471
12.95652
14.70062
13.07777
13.38637
13.59445
12.42292
14.05998
13.18442
13.41641
14.5737
13.55452
13.0207
11.83224
13.03805
15.23245
12.94946
14.35464
12.85622
14.31197
13.98155
13.26486
12.75325
14.22748
12.88796
14.80769
13.81001
13.47921
13.56659
13.50537
12.40981
13.99628
12.93212
12.24463
13.28446
13.41012
12.71208
13.40369
14.17506
13.11418
14.66751
12.21609
14.10282
14.15854
14.01257
14.34922
13.37327
14.3718
13.92471
13.66026
12.22092
13.99172
12.8061
11.28162
13.33175
13.1334
14.26028
13.12013
13.17525
13.04187
15.14293
12.85216
13.98158
13.91819
12.75768
13.57397
13.14983
13.10025
13.35638
13.774
14.09249
13.18025
12.58808
12.05892
13.13595
14.92143
13.00893
13.83071
13.01957
14.44109
13.03517
12.57879
12.50591
12.29212
12.3527
14.17478
13.37488
14.24366
14.06652
12.57763
13.14629
13.46272
13.41815
13.83759
13.12734
13.87512
13.53772
13.40814
14.12966
12.90281
13.74222
13.07126
12.0849
13.9019
13.16461
13.52251
13.75649
13.48194
13.74169
15.01639
14.21433
12.32187
12.17656
12.23061
13.55519
12.81858
14.06193
15.07832
12.91323
13.78851
13.2013
14.2141
13.7398
13.8274
12.88956
13.56828
14.02145
13.08479
14.42219
12.94411
12.46893
13.81364
13.32414
13.91963
13.10712
14.58558
13.50338
12.77055
13.1512
14.5433
13.03051
15.51686
13.21796
14.26611
13.23341
13.34724
13.86477
13.72121
13.45621
13.10842
14.57775
13.80067
12.12401
13.71757
13.32226
13.018
13.15433
14.34523
13.17251
13.2944
13.8708
14.00096
12.45196
13.28248
14.16669
12.55672
14.09753
12.48983
12.86775
12.97728
12.5183
13.7318
13.72142
12.75216
13.00486
13.01479
14.69816
13.81369
15.37706
13.27326
12.28694
13.6761
13.06494
13.64529
13.50206
12.45833
14.80392
14.42103
14.50613
13.56958
12.67507
13.60319
13.23122
11.99612
15.39988
11.46384
12.83933
13.72461
14.02917
13.15231
12.39142
15.10339
13.33603
14.16721
14.40785
13.59838
13.34933
13.56384
13.79792
12.64486
12.91249
12.00672
14.16048
12.96001
14.68281
12.99281
12.33887
13.60133
13.22933
13.66207
11.93024
12.22927
12.12974
12.65051
13.23039
13.47611
14.4502
13.48286
12.23425
13.49919
13.58457
15.01812
14.86141
13.37215
13.56024
12.6418
13.97039
14.58111
13.30003
11.66194
13.86555
14.08647
12.7272
13.0769
13.93167
14.3986
12.43255
13.16177
13.56892
14.00947
13.09817
13.21257
12.04641
13.41548
13.08847
12.88413
13.99362
14.10567
13.44403
13.05854
12.36277
13.47621
13.3297
13.04808
13.57532
12.7502
13.85183
13.00818
13.23594
12.32341
12.90789
13.20356
14.22592
13.46271
13.95408
12.1629
12.26567
15.09687
12.44651
15.60068
12.74304
12.80402
13.37254
14.12315
12.93059
11.74856
12.29433
13.1421
13.90145
12.73351
12.58934
13.59253
13.40355
13.14807
12.33853
13.93394
12.44736
12.87143
14.03459
13.18884
13.57662
14.12962
12.66382
11.97146
13.29161
13.38194
13.78311
13.13128
14.18585
13.26458
13.28029
11.74329
12.41368
12.44231
13.26596
13.02404
13.4982
14.86064
13.48381
14.41672
13.50023
13.21859
12.64253
13.22059
13.38291
14.08254
13.18749
13.57415
14.25604
12.28367
13.74705
13.60219
