80.96632
87.00214
88.60911
92.46634
92.04978
86.22733
83.32795
83.28512
90.37115
93.24792
90.66945
85.80119
88.5947
90.42307
94.61263
87.57492
91.04948
93.63731
94.40818
94.36108
97.24337
93.80183
95.07052
93.05969
95.88814
94.6078
92.90849
91.82413
85.74647
87.5515
87.39878
85.30803
89.60375
86.21023
86.1849
87.40807
93.33428
92.06707
97.11189
97.38673
89.85859
87.9765
85.61335
86.47078
91.26591
92.06853
94.7734
94.66597
89.69372
95.02079
87.36112
92.1043
94.17954
92.55689
94.5754
97.50066
95.85537
94.15197
99.27545
97.94693
98.96732
102.8615
108.3259
111.9015
108.747
113.2592
113.6971
109.1109
111.1985
108.111
109.0322
106.5823
109.7471
112.539
111.1152
110.6036
107.5491
106.1187
109.6212
108.6111
107.7032
106.9573
110.0871
115.9654
117.3253
121.3318
120.3327
117.7392
120.5981
125.6329
120.2007
123.3108
124.7316
125.5514
126.7568
129.2004
131.7111
136.1443
137.0905
136.0367
138.6607
139.8042
141.6034
137.6368
138.5904
139.329
141.7216
138.7504
144.5143
143.8613
146.4558
146.7585
144.3184
147.8667
151.3691
156.439
161.6158
162.5135
160.9193
160.8701
155.8945
151.4277
150.0703
149.3181
152.0235
151.5354
153.4986
149.5537
146.6236
148.8227
149.0458
149.8711
151.3909
149.6058
144.8432
145.2501
145.6248
142.9457
140.4349
139.3947
143.0733
144.3955
140.5963
140.3334
136.956
135.7817
134.9508
134.9187
137.271
138.2176
133.5109
133.6338
137.0696
137.6752
137.5562
137.7181
139.1891
144.2479
146.0942
148.7767
148.7583
159.3844
159.5177
157.2848
150.7241
154.7062
150.0102
151.7935
153.3855
156.4105
160.1541
158.2222
154.4849
153.6446
155.7267
159.9786
156.3104
161.502
160.6074
166.5704
167.9713
165.5756
163.5824
161.1803
156.4056
159.5327
159.9789
159.3001
154.4295
149.1909
149.7339
143.4167
148.0024
150.0602
149.6941
149.1794
153.5801
154.4046
155.723
147.8862
150.2844
151.2239
149.9416
148.1547
149.2275
150.4386
150.6089
150.8389
153.6143
152.3726
151.0995
150.5304
150.8313
147.3912
153.1411
156.6884
154.6764
162.2785
160.5213
159.052
160.9987
155.8883
153.2999
150.4989
153.7877
154.0015
152.6499
150.828
145.0171
153.0915
157.9503
154.6276
156.2497
159.9939
155.9225
149.1275
146.133
151.0806
146.456
145.688
145.607
140.9502
143.4456
142.4115
143.3163
140.7572
141.1761
140.9397
144.7233
144.2193
141.6334
139.0482
134.9134
133.7249
131.6217
133.4314
126.265
123.559
122.5789
124.1778
118.3233
118.6237
117.9332
117.8016
115.12
116.1739
113.8057
112.0344
121.3513
126.4798
125.1169
125.4561
129.4106
126.4765
121.9754
118.4406
112.168
111.2473
113.9147
112.6806
111.4711
106.456
103.209
101.553
103.9092
104.5348
102.3575
103.3065
98.01846
93.75868
93.18137
93.56689
95.24847
101.9149
98.52474
94.20224
93.14628
92.19921
96.25323
90.85315
96.41036
102.2057
100.231
92.00001
92.88205
94.17872
90.66833
94.32662
95.43947
92.66245
92.59854
94.45968
98.18702
104.53
102.9825
99.69909
101.034
104.5156
101.42
102.401
100.2507
100.6752
106.6997
102.4539
108.628
108.5869
110.3569
109.5847
104.0528
104.4752
104.5632
110.4854
111.5706
114.2078
108.3243
115.2211
113.8777
112.1935
116.1584
113.824
114.4511
115.1966
115.3894
113.768
112.1523
108.6805
106.5922
103.6936
104.0367
96.86334
99.65899
106.5579
108.9462
108.8253
105.5978
112.028
112.0425
115.8855
121.06
116.8546
111.5989
113.5877
113.4136
115.7996
111.7803
105.2651
108.9665
109.3434
110.5985
114.4097
112.1093
111.0274
114.7467
110.3458
109.0913
107.2687
104.2933
100.9536
97.87588
101.0414
101.8917
100.0573
97.8685
98.36199
101.0018
101.7551
99.08687
101.903
103.0525
102.6346
96.71504
91.30457
87.3436
90.35541
97.01027
99.16466
93.88475
94.72984
90.62549
93.20369
91.8244
84.41979
90.3199
88.72631
93.08195
91.84312
89.71074
87.78432
92.68312
93.61558
96.3256
98.01246
94.94502
98.90038
103.4751
108.5932
113.5463
112.0656
115.8001
115.2913
114.8723
118.4717
114.5718
115.2653
116.4378
120.1299
119.457
122.3022
125.8783
129.6284
130.6725
126.1767
124.7217
122.2577
123.7431
123.4445
127.6925
130.4451
131.2936
134.3364
131.7644
139.8577
137.5928
138.0771
133.667
135.853
135.5407
138.9894
135.6294
132.9668
134.6294
133.3596
142.3002
143.563
144.6624
141.8973
138.9959
132.6828
134.7866
132.4466
133.8479
133.8988
131.5007
135.2431
136.8272
141.9202
140.7905
138.3674
133.3674
137.7402
139.8244
135.4784
137.8285
135.0974
138.955
136.6687
133.6653
133.3751
131.8142
130.3384
127.4758
127.494
123.2774
122.1581
124.8116
124.8879
119.8848
121.0186
117.8302
118.4681
117.1522
113.2485
118.3267
124.0751
120.9869
115.6613
119.4761
118.8659
116.2442
106.9775
