148.7399
306.173
130.0426
90.62235
102.3151
203.9588
119.3577
66.78313
297.4871
497.5895
243.3971
92.81908
101.0945
203.7898
180.1557
227.4365
129.4005
71.22712
147.3672
219.7
161.4651
82.10646
43.14006
120.6816
297.5006
138.6851
167.3193
228.6023
279.2285
74.48639
156.4133
150.804
99.98336
73.35486
94.62056
235.3553
226.4392
74.142
169.5939
92.8618
87.16773
74.26673
269.8402
92.81252
169.8352
119.2525
102.0031
120.3249
75.02104
190.6272
161.8108
49.05527
200.653
139.9656
119.1679
199.8385
295.6541
160.2481
171.4712
81.44374
107.7456
163.8768
65.96775
145.8081
71.54828
214.1848
92.28443
138.6928
77.58056
106.3397
124.9149
88.45041
159.7031
56.29907
181.8669
111.3135
104.1327
309.9868
162.4765
70.22056
177.3355
100.1118
61.32008
65.76914
158.3984
105.0949
108.4729
207.554
174.9942
88.1458
69.87428
86.40676
71.62529
53.10084
114.6281
90.82419
131.055
110.1561
107.3449
65.82267
118.3026
168.8454
372.9628
149.9285
53.4408
139.3041
69.23993
317.3093
155.1315
196.8901
37.52763
61.13996
85.29508
78.35264
106.2204
100.6059
114.4452
177.6148
160.5126
68.46319
165.0533
201.501
71.45552
114.2975
84.29175
155.4009
97.87818
183.6365
125.1029
82.41305
163.5579
124.9228
112.0354
89.14864
178.0816
296.9418
68.83309
81.90654
271.2383
109.7035
131.938
435.4894
91.31945
76.36003
278.0148
238.6046
72.88482
739.7942
618.1699
158.8632
161.7422
269.2512
194.7627
177.7667
107.1885
176.0498
118.7054
256.6089
274.6098
224.2218
200.4487
371.5976
541.4225
338.7528
106.1631
336.8967
399.865
665.1651
411.7196
200.0672
243.9598
574.1716
407.967
271.0577
138.072
85.48709
247.2447
133.7198
216.2915
821.0518
128.2937
109.5208
131.3462
148.1317
636.7046
126.3192
353.7963
340.2292
228.7205
329.1977
99.38838
136.4521
202.6583
211.2369
111.2068
349.2144
236.0737
263.2446
182.6074
286.8787
267.8121
235.7184
530.5963
418.6098
303.7246
677.3722
175.7136
73.96926
179.3219
341.3955
299.7096
320.8869
212.8599
320.3113
224.5579
232.4657
95.05331
83.72363
64.98821
170.9047
137.7062
254.4448
204.8948
220.2387
150.7619
439.7422
151.7713
330.1906
137.9313
413.4757
1095.321
359.8905
141.7468
388.6434
225.2712
171.9715
293.1021
89.69311
285.3225
218.1887
267.6486
349.517
208.8326
1789.251
226.1884
112.6356
120.6506
98.42347
86.59487
154.1911
272.629
241.0325
337.1186
101.5944
151.8702
139.1147
107.4906
154.7387
143.7335
181.9551
74.69333
144.7692
161.1862
151.6581
118.1757
51.62391
391.6908
117.2551
213.5533
298.5388
131.4276
115.1175
128.9319
93.51733
347.7833
147.2519
136.5329
158.3841
199.7949
454.6911
142.4201
254.2996
99.65646
209.268
170.6282
235.2349
243.3717
373.7282
257.1881
802.2627
91.33638
299.5512
408.227
240.3096
378.7137
285.7309
248.8254
148.1755
155.2209
390.6782
213.1784
132.3107
247.7
284.8102
1819.549
193.6866
641.6177
1356.501
287.6183
1247.676
136.6746
92.71029
168.6495
137.9206
889.1302
275.0665
170.3546
75.0843
81.3247
179.0817
234.4366
368.7606
97.39217
148.7267
285.5965
383.7245
443.9212
448.8062
279.7031
171.8789
174.7059
171.8243
168.7461
199.3323
66.10346
271.4967
169.9676
585.5979
224.9399
98.66644
100.4129
285.3721
217.4848
181.3925
67.46641
95.52399
185.4754
407.6443
69.69135
203.3775
167.3537
196.6075
106.6464
329.8673
846.9077
183.0507
94.23814
135.3137
258.9638
181.8355
279.5528
71.33102
87.50991
73.37676
102.262
173.4997
316.2465
129.2823
106.6147
146.7017
154.7858
169.3035
181.4088
104.0482
238.8032
200.692
128.5785
57.96774
376.0056
311.1486
127.365
379.9172
460.0662
179.9288
133.7901
184.199
341.1047
117.1079
378.2942
329.9137
280.2599
274.5979
561.5482
153.5301
190.9229
518.278
171.373
204.4612
312.5644
340.1546
399.514
353.2536
89.32801
411.1918
37.72398
949.7241
78.78115
129.6446
302.1765
108.141
128.8765
87.13543
256.1439
46.43833
145.3932
136.9257
196.6545
124.135
143.3033
96.85373
157.6377
203.8599
143.5472
140.7659
230.8845
117.9671
61.13916
280.3797
125.2813
229.4746
78.68094
104.6959
620.7096
63.05114
72.85797
240.5302
50.95249
484.1657
106.2008
289.216
348.187
189.6323
205.8546
343.8594
164.4034
135.6392
165.0339
164.5594
63.68221
180.9379
114.5672
120.2208
306.7006
355.4626
172.8247
160.1438
153.054
154.7932
98.20484
150.4647
536.4954
95.53875
142.7372
277.2767
221.0493
720.9491
468.8471
78.7114
261.6164
196.529
279.0727
268.0309
115.7287
301.6404
264.6921
191.2676
109.6384
375.9894
861.9961
102.323
99.89284
195.0374
87.36224
69.58798
326.5437
98.32333
192.8781
261.7068
154.8587
119.243
56.50709
108.1906
68.59454
103.2242
101.2879
189.8871
119.8756
75.50825
136.952
454.588
