683.7196
666.55
775.8025
713.858
704.6326
729.9242
683.28
687.5108
712.7934
675.6308
708.1386
651.1632
774.8248
663.3819
651.1833
671.0817
682.624
637.9945
572.232
527.8643
596.8686
629.5803
588.6515
562.3196
612.9231
591.0003
574.0234
564.7373
588.6898
656.0576
600.3138
578.5127
559.5593
625.249
616.6397
607.3604
578.3007
490.8024
571.3905
555.265
578.9932
629.9973
589.7279
537.3589
562.4865
608.0239
581.5508
623.5931
541.8969
524.8996
576.9198
566.4621
581.9999
552.3951
589.0659
517.4747
619.8004
548.7343
596.8534
539.6269
579.053
584.1375
571.2807
586.2757
545.0887
537.4293
575.4333
534.5449
623.0086
541.6991
590.7536
501.6503
613.502
573.5043
531.6508
584.942
630.463
584.6332
566.7163
536.3334
558.751
575.3688
542.0879
591.1586
550.5048
546.0425
599.6428
561.6751
564.8844
587.9516
598.8789
548.2732
518.4079
552.6984
509.1629
544.922
589.7129
552.9333
561.9807
595.7087
508.2484
526.0271
528.203
594.7353
578.9176
565.8075
579.1268
580.6186
543.4932
596.5808
590.5402
574.6202
572.9565
562.4841
597.9529
524.7932
537.9293
579.6161
583.4306
601.6261
640.7856
605.3467
561.7074
614.9607
594.6191
560.6355
593.4002
544.1522
544.366
546.8538
595.0795
578.2635
534.9645
552.5645
568.119
576.782
527.3524
547.229
576.6195
672.4725
562.4814
563.827
637.2597
512.5814
550.6721
541.3558
569.4917
555.2889
551.8755
554.1482
573.9244
578.2893
613.8772
554.8908
583.9589
579.8453
651.0579
586.3937
512.6939
571.0362
617.8852
562.8195
595.052
531.1566
530.3949
608.7603
596.1631
534.2759
600.3122
544.4422
567.4175
598.8484
608.6984
567.7071
578.2783
525.3152
562.5895
557.532
529.0631
585.4387
523.9286
601.0103
624.5989
610.2743
577.8618
575.6024
622.8862
534.8978
603.3464
573.271
544.9325
562.8803
573.7083
609.2531
535.9165
552.7433
621.6848
539.5331
608.4653
584.283
577.6142
545.2325
569.0105
559.2288
565.2
549.4939
586.9272
558.0857
572.9428
603.4898
568.2947
558.3281
551.9475
612.8833
546.0624
556.2545
567.3545
520.0212
551.2722
574.855
522.815
588.1775
566.1483
600.4002
522.971
555.1783
573.7796
572.7454
601.5692
571.4194
596.028
578.1774
495.8509
573.7399
608.3321
606.3407
516.6719
582.9993
556.3191
587.5777
556.0438
528.7716
554.1733
585.4512
518.5059
550.5325
594.6434
610.4232
561.501
554.1965
601.1989
603.4251
556.1522
565.4412
579.9472
549.2307
534.4101
547.8801
542.4323
557.0848
551.6242
540.4038
579.0054
558.4095
569.1978
574.8633
541.4573
542.0123
574.8381
550.2541
598.9985
559.5082
591.3637
558.227
592.4629
622.4057
565.564
567.134
532.2935
592.8767
578.1994
557.8378
598.8251
590.2966
619.8896
568.3696
551.0458
573.8402
574.8454
558.6158
571.0822
561.6251
541.5713
534.0879
592.7511
634.1381
537.1337
524.7597
584.4803
576.4467
582.5441
588.1105
585.5878
540.7475
596.4252
634.3969
569.4241
559.5224
531.8663
564.6077
587.4311
534.5406
591.3857
541.537
588.0672
573.3791
573.3741
573.9923
533.7984
590.4261
523.5391
564.2085
528.4204
557.7437
572.7689
615.2157
624.9724
537.7147
576.3565
586.6797
531.103
572.8003
593.4115
587.0449
515.1218
590.5479
598.1077
517.8607
537.6882
571.9821
558.4144
524.7883
575.6318
595.4414
549.3751
590.8758
566.2356
543.139
507.9613
578.3674
597.8754
562.6285
523.0344
579.4613
614.4349
578.9323
599.8706
558.7491
552.724
556.2477
554.6521
584.3843
572.2763
549.588
575.3702
605.0045
620.8619
553.3673
583.669
577.9854
550.617
535.8623
573.9164
584.8347
548.6291
543.522
561.1205
601.3701
558.9776
546.6916
568.9687
603.9132
514.0932
546.4298
596.6799
578.9089
575.882
534.3896
571.444
598.5277
550.2867
536.5281
534.9838
536.9035
514.165
506.7195
609.161
623.0564
583.9948
576.0488
519.0207
547.1456
569.6599
497.7327
528.2946
580.8537
606.1927
636.0912
564.2213
588.3281
587.1459
537.2803
622.2366
596.1373
555.1718
588.9964
540.9461
550.827
515.2649
604.7559
510.8434
532.181
600.5001
558.425
583.5859
551.0468
557.8324
623.4041
613.2378
509.9327
568.6691
563.026
552.9867
575.4434
532.7526
525.22
631.9562
560.3954
604.1324
540.9966
553.5983
558.7895
592.2475
581.1097
564.6871
552.5166
555.1145
564.503
570.1144
561.1457
531.0966
570.4755
606.1136
541.2811
571.5457
578.0827
569.5081
540.6698
551.6719
549.3232
547.2267
602.6204
606.4384
556.9136
542.5574
613.0792
573.4577
626.811
543.9874
598.3295
636.0507
609.203
544.9368
615.9055
553.7169
589.8736
586.2263
573.3463
542.2118
583.9361
596.6273
530.1214
530.7469
577.2753
578.9766
544.5065
584.667
581.1804
524.4578
558.0517
544.1816
513.249
635.1686
604.4944
530.1226
538.9213
512.5837
573.3204
492.7342
595.5054
