83.23389
80.70156
85.61353
89.22874
84.12024
87.67815
90.58717
89.45621
90.65861
87.46074
85.1874
79.51627
82.44516
71.84212
70.89458
62.39241
61.18818
64.1221
70.38261
67.50497
65.45685
66.30124
70.48939
72.45734
67.02614
64.10924
67.72615
70.03659
72.94764
75.95227
74.9582
71.34821
71.82469
73.72346
75.61844
75.68919
75.78252
79.66696
76.08392
76.2598
70.27546
67.02107
65.77262
68.44344
68.7707
69.55799
67.73607
65.46835
70.99466
70.29402
72.61235
73.7909
71.47894
72.48253
70.60919
71.92684
66.46541
66.66741
65.45074
68.94106
66.10736
64.4312
61.55882
60.06336
58.23447
59.79162
58.20425
55.74918
55.90184
58.5774
57.13444
59.77701
61.36276
62.86635
59.25653
61.67938
64.03491
65.79709
68.45021
67.8851
68.84789
63.68495
72.28156
71.76427
69.8505
69.68984
72.41919
70.94978
78.0001
77.45319
77.96281
77.05976
81.25727
82.77702
76.83569
75.89105
74.71948
77.56294
84.44226
87.90129
91.7118
90.73553
91.26036
99.59027
99.79043
101.0873
99.73758
99.2585
98.75336
101.2975
100.4298
101.6764
99.43614
94.97254
90.95353
91.98626
93.05216
93.77097
93.55743
88.0602
89.21077
88.96832
92.89137
96.10036
98.78664
101.4135
100.3917
105.5298
103.0242
108.2657
105.8206
107.0398
114.0351
111.0231
116.895
122.4704
121.6229
123.2395
124.3259
122.356
126.7357
123.749
119.6031
126.9683
125.2499
121.257
121.5801
123.261
125.154
125.4162
126.6457
121.3078
122.246
128.9914
125.9608
126.3098
127.2508
133.1107
132.4163
129.3929
128.1624
127.232
124.0621
122.9775
121.4755
122.6038
121.3586
122.3617
125.906
130.4503
133.8746
136.0402
134.0804
138.4396
136.676
133.6905
135.4083
132.6317
135.2144
144.1835
141.7873
141.7184
138.3436
140.0688
143.2887
143.5593
144.5711
145.9375
147.3021
148.2028
151.8445
153.5575
153.332
155.677
155.2162
157.8542
160.0509
162.8261
162.7734
156.1878
154.3599
158.8904
161.263
158.1072
153.7043
153.1513
154.5923
151.5795
147.0311
145.2192
149.2922
146.0961
144.7531
147.2446
145.1948
149.8087
149.5627
155.3555
153.3907
152.7088
152.3209
151.4987
155.2442
154.632
155.9163
153.7099
152.5723
155.3464
153.8883
158.5208
158.9187
159.7625
161.0743
162.5154
157.7561
159.572
155.9261
155.5264
153.6293
151.6794
155.2506
154.9503
155.4283
161.4495
157.6993
160.7826
153.9624
154.3485
159.6448
156.9986
158.1525
157.4922
161.2956
157.1303
153.8551
150.3632
143.8641
140.5471
135.6445
140.0036
141.8169
139.7539
139.3551
139.0392
144.4689
141.8544
142.5767
142.2155
141.1862
137.1328
134.4771
135.3579
139.7433
138.2717
130.9244
126.5091
125.2382
135.9508
133.1421
133.1928
133.7039
130.8638
124.7563
123.2405
120.131
122.1332
124.9473
127.6812
126.452
128.0557
126.7455
125.7119
129.6969
132.6499
133.0202
138.2479
138.5612
139.2205
142.7129
139.3098
142.2377
142.0244
140.3069
137.5259
136.8615
133.1098
135.3713
135.2056
133.0208
129.8859
129.5376
126.1052
122.0317
127.5382
129.8233
130.0214
129.0172
123.5746
115.404
116.9955
115.0079
109.1587
104.8177
106.11
105.6931
106.3071
108.1221
107.7854
107.1049
105.2182
108.4708
108.3147
107.6797
108.193
101.4294
99.87437
101.5523
98.40583
95.62324
95.52112
96.03003
85.58681
86.86904
89.17046
94.59039
88.22556
93.78877
95.31348
97.92366
97.41327
93.64906
93.86472
95.78576
95.84409
91.53311
95.56594
93.37127
95.67595
98.35389
96.26073
94.08256
96.67196
100.9643
101.5855
102.1861
99.7635
95.4149
99.10416
100.7449
103.821
105.6373
103.6696
103.4019
102.8942
104.1035
104.21
103.1247
97.33576
90.70568
92.22648
89.30959
93.8144
93.1453
90.38073
83.93827
81.60228
83.52013
84.02698
86.09677
82.87082
81.72952
81.30931
78.59031
78.93321
78.93195
80.62564
79.64101
75.15271
73.24307
74.53114
76.4973
71.67682
67.71353
67.07976
67.83371
64.64938
63.85385
67.638
65.29841
66.72511
65.91558
64.32493
64.57835
65.43866
60.01517
61.71174
65.52367
67.69626
63.51944
70.80577
71.56372
71.13363
66.21483
66.45464
58.38505
58.06985
59.2135
59.61934
67.75081
65.18423
65.42474
66.43518
62.62779
57.55585
55.75111
52.00951
62.94652
65.69444
71.18047
71.04591
73.20548
76.26099
77.68638
72.49595
76.07088
70.76953
66.55412
69.47164
69.50727
70.62312
70.99625
66.05037
65.07522
64.18933
63.22897
57.7492
62.19932
64.15672
65.96283
65.08952
70.5988
73.32897
72.41403
73.98641
78.18103
82.08494
85.85823
85.44204
89.36684
86.42807
90.61715
94.20309
94.69794
93.29581
96.16434
104.4253
105.9342
106.0249
109.1763
112.3543
113.577
113.9972
111.4908
105.8046
103.3353
102.0282
95.91345
91.58935
88.78693
91.09596
93.8559
97.2682
92.66836
92.83741
94.85591
100.0322
96.90506
97.93863
101.9757
100.3297
