12.8688
12.97272
14.1189
13.53466
14.01584
13.62303
13.60973
13.13197
13.22577
14.50848
12.06502
13.19752
12.82174
13.6692
13.30118
12.71936
12.36089
13.0886
11.59706
13.23046
14.10203
12.77994
13.16655
11.57071
14.18342
12.08901
12.2245
12.82636
13.31047
13.21826
12.91039
14.01454
13.2327
13.33478
13.4309
13.12972
13.33048
13.70503
14.2858
12.77427
11.58788
13.90321
13.96975
13.87745
12.4746
14.37238
14.18192
13.70797
14.69222
12.65344
13.07637
15.34854
12.84984
12.66624
12.80878
14.04673
12.70301
13.24103
13.68016
13.09273
12.52238
12.01067
12.51807
14.59761
13.09253
14.17706
13.69875
13.18614
13.38712
13.30384
12.61165
13.58093
13.68357
13.78738
14.09313
12.57437
13.89295
12.783
13.10456
13.42899
12.10263
12.9477
14.88101
14.17112
13.09032
13.77803
13.24046
12.8257
12.3574
13.4494
13.37946
13.29926
13.85624
12.51106
13.18621
12.76633
13.07491
12.30803
13.44099
11.98625
12.38004
13.24157
13.75669
12.85866
12.73349
12.57241
12.50807
14.51902
13.00346
13.20678
12.9785
14.334
13.00361
13.05496
13.98889
13.46867
12.71367
12.87254
12.52882
12.87313
12.39082
14.0427
12.74359
13.46609
14.7825
12.94717
12.941
12.72045
13.37554
13.56943
13.5972
13.81873
13.64257
15.18488
12.10594
13.34915
12.84574
12.46605
12.73373
13.61153
13.81938
11.89052
14.09106
12.33451
13.42307
12.71112
13.86587
12.68648
13.315
13.83322
13.9132
13.41114
15.08838
13.22818
12.85469
13.10993
12.78495
14.14
13.01716
12.14929
13.7448
13.98263
13.98045
13.75094
13.91993
15.43283
13.84279
14.05215
13.11381
12.66807
13.26029
12.81585
11.98539
13.53212
13.05803
14.06686
12.90314
13.27149
12.59207
13.59141
13.19978
12.86855
13.11355
12.76557
13.40058
13.01735
12.18555
12.22586
13.87065
12.51779
13.16777
13.47651
13.37056
12.76137
13.36064
13.28885
13.5943
14.09424
13.86022
13.28617
13.05453
13.49502
12.47363
13.18123
13.1642
13.36356
12.20019
13.28522
13.14115
12.82648
12.70159
13.47276
13.46231
13.40259
12.04881
12.04148
12.3775
14.16964
11.96173
13.35976
14.65647
14.39887
12.51149
13.16917
13.95045
15.2689
12.79774
13.18036
14.45383
12.95462
13.80125
15.44088
12.5886
12.58016
13.17828
12.5244
12.86841
13.87422
12.52294
13.79334
12.13344
13.57779
12.38732
13.0547
12.94187
14.19208
14.36413
13.66787
14.03276
12.83638
12.98276
12.80735
14.25707
13.64705
14.72289
13.51251
13.48473
12.83503
11.92309
13.35611
13.38736
11.8363
13.30751
12.72877
14.6736
11.80651
12.79755
13.18947
13.38968
14.87242
12.57508
12.44562
12.69835
13.70393
13.9463
13.96499
13.7865
13.3378
12.37934
12.51469
13.85101
13.42374
12.9477
13.30602
13.60104
13.607
14.60405
12.7837
13.67701
13.687
13.53104
13.35055
12.98174
12.64175
14.2103
13.03306
12.83443
13.66355
14.425
13.20932
11.98006
13.90259
13.79719
12.87875
13.31351
12.74862
12.84203
12.01218
12.71811
14.13843
13.60392
12.53184
14.07449
14.0838
13.34229
12.77936
11.91046
12.7434
14.11479
13.46178
13.10807
14.03013
13.84007
13.86003
13.64539
13.95973
13.14482
12.81604
14.06097
14.32322
14.46474
13.68756
13.16578
12.90843
14.14481
13.1147
13.98233
12.76922
12.38558
12.12065
12.93198
12.44664
15.1928
12.89323
11.60395
12.09802
12.32463
13.48635
12.50532
12.45531
12.67679
13.31719
12.30717
13.15711
12.79574
13.00968
12.89314
13.47143
13.72917
12.43078
12.26607
12.9221
15.01254
13.19474
14.18122
12.69987
13.16143
13.67436
13.68316
12.48514
12.9439
13.57525
13.55704
13.85119
13.57766
14.04355
13.49622
13.65382
13.26281
12.30749
13.26718
14.18338
12.30938
13.09046
12.88476
12.65088
13.36769
12.62888
12.73543
12.14542
15.26963
12.65105
12.54638
13.10427
13.76315
13.21856
13.33124
12.60635
14.12305
13.62966
12.47349
14.11339
13.40538
13.04783
14.45057
13.16914
14.00329
13.04881
13.75412
12.67187
14.05576
13.57325
13.39353
13.92284
12.98419
12.55033
13.16764
12.57649
11.95875
14.4157
14.146
12.23702
13.31148
13.92528
14.21607
13.46741
13.38333
14.01301
13.54564
12.7315
13.5834
12.632
12.09798
13.55822
13.20333
13.10848
12.28905
13.4352
14.03633
12.56244
12.95208
14.34296
12.92395
13.66244
13.87272
12.79502
13.0689
13.77004
13.61063
13.76036
14.08208
13.46995
12.75923
14.1203
12.80368
12.40713
12.50628
12.32744
12.74325
13.7443
14.29598
12.80579
13.43426
13.5458
14.26563
13.31062
13.43176
12.88692
12.78131
12.9554
13.71575
12.82966
13.42117
12.71673
12.62086
13.74789
13.14121
14.18683
12.79988
12.22699
13.10391
13.39524
13.45037
13.69685
13.38202
13.46802
13.62781
13.78531
13.18861
13.95039
13.88137
13.63253
12.81381
13.24706
11.47358
13.76131
13.3019
12.81351
13.41555
12.42426
