401.5715
287.0089
221.2917
355.2127
239.4321
279.0146
281.0065
603.6519
240.983
140.4664
111.8936
781.3738
278.2196
385.7549
337.0124
327.1669
159.797
355.8471
149.6255
484.491
233.1293
262.135
270.1784
201.6821
222.1669
273.6561
466.5044
493.2199
716.0432
287.8985
700.2513
201.2147
297.6841
338.5563
400.1371
118.0967
227.4411
232.9644
205.2828
441.5438
191.4557
205.7245
458.8926
389.1188
673.0216
376.1108
510.2457
233.5285
423.8965
178.5586
234.0549
504.008
405.4113
342.9445
141.2851
355.9624
110.7135
449.8135
940.5114
211.8782
262.7247
374.3907
259.3284
203.3079
308.0758
944.8159
316.6543
205.3106
283.8596
360.3614
179.6575
500.6062
214.6857
280.0679
391.7433
585.805
192.0455
378.6292
206.5468
391.8137
272.6836
667.7478
188.4133
326.4947
296.5211
199.1708
230.8472
336.8827
362.0714
778.4248
342.9417
528.6857
592.7194
393.4726
241.0598
233.5225
282.6814
200.7483
781.2677
177.1856
230.1866
148.4919
899.7318
208.7062
1056.018
533.1448
427.2311
116.4482
286.1594
258.8507
463.7645
207.9527
315.6683
568.0325
300.8524
262.866
228.8709
301.7227
250.9717
273.2621
190.9779
510.9194
376.9418
218.0468
111.878
300.0115
234.6183
248.1425
196.4056
451.2753
261.2828
512.4118
156.3399
596.3031
378.0591
249.4514
217.1127
349.2014
466.891
696.8621
305.541
178.445
629.7342
204.2815
216.3354
205.7227
186.1579
288.9907
237.0155
639.3538
299.4419
502.4867
318.8603
252.8425
252.1926
241.6214
147.4116
695.5166
534.6855
326.8106
309.5514
287.7333
552.3141
208.6964
357.32
361.8935
226.619
176.4707
208.4416
509.0924
382.6536
281.3103
189.8877
134.9528
320.0684
294.3378
421.3714
311.4837
112.2047
168.8326
172.5104
542.1225
407.9174
263.8672
329.2687
450.0398
299.1385
256.284
277.2408
193.5697
136.5153
1036.798
347.3393
386.8767
621.8749
235.2904
444.1036
362.8916
329.5857
290.6528
234.5828
277.6858
155.497
173.5956
380.7805
289.9623
318.077
559.2671
312.7207
261.2536
149.6696
235.4656
193.9866
203.8409
480.0931
669.1851
498.7994
307.9602
496.18
490.7992
1759.165
298.6178
437.3241
406.6516
275.0792
521.7885
281.4794
581.0251
506.2426
430.5004
394.9019
287.5922
352.3492
382.5307
213.1596
292.8072
432.0524
181.596
500.6806
263.0125
166.7196
498.9794
376.7171
385.1731
426.6766
191.8847
394.6948
395.3466
348.975
218.3715
561.6262
215.5414
493.2804
266.5845
324.3171
464.8409
275.8068
596.286
199.5956
362.4056
121.1443
228.1467
181.0854
359.7057
682.4896
291.34
179.1463
172.12
468.0819
416.429
357.3754
230.7396
486.0722
176.9801
206.2193
327.9842
479.8907
106.8657
130.0201
208.0786
185.4061
740.1097
336.1822
236.2645
176.4771
287.6955
510.0174
230.4853
399.3543
353.3335
305.2665
360.5567
595.0764
360.4978
388.1031
387.1083
171.2208
480.5773
622.1178
166.6577
546.9339
423.5781
142.4199
506.5286
519.0449
217.5187
496.0831
424.0841
153.6536
324.5074
450.6409
466.8625
189.1266
211.687
641.2122
451.882
363.8432
299.2555
178.5059
275.6656
335.4886
290.7895
335.3425
165.5319
450.8375
435.6854
238.5068
255.351
280.94
285.2152
473.1543
636.737
250.9629
792.9687
301.7872
189.888
1005.951
208.2945
267.9674
373.1596
318.3273
321.6777
285.8618
468.1108
129.4346
174.7076
454.9951
160.394
222.4082
260.5633
367.7945
246.9917
251.76
305.8108
167.5717
344.6652
381.4945
177.2659
242.6977
127.6102
849.7558
196.3514
342.1925
266.1738
296.2529
304.9795
230.2297
416.7692
181.9741
508.1404
271.1297
354.0706
645.3226
432.5262
326.7775
391.9839
704.0413
327.0792
512.394
414.3
745.7963
449.16
285.8848
615.0308
194.8037
538.1629
304.488
475.8968
545.226
512.8207
472.951
284.024
413.1772
384.5115
195.8683
471.9795
133.3741
140.0622
301.5398
827.7354
668.8941
232.8186
501.4199
145.3041
1587.507
250.7914
127.7271
653.3009
172.2802
216.9558
672.3941
218.9805
161.3422
168.686
572.5297
219.5417
530.4192
413.8524
541.029
441.0609
445.162
414.3191
190.2912
234.9821
190.4928
327.5277
884.2427
144.8468
187.292
666.9724
317.6783
304.8705
734.6569
323.3873
186.9178
529.8963
192.6284
210.0067
390.2294
199.9252
239.9006
301.3072
198.1432
232.1647
477.0225
271.229
178.0203
213.8338
310.1621
318.2233
321.5552
229.4927
474.6573
518.6806
320.5312
295.5234
359.3793
738.1036
581.2267
188.3336
1286.587
315.1383
266.4676
373.2779
316.8358
202.3506
261.8441
318.3282
219.2153
302.9321
96.01318
830.3586
448.6929
604.4988
292.4441
627.2848
325.0413
541.7122
190.6279
471.6801
368.7318
321.1789
500.8823
969.1719
369.7273
145.163
894.2791
231.5084
463.9739
450.5088
202.6329
412.7207
225.6156
148.0752
851.7545
261.3844
293.9722
499.8257
311.4461
317.7882
