62.76704
54.99212
52.36211
61.16893
57.57614
59.13097
66.01626
59.31741
55.13033
58.08741
68.12333
54.90313
57.34128
59.50142
60.08971
63.86676
62.45064
56.47124
58.4252
61.13768
58.53586
54.28894
58.46184
58.97149
61.80807
59.35375
57.98544
57.89649
58.69133
55.74187
55.94558
52.96071
59.82462
53.78693
64.39594
51.12366
60.41299
58.8671
55.12423
59.61461
55.25727
57.06555
59.5161
58.70509
61.49652
59.5464
56.27626
59.87464
59.87959
54.69164
58.23648
61.3838
52.5276
55.95079
59.33225
59.46167
61.91803
57.86194
56.73816
61.80826
59.10722
60.60899
57.60237
56.13461
57.998
61.2727
58.21311
55.08045
56.15215
58.27893
62.79496
65.37835
60.78477
58.13482
54.33491
60.73453
54.56505
57.58285
54.29126
54.36899
56.26638
62.10932
59.93803
56.78196
56.15856
60.51222
58.59064
53.12212
54.03381
56.7673
53.21387
59.31993
56.10033
60.91385
54.65184
62.51319
57.07328
56.27357
60.51513
61.47061
57.71746
53.67211
62.66489
64.31989
52.37422
57.23673
58.01128
54.28474
54.49384
59.12292
64.20428
55.07191
60.19518
62.06989
52.68312
59.60025
60.13739
57.78694
63.87678
53.44946
62.28915
61.50872
57.15221
57.79274
61.62083
60.47689
54.23016
60.32214
58.97038
58.33169
60.28522
61.72671
59.31958
59.96034
57.30607
56.90611
55.64404
54.96488
57.39846
60.62273
59.57858
65.17342
54.62193
59.36664
61.02864
59.64757
52.56129
62.42736
58.96085
55.48212
57.38802
58.3813
53.74237
65.13532
62.87141
56.48384
56.0616
56.57066
56.34395
54.4856
62.28351
52.83149
55.53115
61.83958
53.05511
58.62017
57.65265
51.6332
57.54175
58.00494
59.92771
56.11549
55.91224
57.54061
59.53845
53.71501
57.86086
53.04755
53.72936
59.8502
58.69116
54.53673
60.52091
55.54981
59.05743
63.31663
54.00802
62.1034
53.3617
66.18764
60.55531
56.39342
56.6234
63.63971
61.12294
63.96399
57.7405
55.41294
57.44171
54.87496
59.3631
64.70207
58.39529
58.00862
58.70108
67.03671
58.78003
59.11524
59.30661
58.46448
59.3374
57.94464
57.71453
61.37091
54.78003
58.65354
61.79546
55.49492
61.31427
57.59427
59.76123
59.43714
62.35644
57.29365
57.43589
54.73884
58.53787
54.76821
65.53931
55.23269
53.68009
61.81888
60.23803
57.1443
55.28679
61.65718
58.73957
62.24589
65.32023
56.31887
62.36336
63.26326
58.03693
56.49508
57.17602
53.10502
52.40319
62.17878
59.03949
57.89192
59.67512
54.78072
60.33161
57.66578
55.84845
53.76125
55.66236
57.50055
56.62632
56.26799
56.95626
63.37869
58.31903
58.34147
58.27449
56.79705
62.66011
58.43638
56.11344
64.26635
55.80342
57.33951
57.34477
62.40355
61.34249
54.90419
57.50298
56.78531
52.82887
56.59662
54.90877
52.48175
58.30481
63.65378
55.02017
60.24239
65.30642
55.0288
58.38387
62.19102
56.05378
57.29266
62.29634
59.23747
55.72024
56.14524
55.80145
59.58101
62.54736
51.4135
56.12005
58.26097
57.10704
57.88768
64.8414
57.73035
60.0055
66.6066
55.24595
61.02241
59.22762
62.11812
63.96926
59.26317
59.06148
55.39579
60.80331
58.38567
62.39154
53.98462
60.01355
57.82893
57.49054
60.31128
55.14276
60.55887
56.5315
57.38517
59.79023
56.94436
59.87753
59.78191
52.0057
60.02432
62.422
61.94773
61.50139
61.34944
55.49421
57.33811
64.73001
58.17792
56.71609
58.05928
62.03541
57.93094
57.68006
53.77771
64.04519
56.55594
67.6384
57.19292
62.27433
58.77585
57.34443
56.30589
64.32461
55.87876
59.81729
63.64088
54.68688
60.36583
60.45532
58.50792
58.27284
55.69115
55.03444
64.77223
54.69717
55.70755
57.66072
52.42888
57.92488
63.56723
52.78753
58.48253
60.81474
58.1481
60.49029
61.02687
60.88679
52.44993
54.33871
61.34324
62.32629
57.88895
53.65821
61.51332
62.07558
58.72991
61.06467
64.87867
57.7984
58.86669
54.17555
62.32157
62.71521
59.2522
54.48812
64.5586
59.59111
59.70883
57.13573
57.55883
61.00258
54.85177
56.02698
60.29662
53.17654
58.19246
58.72097
57.50141
58.65993
57.07588
62.47676
55.12776
64.34334
57.80014
56.89787
52.44832
60.82986
55.60835
57.52967
60.14991
59.30154
53.97274
57.15144
56.83707
58.51626
58.30128
62.37047
61.60251
59.36145
60.71907
56.50936
63.34792
60.40138
55.96209
55.12621
62.267
61.50957
60.14656
63.70481
60.44545
58.90694
60.9778
60.85333
57.08013
56.26942
54.88091
54.2492
59.70355
53.90034
59.54014
62.40112
61.82895
53.62762
61.09068
60.84072
56.22153
57.2445
59.35566
59.84975
58.81247
53.9906
56.43245
59.17948
56.40586
54.89569
55.26302
60.44568
56.5425
59.09134
53.53235
53.55103
61.42927
60.09118
62.80938
61.58912
59.96049
59.21521
58.8749
61.57431
56.22732
64.8967
54.35828
65.30521
57.96302
55.14858
56.94339
58.21605
59.76228
51.01933
62.81782
62.64901
56.51324
60.99629
54.44192
57.99131
55.8456
