378.0367
363.7762
374.4525
357.6931
364.0005
367.2719
361.2078
359.7166
359.2716
322.1637
364.9868
360.4545
358.6082
370.5831
347.4068
369.4038
349.0863
375.9277
349.1829
366.5492
357.0505
360.1239
343.9416
343.8365
358.7836
364.9718
385.3972
340.2883
340.7879
337.1552
362.5622
355.3286
363.8019
341.5357
356.7573
358.2472
363.2738
369.5494
348.6547
373.321
319.0541
337.7297
363.5622
336.1748
367.5567
345.9787
366.5615
342.3737
373.4936
342.7985
342.9334
323.3607
373.1704
338.6377
353.0622
344.8548
351.3387
357.7326
336.4931
321.6729
355.8797
368.4603
338.0549
340.4237
345.6505
373.6665
355.2731
373.0733
342.4418
348.765
349.1529
349.2116
337.7441
367.8512
357.2651
362.8801
330.7068
353.8617
342.4974
344.5481
335.0286
336.8627
354.0232
336.9082
358.3855
366.3911
361.0798
337.1078
369.3857
367.6874
350.0494
359.2673
371.2527
369.8896
371.4703
340.6225
341.4441
329.5106
365.2781
368.2212
377.0344
350.3069
336.7029
378.4402
331.5567
346.5137
364.2481
377.6786
360.8528
344.9037
354.9924
360.6977
363.6201
372.7549
386.9207
357.067
337.2903
323.9059
319.0146
337.2902
370.0708
350.2331
359.0648
349.0511
368.5299
341.184
380.9947
382.7319
342.0618
356.296
328.7064
337.5349
378.6646
375.1281
360.7969
345.7814
344.455
346.8945
330.9599
400.2954
347.6563
333.4909
373.0484
355.5823
348.5457
349.7306
349.3936
325.0845
361.5241
339.1573
332.3711
363.0045
396.5643
349.5189
347.9499
392.4212
351.7865
377.1774
372.0849
358.5985
348.1297
402.3572
355.1425
340.869
342.4368
339.9548
359.8051
383.2961
341.9578
330.084
355.9905
379.9358
364.4829
356.7278
372.8879
374.3306
338.7632
356.8291
351.7814
363.234
337.079
360.7556
363.3281
368.9213
346.5
349.3111
348.0032
371.7981
360.7325
394.7111
362.206
357.6081
354.2789
361.2171
350.7207
361.2664
346.7276
356.0613
339.8845
325.4605
385.2077
344.3841
360.5788
355.5829
354.4461
363.5231
349.0688
363.4351
355.4512
368.7336
386.9381
344.8944
341.1346
328.6062
347.295
340.2245
335.7903
381.3647
369.5034
354.1467
342.4998
364.7591
364.9982
351.7522
352.0929
371.6067
332.5167
343.0048
344.4681
380.7984
342.6578
357.3799
368.1602
356.2547
341.1858
362.2361
338.9362
334.7816
345.5984
328.9147
366.5665
374.5409
342.5233
399.9726
361.7863
363.0599
350.7078
369.9834
355.7021
358.5456
347.9927
333.1392
350.7778
377.1287
371.8207
346.561
359.8121
367.6488
358.3946
349.3426
359.1084
323.0997
400.5276
364.0929
370.1658
333.353
357.1583
359.5445
376.0357
354.6592
343.7102
360.7892
327.1754
371.824
339.3464
387.0095
365.705
358.8152
346.2813
378.4542
369.7673
357.3683
353.0488
364.5458
358.1181
365.4304
365.5198
350.3012
357.8994
354.3798
380.3611
377.8171
353.7121
376.8652
347.6605
346.2132
366.4254
387.598
392.7868
332.0787
331.1981
390.0173
358.0836
347.039
337.274
329.5567
355.5144
357.5945
351.9104
348.4331
335.9783
347.3477
360.5361
358.2098
345.7662
342.5047
372.3423
345.8431
347.7992
372.2064
365.9303
355.7401
351.6304
372.1132
351.5206
355.1244
334.7929
367.0363
343.4003
356.2486
356.1375
363.965
356.5348
368.4508
360.3776
357.8029
369.5831
342.1245
354.9215
376.1589
390.8191
329.0739
353.9564
377.1421
334.2068
376.7529
376.9971
348.8296
365.5499
369.0569
348.4908
355.3593
375.1709
372.8508
376.0243
388.5572
341.9344
345.2625
334.1174
369.0305
352.109
363.7157
333.2125
364.1561
372.9072
373.2515
382.3696
362.2077
360.2168
359.3278
349.59
362.0871
392.5857
360.2265
356.6391
348.2604
357.7968
358.96
354.9954
341.6283
346.8755
368.0907
352.6849
362.0157
359.449
342.5537
393.4458
337.5936
348.4548
352.1728
337.7229
348.8191
397.5669
394.6682
343.3258
338.394
362.2473
381.9538
360.8502
351.3798
373.6017
369.6862
361.2732
355.528
337.8448
354.7454
375.1357
333.8231
358.6105
342.2354
338.6101
394.2042
351.3019
369.2911
362.768
339.2547
363.5122
394.456
340.1498
367.0408
347.9984
335.6593
338.6343
353.8929
383.1863
348.2606
359.1732
326.5382
374.8432
337.1967
397.2845
336.6296
340.4944
350.9226
335.7784
349.3462
370.9502
366.2851
355.9922
337.4517
335.4523
349.5686
342.2614
378.1332
374.4066
374.0104
372.8813
390.5135
363.5964
351.4058
364.441
344.4802
368.0946
364.0297
340.6279
343.5635
350.8902
350.5333
340.3861
370.8016
362.9515
345.1271
361.5774
384.6378
366.0675
376.604
351.8296
371.0743
359.2737
340.5185
370.1255
326.2226
363.9661
362.7531
363.2475
342.9908
362.5824
358.4994
336.2524
334.6899
362.8024
372.6974
341.1001
367.7015
338.4136
390.8761
368.3805
355.6739
371.4218
332.0497
370.8109
349.7636
335.3378
347.3938
371.4906
354.6835
339.3874
358.4653
370.6098
349.1488
