97.68643
132.0837
247.8386
3953.734
16880.58
18127.81
19049.84
19112.74
17997.1
18993.4
18469.22
18418.12
17767.33
18487.14
16413.07
20092.84
19075.69
17264.58
17192.15
19502.81
18450.71
18567.18
19717.18
18367.27
18302.03
18904.87
18693.86
18119.47
17300.77
19793.83
17914.83
17343.01
17813.42
16789.25
17862.62
17251.6
20239.82
19472.5
20791.6
17623.7
18249.42
16561.65
19820.56
16672.83
15739.63
17710.17
22903.34
19204.26
17618.15
19040.8
18473.9
18589.04
18834.64
19216.11
18365.45
18162.12
17654.62
17426.78
19710.99
16551.22
20090.32
18119.64
17668.04
18967.58
19805.64
17353.65
18377.12
16002.77
18808.51
20484.38
17872.82
20984.99
18867.35
15958.96
16621.93
17355.33
17651.08
19336.87
17669.57
17909.92
18375.1
15533.3
20668.83
18472.32
18144.39
19550.63
17657.82
17375.13
19288.04
17278.14
19302.52
17550.05
18266.37
19126.36
18161.04
20067.06
15866.74
18902.82
16439.22
20087.81
18393.94
19556.15
20900.23
16118.8
20434.43
18871.57
17257.46
18214.88
19763.58
14835.68
19184.92
19733.62
20062.71
17973.75
18473.45
16920.58
17807.35
19162.62
18004.51
17703.67
18655.69
18260.8
18775.67
20850.34
17953.93
18922.15
15617.28
19296.21
17513.42
18391.35
18030.3
15672.07
16747.58
20126.82
19601.94
16787.41
17744.05
16875.44
15752.07
21669.7
17263.3
18677.98
19131.88
18088.43
18932.82
17668.5
21014.85
18387.79
20493.98
17892.13
20314.6
20819.28
18653.46
16871.28
16472.88
18916.28
19269.56
19356.78
14782.04
17442.9
16807.76
16091.96
16806.03
20323.25
17610.53
20470.34
17597.38
19444.52
18141.63
17433.58
18349.9
17363.55
20747.27
18819.72
18357.08
20538.4
17731.31
17097.65
19183.24
16388.12
16274
18197.13
17847.86
18666.53
20412.92
17771.36
17887.12
18096.72
17174.07
18787.2
20304.79
18010.18
19718.75
19473.93
16279.77
19090.71
17084.65
18831.26
15534.29
17878.85
17603.08
17537.41
22631.6
19706.44
16805.45
21659.79
20476.55
19024.9
16597.34
18799.67
17743.04
17441.73
17508.51
20936.47
22113.71
17796.42
21036.89
17567.4
15595.12
18397.71
19185.85
18391.14
18992.44
18875.87
17599.9
16563
18185.97
17662.82
21198.78
21069.98
16497.27
18749.95
16335.23
16067.5
19101.86
18456.84
19858.72
18652.75
17360.77
17274.27
20044.08
21667.47
18672.75
17256.95
19352.85
18240.14
15840.08
19136.74
16840.36
16854.58
20304.5
21384.97
19560.21
20043.14
18204.12
18895.86
16212.74
18155.56
20034.54
15816.72
18372.98
18866.92
17878.75
18549.96
19829.83
16636.91
18728.16
17673.88
15247.12
18814.29
17788.96
17491.73
17400.15
15383.51
19462.55
19824.16
19591.17
18891.43
20384.71
18872.48
18672.63
16698.87
17803.47
18964.1
15838.93
18105.22
20463.41
18045.24
20950.88
24403.08
18019.16
18558.18
19369.04
21801.41
21128.3
16155.83
17133.41
19523.88
20991.63
19417.9
21084.96
16508.66
20223.53
18969.17
18981.78
16409.1
16958.33
18785.94
21623.62
18094.47
18034.28
18596.39
21058.69
20116.51
19194.94
17770.67
19579.03
18424.06
19293.31
18932.03
18024.82
18791.32
16859.91
18418.83
19279.21
17629.07
17846.9
16812.24
18837.45
16458.41
16800.14
21250.44
16086.93
19771.67
21547.49
17808.58
18741.29
16438.23
20271.26
19500.82
15068.2
22636.55
17586.52
22214.55
18504.23
18437.44
17786.95
19538.33
20713.56
18369.19
14505.12
18406.49
17135.51
19882.72
17424.29
18651.52
20172.65
19154.28
17091.19
16080.29
19087.2
17748.07
18709.51
16724.44
21949.26
20536.92
15940.28
19089.27
17437.22
18493.64
17062.48
20096.15
17680.35
18797.64
16857.54
21092.14
16712.19
17691.84
20010.97
16072.59
17633.5
18011.37
19972.73
19730.12
18127.43
17497.21
16429.88
20001.91
23599.44
16216.1
16970.7
18001.25
19951.53
17148.41
19445.19
16553.94
17992.1
17509.53
16592.13
15363.17
18026.73
15952.41
16029.32
16723.21
19588.23
18644.31
18405.58
20472.25
21375.84
18810.3
17317.33
20267.42
16982.84
16242.92
18774.43
17185.86
16656.14
17511.77
19659.79
20534.05
16875.57
18877.1
18330.18
19856.94
20425.3
17946.24
16098.41
18027.62
19049.16
17547.15
19646.05
17338.56
17705.41
18813.07
23305.42
17670.8
17920.15
19477.67
16453.21
18922.49
19101.1
16783.09
18233.57
17650
16263.06
20874.21
18905.09
17813
19742.05
21162.81
14347.74
19358.79
18384.57
20614.39
19920.29
21680.44
18040.54
20847.69
16939.63
17451.55
16956.13
18096.13
19358.81
17988.46
19926.91
18876.35
17483
17412.44
19023.79
19221.57
19931.92
16493.6
17919.03
17776.95
20407.97
16797.85
19149.35
16276.42
19154.26
20934.53
19392.28
14821.74
18424.35
15209.54
17079.83
20720.25
20256.15
18577.59
20685.65
16622.43
18326.75
19651.86
19080.46
16222.07
17857.89
18591.03
16832.82
16850.25
19137.6
15857.38
