0.2804456
0.2934033
0.174006
0.3065602
0.1918635
0.1800508
0.8466404
0.1287589
0.2599789
0.195018
0.4049098
0.1730961
0.1293891
0.7227651
0.3740894
0.6117886
0.9816872
0.628894
1.140999
0.703726
0.3720379
0.1091168
0.4240365
0.320544
0.2956134
0.3230953
0.66426
0.1983104
0.3271923
0.1719216
0.6264542
2.968202
0.286311
0.8523835
0.2129137
0.1609308
0.2385754
0.3059882
0.1949464
0.5186993
1.06803
0.2092639
0.2299496
0.3723414
0.1652821
0.3303107
1.783421
0.2039728
0.3029717
0.2055902
0.3113103
0.8082414
0.4824976
0.9534873
0.4035118
0.6634674
0.2171619
0.6267615
3.949727
0.7060288
0.6084711
0.2537294
0.2612258
0.3053451
0.3517705
1.33416
0.201651
0.1759834
0.2168177
0.2091458
0.3185796
0.5377089
1.030857
1.062315
0.5065148
0.8809742
0.2639246
0.1717463
0.6390604
0.6289817
0.4761405
0.1976523
0.1825404
0.6352917
0.3592801
1.863516
1.047817
0.6904768
0.281004
0.4721583
3.619807
0.9550388
0.2131692
0.1029228
0.3144729
0.8186865
0.4861237
1.318633
0.341344
0.1722538
0.310384
0.6989832
0.1899686
0.1412556
0.2520431
0.3042658
0.2697548
0.4404861
0.2271467
0.4463655
0.2199702
0.3725628
0.1444569
0.5463984
0.2428698
2.295969
0.3861928
0.1779923
0.9796717
0.3837083
0.3055538
0.5338181
0.5175688
0.8645296
0.2876311
0.2490182
0.4626595
0.6039749
0.5181319
0.4435802
0.348915
0.2776198
0.3536501
0.4905099
1.508205
0.8284188
0.501226
0.5283497
0.2001911
0.280812
0.7495886
0.2743715
0.7181829
0.413841
0.2472792
0.5504543
0.2397978
0.1151346
0.2745247
0.2657338
0.5734636
0.7840059
0.3044958
0.1004147
0.2409633
0.8028069
0.6138346
0.1694288
0.2102075
0.6464789
0.2807622
0.2913548
0.430485
0.8275286
0.3214044
0.26809
0.1570283
0.1860967
0.3523369
0.646248
0.2927415
0.2356674
0.1114055
0.5951161
0.4479286
1.014506
0.2319154
0.1835572
0.5081577
0.3119866
0.296036
0.150206
0.256611
0.3553638
0.2548398
0.2243857
0.7115475
1.318876
0.7652726
0.9071862
0.3636128
0.3034202
0.08235388
0.274352
0.147655
0.221881
0.2222062
0.8648186
0.255583
0.2528783
0.1831635
0.4082925
0.7630922
0.2139502
0.27585
0.2361408
0.5613263
0.3954095
0.1698153
0.6687885
0.4491903
0.1716815
0.5109268
0.6079281
0.3333087
0.2731219
0.4128994
0.7424798
0.3652269
0.1191178
0.3102134
0.2892496
0.1393094
1.228284
1.117177
1.177097
0.4576918
0.2650801
0.3924653
0.3617656
0.127741
0.3880782
0.2973674
0.1435547
0.317777
0.3970533
0.7399211
0.1323012
0.4106225
0.1548354
0.187775
0.255693
0.5063661
0.1935188
0.1520149
1.187845
0.7792945
0.6543454
0.203498
0.6366516
0.1046966
0.7239726
1.009378
0.3780439
0.3281725
0.1734643
0.3893811
0.323153
0.1025043
0.3380103
0.2808572
0.6685182
0.3010116
0.4073452
0.1612774
0.3537844
0.3945583
0.2651491
1.151014
1.277351
0.1649763
0.2046298
0.2300022
0.2035572
0.2628365
0.3802351
0.5131864
0.3939558
0.1652152
0.2245091
0.2602946
0.1797309
0.1752504
0.1994381
0.29885
0.3733244
0.5757987
0.4886561
0.6480728
0.5048798
0.2374849
0.4550873
0.255308
0.3292907
0.3316319
0.2356837
1.541917
1.091681
1.323376
0.3461201
0.6000386
0.2338681
0.1472226
0.1546013
0.3116174
0.4334349
0.1605889
0.3279224
0.1715956
0.6756049
0.262566
0.3115276
0.545757
1.016352
0.3814361
0.2951211
0.3394764
0.2070182
0.6722707
0.4430198
0.8007695
0.4079792
0.5218248
0.4521749
0.4333188
1.727758
1.129527
2.600219
0.8173592
0.1459933
0.6106544
0.1793314
0.2792487
0.3144931
0.8141056
0.2755678
0.4247434
0.2718325
0.4059373
0.2628727
0.1683157
0.2688113
1.225596
0.3440683
0.1679904
0.3132842
0.1784718
0.5211563
0.1301235
0.7359196
0.2809274
0.2447251
0.2259804
0.2510855
0.3341355
0.5297478
0.167977
1.430352
0.5239228
0.3499782
1.189247
0.1666293
0.2165999
0.3048561
0.2092547
0.2648946
0.2056809
0.359958
0.2539959
0.3386496
0.2708319
0.3401068
0.9935617
0.2520291
0.4637221
0.2316298
0.1825191
0.4646845
0.7384227
0.2848228
0.8141637
0.2790353
0.5096918
0.3983934
0.479773
0.3066994
0.4351408
0.5098376
0.6679684
0.3918054
0.1544039
0.2584707
0.303779
0.3850224
0.1774148
0.1857192
0.433022
1.368701
0.9265097
0.2288177
0.2552643
0.7146067
0.3377293
0.2296583
0.1567046
0.8908555
0.233919
0.712567
0.5516113
0.2344403
0.629185
0.2877471
0.6663065
0.1553522
0.2195709
0.2732685
0.2448334
0.1992318
0.1383649
1.335697
0.2334085
0.3717927
0.2194979
0.2810192
0.2892623
0.4586394
0.2533048
0.3773773
0.1840326
0.244425
0.4174944
0.5301744
0.9800421
0.4301075
0.85767
1.375651
0.7408857
0.1707829
0.4448251
0.5407879
0.2116758
0.3820867
0.4921132
0.2514475
0.2705777
0.2311732
0.8375387
0.5565392
1.978733
0.6614521
1.622675
0.2838044
1.538051
0.4369891
0.3752783
0.2758383
0.3984137
0.6469474
0.4760666
0.4477516
0.21322
0.2153325
0.1462624
0.2163276
0.2217548
0.7571771
0.4262783
0.2146341
3.473678
1.342303
0.2244439
1.358607
0.2314797
0.1277486
0.3025096
0.5500898
0.1499679
0.2244811
0.1296645
0.110984
0.2555897
0.5474747
1.68346
0.5209308
0.8184389
0.7915087
1.629502
1.161188
0.2318029
0.5115619
0.2076413
0.4350328
0.4255856
0.3172228
0.9373274
1.156924
0.5154287
0.214881
0.8959525
0.4347972
