0.7116406
1.030919
1.327359
3.876172
4.74724
6.989559
5.936734
32.43878
10.48012
4.7791
7.493164
2.38474
5.005499
1.523033
0.5042524
1.323275
0.6853896
0.8292967
3.943694
2.211616
4.3999
1.867315
1.24745
4.009396
1.257855
1.806202
4.236118
3.088715
5.422838
1.930351
2.21647
1.311414
3.035148
1.244582
1.870251
0.6106011
1.021847
0.8801766
1.618382
0.887628
1.781591
0.5732577
3.680911
1.007692
1.164511
0.8257778
1.381855
0.7841315
1.940849
2.799617
1.078166
4.649074
2.368633
1.376812
2.013472
2.220185
0.9574197
0.9165404
0.8301554
6.216067
1.684713
2.76893
6.531119
3.534233
0.7170974
0.6334182
1.017229
1.45656
10.2687
0.555425
9.25385
1.06259
3.844877
4.231745
1.37791
1.020302
2.899758
2.330193
0.7528478
0.6669615
1.986944
2.262157
1.216533
1.754225
1.780657
1.493833
2.02848
1.454622
1.110602
0.8681111
0.698893
0.6518743
1.084418
0.7603315
0.5504394
0.790266
0.9691757
2.207013
0.7440263
1.638058
0.4550711
1.527728
1.42201
2.502389
1.563946
0.4115495
4.954718
2.149068
1.449838
0.5982256
1.183528
8.05325
2.755576
0.9377216
1.630603
0.9034853
1.181875
1.082016
1.450639
2.326359
0.8641847
0.9545945
0.5880652
2.27773
1.212742
1.31744
2.219111
0.7276177
1.415694
1.422156
1.497586
0.8691632
1.299814
4.176964
0.6965058
2.160382
2.283177
2.989532
0.6257089
0.5181272
1.731227
1.70062
0.795567
1.002637
1.110939
0.4221284
0.4737334
2.103257
0.9866595
0.8996415
1.241545
1.686243
3.734164
1.489318
1.239292
1.032685
1.507247
0.9536191
0.7942803
1.207267
0.9955269
0.9799821
2.823194
0.6189283
0.5313351
2.766536
6.146376
1.561118
1.760059
2.978579
3.13324
1.27208
1.311522
4.612786
4.447991
0.7093516
0.8671069
1.591175
1.705296
0.7738908
0.6944565
0.706891
0.7450463
0.9697984
1.685107
0.6716312
0.9010212
4.077543
6.599425
1.63778
8.312119
2.372877
1.522706
17.75754
0.9662742
3.242862
1.161097
1.019575
2.532914
1.059749
2.865944
1.166247
1.109349
0.6216189
1.318397
1.371575
0.2504236
1.031616
1.015812
0.8960648
1.049394
7.457446
2.061154
0.8149136
1.604054
0.6743856
2.85876
1.340184
0.8622944
0.6778477
0.6461243
1.414838
0.6771908
0.6231422
0.7872784
2.707767
0.5926994
1.121086
1.482251
0.5821029
1.674669
1.537188
0.3884618
2.630077
1.171998
1.260626
0.765021
1.556634
2.898918
0.9982875
1.023187
1.079279
1.280702
1.134092
2.416694
1.484884
0.7888403
1.888581
1.195136
0.5627648
0.9337102
2.475067
8.225592
2.770248
1.065695
4.403056
0.5923179
3.759812
2.277049
1.646615
1.139023
1.236502
1.555654
1.274572
5.101826
8.255891
17.55841
30.16115
23.85972
67.76729
43.43168
117.6382
45.83754
208.2288
44.77959
51.57527
63.91122
68.57402
52.28658
17.69568
71.97485
29.88503
6.353025
8.772573
4.58049
5.85497
1.805006
0.7445996
2.60557
0.5321975
3.612038
1.275489
0.7922964
1.331481
0.3140676
0.8389403
0.9634362
1.495165
0.9620995
1.88672
1.27708
0.8725987
0.8222726
1.641521
1.079477
1.206334
1.118346
0.3393976
1.578639
0.8759486
2.660473
1.024016
1.718668
0.6718395
1.147651
0.9811624
2.068056
1.676375
1.042838
2.156756
2.274948
1.880495
1.916534
1.261044
1.484828
0.7091218
5.925027
2.233907
1.483557
1.248428
3.101049
0.4444772
1.559774
1.257133
0.7349706
1.747183
4.660127
0.9166418
1.2645
1.845969
1.278918
1.746943
1.228572
7.876276
1.144254
0.8763094
1.535617
2.415126
2.266081
2.523744
0.6991043
0.5960057
7.980276
1.250003
1.177874
0.7906837
6.698289
1.877939
1.572793
3.965278
3.250434
2.15831
0.8804958
1.495785
1.397277
1.003827
2.572387
0.6216384
6.694098
2.802418
0.8005798
5.604991
0.9868052
1.586229
1.568797
0.6591295
1.683084
1.002087
0.8303319
0.9903337
0.7197026
0.5996097
0.5854368
0.76586
2.22893
2.280063
1.208916
1.025412
1.814813
0.722222
1.597405
4.070936
0.8610322
1.870471
2.034748
0.8582694
0.3186339
0.5608759
0.6152362
0.5145924
2.78918
0.4687383
1.082587
0.5253988
1.269797
2.444728
0.325125
1.63161
1.390774
2.629971
2.611914
0.5848386
4.345501
2.10332
0.70118
1.949951
0.6083052
0.631049
0.605929
1.953983
2.143928
4.470585
0.7892889
0.6015516
1.430429
2.654488
4.160663
0.9224913
0.8603684
1.813577
1.990656
1.956219
2.812609
1.655913
1.936678
1.243569
3.857524
1.316804
2.723795
2.92682
1.035336
0.4581372
1.545947
0.6489816
2.664082
5.310216
22.86172
10.21443
0.7093109
2.828249
0.9675156
1.349462
1.273232
3.462595
1.657805
1.572426
2.353239
0.7753427
6.25123
3.207185
1.456155
2.78121
0.8306474
1.761991
0.6178548
0.372166
0.6805018
1.592046
0.7115274
1.695393
1.195071
1.368669
2.12049
1.282392
2.594172
2.151071
1.63902
2.215951
1.411354
1.274477
1.510428
1.485379
1.480906
3.352756
3.055918
3.255403
1.191273
0.6848641
2.662129
2.019666
0.730003
1.345717
0.7874894
0.3504223
3.367088
1.578682
1.119124
1.219038
2.750118
1.174619
