91.78511
67.53003
55.67839
36.02589
36.28728
27.83535
31.56026
36.09932
43.99776
25.48941
30.46775
31.81004
32.30136
30.35666
26.07467
29.70644
46.32016
40.51717
37.32966
33.14836
37.77701
41.32032
41.88082
39.22779
43.38121
50.37568
60.98569
49.98897
49.32694
33.32625
32.91195
44.11899
41.18907
43.59048
40.01098
41.90541
31.57452
40.60906
23.98505
26.63608
28.74865
32.16182
31.9255
24.23078
22.24141
37.75617
36.35632
33.26028
30.36902
30.37201
28.14749
28.52229
41.4174
42.4102
36.47591
37.10933
31.19991
38.13807
43.77507
35.43083
36.45988
26.89798
20.24985
33.219
40.00759
45.13304
37.46025
34.35423
34.21259
38.87156
35.91292
36.02979
37.44187
36.30095
27.63931
32.79245
21.46099
34.76002
35.39193
33.30647
44.35047
33.00736
32.85438
33.72342
40.52273
39.83586
34.23348
39.68697
37.81357
36.0976
46.20138
45.08876
35.05815
30.73262
32.32549
40.26618
39.2375
44.03117
36.57189
41.44773
53.78803
32.82288
28.08767
35.63814
32.93273
27.30564
33.91226
29.31841
34.21592
34.02387
32.39354
31.03784
39.00617
39.28671
32.03527
34.71288
30.30765
43.01924
35.99195
40.64508
40.03328
46.41574
31.42482
25.37563
29.25894
31.19491
33.13134
34.1934
38.97395
28.32473
27.502
31.45507
34.83413
32.26268
30.00976
30.5305
37.00045
33.08069
35.7567
23.03197
24.87472
28.91276
30.44652
40.19078
42.97665
36.38499
34.89213
35.35258
28.46759
40.38271
33.20179
32.28206
41.52421
36.71618
39.94319
43.73727
37.78849
41.23717
34.20192
31.88515
42.1604
31.68475
25.48118
23.92839
26.10634
24.60946
28.13136
18.60669
20.36208
22.8302
28.35925
28.33176
22.84204
33.66585
24.53413
35.71957
37.84276
45.55904
42.8242
31.8594
39.84485
26.23747
29.94134
30.00039
31.28825
35.65684
28.21332
30.38263
24.98255
27.06908
30.91217
29.19623
33.53601
40.41573
37.9029
46.15721
44.92206
35.01609
32.75972
32.98985
29.3833
29.52761
32.74281
39.03768
32.64301
43.9054
31.00216
33.44683
31.95988
32.72543
31.20166
36.63305
30.64895
34.74488
29.67948
27.7928
31.2134
32.51303
38.25467
48.60589
38.83407
37.95439
29.87851
21.55482
25.51157
19.3532
30.51111
30.34287
40.3373
35.00177
32.53386
36.42037
27.15823
32.40816
37.39891
34.57132
35.27911
33.94425
36.27019
40.41565
33.48302
32.63757
24.73954
23.28857
34.87629
43.29964
43.77355
44.35432
30.15895
29.44838
38.68225
45.85272
34.9549
28.72953
25.81375
36.96145
31.21773
35.60552
31.52232
26.52705
30.34765
37.55355
42.5389
39.60635
33.95046
29.43929
28.87673
32.08289
34.0704
38.2487
29.93602
18.06535
24.45237
35.10528
26.42056
33.05173
22.70542
22.34198
22.36898
29.16921
26.30645
36.99915
34.05375
33.23821
34.47414
25.48349
29.69273
34.55666
44.73498
46.42068
55.66024
47.69738
31.87717
41.77666
31.94453
33.96489
35.97428
60.88127
53.24098
31.83648
31.71484
26.26034
22.97113
31.87332
28.04829
29.60876
32.71127
30.71278
31.01478
29.28533
23.76851
27.04661
25.26314
28.3034
29.3009
25.79333
20.89471
25.28369
23.16925
23.82075
31.04269
28.29335
26.2467
22.48881
27.12087
37.09869
38.25788
37.53861
21.86619
24.43866
30.12853
23.30372
25.35749
35.18321
22.48091
20.83116
21.43299
26.06765
32.16141
40.69638
33.4066
40.40465
28.98047
34.96442
39.00809
26.28574
28.50871
36.47962
32.68655
33.37083
29.08055
29.48728
28.5491
41.77875
35.95991
27.05858
27.78266
32.53452
30.26362
22.6082
23.40666
23.97079
24.47341
28.88308
28.40479
25.92534
34.96144
35.74391
37.77149
30.66253
38.25367
34.06584
34.9634
47.39905
42.58458
41.87273
52.68135
54.42458
43.86315
38.4714
51.08409
44.77227
33.62598
34.38288
30.69078
21.27572
20.99564
26.96922
29.68042
27.00436
33.80752
25.09529
24.51451
20.7092
27.08678
29.21298
20.49544
19.29506
22.63858
22.89011
31.75747
27.99878
37.54749
24.69233
39.11869
38.66856
43.04986
46.98903
53.51941
45.26812
37.29442
29.98313
43.9506
41.21293
39.70897
33.27075
40.73119
36.53178
32.41575
29.31602
28.02997
25.68923
22.3366
28.82071
27.59434
34.92333
35.85395
37.29176
28.4449
27.74831
34.45581
26.00478
29.00681
34.26939
41.7634
26.59777
26.07117
28.46397
27.89523
26.99652
30.44635
40.38428
44.44286
36.12983
24.34644
22.60345
30.78478
26.51883
44.04444
41.23726
33.6033
31.24138
28.16114
39.48277
40.53017
57.22643
37.73761
31.1637
28.9887
30.78412
36.53479
34.31728
30.40985
35.35417
38.15152
33.84891
35.11359
35.34836
29.36869
23.11222
23.37985
22.34579
22.17416
34.82556
41.15509
28.16335
39.10156
43.78308
44.98596
29.26485
20.39486
20.54711
23.28214
25.10674
25.73047
29.26757
32.01917
33.20763
36.67947
36.14893
33.2676
31.76881
23.40378
29.96423
29.6085
28.52729
32.27341
37.4458
41.57908
46.79141
