25.44436
12.67181
10.5336
11.2069
10.70506
12.06113
11.74911
11.81467
12.22909
12.22501
10.83114
11.79383
12.31237
11.61733
11.42574
12.59426
12.224
11.81109
13.38979
11.61289
12.99819
11.81332
11.41475
9.552657
9.438091
11.78904
11.391
11.42973
11.74423
10.71454
12.16328
11.58193
11.89357
12.09469
11.82703
11.58844
11.72884
11.24412
10.70799
12.36704
11.8193
13.13035
11.88743
13.89951
12.07372
10.53421
11.77908
12.3291
11.81908
13.45518
12.05968
12.57757
11.19182
10.98264
12.80599
12.10004
11.84547
12.99241
11.61988
11.46677
12.38366
12.36539
11.51417
11.86265
12.43586
11.28917
11.85175
11.47065
11.33099
12.07991
11.9831
11.8505
11.78545
10.00972
11.24125
10.94109
10.01337
12.72457
11.49426
10.81315
12.00032
11.35227
10.48754
10.7345
11.56897
12.56988
11.03994
12.08358
11.73086
11.66349
11.63408
13.38884
12.79849
11.28629
11.9516
11.68267
11.80492
11.40619
11.65516
11.21281
12.55189
13.41991
12.20968
11.40295
11.9194
11.40811
12.44242
11.46086
11.19309
12.28706
11.73297
10.16405
10.54469
11.83329
11.48556
10.31566
11.31718
11.49662
11.23412
11.19385
12.91808
10.71027
11.50335
12.00082
12.5095
12.17271
12.06991
12.16961
11.88266
11.74425
12.1545
11.6786
12.30555
12.7766
12.2897
13.31142
11.45611
12.18801
12.51045
12.46864
10.34423
12.56832
11.8785
11.53964
11.64325
10.47693
11.43945
12.23186
12.17596
11.06671
12.05525
12.20035
10.95292
11.05133
11.64805
10.7937
11.84129
11.38718
11.10819
12.30678
11.40203
11.06683
11.607
10.14635
11.06889
11.24388
10.4815
12.70226
13.46247
11.64699
11.07021
11.57332
12.78684
10.96905
10.45386
11.01245
10.67049
11.0871
11.43009
12.11783
11.75834
10.08213
10.18189
12.44059
11.82166
11.92172
10.80124
10.52089
11.43711
10.12424
12.15574
12.12938
11.4075
11.39703
11.0196
13.37358
13.33393
11.06313
11.69487
12.27613
12.83169
12.88799
12.86858
11.61426
10.50249
11.38219
10.67591
10.47416
11.41442
11.31805
10.75612
11.14959
10.15161
11.09778
12.63071
11.22381
10.36176
10.48034
9.713051
11.24426
10.49335
10.10612
13.45307
11.63402
11.47522
10.18198
12.09889
11.28072
10.45277
10.2464
11.79546
10.44534
12.82484
11.53705
13.52723
12.8856
13.01116
12.79743
10.69151
12.26129
10.82338
11.93704
10.48532
11.10799
11.68793
9.2831
11.21196
11.49826
10.58084
11.62214
11.16956
11.07699
11.61412
11.73698
11.44143
11.58387
11.99401
13.02773
11.66657
11.89758
12.42627
12.9983
12.76747
11.89152
12.7787
12.10909
11.44737
12.46649
12.27853
11.7979
11.19964
10.86078
11.10907
12.10768
13.28706
12.84913
12.25733
11.57964
10.98776
11.75607
12.17529
11.85687
11.49778
12.53003
12.46497
11.7319
11.06124
13.17356
13.18199
10.34123
11.14578
10.9602
12.34233
12.92104
12.08761
12.03542
12.16942
12.31922
10.84775
10.59483
10.75213
11.94535
11.00319
10.78056
11.5702
11.69841
10.56013
10.65679
12.6711
10.81363
12.62511
10.4728
11.78105
13.06202
11.97637
11.65719
9.714224
10.81941
11.98801
10.4339
13.05639
11.60918
12.04219
11.99032
11.24306
11.70014
11.2839
11.7682
11.54986
11.22224
10.21606
11.53103
10.823
12.16988
12.36254
10.89854
11.10165
10.87522
11.93681
11.01631
11.23239
12.20474
11.8025
11.86798
12.7635
11.46519
12.13757
12.153
11.38358
11.63328
12.20538
13.72366
12.20819
11.60368
12.27448
11.89292
11.98671
11.53832
11.65993
12.16105
10.52623
11.82378
11.20464
12.64132
12.57847
11.44547
12.23008
11.17689
14.14699
12.19743
13.74497
12.90188
12.10318
11.19158
12.65954
10.2747
11.353
11.87052
12.23128
11.83168
11.29444
10.91561
11.54504
11.67842
11.66649
12.64905
11.35504
10.55833
12.85826
12.21128
11.87605
11.39972
10.79271
11.72534
12.32804
12.63628
11.62271
10.51286
12.35246
11.80438
11.25903
10.62161
10.97055
11.96809
11.35517
11.70408
11.92648
11.75007
10.47416
11.75903
10.41206
11.73551
11.41765
11.57977
12.23823
10.42001
11.18024
10.97634
11.1372
11.50678
11.14051
10.74259
11.68606
12.57836
11.3005
10.21409
13.09697
12.35438
12.4088
10.36883
11.49982
10.76221
10.64706
11.61521
12.17098
11.90898
11.82268
11.64539
11.51995
11.06537
9.836389
10.06689
11.22112
10.46888
11.83836
11.82015
11.90385
11.42151
12.96694
10.60638
13.15703
11.84042
11.45353
9.99744
11.08093
13.36638
11.21174
11.93109
12.02146
10.96263
11.98459
11.32762
12.17673
10.91894
10.59257
11.25858
12.06718
10.79085
11.5687
11.06478
11.43037
12.01411
11.07502
10.43812
10.68459
10.40091
11.00526
11.74748
11.85244
11.09043
13.11493
11.11133
11.53526
13.5654
11.42398
12.3299
11.3373
11.7434
12.14345
10.99377
12.73473
11.13476
12.50123
10.9167
11.86933
11.98474
11.13638
10.83912
12.10791
11.85753
