67.78846
42.68989
30.5705
42.30107
45.69253
21.55137
35.75547
40.13643
20.98628
16.76756
14.42823
14.98051
21.73509
25.69558
30.20873
21.04564
9.103006
14.72737
19.84173
49.25853
46.21558
54.52855
53.16695
62.22082
54.02369
102.7023
116.7888
51.82878
57.11743
34.52766
36.48943
36.44535
34.02793
24.19922
34.54665
39.05275
35.32876
33.01609
22.37604
39.11739
31.32421
36.42376
33.85806
36.26077
38.01842
25.08988
37.6924
30.63994
54.78077
47.90924
39.37926
24.52756
20.90759
27.17578
39.53002
24.9211
34.24074
54.94619
80.2506
111.0909
56.25129
29.78745
31.52524
25.44149
19.34885
31.39892
29.96792
31.37398
56.15707
39.47739
26.68505
30.37467
36.19093
34.31266
43.69863
52.75917
45.31564
40.53207
41.5982
29.75119
26.3554
18.46117
12.37758
32.2018
26.26145
26.58913
32.43699
44.52211
28.85568
21.0445
26.04524
38.91072
45.18248
49.61718
24.3953
26.42186
31.28952
34.61233
19.21729
15.71588
16.06504
24.02714
32.40157
27.089
21.18209
30.57347
29.58529
21.90622
28.43287
29.91633
44.19859
36.11409
44.20854
29.38018
32.07322
28.13329
25.11551
34.40041
60.16942
47.77493
79.3432
139.9864
72.24929
40.77908
52.29743
38.72902
42.18756
37.0869
37.62093
28.89087
27.17119
22.84862
28.5911
28.1669
12.6928
8.703455
12.90274
21.4338
28.57983
18.41335
18.21534
23.61627
24.47468
32.50996
40.01148
40.25739
31.59774
25.97555
58.31595
47.83794
34.02962
28.27062
45.81688
16.22057
24.97902
25.1086
20.94633
18.40256
26.4062
32.11326
18.28153
16.7809
19.47007
22.10117
26.37634
27.73032
40.92729
33.14443
35.54654
31.10563
38.72662
29.13124
30.04112
34.98911
41.05025
21.04848
37.5855
37.80642
49.57261
40.26144
23.17079
34.08195
36.60035
25.56823
18.98771
18.50506
32.3222
36.83875
56.97782
158.7625
110.7652
52.52525
52.28981
44.69204
52.72937
44.1224
40.36013
37.98253
29.53649
13.7967
23.01199
36.00914
47.67227
19.9194
29.57677
70.81357
37.11406
33.9897
32.11012
25.12474
25.87514
22.98361
36.65356
15.52666
28.79448
39.26627
19.8729
24.81885
45.90831
42.99305
44.58584
59.72835
40.87903
48.50392
35.01891
24.15758
20.51318
22.56444
25.07414
34.37817
31.17305
29.94876
20.72734
26.31799
35.06713
42.70995
27.71004
36.78452
41.78454
26.44562
35.27342
17.30881
24.50773
33.1531
35.04683
33.4371
23.7919
44.03065
71.80556
42.90137
45.64431
27.4281
24.25357
24.34877
16.66588
23.39836
29.38907
56.33319
29.37017
29.09848
46.2835
48.24777
62.08996
41.77517
37.80752
21.07727
23.9034
20.91232
26.06226
23.27456
27.62529
31.9579
31.74786
21.58903
25.81761
24.38238
37.84583
44.86289
27.58245
27.03686
17.64667
16.75979
26.05173
33.8382
54.5916
49.88288
46.45007
69.92319
55.67463
62.4497
41.5977
25.27483
54.70967
24.36467
25.83395
30.93648
49.56998
44.58054
41.82714
37.44371
68.28192
57.54963
32.83336
22.17622
23.83605
27.98828
36.19444
29.6181
33.56369
30.78102
66.62578
68.22331
63.80991
101.7298
102.6417
70.1925
78.89156
68.47534
53.79431
118.8219
34.07918
36.47219
46.69188
31.86943
45.81066
49.58649
30.32128
35.08328
30.08231
42.7321
30.15555
19.66512
46.03043
42.70088
21.15014
39.1352
19.80863
26.38357
31.04687
27.14415
31.233
41.42357
26.99588
40.65457
35.04795
53.31407
47.83088
50.07091
31.55883
35.11844
41.14352
38.61523
33.44833
28.93188
20.19651
18.42583
23.86039
31.49328
30.56742
19.96028
30.82587
21.11156
25.62178
42.50337
43.86597
54.63005
45.90546
32.15467
37.36227
23.31445
15.88728
24.37959
19.32042
27.77765
27.43274
14.19803
15.33234
16.20174
37.93017
32.06488
31.81465
61.02088
48.62452
63.38844
66.64477
125.9781
72.20773
85.02671
52.87649
27.95434
30.40763
17.96334
21.80777
21.03585
31.44237
32.24545
25.27653
38.56227
36.17751
28.26624
21.46773
25.03492
33.03188
38.75334
42.90906
23.91999
33.45434
34.99729
23.93018
25.95702
33.89594
25.0834
26.32724
22.79477
26.80094
37.5669
31.58606
67.20308
66.6389
39.35618
53.43928
38.35414
27.96604
20.83453
20.62806
21.93078
22.04256
26.30576
23.38678
15.69007
29.40822
44.43375
37.04638
30.42427
24.94146
21.56288
18.34155
17.12086
20.28158
24.9109
34.03613
46.00329
29.68555
24.88857
22.4693
26.59607
21.04194
33.45267
24.90592
29.27622
23.94596
41.5401
39.98797
27.61902
69.23651
46.36558
37.71205
20.81143
30.31584
53.28201
42.40084
17.72312
19.65949
20.89685
24.21055
20.02588
28.72991
18.74597
23.4633
23.35674
35.33352
48.80874
21.61679
31.04527
29.36055
19.49076
18.0366
22.50851
16.88044
26.43608
15.45907
20.96448
21.92121
19.8782
17.44929
18.48828
17.99989
19.68079
41.36467
38.9491
38.58488
52.78582
82.31096
49.72538
33.67749
44.90771
70.0757
29.56326
16.12831
42.6161
