0.4467678
0.730039
0.1317389
0.3835867
0.7836223
0.3040477
2.375765
0.1081762
0.1735602
0.9679795
0.1281479
0.7446559
0.2951607
0.1954154
0.7106997
0.3540716
0.205849
0.2187776
0.5181884
1.05586
0.3034128
0.2505433
0.8296188
0.2951601
0.3931999
0.2062975
0.2335403
0.1707617
0.2371485
0.4434746
2.214862
0.5862888
0.4154762
0.3252501
1.681426
0.2668215
0.8278934
0.313398
0.8295064
0.3417831
0.6128378
0.2899164
0.320009
0.3228889
1.891675
0.2387212
0.6562401
0.4792003
0.6756979
0.1800404
0.1675392
0.362215
0.4631095
0.7308663
0.325082
0.1654385
1.137289
0.2492741
0.4694067
0.1490281
0.1875294
0.2901282
0.3182025
0.1525184
0.3694747
0.4668801
0.3699984
0.36639
1.054464
0.5873255
0.7723353
0.3943257
0.4762802
0.2948224
0.3932337
0.1269915
0.8564146
0.270492
0.2607845
0.1978971
0.3957951
0.5446942
0.3457779
0.1189967
0.3007661
0.2765679
0.4480936
0.2086487
0.5245667
0.7962036
0.5622109
0.4161975
0.3417808
0.180407
0.1767015
0.2119196
0.28194
0.08551324
0.3605386
0.6498843
0.1078871
0.3205899
0.2589696
0.5929892
0.6319507
0.2406882
0.4595735
0.1890488
0.4283398
0.3378622
0.2297876
0.3400628
1.027661
0.1299064
0.3407323
0.5330965
0.2245863
0.4813757
2.089292
0.8800336
0.2138353
0.6216972
0.3469047
0.2713733
0.3752761
0.2483338
0.3012695
0.1682891
0.3839961
0.7168488
0.2860856
0.2308608
0.5683288
0.110861
0.6001458
0.3660944
0.2299155
0.4897795
0.1551834
0.5042754
0.3656827
0.3941982
0.7332087
0.3500514
0.3948356
0.1250966
1.151177
0.7518379
0.7006739
0.4711932
0.18676
0.1734646
0.3115081
0.2474749
0.3635467
0.3179573
0.4758299
0.1810424
0.1108003
0.1171926
1.238082
0.1852385
0.6645829
0.289558
0.2133124
0.86519
0.3671159
0.1763637
0.398539
0.4743443
1.01496
0.4050398
0.5821556
0.4453572
0.2170481
0.1609513
0.3733904
0.7370678
0.2219339
0.2078682
1.017423
0.701097
0.784705
0.2353142
0.2713305
0.1961705
0.3131983
0.4014974
0.7066959
0.1464421
0.1672116
0.6757314
0.947907
0.1817385
0.3546365
0.884673
0.2162571
0.3789009
0.3354128
0.5711336
0.2052362
0.138509
0.4025226
0.6560888
0.310221
0.5179505
0.6704452
0.4022223
0.159611
0.3280455
0.2150294
0.3930212
0.4269579
0.2591979
1.060414
0.4019795
0.3745314
0.1459517
0.2871302
0.8855772
0.1028287
0.4391372
0.2028406
0.1282267
0.7586555
0.121187
0.4653836
0.2043412
0.4812109
0.507931
0.4590623
1.183098
0.6912561
0.3667898
0.6170919
0.4975409
0.5740934
0.2686472
0.9255915
0.5772208
0.4254884
1.95619
0.1670258
0.5210466
0.2547514
0.4236416
0.4117032
0.235199
0.4763097
0.217322
0.09217855
0.1643347
0.3163204
1.135244
0.3706886
0.1863615
0.7725697
0.1850463
0.6370794
1.106295
0.3736406
0.9064096
1.226063
1.751403
0.1690083
0.2965919
0.6803649
0.3045918
0.2880615
0.4248297
0.5595207
0.573219
2.293221
0.3596982
0.5410721
1.233574
0.6535631
0.2858504
0.2034013
1.307277
0.1806247
0.1994523
0.8062776
0.4129398
0.2080488
0.1459375
0.2963315
0.2409152
0.7506296
0.2449278
0.2639766
0.2425981
0.2567737
0.226299
0.3183792
0.1792756
0.403886
0.2136194
0.5005549
0.2490084
0.2389872
0.4875466
0.5843626
1.344137
0.3584706
0.4508258
0.25436
0.8476927
1.485502
0.2760811
1.563594
0.1633106
0.4847522
0.2785888
0.2435331
0.1942425
0.2604667
0.2816914
0.1051796
3.515747
2.000524
0.7737167
0.5742023
0.3557345
1.013425
0.3021818
2.854316
5.084667
0.1417292
0.182921
0.9158848
0.3572501
0.6956126
1.73647
0.2470448
0.5808035
0.7453044
0.2708561
0.4103246
0.3320477
0.3123779
0.2569857
0.3219416
0.3437416
0.2009682
0.3965027
0.8199251
0.3481745
0.5589007
0.1734995
1.021605
0.3012892
0.3624373
0.7916815
0.1772006
0.3764144
0.8135312
0.3497348
0.4090231
1.167875
0.1789847
0.3410053
0.4680421
0.3162722
0.853506
0.3665337
0.2349579
0.5580295
0.1595968
0.7127319
0.1820418
0.6085105
0.8171721
0.3810634
0.3125162
0.2348689
0.210575
0.3894215
1.063484
0.7075529
0.1910393
0.1056605
0.1316724
0.4112952
0.3361738
0.3746341
0.7039715
0.49243
0.5104239
0.2617988
0.3142351
0.2979272
0.1675771
0.4409653
0.2500752
0.1103149
0.3551134
0.389279
1.590165
0.2618772
0.6934207
0.5855365
0.4221077
0.3812257
0.2229057
0.2536445
0.2791384
0.1436136
0.4265154
0.4545698
0.5852541
0.1530177
0.20183
0.7732591
0.1275257
0.2070198
0.2031737
0.4526474
0.4357914
0.2614841
0.6680063
0.2735055
0.2477702
0.3694779
0.4141713
1.59949
0.2634071
0.1456472
0.5856667
0.3688712
0.3879241
0.1142221
0.3983534
0.2246735
0.278138
0.1503983
0.1362457
0.2430484
0.287725
0.2895575
0.2414173
0.3292748
0.2414176
0.1921823
0.1459604
0.2178424
0.264064
0.8833251
0.2633673
0.8502828
0.9849572
0.5182039
1.095223
0.2141205
0.5135391
0.3080482
0.1557214
0.179686
0.298342
0.2411159
0.3435257
0.3629103
1.027064
0.2618635
0.2683513
0.3569487
0.6687683
0.8823499
1.861326
0.3293689
0.4129137
0.8360881
1.169266
1.537068
0.3526693
0.6591841
0.1646765
0.6986797
0.1800667
0.6074099
0.6925916
0.2439474
0.6662791
1.193968
1.196554
0.2914137
0.3928295
0.1788167
0.6091055
2.18973
0.6288485
0.9880907
0.3815977
0.4081164
0.5693515
0.5390447
0.3917592
0.1447761
0.3737424
0.9677163
