69.74299
53.03608
101.1922
108.0878
90.36295
44.54956
36.91362
35.69153
32.58977
21.98779
25.39238
15.20165
11.68293
24.82701
31.93446
32.98047
23.13468
29.15289
26.38646
17.52434
20.78898
16.5048
23.56021
19.21894
23.0843
31.9592
19.59465
30.41506
15.29413
22.26756
21.51152
30.72747
39.812
24.10813
18.48591
22.39053
23.46986
39.83232
25.25483
19.64866
14.32232
22.77623
20.61915
29.11268
38.97788
17.38899
15.28901
23.44769
17.65729
19.30676
18.00943
31.50707
26.56021
19.30177
31.38764
19.74612
28.54328
20.24784
31.47516
34.59498
17.35318
29.4416
22.6938
19.21133
29.27369
24.40412
23.43842
26.23052
14.94479
17.61496
27.86612
48.32186
39.79676
45.54582
40.77493
42.18832
27.93929
23.44424
19.93137
44.53207
44.81846
19.89777
29.41642
20.81171
28.80672
26.54181
30.29869
58.58011
68.11277
46.69607
19.1102
14.99074
22.86666
35.68169
47.5248
35.70369
18.70155
17.3698
13.93774
26.99937
29.2961
28.13745
40.71514
45.92382
25.31002
21.66712
51.42525
30.40726
30.09785
14.05929
26.2088
15.03249
18.28825
14.85467
26.2426
39.10516
38.07765
32.23329
28.49072
43.16454
40.68993
41.46814
39.6253
34.82623
40.50505
23.17292
22.74248
15.51762
18.66826
25.17404
25.3216
19.05331
22.55446
21.68518
22.14641
19.23
20.70673
28.54878
36.93767
34.92311
22.94752
28.32255
27.32779
19.9854
24.22773
31.4014
26.71906
30.83457
17.85431
18.76101
22.23201
21.60521
27.17281
43.64054
20.64445
22.31202
15.67313
21.60855
16.88222
22.19197
13.69944
17.61406
31.46595
26.76567
35.9009
16.88935
17.79096
17.76416
20.16367
11.34534
20.69231
10.75763
13.38732
33.52147
17.56454
15.70946
21.38961
42.8352
17.93888
35.00308
92.26183
56.01336
34.25204
27.13
20.7421
25.94654
29.31134
22.24077
44.55033
26.02092
31.03515
34.76769
37.84556
51.71028
33.47984
40.2837
21.40113
27.12488
19.15641
36.20191
33.43026
41.85837
36.45762
61.17269
68.13777
45.47351
42.21423
28.3893
42.3379
20.25306
25.95161
33.14484
40.02125
18.60246
15.79816
24.16801
30.16107
27.33255
19.52765
26.09873
33.34601
46.39033
71.0197
49.1616
27.54086
30.09646
18.28033
32.47732
17.50561
21.72974
14.94905
25.76311
34.09777
30.78442
33.69958
35.08627
24.75757
44.62403
36.13218
27.00174
20.02072
13.10975
22.3151
30.08317
83.37126
60.71509
29.48332
32.03185
50.44792
55.5563
66.81101
63.65866
46.23786
42.73502
35.29175
36.52724
29.39506
45.98355
89.4482
70.09117
72.92568
47.09316
42.72388
35.23621
26.85063
44.43622
30.11158
31.26148
20.44084
19.68118
27.4799
18.87285
20.83632
24.96666
35.4366
39.9857
27.89143
36.76999
47.69365
38.15793
40.69538
20.09964
12.94414
22.08713
31.89501
38.38743
25.18318
23.93203
20.18483
28.14129
34.29585
52.42363
36.06142
36.28715
24.11259
27.33431
16.40547
28.51263
33.67234
23.26177
38.38713
35.38453
43.90234
48.45269
38.76929
30.65241
16.08383
12.18653
17.50944
15.72426
17.8505
17.16293
15.48647
12.97751
24.64426
32.66383
20.42054
23.9144
35.53494
44.89285
62.92285
41.50244
19.36294
15.35741
31.42085
32.52701
28.10352
28.80089
11.48529
17.86085
51.03979
63.9713
48.23971
34.98462
51.23325
39.50763
71.05031
53.74213
51.40548
38.96597
45.40624
65.69213
65.51951
45.38721
30.92761
24.40314
23.77835
22.55638
27.58588
35.146
40.72661
37.25455
43.76216
58.89202
39.41613
17.83592
13.27985
14.47901
18.60111
19.11145
19.99274
36.2052
41.62273
69.75139
80.7795
39.75587
22.04172
22.26497
27.38512
47.64668
56.7457
44.22677
29.08626
45.09603
34.66033
31.39091
51.03251
25.4967
22.56698
15.54632
18.45432
16.68145
32.88508
20.25894
30.23065
22.55689
27.7987
31.71338
20.59145
14.86909
17.57796
25.15323
21.00349
28.28382
36.32214
36.30444
34.45842
42.28895
58.21163
48.37121
23.13354
24.07456
14.67977
35.53825
24.48738
35.11905
29.5435
27.95873
24.63857
25.62267
28.05182
30.15343
26.78832
21.93211
23.16646
21.57673
44.4397
39.1217
55.06726
50.82372
46.13962
89.18985
123.2346
48.16966
42.23138
40.67225
31.99678
36.53453
58.67775
30.78459
27.91055
26.42013
68.64035
38.35572
41.44536
48.71559
23.57551
32.15261
34.0207
18.65324
20.94084
19.95157
19.93866
19.69153
17.57757
18.86025
23.03316
29.59704
26.41832
20.24809
28.78694
38.38016
48.12022
32.02693
12.40304
11.89169
11.48456
29.43984
22.37738
26.29065
23.10054
33.99325
40.16249
64.82968
41.50018
38.6763
32.07211
27.11691
35.16257
38.35455
35.45394
33.68163
34.72127
45.45485
56.38466
47.51889
44.28605
18.48112
28.98542
59.62812
24.56914
25.56769
36.0971
35.02504
35.76049
51.15458
74.84702
124.4011
65.14565
34.12545
35.66965
35.19498
42.30466
40.18238
26.46725
43.47686
28.00628
25.58417
22.48675
18.96034
