161.8651
185.3667
519.1734
144.2291
329.0333
135.3843
464.4916
128.3569
337.5872
172.512
461.3787
157.5035
239.7751
105.6675
411.1459
196.4057
254.2817
233.434
525.5167
345.8039
237.7644
84.54286
213.2805
170.4472
240.4547
180.19
262.3965
155.0148
140.2277
206.5718
174.4095
99.88322
105.5648
68.23547
326.1382
225.2847
210.0972
194.9234
201.2144
158.8231
123.6865
148.424
144.6635
184.898
193.7342
105.1193
195.834
400.0456
237.4698
114.4251
249.2063
147.712
235.7151
152.0192
285.3563
145.65
88.73822
279.0859
227.1352
304.9453
173.0707
265.7342
297.3649
355.7769
145.8906
375.9542
192.6713
176.5154
145.9418
271.5488
80.19774
203.5042
302.2764
1012.364
209.5193
264.6705
153.5915
378.957
144.1314
124.627
200.5529
275.0109
189.0954
170.4013
396.2786
293.3267
169.3657
469.0288
501.2908
265.7724
140.1235
203.9028
298.1978
186.1245
346.5771
157.1812
119.3584
199.5973
186.884
132.7142
338.7712
197.5022
153.7881
124.0421
263.9274
176.4484
294.1131
104.0618
173.8591
556.6263
222.318
85.83508
477.1377
123.1545
247.4518
156.1688
633.9184
91.37455
107.4358
145.9886
221.0465
289.7755
251.483
126.0615
391.3762
149.7183
234.7789
261.8438
151.7478
263.8398
167.8137
134.6085
182.3045
311.1474
167.9669
255.9025
259.2255
187.674
161.9017
150.5072
161.3797
250.0711
217.1585
405.855
337.2989
626.4309
183.757
109.028
139.6747
188.4995
339.6982
132.0459
258.3349
144.208
243.0136
195.6653
364.6736
403.8182
314.8329
291.5081
127.4279
164.3764
152.6402
173.9779
223.9401
190.6936
104.2063
243.3293
110.0296
109.5521
97.502
114.4148
130.2126
155.148
272.5011
214.4494
244.5756
197.3753
90.17196
84.63894
213.2163
185.7196
135.6192
256.1354
425.3728
227.428
181.7452
248.1201
217.1327
131.6335
221.3008
180.9741
157.7113
182.4893
157.7087
193.1069
112.4695
142.9154
190.6217
205.4028
339.6073
96.56735
263.625
583.9194
205.1711
252.3183
212.8911
200.5173
110.5284
479.5895
153.0833
227.1113
286.8341
258.1609
179.7463
146.1675
311.7406
192.2533
169.1536
382.6467
119.9736
286.0007
192.8433
400.322
440.9489
875.4052
132.7581
168.2474
329.8183
236.4978
120.8567
315.4797
135.6353
137.6205
244.9716
199.1601
158.0496
92.15202
274.2442
362.9849
241.0013
156.0106
143.4476
117.2093
162.9474
204.3165
130.3115
202.7272
151.8919
118.8064
459.8643
252.332
125.9376
143.4976
78.59791
198.223
262.0774
370.4908
303.2195
259.88
297.5298
367.9477
151.8809
76.89583
185.9073
152.9758
80.27618
159.1339
135.5216
196.4848
369.0789
149.9064
199.6507
154.6939
842.1918
174.1987
258.9254
122.4948
205.8141
219.2122
336.1232
179.3747
297.2272
202.7347
144.2072
143.3813
164.8534
151.2209
146.3993
166.3914
167.5096
126.3656
244.0482
405.4273
87.16306
129.0208
108.8261
67.16036
131.9501
333.9469
206.0231
135.5742
160.6904
391.5807
614.6611
157.3583
176.3006
198.003
747.6444
216.2818
109.4968
462.2444
242.8809
186.7713
349.3452
266.2473
202.0748
247.5471
98.4868
172.2394
145.1737
242.6117
130.6358
166.4523
191.3046
368.6042
370.3274
186.2465
148.1161
221.0924
253.916
176.3979
367.7916
269.9066
298.1358
280.479
208.5256
113.3047
127.0238
312.3235
261.3548
273.7191
348.0753
161.8248
285.1172
120.3999
295.9074
212.6574
276.5958
190.8001
197.5027
237.023
80.70237
153.3334
281.4249
171.5996
545.5036
180.7867
456.2257
145.5669
160.1745
148.2178
196.3189
363.5726
138.8577
199.3705
534.9039
310.3593
146.1999
185.6217
253.473
141.9492
242.8182
379.2129
258.6587
173.6163
168.6236
197.3861
160.0121
158.2897
175.0476
178.3063
163.9101
314.4057
501.2097
326.4738
237.0064
275.0091
189.1273
522.9148
278.1505
339.9956
394.8233
147.2396
220.3279
258.49
95.16082
268.1856
323.6147
135.9932
277.2185
411.7846
389.615
678.1674
134.3747
116.0101
592.5456
271.8122
117.9716
159.0343
280.7503
199.4233
465.9377
260.7513
100.2689
737.0047
138.876
371.6331
287.3729
189.1338
240.1805
317.124
372.621
309.0278
121.3517
207.3549
127.2398
508.588
260.0082
249.4694
158.2064
129.7275
169.8977
259.0414
359.1872
466.9707
84.88176
102.9579
256.3322
283.6508
552.9792
310.7054
122.5998
237.9982
164.3453
236.8862
139.9106
173.7239
579.6832
208.9274
359.8723
471.8561
111.8759
158.2433
184.3689
155.2162
330.4721
710.6283
362.4626
246.4719
404.769
142.0575
390.7616
165.8155
490.9988
152.9111
341.591
250.0472
155.0781
247.9293
123.3476
161.7683
248.792
300.5634
252.5583
134.17
1071.747
143.9709
130.1196
316.2273
194.6075
218.4711
142.971
245.9061
213.7012
147.3783
510.1418
433.2095
196.2117
310.1579
313.3957
284.3748
895.4657
207.4669
206.8594
293.4052
354.7116
131.0411
94.07201
238.9292
