102.5358
99.62561
98.33714
97.38078
97.11692
99.64014
98.55562
96.5275
93.9699
91.77301
90.68582
90.27985
90.56506
89.49326
87.54875
91.66381
90.26771
90.37606
90.11023
88.30589
89.09258
88.98779
85.70089
88.41024
91.04274
88.61082
87.48924
88.40592
85.50863
88.34892
89.27451
90.78315
90.08018
92.13751
94.39474
93.76347
96.7705
97.19872
99.52168
98.34161
98.68637
100.6969
102.4692
100.0928
100.2244
100.0033
102.1002
101.947
101.334
99.78771
101.2358
101.9454
98.64299
100.3789
103.3241
101.8181
101.8527
98.65398
99.66259
100.8305
98.99807
98.54794
99.74486
97.79341
98.33977
98.52238
96.63043
96.69001
95.66875
97.28994
98.89275
97.49148
98.97947
99.7598
99.31755
102.4588
102.7209
100.8723
101.2211
98.92541
99.01819
98.2875
95.81689
97.0986
100.0048
97.83615
98.44871
99.72499
101.6144
103.2377
104.2139
105.841
107.3591
108.5978
105.1735
103.4991
102.7908
101.1998
96.58107
97.87546
99.12567
99.23399
103.0076
104.4861
105.4846
105.635
103.9521
101.8853
100.1845
98.67477
98.957
99.6595
99.67851
97.88319
95.935
95.4735
95.04536
96.91833
94.34261
94.65039
95.24762
97.09998
102.5355
104.1524
103.1049
103.2954
103.7914
103.1453
104.9192
104.2763
102.6505
101.139
99.55044
98.69344
95.6608
97.33936
96.85378
97.4131
98.01437
100.3398
103.5517
103.7705
106.3535
108.3482
111.1108
112.1591
108.1506
107.7116
105.9353
104.979
105.7488
105.2169
102.8048
101.9447
100.6456
99.02151
98.83392
97.40671
94.75136
93.21156
93.63872
93.20934
92.233
92.65083
93.06491
93.86782
94.3584
95.51663
93.33941
92.29316
93.01278
89.78391
92.25004
96.9285
94.86855
94.08983
94.09447
98.40165
97.88376
98.68565
97.6399
98.77837
96.97305
100.4802
98.83912
99.33799
99.0588
99.35296
99.68044
101.0993
100.696
98.91983
101.0836
100.2713
97.48752
100.7981
102.0769
103.7021
105.5139
107.4409
106.4461
103.8551
103.0218
103.2416
102.2857
102.6482
99.895
99.65051
99.24845
100.4549
100.9556
100.5123
100.8526
102.6188
103.3449
103.0691
105.5598
107.23
106.5762
106.2526
106.4808
106.2031
101.1127
101.7758
103.1837
101.6225
102.2875
101.793
99.1841
98.75401
97.00112
97.18361
98.77267
101.4388
101.6323
101.6548
99.83909
98.0771
100.3818
98.09332
99.76024
97.81038
96.78333
95.44492
97.35428
97.05654
96.57714
96.32962
94.42111
94.02417
93.49038
97.95775
100.6363
99.53664
100.3738
102.6401
104.6267
102.7852
103.609
106.2294
106.738
107.1139
105.6473
102.5869
100.1777
101.1549
99.3795
98.99543
99.62639
99.77476
98.94014
100.2182
101.3329
99.98089
98.81657
99.5676
97.72774
96.36511
99.07037
97.33829
99.02142
98.49697
97.23243
98.66824
97.44059
98.81447
99.22073
97.54433
99.17367
101.3311
102.9332
100.5301
98.3558
97.3381
98.68614
94.75955
95.68158
96.79195
100.0168
97.06533
94.07748
94.46971
93.68818
91.96448
94.80581
94.21264
96.12322
94.86839
93.99451
93.28936
92.97224
96.924
94.58018
94.78863
94.13921
90.69881
90.87852
93.82246
93.15325
90.93808
91.45548
92.57807
94.29825
93.25847
91.21905
92.9687
94.31971
93.82191
94.41809
93.84621
93.93532
96.27539
100.6534
96.546
94.7503
95.34703
97.4157
101.1919
98.79927
97.00071
98.73598
100.8691
98.95359
99.25631
97.6276
99.03412
98.7654
95.72075
94.51754
95.36567
94.02508
100.1296
99.98482
101.2326
103.2112
101.6101
104.2554
103.4672
103.0971
101.4
101.0094
100.4728
101.2817
101.0505
100.2757
98.49664
97.31231
99.81816
99.7402
98.60639
97.71582
96.60031
95.0467
94.6436
94.53377
92.55121
92.76997
96.98029
98.19077
99.70239
94.9985
96.92967
96.5702
95.5674
94.55277
94.24885
95.10357
96.70702
96.44465
96.51665
97.23304
95.59582
94.51062
93.07909
91.47434
90.45469
90.40211
90.11978
89.39262
88.91722
90.90302
92.94109
91.87794
97.73021
99.30513
97.2142
98.79526
98.7567
99.76864
98.11388
100.4561
96.78062
100.2769
100.7057
101.1489
98.47924
101.1119
98.44113
99.71303
99.28318
99.06649
98.6172
100.0278
98.9908
99.71255
97.0882
101.7123
101.9521
101.5053
102.114
101.3931
101.1275
102.0084
102.0277
105.7382
105.305
106.8839
108.8689
112.779
114.7848
114.2077
115.3572
119.1324
120.1445
122.356
119.6774
117.7752
113.6867
113.4559
113.6081
111.8086
113.6514
112.3273
110.5412
110.0786
109.4015
106.0609
107.7981
108.3111
108.971
109.6989
110.7325
112.2892
111.4752
110.7544
109.3299
107.0588
109.2035
110.3007
110.2321
109.7371
112.0066
113.3953
112.1141
109.4374
109.7098
108.2547
106.0759
107.1918
107.6632
107.9732
106.262
106.0779
107.2694
105.7502
106.3317
107.9509
108.455
109.1338
110.4611
108.2749
103.5259
103.9387
105.4758
105.1191
106.2422
103.6798
103.2447
101.0857
102.2513
