81.84866
82.9892
95.42215
67.59702
73.62282
51.33892
42.61025
59.70264
57.40826
44.50579
57.66318
61.61119
41.79513
44.02975
45.31822
53.71885
69.14615
57.78998
59.68329
52.72644
62.85203
70.94779
57.87084
48.61063
43.36762
35.94064
40.43197
47.26404
54.83936
42.88755
66.66098
63.68639
54.34035
82.46535
82.8586
82.90306
97.68166
90.1223
69.9779
67.86773
69.42203
69.45909
65.86044
59.84759
56.46333
39.16292
50.57727
52.74954
59.54871
68.74482
72.9842
59.38139
61.91435
73.85334
69.47909
64.32588
69.04159
78.12688
96.17724
86.9765
76.77795
83.60178
76.03635
81.00395
72.95956
67.81336
61.51209
74.12602
72.57257
67.89685
79.5815
87.55917
84.3215
102.4123
101.2099
122.7132
121.605
93.03029
67.93689
61.78033
69.16262
73.12406
66.19974
54.76794
45.32667
59.32789
69.55637
90.96125
81.39261
68.46576
56.32646
77.67954
96.85735
96.95325
95.69859
94.29389
104.2509
110.7536
136.5167
116.3106
89.17792
102.7142
83.86694
57.2206
52.341
65.92974
48.44593
43.54424
38.85163
38.78737
29.42356
29.24183
32.3113
35.21599
30.86767
29.02854
26.77347
28.85291
32.46609
35.03607
42.05966
48.06048
45.89974
55.1276
57.01621
66.28726
68.57081
69.99368
95.4123
73.16442
93.90038
93.39146
93.51635
94.2531
107.827
139.9065
133.336
115.9845
177.5275
148.9063
180.9551
155.961
193.7662
200.2389
168.3768
100.164
92.17262
79.35043
72.65418
68.5052
92.66906
58.27757
73.23885
95.69403
91.61942
95.873
98.02841
99.51889
70.00437
68.49977
58.5115
53.39236
51.7218
56.20302
51.08997
77.54123
65.55736
82.73878
68.2775
62.71406
48.47233
38.75201
33.11906
40.95417
29.30836
35.9662
34.01937
45.68733
73.59048
76.54014
104.1457
111.1804
102.2628
110.1125
141.9672
141.7501
115.8943
94.2597
98.90189
82.30193
107.8883
84.559
139.0873
145.9856
138.2827
108.7261
166.0637
199.9003
186.9605
231.0781
183.0862
194.5458
169.6448
120.6271
111.6329
124.3255
101.1133
91.14819
83.71824
94.97739
84.76609
95.15539
68.99321
88.46785
79.50656
73.25518
70.5787
70.24226
62.16778
51.09958
52.05218
43.74316
31.19209
38.7768
41.42222
36.73205
42.31942
61.94467
61.76251
93.52064
96.20392
81.52977
113.0592
133.584
122.8552
114.703
157.3519
130.449
135.9847
155.5667
128.3074
96.11759
110.2498
136.0325
139.0619
126.72
105.1098
97.38102
91.7094
96.80622
105.0263
108.7692
66.11015
73.48335
61.2266
57.82354
40.14402
54.12116
49.65044
66.20504
69.72149
79.3161
105.3497
126.2595
138.6457
130.6775
91.17609
106.4199
94.28298
84.522
64.58358
59.76378
78.06846
66.56875
52.93591
58.48776
58.90687
44.73521
38.60331
44.65624
57.93463
46.64462
46.21674
35.4739
26.69081
30.98007
36.69758
41.45307
38.85441
49.34741
61.95009
76.40404
95.27948
99.22829
105.6194
117.5899
132.64
114.8099
95.38945
91.64917
112.4667
108.7579
111.5663
124.1941
110.8371
90.18899
99.30637
113.4305
100.9412
85.48988
64.67034
64.8613
49.52803
46.06097
63.60694
59.92575
55.59684
78.70483
72.45184
60.17486
65.9705
70.96492
66.88726
72.43375
61.49249
54.32617
53.04615
52.99248
44.8378
52.47441
49.31078
50.01179
58.87403
51.64097
36.73411
37.96709
47.07928
61.11549
56.74443
96.01572
59.86765
53.72197
39.09493
33.25168
28.72651
26.43248
23.68051
36.75257
43.04497
63.18725
71.91752
102.9402
105.745
164.1609
159.8883
121.1552
128.4715
124.0835
90.96043
85.08846
101.1608
99.14634
144.161
130.0805
96.51748
90.1384
106.9959
95.37788
91.14839
85.02325
98.54792
107.0068
74.55951
68.58316
69.22538
74.79803
67.00211
61.53457
79.63913
102.5033
76.34836
69.78876
52.27221
58.34909
38.93086
36.95896
33.24496
28.41354
25.04387
22.53329
20.17235
28.37548
25.12891
18.56078
18.24994
24.76429
29.12722
36.40797
42.76733
45.6947
38.64142
46.54118
40.8055
30.33916
30.428
33.05259
45.58181
41.22281
51.05226
37.62829
42.29633
44.07185
34.78268
29.26305
25.18576
29.9709
37.29204
32.04178
27.19833
26.03009
28.54819
30.62144
44.44255
42.80497
44.29381
34.57416
36.83276
46.7576
75.11214
69.13976
73.69822
74.67108
74.82475
55.40263
70.37655
68.6129
63.65902
55.49252
54.824
49.7726
42.98264
51.81624
52.05668
82.84944
65.84827
65.06522
56.36933
45.46933
68.97595
78.81741
85.68086
99.90308
77.25986
85.35976
90.5827
86.59369
73.41009
51.40111
45.28845
45.78801
46.36345
40.55775
55.1644
62.72799
55.50793
52.57126
37.00643
43.76676
43.51563
47.48042
66.63023
72.60749
59.67022
79.92528
91.21689
84.63153
72.4216
87.19787
92.14257
62.21666
60.98907
63.70285
55.84068
63.05628
60.76173
46.27732
66.16654
80.993
70.45597
79.30566
59.08241
67.93672
54.68873
59.96905
66.4204
78.34118
94.81566
134.0544
89.13102
106.2358
