98.25457
106.421
110.4855
146.7999
192.5105
195.6789
146.8908
104.8435
135.3791
157.1989
146.4575
235.1435
255.0796
289.3082
284.6217
209.4655
168.452
200.8018
197.7216
167.6723
178.5708
237.0859
175.2126
160.2833
129.243
154.3636
159.4016
131.7831
115.7326
92.65211
77.68189
100.9376
106.883
92.04853
104.7769
97.22142
87.5152
68.71508
76.55983
86.95397
62.789
70.57618
113.2888
222.7207
179.0537
204.8489
188.9857
181.8377
187.0358
206.7315
198.1028
205.3731
200.5435
278.4282
245.0149
207.5468
212.9353
161.5861
137.9372
123.9188
111.6861
132.07
122.3658
135.9472
105.3232
105.2792
95.83645
85.2754
122.0353
142.2387
90.00581
88.38228
56.47527
61.09168
55.62851
70.38946
75.87209
121.6969
118.8485
146.3563
146.6256
164.4904
221.7971
196.1937
183.7203
189.3785
171.4905
151.8441
214.2502
147.7405
168.7516
246.803
226.4966
229.1929
243.1584
329.4709
373.6324
338.0159
369.6934
332.9441
294.752
229.7863
258.0802
237.8233
192.2734
173.182
195.6819
261.3028
236.4335
204.9549
188.9778
171.9983
101.6097
118.2068
111.3852
101.0923
145.9292
108.936
91.6477
96.76525
96.89192
99.76576
85.84375
77.55356
91.21665
96.54136
80.84991
90.1607
55.93463
64.11108
82.10676
71.46642
62.65642
94.32219
86.63004
61.94386
75.31712
69.19984
70.31862
95.22501
129.5525
150.3653
170.8602
185.8673
165.9694
157.1973
239.8771
206.9361
272.0726
333.1289
412.6551
383.4206
325.2607
370.9277
400.6852
438.572
431.5351
548.8246
596.578
519.845
582.8791
422.7036
569.1191
433.6211
507.7096
508.1695
448.8181
566.3242
442.4572
304.4426
225.5342
296.9748
223.6393
221.05
277.3735
224.3851
212.5311
183.4599
177.628
129.2127
123.9954
120.6892
116.3171
92.58384
86.33793
101.1893
92.76559
117.7309
95.62061
78.08618
97.7657
108.9842
126.4344
117.8623
122.9953
118.3281
116.6481
162.007
167.6952
138.915
124.7646
108.8559
103.9642
111.8376
120.643
120.8874
160.348
182.2639
116.2044
137.8002
185.3046
176.9622
136.9321
133.7426
115.5298
96.35396
105.3563
108.2374
119.7035
143.1491
166.7325
167.0376
129.1285
118.699
88.75636
93.19275
89.46763
114.1131
117.7164
113.1105
99.90415
126.956
124.8435
123.6667
120.8793
161.0589
169.593
178.6414
162.459
178.0826
157.8147
186.4593
306.4483
359.6147
371.3713
381.8178
609.9483
574.6475
435.1181
606.9272
576.2853
515.369
474.6543
375.6139
471.4243
648.3328
528.7737
426.7338
395.285
292.7502
297.9163
309.9092
385.0979
345.4733
340.8639
278.652
234.7063
162.3584
120.1683
119.7992
122.4601
157.0611
134.2633
128.2093
84.57049
72.9824
55.71551
55.58434
71.5701
85.30457
72.36131
112.1449
103.3532
128.9839
120.9215
171.9888
125.8494
128.8383
161.7632
151.1194
193.0059
297.9058
379.6354
281.367
225.2058
172.6962
169.2037
170.301
160.4846
129.1804
106.1991
104.2022
100.1178
139.3596
157.1219
117.9391
111.0213
153.0505
183.8598
187.044
129.3162
138.7899
180.9289
169.5037
193.8352
167.1918
203.4854
241.5276
265.5761
257.0007
243.2816
302.6867
331.8769
259.6478
240.3404
186.8097
146.9888
140.9559
82.73829
117.1139
161.4861
109.8815
107.5783
110.2993
171.1052
118.04
100.4742
83.60193
135.6068
106.7519
100.8494
104.9245
108.0425
92.47771
67.60676
105.9569
157.3631
158.4906
185.5444
198.3405
208.0216
185.6098
271.6099
219.5694
263.2486
218.1663
223.8556
242.4289
235.5493
188.6508
155.1045
174.0595
174.6264
151.9658
182.9141
157.8551
177.788
193.3605
163.2491
134.1572
193.0363
172.5059
153.0274
140.9976
210.6107
171.276
143.9294
122.634
174.9258
138.3766
151.4042
115.818
122.2546
95.72183
86.12765
97.55677
118.483
123.8649
109.5382
110.9462
113.7344
76.21324
71.28542
90.07691
105.4512
132.7195
105.7259
123.045
94.5285
93.54085
95.59897
93.69644
92.90082
115.0997
121.6131
104.3921
107.9847
87.32856
121.6404
136.5333
134.8858
136.0948
175.8596
195.5649
212.9221
165.7003
170.471
180.5669
164.8426
185.8007
157.244
131.2512
201.6396
169.5747
185.6977
201.9569
232.0501
219.6608
197.1661
238.4221
205.0301
158.8175
97.41408
90.18265
121.6917
134.7013
140.5694
158.9369
214.9717
241.4986
291.8439
262.5755
271.6188
277.5187
219.7331
295.6654
235.8445
285.7403
300.6606
273.2296
299.7217
288.0293
257.2612
206.7198
213.3844
306.6402
300.1963
264.9074
262.8384
265.528
249.0442
235.4501
230.8399
333.8282
297.72
220.0953
191.4635
195.2572
199.0773
180.7098
175.3037
132.9207
110.875
108.1713
96.74209
84.4092
89.16123
67.90752
91.23392
96.91459
107.9413
88.07879
112.1976
114.4657
97.92513
92.67257
138.2468
124.6924
101.2622
108.4303
101.0226
121.6915
155.1944
172.106
169.2557
195.2103
258.686
186.0775
185.4404
225.1991
