47.9149
58.5964
74.99812
94.04975
97.59195
86.74196
79.02193
109.1138
137.0633
184.3202
199.4547
239.8411
339.7777
393.5037
388.6586
364.9552
243.088
267.7538
269.8505
298.8999
316.5415
313.8179
334.0278
377.0083
535.4964
734.028
966.0646
1142.909
1168.299
1318.071
2027.358
1582.207
1750.161
1943.287
2256.265
2950.652
2844.965
2205.769
2386.168
3826.189
5036.471
5073.984
6725.881
9876.276
11828.01
9549.187
15638.8
14666.22
17256.94
27170.68
33242.73
33525.5
37208.95
42064.21
49989.84
45663.68
45659.15
56701.23
63578.99
74817.72
86049.78
105451.9
142216.2
141979
107501.2
106368.3
133030.2
132181.1
197819.7
208814.7
207630
263764
371300.9
432957.3
403479.9
281857.7
303679.4
303475.5
264449
279451.2
204007.9
257746.7
297078.3
351483.6
276993.2
239600
242045.3
364576.5
314690.8
302180
340051
260202.6
234447.4
201189.7
169309
191530.2
197029.7
165184.1
173430.1
148369.1
188132.3
187131.9
233247.2
236886.9
251565.4
350881.4
317490.3
435443.6
462526.2
623150.1
700940.2
630888.8
603231.9
508737.6
491206.3
535997.4
538797.9
408726.2
347215.1
336863
312864.6
461152.8
348787.4
408646.3
413808
696024.5
568816.1
669895.6
863806.9
843489
840048.6
953572.5
911001.9
648298.6
738716.4
1206767
1519937
1470364
1330800
1289442
1054586
780912.6
988659.6
961372.3
952245.2
875070.4
798445.3
591698.6
744658.6
699122.3
511050.3
395145.8
394071.1
526600.8
563905.9
569019.2
638297
712079.5
860399.7
1099322
1043551
1077086
964671.1
1309285
1225671
1267560
1029385
710422.1
753663.6
881160
689854.6
1121296
1371773
1305205
1261376
1218967
1005935
922879.8
993842.8
942373
1050278
896192.6
613399.5
733360.2
936464.6
1223819
1086150
968833.3
891313.6
836123.4
841941.9
659287.9
669653.9
702384.5
557960.2
462233
573856.2
693205.2
479843.1
403121.7
434851
406376.6
447526.1
504517.8
606714.8
642786.2
553311.8
668170.8
458470.8
634760.7
389943
354974.7
293935.2
288530.3
337430.8
244440.5
263597.8
305085.7
285847.4
402529.7
427226.5
322273.8
363344.1
362501.9
385956.5
338038.3
361309.6
308245.1
324480.5
276408.5
291892.1
289786.4
361559.7
343510.8
396421.4
421919
468811.1
539764.1
470534.2
469066.1
590238.7
642810.9
758223.1
686495.7
994148.1
872750.7
1042300
786997
781516.1
944060.5
1111622
1088300
1491044
1284476
1135853
1155141
1339691
1033747
1051214
1060698
1126392
1121954
921637.2
691683.5
610523.9
715482.2
637566.8
858440.1
890148
753161.6
871291.3
872977.1
671330.2
627167.1
575800.6
607719.4
653602.7
513078.7
419096.7
397493.2
431233.9
584474.2
744341.7
737587.5
765952.3
696347.5
865277.9
889693.9
1020844
1217017
1481225
1777615
1159232
1007967
1154914
1567198
1580233
978729
956352.7
632901.3
592823.3
838410.7
968752.8
701905.7
582107.4
763014.4
666062.7
699456.5
843198
945751.8
734789
711583.3
623294.7
771749.4
841242.6
758952.5
819791.4
650459
601939.9
671792.6
679376.2
1022637
1291469
1132789
1416081
1289715
990410.6
1095292
839865.3
777087.5
825762.8
786784.5
638937.1
663557.2
926034
1117537
945042.5
956535.8
1019187
1022120
1072334
1272020
1232950
968338.4
672184.9
684909.4
881142.1
1091249
831391.4
880766.7
809307.1
1002638
1300995
1172461
882572.5
993724.1
988254.7
976053
981459.9
965420.3
1100359
1563507
1008729
956242.1
833453.6
701962.2
786256.1
704444.2
710238.6
686235.8
688214.1
485026.6
407075.2
477920.4
450342.5
455715.7
383300.8
338063.2
397773.8
375301.5
285599.2
341779
313729.1
342793.2
306299.7
318942.8
359904.1
393811.6
256746.4
267898.8
251319.6
300606.7
204287.3
205340.3
218904.2
254362.4
285797.1
227883
305538.7
297549.6
444977.6
541080.2
497809.2
456569.7
419777.8
594421.1
745536.5
763038.3
671534.4
712986
576228.4
587256.3
751990.4
731809.1
686828.2
656593.2
837755
737092.1
734325.1
787682.4
611305.3
607634.1
586499.2
690180.1
471257.7
504049.8
466684
445530.4
479228.2
302464.3
405705.9
336083.8
421600.8
385356.5
403819.2
470112.9
510158.8
630364.6
811678.6
835397.4
642414.1
709860.4
527986
520284.9
419828.6
405937.1
501109.8
355707.4
399917.7
365771.2
397842.4
458326.2
443020.8
532832.1
718358.7
557947.6
630391.4
883720.3
788200.4
873437.1
623061.1
622715.4
565079.8
535363.3
696810.7
721743.9
803418
787224.3
555256.9
522691.5
517629.1
475143.5
500572.4
589813
527762.3
482463.5
268124.4
233924.7
346081.3
383376.9
555221.9
602536.5
721045.7
771026.8
546137.2
499034.8
423207
387274.7
506102.9
630380.2
508456.5
604349.7
533620.5
757832.1
698636.9
783724.2
574838.9
472195.6
666219.1
872285.5
