48.73752
44.70514
46.7255
54.65398
48.69444
49.13752
45.83315
49.0632
59.64683
48.42951
48.15819
47.68224
45.75917
45.48741
47.26831
54.27014
48.41976
54.49931
52.12873
49.53764
50.07753
50.2943
48.77866
44.25847
52.20132
52.42188
46.74386
55.00762
49.05488
45.48504
51.43313
51.52291
55.7642
50.49513
48.21866
49.1877
49.89257
49.25234
51.98573
53.90607
45.23825
47.62813
47.9301
49.85506
48.56886
51.44408
52.25487
52.97851
48.80493
55.47834
47.99435
47.47027
48.01781
49.24442
46.10438
54.86958
48.8657
43.62317
51.06066
45.78393
48.73482
54.88685
51.19782
49.82565
50.91966
48.38027
48.9718
53.48096
50.31498
49.34129
51.14104
48.93556
55.61913
47.55424
47.75343
49.9524
46.32387
44.66384
46.8518
46.00511
49.34916
53.31124
55.02825
53.54658
48.02724
51.81688
47.3501
50.92406
49.19639
50.80268
52.38579
48.47017
48.19701
47.40511
48.53133
49.62196
45.68334
45.01433
48.3689
49.6437
47.45073
49.14706
43.66607
48.99349
54.98
57.88056
50.30578
55.40911
47.19584
50.55492
49.72167
51.08944
46.80361
48.9834
49.20364
50.38492
45.769
55.90479
49.4311
49.24353
50.92921
50.04093
47.04179
45.59773
47.06661
50.41608
47.39421
53.49495
48.02266
48.43635
48.88652
47.38869
49.42765
45.84156
50.91142
52.11217
49.06332
48.43545
46.10284
49.55376
54.3015
49.93054
52.5223
52.8612
47.59055
55.29022
46.33385
51.06114
55.94446
50.35251
46.12568
46.02695
51.36261
49.95757
46.64077
44.51965
46.81009
51.13998
56.11672
53.37913
45.4097
45.56307
50.54154
44.17342
44.22195
47.06095
53.11515
43.83718
50.91106
47.6797
44.21265
53.83214
54.26842
55.56894
52.37301
49.44865
50.58088
51.25632
47.4841
43.71483
51.62449
49.01581
47.77718
49.56681
52.22241
48.70404
56.63641
45.86816
50.22569
46.43811
46.67204
45.83629
47.37583
44.74884
46.53613
50.9204
47.59963
47.15152
47.89711
45.63421
49.89038
55.29301
48.06712
48.02572
49.16222
54.22107
51.09309
45.89499
52.48472
49.00006
53.35925
53.28781
50.11087
47.11744
44.90543
44.43426
53.53356
53.85384
53.73577
49.67282
47.80095
47.18672
48.90281
52.09559
47.32388
51.21361
45.56917
52.09237
47.88752
52.04245
51.09304
50.91154
44.57673
47.80056
43.1696
47.54885
53.94815
50.64538
46.18621
50.29923
52.22899
51.68701
48.15488
50.71648
49.43733
49.73461
50.48407
51.92729
48.19635
52.62817
49.03776
47.23
49.8778
51.55464
49.97205
49.30022
52.50152
47.18811
47.27658
52.55746
45.73506
50.76487
47.25203
52.67659
50.78835
45.0736
47.72751
51.41676
44.854
46.1251
52.06348
53.77775
47.64144
53.28464
46.20906
51.97387
50.67155
43.69142
52.04944
46.42663
49.73273
49.30012
51.80949
47.94698
49.91785
42.81023
56.56093
51.11722
49.70239
52.56231
48.40669
47.57443
44.86469
51.20904
51.91954
47.81153
51.37685
49.8095
45.80842
51.97574
50.98818
53.01742
50.16332
52.05242
52.27065
49.0258
49.45642
51.28769
52.31718
52.54239
51.38527
51.92694
49.44609
52.04266
48.30156
46.74011
53.95632
45.37306
54.11125
49.43983
46.74133
44.14099
49.9613
53.42695
51.43975
47.16431
52.45565
55.39297
47.54062
48.95653
47.93568
50.60813
48.93138
53.25233
51.07397
49.81903
48.53023
51.69879
49.6987
47.65716
51.75533
51.44158
50.88285
52.9314
52.03412
49.01256
52.47731
45.71178
51.91427
50.84351
52.2318
52.72126
52.56338
53.33092
55.31491
44.2367
48.45907
49.7664
51.84706
47.06076
52.38021
51.30333
47.80317
48.76318
46.83606
53.47329
49.49496
45.47157
45.10828
47.45468
50.45697
50.33222
49.95969
47.12396
52.25665
45.71454
49.06579
51.97459
50.78291
56.01098
56.56707
49.88107
48.65602
51.65619
49.65986
42.92607
43.19492
46.55369
45.15826
46.52086
50.57062
52.86805
50.93118
47.11026
49.47518
46.43248
54.25915
51.60707
52.05957
53.18149
50.06804
46.7866
49.30003
41.40207
50.32115
48.58581
55.39442
52.66061
51.5817
49.03413
49.04589
44.40943
47.8319
52.54645
49.33932
52.01289
51.65005
51.01235
49.70064
56.40039
49.16596
50.6784
49.16484
48.99516
48.07379
45.40858
47.22844
52.09335
53.11486
53.64773
49.03755
56.16463
52.11401
49.72567
49.71136
51.8881
48.78531
47.7013
50.60746
49.82856
54.53217
49.84608
51.71407
46.4155
51.84547
52.82428
45.31905
51.35388
47.54187
54.53336
48.57334
49.35797
46.32152
48.94875
42.48421
51.33502
50.372
53.92559
50.85234
48.24138
49.83602
49.00396
53.82527
50.21727
54.12572
49.28892
47.56855
52.583
54.98654
56.43269
48.85634
48.68357
45.55926
47.36331
49.73931
45.95599
49.42216
48.75709
52.2273
55.68763
54.17671
52.03804
50.7597
44.68144
49.20899
49.49942
45.74426
48.97348
52.22195
53.83651
49.26891
51.48048
47.98719
48.80002
50.03959
46.81236
49.51922
46.48026
47.70401
47.02642
