10.81489
51.41644
108.3786
411.4558
1692.645
4848.532
19755.86
34931.98
41132.18
39549.73
36335.73
39383.69
31944.32
47147.36
38178.93
39652.01
38166.61
43721.47
37270.65
46952.09
38304.69
40230.33
50686.03
49672.73
50013.3
29564.56
44288.68
47892.18
55506.56
32654.21
43651.96
43570.6
36048.29
49262.88
50506.02
32247.85
39470.5
42999.75
40827.3
30765.5
45889.49
41942.89
39353.58
50141.09
32758.58
36173.57
30109.85
40459.07
41644.18
39775.07
42191.59
38591.91
43706.76
32870.4
42046.32
41570
37610.05
39792.99
43316.11
39779.1
34343.43
37567.04
38511.39
35215.81
31925.83
36400.73
41738.28
39477.43
39871.58
37699.09
33106.54
39572.06
40022.26
37505.36
38333.16
34412.13
34585.24
38238.57
37369.96
43003.97
33630.35
41061.02
31474.71
35319.85
40229.16
42660.77
42489.74
55228.57
36784.47
40447.17
44561.06
45964.17
38659.36
43908.09
38991.25
43057.05
33682.2
31971.33
43020.52
43015.68
46404.27
39329.37
43022.16
40474.68
42492.25
40441.75
45128.92
42458.83
54367.45
42701.21
40434.9
43073.76
43385.23
42730.93
36394.92
46948.86
35843.54
47817.55
42418.91
42553.78
43084.01
38798.66
33265.1
42697.79
30496.83
41576.01
40496.91
33281.93
39317.93
37983.72
44499.97
32027.11
32406.44
35930.1
42900.3
32107.68
35346.94
35902.29
34856.68
27645.73
35574.57
50109.32
31785.83
53413.75
52774.26
38069.22
33682.94
41974.98
44104.93
34656.25
38680.23
43180.18
40445.4
35828.5
41793.23
42388.18
42654.06
38375.85
41715.53
47434.52
42408.06
38152.74
42546.09
46333.03
47247.93
32929.69
40625.57
42820.44
48033.45
48530.48
48767.81
42396.59
36332.1
39382.38
44889.57
45722.88
39183.48
39196.29
34922.21
38369.75
43652.16
51145.65
39705.98
39642.32
29356.93
24808.53
37756.5
39403.68
31180.54
44690.49
35415.61
48676.74
40828.73
36347.18
47396
44025.14
46543.26
50340.81
43166.41
48053.21
39767.24
40142.67
47152.81
34771.57
36863.37
46893.71
31049.04
38031.12
44399.82
45298.01
41098.04
39183.6
44600.69
30710.55
37416.12
57903.07
39165.94
39425.55
39693.08
32674.07
34628.8
46462.57
44809.53
41047.73
41421.81
43172.03
44865.76
45643.03
41214.2
44493.51
36447.4
49264.14
47292.92
35213.64
42435.72
52259.27
49207.07
36436.43
33704.3
50566.69
40418.05
40445.76
44996.9
42421.99
48352.49
42700.45
33796.36
50975.76
48641.75
36767.28
35101.05
41635.39
42641.32
41469.98
35651.12
46503.38
42291.85
34358.34
41960.11
32830.66
42027.57
45083.76
41665.41
45387.24
35716.39
41365.04
51597.61
38182.67
34227.04
55097.91
39683.26
27979.17
47478.09
44693.08
33386.67
36895.67
38772.59
45417.42
40819.92
38680.53
44692.87
37954.36
42323.38
45272.12
38992.72
36430.87
45211.1
38796.63
54512.46
38923.41
42996.56
38658.44
42306.31
43387.22
42253.19
41804.62
33155.19
37730.03
41466.54
40869.47
36769.4
46455.54
47877.36
40057.78
44069.36
36993.69
39846.27
37098.75
45070.1
31848.34
45100.79
38332.95
47415.98
38835.87
46768.66
42058.78
33024.17
34556.23
41302.93
36662.17
45199.12
48502.38
33928.21
36290.15
49477.54
42167.41
49032.42
37807.77
50671.64
37352.52
43822.5
46392.41
39904.25
38096.95
39426.6
52654.58
41296.84
40070.12
38406.14
39677.24
37133.41
36774.18
36181.51
34395.89
44314.16
44007.72
30174.11
33574.14
34185.9
30860.53
47042.78
50632.37
43562.03
36822.08
36639.31
47709.46
34541.51
34545.62
39778.19
33184.02
50661.2
33184.32
48226.92
42371.28
40315.61
35854.55
45279.28
43127.93
42316.43
52488.75
30129.44
42895.93
37534.01
39561.39
39677.43
42100.85
48920.17
41048.59
33651.31
41266.7
45725.03
31764.74
43625.29
42687.24
41781.7
39837.59
38307.89
32712.93
33746.07
33177.8
39225.39
55202.53
44915.37
39175.23
39206.09
42240.46
37525.81
37673
37533.88
42081.32
32841.05
36947.11
37239.01
45780.16
43891.07
37652.12
45314.96
49133.84
40603.21
44295.4
38626.47
30260.04
46332.05
34478.29
32143.98
39680.2
36888.9
42169.87
47007.66
34037.52
48007.99
32838.49
45234.93
46893.04
39455.81
35693.37
42521.87
41056.2
47758.39
43679.71
39129.87
46375.32
38096.84
42640.24
37962.24
41841.07
38968.25
44976.11
36371.88
29129.25
30335.44
40592
47540.76
36497.45
50305.79
50640.94
37637.46
33116.46
37836.95
38939.74
31346.37
43130.8
44527.44
32192.45
42564.68
37201.31
36950.02
41820.01
35122.49
42535.87
46107.58
39556.68
43121.93
40692.19
47964.64
37184.27
35628.93
38498.51
41279.41
35611.7
44804.34
46088.89
38917.56
38839.31
48906.45
36537
37169.19
42190.85
41554.37
34730.46
42650.98
37111.37
31475.91
32883.26
43172.35
32475.73
49324.01
37371.57
37569.33
38872.07
39698.17
45570.02
50475.12
34887.38
42083.71
46285.16
50346.28
41689.62
39362.46
39628.63
