12.28323
12.19671
10.33019
11.06408
12.64279
12.85686
12.12724
10.61976
11.98356
12.15174
12.0693
12.63748
11.26092
13.05948
12.08581
11.02259
12.94223
11.37385
11.12873
11.56153
12.28777
10.86517
13.58866
11.20351
10.62552
12.14371
12.44446
12.50207
13.1545
12.7273
11.67441
11.43075
11.19025
10.65075
11.61648
10.99208
12.58342
12.17864
11.08275
11.91113
12.42282
11.34769
13.60043
12.41559
11.94665
12.13189
10.97692
13.91536
11.44524
10.91951
11.18699
12.45653
12.17713
13.00531
11.09694
13.03621
12.03754
12.12652
10.50556
10.68197
10.92149
12.44471
10.89208
10.52348
11.97961
11.31744
12.21957
11.24114
12.16575
12.81798
11.37299
13.20276
11.71889
12.16314
12.23163
10.9333
10.28325
13.21756
11.13209
11.96279
11.40391
12.03055
12.31143
11.63343
12.13446
11.82346
10.85654
12.04402
10.52623
12.89227
11.64542
11.25515
9.906822
12.68405
11.93483
13.10612
12.16318
11.86402
11.92203
13.87786
11.89769
12.80051
9.797518
13.80715
11.30156
12.75885
11.11326
11.94808
13.14229
12.42903
12.05062
12.70685
11.61696
13.20554
11.04584
10.99846
13.27218
13.01364
12.13559
12.07315
11.54712
11.6654
13.03069
12.0773
11.25893
10.7992
11.34987
11.55396
12.10111
11.84674
12.95419
11.48885
11.98009
10.68951
11.52652
11.88245
10.89249
12.42092
11.82744
12.51247
11.50388
13.21273
11.50917
12.72874
12.02809
11.08205
11.52968
12.14502
12.46738
13.02889
11.43543
11.69106
13.77267
12.71914
11.53157
11.77337
12.50816
10.96854
11.72889
11.56329
11.01266
12.58533
13.58266
11.23003
11.85586
11.11941
11.12434
11.52592
9.686185
13.24652
10.87063
12.20513
11.58365
11.69016
12.02307
11.93201
11.83516
10.76434
12.52243
13.0933
13.27985
11.50582
12.94206
11.68185
11.62735
11.46327
12.9863
9.316229
10.70463
11.37216
13.67791
11.36558
12.03502
11.79305
12.16252
11.63031
12.349
12.39193
10.77418
11.221
10.82942
13.25396
12.50105
12.7777
11.20694
12.17449
10.89965
13.44964
11.79171
11.57104
12.55158
12.43799
11.93766
12.32516
12.31235
10.61187
11.03046
11.66665
11.48754
12.80479
10.5147
10.45392
11.74886
11.7377
12.6012
10.71235
11.49149
11.46385
12.01643
11.60446
13.49354
13.34698
11.33912
11.89531
11.68286
12.59938
12.63441
12.25899
11.58687
12.1565
12.13962
12.48818
11.45831
12.97932
11.01982
11.86827
11.13749
12.24305
11.33739
12.52514
11.91268
12.58744
11.87135
11.82176
11.66912
10.94928
12.04186
12.35986
12.4508
12.69412
11.70358
11.23972
12.78531
11.08298
12.05532
10.7553
10.89963
10.0408
11.749
11.82464
11.56492
12.87358
12.5775
11.16584
12.24935
12.0288
12.39096
11.57884
11.78389
12.09349
11.72443
13.31034
12.96388
11.90582
10.55012
11.69891
12.11097
11.5368
13.53981
10.41383
10.68963
11.40553
11.58851
10.82121
10.62259
10.38959
12.2056
11.30212
12.45372
12.28756
12.167
10.18265
12.26206
12.21913
12.24713
10.79379
13.22397
9.996181
11.27337
10.88965
11.14441
10.76701
11.42716
11.34443
12.23726
11.503
9.715187
11.32765
12.05979
12.21476
10.79087
11.4893
11.94161
11.66104
13.41074
11.77341
12.89837
12.5462
13.1355
12.08943
11.40483
11.53454
13.24247
11.97761
13.36606
11.04461
11.64163
12.9102
11.30873
12.19594
10.45333
11.4866
11.40686
10.74991
11.77678
11.59095
10.34274
11.53467
12.36189
12.70313
11.12776
12.03979
12.56334
11.61479
12.35117
11.80707
13.32022
12.70337
13.66445
15.352
11.53448
11.16731
12.95082
11.26867
10.81539
11.9409
13.16895
11.1529
13.70936
12.3118
11.52708
11.89809
11.13133
12.44271
12.87178
12.56975
12.22869
11.06963
13.08206
12.39966
11.04615
11.50034
10.55193
11.93398
13.19506
11.81507
11.66633
11.19522
13.11808
14.38271
13.05709
13.57794
12.69323
12.65433
11.49417
10.90341
11.50378
11.83014
11.04159
10.88731
11.71088
10.95165
13.41375
11.09297
12.35545
12.68097
11.26151
11.77284
9.793176
12.68862
11.84696
10.40847
12.03565
12.94581
12.43027
13.03729
12.07795
14.56315
10.97963
12.34437
11.66804
11.86104
10.74522
11.87602
9.949842
12.52139
11.6382
11.53895
11.32915
11.45195
12.93849
13.33705
11.37429
11.37356
10.6844
13.02919
10.82418
11.14454
13.17807
12.04499
12.59116
12.626
13.50113
11.99903
12.32216
13.2133
10.8746
12.29836
11.8781
11.16485
11.59416
11.82453
10.91887
11.19766
11.71876
11.58356
10.86446
12.19628
14.05706
12.12006
10.48104
12.00344
11.20944
13.02502
12.46176
10.45789
11.15855
11.76107
10.71641
12.85395
10.3717
12.03629
12.28273
12.63823
11.67978
13.23601
12.36654
10.63231
12.19585
11.9517
13.70328
12.68566
12.43561
10.79282
11.18137
12.20741
11.65961
11.82679
10.58861
12.09279
11.51116
11.959
12.11222
11.15762
11.41818
11.35639
11.6438
11.64297
11.47926
12.34422
