104.3748
103.9207
100.6981
101.1647
100.8939
102.222
102.6579
100.4933
102.2214
104.0878
105.4043
106.7322
110.1316
108.8475
106.6777
105.5124
106.7744
106.1512
107.5593
107.0343
104.7775
102.4177
103.2943
104.3313
103.7518
103.8711
103.7279
103.8386
102.9302
102.0476
101.4298
101.9942
102.3612
100.3534
101.2668
101.2221
101.2292
100.4141
99.9184
99.08741
98.63927
99.63217
99.14503
98.91099
99.36052
100.4602
103.5225
105.5482
105.2456
105.1218
104.9237
105.0759
104.7724
105.2779
104.8367
104.3653
104.4276
103.5834
102.687
102.5038
100.4901
100.5072
101.1502
100.6829
99.45294
98.04497
98.90878
99.77943
100.2005
99.50004
99.43521
96.96856
95.82816
96.58746
96.9647
97.2473
96.03066
96.14163
98.6287
97.97743
98.84895
100.1743
98.97401
98.33377
98.17667
97.85589
99.15009
100.7626
102.3935
102.2999
102.5193
102.6037
102.2237
101.0642
102.599
101.9251
100.9324
100.2617
99.50263
98.8333
99.90756
98.78661
100.3906
100.8802
100.6392
101.2478
99.81144
99.29256
98.11015
98.97929
97.67846
100.6855
101.4796
101.5003
102.981
103.539
103.4602
101.8963
101.8922
102.1737
101.9097
102.2443
99.81494
99.80665
99.17898
96.11552
96.12151
97.59858
95.0298
94.13857
94.92909
94.12638
93.46954
93.91794
94.89338
93.79593
92.52148
92.72837
91.55281
92.132
91.71886
92.27927
92.52935
92.19994
91.44274
92.49552
91.69496
94.51033
93.57996
95.51331
96.49525
97.36871
96.65638
97.53315
98.1281
98.90622
97.28848
95.98581
94.58742
94.2967
94.52901
95.76299
96.04108
94.64126
94.42142
93.57675
94.35075
93.64973
91.73889
90.95288
91.3081
93.37746
94.45293
92.86194
92.04832
91.4795
92.18817
91.92245
91.92113
95.72227
95.2083
94.53418
94.13354
95.04243
93.49529
92.46213
93.03765
91.64812
91.10304
90.81367
92.11275
91.00484
90.35712
90.53915
91.99219
92.26643
92.47862
92.91197
92.50051
93.45676
94.88025
94.21312
94.03323
92.40573
92.08193
90.87793
92.09005
90.73174
91.34633
91.13303
91.41866
90.55937
90.806
90.79577
89.74661
89.90066
90.66365
92.5356
91.06364
90.02008
90.32245
90.06471
90.25587
90.24156
90.13617
88.65132
88.64203
87.99137
89.7119
88.04749
89.50446
88.74206
87.79817
89.08625
88.37903
87.51007
88.50936
87.90905
87.78016
86.07144
88.02442
91.70372
90.75101
89.81069
90.32717
89.96125
90.62596
89.17184
88.54958
87.99442
87.96007
89.12155
90.52606
89.00004
88.96426
91.12168
92.14967
91.96771
90.59818
90.85857
90.2434
89.62448
90.32642
89.58181
89.80248
89.72513
88.27145
87.79948
87.02332
87.05644
87.27987
86.32465
84.411
82.70729
81.49816
81.12336
82.51956
82.85566
82.31731
83.71079
82.82148
83.37272
83.8649
83.37776
84.22856
85.05057
83.51425
82.75615
82.78411
85.37334
85.18406
84.87323
84.69449
86.32129
87.94518
86.6396
89.38733
90.17539
90.12705
90.51982
91.07652
90.94273
90.05097
91.02798
92.02048
91.70902
91.61192
93.16342
93.72129
95.94892
94.92335
95.05541
95.25625
95.61992
94.30855
96.48047
96.31001
95.56969
95.00888
94.89044
93.80787
93.56109
92.50624
95.13807
94.59277
93.94722
93.47995
93.2734
93.25265
95.67909
95.48012
94.57104
94.77679
93.40212
90.91658
89.90276
91.19787
91.85419
92.14277
92.22242
91.21647
91.84422
92.41375
93.3352
94.24366
94.03078
93.69924
90.69728
89.83948
90.13855
90.01153
88.97566
88.70023
87.103
88.04082
86.843
87.39664
89.29267
88.04005
87.78016
88.8255
86.21216
85.36905
85.72387
86.58843
87.60268
88.98624
88.94615
87.76231
89.46064
87.91211
87.22824
87.15674
86.06219
85.74096
84.49964
86.08876
86.85931
86.85428
87.99516
86.41228
87.31856
87.78587
89.28185
88.14033
87.74761
87.7633
87.59764
87.38774
87.38035
88.55292
88.64434
87.35599
86.88026
87.04864
87.02597
86.17498
87.16977
86.24294
87.93008
87.48028
86.39634
84.30366
83.3634
84.1049
84.87614
85.38981
86.15486
85.32353
85.61829
85.51721
86.73196
87.31515
87.6508
87.50138
87.95751
85.24681
85.40018
87.65034
86.95159
87.10575
86.47303
86.03397
86.26171
86.59319
86.95432
86.47008
87.02236
88.63922
89.44741
89.49658
91.14811
92.03887
92.73663
94.297
95.00174
95.15636
96.85378
95.98768
96.22398
94.57993
94.34562
96.56126
95.86934
93.4751
92.56035
94.98841
94.21898
93.03493
92.26481
92.70552
92.14953
91.11747
91.17141
90.37287
91.98778
90.33303
89.67252
92.79967
93.26966
94.41509
95.04445
93.75969
94.2832
93.22514
93.86493
94.72881
95.94652
95.52467
96.99958
95.94929
97.08475
95.64877
93.53258
93.57948
93.09058
91.45945
91.57624
89.06212
88.47751
90.32403
89.72394
89.24091
90.10611
90.46276
90.542
89.87464
88.85213
87.46351
86.76954
86.11191
84.92722
86.01564
86.07066
87.16275
87.62137
87.52893
88.38871
88.33179
88.25794
