69.74783
74.50989
63.30772
100.504
56.64871
55.73855
115.6351
158.1329
135.8406
94.01738
76.68389
89.95563
196.4745
174.6011
227.6821
120.0543
146.4545
131.5054
97.21459
95.54245
99.37101
179.7078
191.1452
176.8304
257.5264
188.5405
186.7913
185.3815
214.7279
193.6592
379.3068
260.6215
170.9301
243.9477
639.1947
227.575
146.0054
159.6978
228.7296
187.8291
249.2615
113.5041
128.978
283.5733
479.0449
349.9944
255.2094
250.2026
179.5075
84.96542
89.45351
101.2824
100.7493
116.9403
186.4858
135.2999
199.3555
164.6312
172.5344
213.9722
147.3916
138.5474
82.41415
54.11808
55.71551
39.68658
55.44263
60.25226
48.87999
67.83734
72.40083
100.9149
162.3732
216.7256
409.5313
417.9409
451.3355
462.3077
560.1001
369.9567
247.9879
305.8353
258.8211
218.9742
166.9265
118.6254
119.1705
154.24
163.0731
209.6574
271.4191
268.4462
244.9522
196.2807
360.548
269.2887
417.0344
341.8009
248.5928
235.4946
284.8823
245.7274
116.6943
191.6152
97.14927
137.7288
222.1562
201.3892
287.0921
367.8801
250.0714
379.0267
163.2394
163.3391
136.272
153.8813
148.1582
277.3364
253.619
104.045
138.183
199.1811
193.5714
157.638
160.8401
237.5661
203.6209
291.3058
279.9634
273.2264
162.6646
132.6913
266.7699
324.209
312.0229
543.4249
278.0846
595.0857
643.7323
443.1369
311.5448
279.3716
261.1849
265.4934
408.5318
346.9781
269.0673
108.5959
106.5149
97.42323
82.60631
82.43917
96.98251
102.8101
168.2026
168.8783
148.0156
172.99
241.3225
218.1113
382.6238
314.7119
222.9307
240.5543
133.7493
165.1623
131.8116
138.088
218.3577
210.2571
160.507
115.7466
94.76227
62.37535
75.82236
90.28912
104.2778
147.4364
184.4046
182.5609
148.8993
166.014
255.0864
131.5385
132.1785
159.497
234.3219
135.621
203.9878
174.3035
155.1201
225.2011
143.0222
132.8395
123.5247
108.659
151.989
160.6793
132.0201
148.8229
126.6387
144.8697
137.0048
225.8614
164.7742
140.1366
102.312
79.58713
126.1826
131.1775
177.5345
190.1475
190.4579
190.8033
146.3588
169.0081
207.4148
210.0294
177.1577
123.7584
189.5459
150.9139
147.6443
233.1666
127.1952
147.6078
154.5844
142.0356
189.8719
107.7356
94.52798
110.4347
115.6923
170.9464
103.1895
121.2956
339.1073
268.4057
240.7069
467.5915
316.3543
235.4905
130.2848
150.0305
240.3233
174.1104
188.1869
150.4594
145.2084
99.99184
184.2778
233.5304
224.1177
193.88
135.9278
171.4294
185.1731
235.5804
165.6055
227.207
117.0586
244.4479
234.3787
234.2147
258.2155
174.2273
289.3231
471.5345
228.6597
198.7882
187.6889
194.9981
69.55109
135.9793
223.374
342.7623
216.3834
176.7039
196.275
209.1091
166.1054
225.6431
129.4235
203.4086
248.5334
221.19
385.7377
344.4725
271.3321
211.2589
139.6669
155.4701
162.4305
113.9627
116.5675
183.1825
287.8583
269.2448
247.5085
213.2888
131.1435
119.2826
80.56571
74.21504
112.1842
116.6528
54.24392
90.41712
136.138
246.3828
252.1215
124.6612
126.2087
153.7584
128.5248
190.1258
179.8225
142.1226
213.7605
161.538
148.1045
235.782
168.5568
294.6434
195.7805
231.6131
153.8087
196.7651
162.117
114.871
61.40294
89.2357
111.6554
125.7942
178.4719
216.2662
257.3159
358.823
187.3809
134.4739
108.1099
81.75755
90.47351
171.8814
77.21632
132.1739
172.8329
90.43212
137.3116
171.7194
155.431
196.9437
213.6292
233.7833
186.839
172.4321
134.5825
192.6843
121.9647
143.1696
274.3489
148.8463
175.6928
151.5466
164.9813
161.3733
120.9608
130.881
178.6233
170.8793
170.9635
123.9864
184.7943
142.2206
188.61
184.8262
150.2563
216.5825
114.6302
125.4301
191.1505
143.3346
125.8132
158.9876
113.7567
89.43625
66.57537
122.4563
134.5469
108.9373
82.17976
61.8947
70.42259
183.6694
199.3997
98.35546
121.2217
192.1379
372.6888
383.8861
325.737
312.6323
246.5441
102.8405
95.77571
122.8654
106.8849
192.4619
142.5883
119.0348
134.7491
183.0321
199.2052
305.4115
270.437
444.7202
310.0287
312.7222
267.827
208.4986
346.4042
330.081
304.9697
225.8039
278.7545
397.6878
170.1973
282.9329
191.9666
164.7342
225.7655
148.7531
114.5199
115.6647
117.1374
76.96156
78.85811
135.156
227.1125
135.9041
132.4354
128.1491
111.7671
322.2426
376.4274
225.1246
124.5191
148.2127
97.17368
108.2634
123.2534
243.899
153.5921
132.2829
199.8964
190.9449
129.8104
251.6769
134.8898
107.6555
143.9164
133.9839
130.9754
79.82045
229.5739
186.3421
257.3461
174.9181
265.8694
326.4656
176.9777
118.742
101.218
125.8375
102.3971
185.795
163.1703
141.5971
124.0318
121.8168
135.5702
81.91867
94.29041
93.01824
95.16135
96.00643
95.26712
163.8163
225.9003
211.8786
218.8618
233.1829
172.9144
208.6263
444.083
221.0651
239.9901
346.5712
261.9985
367.8812
