154.7967
195.0983
156.2287
173.1381
168.381
202.0102
172.0266
118.0446
86.4119
79.95585
94.7065
92.02438
75.80982
96.54755
83.04817
80.82163
73.40875
72.7117
79.70164
101.6691
147.0871
135.6566
126.1783
144.5881
93.786
120.7336
138.8886
151.2751
126.5851
178.2999
127.4158
165.3084
183.5348
214.7492
274.4117
182.6527
178.5229
137.5316
193.881
146.7155
185.3429
151.7217
118.7778
101.2584
103.8638
86.96952
81.47003
98.62884
124.8889
138.2029
173.1249
153.9991
141.6175
119.9942
120.1495
88.15555
72.20772
70.48189
64.4732
76.01031
58.08034
41.50993
38.69126
50.80224
47.82672
44.99654
53.83967
51.73677
59.25571
54.5484
86.30605
88.98059
123.0038
100.9099
79.52165
89.73241
88.43786
82.39658
88.33922
83.08548
82.73516
88.96829
69.1972
73.06566
108.1308
122.257
97.03473
91.70753
92.60422
106.037
98.4693
107.7948
69.66678
100.2823
100.3611
111.7038
118.7101
119.522
123.6754
133.1849
122.6849
119.6093
120.6742
80.02242
106.8589
92.58155
84.92632
89.14931
77.02185
109.9549
109.9903
118.939
107.0021
105.9443
75.30747
68.09704
78.58296
97.4918
94.03046
101.6914
89.96993
116.2061
129.7474
96.12587
93.41099
89.29998
67.25662
46.60083
49.7363
63.95047
65.64236
72.37137
67.26687
51.87697
47.78274
43.00989
33.57131
46.79227
67.22459
95.84901
102.5412
142.4542
125.5847
87.82929
86.55564
101.6207
96.83375
113.1655
107.9975
88.32936
70.68716
50.36128
68.82044
76.64713
78.88044
71.55465
61.85883
46.20068
46.83943
52.56761
71.42788
89.27481
86.78
74.69392
86.31798
91.16068
88.06554
75.61995
65.111
59.36701
53.67963
63.50605
70.34037
55.58238
54.33711
53.82061
63.46468
52.15067
54.20421
66.83061
76.99595
95.49355
112.4628
107.1039
100.0304
136.3538
162.9605
145.3936
138.6443
104.5773
89.588
91.36396
65.25825
48.15969
61.17036
70.14867
66.74172
68.62343
55.01767
75.25529
77.5678
97.81497
63.58476
72.27847
73.40273
67.84861
78.47985
73.23409
76.73717
75.96993
61.07355
69.97425
96.16845
73.95654
56.60081
69.6517
81.3335
94.30321
94.75599
86.65852
94.87443
94.98107
92.74801
89.65834
72.08469
89.62978
122.2101
117.0187
134.9567
127.3563
104.3061
103.5839
77.23307
70.92413
75.00821
54.83832
50.38641
62.80983
82.0578
79.3617
83.04416
63.02877
69.04059
67.29004
64.55013
60.90355
82.8354
60.52638
55.91855
65.83667
90.1848
89.95449
128.4938
188.6412
129.5557
104.0527
128.9186
101.9096
76.80567
61.02726
90.52924
89.76658
73.21038
57.39737
80.65282
99.01595
96.52274
77.66393
97.06783
96.94401
81.91238
91.23037
69.84856
61.46603
63.67716
68.85952
69.18758
79.41885
64.47483
70.57472
72.58686
75.40035
87.29847
86.1787
93.39355
69.84873
78.99876
87.41651
74.69838
64.05452
49.55724
41.46664
46.63007
52.28864
39.1101
59.04453
66.34281
77.73022
96.81513
110.6454
123.7901
109.1175
151.4076
92.26003
94.23344
94.62755
102.1869
108.5295
98.56653
106.1492
131.1856
150.1851
162.5025
129.6348
125.3967
71.62674
95.83905
93.46797
105.9661
111.6571
69.7743
76.42278
58.70234
73.69645
76.00721
69.80892
78.26678
68.75917
77.67036
73.70779
72.52484
71.1736
64.9102
73.35691
80.90679
73.16703
52.62972
70.39101
55.81468
44.92975
41.19372
29.88404
31.77171
46.09952
57.60382
68.44964
70.32362
90.80616
95.15655
116.2596
123.1678
113.022
110.2982
88.62011
67.50768
51.40674
73.08822
76.38963
92.24966
121.3362
136.5761
91.38237
72.68968
94.84867
106.876
115.7123
94.54738
75.19082
102.0264
104.7535
109.6455
118.7029
94.75137
74.60198
49.37922
53.64965
60.79392
61.62776
77.00931
105.6451
100.6946
86.97862
72.54533
66.09966
85.57776
76.31225
59.96554
69.43238
79.70529
64.13095
85.35161
61.90684
69.48456
50.48141
48.50594
48.80573
32.86434
34.07625
26.07861
33.78443
28.85813
39.77737
48.50888
45.03326
69.86267
85.23517
92.50185
104.3389
148.0107
164.1609
147.1136
137.2133
137.8799
99.70592
119.0347
100.4551
102.7651
103.2549
115.9151
128.6087
90.12988
93.12368
75.89021
71.34826
122.7639
139.5055
139.523
120.8234
123.898
118.7883
138.5149
107.2965
67.14166
52.07193
55.56139
63.95747
50.92227
51.99177
58.12876
83.25291
76.65126
49.20317
58.71405
70.29471
97.95984
71.36
71.34287
70.69827
106.7567
95.01917
117.908
97.88672
72.32421
64.95076
80.69718
59.11513
75.80664
81.59124
89.24959
99.02776
86.23264
88.72667
89.74493
84.10627
90.14057
70.88799
79.65321
78.7842
68.57503
85.30124
66.01922
56.28791
60.06132
85.7591
86.91356
76.07774
95.27198
75.78121
77.42607
106.6474
104.7038
78.1765
59.20155
85.29463
69.62462
74.70611
79.34965
89.52661
76.14395
70.412
89.98468
89.5096
113.0077
93.3354
110.8042
133.1636
159.49
140.1087
86.83744
100.689
