46.20213
50.74401
51.13411
46.82765
47.8489
46.99198
45.09944
46.00514
51.20265
42.62259
56.76238
47.76542
47.26534
55.83755
54.17119
54.3561
51.28543
42.52967
50.04623
49.73189
49.07189
50.70146
48.6812
41.04192
49.25153
48.41958
52.05883
49.55171
45.34373
48.64139
47.92325
48.73676
49.3008
52.2403
39.91921
54.13416
46.59249
51.40028
49.43998
47.52615
45.47103
51.52197
43.5674
51.20929
44.63165
47.17447
45.19712
46.79924
48.02591
47.88473
49.40832
49.36986
48.93432
45.29394
42.63262
50.66389
51.37918
44.72539
55.30575
48.08041
43.74892
41.51826
47.98147
49.18893
47.9001
45.97607
50.44065
44.23984
43.71423
53.53415
48.886
51.37158
46.16161
40.84101
47.45772
50.09036
50.46081
44.63922
43.57812
42.96209
46.42175
47.50805
50.61012
48.55843
44.63193
54.26962
57.30085
50.17718
44.31582
45.77508
47.98519
44.56183
45.80428
50.40899
50.6836
56.46838
50.22319
49.15713
50.38837
47.3252
47.65996
46.61212
61.86333
50.5591
50.28447
46.41371
49.09011
44.04833
43.86542
46.97827
43.13409
41.76701
51.16668
46.68547
51.34835
45.19979
49.80417
49.48186
46.048
48.85996
46.73599
49.57861
49.79642
45.62934
45.82815
50.99671
45.8408
46.90869
44.29968
52.32085
40.64733
51.66578
43.9657
46.86838
49.5492
45.09672
46.75228
50.59933
46.76757
46.59096
54.22765
47.36496
49.06652
47.40805
44.98698
47.51786
49.68393
50.14331
49.2506
48.80678
47.83011
44.94537
42.39465
40.68644
51.53833
47.21284
51.76853
52.52181
46.40566
47.7552
43.98626
47.30452
46.14319
40.14799
46.15632
39.78813
51.6826
39.03882
47.48234
47.17856
44.8246
48.62645
50.38186
49.21959
46.42565
45.8187
45.98175
46.78142
39.79559
41.00146
45.3587
43.64151
52.3086
46.47474
49.65135
49.90668
56.41355
51.86881
49.57763
49.88826
50.19427
44.62809
43.69668
51.75523
50.96376
45.51827
47.94567
45.03449
56.3552
49.55142
51.31468
45.0851
49.74826
42.5458
46.15578
47.33187
47.35605
49.70131
47.55004
49.58661
51.2722
49.15491
45.6383
56.55907
45.07771
43.0438
43.63442
46.80837
40.91876
48.42707
54.64635
45.56211
48.75286
47.19449
45.02074
46.07773
42.88451
49.6263
54.22939
46.69948
54.65544
47.41363
47.34596
51.98165
52.25334
52.35601
47.5556
41.80457
49.46859
43.21545
47.15283
46.56799
49.54039
48.86547
48.34465
44.77424
47.21249
51.63099
50.84138
42.1136
51.44356
48.70845
49.80769
41.49566
43.80627
48.52619
47.03084
43.90723
45.15052
44.42783
51.16837
47.2061
44.42711
53.34535
53.14564
41.90818
49.70796
52.97355
50.69802
48.8637
49.27795
46.58466
50.44287
47.32541
44.83384
48.95319
44.64869
46.01799
44.44923
51.0786
42.06249
43.4416
54.18892
49.96011
45.20676
54.99659
45.23465
46.8872
43.63193
41.25051
47.13862
43.8095
48.70642
48.15269
45.45712
43.20202
45.9064
47.6153
52.80204
52.05343
43.5523
47.59313
41.4833
49.30346
45.44621
42.77267
45.12351
45.64911
43.47653
46.61512
47.02799
47.852
50.09138
50.29294
44.41586
47.46438
47.58172
45.66584
46.05943
44.43416
46.69425
46.66409
48.47248
51.90232
45.51278
48.84898
46.36571
53.82989
47.0324
41.62762
47.81745
44.74354
48.96214
37.88541
44.778
41.98109
47.42642
52.38121
56.68096
43.39891
47.59845
52.84498
55.13039
42.35
44.91881
43.3913
51.25568
42.93306
43.70686
51.23139
48.59362
40.9618
41.52977
50.55983
45.73143
45.80408
47.46483
44.80463
42.13103
54.07924
45.79924
41.26544
46.08529
44.74351
43.88269
47.9055
52.5409
50.66738
49.37388
50.87738
45.77579
49.57819
42.71793
49.26429
47.46098
51.16612
50.51623
50.15876
50.06564
49.69294
46.67241
44.41007
53.15327
44.12447
49.42873
44.82133
49.55426
43.48712
49.16379
47.14492
52.20741
42.58031
48.71465
45.08227
48.73513
49.9255
47.49242
49.17841
52.42503
48.30352
45.39106
48.32081
48.26551
46.26735
45.09954
48.37619
44.13728
50.00169
48.99917
52.57004
49.91974
53.25886
49.3195
47.17545
46.9305
44.73742
53.44656
47.20587
48.38013
42.97521
52.3336
47.21071
45.64024
50.95114
48.49064
44.30489
50.5137
50.0573
40.89704
50.47574
48.14053
44.29819
52.31437
42.7975
49.02607
55.3794
50.29501
46.65711
50.39667
47.81286
49.92858
48.73085
45.90694
49.38158
50.2621
44.42144
54.69048
45.27754
48.74189
47.18803
41.00599
50.05018
47.55105
41.49391
47.29235
46.32919
45.61935
44.62857
46.69119
51.44686
44.30785
46.94104
49.10777
54.45421
48.01134
45.7244
43.21753
51.94263
47.75238
55.80409
52.3962
45.57986
47.78651
37.56141
41.84672
45.53948
45.4308
49.87218
48.68467
46.75163
46.48884
52.08733
45.4664
46.50629
50.69737
45.50643
50.62592
46.17245
47.67388
44.13125
47.32864
44.93344
49.1792
46.44373
52.53971
51.82057
48.66882
45.52803
50.72933
51.53177
