39.47302
22.54694
23.23436
23.86917
26.33767
21.36908
24.09445
18.05357
15.63167
20.6515
17.73645
20.11214
20.00376
18.47241
23.69938
18.58407
15.99818
20.38065
18.50369
20.95381
21.58863
24.51055
18.79272
20.30205
17.73258
15.92237
23.82832
19.65185
21.51777
21.36422
19.06148
18.96463
17.8952
18.05266
21.96344
20.29793
23.15024
21.40481
17.11059
17.71608
16.44823
19.10796
24.55931
20.94164
24.54912
23.74495
23.06341
20.12682
17.6258
17.22719
20.96271
20.86124
18.78487
21.01225
18.11557
19.41341
19.70872
18.24464
19.65029
19.55805
23.83377
16.6105
17.00871
17.87151
18.40502
20.25031
20.79061
24.01733
24.47039
21.43699
20.33023
21.19842
23.63353
21.1944
20.50083
17.23707
19.84244
21.80064
21.90644
25.9773
18.51703
15.56378
18.70519
20.49533
26.53052
22.6508
17.6717
21.81591
21.25262
23.22547
23.40363
18.32547
19.59535
17.9926
15.18492
20.58052
20.17554
21.65408
17.73011
21.87498
21.73821
20.55203
18.61488
19.74666
14.29767
17.08421
18.91961
18.13299
21.01381
26.14381
25.36689
24.88621
21.60748
23.3153
21.15044
19.25364
19.00266
18.93395
20.52025
18.74952
20.13028
25.81241
26.83955
20.44712
23.40002
18.67569
20.24091
22.52478
18.07781
19.61953
18.88966
25.63378
23.29606
19.92876
20.30868
23.1685
18.21839
19.64766
20.29449
22.35671
19.21003
19.04536
22.22368
22.22977
23.83222
22.43522
23.33178
21.39502
18.36625
19.34763
18.88153
16.35257
25.9742
20.13398
19.56297
15.10963
19.28357
22.16536
26.41567
18.86466
22.68259
17.46325
21.35926
28.43867
26.7806
22.59698
22.62391
21.50688
18.88498
21.17836
21.03565
22.64259
18.65595
18.61702
16.75774
19.97709
23.46751
17.08602
23.45402
21.82946
21.15404
22.84519
18.32419
16.29382
19.3373
18.22071
16.00895
21.00654
21.95368
15.80394
18.30117
17.24155
19.87528
20.80011
19.09361
22.42805
22.21136
20.07667
18.2118
18.13415
19.32246
18.9202
17.17818
18.44553
17.54799
19.03928
18.6317
20.88746
21.95057
21.63493
19.81743
24.48838
21.32945
19.83402
21.74729
19.89631
16.59787
16.99128
20.80252
23.7463
21.117
20.74289
18.86052
17.06766
20.62576
19.79594
19.72742
19.24964
19.69909
27.37321
18.60668
19.62002
17.79487
18.40027
21.66685
19.60236
20.34483
22.3016
22.88875
24.97679
19.79329
21.50066
20.21629
21.54363
18.43711
19.59573
22.32141
19.54085
18.03819
19.31525
20.84431
23.38937
22.68119
24.84608
20.58883
19.32954
22.56781
20.56926
20.98544
22.70063
18.44228
20.16499
21.64186
21.66218
20.24292
19.35255
21.91901
24.46835
20.44743
17.13557
21.44047
18.86383
21.82937
17.04429
17.57653
24.23106
21.53829
22.50056
20.90592
17.22209
21.74112
18.18013
18.5602
19.25713
19.87265
17.03057
19.93606
21.43246
24.20929
22.36979
19.81831
25.73231
28.35016
24.27953
19.64138
22.90952
15.44864
16.9477
15.32142
19.71895
17.14229
17.79507
25.01735
23.26548
21.68043
21.18631
27.21718
23.6545
21.41273
20.15194
21.22367
19.79346
21.89134
21.7113
23.34428
21.9835
20.5373
21.44503
19.55808
16.95241
17.36081
20.66676
18.23584
22.65107
20.84709
22.03461
24.67673
21.70274
22.52064
20.19256
22.926
20.55289
19.99939
23.11554
18.83346
21.47864
23.75209
19.69844
22.08319
24.67128
21.86684
20.8727
21.15822
23.24372
22.03187
25.54188
19.4998
20.51526
20.6223
18.88208
19.66653
22.16995
16.99503
24.16964
25.43734
23.15015
21.71694
19.9678
22.32283
24.24886
22.81622
21.66563
20.69999
20.2553
20.9316
22.53789
20.09114
24.55215
18.47352
23.82386
28.52195
28.66522
23.0058
19.08274
19.63324
27.42557
23.59877
18.89569
13.12531
14.70982
22.23847
21.84579
16.26805
21.83624
14.64965
18.40631
19.29374
22.03324
22.07214
21.31234
22.68167
24.61339
22.96536
23.30083
21.18834
16.91377
21.81449
17.8036
22.07816
20.87544
17.40245
19.52848
20.82513
21.34868
23.35804
20.02115
22.70938
22.49217
22.66438
22.15979
19.16628
21.15558
18.65395
20.52408
22.03228
26.09974
22.78662
25.3867
24.06277
23.31437
20.8147
22.05515
18.81346
19.6981
24.01005
21.69063
21.02563
22.57295
18.94537
19.00704
21.94198
21.95766
26.21565
21.63204
18.51275
20.1237
18.5017
21.25947
20.02255
17.45947
14.75757
15.87091
15.1758
19.84905
18.54894
21.18861
22.29934
20.62382
23.71329
23.74022
23.75457
25.72211
24.58761
24.45405
27.26513
21.95837
23.45938
19.22146
21.36248
21.10022
22.08472
18.48696
23.02378
21.86049
20.65603
16.59712
20.76705
16.77568
20.46938
18.15456
19.16857
22.82717
23.55399
20.49059
22.82448
19.76105
17.39106
18.37675
24.51624
20.47056
21.54019
20.38283
19.47127
18.81912
22.24795
26.02001
20.18133
26.81419
23.60455
22.92316
24.33108
19.20466
19.65291
19.81481
17.25955
20.08623
19.97325
16.54998
16.64938
16.70301
