0.3157504
0.3541705
0.5978223
0.3914113
0.5080305
0.2817245
0.2135652
0.5957822
0.7928166
0.2716203
0.2764251
0.2179984
0.6172964
0.2982153
0.3025785
1.410112
1.66511
0.5006483
0.5365113
0.1506898
0.4628778
0.1546984
0.27895
0.3514406
0.2500109
0.1686236
0.1928811
0.2130612
0.4267351
0.8533023
0.3569233
0.2131072
0.1869085
0.4658322
0.9112914
0.1010466
0.4402117
1.032029
1.748695
1.395148
4.239886
1.184282
1.145534
3.587818
4.464898
0.4389867
0.6282816
0.224582
0.3435031
0.5725409
1.401313
0.313276
0.4405496
0.2310954
0.223803
1.127094
1.076821
0.2243382
0.3201459
0.7308112
2.970652
0.5404729
0.4144041
0.4239548
0.2005045
0.3352551
0.3120829
0.8011817
0.1861412
0.1693177
0.3958736
0.2555235
0.4003926
2.134116
0.1114905
0.3332537
0.518882
0.3526581
0.2280495
0.8172818
0.3130739
0.5114784
1.182125
0.2421905
0.3297497
0.2635581
0.1949811
0.2494543
0.5440897
0.2127576
0.8372398
0.370346
0.5111421
0.1287652
1.056234
0.6321353
1.097476
0.333532
0.1987526
0.3602561
0.2218014
0.3599997
0.2077144
0.1785823
0.7565288
0.9675792
0.3868141
0.1715382
0.5770185
0.8148732
0.2755645
0.2178852
0.8223823
0.4942283
0.2896104
0.4235093
0.4527725
0.5496452
0.1818934
0.3708819
0.260666
0.3875646
1.313618
0.16072
0.2202269
0.3082502
0.2615166
0.413761
0.1400926
0.3215829
0.4410372
0.2971201
1.892012
2.497733
2.295786
0.6083798
0.1998512
0.3555453
0.2184445
0.3543479
0.1115775
0.1550153
0.8913153
1.93403
0.2261815
0.2323712
0.125453
0.3288764
0.2316762
0.5279579
0.3768034
0.2040254
0.7188094
0.2969141
0.377319
0.5217292
0.2247597
0.2957346
0.1507828
0.9594048
0.3144982
0.3163546
0.2412425
0.7197017
0.2084688
1.445118
0.1758116
0.6219395
0.3259728
0.2428654
0.2224824
0.1804916
0.9051228
0.4080999
0.2150623
0.6110384
0.4021757
0.178532
0.1701975
0.8187431
0.5099833
0.2895968
0.2916367
0.09637594
0.2609378
0.6442073
0.687964
0.2605807
0.3757721
2.867299
0.8397971
0.7156007
1.074449
0.3315043
0.5380703
0.1222749
0.2153103
0.4687724
0.1522857
0.5956499
0.4845212
0.1960021
0.5433675
0.2551906
0.5606345
0.2866833
0.3207209
0.5510247
0.1860101
0.3208299
0.2427414
0.5380824
0.252345
0.2032059
0.385194
0.1758933
0.1660111
0.2271443
0.3842662
0.2507754
0.2988981
0.2349984
0.4640791
0.5439124
0.1916765
0.132182
0.2898866
0.1653182
0.4908159
1.674966
4.451364
1.9903
3.400294
3.095834
9.133391
2.973766
0.9958006
0.254984
0.3763812
0.7308666
0.2616977
0.6854671
0.3460726
0.183147
0.3893397
0.4373028
0.297807
0.2633361
1.793254
0.1588356
0.4247795
0.2513275
0.1426056
0.185103
3.151069
0.285447
0.688472
0.527792
0.1743537
0.5301991
1.259712
0.1250216
0.134134
0.15209
0.248749
0.1409481
0.8871407
0.669937
0.2390072
0.1936287
0.4423332
0.2348153
1.631613
0.4560518
0.3141261
1.047326
0.6180925
0.2204477
0.3837978
0.204563
0.3815765
0.391112
0.256907
0.7665328
0.6147705
0.2954514
0.2834572
0.2408478
1.061461
0.251541
0.6709283
0.4124332
0.2442713
0.1648173
0.3796421
0.5856815
0.2284301
0.6431084
0.4244059
0.1445723
0.2260092
1.197235
0.2960707
0.2983694
0.1746842
0.5470873
0.2381706
0.1469861
0.5292733
0.3919353
0.388844
0.3319956
0.2852578
0.2454382
0.424897
0.239977
0.2126205
0.1567401
0.3836005
0.5943669
0.4847191
0.4643618
0.4176516
1.77731
0.08990098
0.2180767
2.095639
1.326956
0.4291992
0.434654
0.2519987
0.6111608
0.1385227
0.1845862
0.2885436
0.3497763
0.4912484
0.2341101
0.3018938
0.1415602
1.24892
0.6432448
2.54852
0.3151759
0.5756605
0.3124305
0.7333543
0.1412992
0.4744326
0.4511562
0.1883136
0.285779
0.1675419
1.707884
0.2658115
0.1674399
0.4695807
0.1145485
0.6376616
0.5331916
0.2941042
0.09860235
0.4884105
0.8450869
0.3687228
1.260903
0.6428049
0.6310426
0.4590579
0.2360685
0.2355533
0.3046469
1.73028
0.4967236
1.018768
0.3546927
1.315922
0.7323797
1.441607
2.344164
2.544706
0.2441166
0.3804689
0.3420691
0.1860214
0.2740807
0.2411049
0.1437439
0.2773525
0.2274323
0.4769107
0.5730778
1.122454
0.2160404
0.677812
0.9322333
0.2654495
0.09953758
0.2612961
0.3236454
0.1471572
0.4166251
0.4212987
0.5201734
0.3692407
0.1655237
0.5408874
0.3550898
0.23172
0.2519736
0.39736
0.1163931
0.3462003
0.2406318
0.5924848
0.2834586
1.165698
0.3510026
0.5528942
0.5193197
0.8581973
0.3872464
0.7885448
0.2596798
0.8302535
0.4830888
0.8213511
0.2890544
0.5033302
0.47185
0.3396539
0.5433407
0.3835568
0.5874726
0.5204065
0.1569754
0.3077277
0.2597034
0.7788739
0.2767683
2.101951
0.1958329
0.2482095
0.7208396
0.1855002
0.2860832
0.8084706
0.4729672
1.614148
0.293356
0.1630994
0.2777255
0.2792187
0.503161
0.271884
0.2414552
0.4480303
0.8965695
0.2675019
0.18118
0.5695047
0.3967717
0.1934726
0.469191
0.3366763
0.2390459
0.2468694
0.467157
0.7040231
0.6280801
0.4756778
0.1622459
0.1006155
0.4249239
0.2314565
0.359649
0.2985902
0.261668
0.2887948
0.1865629
0.6242949
0.247665
0.5412214
1.933381
2.512745
0.2410484
1.402043
0.1899762
0.167186
0.3397886
0.292702
0.7220208
0.6870113
0.191211
0.5309916
0.3434231
0.8355258
1.055553
0.5290648
0.231326
