62.71356
65.18344
60.50626
66.56541
59.43262
71.051
66.16311
60.22223
65.68768
57.28286
61.31405
62.36621
63.72719
58.55978
66.0262
56.63395
64.49982
66.83675
63.10317
63.19731
66.61849
64.2914
63.65941
60.60248
63.22467
63.23071
64.93618
59.46702
58.5547
61.47833
63.55431
61.62556
61.84924
60.96305
60.43682
66.52142
64.27126
58.54805
64.21909
60.72741
72.38721
66.50535
62.84703
65.48127
60.00435
60.47959
71.12681
63.31365
65.43389
62.8804
63.92262
66.22245
63.0352
58.77121
57.92427
63.73024
59.62346
55.94018
62.69069
58.73542
60.16831
62.59245
65.23814
63.20737
68.13655
69.56085
67.98241
59.82781
62.74041
63.48663
63.88625
61.28934
64.52936
69.53366
67.21812
67.18985
69.18107
59.80215
69.45276
65.54083
58.86266
65.27076
60.98637
62.22576
64.68685
66.29853
61.92445
59.13667
61.32924
64.97343
60.71994
60.13543
65.94576
62.30675
66.54905
60.70175
62.74772
64.66953
59.15593
64.51294
69.89023
69.47468
64.51941
67.50863
67.5434
64.8264
60.27544
62.17064
68.07848
63.43073
70.38693
75.30867
59.34448
61.32757
63.73848
64.00406
59.31331
61.10021
68.30833
57.61469
57.89842
62.33527
68.89383
63.59418
61.68912
64.92379
59.97845
63.12044
59.27115
61.38352
60.58766
57.95723
62.15226
62.56156
70.34666
65.91912
67.21404
65.45146
58.34786
75.03206
63.62517
63.98317
58.83519
57.19159
64.315
61.95236
58.78187
57.93976
60.29544
61.22854
57.45093
69.09967
62.22327
63.49112
63.77925
59.32692
67.20154
60.41559
67.48445
61.24134
62.94224
68.95263
62.00107
64.5557
63.20378
61.7183
66.27531
61.48767
64.60785
59.17765
63.82563
53.65126
60.88403
60.8623
65.30758
64.31677
57.74095
61.16053
60.33369
64.05869
61.05751
54.90825
65.11984
63.8905
63.60591
60.32143
64.97087
60.06046
57.57079
62.51728
61.2258
68.17099
61.40683
64.36166
64.4669
60.72879
59.61763
62.95357
59.77275
62.00985
61.429
61.1175
59.97988
67.89252
62.51651
64.85627
60.58519
57.39621
58.03448
58.51181
69.03083
61.39163
64.32613
69.36571
62.44136
60.50805
60.30671
73.38308
61.15094
64.4137
64.32128
63.32905
60.40774
65.69914
63.28609
56.10469
63.614
65.2326
67.24415
67.26127
65.74323
60.28033
68.81088
63.38129
55.28628
60.38452
64.56149
61.47031
63.65328
64.40407
63.70637
56.85472
65.05079
61.43906
67.62574
64.6156
66.5352
68.33579
62.01406
62.05819
58.27993
60.72412
64.05461
62.07483
68.93047
64.11787
61.33944
70.23676
64.95904
59.13005
61.85136
61.47654
66.49207
61.62024
64.3308
65.42401
65.04161
64.02553
64.97319
60.75092
57.74717
61.20552
65.12709
66.70317
67.75194
70.99385
64.67586
70.00753
62.58053
65.26945
64.73883
63.4555
65.41581
65.12137
64.81708
66.11696
62.26441
69.32193
59.96809
60.54862
60.88391
59.26959
66.12687
61.34825
71.97573
65.63301
68.90934
67.57045
60.49297
69.97468
55.40457
62.01133
64.82495
59.2778
60.234
61.68309
60.80788
68.76253
58.34613
62.95434
59.32898
60.09144
62.18303
58.41745
58.57294
65.08501
59.99882
63.75733
64.02898
63.1549
60.85503
66.69435
62.78651
58.50209
54.78743
62.60462
63.07666
66.76925
64.42036
58.18944
64.70429
62.61073
71.38275
61.54384
66.6595
64.13698
64.24853
66.13264
70.00589
60.28311
59.82123
69.61812
68.71498
64.07499
59.39544
59.91167
60.46719
64.45375
60.24631
64.93605
64.58144
61.82261
66.62221
61.17964
61.09186
64.28989
61.12877
59.89795
59.23649
63.48224
67.46557
61.35476
64.63413
66.53444
59.86537
65.77154
62.29048
65.71397
61.50255
62.92881
61.95076
64.41139
65.65243
58.10624
60.9318
57.93362
61.00115
59.38615
67.36497
62.76255
71.36316
64.83655
57.22003
59.51034
62.107
63.31028
65.00634
58.80825
64.54929
62.11514
57.72172
68.53777
67.19383
63.10441
63.76471
63.54594
64.7871
60.95031
61.40717
60.61002
71.38346
59.73758
67.52813
67.71091
55.53042
61.41486
65.39868
60.86294
64.88586
63.76494
59.66875
57.69176
69.6227
65.44654
66.39869
59.56297
63.6666
56.36799
61.80535
62.45096
61.2182
71.14963
62.58062
61.15139
67.258
61.25827
66.53384
63.70474
64.16517
62.13457
65.86618
60.19374
62.04461
64.34553
62.91399
63.69385
60.08982
64.94279
66.60636
59.85711
62.54218
67.18248
58.02488
67.52764
64.44244
63.86401
64.7457
62.25854
64.45957
58.67725
65.48458
66.91151
70.81254
63.19033
65.18489
64.09421
71.55205
59.64919
64.69384
59.82469
64.21473
59.52644
62.49517
64.6354
61.81969
64.47285
59.28389
63.66119
61.54176
60.0689
66.64391
62.87376
66.40615
63.33246
63.66668
61.93084
60.41893
63.76255
68.12555
63.93569
61.94248
66.03301
59.59735
66.35951
56.12939
61.94948
64.5334
71.41348
63.54081
63.08754
62.63203
58.53589
64.70447
62.50158
59.60249
61.33393
60.51985
70.52378
64.58416
64.23268
