53.74804
49.52715
48.66661
53.59773
54.47991
54.94511
68.5511
65.51803
67.22282
60.4303
77.42434
77.3535
57.68155
63.27879
83.0063
68.76138
53.21661
65.81949
60.1268
37.60074
39.58134
31.65119
26.82785
26.37909
23.08383
24.85585
24.76537
21.19673
26.50654
24.29153
24.50676
25.27271
26.48309
30.11734
36.71998
31.40604
32.61861
33.72865
39.04336
40.90849
65.16534
55.38732
49.27591
42.29372
42.78031
41.57314
44.5286
48.48766
63.253
61.20973
60.2724
94.32905
74.0814
77.15006
101.7668
69.9536
60.31655
48.973
44.12937
48.11408
43.95931
50.7533
50.02217
57.97144
72.56681
60.39695
54.88742
40.14697
46.46511
55.21891
69.7065
63.34066
73.41468
73.88435
64.77649
67.53326
75.90469
68.31445
66.12783
57.5773
44.12616
36.32832
38.72952
39.97723
71.46325
72.58069
73.81273
70.98613
63.54406
52.96602
58.67413
51.70192
45.62186
40.72621
39.68253
38.85122
44.23334
39.96365
30.17279
28.26025
27.09406
33.09668
38.44552
45.81794
59.36538
50.67529
69.62934
64.81858
73.0037
75.39988
82.80749
58.28804
82.3962
96.6567
96.50066
90.0562
167.5138
173.3096
165.5754
171.8053
235.843
186.3233
158.1006
213.7653
261.7595
265.7584
283.5457
266.0707
267.4077
203.1873
215.1927
209.3833
246.513
234.2395
314.2861
322.0059
407.5838
414.0926
441.5963
441.9509
536.5137
629.9735
494.1009
640.2872
721.8685
849.5972
1176.492
1125.39
1022.414
840.5891
628.0268
629.7713
754.5505
721.8142
458.7345
321.6927
287.9232
377.3394
439.1509
520.7674
586.7795
681.7603
560.8752
749.144
658.6993
488.3947
605.8819
627.0115
833.0569
895.5963
720.8532
691.4338
407.0919
344.0607
274.6396
262.6956
350.8026
479.3699
450.9933
454.4844
475.1413
497.2646
463.639
483.9684
461.2471
286.4402
264.7502
216.122
187.6211
274.8448
310.1719
391.0355
592.2904
635.818
476.6208
537.4653
472.4848
392.3603
510.9317
615.9593
663.1487
739.6272
708.0417
554.9726
437.3201
424.6281
433.7072
406.0475
418.3884
478.1358
482.2878
565.7402
520.0636
626.3113
685.1074
672.1812
617.2156
543.9974
579.6555
687.5487
688.9697
621.9223
707.4166
396.4435
394.773
340.8854
445.7111
420.9676
462.9963
390.9669
370.1216
468.6223
403.586
349.8132
458.4262
474.7534
455.3016
447.6411
377.1994
257.0174
263.6422
315.7438
431.9986
339.2676
327.3831
224.9312
203.8731
124.6737
126.5247
134.3332
160.4106
162.8218
128.8472
192.372
146.9854
188.4187
186.2777
209.8532
312.1008
273.443
194.622
240.7726
230.6356
226.9492
172.7818
200.1772
211.6438
174.575
123.2626
117.6405
144.9805
119.3666
113.4487
136.1693
134.4174
192.6309
164.4476
179.049
205.3454
316.9036
278.2568
324.0049
327.4744
310.9937
246.4641
308.8466
285.441
394.9043
319.8627
358.5251
425.4544
378.1033
420.304
371.609
382.2864
279.4249
312.3698
245.6548
260.7372
266.8503
211.7667
162.8115
121.553
107.8458
80.27795
98.45293
97.52253
81.38333
74.41133
104.5779
101.1782
113.1326
97.1565
90.72144
93.73149
94.76269
79.05117
64.26065
59.24891
48.78142
40.77072
30.33228
31.0459
41.17139
38.22535
32.33811
28.88205
27.54678
29.17263
31.56486
34.02612
47.38356
44.14109
41.09615
45.1118
44.2163
53.05801
69.89677
65.24959
55.25451
81.49756
76.47559
109.6472
127.5349
112.1471
69.97298
64.79085
61.79589
45.73707
55.96818
47.13489
50.75455
54.0651
55.27918
46.01984
49.44955
58.61634
48.54272
51.6661
48.14
44.25712
44.41133
41.85094
43.31388
43.11511
40.39537
43.52829
49.68635
63.32923
66.58923
51.82477
31.7919
32.36826
44.55334
57.08701
66.50004
60.94578
73.44935
74.95905
84.22507
107.4494
107.566
146.0464
98.56233
154.4339
142.8595
136.0602
109.2723
110.8172
125.4709
122.9285
120.9459
95.79271
120.2899
108.9465
78.69501
87.85044
66.446
55.21597
61.89641
55.89851
52.56158
40.18828
48.69622
68.11391
53.91977
49.63085
57.65514
71.06359
55.04324
51.48401
44.37276
44.68357
59.93887
48.56228
56.37913
55.6544
38.45631
33.25832
38.24294
41.42899
43.50895
35.16817
35.10775
34.2575
32.91026
35.91533
30.82946
27.39181
22.82617
22.35198
30.55396
37.87691
31.83214
37.67064
40.04638
31.93789
48.5113
42.2095
59.15864
68.01377
67.66804
62.07108
69.30081
84.02869
107.1723
93.22312
101.3189
115.9018
115.9961
87.7602
122.9017
116.0609
98.75799
92.38969
76.87518
57.40918
61.85927
40.94348
50.76334
50.52184
49.21916
76.43624
123.5608
147.626
180.0823
158.1281
160.7714
179.716
147.3519
164.4259
153.7097
129.4143
114.8881
93.96816
83.73506
100.7035
93.81826
93.83976
108.6987
133.7169
132.0794
213.3688
190.3309
120.0031
91.40801
96.46549
93.73905
88.87319
89.9797
86.02034
74.15032
80.76039
72.42595
88.61285
89.98214
100.0708
84.67399
74.70978
67.34139
