102.5234
101.8758
101.6489
101.8274
101.208
101.6415
101.7216
101.046
101.6626
101.7379
100.7247
99.85419
100.2212
100.6427
100.7814
101.4139
101.0303
100.3664
100.883
101.1158
100.6032
100.5816
100.0957
99.82407
100.0421
100.5162
101.5519
101.9364
102.041
101.0018
100.9384
100.7741
100.9058
100.7438
100.4203
101.0325
100.9149
100.7108
101.2507
101.041
101.39
101.8935
102.071
102.2497
101.8773
101.7143
102.1202
102.7078
102.3146
101.8096
102.3487
102.7619
102.4155
101.3879
101.7276
101.9008
101.7703
102.358
101.9353
101.4615
101.8233
101.2214
101.0116
100.9285
101.5454
101.6301
102.1827
101.4641
101.3273
100.6775
100.4017
99.93916
100.213
100.3863
100.2691
100.3322
100.9166
101.1001
100.4992
101.051
101.1892
100.9798
100.5723
100.1613
100.3821
100.9575
100.4529
101.5094
101.2552
101.043
100.5779
100.3015
100.2136
99.58885
99.51053
99.3947
100.3494
100.9833
101.1521
100.8568
100.7045
100.8349
101.4672
102.0325
103.0136
102.5047
102.6505
102.1712
102.4409
102.2491
102.0007
102.2296
101.6691
101.9295
102.1125
101.5216
102.2296
100.9151
101.0231
100.9444
101.8955
101.7841
102.0299
102.8252
102.4483
102.5989
101.7472
101.3498
100.9646
101.0229
101.2458
101.2833
100.5635
100.072
99.20101
99.35835
99.73504
99.25198
98.96374
98.21504
98.51778
98.96102
98.97899
99.26516
100.3282
101.0492
100.9003
99.90542
100.4542
100.3289
100.7978
100.6899
100.9096
101.4516
101.6061
102.4449
103.2656
103.1158
102.9374
102.3083
101.9367
101.6979
102.0191
100.9776
100.2953
100.0593
99.64819
99.13251
100.0544
99.42811
99.68977
99.73301
99.96032
100.557
100.1623
99.98126
99.79552
99.46903
99.96284
100.62
101.042
100.8708
101.192
101.4066
100.8515
100.2004
100.187
100.0955
99.5857
99.41471
99.02294
99.44341
99.07901
99.03226
99.1041
98.6348
98.63715
99.03046
99.48139
99.86595
100.2714
100.3662
99.97385
99.18462
99.08009
99.26054
99.35385
99.96277
99.85328
99.92942
100.8108
101.08
100.9505
100.6766
100.6147
100.6254
100.9675
100.7767
100.5148
99.56576
99.2392
99.1232
98.66501
99.12227
99.55501
99.09328
99.19821
100.1168
99.57564
99.43404
99.77842
99.80863
99.46969
99.28429
99.11457
99.29554
98.77153
98.53882
98.14748
98.58869
98.93011
98.79943
99.23529
99.09569
98.32136
98.18574
97.75083
97.6044
97.52034
97.728
97.47139
98.32645
97.79154
97.58656
97.14273
97.28216
98.15424
98.0475
97.95623
98.52021
97.97673
98.37493
98.30685
98.6614
98.68735
98.92328
98.97597
100.178
99.36256
98.703
98.66806
98.32243
98.80872
99.07134
99.48666
100.1858
100.1685
99.78592
100.0783
100.6171
100.9448
100.1913
100.8115
102.2646
102.579
102.4682
102.8449
103.1727
103.762
104.5462
104.4775
104.9498
103.917
104.1225
104.4002
103.8604
104.1838
104.0491
103.9744
104.2471
103.7244
103.3111
103.495
103.6125
103.7097
102.7819
102.2764
101.9248
102.5933
102.6187
102.5667
102.0801
102.5765
102.2898
102.6734
101.6656
101.8104
102.1353
101.8644
101.4172
101.2469
101.3992
101.9219
101.6374
101.1144
101.5315
101.4411
101.0065
100.8574
100.9631
101.1909
101.5553
101.3161
101.0139
100.9705
101.3316
101.9986
102.5365
102.2153
101.7266
101.6036
101.5588
101.2741
100.8818
101.0077
101.1621
101.3032
101.5307
101.3212
102.1213
101.5495
101.8527
102.6968
103.2249
103.3697
103.1449
103.5926
104.0738
103.918
103.8717
103.6257
102.6684
102.2525
101.8256
101.4417
101.6877
102.4508
102.9299
103.1751
103.1822
103.3431
103.3647
103.5282
103.0591
102.963
102.4733
102.4444
102.4513
101.8794
102.1205
101.949
101.2765
101.084
100.3094
99.75865
99.93821
99.46176
99.85499
99.64522
100.2367
100.3459
100.2598
100.3338
100.6511
99.90947
100.0572
100.444
100.8889
100.7385
100.8247
101.3262
101.4195
100.902
101.9714
102.8605
103.0779
102.4833
102.6509
102.9766
103.2799
103.1043
103.0343
102.6923
102.587
101.2845
101.2567
100.7018
100.3421
100.4386
100.5375
100.9881
100.216
101.0895
100.844
100.7231
100.9619
100.581
100.9535
100.6546
99.77977
100.0215
99.5907
99.52175
98.46652
98.88555
98.55003
98.99939
98.20873
98.07788
98.93752
98.98504
99.40059
100.8428
100.0313
99.76336
99.66394
99.89108
100.0893
100.125
100.5488
101.3461
101.6071
101.5438
101.6583
101.2025
101.4515
101.4374
102.1537
102.7573
102.6973
103.28
103.3661
103.7396
103.0421
103.6053
103.8937
105.4381
105.9331
106.0477
106.1406
105.8704
106.7422
106.6392
106.4518
106.0841
105.7555
105.1666
104.9868
104.5431
104.1101
104.2644
105.4374
105.6926
105.2065
104.2675
103.9952
103.4735
104.2754
104.3208
104.9746
104.3703
104.743
104.6318
104.6725
104.1032
104.6222
103.9259
104.1197
104.2205
104.7221
