197.7793
173.162
267.3005
399.3567
289.0805
219.7804
106.7157
89.8967
102.8358
98.51253
142.4264
225.777
238.6545
270.1489
288.3765
235.0616
246.9876
145.3788
127.1675
284.3025
265.5386
255.8668
137.9634
254.3108
199.3129
160.8716
220.9785
142.5288
111.251
89.90454
155.2378
384.9788
539.5815
188.2294
252.3124
261.0022
137.0688
79.7627
113.6539
158.8119
141.7617
129.8982
454.9701
223.559
120.5667
123.3307
101.57
101.7515
61.22782
108.561
96.77495
163.4523
186.6791
212.3244
323.003
359.9311
130.2072
200.1647
277.5711
196.1461
184.9019
179.1639
161.7599
217.4021
128.8753
93.30811
120.7942
86.50378
121.0155
234.4008
257.9026
221.2802
368.0143
359.5979
488.7896
571.0964
366.2635
301.9967
154.809
95.26644
77.30682
127.5745
83.01683
134.2449
157.8153
138.3619
307.3615
228.0351
364.2987
227.0174
171.6356
126.3968
206.6291
121.445
142.7189
133.913
167.5174
160.9311
136.2238
232.2441
333.4494
159.1975
202.6757
128.9504
203.1902
285.8967
261.2123
148.2326
122.1007
110.2811
258.4579
174.7995
114.461
132.8178
153.7579
151.6226
135.873
116.9233
101.1421
169.8451
170.8659
132.3958
81.24493
161.8875
131.8399
159.5521
95.52845
134.1791
203.9548
150.0849
224.7786
172.3506
324.1487
319.2236
132.8751
319.2585
240.7475
156.539
157.4756
208.1409
154.9822
126.4322
122.3381
109.2821
124.5892
116.4055
72.31023
97.3999
104.4483
140.4827
131.0729
62.24498
141.3189
101.8691
141.6897
187.6815
170.9102
234.6681
257.0067
201.2733
129.3398
127.8321
153.2347
184.1162
175.4325
148.074
152.7347
122.1589
140.0825
356.8703
182.2122
193.3486
160.9704
173.5649
95.34469
132.2245
179.1114
113.3071
170.9624
107.2682
139.5698
181.2739
189.4612
193.4065
230.0569
191.2024
108.7945
235.67
115.3192
85.64073
78.039
126.685
178.9078
232.4188
308.1743
269.748
261.0649
644.7462
249.2525
224.1416
118.8265
148.0975
163.4929
324.0167
198.6164
165.0997
144.8235
155.9097
81.24386
91.75609
141.3267
115.7567
96.18116
112.1069
131.2274
119.4161
336.5101
213.3849
235.296
303.7686
273.3613
329.7741
379.2356
265.858
227.9414
159.1853
162.2886
111.7921
120.6993
110.8546
163.0834
186.8975
195.1868
212.276
263.2445
251.57
311.3499
200.6544
195.5161
142.6698
138.1928
142.5422
161.7395
114.8719
148.0675
124.6958
127.5157
237.832
168.6383
114.8015
180.659
154.4834
83.87351
117.9743
241.5923
135.0282
175.3925
288.3821
263.7757
326.4689
379.1633
293.602
206.1759
173.0331
141.6886
123.5152
243.0256
164.6411
220.738
155.225
175.5317
221.5264
156.8249
251.194
452.7581
423.0434
432.4697
542.2972
353.1595
369.7721
220.2271
162.7519
167.5037
200.2639
245.3041
271.6031
230.0757
296.7513
179.46
129.9467
114.7318
213.7332
209.4708
162.1016
224.0695
158.2025
166.8239
159.3098
112.1516
162.1299
84.29898
64.61684
79.77488
82.76365
122.6215
160.4234
115.6301
121.5193
158.1453
125.5981
114.9488
118.0455
170.6598
145.7137
126.0701
96.5104
87.49815
104.266
108.7165
219.3561
338.3552
320.6263
175.6046
163.8591
103.0153
128.6259
196.7562
280.4383
125.6979
180.1551
192.7872
393.5666
167.1416
239.0722
289.0387
432.4314
187.7137
154.58
134.2603
181.2553
154.9792
295.5123
288.3505
256.0348
152.9484
202.2724
120.5438
270.9636
180.3542
104.9511
178.1125
196.7305
220.0802
123.5239
159.2805
308.9637
245.1561
179.0416
117.9201
123.6675
187.1841
135.0541
127.1824
132.1955
91.79119
63.20409
112.4515
116.9082
156.4925
187.5893
116.1441
94.83179
83.7012
128.4551
124.357
97.23147
86.81012
103.0035
76.65272
122.7249
109.1978
107.3434
140.4371
158.8526
108.7697
89.32788
119.8684
89.86174
60.34153
72.13455
143.128
192.6435
241.3173
159.847
217.4605
178.349
127.3952
101.0274
111.5299
76.37103
148.9774
205.492
145.4335
148.1988
164.9425
171.3151
101.3643
92.8594
134.9744
139.1961
131.2456
147.8534
155.5236
138.1924
183.1114
215.4383
193.6374
125.0038
239.8722
208.3567
218.1109
259.6166
550.4278
422.9648
400.8843
376.0744
259.2477
210.6355
207.4037
130.6076
113.0436
134.3379
129.0747
141.5617
136.4348
90.50792
197.4857
152.3203
116.0327
183.1606
194.6103
102.8936
123.5557
179.4629
100.7147
91.56193
245.4263
279.592
568.2525
386.7179
229.8654
275.9053
212.4524
299.6573
177.4952
178.9072
273.4496
240.541
135.0288
66.89111
146.2013
71.44116
75.11249
117.9109
126.3605
84.87126
110.9158
111.9266
92.12274
113.7526
159.5179
188.4426
215.9532
223.06
151.1838
283.9171
191.1068
277.6279
298.6053
352.8705
225.4862
267.1365
176.2788
131.6933
121.6707
164.4557
167.738
138.3715
156.8108
135.791
276.1602
112.0205
164.4852
182.0542
252.8648
225.5148
89.55727
137.9953
137.805
144.5637
