88.38027
86.3573
84.57269
87.28539
87.68977
92.10559
92.2288
90.69642
94.26087
95.38177
91.6619
92.31055
92.25625
86.29898
84.91593
83.33982
81.41918
87.24201
86.23428
84.98067
87.46797
87.15374
89.44759
88.99447
90.58515
92.68002
91.98161
89.65255
88.96692
86.79679
90.33848
86.30594
82.52477
83.52343
81.4452
78.34384
79.80348
78.01318
79.85005
78.44878
78.70192
74.17962
76.54633
77.33229
83.13055
81.43202
78.45928
74.78953
73.14483
69.94843
67.11182
69.65153
69.03179
70.14135
67.82383
71.27832
70.45486
72.58372
69.76522
69.53593
73.15473
75.54957
73.1152
73.16007
73.93901
74.77947
75.80128
75.37624
73.88348
77.72114
78.42121
80.30871
83.2656
80.9433
84.37786
81.65605
84.08628
85.30256
83.54164
86.44257
85.22164
81.38514
80.89813
79.8966
79.00864
81.2958
80.57342
81.2662
79.00683
79.39125
76.33634
76.63273
75.09552
76.64195
81.38553
86.66838
82.74227
83.63232
85.35427
86.83825
82.81518
83.38439
88.08222
90.49617
90.86403
94.02986
90.52821
94.67352
92.5291
87.9086
83.24072
82.77986
84.53008
87.09002
84.74694
84.86799
84.93243
82.64443
81.11021
86.06087
85.67004
83.44946
84.32132
83.25449
82.06314
84.23594
79.89385
85.73494
85.85941
81.66372
84.90655
83.79546
83.481
82.00566
78.37162
79.91115
76.27126
75.49778
76.69088
75.72251
74.58105
74.85356
79.69333
81.76749
81.68949
81.40971
84.13566
86.65382
84.60887
82.48299
82.32105
86.60416
86.21526
85.13674
84.80964
82.24752
79.39356
78.19405
78.21973
74.79611
74.68363
73.9887
76.09793
75.6198
73.93783
77.38781
80.34147
80.1244
77.02173
78.44526
76.88608
78.42024
78.05093
77.17434
76.07069
79.65296
83.27314
80.46761
77.77959
76.80888
76.99705
74.54676
74.76253
75.11613
74.98081
73.49857
73.2024
76.37868
77.48359
79.42789
80.47324
81.9574
82.00784
81.67066
84.60401
82.83239
83.75538
81.31192
77.12301
77.80902
77.97929
79.7514
81.55179
80.10918
78.29986
76.69345
75.25769
76.91101
74.86215
75.86423
73.97225
74.95785
76.9022
78.21858
78.78704
79.33504
77.39426
78.93662
79.35668
80.60471
83.8144
84.86021
86.2899
86.73616
85.74616
84.91165
86.6218
82.51383
85.9903
87.62174
90.82866
90.48524
87.02461
84.79789
83.6848
82.68261
86.16197
81.9863
81.42423
81.00604
83.09131
80.83488
84.48396
84.65813
80.91669
81.6513
82.24288
85.1279
88.68426
86.92879
87.29884
84.8043
86.44377
87.58493
89.91721
92.34271
89.63469
89.90133
85.76172
86.18161
87.32187
85.5399
86.53426
90.02295
89.71317
93.29199
97.66635
94.77511
97.62597
94.39093
97.10456
96.7364
95.36167
93.13064
93.77192
94.85757
91.41568
95.4151
93.94983
95.33574
94.75937
91.24407
90.02603
90.57394
94.50223
92.78151
90.39765
85.20981
83.81924
81.00283
82.83695
80.98834
77.45661
76.58139
74.65945
74.56321
72.47553
72.07723
76.59543
76.63406
79.08715
78.45761
80.13248
80.26712
80.82774
78.08859
77.57236
78.43439
77.15113
74.68995
71.57774
73.31685
73.94996
75.36912
76.5049
78.05451
82.28353
85.5581
87.00248
88.60146
92.68924
91.74719
91.9302
89.50161
88.18622
86.69263
84.9777
78.72796
80.83558
81.50577
79.26098
76.42005
74.81447
75.51651
79.75271
82.12813
86.50723
83.8383
84.64565
80.84459
80.75741
79.065
82.25093
82.98875
82.66362
83.80768
82.22003
79.05331
80.38437
78.85223
78.19217
80.01401
76.96468
76.41712
78.4307
77.08069
79.21074
81.05934
81.54909
79.33195
79.32235
79.88063
82.48945
83.52822
86.05541
87.00381
84.54859
75.75651
74.95176
73.73553
72.20314
72.18198
69.56338
69.11128
72.03316
70.54358
73.08525
71.41027
68.47796
66.69688
64.281
64.67607
65.95376
63.65084
63.51904
63.08142
60.54567
63.60713
63.32535
67.00571
65.77643
63.86686
63.30394
62.31584
60.07499
59.1647
60.90909
59.02368
60.54942
58.49772
56.22376
55.23838
56.383
61.54462
62.44847
61.60972
62.99063
64.85582
66.02899
66.16318
66.95292
66.98094
63.32379
60.6106
62.37025
63.50325
65.71616
67.10497
64.77472
66.0519
70.07301
68.39931
67.86385
70.65956
71.74778
72.28247
75.09629
78.36878
78.87892
80.51629
77.01269
73.69063
74.38946
75.89196
72.54752
68.89135
64.86882
62.78328
63.44679
60.4524
62.71751
64.69509
68.23857
68.05951
70.34387
73.80693
69.20809
69.88677
70.47058
75.88188
73.64713
74.41107
75.31713
80.28501
82.38428
84.46735
84.68687
87.22505
83.21479
81.51286
82.09473
80.34573
82.10096
79.54475
82.25776
81.75262
83.06893
84.86209
84.91454
83.09007
89.23615
92.01629
90.22438
88.1182
86.85794
88.84661
87.20472
89.44856
88.77778
85.89266
89.92589
91.31777
93.07446
94.42389
95.07882
93.94199
92.21687
90.62431
87.64132
85.96777
84.4675
89.84886
87.55624
91.21483
86.69173
87.85714
87.18594
87.31856
89.45142
88.00582
