0.2911969
0.4326247
0.4573564
1.159669
0.2849346
0.1976972
0.2904404
0.2486409
0.3110684
0.8319315
0.2911592
1.220875
1.155303
1.476232
0.1246784
0.2809017
0.3502188
0.1958418
0.3415306
0.1658175
0.3223705
1.107133
0.4831955
0.631893
0.3930623
1.731867
0.1311376
0.350195
0.2733804
0.426398
1.091196
0.4242028
0.1399704
0.4393955
0.8641724
0.4676348
0.519654
0.2795619
0.09982079
0.1008473
0.5583512
0.2004736
1.613464
0.3182942
0.4446665
0.404501
0.5431785
0.1852359
0.9735747
0.5092739
1.131707
0.9209497
0.5217204
0.2801953
0.2882731
0.1473605
0.3056781
0.1123527
0.1841899
0.2268486
0.3842104
0.3406821
0.3125075
0.427982
0.1920995
1.84145
0.2828946
0.2430249
0.1203241
0.3220801
0.2845628
0.90302
0.6746246
0.1723587
0.3957478
0.2513333
0.2316951
0.3196365
4.157249
0.3491971
0.1445625
0.475784
0.3604675
0.65343
0.1956929
0.1745416
0.2094891
0.6467663
0.2709043
0.5165611
0.1269234
0.1728331
0.3400601
0.3061851
0.3571368
0.383796
0.5421908
0.1925733
0.4572896
0.3918204
1.363705
0.1414054
0.3300887
0.3196253
0.9983739
0.4627354
1.683097
0.5402782
0.1456359
0.5171182
0.2270881
0.1382483
1.227831
0.6488171
0.1755263
0.1695549
0.7329249
0.3091408
0.2225819
0.5434573
0.3006174
0.2837486
0.4638479
1.408289
0.4737881
0.6042352
0.4205203
0.3758528
0.3217334
0.1321869
0.3685851
0.4597288
0.217702
0.6850393
0.2199649
0.6055903
1.005831
0.2673526
0.5279049
0.469578
0.5184179
0.6505025
0.6386507
0.3337355
0.2400038
0.3736829
0.1704759
0.2211488
0.7086468
0.4942555
0.9970932
0.5236701
0.2669523
0.4323359
0.7295288
1.32501
0.3725551
0.325841
0.2409815
0.6821121
0.5286426
0.4417365
0.3059774
0.2541019
2.270875
0.2852719
0.3652491
0.1468655
0.2097179
0.7336659
0.4969522
0.1413235
0.2364335
0.1832275
2.218576
1.133351
0.4601347
0.668307
0.5195504
1.830998
0.5802028
0.2656186
0.7657969
0.4908881
1.321287
3.627505
0.7891346
0.2514833
0.6240989
0.8366818
0.489419
0.4274986
0.2377917
0.1718878
0.3072129
0.3097749
0.4776786
0.2003233
0.1897078
0.3267414
0.864092
0.2710948
0.345106
0.7237086
0.6296782
0.272703
0.3487317
0.3042424
0.2651834
0.3158761
0.3079054
0.6183091
0.09906176
0.2394255
0.2187489
0.3822311
0.4372879
0.5437269
0.4182781
0.3726392
0.1705135
0.4957505
0.3524341
0.1408903
0.2557173
0.7360024
0.5280812
0.7828325
1.244717
0.7897685
0.3815386
0.3020771
0.2191974
1.286397
0.2324467
1.324888
0.6258715
0.3106966
0.6516576
0.3230662
0.2750849
0.1773032
0.9463593
0.7057386
0.3031104
1.154873
0.5098879
0.1548191
0.4419457
0.3459555
0.9682361
0.706397
2.249092
0.1962978
0.1637852
0.32725
0.3114831
0.1387539
0.2222208
0.2663473
0.4817565
0.2243097
0.2941664
0.9172312
0.4165988
0.131304
0.5135033
0.1559217
0.4124282
0.5747812
0.5198197
0.2429954
0.7278235
0.322711
0.2554965
0.201256
0.3144704
0.1989758
0.1381404
0.3493676
0.518603
1.193005
0.1913858
0.1974077
0.7381331
0.4651375
0.5382135
0.4099027
0.3374483
0.07732607
0.2619134
0.511818
1.511841
0.5537253
0.3908882
1.01232
0.6444856
0.5589122
0.1659748
0.3345721
0.2842127
0.1491146
0.5105837
0.9467139
0.1501511
0.576357
0.3991756
0.426728
0.1588474
0.2671186
0.4936097
0.3688288
0.7418533
0.4565134
1.286825
0.4151406
0.4419342
0.2858508
0.2305028
1.852387
0.6090002
1.195777
0.441442
0.6314602
0.1462012
0.7264798
0.7828087
0.8610915
0.3706628
0.3929825
0.2133302
0.340688
0.757552
0.978931
0.3882455
0.6835249
0.2911411
0.1094513
0.763635
0.2183352
0.2557802
0.2042379
0.2359469
0.2504428
0.5067686
0.8140868
0.8479515
0.8388116
0.1014356
0.957769
0.2445929
1.893968
0.196487
0.5927772
0.4269497
0.1631297
0.2694814
0.1942151
0.9782662
0.1678012
0.4338773
0.3151266
0.2969852
0.2913669
1.440418
0.2763395
0.3953688
0.8061629
1.497385
0.3499781
0.3423133
0.2830314
0.22238
0.3072444
0.294748
0.1354341
0.3549237
0.1846472
0.1527883
0.2162449
0.373517
0.5612636
0.3948729
0.2502191
0.3068132
0.1842389
0.3440024
0.5492407
0.3125907
0.7473583
0.1729676
0.1100765
0.1450776
0.2530968
0.5841097
0.2588471
0.1342081
0.370456
0.9076844
0.5051795
0.4451726
0.3819147
0.2638699
0.5168522
0.4295571
0.137148
0.3067489
0.1581321
0.6274419
0.328157
0.8567421
0.71388
0.4240606
1.471497
1.076078
0.2225651
0.2488642
0.2948827
0.575056
0.2188616
0.3548129
0.3913615
0.1592935
0.4641498
0.4202588
0.1026162
0.5754771
0.1727685
0.1650503
0.6453582
0.8308548
0.3865718
0.3311147
0.9556739
0.294419
0.1703151
0.2277667
1.137659
0.2398734
0.4660928
0.5008367
1.120705
0.3062196
0.6729094
0.2977493
0.9825257
0.6110544
0.2020536
0.4920881
0.2295333
0.627389
0.6888453
0.3052005
0.4513514
0.3690174
0.2984897
0.1477755
0.9536427
0.9637138
0.757037
1.327485
0.1865585
0.408271
0.3524054
1.377088
2.749415
0.2125076
0.4301829
0.5288748
0.7295809
0.1375795
0.2413634
0.5713451
1.306401
0.6283087
0.2980042
0.4036235
0.3901625
0.3137805
0.2107198
0.4956767
0.9912579
0.4146814
0.3409488
0.7856439
0.3761828
0.281674
0.2797878
0.3404228
1.79081
0.169034
0.4865898
0.2117114
1.03631
0.8925564
0.3826513
0.7380574
2.327198
0.2506223
0.1667324
