1.24843
3.389166
3.02823
0.9023897
0.6197225
1.178753
1.14189
3.038267
1.588221
2.272316
1.30912
1.102686
0.9399022
1.560518
2.192306
1.496069
0.7577252
0.5767716
0.5691626
2.814797
0.9966373
1.408261
1.969215
2.246075
2.821353
2.146992
11.50864
1.775204
0.6584143
1.140746
1.194489
2.373891
1.020443
0.4354707
1.469313
1.288727
2.153738
1.349567
0.9083851
1.898185
3.46745
0.6359192
0.4313516
2.390289
1.255853
0.5149049
0.4101308
1.046994
2.074768
0.8722999
1.626298
1.609274
8.915492
1.432942
2.479719
0.5642926
0.502899
2.302514
0.614468
1.479062
1.020916
0.8726034
0.7430683
0.9533168
0.6575193
0.5796942
2.60165
0.8805494
1.555252
2.358253
1.434019
2.587849
0.8863519
3.604105
0.7760781
1.532757
0.8908494
1.070458
2.731768
1.33198
1.48297
1.834407
4.507935
5.886264
1.440153
1.472022
0.8430022
0.5149143
1.309529
1.0017
1.42716
0.8070814
0.5791697
1.359571
1.028391
1.762572
0.773551
2.185411
5.254185
2.662476
1.446147
6.640528
1.375727
1.201971
2.474485
1.807714
1.605251
0.9717206
0.5077241
1.754182
0.6373101
1.23301
1.325761
2.012254
0.9591912
1.175105
0.5978509
1.495855
1.360642
0.7143097
2.323976
3.169571
1.714371
1.010041
1.469429
1.859443
1.191798
0.7776018
2.369662
3.027268
1.795882
3.914302
0.853324
0.9172854
0.6995472
0.9856305
0.8171659
7.68735
1.497647
1.610934
1.078628
1.527483
2.812866
2.647425
1.080997
0.9685328
0.862037
4.105077
2.31403
1.747392
0.6636936
3.164058
6.14788
1.433787
1.837369
1.94592
1.085951
1.255752
1.036207
1.298268
0.5036679
0.8942502
0.4696695
0.8692025
0.8100917
1.049514
0.3448259
2.088256
2.304465
3.287845
1.780626
2.177287
1.126372
0.9005322
1.729072
0.4456026
0.8432413
1.304471
4.744311
1.166628
1.895379
3.423457
1.26264
1.089528
8.748305
1.29528
1.18625
0.8778231
1.046077
1.28924
0.5906318
2.415701
0.6604463
1.162282
1.788559
0.8891368
6.038623
0.7989307
3.107182
2.149145
4.359233
1.417434
0.911149
1.478046
1.935933
0.9531966
1.325583
0.9216002
0.755371
4.787576
1.329152
1.70823
0.6606147
0.9460471
0.7418829
0.6471971
3.86441
0.9863973
1.906344
3.977644
3.86055
0.8235024
0.558069
0.6767498
0.6073404
3.68502
0.9483679
0.5805845
1.810732
0.6472792
1.254596
3.093678
1.508447
0.971789
0.3595554
2.448292
1.292738
6.021603
2.931805
1.960966
0.7119991
3.306137
1.636442
1.500599
2.991029
2.32858
0.9526434
2.488703
3.963309
0.9616653
4.625286
0.7475753
1.47488
2.167951
2.750817
1.116383
1.343972
0.8087386
12.27683
1.686458
3.568264
1.726583
1.440177
1.058082
0.8444077
1.143244
2.548292
0.5291196
2.515693
1.618995
0.8312376
2.602425
4.794167
11.0676
1.949225
1.147392
1.658127
2.169951
5.951626
1.041085
1.297952
0.9842736
1.539603
1.368044
0.8681414
3.050978
1.210333
1.839999
2.046207
0.6798275
1.988759
1.383333
1.276793
0.6304995
0.5388208
1.02656
3.294758
0.8116697
0.7021334
0.4880457
2.592818
2.43304
6.471729
2.741572
2.195187
0.6302178
2.317416
1.365545
1.748537
2.619457
1.109734
0.7590824
1.552011
0.9145436
1.334695
1.111704
2.405253
2.426633
2.65783
1.413254
1.161823
6.557808
3.087867
5.055122
0.6958426
2.313162
1.336638
0.9689614
1.038052
2.062751
0.7021994
2.828145
1.000496
1.283219
2.257027
0.8169325
2.906497
4.971996
1.447841
0.8746181
0.7092313
2.512573
3.944444
1.002986
4.12399
0.9035897
1.477449
4.820576
1.395482
0.632071
0.397854
2.021613
2.765887
1.296916
1.378559
3.918164
1.042219
1.47808
1.207552
0.8720073
1.256064
1.418824
1.101333
0.6612888
3.305005
1.272874
1.037675
1.110119
3.593899
1.531654
1.114397
1.65026
6.02984
1.764906
2.255628
1.008106
4.13449
6.877435
1.184663
1.340938
0.9394166
1.102465
4.531807
1.614464
1.870625
0.4813184
0.5310542
1.214531
1.381708
5.999415
2.950566
1.561732
1.191463
0.5776461
0.5464809
0.9359569
2.571618
0.5934592
1.272453
1.176362
3.067104
2.893684
7.910577
7.677113
3.051306
0.8671266
0.8664334
0.8773989
0.828808
1.332035
2.234697
2.665829
0.5640408
6.565276
2.102081
1.204272
1.510867
0.5569044
0.6453743
1.747808
2.332248
0.5962481
1.805474
1.182773
1.644833
0.8522446
0.9949491
5.466859
1.329459
0.8248703
2.083641
0.5630481
0.5133804
0.6579576
1.737432
0.4963283
1.02125
0.740928
1.134846
0.5772056
1.08857
1.792669
1.582789
0.4903514
1.230641
2.746418
3.901066
0.7202267
2.418466
3.166381
7.218199
1.888325
1.486874
0.6335246
1.051304
2.132844
0.5771518
1.079951
1.510208
0.4499509
0.65058
2.162305
1.498604
0.8570129
0.8604489
0.8086714
0.8484549
7.458417
2.74697
2.353002
1.352951
3.143857
1.220125
3.572332
1.477716
1.879056
0.7576314
0.7702577
4.206219
0.8877906
0.5327144
1.474918
3.921158
0.8820375
3.405595
0.3435175
0.4465606
1.083521
1.138623
7.57193
1.901657
3.029193
2.443819
6.504201
7.176575
0.8885341
2.647667
2.526896
1.428623
2.556712
