536.0442
693.7795
633.4418
655.5212
626.6593
710.7639
588.4047
726.2688
685.8733
713.665
597.7882
594.0779
605.0518
592.6402
703.3111
565.4348
478.0915
638.0479
623.2315
673.5557
601.882
628.3617
549.933
666.7214
616.0851
601.6429
642.266
608.2161
673.205
624.8369
580.9593
698.0398
600.0497
552.1863
665.0892
560.7851
651.1321
523.8483
625.8413
740.5141
559.8379
636.918
704.598
670.7168
629.5562
683.6771
581.8035
686.4086
532.716
610.5139
769.9713
623.9355
677.8268
606.1556
661.5803
692.5797
773.3837
688.8003
653.2356
665.6163
673.0935
564.3823
538.8688
554.9266
608.2691
556.5114
597.2938
688.3181
744.6344
536.0618
638.789
671.3533
618.5264
641.5451
704.0901
606.8193
626.16
678.9949
754.5373
609.7027
579.679
575.9637
708.4781
617.2911
679.385
713.8951
626.2164
622.7627
649.5443
690.1761
582.5037
697.6521
705.0098
661.4528
542.8074
592.7655
586.3721
630.3414
669.4088
735.4869
559.3616
726.9042
630.7094
696.2076
596.7571
640.9979
632.6624
621.7323
603.2946
587.1742
636.7587
635.3205
761.1765
588.9611
590.3409
571.6525
604.5391
538.5892
786.8456
602.5535
637.0246
768.347
597.4572
665.9072
614.5616
645.3724
611.9411
657.141
574.9846
631.1184
597.2956
624.158
609.3303
602.8875
643.818
646.436
616.9681
719.4914
659.2871
598.0434
582.3581
678.1017
588.0057
696.3362
675.1908
656.3487
620.3425
668.2557
600.9283
584.6336
672.01
652.7517
674.5489
627.5642
608.7145
632.8434
613.793
592.1113
720.5927
721.1671
617.9658
632.5214
544.3734
731.0701
800.8351
584.1083
642.1061
587.3601
561.3824
598.7365
571.8474
732.1663
559.2116
569.4252
586.3583
659.0259
596.9416
619.3665
679.2331
635.9733
738.3723
532.0254
668.4475
580.8206
599.9445
593.3715
592.9002
689.5577
597.2151
660.0249
656.3461
590.5974
542.2675
603.6821
607.8071
694.1952
687.1119
587.9649
612.2582
689.7237
554.2097
591.181
627.5227
695.4644
584.7762
624.501
612.6609
647.8791
663.1208
642.5985
535.9923
600.8263
593.5764
536.8634
679.0959
842.7179
667.2327
594.1641
691.4848
566.2118
617.4386
637.4769
668.026
601.374
565.7676
625.0128
544.1311
515.3937
771.6038
581.8924
578.7605
685.6151
601.6754
693.9894
697.3487
615.3176
538.4675
599.5007
594.0913
684.1255
617.0248
631.2985
590.1466
624.6002
549.3661
572.1408
621.0187
612.2918
590.4227
693.4156
740.8577
527.8006
606.4903
588.9468
690.9426
548.6103
654.3288
634.0908
605.1328
792.4019
555.8276
639.9423
580.0394
662.1141
647.2813
590.3097
633.9137
703.7514
709.0595
614.2601
614.8451
563.0361
581.7091
581.1543
589.409
593.3464
594.121
586.934
700.3942
587.9852
605.0946
588.2341
755.3206
735.5775
696.3525
700.4928
649.6577
635.3298
664.0511
731.501
646.5161
682.8016
572.9305
581.7909
680.3104
662.6169
614.9494
640.1797
566.6182
597.2485
602.95
573.7734
597.175
645.9175
624.7041
616.9863
560.9137
611.6568
680.7633
632.2147
659.4322
580.778
614.6614
621.7682
512.9244
628.6411
685.5853
647.3174
706.8495
763.23
676.9001
697.2567
597.3833
635.3441
564.2671
554.5023
655.0168
602.2429
617.3587
744.671
786.2814
648.5877
634.2041
608.317
579.4072
755.3962
633.4015
563.0477
672.1704
584.2062
655.9609
784.3261
582.6085
676.275
600.2146
684.7535
703.6678
674.0794
637.243
541.0243
602.6654
733.1822
684.2187
667.0685
599.4051
673.7223
574.4988
617.913
640.7185
616.6428
552.4912
760.6782
704.1005
600.3088
661.3101
688.1556
692.2084
590.2996
618.3775
564.1325
512.9628
576.6488
686.0982
562.6159
630.0424
575.0974
669.0531
601.8074
598.061
587.0317
621.5797
570.6484
719.3061
674.0977
571.7472
584.1274
627.6453
578.9814
542.5635
652.1235
581.9932
513.1509
730.7255
590.5401
641.3369
674.2732
674.3705
602.5228
561.398
601.5478
617.9328
574.2265
652.0074
638.292
580.6891
652.6201
597.8236
594.2543
581.9656
604.3833
547.4939
659.8684
706.4024
689.5382
699.4361
632.5037
623.4067
634.384
572.3683
608.1121
750.7514
642.2052
730.933
719.796
647.631
661.8788
654.7446
642.5751
696.2262
663.6973
688.4977
562.5881
509.1356
733.8737
628.7625
585.8467
577.4932
630.267
643.5387
627.7906
709.8366
643.3521
625.3663
538.0931
749.5283
580.4673
632.1303
587.9813
643.2627
598.1318
571.6672
651.114
632.5835
683.0334
616.0819
604.7004
559.5403
518.9219
614.3098
632.8506
635.6151
588.1792
619.4818
669.3619
597.9642
678.4165
713.3289
653.6319
604.804
694.9179
589.2982
795.7013
652.0044
647.9337
756.7006
600.441
656.3339
632.7829
558.918
613.3819
664.7609
625.3719
685.6054
673.1443
662.8672
589.0048
685.6157
626.4848
578.9673
494.8599
615.8987
639.8169
636.2607
666.4345
611.6992
684.7944
698.5048
630.1541
624.6443
703.5736
