614.295
943.337
765.5984
749.0725
1640.189
987.1558
361.6144
753.5693
644.7848
548.5532
1529.167
549.0669
736.5825
1155.248
1241.28
431.7433
700.8388
531.4404
685.544
627.9858
2075.209
557.1517
524.4639
587.0767
2147.504
1488.706
683.2158
1595.611
892.9796
851.5823
2094.572
1087.572
1083.803
2059.211
564.2213
428.6257
492.5855
1019.362
905.0271
804.4873
586.1034
721.2081
339.9053
1734.203
1258.526
355.676
1285.089
1536.927
769.9778
1128.851
979.9627
856.1919
530.3159
283.9845
1115.053
506.1345
457.6743
505.7115
573.0639
732.795
1140.636
1352.856
1296.494
360.8535
1114.201
777.1222
302.3116
582.3094
523.2261
1596.076
638.8256
364.6462
376.9204
739.3703
1352.162
673.5244
421.0062
1073.892
609.6421
1207.12
822.3151
2321.867
470.4872
614.3065
373.015
739.7624
529.3927
965.2677
366.7374
520.921
316.942
1140.8
317.0242
755.4114
919.9483
1104.723
552.8692
559.0093
2964.658
997.5473
1216.6
811.6979
1483.457
493.5034
818.1119
2134.396
489.9014
691.4792
765.4413
554.9491
1427.749
1586.106
562.3784
2042.337
581.0762
1190.355
776.7133
2166.595
831.9185
479.0076
824.5594
1029.268
1009.861
629.1571
815.4429
987.8401
2517.959
408.9568
1525.037
636.331
1053.461
778.8013
919.2746
1201.421
606.5563
1151.366
886.579
7043.276
3241.317
455.6493
1532.07
1536.659
1235.317
802.8882
853.7267
503.0251
1494.252
3139.209
549.7737
623.6581
735.7246
1964.004
1667.517
858.7726
1967.877
1096.488
2781.393
509.8119
559.1196
735.6108
871.3297
916.4927
841.2739
865.1641
1028.14
1064.323
330.7693
500.0949
1569.414
744.5277
869.6023
771.2654
1178.618
2618.657
838.5583
1101.643
859.6651
1073.324
823.1008
520.3845
2422.542
592.4009
1413.218
700.5942
1281.595
1848.416
1368.509
976.8374
723.7613
2337.991
585.441
669.4833
1583.627
1059.539
1595.556
652.7131
2496.454
354.2646
1862.083
1312.135
876.1777
584.1214
400.3973
751.962
584.5156
448.9149
697.2928
1005.572
641.9159
645.2635
441.862
412.2088
295.8269
815.4314
1391.784
1042.512
1032.106
1209.458
1055.266
795.063
796.0856
622.6021
903.6561
677.2786
1418.723
719.8529
711.7069
442.6493
884.8511
620.005
1278.031
1001.4
799.2679
781.1712
1408.961
333.5729
527.6428
281.1169
420.6721
509.6953
402.7193
738.9224
736.502
1306.066
543.749
524.4863
419.8057
780.5723
622.2551
734.7967
659.0296
1659.374
777.254
1154.871
997.5456
589.6523
496.7752
550.0824
544.1993
809.0655
1056.417
666.6958
582.6509
469.3016
5007.79
536.1409
737.4603
664.1288
1126.04
501.0457
903.3711
718.0069
841.8932
844.456
640.1896
300.3338
688.998
582.6489
430.7559
253.3661
653.7715
1048.176
519.0816
506.7087
886.065
1013.888
559.4266
1250.704
985.6542
2264.345
321.6138
1369.394
511.6362
530.0936
717.2954
430.984
519.7954
679.0191
1289.731
734.5652
684.1536
603.0727
1908.886
605.0764
704.3412
658.8354
281.1133
632.6103
974.6597
841.5771
654.4562
588.6454
1126.446
677.399
1168.873
1624.72
581.72
434.238
767.4581
478.4652
1377.145
576.2944
1643.186
455.9185
1096.447
1409.62
789.0162
1006.456
759.2956
616.7816
330.5123
821.3025
613.8734
924.6821
1151.028
944.4543
417.1186
1173.648
300.578
924.5239
540.3278
712.378
2601.306
956.4405
591.3101
793.478
1783.179
615.0374
778.5987
807.0081
1254.89
730.4383
669.6679
917.1535
775.725
907.0766
458.9123
1056.433
1568.679
398.4991
1280.078
611.2396
2264.945
1400.499
800.8684
890.4771
1104.004
359.7508
977.2242
603.5851
564.8346
482.2414
1349.039
527.3506
1285.147
834.9366
790.0454
500.9531
1204.552
670.8646
430.3513
1255.741
852.4602
760.7476
451.4907
978.9776
1396.923
1434.226
243.5412
217.935
289.3966
857.6938
1585.249
586.7951
858.4044
502.4024
454.2543
311.1091
465.7164
1045.194
756.454
636.7211
913.0727
612.323
435.0076
359.4715
528.3366
498.1097
1560.256
721.3071
700.0773
872.9015
1140.514
835.2684
571.3549
3620.156
759.3886
836.6117
609.276
563.0964
1668.122
549.466
1828.745
1306.834
687.095
311.4638
1400.521
797.87
1392.055
953.3855
829.9962
646.6005
1000.7
370.7751
576.2307
288.2927
819.5965
204.3154
552.4453
788.6684
342.1007
299.611
576.4084
410.902
1290.703
422.5219
554.658
587.734
488.0491
433.9119
626.5749
453.5892
833.2775
576.2331
966.5141
853.6252
784.5512
3052.876
1845.494
505.2914
619.6127
834.6017
618.735
401.4704
663.6989
1242.834
1079.357
852.8041
399.3509
840.1167
552.8616
1359.492
479.2563
573.1126
476.0602
522.3491
836.2743
3326.834
1015.055
240.4966
478.279
452.2499
809.3337
368.6722
925.3968
624.5495
1548.255
501.1125
613.6306
481.321
983.9015
708.4883
742.7014
744.451
1563.792
1702.957
1523.166
1005.711
1576.033
643.775
