24.71456
36.26473
42.06397
22.66736
25.61052
20.70751
21.10073
27.41302
41.58817
36.29856
34.04829
30.36291
25.58173
16.75937
16.74079
19.13168
15.7102
11.51359
16.39228
12.97077
15.47002
20.18209
20.62546
15.80918
11.38784
12.53068
12.95605
7.444531
10.99682
14.08505
14.1925
8.838344
11.81173
14.02033
12.56574
11.57927
6.340014
9.355364
7.983986
7.200334
9.598842
7.510377
10.04625
15.61279
20.1599
13.63677
11.29377
10.57188
17.00912
17.74425
24.80866
23.6134
18.60087
15.10275
17.97602
29.91623
14.2236
7.06792
6.092632
8.125917
8.265438
14.39698
22.48235
25.3274
23.37168
23.04897
11.92216
9.510068
11.02983
13.7477
10.02459
8.658289
9.205871
11.08328
7.253846
16.40962
14.26169
15.46739
17.85757
17.10589
16.23672
30.50472
30.41952
21.23323
8.501311
7.262776
8.283525
14.49423
10.69715
12.33126
16.79591
17.75987
20.75826
19.02225
24.40324
11.27845
12.39183
10.46101
11.87659
20.22941
15.23201
15.62161
13.20353
11.22756
13.26624
18.47184
10.42972
17.45269
22.04701
21.07626
14.94036
11.60002
11.44115
10.0275
11.77864
21.29644
13.58035
21.18077
16.5076
11.80801
13.69725
8.008158
12.21097
14.87525
21.03331
22.34599
13.92362
19.73552
39.2335
44.48716
36.35111
26.13571
20.5425
24.70076
20.0516
16.80064
14.31817
13.77862
22.58555
27.05954
23.18677
22.08766
18.12714
11.99693
12.72642
23.68502
12.5393
12.87832
8.838056
14.51002
20.28593
20.95379
19.32451
14.35767
20.40507
23.53375
17.45459
17.17174
10.63837
15.48408
18.96201
10.4667
12.98577
10.47268
7.839584
10.76723
6.466722
9.543104
9.706549
11.45924
11.31846
11.51102
16.54625
24.08905
17.19115
18.52905
13.6618
16.5673
12.09101
13.78411
9.665945
6.277378
11.23478
9.569144
11.56919
6.240065
6.402868
7.685897
10.20156
7.008478
10.44916
8.890308
8.400748
7.355294
13.5663
17.71708
18.31909
16.65281
11.59873
12.89038
7.305628
9.770783
9.982208
13.84631
26.38908
18.10928
22.99261
24.89136
19.47503
12.44943
10.18268
11.06655
11.66994
10.86913
11.0379
10.90003
8.985773
9.398924
7.524068
8.064899
8.673102
12.24252
16.59912
11.8904
13.47415
16.34852
26.21881
25.28376
19.87924
21.21687
17.06718
24.1737
16.06319
30.5023
44.39281
49.02222
38.75286
22.59078
25.50933
53.54859
32.11411
22.17478
28.05689
14.20555
15.54994
14.19211
32.07587
22.69642
13.95781
11.75002
10.94106
9.636539
9.540647
9.058356
17.11393
20.31506
16.48092
8.623817
10.4258
5.491628
11.1119
11.71364
11.01201
17.8909
15.21498
19.42085
17.65556
16.47706
13.05425
10.44535
6.659487
8.662608
12.22452
18.0573
23.4399
15.79787
8.589934
11.50477
10.15877
15.41828
16.69643
22.88821
17.86741
11.26252
10.1992
19.10809
14.42422
11.66736
11.86181
12.13123
11.82811
12.72752
14.39153
9.228189
8.618282
5.271564
11.26384
11.73923
8.086485
11.57253
15.31167
27.00761
16.16934
25.19758
15.1148
14.76166
18.10169
9.868484
12.69507
12.80124
16.67535
18.72382
24.46093
24.01813
25.01477
24.04396
24.69327
14.91759
19.46689
17.11742
17.44613
18.31684
21.05257
19.98304
20.27578
26.36455
25.11204
28.50227
31.99098
21.71787
19.32109
20.32715
17.77132
17.07588
18.03425
30.36335
28.81615
19.25027
18.41679
22.5585
13.27667
12.71515
19.15828
27.95007
19.51885
24.36119
22.31118
21.93913
22.97533
17.70561
11.41528
10.80707
17.24453
13.53338
13.32785
17.0594
27.59634
19.60151
16.55767
21.61522
12.45165
16.56238
16.65142
16.68192
22.86931
11.80183
14.18973
14.69416
13.09699
11.26891
16.28468
15.69246
10.24795
10.07585
7.598502
10.33952
7.771902
10.39574
15.40692
16.34155
18.2533
11.6852
8.875867
8.588409
9.819087
9.376398
8.844123
13.52935
12.04821
12.59648
12.31522
13.33524
14.64608
12.91909
15.02381
15.28331
12.50561
11.32293
7.038138
14.86991
17.2208
19.32197
14.82988
14.74433
11.58546
9.682001
12.78859
20.32143
33.62393
50.37792
41.80878
31.28753
17.15715
12.95057
18.80572
14.87018
12.8876
14.36517
14.94553
19.51319
12.51845
9.864074
10.28293
11.50621
13.96314
15.82982
13.67028
15.47745
14.05548
19.33423
20.81987
13.64643
12.68897
17.59658
17.45819
18.47114
20.33687
20.65433
33.17112
26.82609
28.54265
20.67341
17.85088
16.73106
15.34928
16.09811
13.96765
25.30939
20.85454
32.50636
16.05188
14.85976
18.61341
23.10446
15.19055
13.3499
14.22799
9.917949
5.898854
9.27409
12.09926
10.25018
11.897
13.97143
8.830319
7.747075
7.083903
8.805624
11.53061
10.025
11.59235
16.78649
11.67357
8.634352
8.839219
9.715856
13.89374
16.76593
10.50192
9.933662
16.23106
16.18066
13.24767
13.40973
8.422519
10.27198
12.89399
12.51034
13.49501
10.16179
9.602045
12.20284
15.65037
11.06548
20.55217
20.35615
24.99977
16.83255
17.20433
17.99891
