81.59426
76.79416
65.42833
45.11285
36.84999
54.0306
26.95695
34.14932
27.25648
30.58247
31.26048
36.58373
40.00682
22.24604
23.63893
18.59586
25.23377
33.71197
28.5131
27.70815
27.94591
24.85217
32.30332
23.20083
30.31063
33.76325
24.97612
22.67054
22.34626
16.27719
18.40101
21.4788
36.41096
26.071
35.03591
22.84449
19.07529
27.42114
46.87729
25.68257
31.2066
27.36915
23.62917
24.2086
27.22386
30.38368
35.37456
44.21392
56.91245
49.56553
39.24299
36.0042
37.90241
32.39846
28.21159
45.49751
38.01405
27.07454
24.8996
24.07251
16.60266
21.56648
27.32951
26.81499
27.85981
24.44565
22.93034
27.2882
40.96186
31.35397
37.03696
28.23834
30.29899
23.20169
23.85728
23.8294
29.33876
39.89434
40.15727
50.80121
59.86547
52.44451
55.4312
33.3735
33.2338
36.45017
27.48255
36.71271
38.0961
33.14407
32.75856
25.95835
23.63253
31.96877
32.62064
27.89617
28.95145
27.864
26.22071
24.97509
26.17347
30.69724
30.96783
37.56796
28.89094
24.93933
31.95527
19.11204
24.74889
21.67722
24.90855
32.74014
35.22845
44.0601
63.5225
52.79121
32.85989
27.40301
21.7672
26.80077
23.01109
30.48598
35.49265
29.46036
23.69143
22.18795
27.68547
33.13984
33.11391
32.77819
25.91068
35.96528
33.85349
43.17474
37.54684
21.95907
23.62652
22.8575
26.15091
25.86415
29.13802
28.06428
20.9524
23.52808
22.25223
34.68957
23.93542
36.34123
28.19927
20.13921
16.67407
20.6337
19.51504
26.64429
31.72373
28.38576
32.92512
26.46927
22.96439
17.6628
30.16875
33.98618
35.02845
32.66474
28.88901
31.84345
43.14731
32.19672
23.28971
18.14813
15.88582
14.08324
17.3616
18.4959
19.41969
23.76401
20.35002
25.25581
22.12335
18.88065
18.66494
20.33249
17.9148
20.24847
30.18152
21.81203
27.77684
37.97753
22.37274
15.88284
11.00597
13.54994
16.92808
18.68795
27.01387
20.89868
20.80751
21.36016
30.41862
39.78139
35.2333
34.50847
22.99081
27.5998
27.54827
26.63314
34.86189
24.78746
20.78104
28.96502
34.25238
32.44884
31.65209
37.26968
31.21698
34.03864
34.6264
26.19835
24.02713
23.9695
35.96649
25.59031
31.42312
34.02992
38.38776
32.41101
30.30441
35.35237
26.56679
26.56621
20.43452
28.78337
28.54065
20.85376
20.19568
19.47374
25.36563
22.73868
25.97772
39.5698
32.65973
18.8476
21.30284
30.14124
21.8794
23.07004
32.94345
29.15702
30.37429
26.25805
28.55423
20.87193
26.49978
22.64064
24.77863
21.01703
16.66009
16.05981
18.63484
19.24648
24.97815
22.81737
26.75692
29.98669
32.46065
22.05807
24.05433
20.76454
31.65997
36.31691
33.74954
25.32292
26.21214
28.31373
26.80312
30.76676
38.66708
42.31636
54.44732
46.60102
48.16138
27.11521
35.3333
34.35709
35.98317
31.19136
30.7751
26.38846
24.90866
33.57526
29.52992
23.35749
27.02366
21.09918
25.39633
31.95156
30.39249
29.39426
25.81794
18.92948
21.46716
25.8261
26.68276
31.43052
26.72709
20.96654
18.05336
17.4743
16.8215
22.74321
21.61967
20.6116
19.98434
21.1643
27.10604
29.16867
32.01405
31.88593
38.31453
27.76083
19.24082
21.01246
17.12033
14.75497
20.40327
30.72402
30.42484
33.7204
31.94006
28.27402
21.81697
15.8968
13.62205
12.33671
14.21759
19.21966
19.85919
15.79823
18.36749
17.71837
23.61255
29.14657
20.28798
16.7131
16.76413
25.92715
19.09597
15.12114
27.15573
29.73081
41.91454
38.11868
26.26056
21.4563
13.14894
18.39182
19.35026
21.36843
28.31024
31.31754
31.91286
27.36717
15.87647
18.40245
23.98714
27.54735
22.98286
23.32011
24.4573
28.3126
34.84851
27.85853
33.8749
27.91023
23.91847
28.80652
24.66872
21.32139
24.91337
28.19266
22.09905
20.87609
26.94433
26.2884
29.88015
25.58594
22.2691
31.90932
26.30697
33.09546
27.94442
28.49881
19.97085
18.75401
19.28132
25.77117
22.3087
20.58653
19.44354
15.58326
13.4891
15.09663
18.44831
14.86546
18.63871
18.40811
22.63059
26.43402
24.39676
27.90199
26.71006
28.03837
45.57537
38.14282
32.50179
26.99862
23.59837
36.06706
33.70556
39.5921
44.30647
40.6934
40.42684
27.52596
22.15921
17.03936
16.52642
21.53059
22.02016
18.93788
27.8752
29.01353
22.3073
20.26448
36.07796
35.44426
27.60221
28.45892
33.12503
25.81822
33.14554
21.16108
24.95668
25.51971
36.62593
24.43057
24.63912
21.74961
21.76911
23.5501
24.31863
24.88734
17.33231
19.39874
23.69062
20.45437
23.12895
27.6669
17.62651
15.52544
19.04373
16.05834
19.58528
26.72321
28.05349
46.78145
37.24215
47.30702
36.3978
36.57077
26.55632
26.16015
18.07281
15.96106
23.10674
25.08115
20.01457
26.09797
18.59825
24.79283
29.07744
27.89884
32.62795
39.75691
18.47838
16.24359
13.78366
13.13309
17.69369
21.36685
25.23199
41.76603
40.58081
35.31184
36.27256
32.92073
33.7637
25.88859
26.56704
30.46422
