33.44327
12.83736
11.38536
13.11779
11.53617
13.00528
13.58205
12.92037
11.58303
12.92897
11.78562
11.49649
12.22972
12.05017
12.92692
12.44518
12.36662
12.42032
12.51562
12.4205
12.03124
13.42089
12.23277
13.10952
11.34318
12.65619
12.24959
12.81621
12.40598
11.8406
12.88786
13.02368
11.51535
12.63353
11.8258
13.65355
11.52618
11.67296
11.88766
12.0477
12.65702
12.98553
12.50624
11.56822
12.04759
12.03335
11.54848
11.73621
12.92319
12.47896
11.27309
13.06901
11.3307
11.70331
12.07016
12.66085
11.83764
13.53091
12.41408
12.63466
12.86363
11.69358
12.64323
12.71366
12.70144
13.22839
11.59638
11.63748
12.56355
10.52919
12.78243
11.7714
13.27197
11.9606
13.26701
12.07366
11.74551
11.68016
11.99289
11.94978
11.65258
12.22338
11.68259
13.45627
12.69721
12.43561
12.23943
11.85866
12.05402
11.52966
11.73333
11.86107
13.27763
13.33977
12.95938
12.27908
12.72571
12.15872
12.70212
12.18836
11.5344
12.6292
11.75925
11.87811
11.52115
11.82418
12.94774
12.0456
13.13457
11.24809
12.73749
11.69555
12.06125
12.64721
11.0553
12.77731
13.01867
13.27922
11.98932
13.32138
13.25733
12.83984
13.73997
12.3803
12.65568
13.20024
12.70133
12.82572
11.62042
11.57319
10.77166
12.28296
12.49894
12.52212
12.54911
11.93124
11.63777
11.55363
12.04292
12.28058
13.89371
12.43007
12.51003
11.71916
13.1515
12.67174
12.33855
12.47631
13.2066
12.29798
12.17624
12.0716
12.07383
12.38763
12.18685
12.66503
12.33172
13.3529
12.15544
13.80993
11.20684
12.56503
11.89019
12.70665
12.66415
11.88765
11.81777
11.82742
12.08195
11.52778
12.01802
12.9195
14.26626
11.55797
13.60538
12.92245
11.74856
12.08434
12.74247
12.19103
12.61286
11.70974
12.05165
13.25724
11.27791
11.85612
11.67524
11.83424
11.69304
12.8533
12.81262
11.80024
12.65715
12.76757
13.3982
12.46387
12.64861
11.3408
12.47702
11.16285
11.56109
11.90932
14.14511
12.7728
12.06072
12.62564
12.54767
12.12237
12.7593
13.11011
12.36875
11.96882
13.15304
11.32119
12.24762
13.06414
11.11653
12.81903
12.77734
12.70212
12.0829
11.94707
12.33594
13.26893
11.06443
12.10204
13.47824
11.42999
12.72689
11.55769
13.11952
13.49452
12.32586
12.47136
11.68251
12.25127
13.13455
11.58703
12.74087
10.55757
11.56177
11.44468
13.02101
13.26319
11.61234
13.25224
12.79798
11.99035
11.14116
12.66512
12.33421
12.32044
12.6709
12.61718
11.64398
12.98728
12.50179
12.87329
13.29754
12.83705
12.14741
11.32614
11.67377
11.85473
12.72063
11.91255
12.63611
11.37887
12.13704
12.01839
11.7115
11.39198
12.30549
11.64999
11.64882
11.79214
12.06734
12.20951
13.43288
12.40437
9.746648
12.26938
12.30675
12.53148
12.22859
11.85123
12.05345
11.48804
11.9674
12.69395
12.60296
11.48697
11.07201
13.24169
11.81035
13.85418
12.59515
12.37678
12.79749
13.43355
11.4575
11.41397
11.28489
12.39222
13.75173
13.00433
11.83021
13.6436
11.84621
12.15766
13.04552
11.95072
12.32739
12.36738
12.73303
13.79571
13.97906
12.15992
12.07644
12.1844
12.9744
13.09541
11.51436
13.4956
11.71616
12.29519
12.54481
11.46671
13.0145
12.93857
12.22391
13.96842
12.30655
13.76348
12.47267
11.70099
12.12989
12.37458
13.7345
12.95571
12.09216
12.02592
12.50641
12.33705
12.41862
12.14629
13.07151
13.00257
11.77272
11.57905
12.50316
12.49875
12.15263
12.28907
12.44885
12.15277
11.77328
11.94929
12.01055
11.55476
11.66814
14.06919
12.7669
11.80396
12.5394
12.06171
12.66468
13.29146
13.25652
12.18354
12.0456
11.43339
12.91174
11.94403
14.3732
13.03131
12.31083
13.15971
12.92212
12.17642
12.72332
12.69123
11.19304
12.42005
13.38172
12.69365
10.79734
11.33828
12.79391
12.95288
11.72571
10.99998
12.25271
14.28163
11.5564
12.04964
10.54877
13.29775
11.47342
12.50049
13.00606
11.07133
11.94295
12.72615
12.62625
11.87453
12.95694
11.91332
11.79707
12.14612
13.19411
12.40196
12.16568
13.71041
10.34766
10.70977
11.61409
11.35871
10.91692
11.59319
11.41483
11.05559
11.5039
13.04673
12.88671
12.3285
12.52411
13.57647
13.73157
13.23551
12.01937
12.46343
12.46517
13.62433
11.43247
12.28957
11.78072
12.67145
12.01614
11.50173
11.68699
12.25903
11.25008
11.12192
11.5427
12.95909
13.50093
12.55158
11.34767
12.63122
12.31681
12.96571
12.3577
12.73053
12.12926
12.8966
12.33709
12.08316
12.61645
12.08586
11.98333
12.78658
11.12467
13.48297
13.26972
11.99153
12.37766
12.1303
12.15995
11.90746
11.93571
13.15263
13.17572
11.89745
12.16248
11.94241
11.81822
12.15676
11.71026
12.18129
12.06364
11.10539
11.52088
12.71854
13.05064
12.66697
12.76361
12.19544
13.26051
13.15193
12.72919
13.25805
12.41687
11.43681
13.11331
12.55412
11.43786
12.10161
12.83043
11.6177
