84.63247
246.0897
843.1501
14564.83
18830.17
17763.41
19564.93
16308.34
18249.62
16983.03
18851.15
19546.54
18651.11
18929.52
18143.54
17108.02
17321.66
17259.14
18312.77
17174.54
18950.15
19066.36
15875.71
18985.91
17397.46
16513.02
18959.55
18700.2
20044.52
17659.57
19583.28
17835.43
16051.72
18029.44
18210.68
18265.88
19559.38
20274.99
16103.07
15919.26
17125.34
18684.27
21101.27
16485.72
16781.27
17839.3
15030.77
17543.66
19415.01
15722.66
18748.59
18417.97
19551.9
19415.84
17022.85
17360.5
18204.89
17647.09
17541.29
15785.09
19549.92
15330.51
18319.75
20748.68
20780.28
15956.04
18205.47
18806.14
22858.02
18009.13
21196.26
19954.44
17136.75
20149.9
18195.73
18527.75
18220.16
17124.06
18428.2
19121.12
19610.41
18394.39
19115.78
16847.66
19540.65
16933.32
19571.54
15186.07
20175.01
15591.04
16428.84
18698.81
18947.88
20920.79
17136.67
17895.23
18110.93
15784.42
17421.93
17500.34
18674.45
17800.27
17625.46
19141.19
19026.1
17205.94
17330.46
16877.61
17796.85
17841.55
18457.52
15044.6
17066.87
21118.7
17540.24
20053.11
17564.31
16919.31
17591.71
19377.77
15398.42
16874.37
17831.41
19925.04
20043.49
15786.1
19221.33
17001.42
17786.12
18574.32
16844.69
17090.14
16894.4
18121.75
18472.56
19012.57
15271.29
16103.74
18980.39
20170.14
18306.16
21248.46
19913.71
18207.32
16735.96
17421.54
17080.15
18908.8
17192.58
20091.84
17656.46
18837.71
17391.54
18508.4
19199.39
17356.56
16421.64
17335.84
21438.12
17297.63
17980.49
18573.96
16100.19
19552.93
19305.78
18533.92
16513.55
18229.12
17760.25
18567.04
19632.65
18780.02
19454.35
18020.6
20364.57
18239.57
19209.33
15884.04
17302.2
18357.93
18719.24
19145.56
17373.05
20717.79
18641.09
18917.78
18282.1
18819.22
21024.4
17426.65
21393.56
16446.9
23667.27
17422.27
18782.46
17761.67
19099.32
18109.22
19777.11
16501.52
18162.13
18055.52
20201.29
16359.33
15392.3
16649.72
21335.06
21243.15
21143.62
18616.92
19527.77
18874.66
16242.88
18498.36
16817.56
16506.06
19393.95
19033.75
17320.93
19981.48
16765.09
16202.72
18115.36
15933.13
20511.37
21450.93
17683.56
19185.3
16765.76
18885.61
21075.41
17249.54
18929.63
16999.7
18314.98
18805.85
21352.8
17815.82
22302.29
19643.58
16381.11
18028.85
18028.26
20751.57
18065.11
18874.05
18919.81
23155.95
21511.45
17258.61
20190.04
21208.6
21501.92
17507.24
19073.12
18508.03
18819.04
16630.32
19154.7
17525.11
20330.05
16745.59
21156.13
18491.4
16067.77
18675.91
19518.75
19006.09
18348.47
21252.3
21247.35
16356.17
18309.65
16037.36
14638.34
18813.35
16093.78
19608.8
18693.66
17074.53
20148.02
18179.64
16709.22
17299.37
22005.1
19056.79
18505.7
16934.37
18044.02
23678.03
19390.94
18869.79
15446.68
19191.98
21023.58
20440.69
19818.07
19439.27
22997.53
19258.03
17459.03
19526
15952.27
18018.72
18215.18
20754.65
16403.9
21197.38
18760.16
18230.22
17762.42
18570.44
19240.73
19334.57
17756.52
16194.96
19916.17
17503.42
17383.06
17217.27
15649.23
19340.18
17355.19
20574.24
17366.92
16283.3
17003.12
15747.63
16793.82
20768.84
19842.18
19282.59
18151.11
23034.89
16803.54
19733.99
17428.37
20289.35
16618.85
22304.45
19121.11
19005.72
17889.99
19949.55
18133.84
20424.15
18524.51
17534.91
18009.78
20007.48
22790.22
18362.13
18678.74
17793.2
18361.25
18667.46
18869.13
18923.87
18851.68
17756.57
14895.88
18255.14
21897.56
19835.97
20964.14
17837.43
17924.55
18013.21
20687.8
21320.58
19330.18
20843.34
16366.76
16992.78
16972.82
19663.08
18493.74
18097.52
20198.47
16569.42
20412.82
19467.73
20975.72
17836.95
18835.95
17342.39
21513.35
18615.86
17218.57
17687.25
22999.34
17415.96
19204.23
22906.94
18564.16
17799.39
17820.03
16980.36
17039.68
16375.05
16897.25
16729.89
16385.74
20626.63
18611.69
17702.41
20245.99
17688.66
17451.04
18278.65
17622.48
19735.31
17756.2
17686.36
18445.99
14775.13
17484.44
16680.23
18957.18
17889.3
17132.33
16216.81
19292.7
18363.4
18362.98
15914.85
19348.89
18861.62
19355.3
18480.75
20636.33
19539.11
16959.37
17605.59
17564.1
17063.77
19109.68
16540.37
22013.66
19069.25
19132.58
17262.87
17849.02
16676.86
18984.06
18099.14
17810.98
21216.2
18949.46
19385.26
18284.12
21386.6
19296.29
17572.23
18065.68
21507.99
18465.99
19014.5
17455.83
18669.79
21253.83
18222.56
19569.07
16236.99
20259.61
17793.87
16111.99
16938.79
17609.3
19040.39
19079.23
17413.76
16721.14
20726.99
17880.09
16358.73
18804.77
16803.34
19231.32
16093.61
18486.28
14976.31
17820.12
16583.92
15507.05
16062.32
18604.47
20138.98
16735.9
19906.37
19382.29
20303.7
18551.43
20480.48
17479.92
16222.99
16134.48
20809.2
19025.05
17247.79
