710.4384
1093.73
2975.017
426.1638
1150.868
307.9695
622.9453
475.0231
793.1066
664.9303
640.1028
388.1275
2061.885
1183.443
2278.262
2013.537
580.8398
252.3413
871.6426
1020.964
1556.362
749.9527
448.2151
1110.853
796.594
538.7126
1166.066
493.8326
5321.433
1023.864
1225.597
1232.029
1241.159
789.2425
1130.078
1035.175
2040.599
1177.139
2618.265
1091.432
1603.049
1320.819
1137.904
2348.697
1541.452
1243.276
598.4773
2262.045
1789.231
1062.141
753.1589
830.8115
631.4047
567.8741
2622.679
723.4677
3444.105
747.0825
537.049
1320.79
1836.307
895.1741
1549.992
632.9104
9372.618
2639.721
1188.336
700.9095
1417.253
1522.669
1724.029
942.8423
789.7272
8124.494
1487.693
2220.566
3640.657
1194.256
745.372
602.5005
2444.872
724.0216
775.6997
369.4526
628.8839
1164.359
948.38
1781.273
1317.21
824.6789
1615.412
1488.984
546.3817
8553.31
402.7836
607.2971
984.855
834.7777
406.1018
241.535
521.7613
974.7515
1258.119
261.6028
822.2827
1654.746
1035.921
439.1019
528.9865
1749.519
784.0058
627.9509
727.4955
730.9338
2244.748
806.2851
666.9824
1203.275
1901.312
4891.257
615.2439
190.7631
860.9955
580.074
645.7865
1244.067
1130.388
580.1381
426.4273
377.0551
911.7521
250.906
477.8409
419.1868
584.3058
251.1562
397.9444
324.3107
516.5
1423.413
331.8621
683.7172
3002.567
567.2972
1401.355
1035.296
328.703
450.4069
477.5274
549.819
1652.62
812.63
765.0291
426.2668
1616.655
495.0832
308.1237
593.3806
238.8612
480.0227
273.3801
509.5493
530.926
554.1154
1119.966
448.0608
796.4481
293.5087
916.5749
1122.936
391.0045
517.4852
319.1912
764.5508
513.8178
3833.531
399.3489
846.7579
297.1665
1144.49
1806.645
501.9042
735.3082
1091.843
558.5129
631.3238
1918.174
1023.988
1363.785
619.7738
1613.725
774.0765
1208.936
1366.825
1302.321
3838.719
742.4782
2990.031
1123.519
538.0212
1675.854
502.9035
1953.726
1354.227
1180.908
708.8893
1190.583
1218.395
325.7143
747.5405
1018.594
353.9646
376.8824
1379.154
324.7337
505.0169
2511.686
700.5199
496.5367
385.9715
1719.63
823.9175
818.3475
296.6799
493.198
781.9432
407.2691
900.2803
1810.402
886.0824
602.9992
318.2352
933.3572
580.4197
831.1842
411.3969
531.026
608.6765
1269.325
496.0272
453.6285
1864.839
1303.19
871.0312
940.5953
393.6979
362.5866
1028.003
822.2678
248.2203
913.9049
367.2586
840.7418
928.0058
318.9954
533.4643
560.8491
570.0572
4269.602
729.2701
331.8242
419.6119
2770.851
961.4847
369.883
684.0639
525.9259
1735.541
960.2612
1144.778
958.6909
327.5471
521.6797
398.1265
956.9095
475.7808
463.6845
540.5391
398.9258
342.7898
1186.596
1161.623
426.3503
224.6424
402.5229
322.3605
496.2946
545.1597
1494.276
402.1542
311.1799
764.2358
472.9636
913.3146
894.8452
273.7597
257.9787
348.9721
135.9759
252.3016
540.3087
1113.927
565.6091
417.4895
432.8694
1201.017
680.4555
442.9192
511.926
351.4559
463.9733
254.6043
972.9809
153.6668
525.4553
436.4989
643.0472
269.4017
2723.401
2741.792
721.4732
402.1375
623.3366
694.1402
625.8772
2467.674
686.8879
1204.546
513.6501
4348.011
484.9261
670.8719
1043.774
351.9883
272.0762
394.9957
1399.52
449.5681
1415.829
291.5666
1054.168
633.1534
393.8306
453.9793
1443.779
521.3086
595.0158
850.6151
1448.351
446.9807
727.3134
553.4282
408.5937
476.0327
795.7426
1004.66
1047.032
675.4403
886.0962
288.0757
814.0474
756.3993
254.3941
677.5363
390.9829
1011.504
465.4499
447.7617
332.8833
1298.228
1670.131
286.2384
575.2898
692.1771
1469.323
343.8827
675.4368
443.0937
598.8622
965.1514
460.3807
439.3432
930.2733
676.8928
870.5864
607.235
356.1903
1024.781
516.7916
978.2649
646.0842
299.2421
559.6908
410.9786
448.5834
190.4069
258.6426
451.0485
491.228
572.2669
543.2683
1051.267
321.8122
403.4488
562.2622
207.2893
947.6699
163.5648
991.2402
491.0275
233.2241
294.7148
1286.225
1089.012
735.7979
1494.626
477.2083
469.7898
582.333
749.5021
382.7379
1562.784
812.9
1032.731
493.7218
750.9428
1603.859
412.6955
780.6729
262.6684
390.4286
1031.569
661.2181
948.5465
1610.832
747.4437
1385.717
390.5525
948.7359
525.8589
360.5572
942.7685
693.1128
576.8639
762.3338
854.8875
1434.364
447.5893
420.949
555.1531
491.6663
888.8125
557.9189
414.7225
693.3225
535.807
745.9629
2580.163
1035.9
1577.623
1174.281
1666.15
1395.729
474.689
605.1357
1278.173
800.0411
3119.678
688.499
1067.313
3060.22
982.6209
1125.404
3416.408
815.3453
2285.714
1186.778
2659.496
3113.956
1311.808
4052.575
1467.629
5394.628
1408.205
1994.352
2474.881
2304.147
3169.522
3023.61
3137.396
4174.204
2523.38
2255.639
733.7901
874.1409
1318.979
1307.378
4321.96
4310.781
589.7447
