92.51586
96.99323
94.75546
94.7175
102.9834
105.1172
105.494
104.2659
101.3142
100.6008
96.89871
91.17368
93.3412
89.2372
82.56001
84.19538
79.75965
78.81473
77.05429
74.62731
79.54527
84.74982
83.29845
83.12662
81.23444
82.78119
83.63464
77.50602
79.49757
79.26617
80.46108
84.6118
89.94039
85.28973
93.45092
90.22816
92.76592
86.3527
88.91905
95.12139
98.04054
101.815
96.33245
99.49946
102.3906
103.4786
105.6331
106.4339
108.4877
109.2465
110.8206
106.6056
108.5512
110.9088
112.9919
113.2452
111.883
117.1289
119.7691
120.5214
119.7005
116.4951
117.3172
119.3587
116.5751
118.4326
118.6074
111.0776
113.942
114.5847
114.3925
111.1053
117.2188
116.652
119.9218
119.9733
121.2337
119.2377
116.4275
114.1613
111.9315
109.0902
109.9379
110.521
114.9504
115.5482
117.2068
121.2435
119.6098
124.8919
122.8745
117.9515
118.2923
115.0298
115.4944
112.0761
107.3694
109.6658
106.874
106.1749
110.129
109.3308
115.8055
118.824
119.0422
119.4977
117.9454
122.0251
115.1702
112.4744
117.946
115.0029
115.8112
107.2803
105.2813
109.9599
114.9745
119.7481
111.3933
115.5234
112.4092
111.3815
114.5538
109.189
104.9777
104.0181
103.0886
99.9837
100.6688
99.84627
98.13937
99.32989
95.87356
95.43706
91.53002
90.45859
90.78797
92.06791
90.64578
93.31627
94.26643
88.43571
84.28296
83.08429
84.87313
84.17092
87.19352
82.72148
83.37513
90.12172
85.86198
86.9593
79.5259
77.98744
85.29843
87.14868
90.77372
87.10097
86.2304
87.03279
87.64859
83.75971
88.43854
90.65946
83.59984
83.73136
81.2525
82.35333
85.83965
82.04571
85.20663
88.4033
88.71219
92.49539
96.57381
96.89944
95.32257
91.38139
91.64045
93.39016
96.05031
92.75859
90.82179
86.86064
95.91572
94.31963
95.23386
95.7691
94.13014
92.75317
91.68659
95.92041
103.5702
107.2723
104.7566
103.0766
104.6096
107.9708
102.7896
102.956
101.7056
104.4789
99.24881
99.72325
101.9539
98.50898
98.56226
96.52469
97.41057
95.48276
95.69529
95.81398
97.76217
96.78251
96.18971
93.18039
92.70125
92.71011
92.68256
86.55603
86.00947
87.65567
76.47902
75.92374
71.55519
69.57349
71.75166
74.47492
76.835
78.46281
78.11376
79.42877
85.43295
87.88629
85.98257
78.64948
80.22532
81.1506
82.68536
86.64676
83.84543
84.60343
78.28701
77.42498
80.02231
79.47802
79.41537
77.61197
76.91562
84.21136
91.60106
96.70867
95.32271
96.02219
91.23622
92.39865
93.72314
97.07077
98.32392
99.85189
99.13526
98.67804
98.84128
97.20906
98.38047
102.9881
103.1257
106.6689
101.7129
103.347
109.0111
107.255
107.5468
108.1189
104.5159
101.3167
104.9768
108.1362
108.0002
105.8109
111.5731
114.292
112.1882
111.627
114.5031
114.076
114.9841
112.384
113.5481
112.5287
107.4132
104.4836
101.1026
102.255
97.32498
98.97616
98.05409
97.19914
103.9233
99.79956
101.8847
105.5222
114.5954
112.4266
116.4038
115.7005
108.6125
107.5376
104.9247
103.4782
104.2628
102.9159
99.83046
100.1261
104.106
109.5697
107.6187
103.928
102.8563
102.7192
104.4677
103.1948
106.4172
112.6021
112.2979
113.4779
109.0453
108.0491
108.4038
108.0033
103.2828
100.8247
98.67993
96.52495
93.23529
94.24927
89.64504
91.31068
95.33839
94.98141
96.87323
98.26927
97.98495
97.58536
98.05405
96.4571
91.57437
90.86119
93.87659
92.1246
90.71999
88.1057
88.29556
85.71079
83.43864
88.07482
85.2693
87.04829
88.45981
88.65519
86.45067
91.1782
99.95099
98.48124
96.02522
94.45593
91.81607
94.91357
94.53134
93.19966
92.08997
95.46279
97.69734
99.14728
96.65863
90.75822
91.84965
91.63371
91.78155
90.24248
88.50704
90.21076
90.86845
90.60595
90.85055
96.52869
99.27339
97.5275
93.96985
91.65218
88.75962
86.84853
87.31344
91.15633
86.08644
83.33039
77.52457
82.0268
79.13716
84.78482
84.49136
91.4089
95.43883
96.73828
94.02461
90.91471
83.4237
77.88364
76.44851
80.484
85.84172
87.48812
89.70412
92.90645
87.91333
94.11096
100.5829
102.2416
102.3682
100.3733
100.4225
103.1477
104.0939
102.9243
104.8192
109.7476
109.0205
108.1296
106.9542
106.4311
107.66
108.9342
115.0487
119.2967
122.4492
122.5776
124.8056
118.7695
116.1167
115.163
107.4323
104.844
110.4834
105.2786
107.0123
102.2043
103.8544
105.3837
110.1867
110.4237
110.9216
105.0598
105.96
109.3263
108.4425
106.2689
104.9105
101.4856
100.0853
103.7242
103.8286
103.2639
106.6753
109.1876
100.595
103.801
107.8978
111.1038
109.7028
108.2853
103.7267
106.4008
107.9926
110.8203
110.803
108.1031
107.7634
107.9296
112.8554
110.361
111.2332
113.6406
113.5496
115.176
119.4285
116.5227
113.2684
116.6336
114.6526
118.0939
121.3615
119.2439
117.3113
115.095
118.3347
119.2231
120.3801
120.1169
122.2608
126.5631
