85.19078
84.12335
84.65452
86.8774
85.87142
90.23929
89.92388
90.45659
88.94809
88.54515
87.07931
88.03223
82.37731
78.32308
76.70711
83.91609
78.59998
76.84657
84.88147
88.58985
85.52504
82.42013
83.01036
86.91474
78.159
82.87281
86.26642
87.39563
89.55609
93.1308
96.1819
96.65349
96.43988
95.93534
91.73028
87.99653
88.76025
81.93836
94.33307
96.36649
96.87067
98.04519
96.24315
96.93142
97.15227
101.9065
96.81668
84.35133
87.37147
83.14699
85.94726
92.11253
92.03476
90.82228
87.40239
86.33302
86.29854
73.77732
73.72777
71.8573
73.49704
77.53975
72.75245
72.67271
73.33773
72.74232
73.0458
76.88992
74.91885
80.80485
82.2458
78.88903
68.66164
66.13422
72.71566
71.86228
66.52984
63.90116
61.93346
57.7103
52.50126
44.93486
51.74432
56.27478
60.78887
56.95223
53.61868
55.81985
51.05443
52.00486
46.53132
51.36225
52.2039
50.61969
54.45161
49.70219
53.57732
43.7633
43.12065
39.82315
43.88609
45.97282
45.25918
47.86421
46.28052
48.97934
49.68838
54.66739
55.79073
56.91593
67.97837
67.67165
74.15242
71.44405
64.54763
72.22878
70.38029
71.1942
72.19549
76.9781
81.81031
80.56345
76.38606
73.05232
71.60382
71.62871
69.70558
66.23561
60.45785
64.72648
67.4128
68.79491
71.61984
71.13519
74.82679
73.40015
73.15741
70.73503
73.91868
74.91337
75.99581
76.87783
73.86678
80.18402
83.10884
79.15756
79.35661
76.93588
75.62296
81.07631
77.25695
81.34985
82.02385
84.72186
87.83075
92.43419
89.0025
89.74149
92.40695
92.0262
94.89844
91.73508
88.71971
89.20332
87.74589
87.50904
86.72946
85.98879
85.64458
84.14904
80.47223
78.67148
80.6964
80.61481
78.5663
80.16044
82.97337
88.52708
84.85877
77.62141
75.79034
68.87848
66.92221
70.50566
69.70591
71.38161
66.91626
69.55161
74.61807
71.12497
73.14782
74.22125
73.26898
75.95336
79.33845
76.28102
74.0272
71.44909
70.13428
76.6938
76.92236
85.05423
84.94599
83.25299
84.46842
82.40029
83.17895
81.05839
76.74243
78.02981
75.1604
69.83165
73.67149
77.40082
78.26123
79.22691
80.32005
79.40339
73.1704
75.67576
74.39876
69.51644
72.57855
79.77799
79.82243
84.14634
78.05731
79.67452
80.75517
82.79933
88.80508
90.04555
99.18417
104.3919
102.9476
98.16757
99.08265
101.2219
98.43869
96.9512
94.75311
95.55536
92.09688
94.74215
93.35916
98.9511
101.3947
98.40349
99.84492
96.50528
92.81777
93.02551
93.35243
99.96238
109.9065
111.6087
109.2579
107.2162
105.7479
98.77233
98.39385
94.94004
98.34648
98.39212
99.40147
103.1455
96.09425
91.8224
85.79248
79.90916
81.24849
81.98981
74.96238
77.66005
83.35628
77.32382
82.2061
80.73695
82.14455
79.70817
76.55176
81.19434
79.56512
79.5093
79.44383
84.45793
87.69935
86.5588
90.63475
88.86516
88.88631
92.59113
92.37835
96.72075
87.62798
88.61243
84.94024
87.16558
85.8155
81.91457
83.83801
83.34529
89.91002
87.03916
77.00056
82.28121
81.14525
67.66926
71.70639
80.08154
82.62773
83.24629
83.69046
82.51755
84.97644
79.01739
80.93273
82.74954
88.47433
90.33622
85.65097
91.10021
87.34175
88.27171
85.58801
87.50266
83.33351
85.44643
85.61101
87.32383
92.02564
89.42575
86.80994
89.35188
92.8493
91.80753
92.31666
95.2249
100.5258
98.9555
95.59939
99.19277
103.1356
109.6775
111.6671
111.5552
112.238
107.4216
102.0494
102.9009
95.51637
96.3443
90.68136
86.03466
89.82945
89.65538
92.45623
95.58697
98.73104
99.20687
96.27142
94.17761
92.80351
93.0091
94.94695
98.19077
99.77079
100.5982
104.2787
102.0211
96.24482
94.97999
100.3963
104.3421
100.1704
102.4039
108.1067
104.4807
107.8594
105.4113
101.5086
101.4123
102.9356
98.38249
101.6277
96.01669
92.79278
95.55733
98.60744
98.47002
103.2842
107.9999
104.8752
100.4601
101.9269
105.6024
106.7436
99.92265
103.5741
104.1463
102.3915
104.699
100.6883
102.9647
100.9319
100.4501
103.9306
98.19651
98.08874
96.72429
93.25699
89.70012
92.94106
93.17618
91.43832
87.04259
80.31043
72.63457
69.78019
69.01439
76.33579
80.96688
83.22476
79.96223
73.79892
76.51664
71.22103
73.09067
76.06719
75.69248
73.42819
70.68138
68.97725
68.36596
63.36646
64.31431
61.86642
62.13542
69.65028
72.0309
72.87292
79.67929
74.23286
75.28457
75.06869
70.18902
75.22908
77.74061
71.31005
71.75211
77.00016
79.60893
81.19374
80.66285
76.65009
73.75157
74.24025
72.73352
74.09587
70.18315
70.78792
65.39993
64.13704
53.97721
57.76844
51.4279
56.14972
63.41171
65.02521
63.77873
69.26818
69.64774
72.60977
72.93384
70.83931
76.28381
73.70695
72.45977
74.45943
69.53227
67.84122
73.03324
75.04581
80.44326
75.10179
75.74579
73.34027
78.7248
86.31654
82.82589
79.93518
87.26649
87.06371
93.92279
95.47765
97.36085
100.1261
104.4538
102.2004
98.63835
