109.6916
380.0362
4694.535
17521.19
21281.75
18580.5
16297.36
17925.68
20196.38
19116.17
17147.48
18436.58
20500.24
20944.95
18406.32
19837.92
18634.91
16310.55
18055.63
15819.94
18934.42
16934.87
18803.29
18046.19
21034.9
18911.96
17347.29
15735.43
20309.52
19466.79
24669.45
16131.66
17083.56
19717.76
18689.62
17973.46
18749.01
23421.21
19202.11
18262.5
15963.99
19147.18
16438.07
17484.4
17907.75
20906.09
16087.79
17076.06
17464.36
16634.89
19013.62
19179.66
16928.99
17995.88
18562.34
17760.77
19470.42
16078.11
19280.98
17243.19
16282.13
17567.92
15537.15
20146.93
15566.44
19096.58
18119.7
18809.63
17865.92
18383.87
18308.77
20182.63
20606.67
17540.91
18353.26
17945.31
18811.41
17122.95
17516.12
17783.77
18474.42
20153.2
21954.4
18991.33
18523.74
17718.05
15791.79
20535.09
17463.14
19975.26
17917.64
18270.01
18738
20347.98
17815.11
18581.86
17085.58
16993.5
18334.22
15412.03
17697.59
18311.01
16563.84
20961.32
17685.92
16256.1
16482.39
18481.01
19782.01
17049.35
18618.69
19569.31
18527.71
18620.81
16918.2
17568.12
18814.28
17473.48
20583.48
20867.35
16651.72
18467.64
20673.07
17725.93
19727.72
18743.4
17973.94
14996.84
17843.18
17887.78
20393.97
20961.02
19907.2
17032.6
18085.05
21425.81
16077.37
18353.62
17898.62
16646.75
18791.25
18167.01
17012.86
17739.25
19679.51
19432.7
18781.22
19195.3
19302.35
15376.97
21060.28
16568.7
18071.17
18259.44
19810.61
16711.14
17412.99
21134.37
18098.79
16974.94
17996.72
18835.47
21189.34
19225.38
17420.75
20864.6
19685.28
18513.79
18745
17596.32
17904.69
19694.01
17635.87
21174.43
19292.35
16818.71
21082.17
19879.77
18114.38
20307.54
19781.27
19007.33
18987.75
19529.28
14531.49
18277.18
18638.36
21140.9
19713.57
18233.06
18875.8
19762.44
20797.03
19683.33
16291.76
17388.79
19106.6
19359.01
16584.93
15847.68
19843.89
20592.11
17510.01
19953.56
20106.03
16847.75
17293.86
20628.23
21117.04
15846.54
18318.3
18469.55
18343.87
19927.81
17224.37
21173.11
16596.45
16385.41
19420.35
19824.02
19294.86
17980.47
16798.23
18512.43
19241.9
20118.11
23187.7
23177.98
20048.51
17717.42
19246.9
17287.09
21292.37
19069.6
21713.95
18333.08
17698.61
16789.44
18501.37
18325.73
17846.85
19433.45
19182.62
20777.34
15669.49
18468.77
17956.03
21370.29
18266.45
19097.11
19415.77
20123.31
18599.06
18617.67
18412.46
18439.43
17986.07
15228.59
18664.27
23079.17
17469.87
19058.52
16560.57
16645.89
17978.72
18120.97
19814.49
18615.28
20571.45
16767.41
16843.32
22171.76
19683.29
19526.95
16978.03
20274.69
18687.64
18901.85
18679.26
20567.66
16549.76
16706.2
23380.17
20085.95
18979.79
19741.89
16453.6
19241.88
22030.9
18593.85
19340.12
20124.83
19174.99
16408.98
19393.5
17978.48
18440.11
17287.15
17207.44
17115.14
19641.24
19371.19
16749.94
18621.95
17125.85
17513.79
18346.23
17286.79
17514.49
19521.41
17191.26
15993.99
20394.89
15819.31
17849.4
19114.61
17937.77
14834.09
17658.86
18900.78
19363.13
17067.95
16983.06
17713.09
16975.48
15648.04
16680.39
16686.52
17185.3
18799.75
17518.01
16931.7
18113.6
19486.23
19672.52
17637.41
18721.98
17272.85
20733.52
18044.93
17651.46
18182.73
16971.33
18334.58
19428.79
18195.18
17935.68
18812.41
17678.45
17754.84
17674.97
18339.89
22768.56
17813.43
18455.91
18127.98
15599.8
17535.26
17306.53
17891.12
18527.2
17122.5
18614.64
19210.45
15948.38
16897.92
15637.59
18033.65
17745.28
19456.13
20101.57
21011.46
18784.89
18135.46
17087.57
17145.9
18338.16
16421.17
18530.48
19735.38
16717.35
16171.2
16863.18
17187.59
17962.64
20121.48
18101.08
16610.07
17844.61
16733.18
17969.06
20050.38
19946.45
16461.12
16641.12
17921.9
21521.2
19885.65
17980.6
18801.39
19965.89
19077.85
18778.25
19705.16
21701.12
16649.84
19218.38
19691.32
16955.02
16507.22
20738.02
18843.59
19828.79
18224.17
17554.12
19518.16
17822.7
19754.82
18544.54
18078.71
18886.45
18153.81
19412.35
17009.33
18459.81
19128.24
19863.25
18049.89
19491.79
17656.91
16338.52
20103.59
20367.54
18496.6
17566.7
19957.48
19078.34
17447.47
17263.6
17007.55
16883.3
15655.62
17107.9
18496.89
17381.61
19164.68
20307.72
20324.92
21985.43
18496.31
19118.83
18682.1
17343.82
17337.39
16649.32
17190.45
19914.01
20306.95
16952.04
17243.82
18516.4
16807.06
16546.03
19746.47
15889.85
16915.64
21391.43
19933.67
18851.66
20204.2
18003.14
16414.56
16060.86
14169.4
20366.42
22686.78
17772.62
18596.33
16291.89
16919.16
17337.72
19601.85
19388.27
18478.66
20295.85
18114.42
17518.61
15963.04
19777.08
18001.93
19466.93
18702.18
16402.26
15903.49
19507.69
17979.37
18267.08
20092.19
18010.8
17230.36
