18.11567
33.14811
55.8043
97.94049
1273.37
5719.943
6857.359
7288.228
6658.044
7129.828
6142.536
6738.607
7597.861
7001.216
6916.942
6632.8
7089.658
7559.149
7587.86
7462.291
7672.336
7650.006
8650.901
6669.386
6693.964
7381.467
7540.469
7313.685
6979.874
7869.45
7464.835
6887.128
6550.1
8278.365
6908.849
8587.068
7405.596
6616.4
7348.021
9295.818
7630.171
7439.33
7997.085
8496.745
7499.998
6678.077
7484.005
8575.064
8991.032
7272.843
7005.45
8335.97
7806.045
7571.706
7771.779
7458.187
6956.891
6965.613
7950.246
7047.493
7961.894
7240.918
7806.611
7296.364
7276.954
6974.733
9168.197
7428.8
8015.34
8165.615
7572.703
8752.632
7479.01
6783.714
7103.703
7801.034
7743.272
7444.114
7614.332
7466.64
6962.425
7896.452
8171.83
7601.244
7368.267
7356.124
7778.833
7840.702
7836.961
6936.809
9120.91
7276.641
6821.607
6026.583
7851.36
7714.946
7672.181
7826.299
7042.718
6729.903
5967.91
7994.859
8846.825
7546.455
8272.411
7317.303
8210.445
7092.515
6249.851
7235.438
7503.665
7281.934
9216.952
7228.435
7437.88
6964.298
7585.734
7232.102
6980.132
6882.203
8136.579
8106.035
7926.381
7660.821
8501.514
7198.932
7916.703
7193.842
8372.373
7608.823
8280.884
7657.956
7385.674
7008.261
7362.933
7797.135
8094.253
6485.18
6597.264
7896.092
7948.466
8465.922
8507.109
8605.576
6863.071
7348.912
8193.669
8146.87
8235.766
7671.433
8091.969
7320.803
7678.767
7323.896
7785.876
7186.652
7682.65
8369.037
7422.041
6318.361
8205.318
8229.492
7599.93
8402.513
6936.828
7773.68
7718.022
6665.165
7908.346
7560.518
7008.156
8050.291
7148.171
7460.025
7415.603
7814.296
7307.734
7289.88
7147.266
6942.054
7422.497
7675.25
6843.224
7841.691
7963.239
7965.408
8394.416
8040.754
8509.15
7619.207
8893.152
7346.861
7056.113
8266.393
7545.605
6856.8
7266.978
7838.02
7140.633
8033.823
8184.08
6683.188
6916.018
6606.687
6737.059
6538.932
7846.172
7611.852
6355.704
7317.566
6992.664
7470.597
6601.014
7471.858
7329.014
7503.947
7389.962
7451.231
7247.027
7419.198
6999.784
7677.186
7573.404
7539.306
8155.965
7438.66
7949.809
6548.505
7279.046
7641.758
7296.631
8399.801
7229.887
8261.895
7064.797
7506.33
7163.058
6802.383
6791.255
7432.206
7385.003
8174.735
7202.945
8578.611
7762.88
7316.186
6637.474
8353.684
8299.245
8048.095
7422.68
8367.742
8579.482
7640.292
7359.874
6985.469
7958.86
7833.997
7663.709
7214.389
6843.879
6505.884
7365.771
7816.293
6332.932
7309.158
8042.838
7102.153
7906.636
6602.602
7315.837
7611.876
7487.322
7737.638
8269.846
8057.023
8862.57
7186.927
7589.406
7336.288
7363.914
7824.144
8172.696
7224.077
7959.16
7479.153
7578.785
7036.597
6802.849
9037.534
7078.97
8435.959
8031.2
7359.525
7035.311
6880.002
6118.611
7250.948
6365.411
6995.516
6327.774
6507.764
7631.267
8047.226
7426.387
6056.534
7252.331
7176.365
6475.053
7093.178
7110.172
7704.65
7079.381
6767.119
7535.049
7777.167
7987.99
7231.846
7179.711
7104.038
7373.758
6894.98
7346.624
7453.679
7330.607
8165.455
7443.352
7309.574
7482.028
7103.235
7381.277
6356.016
7909.681
8060.543
7275.388
8217.911
6758.3
6530.035
7351.8
7935.512
7659.801
7234.442
8586.762
7102.528
7482.36
7023.083
8143.887
7729.34
8110.061
7051.028
7746.453
7287.58
7840.012
6886.66
8284.67
7316.115
8165.006
6554.78
8508.418
7740.867
6399.499
8516.098
8290.109
7951.461
8118.724
7939.822
6545.478
7335.413
6895.36
7594.933
7123.271
8113.047
6460.033
7071.979
7612.969
7671.159
6699.56
7176.055
8200.155
7382.427
7034.352
6051.936
5971.945
7741.315
8007.904
7518.929
6478.015
7285.209
7183.346
7285.324
7429.86
8170.75
7976.203
6922.128
7207.302
8240.95
7736.513
6567.862
7095.032
8849.221
7173.974
7917.628
7462.558
7402.579
7396.515
7704.047
7604.072
8095.342
8209.014
8271.898
7461.477
7395.053
8574.682
7897.614
7860.668
7732.329
7311.394
6877.814
6763.8
7378.539
6531.501
7565.623
7217.86
8335.213
7777.09
7510.072
7579.737
7244.855
8642.707
7223.332
6431.302
7176.546
7703.186
6836.634
6932.76
6821.866
7833.287
6870.834
7649.958
7389.307
6507.868
8293.868
7741.264
8196.456
7239.441
7129.689
8598.02
7739.077
7730.586
7139.444
6689.238
7363.142
7427.798
7791.565
8345.95
7007.619
7249.884
8011.121
7512.952
6185.652
6424.745
7359.309
7313.957
7997.582
9647.753
6588.831
8144.438
7814.278
8448.938
6333.569
7887.741
7821.284
6710.472
9137.211
8871.886
7247.76
7237.087
7717.029
7013.55
7419.272
7532.115
7113.222
8670.31
6501.521
7976.562
7360.146
7242.965
8137.196
7320.416
8087.268
6956.016
7159.036
8326.796
7109.966
6584.817
8187.639
8448.526
8309.073
7839.093
7423.346
