104.9267
92.92188
80.47878
67.06658
33.62967
13.92352
12.23331
12.67072
13.51071
13.1658
13.43304
14.2794
12.47777
13.31149
13.79788
12.31578
12.68992
12.60348
13.78521
14.92891
12.74423
13.4423
13.36636
14.73193
13.20207
13.23526
13.35329
13.24934
13.61999
14.24498
13.29094
13.34918
13.34138
12.53136
13.53255
14.69437
12.62573
14.11629
11.42439
12.11929
14.81517
13.63828
11.80286
13.57982
12.78978
13.46207
12.54922
13.68744
12.68803
13.87778
13.77476
13.53085
13.86329
13.6517
15.02785
13.77207
13.43077
14.49395
14.23893
14.21636
12.18257
13.08104
12.96283
12.55181
13.19141
13.19624
13.36235
11.66868
13.64111
13.59506
14.0573
12.50373
13.30174
14.65078
14.77798
12.68153
13.37962
13.35248
13.5128
13.87393
12.954
12.99385
12.05844
13.18266
12.55967
13.58054
12.57085
13.21926
13.3027
12.30331
14.4236
13.22774
13.8009
13.82835
14.16796
14.06045
13.61811
13.26573
14.10278
13.18492
13.08508
12.99664
14.20574
12.45726
15.24038
14.31826
12.31984
13.23709
12.35928
13.67409
12.37383
13.75753
13.61639
14.0348
13.95825
12.95132
13.10806
14.62974
12.8725
13.45055
14.0638
14.43655
13.92737
13.32281
13.72797
14.10853
13.76178
14.53732
13.0774
12.06879
13.09224
12.4288
12.18098
12.08772
13.61908
13.37963
13.45375
12.36741
11.85896
13.71092
13.7517
13.92165
14.09441
14.2637
13.56193
12.3618
13.16739
12.62129
11.4735
13.63423
14.84879
12.77979
13.57243
13.70979
13.10405
13.50978
12.56044
13.62906
13.72132
13.44983
14.25139
13.85393
13.75103
13.11971
13.89212
13.20423
13.19593
13.32162
12.96789
13.46425
13.47981
13.63818
12.9758
14.34318
13.20447
13.97646
14.84257
13.19339
14.71955
14.01295
13.28642
13.54385
12.91175
14.0413
13.18414
12.24728
13.13714
14.84488
13.30565
14.41237
13.52671
13.29861
13.0284
13.05407
12.05409
12.06319
13.12689
14.2923
13.41987
13.53739
13.59177
13.37602
12.58632
12.24396
13.49834
13.61484
13.45775
13.13634
12.84344
12.66657
13.08428
14.77891
12.92956
13.70093
12.33553
13.68878
12.16629
13.54729
13.06578
13.33985
13.39291
14.81315
14.42312
13.03019
13.71522
14.51255
14.02398
12.33123
14.8845
13.34725
11.73592
14.47137
13.21908
12.71294
13.5508
12.67798
12.42437
13.30416
12.90691
13.57536
12.32098
12.17152
13.39192
13.59619
12.32783
13.71788
13.67002
12.01066
12.72245
12.8558
12.67735
11.73127
13.45009
13.23324
12.72709
11.66341
12.1209
13.14837
13.36777
12.57688
12.77375
14.26746
11.9928
12.34065
12.7042
13.35524
13.64449
12.90286
13.37846
13.36121
12.66095
12.80091
13.55957
12.417
13.76198
13.62002
14.61865
13.57698
13.82059
13.26686
14.37182
13.82552
14.78974
13.02346
12.67201
12.77358
12.89415
15.26537
14.02442
13.18487
13.34919
13.15772
12.56149
14.43356
13.67576
13.45203
12.2424
12.9248
12.61879
14.72822
13.80572
13.59257
13.44078
11.73299
12.73043
12.37583
13.02348
13.37074
14.2096
14.0674
13.15205
13.37628
13.59042
14.03064
13.06611
13.73847
13.82976
12.84832
14.02703
12.61142
12.77075
12.22603
14.49294
14.14082
12.47648
13.10731
14.09415
13.81536
12.34802
11.74845
14.77666
13.22544
13.22812
12.56633
13.22398
12.91744
13.63759
12.43875
14.9698
13.75826
12.90859
14.39447
12.85316
13.52462
13.55616
13.13934
13.95026
12.78355
13.60058
14.59571
13.75389
13.47692
12.95152
13.32665
14.19763
12.47027
13.98961
12.18746
13.81128
13.26881
12.78546
13.2677
12.78117
12.72074
11.94096
12.86391
13.17156
13.73767
12.87763
14.23363
12.62974
14.31251
14.11003
12.9063
13.1101
12.91472
14.20889
13.01666
12.13071
13.0057
13.12869
13.50491
12.99491
13.06816
13.93349
13.21266
14.10137
13.27101
13.18671
14.95263
13.56514
12.9341
12.45062
13.17812
13.29827
13.79847
13.77568
12.94346
13.02839
13.22521
13.60196
12.89019
13.14964
13.10195
14.65155
13.36143
12.37897
12.46279
13.89249
13.27711
13.39668
13.49277
12.57011
13.36334
14.41329
13.0479
13.95879
12.89654
13.44536
12.19523
12.59534
12.77838
12.41057
13.31902
14.10607
12.9952
14.21031
13.83435
12.50606
13.16623
12.88707
11.89691
12.95008
13.49105
14.32302
12.39258
13.24031
15.17179
14.07726
13.44939
12.44
13.07994
12.70542
13.96943
12.57157
13.58242
13.41343
13.86398
13.27785
12.57877
13.18162
13.73626
14.5424
12.58676
13.7057
14.8252
13.43665
14.65449
13.13045
13.3491
13.68489
13.0107
14.01396
13.88472
14.04822
12.69112
13.25428
13.61109
14.39774
14.17652
12.31504
12.51398
13.5223
13.35329
12.94551
12.21686
13.46247
13.12268
12.12787
13.28129
13.06578
13.0153
13.75712
12.71817
12.84213
13.63534
14.00882
14.02706
12.36862
14.05447
13.41329
14.09814
13.21104
14.65165
13.34369
13.33463
13.55012
12.84941
13.37852
12.49783
