106.368
108.3483
108.8938
108.737
109.2835
109.479
109.6454
109.6334
109.8108
109.2814
109.6852
109.7441
109.6875
110.7341
111.3655
111.2192
112.3746
112.4164
111.9983
111.6964
110.8745
110.4604
109.8669
109.8751
110.085
109.6391
109.6775
108.4118
108.5326
108.4398
108.6825
108.1336
107.523
107.7036
107.0782
106.0573
106.0845
106.027
105.3299
106.2063
106.8952
107.0867
107.9631
107.5199
107.8713
107.7718
107.8224
107.4465
107.8876
107.4602
108.1746
108.0224
107.5383
108.6573
108.6933
108.7791
108.9792
108.6576
107.8865
107.7827
107.9985
108.2132
108.6147
109.2308
108.6166
109.5907
109.4443
110.3639
110.5785
110.0423
111.2794
112.6387
111.7548
111.5519
111.4256
111.9544
112.0042
111.7225
111.5307
111.794
111.3406
110.8559
110.2175
110.6613
110.9684
110.4361
110.699
110.2609
111.4143
111.6395
111.9819
113.015
112.4289
113.1534
112.2052
112.5831
112.2711
112.5846
112.2973
112.9881
113.3211
113.0275
113.353
112.4535
111.7801
111.6456
110.9453
110.5475
110.8417
111.7752
111.9553
111.5981
110.398
109.5055
108.7098
108.5983
108.3762
109.4277
110.0813
110.8221
110.9102
110.063
110.6853
111.3872
110.8788
109.9853
109.8668
109.1397
109.5503
109.5496
109.7616
109.506
110.3562
110.2422
110.2724
111.3835
111.5628
111.6628
111.7347
112.9226
113.1319
112.8204
112.3062
111.6968
111.7892
112.4573
113.0062
112.2175
111.9437
112.2945
111.8784
112.8582
112.5942
112.4835
112.8322
112.6943
112.5382
112.3649
111.6368
111.8962
112.6664
113.0839
113.202
113.236
112.8256
112.8223
112.3912
111.3808
111.371
111.4522
111.5759
110.9068
111.406
112.5013
112.7478
112.1966
112.4682
112.203
112.2194
111.9546
112.4011
112.0151
112.1495
112.4405
112.4013
112.0136
112.3313
112.4111
112.3873
112.1096
111.9628
111.6364
111.8526
111.9264
112.1037
112.1769
112.8236
112.7337
112.8963
112.5069
112.7341
113.4196
113.5175
113.6343
112.6284
113.5796
112.5467
112.4014
112.3896
113.114
112.7241
113.6656
113.0032
113.6797
113.8643
113.8643
114.012
114.9235
114.982
114.7776
115.0613
115.4216
115.4853
116.5952
117.1171
117.6826
117.5171
118.409
118.5083
118.5141
118.6432
118.2477
118.6931
118.8877
118.6718
118.87
118.4249
118.6939
118.6003
118.1877
119.4677
119.4227
118.6992
118.0766
117.1999
116.7502
116.0546
115.4298
115.0546
115.8136
115.212
114.3189
113.6148
112.6134
111.9897
111.3995
111.0408
111.6859
111.5726
112.2127
112.2532
112.7896
111.981
112.5252
112.0223
110.8
110.9702
110.8295
110.2577
110.8032
111.6039
111.1335
110.6848
111.1201
110.6945
110.4214
111.6741
111.5218
112.3566
111.8273
111.9073
111.8975
112.4016
112.2935
111.6453
111.2506
111.422
111.2659
111.1727
111.9023
111.5898
111.6826
111.6421
111.4402
111.9011
111.1512
110.6149
110.6637
110.194
109.9515
108.9692
108.3638
109.6831
109.6783
109.3318
109.3948
108.8762
107.989
108.0505
108.6836
108.5812
108.1689
107.4929
107.8632
107.4087
107.7672
107.6111
108.1664
108.1622
107.7049
107.5065
107.602
107.5012
107.4258
107.4529
107.0482
107.2799
107.455
108.1412
108.0032
108.1415
107.4468
106.8956
107.5914
107.6155
107.8418
107.7356
108.6646
108.9169
108.7204
108.3049
108.9869
107.8729
107.3605
106.9178
106.6818
105.9893
105.8495
107.1433
107.4998
108.0321
108.8084
108.6165
109.1365
109.8322
109.7155
109.6019
109.3181
108.5709
108.619
109.2452
109.4849
108.5995
109.4463
109.8385
109.0711
109.4901
109.5119
109.5758
110.0055
110.1483
109.8937
109.9523
110.3866
110.9077
110.9754
110.9686
110.3699
109.6073
109.325
109.8539
110.5301
110.5817
110.501
110.2389
111.297
111.3537
111.51
111.1274
110.9434
111.213
111.0804
110.6759
111.0708
110.8101
110.6347
110.3059
109.8867
109.4059
108.8965
108.335
108.9324
109.1302
109.0762
109.4259
109.3215
109.4469
109.9927
109.9028
110.0622
110.2889
110.6015
110.5347
110.9556
110.1187
110.7467
110.6507
110.3383
111.0331
110.343
110.7397
109.4104
109.088
108.5149
109.4226
109.7443
110.421
110.5672
111.4013
110.5352
110.2194
111.001
111.2384
111.9125
111.5853
110.7742
110.8806
110.7381
110.6067
110.6044
110.8897
110.3108
110.0579
110.0553
110.2586
110.9294
110.1957
109.4385
109.8314
109.8815
109.555
109.5082
109.8325
109.4603
109.5825
109.6651
109.6708
110.5228
110.6246
110.2061
108.9761
109.1704
107.9893
108.1495
107.5088
108.1335
107.8568
107.7832
107.7757
108.3175
107.2741
107.4513
107.6646
107.9042
108.5529
108.055
108.1177
107.8193
106.8688
106.7198
106.6459
106.8955
107.0049
108.2438
108.7408
108.7963
109.762
110.2665
110.8955
110.5459
111.0212
111.5387
112.5787
112.7619
112.9461
113.7862
113.3252
112.9788
113.4869
113.6255
