200.652
185.3452
186.804
286.7129
277.2838
354.272
367.086
386.0564
453.6344
433.4402
691.0156
997.7877
1054.209
1611.308
1282.278
2006.316
2487.622
2213.66
2461.001
2983.414
4010.781
3929.744
3928.102
4731.587
8861.214
8304.167
13267.29
19643.8
33281.95
52223.83
71469.59
111836.6
220134.3
449214
678177.4
1106099
1721913
4009936
5806368
10906159
20306024
51831047
120084883
124526778
126742287
146645847
127495806
130575510
130501919
150709258
130561158
159185123
143666270
171072244
150703712
127610253
154534951
111964861
105428578
129744781
149540788
132171205
134353394
161999629
153712705
146783622
139450057
128247918
143224505
141048932
126970775
145862779
137269139
127780158
126316719
159328588
157717429
136119878
166490224
141558235
155416091
135642352
140594441
144126475
121994852
128752257
142173046
140078353
133487527
150630454
157771000
126429245
161687259
124608810
126411283
139607328
132695230
133638757
128662258
127104109
156155138
133140131
125774004
126339628
143552624
132707090
118604904
127889396
131685925
150902090
111104669
125410135
119018727
132594083
124965255
126815214
136825707
124122411
112809008
135315471
127164074
120910122
126054863
149336020
128507751
148934422
137570173
127267767
120154062
115264445
113629161
141840892
111666371
108154136
142071109
124885863
131160787
156931438
131640081
132441241
115253219
152496222
142880341
167978107
136067688
127254026
148038514
140540156
122997774
144459511
155271041
122571586
137536257
121527143
137352023
138766353
136978812
132042178
152475106
143685154
152902707
140699194
140564675
136107932
144118033
140215722
159091213
162092570
150469138
141596257
109843437
125759588
140026523
124717454
136800511
106883117
127872090
122326285
138326417
126963492
134949179
144464416
131692550
137287212
117276364
131807068
143316735
121415473
151808394
121233983
139783230
130734503
119052431
134908314
144350702
123025230
114148061
140475393
134457307
133974631
117257890
134609386
135954973
125492260
146503830
127540644
153635984
130867542
136036771
121602412
151129882
161385068
133145734
162986531
144523976
131813526
129425211
145917585
150555250
122567368
134954221
138206441
132182148
128048988
126454105
149096133
127839943
152008259
139957427
137900905
154388082
132847356
117310646
131275451
145777211
162785432
135610714
129302955
128392237
134945417
158827734
151895997
136691451
121838290
149246525
138904765
149189691
151611545
159084100
141591288
125894278
139551101
142709587
152395975
121523542
135582634
132934777
144495417
150721249
122245200
135924862
152102848
140956843
129833364
127746294
115167470
104022650
118226346
128333113
140820024
142505696
133508207
133557775
147994995
125909427
144103173
123619118
148362435
138758817
138388831
161803928
123877560
122321629
146773327
154359696
150002159
129593099
138376722
124236978
161730660
125470141
154798036
122710931
150229308
129219887
124797662
127712901
145883156
132642776
132225532
129542394
128148826
140117982
136118585
133774155
139859575
132629724
153257525
135460333
160743039
144991961
161393016
127463195
126686285
121553232
120565882
149963673
121138666
151385456
137399640
143691169
128055451
123924581
136476703
119099752
140435668
138681741
137137871
160985779
150220074
134486866
134894731
108744632
126934687
133261444
119736292
148733662
134117086
172955875
129594740
132956062
138625245
152037871
138599463
152237210
136812581
106713251
123453058
125399150
125788042
125983128
136174725
146096621
144081287
161014399
134623898
107545833
155722005
124352511
132593068
125066673
127324356
146316543
123465336
137080377
122188812
162604858
155778145
122506353
123033786
153570357
138371325
133385170
134743909
132519539
125796456
124259154
136341533
137851547
91615021
130984908
144903498
139174989
130562951
139881699
152393507
143535787
130810910
129635167
129636649
132055397
123633071
138378216
143284327
152954350
124749874
150853931
122153955
127448179
121418294
128492312
136243020
141919195
136611124
149164721
130528140
118592540
115569605
130547426
125938076
146357375
128768287
126568273
149395866
129202945
134759564
135407651
159941863
146388983
142065084
125157691
98417060
108085290
118902086
142406990
135207953
118087841
119796087
122325276
149941092
137573244
135719112
160355328
131558352
131586737
136127338
128328083
137076412
129218209
151233667
129644715
119978757
126458522
127964505
154296178
142623932
157332693
149930594
138424053
140495295
148189443
160864680
145783839
135578370
132705584
127801248
150981948
145177518
124359099
112210732
121444598
117201500
142225132
136390710
130982272
141687401
131787593
136853381
153409245
130810918
145299196
124160502
131646940
141265691
134901351
143873660
159680950
127173790
118182126
129244434
129981933
127260650
149939987
123962810
126754275
131310338
143355961
116600540
137236636
143039736
117703898
129983667
137245403
130502435
167844488
145029053
144990521
156926879
147188969
139107151
