429.8661
435.8145
555.9396
150.104
330.1301
263.9244
375.5903
548.5386
707.0856
304.9364
192.7968
281.7976
142.9043
212.1878
466.2078
436.0589
412.514
193.1277
182.1839
394.4681
260.9376
329.8287
1318.196
450.0389
485.1118
284.2415
395.1931
153.8458
513.4849
713.6402
344.2876
269.7736
342.0315
164.1686
186.1729
620.1604
206.6362
289.7423
567.5327
426.7053
149.0745
440.8372
552.7179
242.4512
474.5039
225.2149
254.7217
419.1225
117.2212
476.9211
166.9468
260.789
125.5766
602.2199
303.955
462.0298
145.9001
209.2131
477.1279
609.1415
165.1255
235.6168
253.1579
405.3718
243.9608
281.7362
134.9042
330.0365
269.6791
104.0252
242.5268
427.8629
170.2026
142.5363
240.0846
216.4241
275.0284
218.379
377.0587
147.5804
285.8677
491.0801
955.0457
230.2846
363.6791
198.8371
456.3172
144.0512
272.3295
285.3036
180.0896
576.2303
271.1704
481.2361
295.2504
118.8387
619.2421
316.1096
438.1514
335.2816
333.6147
380.0508
166.6512
123.9162
158.0189
280.3611
209.8839
986.3448
566.356
267.27
252.6269
153.6837
243.936
270.0944
497.6276
201.1989
119.1841
150.5901
233.3827
363.8459
273.5361
273.3403
693.2934
142.6317
105.628
354.4738
657.8729
209.4884
1362.025
750.8711
222.87
179.3
406.949
420.3581
295.5792
279.2442
185.3696
351.2041
282.7737
175.3654
759.497
220.9372
473.2008
455.4675
220.9936
225.217
128.1934
212.9001
562.1709
321.5533
221.2434
273.988
172.7131
149.8401
215.9665
127.0301
384.3425
494.0483
237.1482
169.0212
653.886
471.7494
167.8041
205.9226
128.395
188.7892
262.9014
504.9418
258.4182
396.584
207.6401
504.6227
219.848
256.2839
407.8728
243.9768
170.3797
829.0587
179.5883
373.7521
535.6732
287.2336
284.6652
1054.922
618.0023
487.1808
302.9551
264.1397
284.8569
442.1298
271.1109
570.0647
212.109
447.039
243.1235
183.6168
396.832
346.9196
315.5258
188.463
477.0742
484.4939
202.669
183.5472
229.505
145.8698
392.5891
375.6278
380.3097
156.6928
196.3556
393.5359
762.4803
414.8311
896.3372
184.717
323.7345
383.5149
201.6424
268.9876
283.748
167.2162
325.8666
327.8787
213.9584
260.3046
243.4062
158.6486
369.3661
246.3675
269.6968
304.4425
347.8852
222.6778
268.8022
265.1894
246.6646
279.9462
196.5212
191.5534
181.448
381.7124
265.4131
296.7657
242.1882
237.711
132.1753
456.5001
294.8213
693.0744
314.122
188.9863
332.7491
283.3504
197.7558
810.7201
146.3711
1176.229
200.7639
208.5289
306.3017
148.4618
223.6868
281.9719
123.8495
140.5138
340.0268
244.7981
141.2461
357.9835
396.7536
309.4368
243.9523
172.7191
532.8827
214.5353
154.3611
218.3078
539.6529
407.8522
441.3943
246.196
582.7756
175.6492
241.333
280.6899
380.9294
323.2761
286.7474
417.728
238.575
165.9002
244.3737
470.1711
510.3896
195.8665
296.2906
161.4441
560.6213
168.5757
140.6893
147.7427
167.2663
360.0159
201.059
292.5019
392.9051
464.4107
214.3616
121.5667
494.3633
256.573
163.108
214.362
143.3927
189.7137
636.7074
251.8647
144.6963
283.1905
438.5605
548.8907
186.6425
242.6589
1196.479
133.4273
251.6302
282.8946
179.796
308.9501
242.4349
254.3171
414.1984
176.3797
166.5526
195.769
416.7056
352.5652
214.0681
574.9242
138.0309
874.6392
147.6182
306.913
114.6517
542.4281
155.6076
234.6498
211.2246
261.5118
234.1682
288.1145
205.7863
133.9816
242.2146
179.5311
445.1124
394.7762
220.5137
237.0182
347.9228
231.9908
215.6222
198.3572
276.2099
544.5472
170.322
145.1458
258.9276
180.6429
369.5315
158.0042
731.2545
229.1208
192.7656
247.5137
279.522
176.8741
667.1095
234.5477
196.4192
246.4338
250.477
368.4916
350.9633
437.8657
328.3729
198.5287
201.9641
530.9788
365.0818
517.2789
258.6106
184.5838
134.5841
116.7969
518.9685
408.6518
221.702
201.2493
381.4262
507.4267
189.4133
292.0207
237.8405
286.0031
178.3942
219.869
197.0998
400.5855
326.3644
176.2199
223.0106
305.4447
229.9403
165.5382
168.8774
247.3845
285.1847
456.8436
251.4577
691.5521
209.2183
192.0912
441.0132
339.4516
194.336
237.3992
784.5269
409.3822
275.0513
297.2823
167.6146
361.0014
196.0845
190.6493
375.7368
414.0294
189.2799
235.3915
814.043
361.0586
153.0464
180.6404
578.8082
152.2425
687.4359
255.7502
297.9124
728.457
437.0822
314.072
157.7024
270.6964
353.7907
342.716
183.867
621.8278
100.2376
281.0704
499.2867
325.6879
968.5561
653.8458
408.8283
257.7598
249.855
369.5998
297.2076
318.2639
438.0116
189.2211
134.2184
217.0598
516.7343
190.2757
170.8799
367.6303
125.5287
117.4882
65.35372
619.1252
378.3641
349.371
182.0567
157.5899
224.7885
251.1636
252.1612
173.6658
204.8968
715.2849
219.6698
171.5624
318.5282
785.7109
147.6952
534.4161
148.0702
192.4806
