81.1253
60.86462
52.99661
34.9006
25.66266
28.56892
37.59011
40.63784
41.75092
37.95409
48.06032
45.61713
28.38485
25.35209
20.6269
30.49738
29.57579
20.35526
27.54972
36.41068
44.47313
37.12392
35.15041
29.93621
29.31498
21.07753
21.56105
15.88612
24.44504
31.48398
25.97448
32.66687
27.34476
21.83323
21.71016
31.61546
30.01304
34.7081
27.93934
18.08136
16.64468
23.48784
26.91479
35.10259
29.36423
35.55996
33.94702
29.30027
27.2282
20.8159
18.98526
19.16284
16.01527
14.23367
23.58584
23.97251
18.17103
17.79693
18.56683
31.04283
27.93224
34.89009
28.13404
31.03752
27.00735
28.94216
29.70496
29.43592
27.74752
26.14691
28.66871
41.27526
40.48329
32.32185
20.34348
22.8701
20.27981
22.21593
21.35604
21.04675
15.53331
17.86368
23.82894
18.11221
25.23078
19.64531
16.1331
16.54165
24.87469
23.37448
28.6078
29.79465
33.98751
19.31854
16.36934
11.76993
14.7637
19.82636
16.47155
14.98655
23.46324
27.13729
22.80768
17.6915
18.21465
20.36786
30.01803
37.13507
37.68546
29.20219
23.16917
36.05356
37.90698
44.19308
28.62537
27.05161
26.88872
27.0806
21.86592
19.80893
26.54979
34.14269
35.75184
31.60319
33.27701
35.22378
32.23558
29.19911
33.75312
23.44087
20.44171
19.73028
25.74526
15.41122
25.051
22.30565
23.74038
19.74554
19.82
16.50014
22.42494
24.5691
29.88886
27.32395
27.09958
27.97534
28.43412
32.99922
29.80809
21.33974
20.96616
28.6587
29.69058
24.14563
26.15616
30.45065
35.45024
33.99589
28.49315
27.34019
31.80129
37.69031
35.02622
36.3422
20.51733
21.59858
18.7508
22.42406
19.72213
16.29044
25.36541
16.65238
22.52001
19.69361
21.66323
19.76126
17.5396
15.85983
17.78085
13.51047
17.81157
22.9781
20.84399
35.59375
34.50398
31.69061
54.34408
67.74514
41.22518
46.0383
40.50737
28.67731
21.48097
19.99024
20.12427
24.6864
21.82793
20.82668
28.83208
21.629
31.26975
30.983
32.57909
31.26176
30.22787
38.72252
42.72782
29.9348
16.52365
30.25169
35.47589
29.56607
25.96945
21.04238
26.5576
24.36534
34.20391
34.5551
29.67659
27.76811
28.57786
22.60919
21.52795
21.06064
27.76847
30.67546
28.88232
31.15939
29.77763
28.11468
24.82482
28.03328
25.88053
25.06263
22.31913
24.0853
31.93497
27.74519
23.65044
22.74829
28.35024
26.70793
28.65237
17.43363
17.8601
26.85732
38.32824
42.5777
36.23504
22.8055
24.83057
18.10358
16.74987
18.67
20.62982
18.98251
19.83189
18.02167
22.76994
24.96306
16.90088
22.28112
37.45907
47.18126
34.27853
27.4284
16.06268
23.98828
15.81787
17.90726
22.62349
23.37254
33.20493
25.60215
35.99166
30.54187
27.76703
28.07954
43.00185
27.3066
34.48194
28.30489
30.112
20.65055
20.60573
23.41948
16.75893
17.47547
13.36219
20.9003
16.9061
20.25865
16.1346
19.2972
26.79224
24.15542
15.49765
16.57368
22.35282
26.67542
26.85282
20.18878
26.92976
19.32328
25.21203
33.0491
21.04488
21.73843
17.74889
21.86304
19.73933
15.71319
22.87499
19.49846
14.23003
26.89257
22.44347
23.82133
20.16114
25.33768
18.30665
23.28158
26.25451
24.47853
30.16696
25.84396
34.9862
32.04474
16.4451
16.21334
18.14247
14.89382
20.00669
27.37385
23.24933
19.50215
18.66719
13.38778
15.79742
13.8945
13.66639
20.58195
16.85615
28.54065
27.59741
15.97756
20.91461
18.65492
25.55823
27.71533
32.64388
28.65485
33.66117
44.51018
33.34299
25.50851
31.61688
42.82899
33.14429
29.83423
29.97558
29.67397
29.4665
21.77062
22.91234
22.39068
29.59224
24.82443
30.17347
31.15591
34.72369
26.68559
23.21896
39.23095
50.19493
42.58007
34.03629
32.339
28.50252
24.11796
30.31995
41.50698
41.49483
42.919
39.76227
53.59149
53.87374
54.73735
45.77528
51.07427
45.92259
34.76536
35.71943
24.6296
31.47375
22.59807
25.18259
22.06399
18.11993
11.76751
17.22324
20.33506
22.79332
18.37984
22.75746
24.97558
28.00946
27.00872
28.75784
31.87173
28.74849
24.56005
34.0235
29.63948
17.87792
29.04193
29.35834
28.46316
25.9822
22.60089
25.46602
27.91033
24.28116
25.1199
19.7896
17.05272
22.31145
23.89788
20.68656
25.35965
36.51025
31.85564
27.47639
22.14051
21.84981
25.43275
21.43656
20.40785
28.91288
25.59444
15.31444
27.79457
31.88802
26.09872
26.8641
26.65144
26.33562
23.81823
40.12017
36.34837
31.28301
26.95746
27.16898
22.82181
20.18532
28.07764
27.66646
28.83997
20.49944
25.51635
35.17134
25.84465
23.467
26.68658
25.55936
23.90057
33.76838
35.63089
34.89631
23.7962
17.69755
22.13814
22.67074
28.54643
36.60638
41.5505
39.79851
48.47769
41.08347
44.7742
38.94385
46.87482
26.8309
28.69075
35.8996
38.53619
24.58439
28.75917
34.91872
29.61521
20.66979
19.75226
19.55558
19.58687
23.89197
16.45427
23.17649
22.12478
26.15998
21.37445
