70.25619
86.06739
90.01735
88.85426
95.78634
105.0155
80.59389
97.2202
92.51973
87.69803
96.23638
95.99986
81.601
90.09895
85.5306
82.13643
92.84574
101.0145
95.56706
94.45304
101.4158
84.5336
89.67008
85.04507
90.95094
91.40705
83.91404
93.70567
87.53202
101.0909
95.13529
105.8458
93.60995
102.9075
84.81649
100.2574
88.67512
89.27004
112.1935
91.12081
100.4882
106.01
87.48641
83.6614
103.135
82.92126
105.5988
99.36636
81.63351
85.94715
89.29945
92.26647
94.84845
110.0728
102.6548
89.56159
99.4833
102.8766
85.4848
89.28256
103.2428
79.97598
85.91052
97.83429
91.59887
94.52038
85.58477
78.87879
86.24971
98.60462
97.18071
90.15742
108.1267
90.74908
81.15156
98.71711
75.81654
95.71659
101.0958
93.04055
95.80799
94.05699
107.6622
104.7278
98.65696
92.45001
97.83887
87.31193
88.76478
95.61271
88.92187
106.0553
99.11284
91.65093
88.0037
91.55863
92.85689
90.89948
95.08329
102.8265
93.2073
94.15848
98.96651
90.75976
94.6236
92.8156
92.86728
99.52999
88.42882
90.15662
79.88978
92.6024
89.00725
88.02988
102.3653
97.37273
95.78348
88.55797
95.71786
96.91295
107.3097
91.31493
98.87484
96.74764
105.9516
95.77759
84.70098
93.96559
90.88137
88.07581
77.26826
94.99176
103.2408
85.7993
89.1005
91.03553
87.87294
86.53381
90.85602
93.21731
100.6611
83.27421
93.64898
83.02367
94.89171
95.05662
89.09693
85.16277
81.64134
82.36595
91.67442
98.39398
95.22439
83.32326
102.5023
99.17042
92.90044
100.7125
96.23651
104.2217
83.19164
99.12257
91.2477
91.39285
98.22553
84.77804
95.68065
108.1645
109.4949
104.5174
92.67719
88.05039
85.8456
79.7875
85.57746
90.52617
94.45768
101.0773
83.87624
91.63131
97.36399
104.6742
83.98905
103.0987
93.83069
106.9499
97.60879
81.45852
87.8001
95.05157
90.71673
90.27992
85.80324
101.5577
98.8214
80.59956
88.49343
105.9348
93.48568
103.3654
84.81205
90.05005
105.0141
92.84088
102.5945
92.18964
95.71268
90.94709
77.40655
85.47687
110.2588
96.24407
85.32723
76.26179
90.60502
86.49176
105.539
103.355
84.98995
88.85771
91.30074
94.06953
90.38587
99.28034
98.20109
89.6105
107.8065
102.3071
87.60383
98.01412
97.31304
102.0566
100.4075
104.7115
96.89274
84.72816
108.4742
91.68703
82.47703
94.95403
83.35304
89.2159
95.05438
96.38677
111.3137
110.4455
118.5189
94.66354
98.82478
102.2144
97.25547
90.88109
95.29499
98.72679
103.8289
103.1823
99.63003
95.70592
97.87988
98.53347
92.99794
75.57416
90.74555
99.47352
98.30056
93.26959
100.6117
85.3364
93.47067
92.60244
95.57548
89.96758
81.88062
80.40257
94.90711
97.73293
118.4416
91.21545
82.10539
80.05849
93.10582
93.14875
91.67056
102.7419
99.15647
86.51345
92.09111
96.6654
113.1582
98.47728
86.87563
85.95303
103.3889
92.48351
87.50154
94.03718
106.814
75.82766
88.92059
103.1057
90.38873
99.80434
98.60071
99.1209
86.28755
92.47648
112.3797
90.13257
96.12729
87.26808
85.43863
84.25006
91.67825
86.58783
82.23864
85.42361
91.5897
89.60557
106.1978
94.48518
92.95454
92.40391
106.584
88.77732
97.11179
98.40459
105.5963
93.65596
98.96455
86.77667
89.72904
106.9515
81.95295
88.22003
102.5867
85.0223
99.16117
84.18167
88.22748
90.17234
100.9038
84.3824
102.0103
82.06199
100.3001
110.2636
93.99821
87.50926
88.43211
102.5479
86.93713
100.2758
96.10226
92.91686
82.75265
105.2995
91.75842
90.88718
85.63338
79.35292
87.99855
85.61801
83.8671
79.16065
123.2685
92.32001
85.08192
94.62028
103.3274
97.57523
92.81786
97.62701
89.37242
96.45385
100.8211
84.76929
99.42398
92.95263
92.94557
102.4911
93.19322
97.30294
103.8379
92.94449
92.79445
106.7214
102.7738
93.77763
100.2804
87.4448
91.11278
95.35612
110.1458
98.41204
97.1846
92.59274
105.8738
104.8668
106.3361
100.4825
94.1563
84.61393
96.08764
102.967
111.9979
88.76625
81.39927
79.04783
93.54575
94.54261
97.768
92.60661
90.27647
85.08411
89.84068
98.45961
94.10487
74.37789
79.65579
97.82781
98.73918
97.12056
103.8491
96.10387
95.71439
90.42596
90.21478
93.07989
80.80227
94.09745
102.0802
94.54202
87.71293
92.853
106.1255
88.03277
93.74464
102.095
101.0518
105.7366
94.33095
79.75534
87.12843
94.07194
107.9954
91.07128
107.895
103.3153
92.32734
92.52999
103.8101
91.42618
107.812
91.77444
95.3288
87.99954
94.42375
101.3082
101.7904
89.00892
97.5437
89.56675
77.97964
98.82339
103.3389
96.68896
90.9829
91.06347
105.0389
87.18714
83.87746
91.02882
108.3126
81.86543
89.01769
94.43924
92.52736
93.96581
83.94646
94.04887
84.37308
99.36854
108.405
94.82122
88.85662
93.85449
92.51641
90.74346
96.22639
84.33897
94.62419
93.00225
88.46015
96.43307
87.95498
94.16116
104.0682
80.83195
101.8007
84.9434
