0.362256
1.074391
0.195514
0.1071185
0.4483275
0.3795007
0.9548505
0.1840489
0.182529
1.806041
1.650239
0.2041645
1.221709
1.422239
0.768463
0.5538118
0.4195809
0.1595937
0.4744073
0.8931587
0.2104879
0.3911076
0.1207558
0.3222462
0.8247039
0.2505609
0.4780807
0.1688665
0.08855791
1.053801
0.09691909
0.5043605
0.7118909
1.284755
2.753961
7.945856
2.139045
1.828149
1.246723
1.836495
0.1684465
0.4595751
0.5361572
0.447064
0.4041899
0.3765264
0.6937492
0.1457376
0.7697195
0.2097673
1.824489
0.1473713
1.064706
1.250001
0.7360631
0.2175294
0.4221696
0.5713457
0.1839542
0.2108174
0.1469628
0.2948334
0.3247797
0.4765644
1.511635
0.204771
0.3812196
0.1796628
0.6434716
0.6291656
0.3386408
0.4587077
0.1776753
0.2480948
0.6479558
0.3460606
0.1559691
0.128627
0.5192932
0.2180553
0.2639056
0.7550734
0.8099821
0.9925752
0.454406
0.2642479
0.284267
0.2701102
0.350709
0.2059342
0.4320311
0.1873879
0.1421565
0.3736248
0.1616315
0.4714677
0.2975368
0.7419778
0.1822728
0.320463
0.2460162
0.5747199
0.4426577
0.2008745
1.118141
0.5790687
0.5332881
0.2590944
0.4391759
0.3314824
0.8222485
0.3085127
0.3296274
0.3085121
0.7796163
0.3509643
0.3732996
0.3170485
0.1996946
0.4220457
0.2331179
0.4893171
0.2422001
0.3344282
0.5102406
0.575043
0.4801173
0.1955547
0.4442545
2.218752
0.3257138
1.570194
0.1744364
0.4079237
0.7891029
0.3271006
0.2264556
0.2837558
0.4454344
0.6078986
0.3601278
0.147877
0.7547839
0.2197441
0.2472195
0.2392536
0.3563621
0.2796391
0.2078754
0.478673
2.224678
1.641051
0.1198972
0.3904222
0.3530413
0.5188086
1.307715
0.1520616
0.233409
0.3193638
0.5070969
0.5746169
0.2686776
0.167269
0.2533124
0.2425985
0.3350562
0.4714555
0.4648873
0.983939
0.5439412
0.5238241
0.5554993
0.3593358
0.3369376
0.340559
0.628016
0.441848
0.379657
0.2626002
0.2977591
0.2586293
0.2001431
1.559689
0.3416622
0.3971515
0.4591135
0.3364094
0.2046115
0.3642387
0.2871371
0.4950799
0.1333414
0.3427405
0.2387539
0.6606987
0.8021752
0.2027573
0.6132142
1.020085
0.6600619
0.6084502
0.5864854
0.2714038
0.4669006
0.2164591
0.1861228
0.4711862
0.1670662
0.3149777
0.9688706
0.7896421
1.504641
0.2834107
0.3133271
0.592986
0.2909976
1.262767
0.1051062
1.348432
0.2954541
0.197911
0.4488771
0.4138226
0.2091275
0.3999707
0.4500387
0.2225188
0.262929
0.7700122
0.1979768
0.6469265
0.1565065
0.300385
0.1950545
0.2582097
0.2925308
0.7698239
0.3715123
0.2043656
1.157911
0.0741289
1.172909
0.4786706
0.5131216
0.5838976
0.30341
0.353649
0.7426314
0.4731859
0.6269603
0.186256
0.3786484
0.9446996
0.2501237
1.663343
0.1666407
0.7005926
0.5994277
0.4454362
0.46513
0.2263946
0.6112632
0.7351741
0.3180199
0.5055502
0.5128097
0.7855849
0.457573
0.1377479
0.3321242
0.3011468
0.465036
0.1871992
0.4826266
0.2205589
0.6465496
0.5934373
0.261002
0.4614662
0.784539
0.4250824
0.261701
0.1249108
0.3169161
0.5385394
0.2964153
0.839135
0.3631166
0.7397253
0.1987155
0.3991471
0.1668172
0.4924536
0.2777777
0.5921625
0.3259246
0.5181982
0.1054507
0.1724024
0.4306544
0.4401846
0.3087548
0.2250848
0.2055483
0.43317
0.2815142
0.27489
0.3476851
0.2493475
0.3008914
0.2329407
0.2202256
0.3256235
0.2552551
0.3881719
0.2469475
0.4086718
0.5869242
0.5278622
0.3371567
0.5687466
0.1625822
0.281692
1.217088
0.4352342
0.2025436
0.1901707
0.3723978
0.3615766
0.3186645
0.3534672
1.207473
0.5637857
0.3428364
0.1828729
0.1872967
0.2234346
0.6056535
0.2667424
0.7533748
0.303056
0.3684809
0.2006282
0.4040772
0.2027178
0.4302812
1.141081
0.2801962
0.3803005
0.1813758
0.2231971
0.7071233
0.1611895
0.6360103
0.2391641
0.6634381
0.1972548
0.4096479
0.4165053
0.6218656
0.1454016
0.2171869
0.1336644
0.1685749
0.1836119
0.2294548
0.2503849
0.748278
0.3113072
0.4690102
0.2231108
0.7118995
0.2035527
0.5591763
1.13181
0.1464296
0.1092339
0.1482006
0.192233
0.3027
0.629202
0.219983
0.2727705
0.5697414
0.1662013
0.2518947
0.6429977
1.858554
0.3834028
0.488768
0.9586536
1.186537
0.4422981
0.1482422
0.3489577
0.1659492
0.1526969
0.1627809
0.2675554
0.3074115
0.6400422
0.5546691
0.453814
0.6750461
0.3187608
0.6450408
0.3354591
0.1460423
0.2147076
0.4599541
0.09184335
0.7233445
0.5665608
0.8055896
0.337408
0.4433772
0.2727678
0.4693409
0.1941547
1.093803
0.4235591
0.1620769
0.4935855
0.3580947
0.3203638
0.393956
0.4043628
0.4047842
0.7525401
0.1296718
0.2233734
0.1195475
0.6541301
0.5503879
0.4500676
0.2627084
0.2644085
0.8738766
3.966484
6.849846
1.345163
0.207107
0.2140616
0.3803734
0.1939006
0.3717432
0.9907577
0.1052563
0.3244221
0.2816356
0.19019
0.2423049
0.7276095
0.1237499
0.2723204
0.1448801
0.1810426
0.2286929
0.1802197
0.4763629
0.649122
0.2383599
0.1601262
0.1744277
0.7151631
0.2746636
0.569714
0.2297621
0.1800112
0.1770805
0.2514148
0.4020444
0.281476
0.4416511
0.3956862
2.130185
0.4654856
0.1244349
0.143299
0.231914
0.3440505
0.2600938
0.2789083
0.2222883
0.493585
0.4161839
0.2588186
1.173895
0.4724516
0.4864886
0.4643364
0.5250342
0.5624351
0.6732225
3.667814
1.899738
2.198596
0.6718217
0.1877817
