14.19516
12.85889
11.52957
12.91587
12.4314
10.74872
12.7293
12.14263
12.31385
11.26393
11.78288
12.88193
11.66472
12.1935
12.73351
11.95074
11.39592
13.19831
11.69299
12.31932
11.65266
12.99523
11.99153
11.8694
14.22942
13.39997
13.9563
13.53714
13.37947
12.7768
11.55742
13.57926
12.19705
12.11615
12.06288
11.03678
12.23033
12.00311
13.49679
12.71081
9.745558
11.95319
12.44871
13.02707
12.06251
12.10376
11.46595
11.58839
13.03933
13.31757
13.03948
11.32099
12.69231
11.16556
11.7117
13.03481
12.96532
10.99751
13.3202
11.00527
13.04409
12.28123
13.85088
11.89713
12.63071
12.64823
12.9619
11.1642
14.22602
12.34511
10.95572
12.975
12.63854
12.13025
12.431
12.21701
11.68131
13.19868
12.59654
12.82656
11.47968
10.48922
11.2183
13.22847
11.8652
11.9925
11.76122
11.63554
11.79518
12.77012
13.0469
12.67242
13.70718
11.58989
12.82287
12.14362
13.06335
11.47304
13.05341
13.75481
13.86385
10.86814
11.26198
12.75182
12.74389
12.58703
11.6938
11.79853
13.46421
10.75966
15.99555
12.80088
11.67282
13.1131
13.2376
12.71071
12.59738
12.79058
11.38228
11.86893
12.34287
13.7431
11.11022
11.70015
13.3696
12.03143
13.86466
13.80098
11.97241
11.89169
14.00846
11.16606
14.27087
12.83288
12.20845
12.80007
12.97662
10.9678
11.66312
12.78085
11.39778
12.41675
11.29012
12.64534
13.61674
13.01591
11.90351
13.03273
11.7601
11.69767
12.53305
11.86586
10.84867
11.84034
14.66528
11.71421
11.92298
11.94323
12.95978
11.90488
12.38395
14.72545
11.39428
12.94082
12.20873
13.39823
13.41419
11.1534
11.33782
11.64372
12.55817
12.89117
12.27812
13.28547
11.98679
11.61302
13.61696
12.36482
12.46004
12.68523
13.89437
12.71959
12.6154
11.62434
12.80448
12.30024
12.82382
13.03142
10.35509
12.36546
13.31174
13.42796
11.92132
11.10417
12.36542
11.34246
14.00852
10.95665
11.84607
12.98183
11.99511
11.78769
13.38044
11.79683
13.08867
11.20378
12.98793
14.82951
12.22533
13.60308
11.79771
13.24473
14.00639
14.52267
12.31691
12.74863
11.53906
12.5568
13.0853
12.05597
13.04159
11.97217
12.72396
12.56359
12.2795
13.34871
12.16315
12.68152
12.40441
11.9659
12.58449
11.38011
12.7194
10.5772
12.5376
13.13498
11.77752
12.35178
13.02358
11.90713
13.09031
12.67875
14.69056
12.75336
11.49068
11.78855
12.96276
13.51271
11.20705
12.59598
12.32037
10.98669
12.01175
12.80581
13.39324
12.50636
12.80937
11.9691
13.22843
13.38715
11.87283
13.25707
14.17754
12.36673
12.59494
11.54107
11.86109
12.58835
12.17254
13.81821
12.14384
12.74067
13.38311
13.38997
13.51984
12.71351
13.41394
12.10116
13.64046
12.97425
11.90654
11.74826
12.39191
11.165
10.28457
12.87001
11.7726
12.43044
11.97175
12.45018
12.45977
12.47276
13.03818
11.26552
13.01117
14.01563
11.40367
12.21521
11.66558
11.53544
13.63248
12.64846
13.84435
12.10342
11.53663
12.42098
12.63615
12.91713
11.8358
13.22308
10.73717
13.45463
12.19794
13.03996
12.72385
12.54663
11.78798
12.56575
11.15956
13.41656
11.82556
12.84081
12.36015
13.70831
12.89649
13.26039
13.58313
13.6563
12.43604
11.02563
13.127
12.68726
14.39681
14.13358
12.49157
14.3293
12.7614
11.93885
13.23239
13.02187
11.99335
12.90977
11.52263
13.53356
10.97539
12.03057
15.1064
10.98868
13.30255
12.18657
12.14691
11.58807
13.31147
11.79664
13.05092
13.90806
11.64279
12.42816
12.04072
12.46552
13.00524
13.40595
13.12615
11.61224
12.05361
11.47244
13.99453
11.96122
12.19124
10.49923
10.71927
10.95186
13.30418
11.63124
13.31032
14.50859
12.64997
13.35582
12.75784
11.31374
11.90465
12.92986
11.60541
12.13035
12.44701
13.68574
11.72438
12.57326
11.67281
13.25939
12.60177
12.64684
13.53177
13.43223
13.70099
12.14155
13.5749
13.93273
11.72277
11.92569
13.87488
12.98193
12.38691
11.40669
13.568
15.14954
12.11926
13.90358
11.40552
11.77273
12.51461
12.08826
13.79558
11.78386
12.75324
11.3144
14.75697
11.65432
11.6474
13.01849
13.62983
12.41944
12.16529
12.91321
12.63645
13.87549
12.29971
11.17107
11.47153
11.50699
13.96764
13.03999
12.05217
12.61351
10.81146
14.07684
12.00332
12.86871
13.2564
12.19443
12.3528
11.73043
10.74582
13.4914
13.01275
12.1244
11.97011
12.8508
13.08219
11.87785
11.19647
12.31677
11.19743
12.65348
12.04624
13.98002
12.52094
11.67351
12.65321
13.21806
11.80848
13.17324
13.17933
11.7133
10.9493
10.96519
14.59448
12.76394
12.36722
11.17722
12.38681
11.50122
12.78993
10.86443
13.6652
13.12814
11.63859
12.865
13.71558
12.49636
12.98913
11.48647
11.7765
12.90848
11.28028
11.11227
11.02313
11.80311
10.64495
13.15997
12.35694
12.01992
11.9018
12.80869
12.22557
11.96487
12.95402
13.32353
13.25077
11.35801
