35.50956
25.5824
25.60203
22.67288
25.09551
26.51813
23.10043
27.65247
21.73123
23.44325
21.02261
21.92842
23.64533
23.47959
26.08473
23.81625
24.03123
23.06015
21.68016
20.74314
22.35505
24.70315
26.07176
20.41905
26.02351
23.48425
21.97418
29.71121
20.73473
25.56065
26.90507
27.27395
23.40702
22.59715
25.75935
23.79828
22.52424
19.78528
22.38217
28.51971
27.18614
28.55937
29.08443
27.42976
23.61879
21.06563
25.87225
26.52551
23.5127
20.17258
22.22582
26.34513
21.24213
23.86218
28.8037
26.75697
21.29273
24.36068
22.44353
29.79501
27.85976
25.2233
26.64623
25.5668
25.90214
23.52139
26.51552
21.94175
24.85692
23.44532
26.4011
28.08804
32.49187
25.43728
22.54012
24.75214
31.25685
24.93644
25.65002
27.1957
20.28074
18.98361
20.57828
24.26798
27.44561
25.24331
25.06734
26.12931
25.34883
25.82975
26.87644
30.14637
25.40996
32.28856
25.36387
27.0952
29.42447
24.55534
23.87032
22.95757
22.35343
27.6636
26.19724
24.11139
24.89457
20.3674
25.07725
24.12981
24.14285
24.25471
19.47758
23.90007
24.21578
28.45706
24.38381
21.79135
21.39826
19.36335
23.7524
27.5411
23.2293
24.99237
21.60417
27.45973
26.45337
20.53786
20.88518
26.97875
26.85528
22.75453
29.21591
26.36708
36.03846
26.05942
24.71705
21.69024
25.60289
23.80717
29.5899
25.3666
22.64384
26.20868
23.61397
25.01809
25.60292
26.14602
29.56276
26.52706
29.93728
21.69908
20.87977
25.72087
27.26512
24.78979
22.32839
21.96461
26.22217
27.08391
24.8283
20.6033
22.69191
28.11816
23.78902
23.19336
25.34223
24.9086
24.54085
26.08255
28.39506
25.64978
24.65825
27.35708
24.27107
25.55106
27.28495
23.05819
26.28868
27.12212
26.43288
25.32282
26.67988
25.17578
29.47471
31.45325
24.36007
20.31832
21.8835
26.28466
27.73502
23.44658
24.69278
29.37761
26.09475
22.35237
19.86493
21.87895
25.53715
23.16695
25.0768
23.42449
24.99435
25.16195
26.36891
26.52337
25.08788
24.60777
23.08819
23.56315
22.42147
21.03136
22.61815
25.26017
23.82039
31.92036
25.38845
21.41413
23.48274
23.86982
25.89932
22.90527
29.12885
25.62629
19.79442
25.54874
25.53978
26.18892
25.01043
30.83229
26.64376
28.88645
20.89239
23.17435
19.91404
16.92868
22.85271
26.53249
22.81871
24.27102
28.16791
23.22368
23.13665
24.25876
21.96582
25.22091
26.82816
23.41704
22.94561
26.28336
22.66388
25.71981
24.77475
25.94352
31.27216
25.48583
23.6396
26.52271
27.4773
28.16054
29.40722
31.56644
26.57924
21.60761
22.3601
24.72764
22.65462
23.7875
20.38145
22.53544
18.77216
27.61577
28.67188
25.42499
23.03174
30.43281
25.58909
20.56478
27.22959
27.03805
22.92574
20.83649
24.7951
23.72116
28.02148
24.53191
22.77021
20.28339
20.2062
22.87531
22.94706
26.12149
25.68267
24.7517
25.72475
23.82
23.35371
20.44904
24.88953
23.67866
29.11386
27.77831
24.66685
24.66498
28.08269
25.05395
27.14496
19.91617
23.50937
29.71952
25.0617
27.25084
26.83887
23.27001
21.58221
19.58555
20.44475
23.95976
24.88094
27.43952
20.64633
28.66995
23.72315
30.67538
24.76489
24.398
19.01275
24.6228
29.78954
25.71218
24.99211
31.9336
27.35964
26.44946
24.62106
26.15797
26.08949
27.57413
21.4596
23.88731
21.47723
23.02573
21.16737
25.93485
27.12566
24.49377
22.54651
24.73926
24.66684
24.34426
21.39766
26.82491
29.1718
21.76182
20.75696
23.74043
28.27653
23.44631
20.34221
21.36596
26.73882
29.49153
28.26839
21.38783
26.21965
25.79716
24.03444
26.00047
22.28821
27.76891
23.39915
24.77739
29.15336
24.79022
30.55948
28.0421
21.18033
23.53278
28.41641
23.53668
23.54344
20.87501
26.71096
22.08881
21.65142
22.72484
24.4689
26.95009
24.04998
27.20205
28.00847
22.8557
26.03568
23.37109
25.98086
26.33369
28.81435
28.53602
25.2315
27.51325
29.13149
22.18642
24.0931
27.06773
24.70717
28.72255
23.39795
25.39392
26.54779
23.51022
25.61489
25.87556
20.48325
28.24457
23.01048
23.4618
23.85766
28.95701
29.052
21.98278
20.09414
26.7276
25.10224
27.58103
26.63136
21.84025
25.63488
25.21084
17.82517
22.00307
18.54116
27.20473
21.68942
23.8823
25.2984
25.52409
22.17367
26.54874
24.03871
24.44414
25.37819
22.42682
22.00967
24.60693
24.45805
23.29126
21.53348
24.18487
21.66343
28.39126
20.8355
25.84568
27.22396
27.61416
25.42341
27.06806
23.49835
25.53743
26.48639
26.55628
20.66441
25.71692
21.98737
27.21627
20.62958
20.67083
20.77025
21.06569
29.25393
25.41098
26.17104
24.84571
26.66332
17.59391
20.00685
17.41705
20.9881
24.77995
30.5641
26.91671
24.24641
23.67643
30.52824
22.17182
21.67148
25.00959
22.96726
27.99055
20.13889
28.69709
25.36356
25.88967
29.55723
26.65816
22.17867
24.80077
24.07131
28.4034
21.57579
17.83432
21.195
21.86915
