83.95149
89.6522
92.22322
94.66808
96.63901
93.62328
88.09768
84.35852
83.71929
85.23299
87.49873
85.96796
82.7407
77.65763
73.94044
73.11705
72.09931
75.08689
79.58046
79.54537
75.61797
74.60864
70.03273
67.898
67.88945
65.63924
67.18943
70.50031
73.94068
67.62479
68.54285
72.67624
80.80033
88.33733
91.88687
92.81391
93.15209
94.62053
97.6485
98.56129
91.42354
91.30809
90.85254
88.21646
90.9766
89.22294
84.68562
82.95481
86.00431
87.29713
83.53504
78.56818
79.03488
77.94626
75.9312
76.94346
74.99206
72.0417
70.25499
66.77316
67.25569
73.35402
72.60229
71.25345
71.1133
73.18922
72.25766
68.54947
70.28925
73.94584
81.34594
78.54648
78.40211
73.79329
79.54656
84.39056
81.40325
76.68235
73.08935
70.49656
67.4586
71.46836
76.6853
70.72097
65.00777
63.00001
67.08459
65.54241
69.07648
68.76289
67.95862
62.53126
63.18589
64.31487
62.60223
69.53589
72.30082
79.3263
77.22254
82.12275
77.84938
77.77304
78.26433
77.09077
73.34833
74.1731
71.55622
78.05945
75.8599
79.62472
83.95838
82.83804
78.69316
75.54181
77.13327
72.45053
72.82496
67.15396
68.83823
73.0408
73.118
72.60847
77.21645
71.57343
66.45902
67.22581
66.91096
73.49048
77.33159
80.41593
81.08326
80.53828
80.76643
86.57074
88.44208
84.83873
90.02073
90.26142
88.67284
87.96252
88.00361
91.61944
89.86058
93.9523
94.55853
94.42011
91.19118
89.15913
92.96055
94.52341
98.39255
98.51563
101.0858
105.1031
107.659
103.5181
104.8516
100.414
96.7934
96.524
94.83573
94.11415
96.59238
99.31936
98.86571
99.59699
95.14595
99.02584
99.35149
98.99512
101.9528
98.47405
98.89877
94.93789
90.73416
86.93468
84.7838
77.48532
80.56589
74.11847
73.19527
68.33571
61.23516
63.24255
70.84215
77.46105
77.62857
71.15631
67.95092
66.16677
65.29093
62.29022
64.91661
62.84099
56.14981
56.97604
56.3568
55.30437
55.94509
49.2103
50.92864
49.52505
46.18281
46.79828
44.51325
45.65932
45.43682
43.69616
38.92102
41.96383
41.27047
35.06352
35.92439
34.42971
38.05715
39.04376
41.57183
31.67191
30.86434
30.40199
32.98794
38.4532
39.00384
41.67169
46.90247
47.71868
49.05702
49.2051
50.49879
57.61773
54.08508
52.82285
54.90066
59.28928
53.01153
54.27642
55.18833
56.43144
59.1577
59.63871
57.70975
60.49983
66.04902
61.48353
53.99789
62.42803
62.8175
62.68903
60.58294
63.50456
62.04489
63.50808
63.50908
61.47552
61.31982
65.58337
65.47169
67.12744
65.25087
63.33567
61.12464
55.65291
60.65509
65.96226
68.25826
75.40049
72.03121
71.31984
73.75587
81.81466
82.65172
79.33221
79.86067
84.2271
78.6487
71.64079
69.2296
73.45874
72.12334
77.32609
73.61607
72.51533
74.7864
77.72292
77.96309
80.2499
82.2029
78.30637
74.10125
72.55608
67.56969
69.30631
73.67986
77.0811
77.3341
82.14419
78.95756
82.77314
85.92393
87.11006
87.37164
93.19395
87.09145
92.23187
80.55051
75.62245
79.64937
79.34392
87.50051
90.07585
87.88068
83.79654
84.1338
76.02345
78.51163
74.93574
75.98333
77.43519
78.54265
78.34885
74.76122
78.18331
77.36924
85.14107
83.39336
83.41318
93.07168
84.44778
88.29249
84.77077
85.93864
87.87782
84.21811
79.16362
78.82029
78.26727
75.74047
73.6526
79.28922
75.73194
86.74571
83.81094
82.27225
78.51167
81.83507
85.83484
90.47345
91.62084
95.9658
97.85081
99.03956
93.32194
94.66289
95.52435
92.98152
95.48004
95.74395
94.58811
97.97362
101.9404
96.99469
93.61961
88.02162
86.29177
89.00451
91.99562
91.45452
87.14049
92.16081
96.91341
93.67875
90.11203
95.83591
92.10354
90.00052
90.25391
88.72505
81.52383
81.51867
75.51716
80.22621
83.66256
86.07976
85.34151
78.40643
81.76289
82.91431
81.62207
83.03363
81.37281
81.57402
76.16905
82.10311
79.24783
77.83354
84.71161
86.63038
90.24933
89.44005
86.03032
87.05312
92.44034
95.91408
91.3657
102.0303
97.89534
95.95939
99.10988
103.3936
102.5229
103.467
100.8042
98.50044
99.70637
97.86338
98.21164
104.5604
97.96786
94.96101
89.72778
86.14274
86.44672
83.74505
78.59353
82.76752
87.39187
91.54612
94.92286
94.97727
96.46464
97.59415
98.79347
97.3009
97.78673
100.4547
95.27183
95.31662
100.8791
103.8822
101.8271
100.9111
98.94616
93.80751
88.16186
87.76716
89.69852
91.56757
91.78404
90.8536
90.87744
92.23425
93.10337
93.04484
96.44113
93.36403
95.96721
91.35124
90.91763
84.25373
89.17274
90.42758
88.61077
87.41262
85.29798
84.61868
84.63416
80.44698
78.50166
82.9612
82.36015
80.21623
72.71296
76.76175
74.41354
75.38355
75.13991
81.19109
82.59676
80.32217
81.19721
87.72936
82.36939
77.88447
76.8519
81.506
84.79783
88.24517
90.41245
87.48669
82.65181
86.61796
86.80314
89.11935
88.29895
87.87873
91.48831
85.68313
81.5565
83.35005
85.69295
