430.8874
421.9298
417.7085
441.6944
406.418
532.4454
625.2699
764.3021
627.422
684.0441
776.2944
636.2687
585.3101
517.7109
493.7353
508.7847
599.7863
577.555
442.5948
431.4467
530.9191
565.4945
558.1944
601.2507
808.6847
821.2812
888.037
987.6038
814.7107
873.4176
904.298
911.4244
858.8635
1076.801
862.5087
576.7767
666.2966
608.037
731.1681
613.5847
661.3761
502.9377
621.9054
574.8881
401.0605
375.9867
410.4638
368.6607
370.561
252.3629
278.5134
253.9367
265.261
230.7853
301.4593
342.5938
242.7775
265.9926
295.8288
385.6817
398.6924
263.0951
297.0296
407.8238
396.0117
409.0297
462.3183
419.8305
343.6433
405.3616
413.6409
373.804
351.5471
480.7032
560.9279
505.8262
733.6082
704.0703
627.3076
641.589
474.433
346.497
343.536
313.2223
365.6496
343.3824
324.5855
247.6114
265.6955
267.1243
264.7316
224.3709
262.7273
318.794
228.9338
229.7036
196.9985
166.4219
175.8033
244.4444
247.8583
215.182
165.1072
166.8688
198.321
194.1812
214.8068
172.7829
157.2638
223.4097
228.7479
307.8913
421.5421
342.8265
400.8824
550.9415
499.2806
413.3606
412.2576
517.0337
541.8393
784.4221
581.3611
567.8491
562.0168
837.6856
686.7155
900.8434
1011.612
871.0494
875.9546
1106.701
1290.97
1027.031
961.3772
795.0746
816.5144
841.1591
667.7194
706.1712
495.6194
604.6542
522.3784
569.2176
485.3946
486.0834
541.2406
726.946
540.2621
699.8015
643.4697
549.5928
535.9645
613.9068
550.5408
598.5794
549.8419
540.1988
437.0118
420.908
445.6878
443.2433
477.2684
530.7528
622.2694
561.7433
541.3063
459.8711
507.5558
409.8709
338.7812
256.6587
202.2886
178.0359
272.2751
303.1334
235.5095
197.5056
223.5409
214.3557
234.7563
213.2545
311.4673
370.0761
358.6765
361.3368
378.0686
372.4394
263.5943
288.6425
392.1193
381.3635
351.5193
261.8848
195.2818
226.7889
321.1311
299.3825
253.8639
214.5701
261.7685
222.229
209.2486
277.8591
277.6486
330.1383
392.7368
362.4241
361.4949
422.6057
516.7258
583.954
639.3293
565.6606
562.2072
424.327
599.52
555.974
608.5568
712.8223
594.206
642.6436
701.6999
660.9543
579.2728
927.826
621.1659
712.1865
760.1261
816.5564
562.5428
719.2829
775.2024
1028.843
1415.57
1485.089
1763.348
1714.455
2422.969
2251.846
2091.538
2705.062
2668.353
1780.156
1742.729
1501.896
1311.019
1119.481
851.6322
741.9631
501.3277
599.7507
653.9869
742.7412
702.9618
705.9909
605.7009
647.9907
513.2192
621.1578
628.5454
809.4325
753.2668
680.2459
657.7759
855.6923
1004.973
836.7554
936.8958
969.5145
875.7408
582.3147
477.034
565.4977
470.7224
373.3061
393.8257
417.3941
450.4536
537.7577
626.5024
568.699
459.7882
437.8554
521.2491
742.8519
701.854
647.424
622.193
683.5266
769.1156
657.3851
686.0316
645.9406
565.2308
505.3472
458.2684
463.7078
524.2466
455.3916
539.9382
522.8643
470.7456
455.0508
418.8173
361.6575
507.5468
532.019
610.3384
589.0771
921.8115
1083.384
1645.951
1491.401
1829.806
1507.708
1239.848
1717.327
1118.782
1069.358
1077.683
694.3687
495.5154
477.4493
450.9375
462.4989
364.4462
473
541.6397
484.5473
463.71
406.8688
370.201
433.0168
546.4337
508.4717
552.4697
738.409
667.0254
511.2525
403.5897
605.6853
527.5176
714.7946
632.5038
865.0951
704.5656
566.9454
650.5502
585.6172
502.5377
567.3328
696.3536
621.2092
519.426
596.0074
579.9933
494.3269
535.4638
569.5143
605.5269
760.3947
834.3581
917.0633
1028.51
1022.318
971.079
1112.48
1456.407
1746.551
1498.958
978.4599
738.551
890.52
1034.642
1041.628
628.5284
420.6272
428.5292
604.4747
529.7714
555.7049
547.5235
503.7169
377.5044
362.9361
421.5593
462.9414
490.4412
576.5465
625.9353
751.7926
631.7221
603.6823
594.3621
437.3675
306.7372
229.015
310.0894
409.4289
408.62
387.7892
537.2566
712.8121
705.2734
771.7285
807.7002
880.5356
887.016
850.6323
781.1273
744.2851
697.2214
666.287
712.6063
587.1257
858.3352
980.6799
716.84
827.4734
706.9035
516.9134
689.4667
507.1025
454.3448
330.5598
266.4347
208.0367
271.0477
273.7619
287.1852
245.1894
345.0028
392.6633
365.1292
369.5585
439.1884
571.0877
599.072
722.7075
705.3567
681.9682
640.7513
886.8573
1084.93
988.6123
614.4441
805.294
999.3824
826.7961
1029.563
648.9403
667.2625
680.6875
481.4824
467.3717
488.4341
518.4746
410.3013
419.3027
398.9735
440.4019
351.3356
461.8805
425.3246
479.8413
508.4388
375.3793
357.5106
288.3599
275.8624
180.2143
245.1086
238.9401
228.7233
205.1089
223.9259
168.571
170.9668
191.8436
220.9895
251.7748
382.7998
425.7404
371.9464
462.0725
286.7622
364.9229
545.4517
851.8834
732.3101
716.1821
745.7026
871.5398
833.1338
542.0894
460.9896
353.4168
416.155
399.3802
