94.9444
99.27272
96.76535
99.89597
101.7993
103.4977
97.60526
97.95227
91.01708
101.9497
99.57655
102.4344
102.7079
111.1168
90.33965
91.34757
96.51332
93.86568
98.79356
89.37669
94.28266
98.58962
104.9349
95.54458
90.79039
100.4215
92.3332
99.50352
99.01519
94.91454
89.89876
89.44857
104.5056
98.66954
95.46225
90.50098
94.63302
97.68044
89.31882
103.2132
89.98574
98.87139
92.42198
96.39356
94.18874
90.92872
99.65663
99.06776
97.25958
99.89999
94.95942
92.60508
97.84832
91.23622
89.28102
88.68995
88.47147
84.35698
89.55778
88.1963
84.3431
81.17845
80.38232
76.99976
73.69593
72.13695
74.79527
69.27266
54.3096
45.96248
20.63993
13.46504
12.09972
13.41561
13.48393
12.71586
11.50916
13.66158
12.56392
11.86637
12.77485
12.0814
12.74235
12.12153
14.21037
13.0231
14.60573
13.87111
14.56805
12.31882
12.76471
13.86224
15.63068
14.24005
13.9503
11.95166
13.03517
14.07086
14.74362
12.01763
11.91494
13.39471
12.0147
13.16255
12.84158
12.11889
12.56258
14.10768
12.12847
12.44079
11.56741
13.03166
12.85581
14.12387
12.71962
11.78302
12.66274
13.19743
13.14986
11.57411
14.24236
14.28032
13.86231
11.71291
12.00886
13.88722
13.46187
13.38095
11.75946
11.64317
12.13669
12.24961
12.02567
13.03001
12.86392
13.18595
13.53813
10.90504
12.50707
13.27878
14.78491
14.61448
12.34698
11.60819
13.3263
14.33004
12.90573
12.4349
12.40773
13.56565
11.6097
11.85952
11.95886
13.3315
11.95856
12.12567
12.65654
11.17449
12.80307
13.18048
13.43283
13.56245
13.45569
11.27635
13.48327
10.79241
14.61303
14.98768
13.29407
11.90125
12.7119
12.02257
11.00475
12.68343
12.29171
12.29629
12.54268
11.3038
13.17739
13.06236
13.77576
14.12832
11.49207
13.63072
11.33824
11.53699
13.03325
13.83955
13.34108
11.09343
11.76841
14.26939
12.40445
13.94141
13.92249
14.06213
12.33721
11.36886
15.98215
12.11012
11.9981
11.28942
14.57457
11.33393
11.58098
13.43572
13.5138
11.14666
12.01327
11.74111
12.02748
14.55271
14.99897
11.55815
12.76459
13.0184
11.88312
12.04472
12.59868
11.44784
12.07268
11.39605
13.24733
13.29161
11.65593
12.04452
13.4308
14.75734
12.61755
13.78924
12.69367
12.77108
12.30645
13.67849
11.89238
13.85289
12.36184
12.41511
12.17672
14.07621
13.79506
11.12611
11.80813
11.23724
13.10554
12.05997
14.07896
13.26153
12.14447
13.74827
14.62593
11.54732
11.63671
12.15845
13.3709
13.0497
15.06596
12.09715
11.36895
13.82565
14.54802
13.31543
12.32175
13.59121
13.48059
13.00563
13.36291
14.63283
12.07221
12.52687
11.39814
11.06148
15.47507
10.99054
12.58379
12.26832
11.45137
12.75463
12.70936
12.28922
13.78825
12.46155
11.73501
13.07357
11.67155
13.11985
11.82043
12.69775
12.33032
14.14505
13.94259
14.03802
12.76442
11.99768
11.51293
13.14263
13.72467
12.20397
13.53635
13.08333
11.33589
12.77048
12.62125
11.78873
11.61412
12.98564
12.93759
13.00032
12.60028
13.18106
13.26087
11.89781
12.60079
11.99238
12.54939
11.94392
13.37712
12.17156
12.81816
13.34702
14.13705
11.91631
15.14732
11.62943
12.14275
11.23606
12.50113
13.12737
12.53817
14.7138
12.17815
13.42013
12.40121
11.27113
13.77577
14.26094
12.04777
11.93053
12.29441
12.4258
13.34706
13.48879
11.94688
12.0351
13.7002
13.05248
12.31131
12.67919
13.375
12.17997
13.2905
12.80533
14.28209
11.99914
11.55046
12.85059
12.88575
11.81306
13.37109
13.34259
15.54929
12.07988
11.29964
11.78317
13.09963
12.86436
11.03234
12.64747
14.03359
13.7264
12.13406
11.1848
15.00977
12.67463
12.93156
12.74488
12.78919
12.50408
12.57632
12.69306
12.23195
12.23019
12.79668
12.75853
14.2354
12.90558
13.4417
13.42213
12.76864
13.77112
12.61212
11.31303
12.74246
11.76199
11.62842
13.22351
14.71994
11.88105
12.70548
12.62322
13.90699
12.92636
12.73888
11.77473
12.27728
13.48639
12.34528
13.1257
11.8895
12.53076
12.85986
11.91939
13.13505
13.55113
13.42648
13.5811
11.80288
11.45424
13.22635
11.95416
12.75616
10.73123
12.90408
12.63307
13.58368
13.25417
13.14295
13.45056
12.5842
13.01518
12.78045
11.06461
13.7274
12.48663
11.89898
12.39274
12.85806
11.17199
12.79993
13.18067
13.00885
11.62348
13.23832
11.98688
11.5296
13.39283
14.03148
13.06436
12.09953
13.66615
13.3818
12.05375
12.52055
12.74044
14.03259
12.60066
13.86111
13.08179
11.69582
11.30362
12.69269
12.71421
13.04519
13.34664
13.7709
15.60842
12.9116
12.09838
13.47091
14.48176
11.83119
12.39114
13.00994
13.14966
12.98651
13.72189
13.54473
11.41831
14.10192
12.26877
11.38202
11.4644
14.22794
12.9498
13.66534
12.47057
12.9057
12.17437
13.48202
13.13678
12.92673
12.25029
12.62832
12.8717
11.70842
12.31456
12.89081
12.98207
12.97232
11.92076
