104.1423
103.6905
102.6395
102.038
100.4381
100.1166
99.88964
97.40201
98.14087
98.36719
95.75373
94.30268
94.10725
94.06795
92.33363
93.55289
93.78306
94.02766
96.40246
96.25728
97.26482
97.61379
96.90913
96.67039
97.07163
94.63491
95.16921
97.08816
94.47977
92.94136
92.66564
96.01172
96.88007
97.44412
94.8883
96.24162
95.84352
96.0956
96.17723
93.94841
94.14708
95.8657
97.39636
98.81349
98.22923
98.54493
96.35716
97.7442
96.17055
98.19811
97.93118
100.084
98.72674
100.0931
100.398
99.5857
99.6355
100.1159
98.76092
101.7824
100.8113
101.7498
102.057
101.6996
100.0374
98.36212
97.32407
97.4157
97.57813
98.13073
99.01308
98.60867
99.29288
99.849
98.84282
98.36031
99.44306
98.94719
98.91984
99.86995
99.8768
100.5008
100.1923
99.67972
99.17715
100.0436
99.54208
99.16813
99.85922
99.63639
100.0469
100.6351
100.3311
99.49624
99.41785
98.93932
98.38656
98.55848
98.10505
98.25478
98.53029
98.66083
97.86563
98.76852
99.00558
99.43945
99.37193
99.44802
98.78716
100.2359
100.1357
100.1238
100.6878
101.5165
100.4601
100.7165
101.3682
100.7196
101.1247
102.3991
101.7358
101.5171
102.4119
102.3637
102.8302
102.9877
103.5258
102.4433
102.6338
102.6892
103.1086
102.671
102.8516
102.2642
102.9631
103.2561
103.1083
103.9251
103.9713
104.4911
104.3559
104.5242
105.237
104.9496
104.5496
105.0094
104.5565
104.4722
105.1324
105.4621
105.077
105.6659
106.1132
105.8863
105.8133
104.7272
105.0791
105.3447
104.9505
105.1803
105.1117
105.4977
105.6036
106.1992
106.743
107.0141
106.8334
107.0805
107.2084
107.1854
107.028
107.447
108.1446
108.1371
107.8652
107.1242
106.6507
106.6861
106.5899
106.8341
106.4525
105.5188
105.3165
104.7246
104.4888
105.2061
104.7873
105.7527
105.5826
105.3513
105.1548
105.5231
105.1571
105.1263
104.9242
104.1791
104.3035
104.544
105.2259
105.789
105.9247
106.5253
106.343
106.1946
105.9873
106.0304
106.7003
106.3448
105.9097
106.161
106.154
105.8589
106.0881
106.1476
105.5753
106.0874
106.9242
107.4195
107.8485
107.7909
107.1584
107.2928
106.8573
107.4753
107.8744
107.612
107.4864
107.3809
106.7628
107.1969
107.5567
107.0836
106.6012
106.9652
107.3117
107.2721
106.1109
106.4078
106.5022
106.5668
106.1902
106.1256
106.5634
107.1222
106.8105
106.3914
106.534
106.3922
106.1183
106.0621
104.4403
104.0337
104.1803
103.7614
104.0106
103.7033
102.962
102.4878
102.4662
101.6067
101.8894
101.6835
102.47
102.7016
103.468
103.556
103.6365
103.8283
103.9934
103.9928
104.5209
104.6881
103.2321
103.4748
103.8612
103.2356
102.3473
102.5372
102.2098
101.8629
101.4956
102.0204
102.6508
102.4729
101.7539
101.746
101.144
101.2139
101.523
101.0178
100.9486
100.7672
100.4278
100.7754
100.9837
100.7858
100.5373
100.0406
99.76059
99.94665
99.7101
99.19282
99.8462
99.75277
99.20922
99.30124
99.04177
98.86488
99.31707
99.55265
100.2122
100.1887
99.87805
99.1631
99.44284
99.76894
99.18535
99.21173
99.59448
99.99895
99.72411
99.66676
100.5347
100.4739
101.52
100.6075
99.83019
100.7364
100.3777
100.8503
100.727
100.5371
100.2368
100.3475
99.90535
99.47929
99.27886
99.59999
100.2766
100.0183
99.79754
100.5481
100.845
100.7912
100.2826
100.4635
101.0288
101.0872
101.5877
101.3746
101.553
102.054
101.5561
101.7697
102.4227
102.2684
102.6895
102.656
103.0673
102.762
102.0431
102.4842
101.9703
101.9781
101.7195
102.0988
101.8516
101.6361
102.741
103.3714
103.6737
103.3738
104.4638
104.5899
105.3224
105.7163
106.3992
105.6216
105.9978
104.9192
104.4562
104.5331
104.4056
105.4697
105.1255
105.3319
105.4518
104.8766
104.6436
104.0572
105.2564
104.968
104.658
105.3435
105.0735
104.9257
105.0629
104.5323
104.866
104.3081
103.0032
101.8892
102.1641
101.5783
101.5683
101.0237
100.8496
100.1229
100.2993
99.6201
99.58297
99.38209
99.37092
100.0213
99.60563
98.85771
97.8028
98.00549
98.6452
99.32121
98.55146
98.61769
97.81219
96.46559
95.98846
95.75115
96.3129
96.00646
96.14396
95.44696
95.22871
95.72022
95.36659
95.21766
94.8739
94.74095
94.09036
93.51494
93.68052
93.94226
94.87178
94.8461
95.20724
94.19413
94.55999
95.47321
95.75938
95.19564
95.87138
96.03526
95.34713
96.02635
96.78083
97.18374
97.01697
97.06919
96.18544
96.2173
96.16795
96.25393
95.93382
94.52865
93.67517
93.97021
94.44993
93.85945
93.97949
94.26661
94.24869
93.94267
94.0511
94.62171
94.29488
94.92921
94.92792
94.45063
94.71947
94.68428
94.36087
94.08896
93.95499
94.19686
94.0885
94.19384
94.42504
93.93024
93.96334
93.17942
92.56066
92.39123
92.22524
92.57411
92.90344
92.44118
92.44221
92.35967
92.79307
92.00248
92.19386
92.17033
