477.4807
192.438
283.2406
126.5459
83.59867
171.843
181.7199
188.7768
135.8094
77.51146
198.4728
380.6004
147.1897
75.66201
100.6892
223.8361
106.2574
120.8401
240.2208
95.8522
102.0968
127.5417
336.2231
161.6057
80.76676
297.1903
297.2777
211.5638
106.5187
140.5715
390.9825
283.1207
86.10293
215.1027
118.8566
241.2535
149.0623
283.5902
188.2104
446.1274
623.1147
372.0433
161.9364
58.04518
125.5417
259.7032
209.7776
227.3867
381.811
92.66394
244.7185
350.5196
97.17801
159.2949
169.248
149.7303
205.0668
162.7684
164.6764
201.4799
253.1711
102.56
270.5394
128.949
306.9745
464.3024
112.8307
104.4179
142.8086
790.5408
215.5765
169.7892
132.1963
548.0958
417.4858
174.7673
238.9114
129.0327
235.7316
309.1806
368.548
518.782
105.0387
432.3603
270.1235
101.4923
185.7637
350.341
237.242
733.4408
368.1034
232.0844
584.6201
534.0671
136.9104
499.6098
281.1444
196.7923
265.5951
213.0649
497.6922
311.1781
278.597
270.3615
179.469
93.28081
144.2755
490.7774
108.8736
221.7884
455.9826
129.8836
1208.615
195.0567
180.6567
245.052
256.2956
151.6123
118.9954
674.2506
238.8498
393.6282
110.6051
429.502
146.618
177.182
167.882
207.1913
230.386
122.0262
170.8525
408.4419
111.0689
185.0948
243.5426
156.4828
300.6517
566.9658
624.7997
596.5153
327.0248
222.5508
170.5909
406.8518
301.2973
228.6507
299.0189
192.0632
642.4735
493.8088
284.7286
289.0925
380.3613
190.2628
164.2431
455.1027
222.3724
215.1211
516.2789
211.066
258.17
152.7161
592.3147
216.9612
140.0315
470.9239
153.9408
451.537
354.7873
264.5212
129.3417
182.558
93.79644
91.93678
139.8767
270.3615
143.3611
207.4788
412.1841
156.1223
109.623
223.906
162.7795
81.8142
106.8244
242.5
256.6531
157.3758
495.5645
239.8203
278.6883
211.5051
162.2558
195.846
127.4478
211.1173
157.2055
194.0719
149.0324
240.3055
144.403
367.5135
212.5144
234.5642
371.9368
273.7626
1050.232
153.9638
135.7448
171.4666
499.1968
181.8199
141.3631
462.0743
154.0646
223.342
152.2777
481.3036
246.4054
304.5285
240.7172
81.67358
204.8385
260.0843
224.6745
632.219
543.7377
187.369
127.3672
181.2536
94.29593
345.057
220.2758
195.6036
104.2324
68.30982
125.7914
203.4298
231.9868
131.0873
128.0975
126.1435
191.8309
125.1732
139.5964
181.8449
110.5808
262.9658
115.6434
146.8156
66.73655
132.9987
531.9283
593.7221
70.38346
197.6642
235.8964
202.7296
178.0108
399.296
308.6601
80.05299
95.85161
131.4736
175.4541
85.81969
209.0456
90.34383
504.5184
130.2798
107.2316
173.4965
144.3339
220.2831
159.8679
202.6621
194.649
170.6287
170.8297
126.7296
257.131
140.691
226.4579
331.1937
197.7948
136.7119
209.3908
163.4263
123.0146
200.788
321.5652
108.6043
237.0891
280.3392
414.9002
86.50957
192.3737
391.9177
244.5355
313.7867
149.7922
164.9899
80.22254
135.3487
133.0888
183.6271
116.1507
132.2205
99.397
186.8324
252.0208
289.3135
243.2841
118.7019
113.5416
269.709
259.6991
104.8907
115.7447
207.1297
117.5648
111.703
144.2816
198.6735
430.7818
184.8081
151.9356
151.0583
102.6514
200.3608
163.1464
230.9368
129.1563
329.6954
252.4762
116.637
363.7339
268.6393
203.3109
280.3234
188.928
126.1771
328.9893
100.8752
343.3102
235.4637
232.4805
453.7254
205.4645
136.0744
118.9081
822.9883
64.17104
331.4994
375.6492
174.2292
284.5057
186.6067
280.4239
234.2575
154.2313
138.8248
114.7248
303.7075
217.9798
164.4014
560.3298
313.6364
120.0361
421.8037
307.6352
713.5657
118.8353
61.38759
378.9603
302.352
279.994
117.9138
121.4343
334.2655
208.9044
164.1733
128.4862
329.5706
168.7157
488.538
187.377
214.3531
213.7764
157.2535
253.1292
179.8125
360.0478
746.9187
252.7595
123.5106
158.2006
263.6601
301.8506
112.6191
237.7993
190.01
138.1557
310.4913
377.3943
210.2356
308.3637
386.8648
233.4897
151.9486
119.9965
182.9674
244.3056
369.1767
234.4203
182.9855
211.4661
367.4195
129.0085
194.4654
226.2081
250.2572
155.6641
373.37
610.52
124.2418
174.6907
263.8298
144.0134
135.4989
87.86521
225.062
172.5483
90.29857
78.42935
167.1977
180.1333
128.8664
117.4428
470.5609
166.1182
828.7378
216.102
359.3476
238.1841
139.0916
527.236
212.0796
173.8063
418.4384
283.1854
552.672
298.3688
59.9351
568.1225
218.8375
399.7408
160.6913
384.9615
130.6436
301.4932
142.8214
112.6695
279.8118
149.064
200.3464
144.9602
117.7942
344.3243
440.8855
210.3043
132.2947
374.6634
213.7115
209.9844
102.2711
298.2373
613.4109
162.5791
384.4941
201.3228
142.1097
196.9855
245.4554
135.5982
160.4974
230.306
123.2375
997.2183
192.3288
239.6764
186.1436
1152.602
206.5246
247.6121
351.8274
174.3967
641.1953
114.8772
149.1167
