31.74812
37.04888
47.91399
13.58532
11.92908
14.98557
14.30926
14.54718
19.27002
9.649881
5.936756
11.18825
8.484771
6.674511
6.57155
6.23358
11.24046
11.61529
11.6045
14.37623
13.74648
16.82249
6.030641
9.097656
7.732705
6.409136
9.766341
10.30613
11.93536
11.66429
17.15435
13.44225
14.76369
10.3686
9.92831
7.542698
10.27172
10.99621
12.50132
11.70237
16.42959
32.78486
20.6882
11.97925
12.39483
11.53895
15.93564
12.03383
8.740299
14.5286
12.04494
14.05213
16.34084
7.685904
8.464041
18.67484
15.98541
8.491453
11.80187
20.59395
18.07517
14.49942
7.205759
5.836567
6.004281
5.800439
8.533551
7.367832
9.329689
10.66691
8.3233
10.77694
8.453033
13.16963
20.54498
18.53383
12.18413
21.305
25.20725
19.97504
13.55913
9.834745
8.225901
7.71508
4.370097
8.674829
6.804807
14.71395
13.06246
12.54379
11.28739
9.179398
12.76138
10.56946
12.42138
12.25387
12.5791
11.3857
7.321664
7.824063
10.28082
14.1088
10.68153
12.13495
16.06784
14.16005
9.443456
12.95002
10.82828
8.757069
7.312812
14.19906
10.50843
10.45992
10.82853
28.21513
21.19197
30.50993
22.83294
19.6231
14.63613
14.42476
16.18386
21.76641
16.9758
20.76365
25.19418
21.6488
13.74704
12.67631
8.795244
8.502681
8.073726
7.889879
6.925829
7.812153
9.558266
9.905579
7.124515
5.921786
7.718831
9.617756
11.15112
7.188689
5.851054
5.310719
4.352281
6.452881
7.318985
7.98915
9.600327
18.99743
23.10324
21.5891
30.19782
12.56969
8.452024
12.71166
15.83468
19.89274
13.50908
12.763
9.290384
12.95096
6.65572
16.94693
15.45814
12.95093
11.58089
11.98111
12.77243
9.554379
12.39287
11.52911
7.322456
15.25229
10.63983
10.24824
9.855711
14.67327
18.28577
19.83187
13.23507
12.59838
17.30681
9.475936
15.14717
12.35791
12.11309
9.434709
6.177215
4.860585
8.644709
11.94143
11.96499
8.467461
11.10888
15.34106
14.34098
9.131422
17.81275
19.08348
25.33851
18.65716
11.05533
9.109898
11.41243
13.69339
11.52906
13.08064
22.43087
21.03063
20.17235
10.27642
12.70961
11.13981
9.744817
11.71208
12.00067
18.91912
15.26941
9.92014
14.44022
22.03931
26.36262
36.17379
24.72824
16.39306
14.42678
13.97576
10.60897
8.82176
12.37618
4.21113
4.509234
8.36298
7.067755
5.641971
9.015471
9.530516
12.54564
11.19851
12.5891
9.738772
9.907956
9.121495
9.423414
12.03349
11.57674
12.58529
12.96233
11.51373
22.42763
13.76222
12.94425
10.38784
14.66906
14.68512
24.96963
29.06713
28.83428
17.27301
13.72418
18.69397
14.64604
10.75282
11.9236
8.020417
9.054467
10.119
8.494665
15.01091
10.37433
9.557504
7.347891
7.748327
13.53939
16.32821
21.76134
14.12027
25.14036
34.13242
20.66653
13.82141
14.10154
12.53212
12.00383
7.07186
5.976674
10.36921
10.6208
8.673905
8.428591
11.41429
8.069729
4.567234
4.652664
4.766916
8.022763
8.471907
14.17871
12.75752
12.59072
6.968059
6.108197
9.401724
6.425314
9.475293
10.02478
8.39392
7.426015
6.497821
6.499814
9.75211
10.63182
15.51996
12.36764
18.07246
15.01993
15.515
22.45095
37.69608
18.85755
24.09334
26.77733
13.67257
16.70646
12.4706
16.08937
14.07184
15.22807
15.59661
17.16842
12.02865
14.68721
8.967091
14.78659
6.952931
11.83904
13.69713
8.209658
10.71912
22.72548
26.38834
9.785631
12.14906
9.685876
4.649042
5.909518
6.332561
10.07029
15.31739
24.15513
10.06396
13.16609
10.22745
12.20381
10.37586
10.26541
9.017165
7.029075
9.882488
10.96629
12.5578
10.2551
11.35747
10.63181
15.21717
8.639739
7.60457
9.371099
7.344516
8.762864
7.779616
10.94985
8.02063
8.15436
5.746545
6.008864
8.793179
10.41
7.693336
8.644702
8.991939
10.91265
14.09353
9.935419
9.66202
9.874164
11.60345
12.85365
11.91383
6.130483
10.37486
13.67302
8.193525
10.07629
6.640331
8.852022
9.18021
9.918726
11.96266
12.76277
15.54428
10.83787
6.111739
6.259168
12.06238
9.998126
10.71042
16.70904
12.43102
23.61398
29.40042
30.62242
18.29874
19.18124
14.87307
11.39265
8.948878
11.50027
11.65907
11.50944
10.55681
17.7999
7.612888
9.340325
10.92856
10.64856
15.90087
15.11143
12.48643
14.28542
14.12956
11.55987
10.32
9.640504
7.369416
12.53488
9.799059
11.9308
9.867745
7.592688
7.269456
8.912656
9.164088
7.930193
7.791282
10.13986
8.083843
9.252048
12.2539
17.36498
26.18006
20.01162
15.69238
10.32223
11.65245
9.661617
6.890157
6.02169
4.99842
7.198721
3.87562
5.000123
7.331324
9.308553
18.6523
21.4802
10.49652
10.81768
6.465741
11.89515
16.3375
19.98712
21.02982
19.39117
21.71997
21.34111
14.78713
8.857625
7.942594
7.842002
15.15021
13.87314
14.28858
14.48039
14.23764
8.553738
9.086772
7.030124
9.102314
9.27467
10.28504
11.1883
6.708935
9.646445
7.827043
8.9381
8.606509
