563.5659
558.093
550.29
524.7946
497.1369
545.7308
529.0532
554.0101
503.6433
539.6963
540.012
525.1136
521.8882
516.5026
513.1462
572.874
513.4109
545.4106
579.0689
518.9055
537.3748
533.6558
576.0065
587.9011
548.9218
524.12
535.3956
540.6163
547.9485
536.7138
555.0963
567.1576
520.0403
575.4397
539.2807
530.8999
518.4068
516.6057
609.5625
545.3235
603.2204
546.7693
541.5615
563.6309
557.7856
559.4587
502.0986
565.4479
515.3326
582.0139
534.1069
588.8806
560.8204
560.8512
560.2301
537.5492
552.608
545.7562
564.9775
522.6115
517.1081
510.0791
552.5178
559.0475
547.4834
538.167
561.9723
513.6051
556.3907
511.9293
502.5585
522.4884
575.9958
571.3186
576.3782
551.0935
536.8348
559.5438
531.4378
609.0998
574.404
556.5373
532.5948
555.3371
552.6202
524.1319
567.2681
568.5109
557.1825
515.7189
543.1262
532.1151
543.2857
545.6873
527.3494
509.151
559.0113
544.324
536.7522
568.0242
507.1613
569.7609
559.6056
561.5311
501.2351
533.5097
547.5469
531.8168
580.594
598.2439
549.4656
554.6257
560.4657
538.2445
497.1264
555.0914
556.1509
545.3003
524.5364
530.913
543.7493
537.5309
541.0911
533.8553
591.6627
532.8099
563.2922
530.212
552.7853
523.9253
613.411
538.5642
539.1588
544.0451
535.9606
569.885
540.9476
553.7091
587.198
559.627
524.4965
524.4083
572.3803
516.3764
537.0931
518.5834
571.1419
517.6612
584.6487
549.6321
540.5774
563.1418
541.997
541.0877
554.2175
520.9191
555.5259
536.0261
538.6727
535.992
544.5959
564.6456
575.8438
545.7699
540.6293
524.8326
554.5072
511.2511
564.943
500.6109
576.7435
571.452
518.0124
540.7388
514.4423
518.1505
549.526
529.4921
516.4038
526.5996
539.7067
584.5097
510.4772
521.9919
531.3826
522.5108
511.3322
555.3249
535.7444
546.6858
519.4774
546.5588
545.128
568.693
565.2556
532.4084
529.7901
556.8673
561.7379
546.5662
551.4717
552.313
556.7011
558.7537
536.1515
527.5876
580.3531
561.2984
562.517
494.5956
499.3153
526.3783
593.701
559.6193
572.9346
570.6152
545.3191
535.5601
565.4557
536.6101
483.6622
525.7475
524.4869
498.6646
560.0208
534.6856
521.5525
519.4989
578.9232
543.889
494.9367
539.7274
538.3951
586.6324
567.0184
593.4057
549.2083
515.1997
519.7979
512.1828
531.3101
552.9267
505.2373
539.1154
532.2035
525.9149
545.2454
532.7097
515.4995
535.9589
542.7806
588.2465
595.0053
565.2745
529.6228
566.0508
517.8376
551.1131
528.448
557.7707
600.593
590.9936
585.7327
571.7189
570.2768
570.0066
552.1695
547.2577
512.1051
528.7004
555.5417
545.9155
551.5411
537.7537
508.7699
531.8617
543.255
530.4246
556.5228
519.4496
550.5567
506.0407
536.6404
527.057
571.9955
529.9366
501.0593
576.1009
551.6242
511.8307
536.9413
575.7317
549.062
564.5114
533.6238
540.9368
504.9171
566.8974
504.4294
572.8248
558.8788
524.0546
526.8374
514.1654
549.8842
524.013
537.356
567.2745
534.3207
579.8478
555.3672
570.4385
550.1372
516.1488
519.5504
523.1259
516.2354
530.906
559.8309
491.7485
572.318
539.9321
580.5343
570.6608
555.4035
521.3476
545.291
526.9034
566.5126
523.4626
529.4095
557.3858
540.861
581.891
511.5554
580.1426
526.6809
571.2159
605.6566
554.7841
543.3556
535.4489
627.3216
557.6461
540.339
546.1061
551.5747
550.6284
541.5513
557.5307
559.6229
544.7325
587.0273
585.7539
564.3656
528.878
518.3102
560.0016
523.6504
554.0068
547.3449
542.8655
533.8555
536.6316
510.0091
529.1894
543.0531
568.5624
524.5067
568.6511
608.3411
514.4235
538.3107
568.2712
544.0737
560.5943
528.0785
558.7816
509.765
553.6026
565.9108
506.6421
524.2887
561.447
547.5115
580.7702
596.2924
521.1934
570.9975
491.0767
537.3099
544.3877
560.0664
528.8923
483.0062
539.523
511.4743
562.7043
528.281
555.04
521.7343
532.9077
559.6535
533.7991
586.492
514.193
536.935
510.8699
524.6552
585.1358
542.8432
545.2286
543.3757
612.2308
569.5242
497.0002
513.8797
540.7515
563.414
549.8859
550.9625
551.5455
506.0561
529.7912
579.3547
534.4567
561.443
517.1683
519.9024
579.5999
548.7453
493.1627
548.9322
517.2842
625.9842
538.498
567.6144
559.4765
523.035
586.7638
555.8856
587.013
579.5509
529.4617
557.7689
561.055
542.9441
515.5643
563.3203
587.2437
559.3738
572.6985
529.2683
549.3167
553.0406
521.4978
583.3799
585.8171
544.1849
533.353
587.2825
566.9184
533.2804
518.0032
600.4199
604.1281
507.959
605.1093
547.7266
543.6937
566.1157
534.0072
541.224
542.552
517.9326
552.9256
547.1608
544.8967
505.3238
520.8988
580.0898
514.9978
530.659
544.844
511.7561
543.4114
565.7659
537.9711
592.7426
530.5536
533.1066
521.8422
554.0708
555.7312
551.5802
539.3767
559.2315
545.3781
542.2121
537.4893
