86.9402
86.91687
87.59995
87.94407
90.03799
89.38785
88.75599
87.75491
85.67084
84.06366
84.53545
84.93607
84.53255
85.02661
84.50866
83.94728
83.56393
83.23172
82.91926
83.61821
82.36296
83.79951
82.38074
81.72821
81.63565
80.72571
81.77129
81.80144
80.29334
79.2695
80.61567
80.68883
82.31024
83.6062
83.83752
84.15025
82.8318
83.16344
83.12704
82.16538
82.00275
83.16428
84.80313
82.88838
80.68634
81.27984
81.76661
81.54298
81.57376
81.85077
81.71049
81.70442
81.58731
79.73867
78.06767
77.76071
79.15344
79.3232
80.31936
79.86977
80.31376
81.6576
81.96278
82.89782
83.20348
83.66729
83.53754
84.6022
84.95246
84.14506
83.88473
84.68996
84.4418
84.2822
84.15795
84.84066
84.85188
85.44865
86.02153
87.11345
88.50503
87.74693
86.95254
85.44613
85.79185
86.24124
85.81798
84.53617
85.57678
85.36249
84.18108
84.54786
83.33456
82.07545
82.03825
81.61162
85.71665
88.37368
87.32154
86.67238
86.62007
86.96323
86.42159
86.98149
87.1463
87.06905
88.18121
87.63514
88.50804
86.98531
87.7426
88.56865
88.48944
90.3454
90.79782
89.05608
89.7556
88.47185
88.3469
88.12857
87.61975
88.53229
89.18107
88.85924
88.83064
87.15655
86.42418
88.6492
89.95593
88.93141
88.25962
87.34371
87.35196
86.7019
85.60252
85.68422
84.17897
84.95945
82.29286
81.65875
80.08592
79.77935
78.69121
77.22489
75.35674
76.15206
76.24011
76.9227
75.55608
75.67148
75.80838
75.09331
77.64154
77.55154
75.87821
77.64261
78.28465
79.7012
77.20195
77.84516
78.384
78.74522
78.2001
77.85154
79.16755
78.63921
78.37813
78.93178
80.48061
78.15078
77.83954
76.81356
77.46605
78.21967
77.72063
76.87985
75.80899
77.42852
78.69249
80.0869
79.75612
79.31755
80.72499
80.21384
80.15386
79.52475
79.01814
78.8369
78.38661
79.69573
79.03846
78.30214
76.11969
77.53477
76.21324
77.33077
77.42181
78.87846
79.98982
79.084
78.10675
78.29783
78.75164
78.57335
78.41033
76.61778
76.51873
76.69315
76.7979
75.14266
74.98101
74.81469
74.19182
75.34848
75.71716
75.63651
77.53412
77.55722
78.11301
77.42298
76.22433
77.18191
76.06354
75.33427
76.4252
75.68826
75.07603
75.646
76.51619
77.05567
75.94367
74.22449
74.92604
74.54304
75.29325
75.86867
77.20253
75.49498
75.48816
76.94037
77.3042
77.0389
77.72672
78.8498
79.52553
79.71523
79.51298
79.83231
79.74297
81.08237
82.16051
83.51771
83.34468
85.1065
85.39673
84.5683
83.54404
83.15471
83.17663
83.56576
85.54735
84.3695
86.34135
86.66934
83.56075
83.34098
83.26853
82.06193
82.68511
84.56009
84.56634
85.84724
85.0227
86.11947
86.59092
87.0207
86.10915
86.04127
85.82735
86.17537
86.28916
87.85021
87.43013
86.653
86.07483
84.45478
84.94098
86.2985
87.72421
87.62148
86.15702
87.67947
87.15943
85.7275
86.14118
85.46887
82.97226
83.73402
83.07703
83.45978
84.16494
84.0775
83.44644
83.37226
83.25661
83.39045
84.07259
87.29029
86.02677
87.59136
88.14627
88.73811
86.17396
84.88659
83.90086
84.33134
82.33136
84.42169
84.88236
85.52195
86.09021
85.78149
85.35809
85.00058
86.14781
85.11351
86.19815
84.53316
85.85257
84.84086
84.96746
85.71435
85.54584
85.45513
84.95626
84.3102
86.31814
86.78987
87.25731
88.27027
87.87627
88.85471
87.89887
87.57849
88.0404
88.07578
89.50589
89.08982
91.89949
90.87129
91.79918
91.5256
91.22248
91.05088
92.5995
92.5649
92.56376
91.62704
92.9563
92.15425
91.88517
92.01221
91.49811
93.49928
94.94728
94.08425
93.01675
92.67941
92.18655
93.29568
92.91477
92.3768
92.80916
93.58613
95.63778
94.82119
96.08599
94.88597
93.35312
91.98261
90.00174
88.97976
89.93036
88.5966
89.79503
89.99738
86.69577
88.34265
89.99023
90.99959
92.69279
92.02854
90.56425
90.96134
90.47727
89.68022
89.70607
88.77602
87.13344
88.06886
88.22098
89.40873
90.04479
90.70175
90.04819
90.46974
88.43763
88.3596
88.7739
88.89617
88.65508
89.20557
88.00776
88.28426
88.85421
87.45634
87.56759
88.25631
88.46821
88.85008
87.16937
85.95035
85.47379
83.87499
82.60951
82.7593
81.50164
80.50477
80.55419
80.2712
81.17405
81.33383
83.05451
82.99218
82.22978
81.68905
82.36542
81.39121
81.41182
81.84771
80.34991
82.9983
81.47618
81.55235
82.04975
83.71903
84.06711
84.50129
84.83963
85.16258
84.36073
83.12847
81.85359
83.70287
84.60281
84.55641
84.4995
83.47494
83.5927
84.27236
85.58653
84.89018
85.64455
85.92917
87.307
87.83824
86.80414
86.89133
87.3292
86.46758
86.03142
85.39353
84.26148
83.04231
83.88574
82.03735
82.29358
83.58811
82.56705
82.85539
81.84675
83.26147
83.73365
85.00937
84.76865
83.1681
82.04402
81.14846
80.8171
78.74453
79.88055
79.83856
79.6531
82.38618
81.10984
82.78791
81.8312
82.04588
81.85736
82.70468
