101.6396
102.6403
103.0026
104.8576
106.7243
106.4588
105.0439
104.5922
104.3508
104.4916
104.199
103.8886
103.5029
103.4404
103.7414
104.367
104.7029
104.5037
103.6254
104.6672
105.0579
106.1176
106.8262
106.6768
106.6109
106.0992
106.6529
105.9565
105.7398
105.4028
106.4916
106.132
105.5463
105.8809
106.3404
106.1082
106.2637
105.3929
105.3062
104.6014
104.5332
104.595
104.6957
105.2186
104.8398
105.3498
105.6866
106.2897
105.3307
105.1338
104.8815
104.914
104.588
104.6503
104.9663
103.9484
102.9788
102.5511
102.71
102.3583
102.3499
102.3922
102.2713
101.6255
101.0463
100.6803
101.2967
101.6014
101.0638
101.4567
100.5821
100.6765
100.0565
100.1354
100.5857
100.3221
100.0219
100.0043
100.4828
101.2032
101.2859
101.3155
100.9606
100.9651
100.4557
100.5848
100.9224
100.716
101.6322
102.3646
102.3344
102.1005
102.0712
101.6329
101.7434
102.2615
102.3573
101.1206
101.2125
100.94
101.2083
100.8753
99.98821
99.26162
98.97124
98.80025
98.42181
97.75706
98.20059
97.86594
97.47043
97.7421
98.24681
98.4175
98.65083
97.55251
98.15465
98.19631
98.06889
98.3401
98.18617
98.18037
98.38484
97.98582
99.03802
99.72719
100.1231
100.3796
101.3085
100.6548
100.7755
100.8307
101.4514
100.628
99.80235
99.97637
99.82498
99.40948
99.40402
99.44043
99.38447
99.46479
99.70715
98.89742
97.4632
97.5704
97.31128
97.22599
97.38985
98.03179
98.8637
98.30941
98.27204
98.09537
97.75779
96.95857
96.14229
95.15965
95.32703
95.56476
95.49043
96.18003
96.35944
95.31985
94.88531
95.44081
94.88476
95.75647
96.92994
97.00123
96.71952
97.69805
98.39019
98.98125
98.03717
98.77957
98.9463
99.23634
99.08969
99.25557
99.08416
99.10609
99.06341
99.26304
99.61489
99.39937
99.37297
99.64392
99.92675
100.0206
100.7686
99.92951
99.81282
99.85702
99.26136
99.68868
99.5167
98.33056
97.88765
97.42998
97.79951
98.3949
98.16797
97.46602
98.13169
97.15787
97.08104
96.95632
97.54871
97.85056
97.61918
97.32715
96.65029
96.11675
95.84802
96.38043
95.63027
95.01361
94.97472
94.52785
94.11887
94.59131
94.36011
94.98455
95.24177
94.19821
94.29241
94.11818
93.50964
92.69489
92.77063
92.88815
93.3554
94.14122
93.83965
93.77188
93.80943
94.03285
94.16524
94.20368
94.84845
94.77412
94.45225
94.5721
94.54474
93.80574
95.50965
95.61786
96.94297
97.16902
96.5694
96.6803
96.74896
96.2011
95.72104
95.43791
95.22816
95.38411
95.85621
95.56896
94.95761
94.87927
94.16229
94.44023
95.14952
94.85667
93.9865
93.90955
93.92734
93.19174
93.35039
92.55871
91.84899
92.24628
92.17426
91.56044
91.61227
91.19947
91.48943
91.12662
91.00044
91.34163
90.84028
90.13233
89.90119
89.44106
89.80333
89.69305
89.76145
89.70118
90.31798
90.39811
90.31963
91.11868
90.83924
89.75609
90.46941
91.07543
91.6632
91.944
92.04721
91.7323
92.36371
92.87161
92.64429
93.41796
93.68508
93.28813
93.17131
93.51606
94.1124
95.01424
94.42271
94.26063
93.81325
93.74176
93.21693
92.28258
92.03785
91.4362
91.11125
90.28439
90.05775
89.86881
89.76592
89.95823
91.13494
90.67967
90.44047
90.74702
90.452
90.80746
90.20635
89.75703
89.70428
89.73021
89.71703
89.78146
89.54862
89.37507
89.0147
89.72437
89.39115
89.35982
88.86682
89.28185
88.75336
89.01044
88.92186
89.3162
89.43829
89.45982
89.1218
88.96602
89.55709
90.24203
89.91868
90.3205
89.93298
90.83299
91.60361
92.25323
92.0295
91.30442
90.94989
90.76965
91.22309
91.96366
91.33439
90.46985
90.09997
90.32934
90.49384
91.9678
90.83479
90.64866
91.37907
92.00622
91.89267
91.25427
90.93827
91.27955
91.09621
91.0356
91.17163
92.12519
91.89443
91.66787
91.046
91.24673
90.35172
90.47751
88.57326
88.07479
87.52784
87.1177
87.4766
88.46973
88.88713
88.65962
87.87608
87.79311
88.15404
87.82975
87.73614
87.1043
87.40227
86.72301
86.79959
86.20071
85.79384
85.77738
85.22881
85.24023
84.95029
85.04578
84.64806
84.40755
84.52758
85.16124
84.62176
84.71263
85.71143
85.44559
85.50436
84.47755
84.84701
84.62738
84.06204
84.12512
84.29244
84.11076
84.19789
85.41382
85.52117
86.13556
87.19019
87.23655
86.77023
87.32161
87.54388
88.04183
87.29378
87.00041
86.96072
86.94124
88.29959
88.07692
88.05819
88.52075
88.44214
88.71642
88.5739
88.6031
87.98509
87.94709
88.10331
88.04803
88.43695
88.70381
87.75668
87.30729
87.74273
87.43178
86.35379
87.33684
87.95303
88.1393
88.19663
88.67965
88.72349
88.6049
88.91364
87.97766
88.52831
89.61209
89.47618
89.61087
89.85582
90.03775
90.17803
89.25135
89.03601
89.03961
89.03101
89.39959
89.75605
89.85906
89.43362
89.19816
89.14987
89.61627
90.08343
91.3297
91.45082
92.66058
92.43224
91.94173
91.99591
92.1306
