0.8527164
0.3193359
0.2825701
0.1459199
0.4372964
0.4355974
0.2848197
2.297696
1.155309
0.4203452
0.259078
1.413956
0.4714281
1.053462
0.5571065
0.7282985
1.286211
1.495735
0.3465595
0.1955446
0.2266151
0.1814689
0.4695394
0.2393097
0.240753
0.3435403
1.536774
0.2815281
2.281486
0.2847833
0.4690888
1.224306
1.259297
0.3279336
0.3916779
0.140577
0.8723085
0.6239876
0.3437062
0.4650367
0.2704817
0.4720182
0.8138985
0.4748847
0.7523246
0.3168254
0.2036875
0.2837206
0.1790993
1.144703
0.2592503
0.2431504
0.5617259
1.43093
0.2381899
0.2212985
0.4240637
0.767815
0.5818689
1.173729
0.1274616
0.4564841
1.30957
0.320889
1.006058
0.2163742
0.6790064
0.1770608
0.319568
0.1613119
0.09786875
0.4625512
0.1822379
2.436763
2.288799
0.9440234
0.2097467
0.9174758
0.6786945
0.3295796
0.2920961
0.2949885
0.2043645
0.1842604
0.2921448
0.6513184
0.39312
0.3023824
1.925696
0.08067264
0.2232358
0.321898
0.3960736
0.3365615
0.193844
0.2997882
0.4843561
0.4772922
0.515489
0.4185714
0.3899257
0.6894106
0.1854138
0.4601786
0.3087645
0.4272521
0.09023498
0.4080096
0.5222727
0.3010714
0.1628714
0.3315361
0.6145895
1.529361
0.1995196
0.6481988
0.7100099
0.516353
0.2089911
0.1458309
0.3268591
0.4364819
0.479187
0.8161179
0.9488232
0.3663401
0.09289864
0.5633162
0.5910901
0.6129502
0.2848212
0.1472134
0.1659155
0.5859987
0.6570208
0.331524
0.2475952
0.1914816
0.09317532
0.361774
0.3562543
0.7303058
0.7388349
0.1505841
0.1366324
0.3134511
0.7450104
0.3492523
0.7849697
0.3465721
0.6233925
0.5784963
0.3551525
0.2360696
0.6284294
0.5696331
0.2040016
1.179139
0.358682
0.3589695
0.5710485
0.2334286
0.3044564
0.3145891
0.118551
0.7487843
0.5835201
0.1430098
0.1488016
0.2517488
0.3734777
1.938747
0.4189858
0.2214933
0.3735594
0.7556022
0.1516229
0.3248669
0.3223754
0.4537915
0.3662014
0.2699508
0.6186607
0.2502339
0.5271959
0.1421736
1.509282
0.2201756
0.4199445
0.6258008
0.2314858
0.3539963
0.2941312
0.1949657
0.9015795
0.698688
0.2730231
0.2822757
0.3798276
0.3536049
0.2852593
0.7325918
1.320084
1.23806
0.3669403
0.6019993
0.2353493
2.164013
0.5526967
0.2864871
0.1518613
0.3350842
0.5363174
0.5462832
2.575943
0.4811887
0.1434221
0.187187
2.595494
0.255544
0.6135588
0.2745701
0.3315473
0.2521164
0.2462209
0.2475986
0.9129743
1.370545
0.1630336
0.382975
0.2869512
0.2456646
0.109447
0.1984956
0.8737795
1.311914
0.7572427
0.5840876
0.2079141
0.5283235
0.5846755
0.200649
0.4567332
0.7542642
0.5604097
0.3202587
1.341985
0.6501112
0.1742602
0.382191
0.234609
0.3046846
0.2382058
0.2601939
0.1787519
0.06686243
0.2598101
0.8789939
1.396499
0.4860039
0.2077751
0.5265153
1.178301
0.1210762
0.3567916
0.2630387
0.2426296
0.6915506
0.2104575
0.4334429
0.1709538
0.4225948
0.5040304
0.6559011
0.2722782
0.2225278
0.2816774
0.4847463
0.288854
0.2387427
0.6884393
0.4211359
0.4018138
0.3930152
0.3056219
0.1917123
0.2727571
0.1749016
0.1609379
0.3131737
0.5263193
0.2551755
0.3808801
0.2757613
0.2887654
0.2537423
0.4864221
0.8875975
0.1446897
0.2887225
0.9991423
0.4772597
0.3286587
0.5401428
0.5297266
1.570172
0.5157572
0.2573199
1.828453
0.3020134
0.3024496
0.119262
0.1940098
0.1767969
0.2452407
0.1597592
0.2200947
0.2673722
0.5415201
0.2235315
0.2464352
0.1387694
0.4196904
0.3069306
0.473146
0.5118432
0.182659
0.1908818
1.408583
0.6728601
1.320288
0.5595884
0.1750708
0.4459233
0.3281453
0.3480992
0.2149704
0.2376005
0.1453003
0.4675691
1.294931
0.4864554
0.5011898
0.7804766
0.5443858
0.5813286
2.510397
0.8545637
0.5062935
0.2690485
0.2393758
0.705553
0.2292286
4.449053
0.4932366
0.3986544
0.2668846
0.4685159
0.8283091
0.4062036
0.4213847
0.2565374
0.3620418
0.1973131
0.2884205
0.603201
0.1893287
0.7269451
0.6901909
3.158895
0.3239064
0.233339
0.1249998
0.4860958
0.3836013
0.4668231
0.1648602
0.3056426
0.9077441
0.2135088
0.3798257
0.6725659
0.2026449
0.2632495
0.5215975
0.3570686
0.07358858
0.2182666
0.4151215
0.3045554
0.5750543
0.995029
0.4832772
1.211606
0.3811232
1.166348
0.2805
0.1819083
0.2239447
0.141134
0.1323086
0.2040683
0.5446299
0.8859664
0.4115915
0.3566063
0.2141545
0.386676
0.2681235
0.1120727
0.7170668
0.5118138
0.6405043
0.3619179
0.2950013
0.397867
0.2967957
0.2200805
0.5661476
0.3639881
0.5044814
0.3830534
0.2388775
0.9227678
1.533243
0.7417556
0.2229578
0.2185834
0.3688355
0.4585823
0.3381482
0.2069105
0.5420239
0.4028472
0.3281516
0.1193667
0.3987236
1.421749
0.7026072
0.7530601
0.2875863
0.3344311
1.624896
0.0924393
0.378764
0.2780927
0.3235524
1.367096
0.2079006
0.3164543
0.2916857
0.2305266
0.2319767
0.329736
0.3339456
0.2315322
0.2638448
0.1631498
0.7116592
0.09849306
0.2183565
0.1772602
1.762053
0.5654673
0.1639714
0.5210608
0.5179931
1.091644
0.3515958
0.1330376
0.5437732
0.7021801
0.1096538
0.7365291
0.3103634
1.322265
1.05209
0.2092324
0.312337
1.605615
2.098861
0.93274
1.089308
0.3106742
0.2846546
0.4320619
0.4762134
0.5294626
0.408354
0.2309159
0.2389929
3.688158
0.2863592
0.1414964
0.5178126
0.477461
0.5864096
0.5287393
0.4639124
0.453224
