99.42931
100.3594
98.46618
101.5785
99.9329
98.08554
96.82325
100.123
100.2683
105.5232
104.7637
102.4364
102.7764
101.5216
102.6288
99.40234
98.40851
98.47047
98.60794
98.95746
96.01184
96.67356
95.6092
96.49389
94.73716
93.4947
94.36001
96.49289
95.32558
97.057
95.54921
95.62335
100.0377
99.93198
100.0247
100.8544
102.6068
100.4069
102.2065
104.1411
106.3632
109.921
107.8603
108.1761
106.5102
106.348
107.428
104.642
104.0843
103.6448
103.3795
104.6818
103.6143
106.6066
105.4265
107.2907
105.48
102.8879
108.4016
107.4723
110.6348
108.3816
107.5648
108.3263
106.2626
107.9128
106.0314
107.2346
105.846
105.615
107.3462
111.3205
112.8489
112.0893
111.9676
109.2448
109.3129
105.2066
103.8482
101.8205
101.22
103.4345
103.9878
103.0381
98.8048
97.84414
97.76201
100.6238
98.08762
100.5997
99.35599
98.05133
97.17465
98.47719
100.7594
104.6679
109.3723
106.0459
103.7237
105.2342
103.7371
102.5475
103.2801
103.2255
102.9718
108.1145
107.758
107.771
109.402
112.7554
110.1706
111.7432
108.8503
105.3242
107.693
106.746
113.2926
110.444
108.3201
104.7094
102.6605
101.6969
100.5229
99.20288
99.86363
97.39306
98.35445
97.16282
99.02669
96.39693
94.68235
96.25855
98.34387
97.83055
98.53469
98.47927
105.2496
100.8367
101.7427
105.3611
105.7949
102.7025
105.872
107.1521
111.6998
112.1679
111.2818
110.518
109.1492
110.2363
111.6489
107.2963
109.0514
109.1154
107.4516
104.4459
104.4793
102.5191
99.38667
98.50781
99.89964
98.53772
99.51755
99.32137
101.8001
104.8508
104.8384
106.5883
110.0704
107.0428
109.1973
108.5928
111.9045
112.6271
109.2877
106.393
104.6353
105.1373
108.3907
106.5607
103.6357
103.7714
104.3705
100.0485
104.2398
106.1942
107.8177
109.513
109.0509
113.4219
110.2789
111.2296
111.961
115.981
115.7371
112.4761
111.5416
112.6281
109.9198
112.7771
109.6732
112.3036
108.755
109.1967
108.1818
106.7767
110.4868
109.1321
108.6281
106.4187
107.7118
104.1179
104.397
104.8825
106.5439
109.3976
111.0639
107.3246
105.0341
107.09
109.1325
110.0063
109.4421
103.5964
104.2225
105.7418
105.6103
105.2003
105.9637
108.5001
108.8462
109.5114
108.7587
111.8535
112.8022
114.7722
115.5095
108.8675
106.9336
105.2372
105.5295
105.3781
106.9117
105.8229
104.0489
105.4048
108.1797
105.1168
101.5141
102.519
100.2435
102.0074
101.4509
104.8418
106.135
104.7034
108.3397
109.3513
111.0904
108.3842
109.5043
107.8523
108.8283
104.0244
104.5385
103.8684
104.3098
105.3787
104.6779
107.3177
104.6619
103.4883
101.6843
99.063
99.38185
100.6402
100.8708
100.6511
100.6104
99.81162
98.49289
99.31258
98.50409
101.2677
102.6812
102.8645
100.9491
100.6752
100.7361
102.3541
103.8888
103.2597
103.0334
102.41
101.0591
100.384
100.7714
101.3757
100.9946
97.28158
96.03398
97.12281
98.00857
93.94384
95.49947
93.73384
92.75008
93.00736
93.26235
95.05807
96.61042
95.45422
94.35946
97.63742
98.87635
100.4911
100.7747
103.792
102.3558
98.5371
100.1702
98.49155
99.08332
102.719
102.8282
103.9722
104.0089
100.3706
99.49927
96.41296
94.52528
97.42646
96.17324
95.0533
99.72701
97.95762
100.5483
98.35533
96.44769
93.3288
94.76017
92.568
91.06761
93.3732
92.60101
92.83305
91.56405
93.21824
96.35589
97.08348
93.6137
89.20203
91.35632
92.32197
89.52261
87.40578
86.26052
93.67521
93.83271
94.35214
95.39935
98.21446
98.60727
97.38197
96.46184
96.08036
93.9667
93.9744
94.3442
98.13458
100.3673
101.4313
101.6602
102.1094
100.1611
99.34791
102.3747
102.271
100.6575
98.85276
98.1232
99.38326
97.65108
97.1592
99.03613
95.05768
93.45112
96.33479
97.09006
98.73883
97.17138
98.3804
97.3977
93.57127
92.32125
94.04987
91.934
92.83317
92.71498
89.2893
91.60998
91.02457
89.87744
92.43993
95.23009
97.70711
96.30032
96.70116
98.55495
99.79303
99.60687
100.0516
97.5066
102.0931
100.9127
99.91745
101.8333
99.83749
102.297
104.504
102.9737
103.3911
103.6328
105.0807
104.3862
105.4106
102.024
101.1106
100.4706
97.03891
100.2135
98.83625
95.63014
99.60318
98.06609
101.865
97.80646
96.33763
98.45457
98.80162
100.1472
99.1811
102.6605
105.6962
105.7605
105.7016
103.5908
104.7052
105.1736
105.4974
104.6531
105.2185
108.9666
109.2986
107.809
103.6844
104.4979
102.8849
101.4425
101.2376
100.7835
101.6173
102.9519
102.2587
102.2308
98.02081
96.36234
98.81794
100.8017
100.9304
100.3843
100.7482
101.2133
102.2666
102.3197
103.2563
100.6096
102.0519
106.9768
109.273
108.2247
103.8453
101.8185
102.1177
98.75232
99.99055
99.63956
97.06349
94.48476
94.65319
98.95749
96.14949
95.30906
96.55026
97.00106
95.34316
97.47634
99.43439
93.46117
95.10993
