84.74561
83.07805
78.1854
74.59003
77.63535
77.63523
79.21773
77.63675
77.37362
77.29041
70.38743
74.97439
71.97052
70.92053
65.54559
70.07317
70.70788
71.49227
70.0604
67.6775
63.24732
70.11023
70.38322
69.14002
65.69675
67.80036
70.89627
71.14254
74.36246
78.57436
84.50661
73.1214
77.5971
82.63306
87.20445
86.75141
89.46605
87.87587
92.39733
93.20896
90.72061
85.25486
85.2867
83.61322
83.8453
71.18093
66.14329
70.65607
62.58187
66.36096
69.18735
73.44157
73.93481
65.97062
72.47654
79.03729
81.24156
84.28933
88.63545
97.33376
95.61413
97.92354
98.2055
99.67458
100.8602
100.8713
100.3556
103.9284
105.4048
102.2522
103.5388
106.742
114.5813
118.679
121.1855
128.8956
123.3247
121.1392
117.6201
120.9892
119.7731
111.2749
111.4794
114.4791
111.5864
109.8848
102.5691
97.27273
101.5914
102.7306
101.0881
96.85233
98.67984
96.37213
102.1462
99.30815
93.48065
96.50761
97.34771
94.52322
91.83274
87.40867
83.91359
90.6549
80.65101
80.46734
79.61667
80.30699
80.06353
77.23067
76.12388
75.83753
67.65004
63.11276
63.49227
63.08269
61.4495
59.49833
62.03416
60.42052
65.34466
63.7062
66.24234
61.62043
60.74502
65.97373
69.97545
70.03948
76.99552
84.60805
88.97777
86.48978
88.60402
83.89277
81.61726
77.1462
82.82187
85.90724
84.83589
90.83539
89.66513
90.78375
89.68911
91.04698
88.675
88.03474
87.26964
88.9411
93.81385
99.08097
88.92055
86.73397
92.99032
93.28209
87.55328
86.61963
86.95257
90.7522
89.97134
85.06052
85.47633
89.07982
82.26641
84.64674
88.56727
87.41371
84.65849
85.30467
86.10419
89.20088
90.54135
89.23312
89.02243
92.07508
97.798
95.06579
92.43421
95.69779
94.63698
97.52067
98.53083
90.86705
85.5427
90.82605
86.57173
92.08011
94.08522
91.16394
95.07612
94.26213
93.2169
89.62204
88.06725
81.32024
80.42689
84.06093
80.96309
81.32841
82.54336
78.50826
78.88941
77.16494
78.44912
76.0429
76.41597
78.1949
79.98587
83.88753
82.10188
83.39013
80.22459
85.86013
84.84338
78.64927
77.96837
75.77145
73.36418
70.60708
68.82453
70.39592
65.46409
69.06573
62.7127
61.38325
56.56722
63.20741
70.77432
67.11233
59.81929
59.43085
60.53237
65.20357
64.1434
70.76167
69.39981
79.71683
78.24966
77.61919
83.79311
77.61966
77.81984
77.80739
77.24916
74.42399
70.00247
67.77377
72.00024
72.07074
74.33469
76.90885
80.97508
80.87499
77.88984
80.01172
81.91539
84.44159
86.08704
86.52827
88.65281
87.78124
87.97523
80.19675
78.41582
78.52938
80.58987
78.81201
75.0633
74.32498
72.37106
75.1953
69.45379
66.61914
73.95168
75.34982
77.95403
81.28025
79.86904
80.74803
80.07339
78.06898
81.86051
83.80014
81.36205
74.97687
73.22707
69.69178
67.70015
67.84948
65.78976
73.29463
74.65217
72.54825
71.2116
71.62716
70.76619
67.39014
66.74958
73.32753
66.66332
68.50207
65.4519
66.9356
68.74375
70.21709
77.9585
75.83479
73.0229
74.17361
76.51525
77.91799
73.04482
73.66354
73.67293
68.47393
62.82604
68.65264
67.52979
73.10909
74.32421
75.16355
74.51562
79.3929
82.76363
82.47784
83.03146
88.04029
84.58855
79.04559
69.40846
72.46542
74.19116
66.37309
70.88797
70.98045
66.76056
65.27439
64.53481
67.06448
65.43218
68.50681
68.76032
75.03339
90.25767
91.52332
92.55268
94.89072
95.61454
88.07798
82.34822
81.67759
77.26301
76.3479
81.3353
79.8505
78.30703
79.85516
78.96134
79.71612
84.65096
77.35895
81.77352
83.32151
78.50558
79.71393
77.86036
74.06208
71.92646
72.33045
73.46909
77.54781
79.97098
79.66668
81.86459
84.25546
84.55249
89.56447
86.56823
88.14809
90.10142
89.6028
89.70942
84.11701
82.20487
93.07546
79.8256
79.50888
78.02404
75.37484
75.03361
75.56121
77.47471
80.9881
82.45892
79.88537
76.3006
69.43143
73.96169
72.92114
72.69477
71.15933
70.60325
72.56446
73.52701
79.57772
72.18599
74.38059
73.34541
78.82527
73.8044
70.12043
80.77601
83.89835
82.54541
85.36146
84.12284
90.34289
93.28641
79.79628
79.41498
83.9174
86.64048
85.68931
86.08522
86.42496
83.49652
77.68931
85.6602
86.19364
79.10909
80.43746
82.57755
85.28411
92.71462
90.90473
93.36677
95.00926
92.91372
87.62779
81.24881
85.59935
88.52451
91.16923
90.0462
86.01564
78.01113
72.20965
73.88834
76.59906
74.1255
73.67772
69.64297
68.46055
63.7784
66.31823
68.31972
68.01908
64.64526
62.44781
63.71303
57.82255
64.3964
57.83545
59.05632
63.17528
65.07279
63.69095
59.1728
56.11061
57.66245
55.88581
57.89662
58.60616
60.03675
56.89748
58.58906
56.78746
59.64035
61.55615
60.95214
59.62025
60.0701
63.09557
60.61669
59.06561
64.17577
61.03064
68.61444
66.47995
67.55912
68.5292
75.83024
76.89956
78.59815
84.30057
79.27528
77.76199
78.71789
70.02398
67.10692
70.82755
