129.3564
152.827
95.73693
109.7491
84.01138
92.51235
75.85556
82.68036
74.36762
76.3357
80.53464
78.76581
85.6653
93.68411
124.9387
105.5656
111.7212
108.1424
103.4428
110.8075
121.125
90.82056
109.1341
102.0334
107.7844
104.351
81.45724
85.79789
86.99666
79.18122
82.95214
78.59854
75.80753
63.4428
77.4087
64.37808
81.98066
103.18
91.98028
100.2033
102.9173
109.6459
93.15925
82.72343
107.8391
86.6169
78.28374
75.76514
70.30723
75.44039
82.06992
77.56777
81.14235
109.2295
92.43955
105.4291
143.2355
124.6075
100.7779
82.93268
77.25419
97.21021
71.83179
71.55598
88.81804
93.66619
104.2809
119.2978
106.0057
90.41107
78.88643
74.71962
91.00487
83.34927
76.92937
92.17039
77.50389
93.22783
76.85405
85.59721
76.87212
79.91214
79.77842
97.73278
83.67498
88.79134
88.28413
107.4169
98.60147
80.67083
85.3491
82.3752
81.99155
100.9613
97.27917
109.1929
81.4021
96.07082
114.1037
91.63535
85.13733
99.38082
127.3199
121.6354
98.34534
98.89248
73.64401
100.7738
90.36055
94.25504
74.55896
84.65076
75.18314
100.9663
99.41111
98.6543
112.624
116.8569
105.952
82.57749
83.78269
84.65562
94.20617
114.8092
71.24091
87.67243
85.22007
96.61414
102.0314
84.68057
91.241
112.0997
99.51133
129.1588
115.7487
86.94135
78.04881
88.43759
95.7216
79.07648
91.44429
71.43163
81.73162
74.22016
83.51899
111.5179
124.7565
85.59119
96.61645
93.35058
83.51183
97.89241
79.23371
94.58437
127.4376
133.2958
120.4299
109.1935
84.7233
117.4108
126.4203
116.5452
89.26792
96.31692
118.2472
86.28321
80.82415
82.3728
98.47137
117.1718
129.7823
113.7583
109.9524
96.99866
89.88879
75.36431
80.33391
70.07876
95.5149
91.13414
90.3215
110.8298
69.25725
65.66449
71.01697
74.40124
69.55253
106.8606
86.24356
90.04087
85.73836
78.96654
97.81584
106.8092
99.31926
110.4769
83.49016
86.60349
72.60016
87.06249
69.01567
89.9676
53.3188
79.85665
94.5968
110.2952
95.70018
99.96583
88.68096
94.15815
95.21144
69.93791
80.54238
77.16294
96.01801
96.07226
92.33531
80.14687
60.92296
80.38154
73.16039
67.33578
57.17592
69.32031
47.83493
64.2823
89.79419
81.61499
80.24809
84.12096
86.32046
80.51094
98.12871
90.08459
87.0932
78.49547
76.87877
72.67262
81.55017
86.36723
92.90798
92.59091
108.5365
105.5226
95.60667
100.6353
108.2823
103.654
126.5702
104.4082
103.5178
96.93832
93.226
97.55273
102.8362
80.99474
117.0086
111.1715
132.5331
108.1104
125.0884
109.6486
95.88328
100.1851
92.76969
100.8423
93.32653
124.5737
105.8066
68.851
69.61303
80.14682
84.31594
90.7617
91.97854
102.6313
113.3078
102.8315
101.8455
104.318
123.8823
92.61987
103.0186
96.89897
78.87379
85.06736
67.63154
74.56826
81.33405
94.7502
98.39822
91.6485
68.76623
88.60058
93.47177
96.59867
75.77631
98.44035
78.19085
86.72743
91.58125
104.1747
90.76568
95.93475
101.9264
102.8482
110.4099
97.61724
140.9967
123.2994
102.09
104.85
130.3038
84.01023
67.77569
83.71488
91.79931
62.73013
79.39684
94.12188
97.30956
98.07352
105.0764
135.6007
112.9351
99.39531
89.1591
97.40066
89.5223
88.47379
80.59965
79.04895
63.61015
69.41304
84.6431
88.88823
88.89986
84.47318
70.22375
102.5786
91.48227
80.81892
111.5691
99.76383
133.579
152.2603
136.1392
99.59973
73.68515
63.66815
51.3572
59.4692
86.8483
107.0157
91.27075
88.3846
68.44247
112.4592
88.91626
88.32044
71.9418
86.86642
90.94852
93.22167
97.17099
104.2431
82.36379
119.5867
103.1516
93.70093
93.24662
102.4736
99.79635
109.3147
80.05888
116.7703
82.23468
87.22462
97.75813
85.04769
95.97027
75.01444
68.13409
68.45696
72.84153
73.44901
105.1745
76.946
89.80171
87.969
100.9819
99.78827
88.91076
97.13858
76.68046
82.95164
99.52625
86.90049
126.8715
113.1263
103.3863
87.41798
83.73589
85.37411
86.20073
79.69524
90.42347
96.31903
105.4326
87.50368
105.742
109.8431
92.1106
81.64122
125.0246
139.0979
114.5228
109.1523
120.3461
91.41198
75.67061
84.98971
78.12026
72.90727
93.06916
83.36981
85.18107
63.20934
70.06754
71.10751
93.0956
109.8343
91.21339
115.4974
131.2218
110.5058
121.4232
89.48973
67.41903
68.14555
82.88154
76.29681
97.02444
100.4562
81.83495
78.26444
78.08413
79.0731
70.45277
73.1794
89.95007
97.02999
88.05575
76.37054
80.27289
83.60097
82.34116
91.8882
132.8037
78.89835
78.50925
75.49514
96.91822
90.69173
98.38733
81.87559
86.63697
79.95467
84.42033
85.10949
60.19001
89.03251
82.35841
77.23969
111.8196
90.74592
77.8758
59.26936
78.94308
98.59399
105.1246
117.1319
93.24931
107.6069
88.81976
76.13583
86.84299
109.5992
109.9341
120.5137
123.0654
132.9948
113.5474
102.8539
116.5402
106.4457
102.6766
88.46994
85.71885
114.1877
