46.27179
42.9111
42.89049
44.45457
42.1464
44.76797
50.07685
51.35177
48.24947
49.39774
48.99755
47.05221
48.7012
48.14707
46.65778
46.78163
39.57288
41.26427
43.27199
52.80108
46.55231
43.89236
46.95965
48.99905
47.06785
42.94683
48.66492
45.66105
43.59477
50.60965
46.48467
48.98567
46.70378
52.21755
44.59123
46.69915
48.71861
47.33808
45.2956
48.16223
45.78818
45.78863
41.53339
46.6689
46.58632
44.61815
44.37203
47.94445
47.00548
48.75028
45.94567
43.36745
42.36888
43.78065
39.84233
47.6699
39.64252
47.24996
44.16632
43.15855
43.59818
42.23645
48.97136
45.95202
49.15093
46.02038
47.02018
38.06789
46.7934
50.32022
48.16529
45.42551
41.20346
44.00867
55.8657
49.15504
46.74921
50.81473
47.96427
47.02029
46.9877
56.45996
44.60338
48.36872
45.80023
51.28462
48.71051
46.78746
44.32272
46.91377
47.99444
49.92453
49.40614
44.31249
44.70115
40.00106
47.75685
53.67327
42.9376
48.88188
49.20853
46.3535
50.26402
44.56761
41.64592
46.90161
52.65243
46.65894
46.5662
45.85649
50.92326
42.69787
48.57975
44.95705
43.40086
42.45445
42.05724
42.81506
46.98576
43.95062
49.04636
43.73203
51.92196
41.80716
48.04059
43.51722
49.70661
47.37483
45.47943
51.02464
46.46267
44.69523
44.04631
45.81898
43.38878
43.81453
42.50824
46.25281
42.82833
53.08654
44.0336
44.53928
44.56603
49.2021
50.93551
49.10842
44.56008
48.52591
44.76641
43.77367
49.41117
50.22424
47.79143
47.97681
44.97892
40.45212
44.21801
52.571
42.82404
41.34081
47.85317
45.98354
46.76176
47.0126
44.00786
49.12275
45.74719
46.24765
44.93003
42.42287
47.19901
46.26879
47.3368
42.47365
43.61257
50.10833
46.93578
49.51317
45.29426
42.09439
45.3992
44.01336
50.9776
52.91454
46.37169
50.09723
47.34644
45.63263
44.15276
46.35857
43.98495
47.8816
51.62203
45.16466
40.23369
45.97819
47.72982
44.11594
48.26781
42.82196
51.63833
49.51842
49.62886
44.49037
43.92955
44.93694
45.73014
52.09959
45.52227
40.89651
47.98706
42.94316
43.99126
41.46568
41.86936
48.70458
46.80754
44.9567
50.01395
48.06965
49.55881
51.19615
54.14796
49.85101
45.41948
50.86207
49.20922
44.94886
48.55533
48.11315
45.57147
48.97915
39.52492
46.20019
53.69427
48.2054
47.44831
52.36048
45.30689
50.28685
44.79383
42.90122
47.11811
53.99042
51.62925
48.08561
42.88929
48.92936
48.96114
41.55724
45.20609
48.32412
48.91373
47.31177
41.24251
47.272
43.48049
42.06152
41.30712
47.09413
44.04154
49.6162
45.95894
43.29056
47.1871
44.95686
46.73069
42.73124
45.27155
47.43787
56.73962
44.16025
51.78747
41.44341
47.73376
42.34478
50.68488
45.69446
41.34399
47.4312
45.995
49.6061
47.70933
41.34167
48.4919
43.91155
55.12415
46.23185
45.61035
52.90549
43.62326
43.37048
49.8766
43.09532
51.72106
43.5341
50.07793
43.91191
49.98078
49.37573
46.15104
45.31013
45.47658
47.24268
42.64451
42.98684
43.59297
45.09696
40.4824
47.47886
43.92591
48.65908
50.49961
48.53788
55.65868
45.59721
42.06951
47.58647
45.66571
41.58988
46.83054
46.11011
42.69896
49.13629
41.63372
44.88032
52.85755
46.80663
47.10025
47.1591
45.42276
53.41206
47.27829
53.77006
44.57204
50.16146
48.3476
44.06041
52.28046
51.22004
41.58326
51.22878
43.62236
50.47372
43.49896
42.22053
51.58906
42.65001
48.30029
45.86423
52.03836
62.85278
48.78843
52.33575
53.13449
42.03542
48.49574
51.8255
49.58429
45.29465
51.30016
49.12821
47.04354
47.26682
44.74126
46.88985
46.61322
48.21337
44.60753
50.88671
46.22574
42.51064
43.92323
45.08487
48.97373
47.18765
44.52518
54.63268
44.77491
48.86175
46.91447
45.59256
44.51769
43.74336
50.93353
41.30723
46.69818
47.79282
46.58229
43.22019
54.16128
49.93011
51.60842
50.22124
48.8507
45.83905
37.72024
48.77485
46.99709
43.45183
40.66167
44.29523
53.34215
46.95649
49.2109
45.15621
50.10457
41.87444
45.79727
51.34565
45.91406
45.74455
40.96728
44.34333
45.85385
41.0757
49.2834
46.14974
39.02341
50.46364
47.66746
43.24944
47.09272
52.9489
45.05974
44.74545
52.12674
45.87588
51.71794
50.31861
47.74516
46.66234
44.34561
49.56033
45.81261
43.86637
48.36379
48.21167
49.11798
44.73616
45.90763
51.21746
43.35774
45.5597
48.12668
49.1734
50.06631
45.14998
48.20505
43.72326
45.61709
46.86843
49.72822
40.36794
46.68746
44.28542
48.33594
47.50891
44.56779
45.76953
47.8167
46.18168
43.97069
48.12625
46.03895
45.60988
48.97256
50.04132
50.67311
44.15336
47.52566
46.02029
48.20668
48.31994
46.54292
49.12679
47.505
52.92288
48.6216
45.09894
46.93003
49.39946
50.58467
45.47232
46.3575
45.75564
48.51426
48.89092
42.92054
47.43425
39.85727
38.59468
43.99125
39.6061
45.30244
46.63831
44.62292
45.44471
47.67866
44.58887
