101.4176
98.99482
93.92734
96.9829
96.10022
101.8859
94.72768
97.35848
94.46127
94.03759
96.28889
87.70399
95.1518
101.0606
95.79606
101.3562
95.20136
94.25206
94.74646
91.75675
95.85231
94.31229
101.8684
104.9253
88.18818
92.50266
99.23614
96.37824
94.5169
94.30309
96.31157
91.07481
95.30309
86.19575
88.40648
104.2247
95.44556
102.6509
97.01378
87.87656
89.96701
89.8937
96.75901
89.91047
94.91736
93.67341
98.20179
88.78453
99.2458
105.5022
102.6693
97.46702
89.34643
89.99764
95.37192
92.48946
99.44589
89.82542
94.41692
101.474
95.16229
101.9361
87.62095
88.85205
87.18046
79.79146
92.4146
88.54839
88.83152
93.57074
89.30189
84.83593
81.85494
79.90067
77.36332
75.76636
82.81643
75.28475
81.03503
75.75499
80.69344
75.1392
70.56346
65.76372
72.21794
62.85972
57.30092
43.41076
37.2915
19.56112
12.6023
12.69096
12.32855
13.12594
14.29125
12.42075
11.32705
13.04104
11.44556
12.86234
13.76197
12.99402
11.69664
12.3617
12.36778
11.3049
13.36971
12.18921
12.68104
11.87085
11.9681
12.77737
12.43168
12.97241
13.44298
13.26405
14.12027
13.41579
15.29537
11.66131
12.9875
11.91097
13.34633
13.09358
11.98338
12.01329
13.11339
13.69508
14.64668
12.17027
12.67209
13.12978
13.01274
12.59509
11.10504
11.87872
12.30544
11.52563
12.23515
11.9564
11.35452
11.89962
11.87685
14.3752
11.99959
12.93565
12.51239
12.69455
14.44263
12.17
12.0788
13.40952
12.74066
13.25127
12.46196
12.25371
11.14084
11.19351
13.55377
11.51631
13.20569
12.57077
13.51503
12.56856
12.30863
11.52396
12.85972
12.59344
12.6975
11.76884
13.59427
11.46835
13.70626
14.86646
11.88662
12.25342
11.87491
11.02316
11.87917
12.23404
12.01544
11.92154
12.50732
11.73395
12.43603
11.27713
12.28681
13.80353
12.59358
12.60954
14.84258
14.48631
11.84716
12.05034
13.8018
12.69607
13.54088
12.43946
11.98391
14.25684
13.60023
12.324
12.6695
13.70354
11.33504
12.832
12.08557
12.85898
11.28981
11.52852
12.50462
10.9455
12.01188
12.70543
12.70625
12.34963
11.98244
13.93441
13.17488
11.65976
12.71705
13.82583
12.60541
13.28135
12.11595
11.59714
12.50772
12.57791
13.81455
14.35052
13.54085
12.24
14.31532
14.32212
12.60931
11.30351
12.02547
10.28057
12.70065
12.1317
13.54092
12.23073
13.9752
11.47919
12.65775
13.63184
14.0299
13.15173
11.94395
12.83133
11.92448
12.11289
12.46693
12.86859
13.34591
13.80704
12.8046
9.694191
11.19217
14.09575
12.73528
12.93895
12.77045
12.38006
11.71773
12.12393
11.93973
14.99484
12.66113
11.87684
13.43998
11.7124
14.0951
12.17733
13.31083
14.09382
11.89584
12.62388
11.72359
13.44813
11.96695
13.19121
12.11131
11.92002
12.38121
12.92314
11.80922
12.40099
15.66565
13.919
12.03219
12.61462
12.18435
12.74973
11.0847
11.62566
11.66988
13.31297
12.18623
13.53385
11.83869
11.22851
14.13587
12.83023
11.78914
12.55314
12.18164
10.88842
13.80564
12.91968
12.17455
13.83394
13.06223
13.89702
12.53456
12.7258
13.21244
12.73973
12.96604
11.68803
13.1853
13.79353
12.47053
11.47073
13.36748
13.22272
13.96508
13.44112
14.39523
12.88035
13.74503
13.54494
13.52133
13.8318
13.22902
13.61468
13.61289
11.35052
12.53462
12.04338
11.30071
12.68189
13.25016
11.20367
11.0742
11.54285
13.04416
13.01367
12.8193
11.54116
11.49169
13.95423
12.73549
12.61372
12.4614
13.49346
11.40562
11.76108
14.58272
14.57943
12.56275
13.63356
12.19266
12.71034
12.48296
13.45311
12.79008
13.29294
13.54836
12.66945
12.26484
11.84593
12.08222
12.33166
13.29943
12.14946
13.97883
11.25589
11.50721
12.77403
11.8431
11.64823
11.38162
12.78204
12.43247
12.80329
11.44414
12.84671
12.36884
13.12276
12.54181
11.06565
12.25815
12.6615
11.01207
11.23035
13.9766
12.64963
11.99848
12.26953
12.12129
14.22693
13.75321
12.4384
12.79195
11.80824
12.42097
11.6195
11.84139
11.85121
13.86975
13.9169
12.04077
11.95154
12.43881
12.05722
13.74275
14.77768
13.30808
12.18355
14.45891
12.87557
12.84249
13.07701
12.53402
12.47446
11.40911
13.16599
14.2018
12.81371
11.71044
12.81659
11.45893
13.08779
12.52717
13.81298
15.32298
12.30251
13.59359
13.52211
12.04552
12.68376
12.53458
12.19254
12.09044
13.266
12.96285
12.51687
11.83614
12.15908
12.97795
13.66543
11.86104
12.71213
12.06591
12.69174
12.91998
14.0279
11.968
13.32735
14.51977
12.60322
12.17568
13.97425
13.57676
12.27759
11.7911
13.95718
12.45345
12.09707
13.14579
13.26535
13.96824
13.52598
12.08497
13.03822
12.40334
12.00362
11.69722
10.84412
14.78297
13.01391
12.16424
11.92736
11.68565
13.07969
11.26805
13.97218
13.23072
11.89063
14.33279
13.09997
13.3561
12.5792
13.32758
13.68817
13.53528
15.99732
11.93082
11.2533
