1083.883
283.1307
186.5345
1109.068
216.4516
388.365
281.6075
372.2817
203.3602
415.3041
458.0837
150.0792
101.4734
392.0148
214.4906
586.9422
282.7975
393.4794
431.9329
382.3604
206.8346
294.2765
276.5081
195.3994
334.1046
328.7335
244.6819
363.2159
111.1312
470.5552
267.9524
343.2737
260.6654
123.0988
168.5249
513.1175
134.6843
352.1052
496.3173
181.9042
170.2288
265.1809
326.4796
412.1054
232.3591
633.1049
449.2658
527.0584
145.9774
217.1268
255.9756
267.1794
235.7119
133.174
492.8946
99.89707
512.1309
249.9503
456.126
261.2145
627.2568
400.1901
119.1628
266.2553
247.1197
322.067
132.0963
482.5403
235.2086
269.9504
157.3195
200.9527
275.8751
732.5558
273.7497
314.7603
166.7036
374.7729
794.7964
283.1091
363.9456
183.7502
133.7108
378.4257
208.6042
345.4096
304.2047
311.7935
275.7786
237.3644
312.9806
639.3519
302.3097
163.9835
625.1532
194.6412
116.7238
321.8066
146.7596
136.1369
332.7625
251.2341
576.3382
258.045
462.4239
599.4885
419.3185
186.8154
187.6773
216.3445
186.527
312.8681
283.2633
143.766
216.3623
2186.034
150.3001
201.1695
186.114
363.6293
264.948
319.7257
140.2364
202.6023
174.9847
445.6601
200.221
194.5964
1262.082
278.1119
1010.645
311.6803
288.1622
421.7701
185.1275
571.8042
571.9503
197.7884
365.3089
179.9728
765.6905
152.6157
171.1379
390.711
306.7755
284.8978
214.6119
241.4164
351.1364
165.4575
489.6012
384.1777
404.1402
488.2148
576.0811
166.5622
260.2362
261.9676
134.8098
174.3175
99.61579
158.8815
472.667
268.3478
354.3014
199.5596
261.6356
190.9798
428.0148
229.8441
228.3175
277.3009
232.4425
179.9937
440.9413
208.2596
204.1179
269.0028
202.7157
420.0189
339.4276
98.75828
580.8366
188.0557
188.8329
167.0672
218.0732
607.8574
299.6505
136.9683
301.8497
325.9184
201.0426
359.9139
237.1969
369.4219
311.5575
274.1293
331.3944
165.3625
350.5054
509.0372
225.5289
147.7493
560.489
141.7326
596.5349
219.9573
270.6928
285.6514
143.6155
579.6087
164.5596
258.3173
189.6154
226.3773
318.0784
394.4821
701.3988
251.1328
343.9998
163.6277
216.7138
149.8097
673.7135
189.7251
480.182
226.5766
143.4361
247.6301
267.1933
368.9771
170.8866
344.418
374.7199
299.3459
440.7553
358.8435
299.0342
317.2332
229.8653
303.451
148.2712
410.7565
593.9231
221.7234
152.631
252.0959
237.6848
199.7044
179.8855
375.9766
466.9588
151.3629
259.7524
130.6544
318.16
271.8288
322.1963
476.7976
348.5608
183.1723
154.5535
128.161
196.8659
356.9071
330.2498
130.27
181.9114
361.6431
247.4775
213.4313
304.5554
504.3113
172.3611
92.24133
232.1416
310.9671
370.2856
380.4282
114.6705
119.1256
241.7518
222.1836
941.7743
254.5788
155.0747
714.5545
173.9829
314.0385
351.0337
325.8082
226.4426
163.7897
145.9704
242.4085
256.1425
272.5809
477.5181
153.2325
481.3709
454.304
132.7034
688.9696
358.3773
162.4176
149.1629
321.279
253.8384
274.1238
265.7508
198.8118
254.4757
175.8614
510.5787
162.3571
221.5763
199.0463
253.8845
132.9899
126.8451
351.9072
236.8323
384.4315
217.9433
214.266
407.1425
458.3746
437.6352
149.4453
390.4597
505.2844
871.3801
209.9574
187.8426
190.5367
181.4328
664.6359
120.1984
372.559
328.943
348.3528
829.8164
996.473
302.6874
339.8948
261.1957
256.571
537.1937
144.3819
117.8998
199.5448
280.6853
142.3339
172.748
167.6073
212.8078
1294.599
348.2873
689.1194
206.6804
173.5492
205.4444
1304.39
366.443
1017.783
211.3634
226.6752
330.2392
293.0102
303.7486
383.0081
261.3023
461.8448
592.0774
208.4177
248.9205
487.0067
320.2138
252.2834
239.7517
318.3699
213.9424
275.2161
547.2243
254.3258
196.2416
494.9114
131.9008
412.081
400.536
295.0994
398.7902
408.8286
219.0235
206.0488
318.6831
283.9637
393.3984
226.1985
174.6931
237.0817
461.078
499.8333
285.355
198.584
759.3109
157.1535
251.4418
374.5647
1205.051
228.866
321.7074
221.2749
188.5047
298.9587
143.0996
348.6735
269.1697
216.1464
257.8612
274.861
187.1434
213.5429
402.423
630.1605
409.0879
177.4927
505.9543
143.3805
207.6709
622.6701
398.3976
164.3926
404.5526
221.1204
230.9342
715.6167
476.2736
505.8227
200.8308
224.3766
376.85
119.8574
162.4114
288.0104
332.706
268.0476
403.6235
269.9046
587.7714
599.2182
199.2567
306.5091
851.4703
200.7771
317.1083
190.6354
282.5244
410.9448
347.1989
335.1376
199.4053
350.6887
170.2605
118.7603
175.9312
457.0231
373.9496
273.7848
333.7869
283.597
487.8968
260.2768
449.422
237.8225
275.9898
334.4495
1163.61
424.2044
442.5385
251.7362
419.0692
253.9565
512.541
117.0718
376.0216
774.2373
267.8634
359.5152
348.7515
220.5997
1247.953
1205.371
263.2138
589.3589
556.6988
439.8466
264.1054
405.0634
