150.9448
174.4691
162.0886
146.7718
157.7926
173.9169
155.9212
164.7387
151.4881
154.9436
148.9932
157.8729
156.7751
160.5674
167.1997
150.6308
149.5988
163.1191
164.5191
158.7669
153.2501
150.0266
157.9841
148.2954
148.6964
176.7041
155.1189
144.9695
175.7942
148.3841
155.8608
162.25
159.0742
162.9869
142.3962
151.7883
171.4367
149.5522
144.415
156.6182
154.7855
145.6949
155.2662
161.855
155.3808
149.0104
158.3372
149.6345
162.133
156.3947
160.3318
160.5572
155.3808
147.5066
151.8213
145.3847
143.2947
157.2917
137.7753
150.0481
152.1835
157.4964
161.547
165.5571
147.3967
151.3834
166.3261
158.272
150.4243
159.3495
159.1714
153.9105
144.0675
149.1683
158.427
142.4554
149.5076
153.8048
160.5013
173.2496
153.5515
155.9299
150.8308
159.9636
144.3713
169.9189
150.4813
154.5806
150.1357
156.304
165.1943
136.908
150.7941
159.8364
156.1182
155.7476
159.8919
160.0319
159.7261
178.0907
162.6602
146.8687
160.8478
159.3558
164.7682
157.5412
162.8313
147.0484
157.1083
157.2891
142.4598
149.4114
162.3544
161.2315
156.9237
159.4026
154.4013
162.0196
155.7948
163.7249
146.6808
140.3637
148.7151
145.7841
158.9161
148.1019
148.3393
155.0805
153.6572
153.291
164.0985
155.668
165.5716
161.595
156.8567
161.5158
144.0631
163.0746
158.4184
152.075
157.5128
154.6272
151.3514
146.7956
152.5956
156.459
148.7945
159.2765
152.6989
156.4707
150.3745
146.4735
159.1137
150.1765
141.8231
154.7276
149.4413
150.1848
150.3139
142.9142
146.5222
154.6398
167.7805
150.2829
149.6259
152.3098
135.4065
165.2211
158.0344
150.5194
159.7405
159.6651
146.2661
156.0955
141.1997
145.4879
154.0184
146.5144
147.7006
147.402
155.3397
151.5185
142.3685
138.512
151.5251
151.9149
158.869
153.3388
160.8735
159.937
152.048
144.5165
162.1081
153.2075
151.9864
163.509
156.7894
156.4586
164.7441
150.1212
159.8043
144.2782
159.2337
153.4039
159.8298
150.57
162.6847
166.7447
152.3443
147.093
144.2329
159.427
158.7237
150.3093
149.5607
158.0781
139.3786
144.8666
167.455
161.6648
137.9978
163.4764
157.1215
144.2502
153.4704
158.7287
140.4018
162.0694
153.4988
145.8333
147.707
152.3191
154.7639
155.4328
151.4037
154.124
143.3647
142.4316
153.6135
163.4492
147.1526
170.6242
144.2275
158.3444
153.4333
163.9417
164.2061
151.8387
165.7663
162.0088
149.5168
157.6686
162.6688
149.6303
159.477
156.5134
155.5616
154.5381
166.6583
160.1998
156.5421
165.8463
151.3232
152.9073
164.1466
163.037
146.9282
151.8548
148.8324
164.4012
158.5514
158.9738
155.1925
135.4774
159.2956
152.5884
145.5041
150.2534
154.0225
168.7067
149.2461
164.4713
158.3521
155.1544
150.5329
170.6664
171.1513
151.5506
156.2753
157.8737
148.274
147.945
174.0298
153.9465
147.5291
138.3727
157.4937
171.407
150.7404
156.5873
153.1427
155.4122
152.2202
143.0722
162.2214
165.3493
149.803
156.6672
140.4498
157.1732
146.326
140.2624
143.8839
158.4965
152.4158
157.4901
154.718
149.6913
162.4357
165.955
151.1408
147.3206
164.3029
149.2062
147.1376
149.1278
154.9229
160.0156
161.3256
158.9276
163.0921
145.8604
153.9989
153.2161
150.1761
147.5571
164.1686
137.5992
164.4083
147.2937
145.0878
159.4578
169.0922
152.8731
159.7356
154.0174
154.6616
164.3148
147.4776
157.8635
154.9576
158.8805
155.7796
142.9266
150.8818
146.9526
155.4915
171.0061
149.5178
154.5657
158.8421
156.1627
148.5115
150.5463
161.5483
157.2225
164.3577
167.4597
155.6826
148.596
159.0016
164.5729
144.7501
163.0927
161.2845
164.3796
156.715
173.1748
147.5511
150.1587
155.7993
150.0656
156.1497
141.7408
161.7111
149.0729
166.7509
152.2634
154.5528
154.9879
168.6861
158.6454
160.7202
156.6651
144.0573
152.9959
139.0509
154.4669
151.1959
147.3986
157.3766
156.1091
160.172
149.7027
160.375
149.004
150.2458
175.2019
154.7602
154.563
153.9702
167.3081
157.1118
152.598
145.0237
148.5888
149.4648
158.9383
160.1084
143.0363
159.7997
145.3133
165.0245
153.7181
150.8687
160.0916
160.4078
156.888
146.2885
150.3123
145.8318
148.4846
149.804
152.0482
139.7919
157.0422
157.4548
157.6991
150.2535
158.2278
143.6989
159.3532
152.9221
156.6551
146.8182
143.4655
158.6222
146.5181
167.672
156.8064
149.6212
157.7712
144.0319
147.1242
147.136
145.2042
159.5827
156.9809
182.1533
160.3961
153.771
148.5259
144.5724
154.4361
137.3207
150.9196
154.5417
170.1704
155.6309
144.8668
169.0216
161.3808
142.0979
146.9542
156.9076
150.8424
161.4049
154.1462
149.2424
157.9815
149.3228
148.2219
151.969
152.4073
150.676
155.1144
159.2667
145.5686
146.6856
149.8558
146.4993
158.1511
151.3402
157.635
154.6496
136.6796
159.0313
153.6016
145.205
155.2094
