64.79069
65.59049
65.16806
77.19223
62.83797
59.88697
49.75225
38.45767
27.25235
35.0058
42.43866
61.35917
64.67742
89.3077
68.21064
65.74166
43.5665
38.82425
35.43872
24.25306
22.85483
24.47976
25.9612
31.51091
24.23448
20.23697
12.15707
17.81841
20.32574
20.15291
18.83441
22.93332
33.00535
29.50335
24.39662
42.86973
47.6751
39.7235
29.01396
26.5507
23.72611
30.99322
26.9161
21.50786
20.13346
31.83453
36.47699
48.09739
63.78966
93.50393
102.1876
80.57404
89.04841
71.77863
78.64393
68.74345
65.65029
90.53835
76.80207
76.47142
68.02152
54.81142
70.75077
67.78049
80.32307
72.60559
53.73225
53.31053
50.08973
52.10163
68.17813
80.84681
70.27195
48.14435
56.39834
62.44792
53.29274
38.69874
32.27421
30.4781
30.33847
26.60992
27.17783
33.09348
35.44825
24.59445
30.32672
30.81903
36.13549
43.74486
35.54966
45.18267
41.68924
43.93906
30.60682
40.64293
39.45084
40.25407
53.18109
29.85825
40.38866
39.20478
49.82885
40.21372
32.27098
33.95735
38.17017
39.23703
46.73104
42.53436
37.79748
56.22569
59.99758
61.01223
60.58673
49.0729
33.8281
32.93027
34.96827
31.91452
42.48781
51.26541
44.98015
52.39593
77.42645
79.26661
110.6871
151.8531
179.7292
164.5704
128.7832
93.30659
87.38568
133.8518
126.9681
112.3081
84.71834
72.6259
68.39438
77.6598
86.44002
59.69321
84.25403
71.62502
58.21753
60.54677
64.98034
48.11688
45.41825
43.04792
32.09007
30.17975
39.48681
44.15061
40.92726
36.28387
33.33364
47.62525
45.61045
39.55736
36.3988
26.4591
20.18825
15.14097
14.86861
20.75707
21.7431
26.88313
26.5253
33.7486
26.52306
30.77491
28.73686
39.58691
40.61523
47.178
31.6188
46.18707
41.81929
46.25366
45.40577
46.02972
39.36036
43.98982
39.2539
47.44196
48.91811
58.73113
64.79388
62.01937
38.36752
38.16065
35.55615
29.86917
26.55234
21.06388
22.27458
28.23784
28.76376
35.00979
36.85985
29.73919
24.86014
22.00834
26.13201
32.71605
23.13196
20.89692
22.81524
32.31401
35.11575
36.74303
44.74458
51.19548
38.32551
38.3963
46.3339
59.85658
55.29899
63.81361
51.49679
43.88519
31.83399
35.93212
35.63539
46.16755
60.60764
63.88134
72.63684
98.53411
112.9361
84.7473
69.65578
66.26085
67.42593
74.8345
78.56024
97.76206
77.53641
86.37631
80.80544
78.21016
80.97884
79.74141
54.15751
38.30535
36.42054
37.89829
39.86242
41.61852
32.92874
32.70384
28.0858
28.99147
30.69806
25.57308
26.22253
21.10448
32.53388
37.38119
39.66178
48.8755
45.02906
35.24116
31.55506
31.11736
28.49563
22.1323
17.9387
20.43151
19.17149
20.29235
22.32307
26.44704
23.97281
24.98806
28.01865
41.70089
37.19722
39.37472
47.08916
38.5511
35.67489
48.06669
43.27245
37.50336
36.71118
38.92399
32.10846
43.16809
43.17322
43.39379
44.42911
38.85855
35.52164
47.24038
52.2019
51.82497
58.54787
53.31362
41.40118
39.49404
35.82346
45.55997
53.76426
35.35203
41.67577
48.13639
38.01374
31.98261
47.67383
59.40527
71.6764
66.66343
50.58984
35.85107
44.4948
40.49336
31.66473
28.09932
26.80119
32.52508
25.81323
37.7403
50.80942
55.04055
50.79254
51.18974
44.92096
46.16269
49.66007
36.72485
31.90409
22.12327
32.50127
25.35151
38.63115
34.12819
26.18261
27.25438
22.05449
18.95711
23.62622
23.96098
21.6543
28.38825
29.35825
30.35759
34.62092
29.69482
22.1463
18.88604
28.36364
27.94601
27.29299
30.83616
26.1495
21.33988
22.67115
23.54351
26.71742
26.34199
18.7956
15.89448
18.1038
21.87072
17.68264
23.32391
23.63061
26.6294
24.04306
19.9035
19.57077
18.53678
14.79317
16.74351
18.26502
19.58729
22.74863
25.21171
23.71406
24.9889
22.45898
30.89256
26.00527
32.43544
38.64799
36.55559
30.5225
29.42517
30.28018
32.44765
35.30142
28.23263
32.32618
27.2558
29.95115
31.70592
35.14964
31.86289
39.99738
49.93339
50.52776
58.27657
63.97016
40.6915
50.5452
44.49392
67.48833
51.27571
52.51335
53.67289
66.39433
63.33846
72.35599
71.81959
89.18041
69.38754
68.83727
39.52808
33.11171
39.35169
43.52106
37.16433
52.20277
39.36762
37.05687
40.48001
40.49909
40.00103
36.25202
39.63496
49.97069
43.34436
30.07893
31.6742
45.22402
32.00478
29.12502
36.02349
47.68664
45.40586
75.00727
66.30663
42.09777
37.33199
40.46995
35.84777
28.86801
25.39625
25.49246
26.9841
27.97377
35.07922
34.12664
37.14497
45.13931
32.16338
29.73195
19.76274
14.48384
15.46639
13.47378
17.34246
23.46994
25.19109
28.21063
29.67237
33.90053
49.71201
50.22114
47.49229
54.86623
38.58534
41.45956
41.28655
32.487
30.74546
38.39966
38.56175
38.86073
54.86511
37.39402
47.83298
58.73423
53.94319
29.88261
36.18535
41.71626
37.56904
31.90924
28.84031
25.77629
27.23091
32.45508
32.475
31.18679
29.48407
26.08441
26.9078
