144.7864
147.2602
153.3943
159.9538
152.5227
161.3356
151.1846
148.1715
143.3392
146.8415
164.0768
150.1124
164.5455
153.7238
159.5843
145.1523
154.5518
152.9827
147.4187
155.5439
140.6113
169.743
161.9269
162.1959
152.52
158.9971
144.0728
155.0701
172.8507
162.4508
154.707
167.7346
148.937
145.6898
152.5325
143.5751
150.4062
143.4186
140.4253
156.3291
139.9912
148.9837
147.233
155.3903
151.2217
152.8573
170.3181
148.4501
150.6999
166.938
147.0391
143.8844
151.4471
149.6645
146.964
167.1934
155.5834
154.1536
153.2782
150.4316
167.0257
146.1926
155.0741
135.5767
154.5238
146.4017
156.2824
152.901
141.8602
150.7448
173.9072
149.1979
140.5371
153.8104
146.6211
150.3283
174.7038
153.0467
165.6641
152.5199
167.8634
169.6496
163.4237
143.546
148.3596
155.2218
157.4262
152.8605
154.9041
155.8355
154.1993
151.8364
148.2068
139.528
165.9114
148.2069
152.4142
151.1765
152.3882
156.2854
138.3358
153.4619
151.1093
153.0981
157.4726
148.5055
149.8012
154.3974
165.0489
158.4632
172.9665
153.0093
156.7041
160.0476
146.9376
157.2744
146.0488
150.7753
161.3683
161.5191
151.1133
154.4895
144.235
145.4736
151.1439
149.0701
152.6109
152.7697
155.7008
158.4099
139.7281
145.7646
148.1961
149.5634
149.2108
153.0367
155.5631
153.529
171.7313
132.5082
152.9559
155.3859
147.467
160.3862
150.8375
148.2023
150.1509
163.6461
145.0849
166.4717
155.5193
159.7972
159.7713
153.0628
146.4506
156.0854
150.7859
154.9534
162.1126
149.7185
155.9775
142.2375
166.2207
157.0277
142.6961
151.2669
140.4248
145.037
159.6559
152.9857
161.2042
154.7537
144.9286
138.0651
163.321
162.2354
131.6759
138.6014
149.6001
153.1146
154.8229
155.0803
156.9857
147.6121
158.2092
151.914
151.5453
171.9157
144.0149
148.6315
144.9601
149.7132
153.3128
162.8446
150.2867
158.1683
162.8708
144.3592
152.4976
152.7826
156.7285
151.8375
161.6787
155.783
159.9011
162.752
160.213
152.3722
148.1321
148.2311
158.6
166.3399
142.5786
160.8165
160.1924
141.0305
150.0828
150.1008
146.6856
161.357
148.6172
144.381
172.1774
136.3542
152.3302
150.4628
158.4057
156.316
156.2553
156.9841
153.3162
156.3487
153.3643
157.2602
154.4738
145.7539
162.3998
152.247
146.5234
156.9756
161.503
155.1238
154.4109
162.3468
150.7398
149.9782
151.0903
153.4674
144.5602
146.3777
144.6674
166.4523
140.6755
148.1705
155.3872
161.7709
164.8026
144.9778
162.7039
146.7569
154.961
171.0554
159.5123
148.6195
156.8405
158.5142
156.7393
153.9297
143.2738
155.6523
143.4487
159.1971
149.9127
152.8262
162.1847
150.895
145.7196
158.4486
142.6095
153.5861
147.5744
154.4645
157.0971
179.2789
156.1484
159.2918
160.8506
155.2416
147.2921
148.0672
149.4542
157.0058
150.3912
166.3322
153.3363
151.3815
166.2761
164.0833
155.5301
158.7394
158.5912
148.1269
155.8651
149.46
151.3659
153.0943
154.9458
159.0362
155.4152
147.3028
158.0451
149.7911
143.9069
135.8852
148.2209
162.8476
152.5387
145.3871
154.4805
134.1575
155.0354
145.4157
153.2269
159.3271
164.2022
150.2176
144.874
144.4125
154.1474
158.9318
139.0853
149.3237
149.0401
138.8845
146.6544
151.159
159.9839
143.3603
153.5656
160.7948
144.8443
153.9122
150.0287
155.4038
147.2082
156.6299
169.5635
137.5123
165.9519
153.6822
145.9156
149.1794
157.4869
149.0407
163.8124
145.269
151.1745
140.9871
163.1884
155.3839
141.4521
148.5574
155.122
138.6147
159.0068
162.4553
145.0881
160.0322
154.0979
147.9276
148.5076
146.2106
152.4688
151.5103
144.5986
164.021
150.0361
146.4347
141.2773
151.8287
141.3381
158.0624
161.3659
159.2773
151.3568
149.6166
147.4304
155.6406
144.3888
146.0954
165.2808
159.9661
146.3323
158.3467
147.1437
152.5445
151.3003
153.5374
144.5384
156.124
166.8409
149.0082
147.6044
154.0103
159.2002
159.6521
151.3399
152.5662
149.56
141.6787
162.1116
150.798
151.7743
161.4968
142.9449
159.19
164.8255
157.8527
156.5114
156.5877
154.412
151.2875
159.5399
167.8731
148.2801
146.2456
160.8512
157.6005
163.8124
153.6125
156.2553
150.4709
156.6122
145.8429
147.4575
159.3328
140.5286
150.0481
145.4244
149.5271
144.6316
164.2299
158.1818
154.4227
151.5571
147.8133
163.0926
150.7515
158.7834
162.6369
154.9428
151.3367
149.648
156.3024
163.6564
151.0935
148.4881
154.3039
147.9378
148.0427
164.7726
143.3603
137.299
156.8151
155.347
158.4387
154.1974
155.29
150.3167
145.8828
151.8904
159.1954
136.5035
146.1781
143.7211
145.5467
155.3096
151.2355
157.6934
157.7282
153.8338
163.5709
149.5652
146.3544
143.3375
156.5741
162.8163
149.5418
155.9255
150.6256
151.976
154.359
162.725
144.6514
150.526
151.0794
146.3437
164.3221
153.1795
150.5299
