557.3976
560.4684
614.652
680.5145
602.8806
581.7875
617.4709
764.1113
634.567
666.7811
631.6081
688.9471
608.8667
794.3544
659.7113
669.0631
609.1423
704.8336
705.3176
659.0164
553.7774
567.8532
626.8823
706.7866
578.9567
592.658
620.448
668.5724
616.1623
612.7994
639.1627
616.793
668.5965
692.224
606.0486
617.5173
677.4141
668.636
615.5007
628.7616
649.9349
604.8361
683.1858
736.1156
585.038
682.201
633.6508
596.703
623.6385
726.6451
622.363
580.7767
728.4468
661.3925
639.454
547.865
560.765
690.2845
551.8544
646.9587
696.1893
670.8531
595.1625
697.0575
669.4992
678.4229
599.1255
661.2498
673.9368
683.5586
592.3708
678.1843
669.6816
730.7457
680.0197
577.069
687.6295
619.5939
646.6919
654.2402
557.5542
695.5966
608.9113
654.9203
702.0448
599.248
606.0138
694.7985
726.4569
682.7658
648.3161
673.0228
652.4687
736.7739
641.9302
614.5934
593.0824
616.747
577.6231
598.5254
688.5015
661.5215
631.5543
646.3099
592.8477
683.2827
573.8009
700.2776
668.3777
648.9887
670.7798
665.8336
648.3471
650.2306
624.507
647.4589
650.693
679.2275
635.9597
602.851
624.7434
603.4642
644.1874
623.7327
594.1045
691.9288
675.0963
646.0033
556.254
774.5301
768.2788
701.1848
608.9846
598.8507
580.791
715.5682
585.3131
643.1256
598.9339
641.1076
573.6297
551.5672
611.8364
579.2698
766.1976
625.0948
633.3197
639.4623
590.1704
618.0995
594.1399
623.5286
583.4891
575.0515
712.3111
637.2167
533.9383
639.1211
678.69
700.7271
558.7035
691.7844
574.684
750.417
597.9624
688.6603
691.8481
593.8683
568.4633
602.4324
497.1918
846.0195
529.905
607.1339
660.9434
752.7851
589.863
583.8045
636.8593
723.9175
679.4964
723.2619
571.8543
672.7611
679.0319
673.8253
584.3582
650.1653
638.5389
591.2296
625.189
710.0951
649.7114
579.0348
645.0054
707.9346
615.8416
623.3189
529.1727
570.9866
641.7486
612.7772
572.7874
579.4539
619.1334
623.315
578.4021
622.6445
644.334
691.7704
650.0446
602.3325
673.6462
573.8621
623.3193
807.2963
703.7378
635.9699
574.2915
638.0622
755.8299
670.4063
674.5299
677.6909
664.4794
579.2794
620.3039
608.3094
624.8025
545.0516
612.8953
621.7251
606.9806
651.9545
562.7581
696.8899
574.6549
638.2065
742.0727
561.5467
577.9628
654.0637
646.5801
647.7549
567.8046
589.6396
587.251
715.9159
630.8933
631.7273
679.1726
648.2162
674.7002
713.0701
614.9196
577.9947
624.2293
706.2322
628.2759
623.7179
614.9948
650.2689
561.9512
656.5918
524.003
611.538
587.0195
676.6936
695.0424
731.491
691.2765
522.2442
695.855
635.4682
804.4002
515.0804
631.286
615.5631
603.9534
679.9884
583.9228
596.8229
676.7012
602.5802
627.7452
669.8939
765.4812
677.8951
643.608
552.7658
612.7431
558.5481
721.5824
694.3872
562.5023
516.2013
791.2834
725.7358
700.4324
559.3962
621.1706
591.2769
680.5897
649.4529
762.7594
592.4981
585.2839
720.6042
605.298
698.1663
659.6978
615.909
663.008
558.234
684.6177
720.6814
564.9155
548.3897
635.8197
662.9133
625.6805
656.6195
621.674
658.7662
696.7629
738.8419
612.5395
645.9472
737.6051
589.0465
633.9527
674.9071
635.4546
606.7354
614.029
644.3804
633.4002
601.7046
643.0058
582.9165
651.6225
622.0887
634.1905
599.0773
606.72
603.3866
617.5882
720.4006
729.5821
589.118
671.2349
611.6405
705.1025
651.5007
603.9048
601.3473
597.3693
590.8394
604.3865
593.5488
718.7399
728.494
591.8286
582.162
671.1559
582.4374
620.0766
727.6893
664.8191
643.172
606.8691
651.5043
597.8758
622.6618
636.1969
616.4383
628.9824
626.0839
611.5858
625.5726
595.8943
606.1959
596.3093
534.8692
678.7684
613.3402
688.3728
641.5207
671.6914
589.6202
667.3733
586.0203
663.799
618.5375
675.8036
633.137
660.1281
577.2024
636.6752
572.4284
659.338
712.104
599.0878
538.6727
695.054
647.3349
606.6354
560.3907
637.9725
638.5875
723.6692
627.3244
546.7034
558.1745
656.4974
626.7878
662.9213
593.828
592.6662
604.0666
687.0288
635.6319
633.1111
651.0954
631.3253
660.6988
568.4704
546.4765
567.1384
596.8351
599.0294
639.0936
597.628
616.6987
562.6246
697.8811
604.1012
655.3213
685.1611
624.635
661.167
572.4641
678.8181
685.5403
655.7729
644.474
692.4959
641.5071
554.8162
584.9533
629.6473
641.1688
561.446
613.8818
626.3158
571.0988
753.7147
637.5443
628.2744
586.903
610.0885
665.3211
524.0315
566.0415
603.9329
574.2577
578.4709
629.1674
653.5117
536.0921
614.6014
629.6147
751.5564
608.63
592.7475
601.3666
595.2001
593.4188
616.8292
763.813
588.4421
669.284
614.8187
621.1394
596.9234
641.5157
688.6459
747.4437
616.1596
583.1817
638.9882
662.6323
573.6949
680.7191
671.6443
561.0828
666.162
621.7748
546.2652
679.5086
