60.35086
102.1592
169.0626
306.0406
772.2126
889.2781
946.5496
4011.743
13216.01
23153.3
25728.66
24581.44
24303.53
21498.41
30061.49
16174.06
18193.46
16066.48
21975.13
31516.25
24478.73
27290.52
23377.33
16254.62
15852.27
16300.7
14054.89
17283.31
22662.42
30512.2
14382.43
23433.07
20403.03
30509.52
39691.62
16168.78
23933.98
22036.42
20830.46
28209.74
16359.26
18367.86
12224.49
18500.19
15109.81
15984.11
23745.6
19555.81
23121.15
21858.83
13278.53
17282.92
14223.57
19481.8
23424.4
28978.81
17588.24
13478.11
9259.052
12694.18
25150.17
19481.64
15308.65
18569
18096.12
25049.95
21495.66
17077.76
16767.45
19125.27
19829.97
25079.48
25914.61
30558.87
21575.45
19574.25
15404.94
21500.26
18487.27
16237.13
18650.45
20153.22
16924.6
13466.83
22369.08
22289.04
17255.14
14809.87
20966.72
18318.9
38637.18
28196.24
34612.03
20251.86
18692.98
17333.08
28996.11
26843.89
16058.75
23642.68
30729.57
16943.06
17117.65
15988.94
15317.42
14524.7
13787.69
26054.13
27946.6
23025.24
11459.28
16761.66
17801.64
23050.59
38915.59
29022.4
24161.88
26983.15
14206.2
21922.26
29229.33
26151.08
25115.53
27668.14
19443.51
38650.84
24332.42
18742.44
19668.06
24583.45
13124.88
17545.11
17529.17
17401.57
11706.4
14677.34
17256.07
22741.34
23090.95
18665.31
17679.09
19038.25
23213.93
26893.75
16358.1
22229.17
12360.09
9413.04
13060.51
21556.98
17885.65
15788.67
16413.69
17490.42
12919.18
21759.41
17081.07
16240.31
17572.08
19746.95
21666.58
16995.04
24799.77
20191.03
22291.39
19047.07
15030.79
16538.06
17506.81
17253.1
16712.07
15284.53
21925.09
20747.15
22215.26
29123.2
28816.05
19246.61
16063.61
27595.2
21214.48
22442.14
22257.71
23841.64
19446.24
13098.22
19658.64
16792.35
26243.12
12377.36
14500.86
14852.13
11852.97
12895.24
21244.44
22809.97
25704.13
16452.55
10999.43
23416.17
26875.32
15492.74
20289.8
17897.33
20170.72
29674.14
17777.2
32251.57
19646.4
22444.56
18518.8
25916.71
15523.31
21762.04
21919.29
27094.89
23504.88
14961.28
21396.42
10718.97
12123.69
14505.91
20636.39
22564.12
21840.86
20273.7
9780.364
14104.26
24089.43
19337.64
14770.92
15199.55
14209.31
24445.03
20941.82
26228.48
17890.72
20354.68
15964.1
16840.04
14019.86
16170.17
13722.1
19522.2
18631.93
13830.77
13767.32
23026.46
21048.94
16487.39
18649.99
18073.15
18007.53
16314.55
15140.69
18042.84
21054.72
34893.07
29153.22
18202.83
17918.33
16264.45
16345.24
19441.16
20673.41
27174.79
26986.67
20557.39
18945.94
16553.01
15522.44
21295.45
20125.8
21225.32
20491.62
21302.74
17939.07
19974.36
18995.64
19573.33
21083.79
22420.11
23044.78
19504.16
15413.42
27757.8
24252.25
38628
19435.24
21480.34
20976.16
15060.64
22530.48
25922.42
30509.78
21032.77
23776.88
15242.39
21415.65
14995.79
13241.72
14035.19
19049.1
16780.59
23826.77
17661.17
14927.62
26136.33
21879.19
13143.49
15967.18
15158.43
31836.26
24100.99
14921.01
15305.11
15950.03
22714.31
18157.72
19035.36
15028.36
23201.17
19513.49
26249.88
15450.3
21064.49
23213.01
19294.23
17326.02
23725.21
12346.48
17344.64
17804.86
21989.15
17997.23
25870.04
15136.4
10108.45
16441.61
20497.19
20367.22
8848.394
16622.96
17018.89
23430.11
23800.2
23125.52
29276.7
26278.76
23272.15
24340.02
21711.69
30579.24
26699.56
26532.66
21954.68
22030.06
24808.04
33162.3
17163.82
15353.12
15821.59
22775.59
23640.21
21248.11
25518.72
12824.06
18699.2
15081.22
25278.63
30999.18
27021.21
23826.21
19240.51
19854
14515.03
29884.02
19961.23
21438.11
26546.82
25702.53
24350.06
30877.14
23100.39
26248.21
20477.82
11824.65
15840.54
22463.98
19202.64
20979.84
40779.98
21270.65
29360.44
28473.92
21099.92
12299.58
13009.6
14127
21432.13
14240.76
19220.36
21424.27
23012.25
18802.41
28556.63
20040.47
18614.58
13155.81
15846.54
20330.48
26546.24
32713.36
22139.68
19370.76
16104.49
16645.57
20558.63
23214.99
25349.72
19967.31
20450.52
19522.09
27154.5
30164.42
20001.45
21203.47
18171.84
18757.98
26700.45
22639.3
22882.28
35909.01
18904.29
16186.69
13323.05
14807.88
16274.39
22337.31
24595.48
23665.22
14246.01
33451.08
17257.42
18771.16
17911.39
25366.29
18851.3
24961.22
17183.75
15786.7
19401.15
18044.7
19732.69
34886.47
23816.83
13838.61
12426.46
23034.01
17102.38
23588.43
27622.09
22937.28
17222.59
23341.8
17803.18
21389.67
25932.98
22440.53
21829.2
16810.49
18209.7
18831.96
18206.2
23305.66
19603.15
13832.91
16808.8
15582.74
30605.81
21240.66
16427.74
19773.92
21113.97
19701.82
19228.36
23319.94
25039.46
16024.87
25478.85
19028.01
13156.83
14886.6
17128.37
15499.92
15173.2
15701.61
31148.2
15503.86
16967.53
