526.6565
1097.194
802.6196
2491.885
9119.306
1079.166
887.5982
477.8278
913.9726
2941.564
1362.916
1370.15
3656.541
1109.467
528.8593
1122.395
548.9355
1184.117
736.6275
714.957
2590.951
1450.726
404.5745
3791.617
931.3114
724.6641
1408.011
617.9377
752.6118
895.4255
1445.861
950.8134
731.3041
2072.704
1093.372
1688.27
1725.505
1348.643
1497.553
2977.62
779.8527
1240.14
2571.455
753.7262
1106.693
1233.255
853.5227
1700.377
753.2011
1997.843
2463.661
1411.483
856.5098
2200.041
1494.879
1311.432
2530.971
803.7482
1560.167
1467.833
2492.679
2785.773
1663.207
1158.637
1344.766
674.8088
1527.545
1262.431
1073.549
795.2895
1538.942
1535.673
1051.869
657.4425
1790.406
1162.695
934.2476
1318.72
3078.618
1966.778
892.4821
816.1581
2258.907
929.53
1892.575
793.4269
1695.532
1100.699
1281.662
3173.349
1204.614
1299.157
1042.386
916.5222
745.1935
781.8632
2339.703
559.3944
1088.431
1254.569
909.8053
837.0375
2159.746
1332.386
1193.669
2807.455
898.3499
1197.07
813.7068
1561.402
4946.683
2093.164
979.2787
1097.873
1960.026
578.0039
527.3478
816.2753
1090.095
664.2277
393.9275
4042.689
926.7929
2339.877
1759.273
1629.084
1726.609
1267.073
954.9214
662.6559
751.2977
2324.985
772.6239
567.0569
1754.42
889.5279
1473.085
846.2301
2166.828
2740.009
1077.927
2553.944
1076.411
1259.988
1935.069
651.1304
563.3251
1661.813
621.8456
558.059
1303.747
825.9202
890.6204
1791.787
1765.795
1330.149
1879.508
610.0419
871.2396
716.5769
1075.554
941.9835
1521.683
1078.668
800.6693
664.247
763.3507
1536.185
1132.024
828.676
1718.549
1035.088
1437.089
1176.73
951.7413
1314.657
1018.797
480.0689
648.9859
772.0069
1235.712
1326.235
982.7596
413.2861
1026.536
619.3457
2092.054
1447.933
1111.212
709.413
2415.311
2654.65
376.3217
5096.156
672.8492
1159.445
1013.914
1412.43
943.8564
1461.546
1892.692
523.2722
895.0448
2228.532
574.8888
941.4367
1108.182
1233.49
774.9057
1470.687
1209.367
4578.815
1298.604
1322.581
2238.705
2214.403
3144.822
514.152
1014.203
1116.282
558.4339
761.5791
435.2091
1628.297
1068.268
1120.221
1780.323
3802.595
1582.602
1742.28
811.1313
586.8243
611.9778
1386.675
1965.741
1678.151
483.2192
889.067
1997.382
931.4505
1708.733
1286.618
754.2154
1385.526
1070.047
1183.03
3140.826
797.1784
634.6056
856.8102
929.537
2252.114
1509.784
1096.28
1063.749
2164.036
669.9724
1906.75
2037.058
526.3403
669.3389
791.6391
1635.81
858.3887
1637.815
815.3743
666.3145
962.4132
576.228
559.3574
1091.679
452.7126
660.117
3358.801
511.6597
1626.82
2876.897
410.1898
878.657
5522.783
1269.602
881.316
919.9372
1161.59
1127.412
919.9851
2325.892
1073.82
952.3174
1280.141
624.3227
857.0675
781.4864
816.1204
1896.261
2095.382
1042.796
619.7236
613.6844
328.4764
760.7266
565.1396
1470.234
1441.151
983.9613
744.2368
808.8664
1018.02
1554.268
848.6382
513.4007
991.6347
1226.415
810.5866
1836.059
1581.462
1616.976
1457.454
1293.685
1269.749
890.5666
684.6092
1110.374
1116.907
1570.703
1834.879
795.85
1650.512
1516.836
2670.255
1925.911
532.0243
3587.377
1490.61
1088.132
1151.638
1101.624
726.4212
493.1722
1267.337
582.9745
2049.003
1088.222
725.7512
1048.82
4715.638
946.4486
967.9419
993.9107
564.5769
1471.143
3089.266
1529.52
755.5691
1046.233
630.7897
695.7462
954.2827
581.7172
533.5079
1138.101
1283.529
1143.932
832.0345
4660.498
1274.688
798.9134
1510.095
2522.415
489.7859
1866.019
1550.734
1135.828
1250.678
1565.608
908.1852
620.0856
1206.084
445.2819
755.0467
1112.166
1087.802
1562.036
888.188
2762.898
857.1952
3034.216
1006.506
1545.422
1259.819
643.7349
631.305
2816.555
1043.995
4705.65
665.5324
1275.441
1349.448
1327.323
332.0147
889.1957
860.8911
1218.046
1585.719
662.6456
2397.97
899.6752
703.5169
466.9425
574.7744
2294.022
815.4734
3798.55
2123.338
1256.592
2379.086
1827.503
1526.932
846.9888
1241.423
1249.839
1063.483
1913.524
1129.612
825.9842
1224.118
532.8283
695.9015
898.4443
859.4018
571.6656
822.9382
1227.668
1285.244
957.7112
638.3881
549.1964
1659.727
2040.751
1417.131
2052.516
2576.483
746.6358
1496.779
716.8144
652.4404
2273.029
401.4325
1418.8
816.8603
482.2296
856.7899
2634.796
2246.296
4907.835
503.4036
1063.586
1364.214
1402.137
1627.149
1762.021
1830.873
1181.926
1062.706
1261.493
1700.046
413.1806
1199.519
1803.515
3636.919
737.6107
1408.107
892.9534
1025.385
2958.999
906.6331
2320.965
955.9585
1308.798
1557.65
1750.113
2089.689
1267.513
1425.374
703.1443
1409.175
569.5564
1028.044
606.8256
839.865
1082.169
940.5706
779.3762
569.4611
689.8888
796.0731
672.6029
1219.149
1422.12
815.9105
