87.76097
117.9889
238.8662
864.5028
18631.75
20355.36
19047.32
18218.52
18021.95
18953.08
20830.46
17042.31
15210.04
19370.47
19724.35
17770
19396.09
19382.68
21197.11
16499.7
17795.33
18767.8
18176.69
17369.09
16023.63
17018.77
16389.66
17066.71
17574.09
16726.76
17226.68
20241.96
18531.14
18141.36
16510.3
19460.78
17581.08
17447.07
18524.98
20569.82
16897.2
18306.36
19480.36
18879.96
18647.05
17714.74
16952.85
19409.08
18455.56
17531.08
18413.25
21031.02
19685.13
19409.67
19730.91
19332.53
22256
19648.99
18195.17
18840.02
20389.32
18612.31
17198.1
19887.86
17281.14
20177.33
19274.38
16142.43
19237.28
17460.41
18188.15
18116.28
19853.09
18446.92
17008.52
17259.46
18268.67
20719.64
19699.32
17326.74
18360.9
20389.09
17615.3
19418.69
17267
19956.21
19977.94
17551.14
17807.39
17053.73
17982.17
20512.97
16774.78
18364.82
19405.32
20632.6
18704.1
18889.7
13749.66
18623.93
18921.5
15791.68
21041.35
18977.7
20208.65
20573.35
18172.58
16355.54
18458.97
19288.64
18424.88
17480.32
20299.15
16931.53
17211.24
16716.23
18923.26
20844.37
16253.18
21082.95
18011.32
17805.9
18926.74
19830.72
19138.12
20994.84
19859.74
18776.61
19310.03
18037.89
18534.45
20484.92
17737.09
25774.27
17022.51
17836.22
16322.16
17100.79
21083.94
17599.08
17930.09
21554.9
17427.2
20218.27
18156.15
18165.35
16727.43
21045.75
18620.1
17412.7
19158.54
16485.03
19665.28
18263.61
20540.27
19500.98
17471.32
18304.22
16585.73
18499.56
20091.77
18116.58
19287.47
18986.74
18106.28
17808.28
20915.53
20956.71
17823.09
22143.18
17586.2
18935.5
17840.27
19023.4
17373.06
18884.01
17513.55
18259.29
20734.68
19647.56
15999.89
15557.81
18392.46
21483.95
17739.72
18630.27
16579.28
17765.25
19231.95
18248.98
20869.69
19053.76
18743.84
19282.72
17107.35
17607.72
17034.33
17823.62
18524
19229.93
16761.06
16944.2
19955.31
19839.03
15246.71
19058.26
16008.85
17865.24
17892.85
21608.43
18308.35
19372.6
17167.03
17985.65
20363.9
18997.78
16199.55
17942.64
19582.77
17038.91
14659.5
17960.54
17414.75
17131.05
17092.08
15934.44
15735.57
18787.06
20330.04
18492.06
17512.29
17316.27
16673.08
20815.48
19305.08
17892.65
17243.85
16693.29
17895.33
19078.76
19132.05
16945.65
16557.58
18773.25
18615.58
18955.74
16036.5
20820.42
17850.94
19778.65
15856.5
17887.2
18576.43
15147
18425.22
20645.77
18639.22
20031.64
18817.52
17997.91
18593.02
20169.03
20127.82
21672.1
20297.91
19058.03
16364.11
17253.66
18609.64
18139.06
19603.23
21328.13
15644.19
17812.57
21509.8
17421.88
19946.68
18769.18
15830.34
19727.2
18608.19
18616.78
15362.11
19848.79
19972.75
19304.13
17269.87
18227.41
19261.63
17995.14
17990.4
19378.53
16540.26
18835.93
16430.64
18012.05
17380.52
17819.56
17743.92
18750.31
18659.88
16959.4
19561.87
17270.69
16814.65
18286.96
17410.75
21467.63
18597.01
16643.12
19255.5
18268.9
16683.33
18115.33
18931.25
19803.51
19580.3
16255.26
19659.95
18505.11
19436.24
18159.06
16789.49
16528.17
15937.33
18590.02
18458.36
20752.06
17510.14
14175.94
16207.19
16241.68
18458.21
16392.8
17138.29
16641.03
16405.26
18657.93
16617.21
17617.5
17235.85
20854.38
19501.22
21038.63
16940.64
20483.98
17764.57
17463.08
18932.44
17549.14
18357.49
19066.38
16973.5
16744.44
19338.94
18033.97
18571.16
16429.03
16421.51
19354.6
18554.93
18879.07
17789.47
19527.51
18545.85
18125.25
19970.86
17158.11
17761.64
20211.32
20638.87
21071.25
15206.7
16979.1
21388.62
16556.53
17490.05
18373.36
20423.71
18026.24
17237.32
18717.54
19541.03
19563.65
18343.29
18572.11
17379.62
19303.24
19532.98
19332.53
14635.25
19339.55
16572.98
18166.1
16089.62
20953.17
19068.14
19333.5
16697.11
19057.34
19307.33
19381.59
17603.79
16950.82
18235.1
17538.64
19372.21
19615.53
19894.29
18206.29
15971.68
15730.11
17233.78
18796.52
17423.59
19421.37
19304.73
21531.87
17988.08
19013.61
17917.48
22578.99
18265.19
16918.05
16267.07
19546.23
18568.71
17099.53
19558.56
18950.41
19268.25
19845.16
17866.59
16831.37
18378.46
15212.61
18020.69
17722.75
20128.33
18603.58
16413.82
22121.14
17478.68
18142.32
19489.17
21650.12
17145.94
17631.77
19487.26
23164.13
17025.11
17756.43
19717.25
18084.78
17297
20110.26
17222.28
19768.64
20168.16
17907.18
15809.15
18628.51
17546.15
17926.26
17977.56
15896.97
18838.13
19169.59
16099.04
16830.36
15013.14
21124.67
19217.21
16744.18
16525.12
19642.32
16833.56
17812.46
15668.46
19099.94
19389.82
15804.59
18508.2
17818.22
20008.59
20468.48
19719.28
19220.08
17706.38
18507.42
15294.67
15569.22
20267.6
19331.31
19309.12
16107.73
19197.46
17450.92
20630.62
18863.87
