44.42395
27.67358
27.75162
26.51402
21.40947
19.19169
15.28385
16.06171
17.99343
17.68198
18.06788
16.43037
15.88257
18.68757
15.57566
13.5561
15.79805
13.05483
14.51746
15.77991
14.28182
14.74817
20.89552
14.62625
16.50442
17.29949
17.04015
14.79118
13.46104
15.25237
13.48205
15.97633
15.12608
15.25693
17.51773
14.47833
16.5891
13.80762
16.73631
20.33835
20.5242
22.39411
15.83831
16.77332
15.47601
18.34119
18.98423
20.64292
15.78518
17.66485
16.60527
17.79295
15.86159
19.04196
20.38139
14.36624
15.50588
14.69488
16.25967
18.60765
23.17437
17.32604
16.24429
16.75897
12.74746
12.61414
17.74215
17.81563
21.37305
19.2727
18.17915
15.61615
11.66368
15.34653
15.8494
14.17757
14.24127
18.05386
16.83384
17.84999
14.90862
19.63966
18.16449
15.22976
15.65255
14.51987
18.69158
21.30866
18.36622
14.63442
17.075
15.48751
19.2562
17.53249
14.08482
16.36938
16.20026
18.49929
19.67107
19.197
18.45029
20.46234
15.45531
15.17545
14.6051
16.33284
19.54095
14.99725
14.21231
14.81977
14.30781
11.51226
12.35593
15.81292
18.62923
22.74202
14.20881
14.4144
17.11889
17.44114
18.0212
16.14783
16.16692
17.09812
20.13099
17.59977
21.23983
21.06392
18.67117
17.86256
19.37875
22.48724
17.7825
14.81156
15.35902
13.85209
16.65465
20.84778
16.1386
13.94069
12.89104
16.0522
14.74163
16.9802
17.80558
16.09779
15.8171
16.28262
16.79714
16.28382
20.33365
16.28278
15.90847
18.26795
16.82913
19.22217
19.67546
19.28265
18.06952
18.46274
17.64669
13.06579
14.9544
17.66577
18.80079
15.23591
13.99416
12.98058
13.0654
14.25868
17.2973
15.67515
18.5499
19.9256
14.81838
14.26683
15.9275
18.54129
17.90527
18.08924
18.62523
17.63567
16.04158
15.75067
18.56543
15.64908
13.67789
14.01099
17.99296
17.59611
19.83133
15.76651
19.38162
14.53025
13.742
17.71335
16.51578
17.9395
14.79592
14.76535
16.38827
12.24348
12.79296
14.82766
14.82253
14.77891
15.62831
14.55203
13.55921
15.3783
17.07956
14.53421
14.72275
15.25935
16.11994
17.80804
16.7929
17.93794
15.38214
16.69281
18.61553
25.58276
17.9519
15.40953
16.7952
15.33055
17.25062
20.01133
20.65355
13.69606
12.86926
13.75677
17.74259
17.05605
13.38624
15.70815
17.99464
14.15897
15.89241
17.48233
15.95745
14.96395
14.40302
14.28971
18.12499
19.17239
16.41958
17.57639
16.94859
15.52869
18.53733
24.60375
27.75202
19.58638
15.14114
16.34578
15.44117
12.9496
15.10267
17.28767
19.24475
15.67874
15.42817
14.16408
20.12971
19.55089
14.84872
18.20858
14.91355
13.5317
20.90829
15.30531
17.40258
14.42288
14.34263
16.56688
15.17759
19.39422
18.76639
20.20326
19.8388
19.06109
13.0842
16.80637
16.23719
19.77837
17.38066
14.04946
19.33034
19.88495
17.35313
20.15583
17.13982
15.98495
14.60808
15.8161
13.28767
15.90172
17.93756
19.85919
13.36127
16.7685
15.84801
16.44762
16.02142
17.976
16.01959
15.31031
15.80939
19.85475
14.47646
14.61559
17.27729
15.19185
17.48615
17.32553
16.58725
15.96423
17.12992
15.51823
19.1821
16.66765
14.93687
16.55041
18.65654
18.5604
15.03814
16.41194
15.55793
14.7862
17.56812
22.54316
19.87828
17.95271
17.92445
17.156
21.43614
16.50959
13.52121
17.75142
25.84764
18.98292
18.239
19.01295
16.91844
18.01979
20.64309
17.96964
19.211
15.08656
14.45756
13.24155
16.7021
15.83412
16.3466
19.64035
17.66949
13.58402
16.28778
16.40391
15.11909
13.71074
17.75516
15.21527
16.26525
14.73883
13.93982
12.8553
15.70683
16.53
13.75946
12.59077
14.26525
15.82654
17.87374
19.87633
19.99749
16.65692
13.8805
14.14143
15.5441
19.67368
19.09473
15.25472
14.12297
13.8602
15.29165
11.80423
18.18802
17.95506
16.93295
16.13908
15.55793
12.9727
16.1477
12.41773
15.13674
16.41195
15.54428
18.46274
23.69767
16.58139
16.74756
12.81065
13.12002
17.55424
15.69036
16.38265
16.89156
17.13857
15.96363
17.49674
17.12137
14.25291
12.83612
12.9235
14.89361
16.70869
16.85052
17.05016
16.59312
13.28286
19.46596
13.36196
17.27076
20.96292
15.93066
16.8079
16.07821
16.33062
14.39072
20.15629
19.16386
17.38358
20.90895
19.26469
20.59482
20.13705
17.36678
15.96485
17.48449
16.07732
22.35512
19.2367
19.86655
23.0131
21.08154
19.76153
19.31819
14.78954
15.80303
16.76226
19.08763
18.51987
17.7209
17.86364
14.69033
16.32393
17.16591
19.00832
19.39156
15.29394
16.34544
18.61053
21.00699
19.4711
15.45914
19.88301
18.26612
16.85197
15.63823
12.26733
14.81074
12.86319
12.82693
18.34234
14.90142
14.03393
15.21002
16.22248
18.52988
16.85534
14.01565
16.2058
15.13724
15.76149
17.91786
19.25277
17.46134
14.03113
12.59618
14.05715
16.97975
17.41669
19.43509
17.87816
17.87413
17.6434
17.16685
13.25931
