16.24539
12.47085
11.79393
12.06431
12.28562
14.66261
11.95726
11.18572
11.86609
10.88996
11.35948
12.491
14.20785
12.34825
10.10269
13.28476
11.7978
12.02071
11.80509
10.90909
12.47072
11.89345
12.34944
12.62828
12.08897
12.70284
12.97802
11.30869
11.92595
12.31944
12.602
11.32683
12.15147
13.24598
10.93046
12.41934
14.52743
13.13695
12.48218
12.51588
12.49089
12.66827
11.28406
11.59671
12.50281
11.26876
12.07133
12.12283
11.87353
12.29293
11.99442
12.65721
13.23385
12.75477
11.4068
11.80772
12.52751
11.98823
12.63331
13.14875
12.09021
12.80053
12.24934
12.24018
12.32086
12.3904
12.1555
12.39611
12.06026
12.99694
12.83118
12.44886
12.60759
11.17791
11.99167
12.7658
11.91037
11.87091
11.39107
12.67511
10.08685
11.88939
11.98031
11.49924
11.62045
11.59132
11.52446
12.33387
11.25583
11.59731
11.00308
13.48768
10.27011
11.50211
11.16427
12.05316
13.65857
11.6589
11.66375
12.17645
11.37592
12.96585
10.79489
12.33239
12.13017
12.17818
12.37633
11.78342
14.68075
11.39445
11.76603
13.71729
12.62879
12.01366
11.55299
11.84449
12.39619
12.36499
12.53824
11.80222
12.02572
11.65462
12.63169
11.16283
11.51236
11.72466
11.30056
11.23768
11.52232
11.39357
11.75659
12.17675
11.74949
12.19172
12.04366
12.84976
12.14953
10.84647
11.64118
13.42273
12.73079
12.14645
12.31335
12.76605
12.17144
11.12062
12.85865
12.26509
13.11597
12.55403
12.03158
12.43242
11.90985
12.08386
13.0234
12.52328
11.49503
11.49107
13.48053
11.9609
11.82558
11.97121
11.45681
11.5622
12.47141
13.17487
11.98032
10.75323
13.08401
11.6335
12.2029
13.27381
11.90299
10.85594
11.74735
12.95916
12.30753
11.26534
12.14155
11.29975
11.56163
12.27722
11.75476
11.73463
11.96982
13.2384
12.11939
11.14181
12.0185
12.45812
12.81129
11.46168
12.39771
12.63277
11.8494
11.12164
11.61104
12.8925
10.66466
12.21663
10.84364
11.44884
11.6531
11.3909
12.6101
13.10056
11.98938
12.36353
11.76351
13.05356
11.786
12.00468
12.76485
12.69346
12.63136
12.22472
12.52972
11.64823
11.8484
11.76198
12.22384
12.22386
13.2605
12.41269
11.76297
11.46382
11.5134
12.50015
11.6059
12.37814
12.0382
12.66897
11.95936
10.91522
12.25867
12.42648
12.8484
12.52468
11.90033
11.2025
12.61533
12.80882
12.45491
12.25091
12.75051
10.96467
12.19042
11.59363
10.92997
12.00249
11.98517
11.88435
13.28983
11.51248
10.71335
11.36561
11.87706
12.25128
12.92471
12.37035
11.21701
12.49664
11.69037
10.57656
13.48153
10.73841
13.2626
13.1083
11.84452
11.66693
12.66148
13.13013
12.22469
11.92448
11.33497
11.36523
12.92674
11.5701
12.7395
11.24192
12.4333
12.954
12.73727
12.51671
12.05767
12.52073
12.07975
11.27996
11.89214
10.83611
13.20807
12.7723
12.04616
12.511
12.08169
11.59496
12.60212
12.3152
12.12265
12.26764
11.57725
12.12391
11.60537
12.51327
11.5401
13.59937
12.8131
11.88353
12.33392
11.97216
11.61638
12.68852
11.27606
11.90301
11.58506
12.57668
11.98119
12.74081
12.74662
12.84617
11.49074
11.21018
11.52975
12.91511
11.618
11.63463
12.48711
13.26342
10.95731
11.97381
13.45234
10.84078
10.92431
11.23766
11.68486
11.6875
12.07938
12.26639
12.63413
12.28173
12.92126
12.31661
12.48583
12.49043
11.44166
13.46364
11.16208
11.68065
12.15557
11.65393
12.02951
11.90338
12.17513
12.89135
12.18289
12.15971
12.14387
11.06774
11.59239
12.88819
12.6062
12.37518
11.30802
11.7911
13.54116
11.82462
11.33453
12.99555
10.90583
12.19389
11.93507
11.8139
11.56686
11.51215
10.65784
11.08683
12.61043
10.78443
11.22955
13.21366
13.03472
12.90024
11.69716
11.23238
11.91362
11.99506
11.71896
11.23314
11.35921
12.56058
12.35615
14.01561
11.72381
11.89472
11.96875
12.52291
12.31489
11.63852
11.01021
11.93115
10.99312
12.62783
11.77997
11.37614
12.33867
12.8143
12.65953
14.02255
12.92947
11.67606
13.27596
12.28122
12.27181
12.08663
12.0467
12.48121
12.17541
12.76322
10.78231
11.40272
12.78038
12.3442
12.93881
11.60765
12.01341
12.82796
11.63654
11.58995
11.97359
12.59613
11.77558
12.32809
12.57863
11.64977
11.71715
11.38879
12.31112
11.50557
11.81476
12.0009
11.55308
13.21275
13.30976
11.32686
11.16132
13.0644
11.44563
12.19911
11.40508
11.81345
11.63794
12.15718
12.71253
12.50518
11.50172
12.4167
12.0969
11.25042
13.22646
13.53257
12.29092
10.71239
11.90669
11.85186
11.42166
13.77102
11.34556
12.05464
11.81793
13.31576
12.8149
11.62903
11.68334
13.75888
13.21392
13.14889
13.09325
12.08735
13.07605
11.94893
11.61595
12.06029
13.52477
12.57815
11.7504
10.99944
12.00483
12.74283
13.02205
10.94
12.16236
12.18318
13.2892
12.46737
12.52993
12.76363
12.68998
12.59949
12.01705
12.28505
