106.0974
106.0695
106.0014
105.9508
105.2842
105.6083
105.6355
105.5951
105.0474
105.6718
105.8253
105.1869
104.8295
104.7001
104.035
103.7783
103.9164
103.7873
103.9063
103.7652
103.7297
103.4491
103.4597
103.1617
102.9376
103.2973
103.7935
103.9839
104.4064
104.4499
103.794
104.3566
104.7389
104.3081
105.0843
104.2577
104.0842
104.1295
103.9464
103.1684
102.8466
102.6777
102.459
102.4842
103.0241
102.8244
102.727
103.4328
103.4308
103.5249
102.2952
103.0354
103.0207
103.9054
104.5051
105.0851
104.7839
105.1605
104.7396
105.3627
104.989
104.6406
105.4327
106.4592
106.8197
106.3365
105.4109
105.2241
105.6526
105.5651
104.4316
104.82
104.6513
105.0153
105.1507
104.6323
105.0228
104.8643
104.0737
103.8026
103.5149
103.6411
103.3298
103.0955
103.4658
103.8786
103.6221
104.2662
104.0865
104.3407
104.1779
103.6733
103.233
102.5002
102.8247
102.872
102.7282
102.8829
102.3029
102.8322
101.559
101.9971
101.8708
102.0147
102.4645
102.6428
102.6018
102.9499
103.5162
103.0115
103.0325
103.1638
103.1373
102.6008
101.8104
101.68
101.8987
101.2541
101.3299
101.1702
100.9178
100.7872
100.5168
100.3429
99.87535
100.75
100.3246
100.5589
100.2414
100.2576
100.8107
100.4142
99.8968
99.23338
99.67584
100.2362
100.4012
99.64145
100.2125
100.8769
100.4761
100.1282
100.2019
100.3274
101.8575
102.3477
102.4258
102.5705
103.0002
102.2494
101.3534
101.0474
101.1419
101.0147
100.6863
100.8417
101.4444
101.7007
101.6979
101.1962
102.1605
102.9742
102.6684
102.747
102.1587
102.4543
102.4948
101.4444
101.3942
101.5096
100.9386
100.2332
100.8372
102.0224
102.1093
102.129
102.763
102.9259
102.9386
103.3598
104.0193
103.7079
103.6209
103.6481
103.8834
103.6428
103.5861
103.4184
103.5897
102.8477
101.1727
101.035
101.0333
102.08
102.6242
103.1549
103.2404
103.5083
104.2146
104.8633
105.1501
105.3273
105.6814
105.771
105.7256
105.7459
106.0692
105.9861
106.0224
106.1609
105.9918
106.4758
106.2097
106.5509
107.1738
107.7262
107.7495
107.8621
107.4891
108.4999
108.6226
108.9953
108.7311
107.6539
107.3311
107.685
108.4322
108.8542
109.5773
109.4246
110.5933
111.0992
110.9626
110.8024
111.0662
111.0059
111.5368
111.6262
111.688
111.7523
111.8182
112.3529
112.2067
112.914
112.3507
112.888
113.2527
113.1401
113.6297
113.528
113.1587
112.6403
113.7466
113.8363
114.0562
114.0344
113.484
113.9974
113.8169
113.9991
113.2787
113.3066
113.8392
114.1751
114.6985
113.8986
113.4533
113.9059
114.5824
114.7638
114.9147
114.9248
115.5714
115.8793
115.9604
116.3187
117.0192
117.2297
116.6993
116.5349
116.9914
116.4566
116.669
117.1311
116.5683
116.4686
116.0715
115.9392
115.6668
116.0555
116.3999
116.6747
117.1919
116.4583
117.0896
116.6147
116.2072
116.6002
116.5527
116.0397
116.1607
115.9065
116.4423
116.0615
116.4455
115.8756
115.9264
116.3879
116.6884
116.7544
116.2271
116.3348
116.9486
116.232
116.3319
116.452
116.265
115.5871
115.0054
115.8556
116.3045
116.4188
116.6003
116.6516
117.5625
117.2477
117.9709
118.1844
118.6226
118.4721
118.6012
118.1075
118.2829
118.2528
117.8679
117.8158
118.0637
117.6789
117.0385
117.2203
118.3114
117.7618
117.384
117.1769
117.1721
116.9553
117.0013
116.1832
116.313
116.5918
116.5831
117.0047
117.1014
116.5541
115.589
115.786
115.8581
116.8577
116.978
116.9073
116.8437
116.6655
116.4448
116.4418
116.3928
116.0117
116.7148
116.7443
116.3074
116.866
116.6503
116.7256
115.7631
116.8291
116.8769
116.6569
117.7989
118.1261
118.3898
117.2903
116.4876
116.4515
116.5941
116.2532
115.6826
115.3225
114.9859
115.3343
115.1551
114.2899
113.826
113.0415
112.9572
113.1123
113.2631
114.0991
114.709
115.1084
115.2161
115.2273
116.2027
115.9632
115.8845
115.3821
115.437
115.45
115.4919
116.4834
116.4157
115.6261
116.2335
116.7035
116.3427
116.1418
116.3094
116.5757
117.2883
117.6184
117.7338
117.8792
117.3531
117.3619
117.1167
117.3949
117.4812
118.4853
118.8615
118.4103
117.5317
117.1459
116.5054
115.6787
116.5012
116.5878
117.3266
117.7743
118.4166
117.9037
118.0499
117.4901
116.8722
116.8831
116.7258
117.49
116.7138
116.8013
116.6784
116.8826
116.0058
115.5631
116.0059
115.6638
115.7144
115.6272
115.7498
115.3915
114.804
115.7466
115.3938
114.9517
114.4723
114.0683
113.7835
113.9762
112.996
112.1482
112.197
113.0474
112.825
113.2488
112.8414
113.1698
113.6388
113.9175
113.701
113.0885
113.5022
113.4806
113.1239
112.6529
112.8819
113.3899
114.2354
114.7953
115.431
115.0318
114.8625
114.2844
113.8683
114.1803
113.9142
113.8115
114.1568
114.4812
114.4774
114.3422
114.7795
114.1989
115.1159
115.8908
