1.070874
0.6869368
0.4362396
0.5384245
0.8392234
1.266028
0.8235537
1.264932
0.6650897
0.8946449
2.306398
6.921375
3.156102
0.3926781
0.5202141
0.742548
0.7557999
0.7491003
2.15129
0.7346384
1.821258
1.221445
1.030694
2.354563
2.021239
0.5730104
0.5097154
1.212573
1.13706
0.2802342
0.4209573
0.8345627
0.7010879
0.8417003
0.9637646
0.6676202
0.5682285
0.8403395
0.8466899
0.5949001
0.4430674
1.075555
0.4823991
0.5417598
0.6042562
0.6346834
0.6107607
0.4235311
1.636453
1.326698
0.4690995
1.115005
0.8850452
1.912161
0.8971328
3.667449
1.43189
0.9428479
0.6841553
1.781075
0.7903769
0.914612
4.934134
0.5070402
0.3872252
3.018057
1.410449
0.7345592
2.168619
0.5128015
0.78986
0.6221315
0.6043169
0.7750895
0.7112514
0.5168592
0.8007108
0.9105326
0.4714882
2.063208
4.848741
5.065286
0.4574809
0.4686767
0.9297272
1.176768
0.710185
0.7240006
1.356426
0.3805908
0.3815625
0.9430383
0.8850461
0.8471428
0.2979462
0.3617055
0.6501922
1.689333
1.277999
2.265096
0.8643636
0.7987086
0.6737533
2.328954
1.93089
1.014086
0.6337471
0.8707702
1.091633
0.3126438
0.6501962
0.5763288
0.4390008
0.8167271
0.4305121
1.895845
1.008995
1.795914
0.9809896
1.149443
1.977063
0.4828643
1.814038
1.970132
0.4835986
0.4524328
0.3884687
1.211146
1.355136
0.3270527
0.4143797
1.149305
0.5280008
0.7642764
1.182434
0.8085757
0.677011
0.5048159
0.5942292
1.113553
0.7268068
0.9706765
1.726735
0.513073
1.257691
0.8980883
1.20481
0.6601963
1.19719
0.8283536
1.825629
0.438614
0.8139837
0.6061882
0.4968577
0.3300326
1.603225
0.4172005
3.517163
1.652128
0.613623
0.845915
1.152096
1.747192
0.344516
0.3051173
0.4800151
3.698596
1.117374
0.7654544
0.4033701
0.3965551
0.6446651
0.2503212
0.2926592
4.745202
0.6270605
0.6787825
0.3944281
0.5859938
0.8948806
0.3874075
1.012684
0.8882081
0.6394775
0.5601007
1.913087
0.3654004
3.916329
0.550773
0.7554526
0.4481541
0.4882199
0.9319451
2.28457
0.2034125
0.8781106
1.147399
0.9464345
0.6109996
1.057897
0.3867422
4.618111
0.6570157
0.2861225
3.847672
0.5080336
1.417883
1.009016
1.245734
0.7589208
1.10135
0.7348761
0.925615
0.7838918
0.4630751
0.2364792
0.8908542
1.29279
1.688364
0.7582361
0.8957276
0.9766992
0.7802315
1.305387
1.857524
0.4091333
0.8320825
0.9126472
3.491067
0.7876686
1.418235
1.109119
0.3966512
1.208453
0.6632519
0.4890767
2.501665
2.446984
2.972622
0.9307161
1.283108
0.9019602
0.8636188
0.9224796
0.4237598
0.8646549
0.7008609
0.771376
0.560352
1.161044
0.7138123
0.860698
2.3886
0.8114685
0.613296
1.073479
1.541897
1.268862
0.6186825
1.097708
0.970055
1.4429
2.846265
0.6818722
1.016657
1.200218
0.7578207
0.8078235
0.308509
1.015743
1.543314
0.3863208
0.78976
0.2260924
0.9051053
0.7299281
1.797724
0.7914629
1.237239
2.743372
2.597771
0.7628808
1.293131
2.39432
2.803988
0.5312617
0.7519111
0.2641465
1.58742
0.658872
1.262726
0.489123
1.240037
0.5820889
4.092159
2.130779
0.6265085
0.3537491
0.8722912
0.5212798
1.141542
0.5378499
9.969624
0.7591436
1.028596
0.7289526
0.4114258
1.292145
1.768086
2.857407
2.242952
0.7492102
0.9482689
2.418494
2.691945
2.62581
1.305054
0.4626734
1.048647
0.846838
0.4571478
0.6790741
2.486213
1.485808
1.520504
0.4994495
0.5232276
1.530035
1.280285
0.6487737
0.6100365
1.286573
1.280928
0.6056807
0.4477217
0.2151492
1.040227
1.00576
4.280235
0.4307473
0.8030331
1.229183
1.777936
0.5642714
0.7417384
1.004829
0.4158161
0.743109
0.6419004
0.2672806
1.999183
1.372794
1.383824
3.154527
0.5163191
0.5663921
2.625385
0.8911709
0.7487465
0.7354541
1.034641
1.517859
1.516533
0.5265631
1.806413
1.153286
1.127518
1.321645
0.7463884
0.5167095
0.4510325
0.5259018
0.3817562
3.048299
0.6543951
1.859383
1.948614
0.5076801
0.8413159
0.5564877
0.8712385
0.8096657
1.112789
2.038734
0.2723594
1.41684
1.241178
1.040368
0.4199252
2.124745
0.7912581
0.4515336
0.8806089
0.6297961
2.19768
0.8199031
0.5007625
0.8603506
1.065998
1.140615
0.9243055
1.072891
1.089098
0.6519385
0.46977
0.7494694
0.8788483
0.6322102
0.5224731
1.458706
0.9836381
0.882782
1.139282
0.6556052
0.3024037
0.7099667
3.860718
0.9698944
1.587102
2.254276
0.4160054
0.2967002
0.6739605
2.715891
0.8932764
0.7578299
0.7059418
0.6547638
1.420639
1.047309
0.6751396
1.266093
0.4452287
0.8663245
0.6503249
3.55782
1.704995
0.6837593
0.6855991
0.6057473
1.392649
1.553883
1.61415
1.061561
0.4623675
0.4217089
0.5779849
0.2983511
1.567442
0.4310039
0.5774373
0.9269339
1.159179
0.7133727
0.4636811
1.262186
1.460891
2.246577
2.577653
1.212811
0.3146841
0.4251722
0.4462019
1.088169
0.7105658
0.7932487
0.5688015
1.504841
7.86104
7.673746
1.151581
0.8137715
0.4846533
0.3272279
0.6427714
0.9527214
0.4825599
0.9776257
0.4406459
1.224055
4.411818
0.8579548
0.5529375
0.7474939
0.6942824
0.3252725
2.304549
0.9722772
0.2926475
1.452622
3.120177
1.580434
0.4379819
1.130263
0.9575914
0.496911
0.6142595
0.3684112
1.196242
