101.2477
100.9749
90.8084
85.39456
68.92936
62.29007
56.68814
44.50842
34.46575
25.44516
21.22758
21.0471
19.01217
15.94047
14.11385
14.50774
13.62992
14.38184
14.07286
11.74093
12.14359
11.09634
14.3369
12.10972
12.55785
13.03339
12.91602
13.21584
12.64965
12.17847
13.4527
12.75986
11.78508
13.14741
14.38822
12.26336
13.36884
10.92387
12.04942
15.01676
12.13729
13.7476
13.42492
12.40618
12.30478
13.57405
12.61432
11.46117
11.93313
14.66742
13.42903
13.46171
12.11888
14.83317
12.0803
11.39819
11.96174
11.73246
11.66585
12.749
13.06469
12.70124
13.91884
11.77285
12.3794
13.23048
13.19366
13.30625
12.80508
12.90347
12.0504
12.81694
12.91866
13.68425
13.21486
13.56823
14.07824
12.85994
13.57796
12.03064
12.48213
13.91084
12.65705
12.81717
12.95921
12.60358
11.82489
12.15321
14.63659
12.56994
12.63173
14.28908
14.08582
13.914
14.1511
13.8372
11.88389
13.3171
13.92207
12.92506
13.18916
12.64937
12.1279
13.01679
12.40597
12.53915
12.45151
14.18972
11.95246
11.2826
11.85499
14.03077
13.70346
13.51245
12.17139
13.05451
11.8421
12.89778
13.69691
14.04374
12.68773
12.04949
13.62052
12.91168
12.03089
12.87522
12.69833
13.00033
12.95364
14.48165
12.73366
13.91379
11.77245
12.91408
13.00307
12.25089
13.20673
12.31801
13.05212
11.83248
13.69498
11.55726
13.01603
11.91657
12.62012
13.97242
12.98828
13.21439
12.76356
14.63104
12.30734
13.35251
11.69328
13.6528
12.1946
13.60549
11.92934
13.57969
12.9715
12.2543
13.36844
13.47918
11.37396
13.5337
12.95576
13.15579
13.5609
13.22517
13.11919
12.45257
12.87386
13.45654
13.2977
12.76262
12.45952
12.65388
12.71447
13.37148
13.07158
12.67193
12.52781
12.82412
11.99328
13.34668
13.39941
12.07654
12.79477
11.37719
12.60813
12.32317
11.64863
12.75231
12.441
12.1115
13.38809
12.94864
13.34082
12.80327
12.28034
12.53307
13.91312
13.24578
13.98028
12.82025
12.17051
14.8679
12.85482
14.1183
12.80609
13.24974
13.20106
12.88711
14.44324
11.93759
13.10714
13.66654
13.30338
14.15725
13.42553
12.74201
12.40232
12.45447
12.7045
12.59631
12.48331
13.80601
12.02711
12.81873
12.10808
14.1647
14.08612
14.30563
13.57013
11.98931
12.56704
12.6726
12.31596
12.55751
11.76544
12.59799
12.25817
13.84992
13.81067
12.74338
13.81223
12.10162
11.93884
12.23736
12.31397
12.06143
12.51833
14.57219
12.64192
12.9962
12.52721
12.16382
12.607
12.45831
12.55654
12.5647
12.40444
13.66795
13.98512
12.03486
13.09254
14.06398
12.44512
13.93065
12.08778
13.06406
12.99209
13.62314
11.17521
13.56348
13.54876
11.09268
11.80356
13.19763
13.02942
13.34034
12.80336
12.08069
12.51516
12.40724
13.91363
12.33991
12.84391
14.25513
13.22119
12.16943
13.1719
13.59539
12.89436
12.93229
13.02806
11.72385
13.74999
12.6583
13.90815
12.25498
12.89483
12.40869
11.28237
12.2888
13.14132
13.51866
12.14902
11.1015
12.41588
12.10739
13.102
13.64371
13.13613
13.00565
11.92848
14.55162
13.33964
13.41801
13.49333
12.17357
11.45838
13.43498
12.95636
11.97822
12.38552
13.49764
13.7938
12.45323
12.55521
14.48428
13.49888
12.3538
11.99944
13.10733
14.73152
11.63232
12.30805
11.75618
13.69617
15.45977
12.8648
12.81282
13.2322
11.93673
12.437
13.17303
12.07352
12.7969
11.32928
12.18305
12.38858
11.47236
12.70084
13.02172
12.92371
12.82275
13.5929
11.96908
13.28051
12.37184
12.44123
12.35491
12.73815
11.87664
13.63075
13.12718
12.71225
13.12791
13.21264
13.36773
12.37699
12.22195
13.87491
13.02004
13.08717
11.83575
12.99735
13.27463
12.81789
13.08581
12.6687
12.51825
13.82245
14.07328
12.31315
14.43714
13.30877
13.13374
12.88438
12.63024
12.34737
13.2138
13.3352
12.48247
13.24386
12.81366
13.6322
11.29937
11.99978
12.62968
12.51995
13.20763
12.4586
13.31979
13.71105
12.48228
13.23305
12.78247
12.9498
13.33627
12.43663
13.26589
13.00726
12.97351
12.49883
14.81201
12.18144
13.48737
13.9407
12.99553
12.29507
12.44278
12.93444
12.69638
12.30438
12.79672
12.69588
14.06159
12.03513
12.36604
12.0483
12.0232
12.43182
13.38257
14.08194
12.98433
11.66182
12.81556
12.43424
12.90146
11.9277
12.70458
11.85791
12.10722
12.47786
12.35039
13.09006
13.17596
11.94766
12.4311
12.85292
12.23783
11.9702
13.55125
12.34739
14.30063
11.80825
11.35463
13.53469
13.95737
12.89609
12.35555
13.21238
12.96369
13.11696
13.85344
12.87413
12.69944
12.48289
13.60044
12.67861
13.34539
14.50701
13.50563
13.53724
13.05634
13.57107
12.1633
12.05576
13.90552
14.18226
13.47733
12.79083
12.5893
13.26617
14.0049
13.15075
13.66953
13.32653
12.86006
14.06647
13.62437
13.08192
12.28771
12.44383
13.21699
12.37801
13.80909
13.96965
12.93865
