30.04845
24.99172
19.90217
19.52578
21.64712
36.11689
25.36554
32.0171
41.57041
16.82414
34.01413
27.42553
25.91311
33.59166
33.71886
21.72106
32.13129
43.4543
53.49315
33.80598
27.6015
34.21252
28.75317
31.54866
26.77425
30.55406
43.96026
50.44051
41.92709
33.56116
16.50765
28.89481
21.60361
26.2798
25.46172
40.41273
70.92797
46.07882
56.57038
41.56473
58.91462
46.73841
66.92169
40.98143
34.37411
47.69431
72.33479
76.84839
51.90256
41.03799
22.18233
20.37879
45.30683
44.74838
25.66049
32.73255
38.17641
34.7197
33.9338
30.87367
58.28817
49.288
48.54969
39.89239
37.83621
28.68227
35.15743
26.45312
19.06593
22.93843
29.95003
40.46902
27.70048
60.68621
59.89391
52.2932
31.70528
26.40501
14.97744
24.36355
44.36928
28.14714
23.07377
16.17541
25.99219
23.58102
62.66968
50.15979
48.35133
72.17751
83.91389
44.71896
32.88261
21.84686
27.18187
27.87999
31.24151
26.13704
24.77869
21.81912
34.99041
45.33023
38.77497
41.37227
18.57329
34.36148
26.90058
34.87292
33.33105
22.43188
36.49937
48.4654
41.8319
29.29998
28.20734
38.18871
43.86152
36.35075
19.88014
28.37217
29.01011
37.27823
34.32955
42.71728
44.84067
49.36733
35.70479
43.00019
44.77961
50.29673
25.24274
13.91869
21.68457
16.95782
15.05742
21.79682
22.15963
28.83631
48.57017
28.82218
22.44804
21.85728
28.74355
27.41211
23.52101
37.4053
47.30981
40.63263
34.73174
34.85472
35.75029
54.77817
106.7629
64.3266
53.38759
43.06758
39.77507
28.06746
31.84771
16.82004
53.47958
63.1286
76.93724
102.2341
85.04637
64.55551
51.22968
31.0076
22.79142
20.439
26.85487
23.51879
15.48494
23.4298
34.14676
47.92466
65.77624
52.30075
30.96213
24.2979
19.74543
25.11657
29.39673
33.03561
32.57313
44.46197
38.29555
52.86319
38.25505
33.77598
32.13093
31.66113
25.42457
20.79773
17.10355
26.15162
27.74412
62.80425
100.2141
45.52031
83.54213
80.87857
64.00674
98.80214
53.68772
34.38492
34.84117
11.43983
45.90514
41.48456
47.57094
41.26804
45.71471
45.26986
59.95019
47.94749
62.49501
40.25695
54.34478
65.93811
50.43008
55.37656
44.09513
60.66677
46.63463
35.43514
20.06263
29.8546
39.21209
51.67062
59.11318
86.91255
67.20556
70.1016
48.2178
20.83904
16.61749
17.34876
18.50243
28.32025
25.02597
27.29975
24.31579
36.8179
56.51226
77.69341
101.543
69.35867
36.78111
24.62254
25.46362
40.65397
40.74621
37.04046
30.65523
32.011
29.20647
28.35514
79.16154
50.54003
30.16821
34.63869
33.91483
73.89496
106.8725
104.1651
73.85782
81.26729
83.8607
44.47277
48.16092
48.40313
34.11332
48.33521
42.2455
22.1317
24.50044
28.18761
22.22694
46.02935
52.28496
31.80076
31.95056
30.34557
34.90015
71.73759
54.00855
46.09719
67.25272
41.0761
24.37467
30.1469
25.48196
24.65539
31.15733
23.64841
37.51975
38.46512
41.08505
27.66684
21.34079
29.88329
28.52906
32.30441
20.65784
24.25683
33.27105
30.0058
18.78376
43.33702
37.87384
21.73916
29.90173
39.64659
38.96372
39.00475
29.53891
34.02933
28.993
33.55297
22.45076
37.67362
27.57392
34.21946
75.82847
65.24357
68.26386
39.0606
51.62228
56.19009
31.09179
19.38984
15.16035
16.01995
16.43721
31.14906
51.24768
41.20679
32.14228
24.57679
37.62822
46.42995
35.38668
64.59417
54.83192
77.14575
71.41247
57.01605
37.19213
34.42781
26.07203
22.10388
20.12861
25.4076
20.73434
26.8867
26.84649
30.54286
32.36793
52.32057
45.63086
29.79129
26.38259
38.38376
41.46352
24.54853
45.24423
40.13573
42.39027
38.95523
35.92424
21.79374
13.65013
25.93813
26.2457
26.82136
30.02293
17.75895
36.61779
65.28046
67.10774
27.18125
32.83416
30.86554
45.53605
43.07702
39.78708
23.79974
39.18431
31.32146
31.81957
46.58731
52.28995
38.6323
42.28781
57.10864
23.74905
46.03543
42.46275
34.78878
28.3636
20.61698
24.18597
36.12366
34.64682
34.18287
44.17677
43.47183
42.73707
37.67188
34.21312
36.92325
24.03995
33.83148
42.17799
46.31321
19.0566
16.75895
21.02693
33.49029
32.00887
30.3114
27.8741
36.67438
44.66669
46.67456
47.87979
40.78908
46.99973
43.59917
31.31352
36.60247
28.01251
31.93313
21.91868
22.72001
16.34527
14.07378
29.73347
22.40551
21.70427
25.15039
26.35299
31.1475
19.06206
22.73529
43.00763
26.7576
31.28749
23.53878
29.52284
39.8151
44.8525
39.21505
24.70871
31.08505
44.97464
71.68525
139.9462
109.7364
72.91332
91.56983
57.20569
24.2877
25.60905
41.92286
37.42588
24.20544
34.22045
26.77241
22.4738
23.94929
26.73669
31.54432
37.19477
21.18179
27.06235
29.5462
31.21394
20.02342
23.58927
18.52872
34.77204
36.28021
58.87303
61.36336
84.71834
57.71854
106.4988
88.66266
75.14373
51.99316
82.769
75.04461
56.46947
44.89508
64.25637
49.03547
44.74486
50.70559
