66.05688
62.8074
91.54104
246.4232
2864.556
17731.04
18849.24
19535.03
16591.91
18220.29
18460.33
16285.56
18392.3
18610.05
17736.87
18073.31
16043.31
17530.2
15917.54
19147.75
19536.94
17895.87
18724.59
16371.9
19020.25
18621.11
18234.94
17046.07
16950.22
18344.06
17516.59
16870.64
16986.64
18868.75
18135.58
18525.92
17259.42
16560.8
17350.48
17510.58
16618.32
16046.52
16393.19
17558.33
16973.75
20026.32
18181.03
17036.1
17433.95
17747.01
17052.61
16149.01
21105.12
20250.62
17579.41
15807.22
18928.58
17762.43
16145.14
16275.31
15731.07
17212.58
18222.32
17782.9
20128.72
16875.57
17716.02
15831.25
16735.01
17004.76
19567.59
18263.83
19123.32
21203.75
19211.83
19468.04
18325.71
19038.54
20212.64
16715
19119.22
16612.46
19585.56
16956.16
18090.04
18876.49
17482.97
17256.67
15344.02
17866.11
18382.81
18917.53
17406.16
19465.83
20642.37
15503.66
19074.15
17165.14
17017.18
19755.37
18312.34
17410.41
17771.51
19109.95
15825.05
17015.16
17605.5
19828.75
19429.86
18879.3
18224.88
16517.65
19359.95
16634.65
17483.85
18783.12
18018.4
19000.9
18695.82
19226.33
17867.31
18812.22
19322.18
19598.18
15901.17
17200.27
17059.04
16852.24
18016.62
17088.4
17980.35
19349.49
17600.75
18938.07
17641.28
17346.72
19681.09
17594.95
18705.8
18896.16
17462.28
20559.91
18043.65
15720.21
14070.68
19716.04
18188.45
18217.58
19616.64
19804.65
17227.27
18257.36
18525.1
17045.94
18289.27
18806.98
19953.38
19023.19
20109.43
21267.49
18917.2
18810.61
17688.12
18660.84
16278.63
18468.35
18127.41
16183.08
18252.39
18233.33
18026.19
21228.75
16945.46
20985.17
21286
19653.08
16578.21
18396.72
20417.24
19553.89
20518.05
20315.4
19075.88
17461.91
21387.68
16139.55
17044.42
17886.7
19616.34
16560.09
18356
18644.72
16469.8
16345.17
22146.22
18659.43
19733.04
20355.92
16915.23
18146.46
18424.08
19015.41
20654.4
19221.08
18374.12
19219.08
16975.16
16831.48
19428.24
18055.01
20827.16
18060.35
18381.08
19272.13
17940.84
17808.78
19107.36
19140.16
18227.34
16314.9
17197.18
17767.87
20231.56
13455.86
16879.37
19216.15
18721.19
17503.99
22537.38
17203.83
16844.77
17665.36
18742.74
14683.77
17195.9
18347.61
19101.09
17510.27
16696.35
15656.33
18153.4
21111.19
16816.54
16751.89
18497.57
21885.95
19205.34
15315.62
16445.51
17872.9
18819.52
18393.97
17020.3
18927.68
21304.92
17539.59
16929.42
17729.43
16750.97
19868.99
16028.2
16098.73
18934.28
18302.88
16705.38
19532.53
17941.73
19917.27
20107.81
18227.21
16691.25
17956.25
16012.94
16528.94
18273.94
17704.49
18257.39
19891.57
17502.96
18393.95
21590.78
18292.84
16826.41
15101.63
18195.29
17620.62
17713.82
17028.76
23072.18
18712.92
18052.53
14441.51
19746.24
19547.88
18519.92
17171.44
19023.96
18073.56
18747.81
19061.81
16312.22
17233.3
17464.49
18804.67
20870.11
16658.1
18179.04
18205.63
18857.41
18122.51
18198.72
21132.86
20195.06
17520.19
21039.49
19977.67
18802.47
18220.34
19872.63
18751.95
19241.7
19310.1
17931.34
16486.8
16725.06
19016.9
19295.92
15876.68
17919.71
17856.86
19552.13
19368.45
18810.23
16172.66
19301.57
17117.71
18071.18
18388.78
16594.49
17577.86
16936.23
18994.85
19825.04
16568.73
18797.22
17741.18
18283.84
16643.81
19764.52
22167.72
18975.03
18909.74
18766.28
19914.32
16310.38
18855.71
20791.49
16986.3
16975.01
15192.52
15485.75
20975.03
18148.01
18472.13
18821.93
16232.85
17980.72
20901.28
17746.06
18694.98
18179.59
22062
16692.4
14524.76
17059.78
16045.4
16990.65
19031.65
18293.65
18964.51
17248.19
16887.88
19666.45
18371.33
18587.13
19712.01
17862.07
20881.18
17018.62
16253.38
17732.51
18080.95
16667.62
16827.49
18460.24
18065.51
15866.19
16464.22
16175.66
18617.89
17452.42
17650.95
19736.7
18627.39
17642.58
19004.97
19466.18
17264.24
17444.8
17436.75
18346.53
15715.86
18236.24
18776.26
17420.25
15797.54
19690.57
17422.32
15594.12
19427.33
21488.91
19017.64
19490.23
18736.66
17614.2
17735
18232.89
16929.09
17379.98
18074.94
19708.9
20134.26
16126.36
17549.8
17534.76
20158.1
20875.39
18537.3
18852.07
16925.79
16936.19
14894.26
21530
16784.57
17579.83
16371.22
16060.59
17054.16
18439.31
18646.92
20846.7
16576.71
20990.21
18310.33
18893.41
17272.52
18978.2
19786.21
19118.02
16459.59
23110.97
19433.05
14513.72
17425.42
17073.42
17427.19
21031.89
18456.75
19671.51
19568.59
19933.46
18249.91
18940.66
17069.61
16567.7
21878.07
18701.49
19037.88
18953.18
17086.73
18865.42
16623.65
17378.98
19498.01
16673.78
17830.47
17495.85
16420.7
18044.26
18375.03
17475.8
19555.75
17894.76
20556.44
17852.58
18712.53
19368.61
19141.91
15770.22
19298.36
