48.19452
64.50556
101.7053
111.9323
145.3101
330.724
589.371
2081.102
7786.143
4735.329
1940.997
1173.288
630.4151
368.2694
396.7223
228.8628
186.1938
184.2059
161.4596
144.2521
157.9575
106.0032
126.8697
108.1436
158.8826
187.1634
100.3374
84.29292
94.61999
144.4668
115.5095
102.8116
123.2622
118.4107
154.9106
153.7952
165.9893
234.1112
352.8872
219.7135
224.3871
244.5582
233.4435
197.9819
368.6266
544.523
356.7702
298.6452
346.3863
314.9507
177.3535
183.0501
128.8743
111.9406
116.1204
92.21616
91.37646
70.30674
55.96439
76.41642
71.62921
93.08144
72.28175
73.38034
63.54445
69.34157
64.47101
118.8834
119.69
93.40367
109.3165
93.67406
96.3626
95.42303
78.49529
91.03571
84.75348
98.49144
99.94036
86.60664
125.2117
104.4616
93.26186
125.9056
127.0996
117.9061
130.7826
112.7065
97.31431
73.55036
81.798
110.5461
103.2504
96.02037
70.21299
61.62823
70.07936
77.93393
97.72364
65.03655
102.7933
138.4555
120.9127
134.1568
137.9342
165.4149
132.068
82.13818
90.07418
72.51602
44.13907
39.78478
53.75788
44.6045
37.85172
34.1355
50.46145
37.08993
40.44751
62.14962
83.32733
125.0754
210.8651
213.6441
166.425
214.3362
188.1884
124.4985
147.4076
149.6541
182.8375
110.4433
98.88763
69.51055
84.40211
109.0275
124.4935
70.2805
110.2741
103.1628
88.38886
68.84434
36.58661
45.45494
38.80816
52.37036
79.04472
78.86398
59.42418
52.81438
34.8756
48.81561
41.28485
40.8439
52.99583
74.59637
127.9626
130.6071
131.5337
62.74028
67.9068
80.4753
91.08292
82.79489
102.1346
101.5715
161.8797
83.67819
73.81244
65.53689
76.34943
66.28604
58.28522
62.65807
45.185
60.80079
55.57921
60.78297
54.59679
69.45137
56.62914
67.53798
89.29004
118.2591
183.6659
158.437
116.3151
95.62558
67.45232
64.50709
73.60676
65.74479
58.00705
60.96733
64.24156
80.96669
85.56268
79.23419
89.23943
104.3461
110.1697
113.8842
128.9466
78.25623
73.97456
72.99005
103.0694
120.0628
149.7081
142.4956
134.0407
94.94094
137.0928
179.0633
221.3118
252.0667
148.482
105.5849
83.27666
96.51029
103.2017
99.09465
99.39468
142.7343
219.9534
214.294
253.9718
341.9894
332.3204
301.9345
182.7745
193.5529
212.4477
166.2789
250.0687
204.9772
180.0124
118.1651
126.1504
149.8808
154.7159
140.4211
169.6563
133.1955
143.7623
230.7922
243.4682
182.1441
155.3277
164.8378
111.3283
106.8911
115.0018
143.9244
146.7254
155.5733
185.5453
135.4404
92.28666
72.7593
99.69263
129.1898
138.6861
140.0838
133.9842
166.0055
200.1925
179.5346
172.2238
115.0531
137.78
85.14469
120.6169
106.5592
99.83469
99.31559
157.1722
177.3091
143.632
95.25942
76.91822
84.32215
73.66544
63.77675
78.64532
50.33316
60.65026
68.1264
83.59197
96.15614
104.1581
102.0306
66.47352
94.6323
120.4664
103.9963
118.8029
120.0612
173.4243
157.4721
118.1804
92.99145
69.0758
57.42578
61.67036
100.5369
120.315
143.7694
124.7368
93.84483
73.81831
66.44239
64.51888
60.69905
61.6562
59.63363
55.14018
70.53913
85.06233
125.7134
156.8244
193.7269
187.8269
180.5022
184.8455
143.5739
174.5866
121.3842
100.9023
98.85021
97.3697
77.46271
68.1561
72.01333
73.6132
64.10668
50.85349
48.07969
68.40523
98.75345
60.6059
66.36441
98.63141
93.97152
84.21692
109.8951
141.3989
157.908
190.417
147.3821
168.8572
115.2384
182.6057
162.8898
131.5456
117.6635
240.0872
240.7454
258.2508
239.0996
407.1822
295.696
255.7676
158.6432
159.442
110.7268
99.92066
134.4647
103.0968
136.729
126.8413
162.4622
153.6514
131.6666
91.78855
83.2356
44.7518
58.07216
46.89963
46.99845
55.61019
63.88218
71.62997
102.799
136.4999
158.9189
126.2332
94.79429
85.68929
151.8512
89.48508
80.79734
91.2786
76.90876
72.2152
71.37465
76.44898
53.89504
71.65626
82.83324
48.19199
60.07706
70.84283
53.21939
58.29499
70.92184
73.72259
45.79008
57.42411
69.18912
58.11023
57.99249
63.21487
54.13456
71.9015
68.40097
73.80993
86.09515
110.5981
81.59184
95.19706
96.96681
128.9263
113.438
129.4347
133.5858
143.167
98.68654
68.77588
107.2605
100.7628
181.5424
157.0935
186.2844
105.3045
108.051
73.68782
111.3357
110.5094
117.0715
175.1573
141.6151
121.5628
85.16415
101.3079
111.1964
94.46355
122.9262
104.634
104.3395
151.651
103.4027
106.5523
128.7365
138.821
106.6727
120.4291
128.1901
143.1518
106.9436
95.55497
115.7975
204.8179
180.2008
194.2854
284.5506
228.6264
196.3621
234.5659
253.8202
239.6739
289.4219
154.4149
141.8452
221.0763
163.4185
140.5316
132.4135
129.8609
146.8958
134.4592
120.631
147.2941
112.9532
123.0617
79.64544
65.32094
66.15103
65.33898
63.35719
66.66711
86.19308
70.53984
64.17358
79.83163
68.2001
45.15052
27.73426
32.40618
31.17223
