7.957494
15.10037
44.94863
81.07275
161.9846
473.2769
1821.858
3469.562
5593.455
22193.34
38115.59
41796.23
39605.66
41294.38
60226.92
46431.82
35968.95
34844.1
44809.33
51451.17
28038.64
35148.8
44989.27
42726.4
37037.88
39978.46
48827.56
48097.09
39960.32
52908.32
43434.86
31351.93
42483
47269.86
41571.63
47153.36
33784.21
31523.38
42301.17
41461.5
33254.32
40354.47
42362.19
33228.98
33478.14
49810.6
33181.51
40389.33
39866.21
40058.17
37487.73
31707.41
38467.11
43572.58
40884.56
37865.45
36586.84
31113.08
36822.66
36592.46
34162.29
35360.71
37240.35
38630.26
43661.05
38264.89
33672.74
30029.3
42905.78
49020.9
39424.81
33239.54
35597.84
40350.96
28476.73
44170.04
35534.95
43282.36
35953.41
45566.36
47592.56
38953.51
36373.73
36716.95
42717.67
36138.99
46713.08
35877.46
38195.03
49947.24
42023.45
34771.75
37622.55
43082.57
34719.41
33589.69
42018.76
45781.96
36457.03
35409.85
37806.99
44261.51
35403.95
35208.21
37957.74
43910.29
36345.44
42853.27
34086.3
33675.78
40580.7
46171.19
32670.58
46879.31
39457.62
29921.75
42141.09
43944.59
44891.76
34413.75
47765.35
42022.69
37757.45
35721.08
32678.61
39777.92
33472.8
42185.07
36622.22
41091.13
43202.86
41889.27
45216.41
39350.13
40153.15
39631.57
32705.13
46336.64
40505.62
27285.17
43638.13
40050.19
44029.68
40869.9
35660.58
34920.83
34324.35
33871.55
31932.68
38466.76
37718.57
32344.2
37708.98
45566.9
43479.66
41470.45
46222.38
48128.05
35251.07
48714.13
43039.99
36512.76
31488.02
38053.87
39999.72
31768.43
33452.3
47378.29
53618.11
43234.4
36880.6
43587.62
29937.79
38579.12
37693.92
35407.98
37792.82
55306.26
36510.34
40628.09
45290.3
45947.09
46492.44
40549.41
39510.05
35275.8
45638.7
41137.65
36997.15
39094.62
47563.32
37019.12
43225.57
30639.15
37864.84
49499.25
54987.36
41893.46
43494.5
41396.89
46789.53
41254.72
39082.09
33863.53
45432.62
39152.55
40298.24
39386.62
34393.42
29770.7
35686.65
35812.96
45240.71
34178.61
37762.48
37336.99
36701.16
54595.5
36000.09
42437.86
33767.01
46802.82
31230.11
42270.95
44025.53
39471.97
45152.63
30640.69
39135.59
40496.44
41476.63
35850.73
34889.95
32828.13
27651.5
45922.58
48597.69
39118.67
35763.5
37410.77
37144.97
34890.85
36906.99
34145.19
40596.74
38452.66
39709.51
46054.23
39198.3
46506.3
37286.5
33382.99
32830.24
28802.49
40360.51
38399.95
42431.29
41174.03
38668.43
34595.1
42278.38
35542.67
34619.67
47215.55
37157.12
40817.77
42886.38
35050.79
35358.03
40876.89
39420.28
40317.61
48413.17
39356
45113.89
31201.02
34517.01
41437.31
32099.66
30506.4
38570.04
51332.47
32719.49
34189.54
45885.74
33825.46
39693.79
42766.34
36504.09
32282.81
39602.97
37332.2
36802.54
39001.15
37476.81
30474.24
35444.86
35523.89
37717.62
40781.65
35173.58
47853.75
35187.01
39371.96
42489.73
42360.86
43134.58
30893.56
40366.93
44022.43
45342.92
35946.84
41617.01
39523.81
36851
41983.92
37651.95
48887.2
37181.3
45434.71
27624.31
38080.66
43077.31
31865.04
38983.76
31245.52
34149.45
46304.12
38317.89
37427.11
42469.83
33419.24
41110.56
34352.7
39235.4
40056.45
29906.63
40597.49
49225.87
42384.97
36203.89
39443.83
34225.21
39992.2
35322.69
39376.51
41460.81
34579.71
36790.98
36424.61
52217.08
37434.01
36426.17
32222.05
31751.43
39789.07
40360.74
42185.58
38670.43
41407.49
45684.96
31527.99
44620.15
40861.2
41594.82
35169.52
37580.95
37573.56
49310.56
41935.87
36241.85
40448.32
35412.98
42183.26
40118.44
37139.55
31434.5
42362.27
48893.02
35060.14
29751.86
35061.14
38858.19
36599.42
36492.05
42274.52
37133.07
33695.92
24783.27
38615.28
41926.25
46212.97
25605.67
34864.14
37615.33
56617.25
39702.46
33358.43
41566.37
40368.14
44974.39
53869.74
47219.21
32422.49
46503.2
38003.41
40257.15
45745.43
38619.8
27544.44
36805.23
44378.38
42844.77
46550.29
36304.94
37160.87
51795.87
31332.1
32288.26
54181.34
45389.63
33184.27
38991.74
38740.2
40713.16
38239.87
38386.12
29967.95
37820.39
45154.23
47126.33
43591.74
45582.86
40182.24
35223.78
38752.03
38221.66
35989.72
34769.83
39383.42
42701.13
35018.42
31357.53
35352.03
35528.17
46610.91
36558.98
31956.06
33226.62
33016.82
34454.22
41734.76
39304.26
38203.26
44362.28
42768.8
43383.51
41974.18
35148.32
42349.09
42649.85
44748.36
39579.81
38835.19
44828.68
37491.79
44638.84
36145.93
42653.02
33790.75
39940.09
42548.03
39044.88
44878.05
39091.04
36709.5
37106.21
42477.21
47684.21
40707.27
44870.75
43961.64
32263.53
40708.74
49870.09
44573.43
38785.61
33615.65
44771.85
41829.51
39865.28
38664.34
42287.35
40783.48
38869.84
41289.23
41339.17
31556.91
34809.68
49414.82
