45.27249
48.32988
53.05125
50.72838
45.79354
53.57322
51.8884
50.52356
53.66248
44.46102
44.28487
50.25167
52.62156
47.45292
47.14272
54.43685
50.71305
52.17036
50.29948
54.18603
51.48589
51.2915
60.80809
47.56646
47.15155
45.70477
45.58703
49.79816
59.9051
48.96501
48.56946
49.06744
54.83755
52.8033
49.39374
51.94367
49.59737
47.26351
49.92777
49.49322
54.35264
47.98546
52.48758
48.76154
53.39233
48.44323
47.25055
47.76613
51.83798
55.50405
55.5156
48.93421
48.69416
51.78552
51.30758
52.37193
50.54874
48.91336
51.98823
45.79822
46.02704
50.95356
55.14858
50.77119
49.06202
49.8789
55.08503
49.03301
45.79965
52.72387
53.71746
45.89208
51.98673
51.44161
55.58787
48.8819
44.94496
49.04452
53.67509
47.89624
53.60318
51.90826
45.54396
50.01368
47.46069
48.4838
46.77477
49.01999
50.48774
47.70878
53.73513
44.90349
53.2249
54.01531
46.31069
48.12334
51.19145
53.27559
48.00191
54.40548
50.63578
48.12971
50.89357
49.31454
45.1095
48.17076
56.71881
48.73946
49.22735
48.1615
50.70724
47.09242
49.6195
51.54275
43.53559
45.30423
48.7538
53.45467
49.49275
53.76536
51.3495
54.15532
55.1781
51.9743
50.41106
51.589
45.56476
51.23958
47.8046
56.47287
49.49105
46.59839
49.43902
49.5022
47.11434
50.27367
48.9944
48.77688
44.45918
49.65166
52.26616
47.56815
49.26757
50.82631
50.67649
54.44659
50.40822
54.38774
54.33594
47.78144
52.01389
48.62669
47.35514
55.29152
51.99654
52.25308
50.47183
44.93239
46.51243
45.63577
51.18477
44.91979
50.77249
45.99845
41.69536
47.83416
50.72574
47.23779
47.42343
47.36152
52.23875
52.29688
48.03205
50.29844
49.77475
46.50552
50.13272
52.92512
48.31893
54.90528
53.17104
50.56485
46.60416
51.54278
55.09735
51.58156
51.40227
53.3409
46.06967
46.31773
55.83348
50.60574
47.3326
42.80895
46.27338
51.09544
51.35178
49.95866
49.76942
50.50894
54.09871
49.40119
53.24314
50.21714
45.20803
52.82114
49.22044
48.03096
50.03907
52.69408
53.61867
46.72403
52.73653
47.44998
48.77316
49.79331
51.7548
46.90463
51.07081
53.45154
48.45727
47.85239
51.63534
47.59469
50.73466
48.93536
49.29178
52.54065
50.58826
48.83867
47.76673
56.57627
48.0363
50.07337
54.24623
44.24766
48.59066
48.94983
51.5467
51.01875
48.90569
50.01063
55.17253
50.8436
47.85561
48.24083
48.77536
58.99307
51.95858
45.09488
54.49352
53.8086
47.25144
46.89785
46.42502
49.42829
46.06776
45.94682
51.29712
51.63519
54.09264
48.51187
45.3041
52.88055
50.51677
46.96969
46.83286
51.14293
48.54262
49.52365
49.09192
47.58674
53.05037
52.20746
57.59602
49.54978
49.17838
52.98076
50.57747
53.10602
49.58818
48.02771
47.63719
50.92239
48.81988
48.71051
50.39512
46.64113
54.44311
48.68562
46.48743
50.27454
46.38321
51.09746
54.74874
47.87314
48.18026
47.92101
49.57536
52.47853
45.55948
50.14973
51.86751
53.54863
48.5961
53.51981
53.07536
52.24391
53.18055
50.83216
49.29385
48.19605
45.23364
53.00293
47.78361
46.12231
49.17089
49.83609
48.08188
51.9026
48.34359
51.99738
45.55251
46.08818
49.4332
50.00612
48.00325
54.15896
51.25601
53.0604
50.32085
53.19024
51.31789
52.95526
46.87956
50.64949
53.87765
48.38825
55.14512
43.86671
47.89091
52.93589
46.38997
48.4008
45.30556
50.44045
47.42655
51.07728
47.671
57.45871
51.32102
47.48403
49.81101
51.6404
49.69934
49.30204
50.93717
50.07244
48.56259
46.05407
45.40879
48.32351
47.69678
45.00741
42.12362
47.95494
48.36876
48.75267
45.99011
55.32011
46.74975
49.8523
48.63861
46.58898
50.66531
52.07616
53.13189
58.25654
52.62334
48.81106
52.02
54.34031
47.95655
49.45361
55.85988
45.05668
50.38457
49.55165
50.86611
48.21526
47.15821
52.92585
49.48615
47.68562
46.21304
53.38149
49.12197
46.09052
52.99758
49.77731
46.6179
46.4674
46.77963
52.40974
50.92301
46.78887
48.48579
48.91492
47.69283
50.68435
43.65126
47.22548
48.8746
50.57474
49.70745
48.93442
45.70285
50.39707
46.21069
47.40296
48.15081
46.99691
49.35995
48.82244
52.11365
42.02487
49.23209
48.54553
52.49237
47.87613
46.96472
47.12571
52.69193
49.13535
51.36554
50.42395
47.97897
54.10476
48.57755
47.02699
55.942
47.33391
56.71299
46.96697
49.43718
49.2738
48.2246
46.40334
45.58569
49.34531
48.7795
51.88065
51.82583
48.60137
49.71881
52.94942
48.1687
46.73286
49.47138
56.22029
47.03409
51.66424
49.99522
52.24966
47.7637
51.38347
47.81293
45.85569
48.99463
51.95743
54.74662
52.90019
54.19413
57.45402
54.97926
44.61054
44.26045
49.5273
48.0029
50.90482
49.10768
55.16425
46.75795
53.37883
48.39475
44.77365
49.45159
52.39905
43.40071
53.106
43.59195
46.21226
51.11702
49.09555
56.58293
45.31265
54.34005
49.56295
47.53527
50.90737
