796.3423
1430.178
1554.909
1073.935
534.3915
616.3381
1020.203
1406.281
647.4303
688.415
1383.755
371.5395
307.5121
695.7271
1038.24
349.6244
1854.724
493.8979
759.4678
523.8686
644.0789
844.0079
1093.466
1615.535
644.3113
481.5256
647.0665
447.2911
875.4516
1042.838
910.9738
708.2317
741.9606
3785.881
596.9378
2369.712
2075.102
625.7305
1877.142
681.8841
667.6902
754.5462
990.8696
1642.084
766.2354
1076.858
814.4698
958.8459
464.5879
343.7863
663.5915
744.7624
497.7428
3895.405
861.0724
868.4019
810.537
7084.126
899.3752
1045.591
511.3247
407.8574
1159.848
792.5644
2654.407
3204.416
1256.935
754.8019
847.4025
536.217
830.5791
1020.988
994.1612
879.9781
626.0279
508.6171
982.0358
402.4642
1194.249
1140.29
1210.353
1794.155
649.0335
694.3724
515.0956
1724.269
381.3728
736.236
531.4797
1914.628
1783.651
629.8694
1722.21
581.3235
416.2899
1255.122
626.0099
601.6642
472.7633
927.5846
1330.253
414.6098
676.375
335.1308
665.5951
1156.087
1169.338
383.2515
797.1899
1719.008
606.2018
1559.26
668.6533
406.7487
1563.188
1234.664
669.8911
706.8687
899.4767
513.953
483.6471
558.9812
688.5796
1038.769
1719.001
558.1922
575.5861
593.9511
926.5716
713.1922
986.1907
978.041
1301.137
811.4589
636.3125
1356.09
538.0908
545.4686
1020.796
505.302
1012.04
892.7527
1127.8
738.3553
556.9553
617.9905
2144.466
962.6011
1663.385
1594.008
10181.34
988.7258
1491.914
760.2284
937.7305
1721.18
885.7475
1234.858
820.6945
569.1788
1349.369
1491.614
853.0262
1064.879
2028.365
768.5621
1054.096
1052.728
1082.691
717.5961
876.0481
995.7512
743.0523
687.7696
1713.764
558.0933
1241.022
1367.071
640.4924
634.2895
614.1018
769.0564
933.0683
1248.363
1373.784
813.6064
1069.96
2834.918
1349.228
341.4494
1421.569
802.4471
1382.247
3149.954
1690.885
1118.975
761.3237
618.1835
510.6569
1136.325
558.2976
776.5868
1171.411
421.513
466.7754
474.4201
4507.375
541.3423
3635.445
517.5785
1346.161
1528.412
748.3495
1731.442
874.9713
1204.163
843.293
820.3839
1130.533
1041.051
491.9024
991.5231
1407.488
773.0089
570.1057
783.8677
712.018
1086.254
728.6218
1199.343
543.0313
578.9916
921.0352
1128.526
361.554
1279.918
702.5628
770.9423
1872.524
1083.317
947.4639
980.4081
991.1786
774.752
718.1773
632.7133
706.0663
2881.869
1274.074
948.0372
426.319
646.4269
905.5902
1229.891
749.4626
1204.646
1036.222
985.3069
958.6138
998.7984
1486.518
2319.858
694.8925
5980.607
476.6959
1149.977
755.9888
632.1896
955.2076
541.8477
1648.531
1308.621
648.4403
832.651
1457.409
1186.711
1005.857
423.1423
1006.675
596.3108
982.8647
1165.153
1753.81
1677.157
1936.991
910.4109
741.9776
951.1681
1947.085
783.7235
1335.808
1773.918
2865.44
1304.558
527.6759
552.8222
1116.999
1014.645
1562.473
875.4119
885.253
524.0436
1667.919
787.4128
658.3687
1053.019
1740.854
1160.792
1218.785
1093.795
1859.027
1243.42
807.0555
967.3209
637.1637
645.5944
805.3473
2481.349
937.5785
1238.272
869.4625
790.9057
943.996
280.1141
1023.514
852.6512
679.4711
1734.888
1359.112
801.7089
2327.883
646.6113
2315.446
638.4432
797.0888
623.9152
2117.329
1952.555
1474.3
1212.712
424.7012
670.6906
1808.378
1549.422
490.0342
1453.522
1000.795
1785.709
904.0326
494.6344
936.7638
651.6762
1014.422
831.1133
1415.948
1062.822
480.8179
556.7377
303.9586
952.5204
2461.144
2249.108
1570.387
1107.575
1225.135
1488.839
1742.336
1529.499
967.7522
1420.796
898.864
1230
443.3438
343.0107
431.9141
1482.823
1464.659
1526.501
1250.343
746.5753
1380.605
1185.409
959.4313
1001.45
716.0554
527.7719
691.2617
594.7551
792.2177
743.1899
1249.294
924.9749
864.3319
1054.071
476.8265
1479.008
664.6319
524.173
752.8439
488.4273
901.0022
962.4752
2037.657
991.7126
821.1249
2565.121
1198.85
613.9211
1924.182
729.8014
417.4645
1037.53
795.7737
648.3687
1166.996
395.7362
577.6612
893.6138
660.6263
887.7407
1511.989
1441.457
997.7972
746.66
1638.476
1371.553
641.0402
452.9575
1203.145
516.7048
419.4734
962.4104
1430.672
3981.598
872.3525
1893.61
763.9578
839.6465
1115.981
1247.483
2024.857
1025.514
1323.52
831.6215
2182.813
1643.481
664.501
2239.525
1229.777
1205.032
1002.98
557.473
1246.187
610.5963
1111.861
1117.697
447.4383
1469.218
3099.222
693.7466
746.1213
630.4559
2065.897
3715.202
1331.449
1413.577
1968.114
853.0344
1020.598
911.4175
647.6661
670.5225
2769.925
701.2039
927.2258
701.3765
1241.038
594.0599
568.0616
3791.3
1170.221
382.5197
703.0327
1057.32
661.5548
951.5201
913.146
2513.604
1224.817
1183.946
1107.608
582.2679
614.2899
609.639
1389.485
1101.81
591.5904
947.8596
920.4394
1917.139
