61.52693
65.4624
61.43114
66.36486
64.38499
67.53626
61.97364
63.55649
61.26595
66.12247
65.27625
61.81575
60.09049
68.40932
61.93846
62.151
66.01496
59.48179
55.46498
62.07691
60.65951
62.6481
64.30246
59.06872
68.09585
62.60291
67.40791
65.57557
61.15529
62.64817
60.35768
65.73125
61.00161
63.82295
63.58061
59.41525
60.59907
67.39278
53.5908
65.40981
72.11568
68.04528
63.6236
64.19815
59.61764
63.87392
64.93544
73.80821
58.61567
63.24864
62.57619
69.64159
68.47752
60.2671
69.41074
66.39824
65.28495
65.00632
64.65138
52.74348
64.81256
61.65471
57.63855
58.07047
66.2996
54.46709
65.27377
68.26581
66.42848
61.20661
57.33405
69.94469
66.00004
59.45105
65.31035
70.34851
57.39323
65.57448
62.70648
60.31559
60.56786
69.16186
56.29666
69.85221
55.3872
64.74431
73.49321
65.71585
66.23881
59.91327
56.24341
61.98987
58.22659
66.61484
63.29425
55.94669
60.48296
67.05987
66.9284
61.87965
68.73742
62.12142
58.98683
62.36426
64.72333
67.33524
63.13319
59.39579
60.60381
65.85263
59.46671
60.18981
65.17797
66.59531
66.62776
64.53666
61.11114
57.905
60.83241
60.97914
60.8752
59.68709
61.61463
66.17545
61.84929
70.28978
70.23815
67.2008
72.41926
61.21951
66.95015
66.27332
63.06615
62.86107
62.0988
62.14404
66.46255
74.38833
66.47764
59.55561
62.03713
62.53519
62.85996
59.96896
66.62947
59.76411
63.10101
63.11255
62.22793
59.70879
58.94424
60.44333
63.92183
73.98568
65.07073
66.1794
63.97955
65.08463
62.11604
66.7731
65.45057
62.54256
60.3863
68.53516
69.31835
61.7114
60.43855
71.53931
57.47048
66.86367
63.77021
59.21438
63.31322
68.97364
64.31814
69.61087
63.52554
66.10331
58.78311
62.40849
72.02737
59.46982
62.52976
64.05099
61.89521
63.0694
63.58287
71.39325
59.03808
60.27279
67.16809
70.07225
64.30187
66.3287
59.44993
65.36722
59.01951
64.175
66.03342
62.88921
63.02203
54.79773
63.59325
62.17225
62.94571
68.83232
67.92319
60.55108
72.48038
62.18855
60.62464
61.79076
63.38991
61.89389
64.2179
60.19876
59.65102
63.79229
57.90437
63.84286
62.57112
58.61526
61.13159
63.26616
62.1889
55.35348
64.8373
69.0668
70.03898
59.032
58.68092
60.81911
60.97631
68.97467
65.11611
65.14437
67.63695
63.5331
64.32757
57.16271
63.50224
64.10557
62.94116
66.09996
65.07639
71.4562
55.2664
61.77778
58.46487
64.41814
68.6812
59.08928
62.08461
58.20664
57.25785
58.79965
62.98794
63.36474
63.51457
60.4397
65.66674
63.19136
68.07945
64.11381
63.56313
57.53932
64.34798
62.33731
67.36642
64.15722
58.26986
62.20407
60.19157
64.43585
62.81335
67.48683
66.63896
66.38079
64.47842
64.32268
62.42873
63.8282
60.60439
58.57672
64.2921
58.10143
59.21796
59.51356
66.80896
66.6159
56.93325
67.73351
64.91897
70.44268
66.22444
59.60203
62.2955
61.52401
68.39897
65.54866
59.58244
61.96147
66.41764
64.60068
64.03096
64.87776
62.64408
65.27075
65.39547
59.41255
63.92647
66.31719
61.54512
63.88891
54.60934
65.0311
63.48403
57.8041
64.15603
64.71288
65.43662
61.09558
64.1623
53.99774
64.28153
63.82056
57.61202
67.85719
65.00607
64.57189
67.2363
70.61521
67.36888
64.27998
66.58154
58.49708
66.5713
59.11051
66.48692
66.52555
64.82387
65.3768
64.90732
69.278
60.4532
67.16332
62.894
69.12462
60.30479
61.8278
60.85916
66.62116
62.26406
60.91043
66.63684
64.3591
64.78858
64.70837
58.63341
57.50308
61.94719
57.11334
60.98312
60.95886
64.26082
60.78857
69.18126
63.7725
71.48169
65.60475
64.36131
67.28314
58.92961
68.12754
79.21992
63.35327
68.6626
62.9572
62.06222
62.62257
63.84391
66.76365
63.54587
62.58562
60.80082
71.90848
61.82173
61.38496
63.17264
59.14349
62.48735
62.58425
64.85933
62.0431
61.0726
62.34714
68.42419
62.56071
61.37208
64.04425
66.52093
62.07118
63.85304
63.12852
57.20749
63.7009
59.3091
62.44719
58.82912
62.97345
62.94226
58.5712
60.51757
64.77622
64.03163
63.46406
67.31533
61.87443
60.88964
61.2684
69.20799
62.05475
63.40259
67.96753
60.10022
66.91598
68.88432
63.31049
63.50545
60.28665
64.76236
58.39708
62.33095
60.9606
60.03454
61.78352
63.09153
66.44852
65.13882
62.52193
65.77673
68.5928
58.14222
62.05783
65.04724
64.73772
66.98747
67.4115
63.72045
61.30971
58.85187
63.21079
65.89193
67.41871
64.3511
65.24336
62.65079
62.4903
58.74402
69.93077
60.48745
66.58416
61.44812
62.84759
56.86417
64.85492
69.24316
67.93034
63.39707
59.15722
58.43378
62.68045
61.96954
69.34102
60.78332
63.46807
60.96246
62.63926
64.98009
70.83197
68.54073
66.13399
69.56154
62.31363
63.07791
67.18635
71.35397
64.50071
62.75377
67.45846
65.13649
61.31032
62.31671
60.92708
62.77117
63.75812
62.67916
67.18455
59.64951
63.97866
