179.2682
166.3621
310.4311
126.3835
284.1283
132.5225
692.197
190.3124
905.618
363.6636
274.888
326.504
247.6318
210.1666
232.243
454.4336
164.0143
206.539
246.117
141.131
215.9994
157.2641
271.5953
278.4699
255.3671
850.3342
557.4416
239.6791
137.314
470.8502
1036.265
155.187
201.6103
141.4907
166.5232
403.0457
207.5299
200.3205
343.1588
175.2521
369.588
650.6514
131.2277
179.3378
279.5941
286.9565
334.0453
222.4445
538.0283
288.4314
207.6726
174.7322
382.6743
367.9459
200.6733
345.9164
602.2445
159.9263
642.7289
193.6004
116.5735
257.4137
257.9636
227.2697
350.8874
421.0449
197.5824
653.2497
313.461
122.3847
345.5337
308.8813
298.1873
548.9492
157.0049
198.1693
349.0225
141.8149
154.8213
208.4955
253.605
663.4948
638.9392
628.0713
291.6718
607.8898
204.9463
250.9221
173.5778
773.3987
145.6358
925.5157
306.3767
596.8404
842.2614
870.7192
422.4055
369.3323
74.21939
248.3775
159.5652
1443.457
306.7218
232.2927
406.036
148.7681
248.2816
394.6706
364.8865
311.5375
408.2424
132.5426
175.2871
316.4007
662.5868
267.0677
133.6027
232.1139
168.0593
230.7675
204.7401
522.6301
340.8755
563.9306
250.2805
301.011
477.9586
429.1485
212.2195
180.7562
186.3718
272.6728
152.3577
320.8782
203.9828
313.3293
710.1381
284.9737
295.2565
198.0152
486.8333
277.4498
357.6188
343.833
257.4167
148.0214
162.3892
313.182
382.3675
208.7148
255.4916
162.7387
249.8653
255.9672
390.6687
380.2965
430.1019
512.0862
180.1003
239.0324
137.0553
231.2474
171.1479
394.5512
230.3255
275.9409
146.0107
374.7067
445.1298
166.6612
211.7017
192.9932
462.124
246.8592
1221.62
155.6507
349.1989
349.0901
147.1109
354.2477
164.0701
340.567
238.7733
376.5443
245.5914
175.4826
241.6444
266.2276
151.5415
287.8112
647.4699
258.4384
175.3258
196.5257
307.7757
175.1242
229.9993
164.1605
376.5359
183.4027
485.9694
184.5137
350.5682
657.1411
249.5515
215.7079
254.2248
372.0185
233.6018
327.4365
207.9429
399.7405
375.2113
225.9015
524.5044
411.437
369.0255
279.0869
172.675
283.7754
594.3672
445.2592
248.51
372.2385
285.1485
221.9642
230.5228
265.7914
323.7218
164.4886
141.6353
414.2026
324.4838
197.445
382.9472
125.599
258.3549
182.3672
257.3258
197.7534
319.7025
288.8784
170.6467
597.7169
528.1875
345.1619
216.0881
108.0706
130.6474
315.7876
93.96288
127.6025
279.8721
260.7215
312.3822
197.9418
102.1863
365.3571
399.2001
651.0569
964.6371
226.064
161.1384
261.137
557.1848
217.9815
556.7396
345.0308
270.5884
156.0957
348.9392
231.1652
318.4809
386.4751
279.1913
313.6027
315.1396
301.6503
221.9381
244.4663
376.2364
124.4303
358.42
201.4952
147.3643
118.4409
294.1314
190.3351
1050.219
155.7411
242.8993
434.7403
156.5547
164.4636
180.826
721.5394
144.4372
192.4544
292.2742
143.6718
248.0213
364.3167
186.1501
568.5337
311.3604
145.8931
204.8094
165.1028
379.0878
144.9508
576.0533
417.5822
359.0189
250.7038
528.9489
223.1853
231.1592
424.9566
221.4897
259.9865
324.8358
145.4078
347.6763
188.1794
274.121
210.1199
521.9964
144.5908
1253.697
198.8155
298.2796
196.8586
388.9263
209.2057
386.4416
181.2055
360.8645
276.7823
199.4542
333.9317
296.088
188.1209
282.0126
741.1371
499.4481
494.5911
283.3363
303.6576
110.9852
191.3154
412.2198
119.6269
214.2721
391.0962
148.5925
194.0943
519.9267
1044.109
314.9191
680.4487
239.3179
724.0029
255.5357
590.5576
179.025
158.4152
336.9594
95.20315
335.1854
216.8175
460.408
312.1545
170.5483
283.0934
183.3928
213.9262
465.3132
279.4971
263.5051
1022.992
277.4027
149.8086
310.0033
350.0298
333.4374
542.0713
236.7935
142.9254
286.2144
202.3341
216.5467
311.9396
123.7716
462.4427
249.0051
394.6102
114.5103
111.3455
121.1886
390.0706
601.8
445.2163
408.74
352.9232
258.6022
347.245
530.586
125.0511
211.9999
327.7146
207.6304
216.6125
237.3726
635.299
1007.423
499.4461
280.2413
339.1993
323.8255
424.1984
690.9485
425.0632
373.0892
354.544
255.4272
351.7586
184.4948
210.8771
471.9253
213.9758
194.2508
145.3128
141.0216
308.6318
355.5226
658.0497
447.5075
191.4877
103.9196
627.3951
326.06
193.7127
109.5757
326.0185
177.8202
133.3608
257.7053
435.588
236.9199
295.7548
461.2229
328.3175
192.5037
448.5908
179.3873
151.061
321.0728
179.3118
204.8958
173.6539
337.0397
265.1353
190.1669
552.223
252.4742
315.6643
468.3835
206.1403
123.6965
324.0779
351.1226
462.8788
262.7352
203.7447
265.5291
165.3502
430.7228
504.1153
312.793
201.0412
147.2415
200.3678
297.2005
146.0056
510.6264
254.4622
184.5237
379.9725
162.4621
349.9429
164.7149
324.4844
562.2039
336.5631
467.919
202.5811
735.1375
241.1321
287.3154
120.926
