103.7468
104.5208
103.9537
103.9848
103.274
103.5949
103.004
102.6392
102.4039
102.2991
102.9602
103.0592
103.0679
102.1713
102.2617
102.0599
102.9092
102.1112
102.4535
103.0095
101.0473
100.2825
100.3015
100.1953
100.0911
100.3195
99.62667
99.75945
98.95982
98.99655
98.74135
98.13774
98.43098
98.57177
98.96036
98.18593
99.00544
99.88739
100.4815
100.4755
100.9126
101.1875
100.9511
102.2623
103.2591
103.7292
104.2678
104.6424
104.8289
105.35
104.4648
102.7918
103.0035
102.7503
103.1738
102.568
103.187
102.7307
103.4431
103.6622
103.381
102.5694
102.1896
102.0379
102.0182
102.0802
102.4828
102.1116
103.4273
102.4697
102.5369
102.1579
102.5074
102.1061
103.0196
104.344
103.39
104.2602
104.3042
103.6348
103.7305
103.2835
103.35
102.5099
102.8361
102.3874
102.3463
102.3955
101.3724
101.662
101.4829
102.2298
101.6209
101.6547
102.2423
102.299
102.0956
102.0842
102.5605
103.102
103.2506
102.5438
103.1832
103.1205
102.7634
103.2644
102.569
102.3897
103.1908
103.3096
102.3615
101.302
100.9582
101.2923
101.8679
101.9732
102.1393
101.8549
102.2602
102.5262
102.4778
102.7089
102.546
102.813
102.8693
102.951
102.7548
103.2968
103.2553
103.2963
104.3942
104.0857
104.3102
103.4286
104.1625
103.463
103.5026
104.0068
104.722
105.7997
105.0259
104.4665
103.641
104.1096
103.6889
103.0979
103.0439
103.903
103.5876
104.146
104.101
104.4366
104.8522
105.1853
106.3433
105.4171
104.1041
104.1126
104.6526
105.1489
106.1582
106.2844
106.1243
107.112
106.5456
106.6683
106.2715
106.7731
107.9259
106.9689
107.6987
107.3046
107.8706
108.8609
108.7721
108.7899
109.0948
109.4506
109.602
110.3882
109.3922
110.0915
111.0084
111.142
110.1367
110.4379
110.2155
110.6846
110.3741
110.4188
110.692
110.563
111.0182
111.127
110.5452
110.2613
110.2615
109.977
110.6226
110.3032
110.5747
111.2366
110.2735
109.2776
108.28
108.1879
107.4215
107.974
107.8765
107.6158
107.1103
107.5921
107.9242
107.9583
107.614
107.0767
106.8869
105.712
105.1562
104.8069
104.5946
105.141
105.2909
105.2284
105.1872
105.8527
105.3343
104.7347
104.3631
104.7589
105.1481
103.8685
103.9542
104.5153
104.1514
104.1197
102.7704
102.355
102.4998
102.517
102.5328
101.9629
101.9914
101.7136
102.0999
102.3601
102.001
102.4748
103.1063
102.5636
101.672
102.4383
101.9424
102.4328
102.209
102.0884
101.9729
102.9531
103.8619
104.6339
104.2084
103.5164
103.6086
102.4531
102.4328
102.2541
101.3585
101.2986
100.9019
100.4175
99.45084
100.0458
99.65449
100.1069
100.1031
98.87836
99.70865
101.0007
101.0879
101.1027
100.9627
101.1117
101.9041
101.3658
101.688
102.268
102.5092
101.1805
101.7892
101.7721
101.5812
102.1669
102.3333
102.2397
101.438
102.4977
102.2535
101.9657
101.5166
101.9735
101.8155
102.9547
103.3621
103.0477
104.026
104.3851
102.736
102.3439
103.0711
103.2206
103.9575
103.6015
103.8085
104.126
103.2825
103.969
104.7391
104.4422
104.491
104.221
103.5349
103.5358
103.0479
102.8694
103.6201
103.1439
102.1755
102.7356
102.8349
102.3015
102.6882
102.2151
102.4153
103.055
102.7472
103.0439
103.8044
103.2589
103.6374
103.7667
103.9508
104.6298
104.551
104.603
104.001
103.3549
103.9195
103.2465
103.5481
103.622
103.8405
103.5403
103.7823
103.2861
103.7433
103.4719
103.8505
103.8146
103.7312
105.3253
106.0473
105.7061
105.1736
105.2961
106.6393
105.9493
106.061
106.1615
106.8526
105.5155
106.5064
106.9789
107.7977
107.362
107.8727
108.0459
108.5684
108.6164
109.1858
109.0933
107.8544
108.2218
107.9733
108.2467
107.7159
108.4687
107.4891
108.1913
108.4121
108.2641
107.5791
107.8501
107.0151
107.0441
106.4717
105.5065
104.3217
104.2958
104.0957
103.1345
102.7335
103.3727
103.2391
103.2898
104.2112
103.7439
105.0199
105.3351
105.7973
104.9367
105.5465
106.574
107.379
106.8772
106.7342
106.5004
107.5905
107.7312
108.3252
109.0736
108.7227
108.933
109.2211
108.7619
108.7532
108.858
108.6092
107.925
107.4467
108.478
108.537
108.5036
108.4841
108.9131
108.8327
107.9298
106.4363
105.1388
105.1397
105.4957
104.6303
104.5397
104.9509
104.1613
103.4704
102.5565
104.2027
103.6154
102.7484
104.0444
104.0845
105.1635
105.7614
106.1078
105.7369
106.531
106.7878
106.6376
106.4589
106.8742
106.1377
106.5713
106.3601
107.2422
107.6245
107.8639
107.5008
107.6948
107.8721
108.9866
109.3408
108.997
109.147
108.6523
108.3746
108.8355
108.5961
109.2345
108.8308
109.3483
109.1369
109.752
109.6668
109.823
109.3078
109.164
107.9993
108.2552
108.7016
109.5583
109.2221
109.3575
109.5841
110.2053
109.1479
108.8278
108.9532
108.8512
108.3242
109.1548
