95.15203
102.0139
87.33728
91.86185
90.69093
95.08421
83.58197
100.8818
88.84767
100.109
74.85966
84.41374
94.88616
87.55214
89.43952
103.5921
100.2806
90.63563
88.43891
91.45645
82.77257
115.1161
93.56685
92.54239
75.93994
92.35931
93.00359
84.36972
91.69501
88.79946
98.53586
95.78792
95.27428
88.98507
93.86831
80.61589
91.2365
108.314
92.7441
90.53586
106.1299
99.2625
90.02744
97.66051
107.4089
95.52726
81.16176
93.82537
110.7795
90.14134
86.69552
84.03171
94.80378
88.41143
105.4654
88.36543
90.68321
95.25299
95.94373
88.3176
96.89923
95.41851
89.6906
87.81124
115.5324
86.10604
96.16982
87.09426
98.07743
98.61492
96.16927
105.6901
90.33841
85.72996
92.78545
97.30104
88.81667
89.28437
86.18158
84.48142
104.7899
96.54025
85.74213
93.9624
101.5946
97.70761
87.32641
102.287
99.78866
96.56104
87.24892
100.8775
101.4853
96.95327
85.9839
103.3119
92.32561
90.44778
92.42068
100.2315
102.1882
102.0413
97.4381
113.0102
86.43106
95.07784
108.5814
100.4765
86.3498
89.61369
105.2838
94.71934
101.0933
97.98447
98.96441
85.79532
92.3222
93.97355
79.37155
94.54661
86.08517
96.20349
93.24921
95.17959
101.155
99.68602
102.0533
93.70131
88.99647
96.92551
95.88058
82.26418
88.8588
98.00858
106.1785
89.94923
107.0404
89.98563
97.88346
88.33625
105.6883
97.09185
103.7171
99.25294
88.93705
91.24517
82.35709
100.3609
78.1038
98.55224
110.1744
85.04609
90.57036
97.62268
86.32385
104.619
101.0667
96.49815
90.95227
106.5016
92.80962
94.87881
89.5739
103.469
102.5289
82.81987
83.3142
93.03056
96.78986
89.20819
92.93296
89.2173
99.74788
107.1956
89.32373
89.59818
87.80998
97.21947
88.57219
78.91579
95.42469
78.2197
88.37144
100.4438
98.98957
86.67652
85.30898
81.50418
97.29123
109.9514
87.31669
103.0011
88.59697
83.43408
87.64606
90.18467
82.10427
99.5589
91.54568
87.96102
97.80492
107.7427
93.46426
82.95698
91.81747
92.25186
91.42616
109.2928
92.48636
104.452
93.37408
96.57898
108.5593
100.6663
94.0678
110.6797
113.7199
94.23903
87.23931
80.89586
81.7001
87.12505
98.63552
100.4117
89.19099
93.11533
92.36334
95.84222
99.60916
80.77134
90.74187
88.47592
98.23065
96.2716
90.84376
105.2552
103.4937
100.4988
103.4094
87.82541
94.98435
92.47668
91.27751
90.40225
104.3276
87.26553
107.5276
104.5767
88.56488
100.7479
97.00039
86.88977
95.77767
89.63172
103.1252
102.747
89.23022
90.80599
98.51962
89.08861
99.8841
95.06661
87.96586
100.4188
108.8379
108.3736
85.42525
115.9736
107.4406
84.12065
87.34665
94.68206
105.908
100.9122
90.88307
97.26334
84.6676
103.4642
85.91667
95.82795
96.50236
95.47496
94.30457
93.32392
88.67719
92.32472
105.5671
98.98732
112.569
102.4891
100.8318
86.14014
82.04245
96.82756
78.96855
103.1836
106.546
98.83803
100.7638
85.13061
97.10957
90.72117
96.6758
86.22641
96.05806
90.59431
102.9851
94.47642
89.76127
97.47464
93.95599
88.73246
90.58598
104.0589
105.8315
93.65435
93.65141
86.62435
91.9414
91.03701
95.00201
107.5791
91.52803
91.12745
103.8263
101.444
91.94767
101.144
84.74674
97.13104
97.75191
98.42389
102.0751
96.59229
99.91882
94.76383
97.06682
86.58981
105.4741
94.82626
93.86065
96.44575
102.0771
101.6191
91.53065
90.66338
91.60993
93.22033
91.46642
93.82388
111.1013
84.33635
90.30201
91.97177
88.86568
95.25733
92.27835
91.20584
83.15781
89.76698
97.66822
93.10702
96.60116
105.7314
88.92203
95.30179
90.63401
98.60878
77.45364
103.1227
78.0235
80.66278
100.0823
101.8992
89.48472
88.86349
99.66603
101.9942
89.14026
93.2514
94.0967
87.81953
90.65772
99.40391
97.45632
83.41609
75.63235
85.41856
93.17456
99.12338
102.3232
83.94012
101.5545
94.35319
99.58046
93.76315
99.26905
100.6749
89.45256
84.58726
109.2632
99.99062
92.15884
107.5655
95.88738
88.84369
90.04653
87.55651
109.1881
96.54397
100.3879
83.83531
91.79615
101.7917
105.7485
92.74039
101.3436
96.29967
106.9765
95.06363
93.64931
83.79968
84.91587
107.4018
85.28522
86.7659
98.25177
80.46773
82.44218
88.93913
95.44113
94.23473
90.5392
85.95699
80.09619
88.93923
92.05038
101.1283
115.1243
99.29873
105.5628
93.46228
97.55585
95.66529
100.5341
93.61597
95.5392
101.5087
85.55649
100.4638
105.8234
92.95298
89.55681
101.1316
107.2813
96.84098
103.346
99.38128
93.60169
91.27348
96.95387
97.34619
88.82686
100.3799
94.47526
91.36509
95.89236
103.7346
109.9436
87.26185
90.95537
95.53168
87.78411
111.9292
90.82255
90.5618
96.32708
92.43431
85.7581
86.72578
103.885
108.1672
80.62379
108.1504
94.68795
91.59246
82.86905
111.6642
97.60192
96.46723
90.24177
84.4736
95.1858
88.70776
95.61045
95.31068
85.5343
81.0375
85.931
121.06
