525.1063
295.6546
534.2099
434.7528
690.5874
541.0521
681.7199
640.7116
546.8874
540.9168
571.7974
445.5424
469.4224
566.5189
971.0431
574.4994
582.3145
561.7053
766.7323
800.153
674.8463
540.5693
581.1295
568.5772
636.3932
640.4084
580.0053
434.6203
540.4574
598.543
886.3981
671.7852
496.942
795.4745
298.0022
477.1974
406.2145
630.0147
722.4832
629.9339
772.1818
590.8737
454.9232
307.0017
332.6898
563.5547
484.7281
575.7447
452.3746
486.8742
674.2643
960.8116
453.3948
396.9391
406.5898
520.1383
556.9821
739.7544
626.6072
346.4245
361.8757
580.8231
767.7479
534.8776
599.1317
658.0199
733.0669
784.1346
647.0855
1036.424
482.7042
488.2675
526.1317
419.4249
595.379
476.6215
388.6716
541.6012
301.4363
312.4727
524.3549
440.0103
367.8531
523.9656
550.157
397.1778
421.9919
623.2562
912.3171
611.3862
727.6138
693.1878
466.7396
493.5067
567.0096
601.1218
670.0104
722.2009
898.3744
429.9146
729.3594
687.2521
659.9167
506.8512
642.3179
490.9711
565.7849
859.4439
651.7541
773.5746
596.9179
628.214
874.4589
457.424
569.4377
589.1555
352.4809
442.8751
518.3214
884.531
745.6261
665.7825
817.883
806.9986
588.7845
451.8395
501.1002
486.1682
598.2283
596.494
647.9167
709.9078
659.7348
469.7914
691.5626
627.4793
709.8089
667.4551
646.4301
734.3503
997.3067
560.2177
630.743
395.9714
557.8469
921.9099
801.915
1009.988
496.151
486.7287
636.8492
566.6513
572.8322
561.842
665.9027
858.4323
614.3086
508.0443
676.7263
810.2667
852.4673
890.9934
521.5063
823.0754
598.6064
577.2391
388.0871
410.0407
548.1814
587.308
481.9871
1042.15
841.4527
611.5847
738.7702
909.5097
748.2214
667.7289
840.4344
607.2299
949.2398
584.4621
621.5771
554.5812
655.0621
682.1286
791.5847
763.2305
931.9618
522.7015
666.9447
417.48
712.4319
482.2373
472.2105
674.3516
555.2713
458.1234
552.4525
601.3088
529.7757
486.7002
707.1292
787.5617
705.0882
534.2543
505.608
627.0811
597.4801
580.4904
793.2819
640.5893
469.1543
677.7319
676.8134
615.2129
558.8974
608.7127
828.3264
833.0263
540.9077
709.9805
618.998
564.671
517.6614
571.1319
657.3273
703.6209
394.794
854.2637
739.5659
856.5525
587.4668
423.9741
433.1519
767.3907
749.7756
584.7616
589.8744
576.3814
616.3459
541.837
586.0239
614.3537
674.4405
476.1217
859.8713
609.153
402.4893
341.4605
585.875
405.2932
473.6411
514.1339
653.6812
615.9064
708.6019
591.9402
782.1824
530.6959
669.5979
648.7824
591.5915
853.1389
629.7073
705.8335
481.9401
921.0855
703.9157
824.9475
671.0486
477.1156
520.1697
812.1626
705.5948
611.3026
531.7658
741.8358
640.6558
659.3493
845.3901
353.296
381.1255
636.0796
773.2779
490.0208
443.9875
686.303
684.0427
648.0296
532.9483
443.8489
779.9764
627.8788
314.8489
677.6691
598.158
527.2867
548.8366
878.8878
904.2911
589.2538
871.5331
778.9373
529.4854
827.8193
857.7904
461.944
705.8641
574.2519
431.0885
432.879
438.2924
468.0504
444.2656
393.1671
422.2025
476.9269
597.2578
519.6106
733.173
639.539
652.7596
483.0335
509.4037
504.7529
629.9802
554.6831
623.2896
556.4093
451.4757
492.9984
601.7046
622.9326
490.3933
472.6526
477.649
424.9698
334.4473
567.3847
588.3223
462.5012
619.9396
590.8435
713.83
592.3373
555.2956
560.8839
371.0676
414.3131
441.1065
538.1017
726.3032
546.2652
409.8091
579.3924
727.1135
759.1443
708.7971
530.5084
442.5526
450.0714
571.2715
594.4819
528.1816
727.2471
561.3833
446.9285
580.9914
934.2317
486.1473
296.9109
321.1615
227.503
351.7978
540.8131
531.7027
444.7166
433.6266
615.2791
739.4197
620.9724
452.0737
722.1895
586.1914
786.4734
722.5685
554.7047
365.6452
409.4588
562.6161
410.6501
414.0936
568.13
482.1969
857.9096
992.0112
683.0535
684.0853
923.1565
641.2472
639.4532
530.4901
661.3742
513.2828
613.0084
824.0424
730.3366
870.0284
699.5556
399.5893
371.2221
569.1789
819.4389
782.9541
449.8019
515.7296
648.794
562.0931
595.7759
493.8114
535.3949
543.2258
492.304
456.9606
319.6865
453.4167
816.9912
590.8217
681.2917
580.4504
453.4765
930.0695
692.5969
869.8242
700.5749
605.6874
426.5805
384.272
576.4723
523.5316
662.8981
519.1994
529.2564
600.9845
524.3354
408.3803
602.2147
843.9319
535.7685
582.6113
493.6576
658.1923
860.3266
713.6541
432.6123
671.8255
536.1127
846.4652
670.8242
796.754
803.9144
869.125
841.8572
563.1752
528.2
495.4956
684.6656
555.336
694.1232
557.5211
759.1988
819.1749
650.5125
685.7332
780.5339
369.0471
312.6249
511.7654
564.5961
329.8545
512.3741
692.7733
618.7186
654.9252
521.4401
857.4765
689.5324
563.989
472.9435
420.3407
386.4281
624.7522
475.8625
612.4555
410.9257
702.9349
670.5508
369.2002
392.4297
