516.4711
679.9623
638.6851
669.3883
587.7359
566.5307
597.0828
569.8312
644.0499
622.3884
690.1079
605.2948
691.439
615.9381
605.4743
630.5588
621.7477
622.9349
582.875
492.0161
614.7198
550.562
624.8982
626.8536
676.4951
585.9176
660.0786
669.303
705.806
629.8903
629.268
657.9195
685.2895
644.4459
673.1489
580.3864
646.5544
670.3123
612.241
625.8595
534.4525
583.4274
645.5785
741.9682
682.8902
769.6072
586.3552
666.2184
595.587
674.5567
624.6882
667.2269
567.5106
632.3343
721.0034
580.8453
638.8032
749.6646
654.6314
565.7549
659.3005
612.865
601.2396
674.2066
592.3918
627.3562
615.488
702.4528
670.6392
697.7163
560.1529
579.5527
605.5764
527.2518
654.9735
633.0176
658.4551
640.9695
630.1549
592.0676
643.9726
627.7447
710.9092
523.6207
679.5691
679.8087
571.4356
595.8777
586.7475
635.5841
588.6036
701.3804
641.0197
678.5922
687.7051
657.7786
566.579
699.6178
679.3015
586.5339
638.1018
637.6147
639.4043
687.2497
747.0156
767.692
527.9672
678.2149
622.9227
671.3575
696.5839
769.2649
633.5997
550.6645
674.2606
598.0048
669.5542
710.0447
467.2356
638.4553
615.0861
587.8223
661.748
610.7416
605.9792
600.1061
751.8275
551.7261
579.9914
617.0163
628.5755
564.1976
599.681
594.2068
631.2784
648.8416
589.7046
628.7871
676.9295
562.5502
727.8372
610.1732
723.932
584.6505
649.0933
600.54
733.8541
667.4793
645.746
726.1334
593.168
617.5426
681.2603
733.1166
713.553
681.8322
644.6667
583.862
622.3007
668.1415
580.1772
669.3612
695.7195
595.0204
668.0398
616.2613
627.4975
681.2885
624.6033
644.2009
624.8802
706.7801
598.9212
660.6967
603.1997
592.393
690.9557
651.0855
725.1218
617.2174
736.1947
697.8864
587.557
683.6797
634.203
568.5006
683.2369
746.3033
680.1542
721.0387
700.8945
686.465
592.1858
616.356
630.7568
638.2016
682.1244
583.2197
692.407
752.1227
632.5591
615.8849
605.4807
686.2469
564.7983
632.6642
630.7705
702.2535
669.0967
680.6969
611.0889
523.0322
667.3299
716.1941
637.6921
666.6744
609.3726
676.7867
597.3021
666.1242
643.0586
630.0416
613.0343
693.2564
631.2102
587.1327
581.8173
704.9217
672.9056
677.2559
564.7125
621.1816
728.2542
653.162
705.1043
617.5242
688.4005
630.7765
738.9001
560.3954
578.0424
700.39
680.4264
657.9363
759.5916
719.8671
564.5331
641.1446
611.0429
649.6061
622.9258
645.0392
566.8528
583.0381
596.0084
670.9848
679.2001
596.512
601.8114
661.3321
623.7775
677.8293
627.7069
661.4587
561.6298
648.8863
721.134
687.7152
585.0399
734.7435
664.089
727.203
623.0901
544.5722
593.9936
588.0861
733.4466
588.5164
693.9053
697.7671
581.2394
651.7751
546.9808
602.2032
805.5578
641.2289
655.8327
587.9793
751.3051
628.112
659.3937
618.9906
652.3601
789.3723
663.32
639.8725
657.5786
564.1547
633.4003
600.7328
518.0231
646.2407
635.9201
637.0377
556.2979
649.8155
638.1818
695.0575
603.3691
710.48
602.7988
643.2059
674.7457
672.5023
638.9172
644.3196
620.3179
604.5557
623.9766
650.8707
583.3223
704.1807
683.9798
703.5944
638.5474
614.2478
683.6494
628.4182
690.4011
631.9987
700.7549
564.9488
705.392
605.7474
717.7633
656.8877
611.6964
618.6303
727.458
619.5983
636.1613
675.0408
619.9722
586.0745
623.0698
728.218
642.9084
646.0405
640.742
586.4931
607.5051
668.5575
745.1545
679.6809
671.7201
608.1557
642.7976
678.8924
647.459
573.7398
621.8646
632.5323
641.8962
564.7304
658.517
726.5404
672.6977
593.9512
624.5109
589.2205
614.8403
628.5203
640.9385
598.635
577.1887
700.9818
639.743
669.0476
587.4419
682.2702
628.6488
750.8908
641.9968
630.1854
735.7775
648.2656
623.5698
671.8037
682.9496
635.4928
621.7505
585.0377
714.271
570.2555
701.6692
753.7815
629.291
642.1312
681.3924
550.6177
603.0904
551.2259
620.5312
598.4108
641.7393
617.3728
744.4811
627.644
654.5173
594.486
678.0571
597.2609
730.4517
670.0555
626.5444
666.351
568.8842
625.4373
635.8509
633.0116
583.6336
601.9985
594.0654
688.512
641.4034
549.3497
691.3193
610.7106
616.7005
627.9072
600.6878
646.8777
723.8596
629.8597
623.2645
522.9746
612.2023
624.5448
594.4532
684.233
669.5517
684.6835
588.8134
719.1588
627.6992
643.8955
540.1362
625.5437
590.4671
639.1738
617.3009
613.2625
596.2371
693.4241
598.1565
646.7164
609.9355
563.3826
633.6334
669.2089
648.7127
690.2272
666.2091
652.0618
740.7715
650.8319
580.8249
724.7106
609.6037
603.8176
608.0564
585.3213
598.919
557.3053
633.4758
730.6774
650.2065
511.1594
621.3615
605.3066
681.0616
664.7064
591.0379
573.7006
612.9801
739.2825
640.4736
628.3988
629.534
607.9428
708.4893
640.3398
676.3726
699.6637
576.7701
709.4169
623.9861
630.4465
688.1233
580.7898
