172.4813
220.6888
226.3959
175.1071
142.4161
139.8285
192.6527
179.6621
178.6575
208.4928
131.5112
130.1411
144.9291
82.97075
82.98754
135.7293
175.6596
136.3973
140.458
210.4647
304.8458
327.693
509.0046
269.5329
265.5342
228.607
325.784
445.7568
337.7954
342.9317
583.6285
377.8375
228.799
313.3543
490.0334
388.316
423.9997
167.756
197.4137
168.1832
260.9188
346.7877
271.3211
289.7613
254.5256
196.242
143.9717
156.6898
151.2155
242.3907
160.1258
115.376
128.2773
167.1103
164.5752
196.7752
411.2218
313.6085
378.563
228.1197
209.4948
331.8583
474.8304
197.021
183.1419
171.8796
93.37622
99.98199
130.6383
294.02
340.7197
183.538
200.2238
257.05
287.1958
154.1671
193.429
493.7933
366.1672
514.7665
563.3854
266.0503
254.1134
338.5076
326.5549
407.493
458.2365
237.7621
272.4593
330.1622
268.4983
127.8003
135.955
198.128
231.3362
270.0221
212.3801
259.1777
344.5953
367.0351
327.7719
313.7701
277.5065
169.8378
191.6161
188.3526
221.8505
144.0381
185.3967
195.1575
284.0459
169.2768
180.8836
211.8119
150.9584
162.8094
124.4693
136.1701
150.9596
115.628
124.0994
155.3581
229.7035
244.8443
319.2531
434.8438
194.2954
268.5698
526.0754
361.6471
336.0986
273.437
170.2381
248.6529
328.4906
274.9379
248.1702
249.2773
114.6092
161.5608
182.6596
195.5697
187.2521
220.4023
231.767
134.7963
115.3144
141.9127
118.1077
104.009
185.2297
246.6085
333.8022
437.1122
317.3527
214.6554
224.379
192.1207
158.5675
108.7391
161.124
246.6814
221.9374
254.6286
142.9655
123.0302
242.7209
173.3455
150.9339
135.865
213.1179
133.3368
184.1872
271.0197
324.5447
256.6018
229.339
225.5327
161.7529
202.4231
398.9277
389.9841
233.0387
193.837
183.5513
301.0058
250.7484
200.1757
179.5865
240.5337
160.424
191.1451
162.731
165.293
336.0864
169.6527
272.4476
217.2142
134.7988
181.3153
276.7247
230.9762
464.0625
645.3931
498.378
354.848
407.1216
484.7657
566.5869
267.2801
150.6089
189.5158
223.5298
228.5364
141.0533
241.8259
213.5675
192.9362
150.8642
123.2973
88.64644
104.5655
111.2251
146.3711
226.6712
265.6681
285.4997
225.0915
313.5303
265.1079
269.4927
316.729
358.1992
420.4578
213.0738
219.6405
313.4947
265.776
143.0763
295.9599
235.0923
416.5589
266.1279
363.5489
384.3476
422.3037
458.0644
420.6641
184.3921
95.26254
133.6599
239.5026
193.7462
284.9412
330.8394
602.5982
598.1178
547.0725
290.0425
245.1066
274.314
387.1338
335.2643
257.5025
283.0856
245.8767
296.1764
302.3487
275.1814
148.6184
207.1955
169.2891
158.8201
168.9539
232.1043
170.6067
140.428
84.15065
156.7599
221.5492
308.4368
289.8746
220.4397
270.5761
208.1258
235.4174
180.1995
456.6623
440.0622
367.0357
265.3944
213.6409
130.0138
66.20627
102.1108
121.8698
125.2441
212.7961
299.9817
289.1582
250.8021
220.3232
526.1974
198.3777
141.4981
400.3563
148.0771
130.8525
165.8163
177.2237
137.7966
211.6296
256.5528
218.2421
229.3059
196.5931
115.1447
145.1217
199.6948
199.414
222.7215
296.0143
224.1321
279.6518
133.133
211.6238
182.0869
156.2916
176.4127
215.7451
125.4739
138.2719
171.6465
211.2584
160.3207
180.6611
246.9993
334.0971
214.8183
231.823
213.4383
275.2271
298.3142
324.1383
275.8827
248.9261
265.8009
308.1773
165.8521
104.3577
190.0689
328.6639
433.2602
271.5201
233.2365
216.8323
168.0453
205.1152
175.671
234.0489
405.1696
241.237
139.9711
320.6268
469.4433
499.2597
488.6445
415.1181
536.8045
204.7951
317.9896
395.6618
408.077
390.8607
422.279
432.239
350.3298
181.7318
200.1684
136.2398
228.4627
411.9942
444.0951
345.497
267.0351
362.0496
403.1937
412.3109
313.2333
225.0123
216.3736
149.4355
173.858
114.7152
124.3775
276.6115
358.4381
489.9017
330.0062
584.6137
422.7892
720.895
1180.039
1075.295
926.608
890.66
262.6536
366.9138
414.3601
173.6164
236.733
159.0665
116.111
154.27
190.3956
210.7572
153.4806
203.6146
239.1879
185.6416
143.8367
135.5205
171.2799
176.4906
112.8361
266.7385
256.0781
246.3128
300.4195
290.552
225.0043
155.009
156.4025
172.9643
248.9946
283.5267
249.7505
282.0254
285.8471
244.3242
212.5907
185.4785
149.6579
187.0715
221.1002
279.6311
236.0196
169.3395
203.8167
208.624
237.9898
140.1003
134.5794
140.8731
183.6819
191.8168
234.2361
257.9283
248.056
188.6867
242.8189
296.6127
157.7908
151.0826
134.4734
228.8017
256.1565
274.627
229.6074
283.3687
388.3341
302.7252
235.9619
222.6843
149.2536
155.1035
285.1984
320.3701
327.1161
440.1046
754.42
926.3738
846.3002
615.6211
729.2367
626.0063
467.3387
349.519
237.8035
387.3234
239.5877
201.1493
196.1544
278.0354
204.6914
216.17
205.2731
212.0743
174.6652
128.5614
