92.49249
92.73089
85.7916
87.37059
85.55549
76.68632
86.42424
86.03833
86.36272
82.52533
78.11118
75.44601
65.91895
60.33931
54.40546
53.7791
57.55008
58.66899
55.26409
54.45124
60.18254
52.98331
56.87589
54.19572
62.65978
53.31622
56.7483
57.52931
56.43127
59.34307
61.18631
65.754
61.27593
55.92322
55.01505
56.77874
52.11214
56.94193
52.45468
57.50955
55.72862
57.88746
54.49609
55.40121
56.42533
57.99653
58.60921
55.67345
55.31915
63.05647
54.06181
61.00936
59.90011
55.03683
58.49349
49.84534
63.55934
60.20867
59.72602
52.06434
53.03127
59.34536
57.13828
57.42494
52.87137
51.61598
56.06973
54.97584
54.98185
50.39331
56.20923
54.06016
55.92536
55.82053
54.53919
56.5354
55.33558
55.80386
50.99763
49.33852
52.11162
58.56361
54.44383
50.82848
58.71642
60.66836
57.3733
56.13094
56.59226
59.55803
57.1598
54.69081
55.58016
52.18907
52.85703
56.683
55.65796
55.77085
52.68503
55.67353
53.55781
58.28739
55.61936
59.25345
58.03637
52.8519
52.64522
51.72725
59.82284
53.2608
58.67265
52.94852
56.01096
53.71213
53.86649
52.23514
56.41761
57.1099
52.05361
51.93318
57.54853
51.47276
59.05666
59.77699
54.46605
53.73897
52.95509
53.68053
58.9632
60.2705
54.70094
59.24548
60.88544
51.54436
49.11201
57.87724
53.46152
57.63212
48.43905
50.03573
58.85919
51.32085
55.5398
59.95277
57.4802
56.68027
60.193
56.94971
56.14458
58.82559
56.29204
53.17531
62.33467
53.93026
59.30158
56.41653
56.60073
56.02904
52.8999
48.03903
53.83318
57.83662
50.19441
56.63127
55.64159
54.96464
60.46267
54.11421
52.23352
53.8515
55.7653
57.42279
62.84928
55.30939
56.14257
55.98024
52.9843
56.94454
56.89624
53.15035
50.92699
53.83151
53.68367
60.35416
51.28888
55.78388
57.80578
56.5385
58.72462
53.83496
55.17317
53.21349
54.17775
57.4911
54.68766
54.82025
55.12546
48.76816
55.48985
60.19639
55.41623
58.50582
60.4141
49.87823
48.998
55.59087
56.90653
58.00437
52.08449
49.71698
59.10649
56.61352
59.71666
62.61631
56.59844
56.78504
55.84692
56.15511
56.66017
57.77972
58.3448
53.9838
54.8781
46.71217
54.64271
55.54283
58.65948
56.33946
53.81323
58.47302
58.90325
55.31264
54.70241
50.19735
57.81012
60.27023
51.74949
53.00388
52.51432
57.61498
51.31269
56.17183
53.43777
52.89009
62.70412
52.79655
55.49951
54.99774
52.23182
58.84784
51.9282
58.55806
52.59677
60.05037
58.16406
55.8492
62.47209
56.77179
53.81214
53.71997
56.04091
59.97174
61.11175
52.83006
59.99627
62.49579
65.03088
54.50883
52.50179
54.1087
56.12147
56.43908
63.33136
56.80053
55.50241
63.83022
56.94079
51.91315
55.42896
51.49224
55.35383
55.32975
51.21676
51.0654
54.32125
55.99059
50.89306
58.04824
55.71062
58.61478
58.13337
64.48976
58.26849
54.32284
50.96399
58.23569
58.28082
52.96203
58.54351
50.97883
53.38991
52.37294
60.31217
53.45717
53.84305
53.55011
52.19676
50.72548
55.10606
59.38195
55.15031
55.3033
55.85615
60.00896
51.49607
55.79563
56.39019
58.66761
58.08689
56.41022
56.41676
55.31871
50.68367
62.11307
52.38204
59.5327
55.6846
53.71124
49.69062
49.35645
50.84274
51.73943
58.05478
52.82769
54.75775
56.38658
54.90691
54.93226
54.49046
52.31131
54.03358
48.53216
58.14186
56.86961
62.57486
54.48125
62.05339
65.1441
56.06889
57.24419
54.02711
52.24001
51.77625
54.42644
56.78888
56.3309
56.58731
55.21065
52.95833
62.24661
55.25415
54.56894
58.09094
57.38702
56.11359
57.43199
50.46436
58.37518
59.56223
51.45205
54.29686
56.50949
57.77811
56.01322
53.54483
48.81918
56.06948
56.54009
55.36956
59.00196
59.10715
59.90694
54.22047
53.10126
59.24444
50.52676
53.35721
54.78305
56.74517
55.69588
54.07398
57.67235
55.67104
61.0497
51.12346
53.11302
60.3654
55.34361
51.87887
55.61484
55.55244
56.58488
55.0067
50.27965
53.58903
55.85213
61.86824
58.45306
58.74034
57.95908
52.55327
51.79564
59.21047
62.58179
55.73954
53.65305
57.45988
57.19688
55.61513
61.15896
59.16496
53.8106
55.78915
47.15187
58.09676
57.44993
59.95401
57.93583
51.9058
57.5183
61.11107
52.12006
57.93144
60.38125
55.89309
58.49948
55.24217
52.28185
49.51067
57.17837
51.39122
56.37059
55.24435
56.65564
53.78856
58.47893
51.34227
55.44307
50.84515
52.25029
58.36956
51.86124
53.68779
51.01308
51.33524
57.34594
60.38103
62.96785
55.76631
58.92716
54.73467
57.29866
58.04752
55.5676
50.66546
57.93716
52.83306
54.51764
58.38744
52.25017
52.68249
55.43203
56.62613
56.94815
53.3443
53.01904
58.51573
55.06949
56.0225
51.77028
55.81744
60.65401
53.98824
60.80323
65.82352
60.74978
57.81193
56.00099
55.35895
60.91492
59.48696
61.23436
58.76323
51.38525
53.90478
54.87521
57.24554
53.70944
56.5292
53.89809
