46.46031
37.78289
59.58353
140.8943
341.6559
331.2293
111.8798
179.2255
135.7184
242.5852
745.2
1542.919
3906.599
12794.84
13791.87
17204.11
15498.1
12781.94
17966.87
16170.79
20250.2
17137.61
20678.03
19326.33
19048.75
14660.96
15614.41
16439.15
16781.19
17800.65
16890.71
13098.33
16809.98
24636.69
24251.7
21771.37
29513.82
23298.54
29439.59
20497.36
22252.69
14251.31
11319.59
20838.1
22199.92
13434.3
20627.95
27448.46
18474.33
18949.17
23180.36
16125.54
16341.52
24013.66
15231.15
23714.11
22236.25
19621.5
9482.093
15602.96
17856.29
21701.08
20525.54
23457.31
17981.25
23399.64
19095.79
18705.02
29623.53
21870.25
18980.34
22689.21
17680.98
18179.4
21182.03
15344.46
20649.48
16162.81
25329.78
21625.97
23662.16
14154.09
24493.57
34649.7
22614.63
16718.42
26242.81
21163.93
19624.58
11900.41
21410.78
13920.8
24493.63
24514.27
16832.01
19888.08
18402.98
20580.69
23567.42
22628.31
30336.94
18001.05
30002.63
14857.83
19366.99
29688.25
26450.87
31139.48
15526.58
17965.31
20350.89
15303.26
23588.1
43316.94
23582.87
19961.16
18135.31
18108.79
14972.34
28036.97
19080.9
27317.44
26761.58
17359.48
14629.74
21869.67
17584.32
14793.77
6886.315
12350.48
15917.96
21373.91
19152.57
27632.53
22666.89
21575.43
14721.7
14570.66
17833.64
19718.01
15056.62
19519.31
19099.15
14057.41
16832.23
20619.5
18613.84
23487.18
14568.93
12181.78
20566.35
23504.13
23282.08
26227.95
16975.14
16018.05
16956.82
27513.46
27178.94
31790.87
20903.36
14139.51
21670.06
18132.47
14424.19
19427.89
14227.5
19114.49
20756.95
21416.55
17720.28
14832.68
12872.56
22394.8
19548.43
15739.14
17350.89
16363.98
27637.14
20836.35
22827.27
33649.98
22954.04
13462.73
26260.01
17984.35
19256.61
29417.96
14988.32
13751.7
11882.95
15162.33
30823.1
17706.72
11521.01
15377.34
15482.79
26663.75
22151.51
15286.49
22586.98
22100.95
19416.16
32902.34
30467.25
19799.59
20890.59
15397.17
19888.18
21007.5
14676.49
15370.9
13048.23
16254.02
16792.09
25234.27
23470.53
17353.7
21301.41
20732.65
18786.72
19460.78
21081.4
33168.73
25157.3
21735.66
20536.89
23467.85
26135.64
16483.84
19090.9
24435.94
26324.77
18905.85
8755.54
12436.38
18117.64
21558.15
19894.97
18451.43
22321.2
25324.59
16224.16
26871.53
13715.59
19030.71
21299.67
11726.29
13911.96
22818.52
20218.05
16099.52
22346.35
13382.96
25336.84
16615.95
11916.14
15585.69
21023.88
29942.76
16919
18443.52
13277.14
16872.26
14277.61
22589.03
14226.63
19253.02
19229.48
15410.01
16627.5
9556.674
14231.06
19883.97
18005.04
23282.52
20558.9
17557.65
28003.41
15190.68
15395.68
23472.93
21627.57
26281.59
15714.67
18040.35
33726.2
25251.18
22483.81
14981.1
21618.79
13435.9
14231.68
28087.51
29378.34
17199.47
18949.76
23318.91
13736.28
22988.12
24114.68
25331.53
17934.57
15164.81
16721.31
26917.66
17272.02
30838.15
26188.15
19992.96
15873.69
26389.01
29847.5
15808.9
22497.6
21585.97
16999.23
24248.41
17898.61
20167.08
16429.53
14935.5
19409.87
18231.8
15626.64
22937.75
15746.06
18893.01
19456.68
19788.28
25062.63
20593.51
13162.5
19287.85
20941.56
14535
22050.6
20113.97
19092.36
22848.65
19642
31289.7
28701.42
23666.75
16060.28
12519.36
13093.36
9091.217
14357.48
25819.84
25832.56
18730.17
17768.29
15652.6
21855.49
14297.7
26067.89
17192.71
13439.12
12580.37
12756.81
20848.83
21706.61
17246.39
17834.72
15987.56
13112.67
10659.03
14044.5
21303.59
13403.7
29730.49
19432.95
19641.61
18218.38
23142.55
20924.07
21608.51
14818.64
14169.66
16019.49
18981.72
14733.66
20433.28
18872.7
27549.81
20833.04
24370.49
20606.56
32753.07
35539.64
19586.64
9327.939
14954.89
18290.26
21154.46
13619.98
22142.33
26695.78
19166.5
19770.97
25636.57
24451.23
26319.33
23577.03
18784.08
18789.13
17945.37
17054.63
28595.49
26041.59
26425.3
16268.28
13397.09
28048.28
27524.83
16427.7
16266.95
18673.79
13724.52
16086.94
19175.65
25009.28
36925.1
16916
12865.14
15665.48
17035.82
20835.13
13508.69
15465.8
17449.7
21976.39
19576.37
24393.4
24847.25
20333.28
22036.69
25091.67
23667.73
30272.24
25082.81
13415.68
16180.5
19912.83
21589.01
25334.08
17291.65
25099.02
22519.1
17283.72
27139.38
27631.34
33208.39
20120.16
22780.89
17917.65
11311.11
18036.49
14990.3
27543.15
14351.49
10843.63
21208.87
28771.63
19162.78
19638.83
24518.53
25498.49
27517.21
22860.33
22820.01
22797.04
13690.12
19312.16
24781.59
21305.9
12138.16
13139.28
12272.65
18140.19
19798.69
18590.19
18084.18
12530.24
13155.97
15005.71
21229.89
18945.63
21993.04
28186.48
14617.59
18149.82
21358.62
26064.68
20505.54
21037.26
28504.66
19430.96
22627.82
