105.6821
99.84705
89.97989
66.38322
14.30993
13.04074
13.47641
13.58774
13.39899
14.65376
12.63131
13.45817
12.64201
13.77294
13.09677
12.77184
13.28541
12.73335
14.31863
12.87073
11.82414
12.70242
13.51632
12.67802
12.46734
13.74923
13.90953
12.49436
13.65032
12.5009
13.26206
14.20014
13.05443
12.24363
12.86904
12.22002
13.06697
13.04504
12.5072
13.06404
13.95257
13.79635
14.0655
14.03491
13.07696
13.8307
12.52146
14.29875
14.4326
13.20144
12.14823
12.4621
13.72598
14.16351
12.95178
13.12837
13.50234
13.3276
12.18155
12.84252
12.41604
13.24339
11.86527
13.44855
12.45843
13.1081
13.21799
13.12707
14.80728
12.73465
13.12735
12.95234
14.53996
12.41438
13.75738
12.71971
13.64896
13.83704
13.35931
12.61918
12.4084
13.56602
13.69586
14.16404
11.77091
12.09844
13.3422
13.42416
12.41418
12.55892
12.84325
12.32412
14.43443
13.0502
14.32367
13.73464
13.45743
13.48234
12.8181
13.25901
12.64639
13.17157
13.36745
13.98475
13.92336
13.59982
12.54821
14.85694
14.17165
14.18978
11.78406
12.77625
13.13245
13.18941
13.872
14.95331
11.56194
13.47345
13.96241
13.703
12.88332
12.18202
12.47805
13.32798
14.68003
13.34393
14.36489
13.18467
13.80577
14.56982
13.33627
13.85844
14.24418
13.04829
13.6816
12.77271
12.58759
13.91111
14.25417
13.03602
13.58713
13.20523
13.07478
12.34301
13.4513
14.5471
14.97488
13.04162
13.73945
12.82353
13.30337
12.3267
14.00665
12.73255
13.1558
12.1148
12.55379
13.8446
14.92744
12.88694
13.71151
13.39225
13.51623
11.93904
13.12102
13.45407
13.14741
13.3193
12.80338
12.95452
14.00115
14.34636
13.02539
13.90377
13.03741
14.15536
13.30466
15.17397
13.16019
13.217
11.96067
14.34145
13.53446
13.58194
13.81043
14.74307
13.13899
13.59537
13.53961
13.17577
13.89633
14.33223
12.95885
12.13782
13.53712
12.79757
13.88589
12.19723
13.84663
13.76126
12.40209
14.20478
13.81042
13.29509
12.67907
13.93998
13.46969
12.79479
12.82244
13.76232
13.34928
13.33828
12.70677
13.23887
13.39632
13.31693
13.63864
13.95262
12.21683
13.2548
14.02203
12.3927
13.35731
12.27176
13.34598
14.23543
13.6575
13.86907
13.20833
13.82693
14.98347
12.8708
13.93656
12.36319
14.38159
13.72338
13.37177
13.2726
14.3976
13.13018
13.13223
13.92734
12.66392
13.04422
13.49572
13.41629
12.78072
13.83795
12.64451
13.86958
13.09509
14.12704
12.38448
13.626
13.42795
13.24607
13.82687
12.68254
14.09367
14.02084
14.7219
12.64632
12.71978
14.3683
13.75287
13.27047
13.20304
13.20437
12.39397
13.57701
13.12625
12.70883
13.37537
14.31288
14.41463
13.56361
13.39524
13.44131
14.40741
13.39189
13.77467
12.5256
13.97912
13.602
12.99006
12.86151
13.10662
13.54567
12.86607
14.35609
13.15839
13.54729
12.71953
13.6121
13.82602
14.07625
12.28138
13.50082
12.71787
14.45606
12.93565
11.30943
13.45863
13.206
13.32564
13.51805
13.63322
13.87597
14.2198
13.96447
13.64086
12.18636
13.07255
12.49311
13.26432
13.88294
12.0236
14.55284
12.27911
14.12999
13.54102
13.55266
12.17749
14.79296
13.25625
13.82641
12.74598
13.79397
12.47896
13.23224
12.78936
12.51172
14.1058
14.74649
12.49616
13.20633
12.81708
13.14357
12.90991
14.23935
14.93011
13.54167
13.34438
12.89953
14.25309
14.40465
14.37289
13.05208
13.32009
13.73691
12.6908
13.10274
13.12464
13.19433
14.91854
13.00706
14.43336
13.82666
13.97722
13.11437
12.63105
14.48343
13.10297
12.84288
11.65038
14.36121
13.69704
13.22779
12.96575
12.32094
13.24829
13.62361
13.48783
14.87432
12.41536
14.51235
14.04838
11.59515
13.37803
13.87362
13.25312
12.85618
13.75239
13.25245
15.4253
12.87692
12.8319
13.95167
13.79441
13.9992
13.03104
13.25484
14.42189
13.23519
13.06025
13.40482
12.06844
14.52384
13.01832
12.72045
12.48815
12.84499
13.62571
13.25612
14.8444
12.91451
13.65572
12.41833
12.60122
11.73945
12.79863
13.65417
13.17388
11.82589
12.29532
14.61033
14.27464
12.84813
13.58354
12.91364
13.62637
12.38114
13.84214
13.57001
13.93372
12.47848
13.98482
12.91514
12.76116
13.39019
12.76453
12.77499
13.90261
13.05182
13.23726
13.26937
15.18469
14.47642
12.52134
13.9207
13.31646
13.25959
11.83041
13.77382
14.43254
12.48441
12.79833
12.8958
12.02184
13.24154
14.2478
12.68376
13.11219
13.56488
14.12879
14.58283
12.7096
13.77911
13.84181
13.06013
11.85414
12.48326
14.69584
12.15941
13.50155
13.56865
13.7387
12.69915
12.16508
14.0175
13.44822
12.85
13.24142
13.81279
13.60035
13.48831
13.17993
12.15243
13.1297
13.68882
13.87701
13.6997
12.07574
13.30798
13.21068
12.94306
12.80657
13.4135
12.32567
12.84538
12.84194
13.8527
13.21821
12.73405
12.96404
12.82305
12.93443
14.21403
14.09123
12.57973
