1083.33
834.1981
1428.785
1287.019
872.9104
838.8364
707.3372
529.4502
513.0432
827.042
985.5634
1001.085
525.8635
1523.155
1566.762
1751.615
1195.177
796.252
1055.912
927.5543
766.2507
1535.711
815.6925
1132.939
1512.181
1063.966
1204.116
1141.639
2321.371
986.7926
1136.15
869.1919
1528.94
1603.772
1257.944
864.6689
1127.962
985.64
742.1856
737.4346
1846.547
2327.025
723.957
780.5289
589.4157
685.9365
489.6879
1153.017
486.5559
1463.718
1078.598
1779.23
780.8533
2792.277
1205.807
2605.553
1711.741
589.5106
926.3132
1401.203
1060.009
1100.489
892.1241
1987.725
2224.769
3779.665
1579.27
2007.625
962.586
547.3847
785.259
367.9216
779.4579
580.2068
1096.509
610.0536
774.3642
983.7873
1091.642
651.0355
1329.362
818.7887
1582.771
582.8561
359.9161
673.2335
1300.596
811.8646
1461.272
1035.156
957.062
773.4694
948.3003
1633.486
1144.513
2457.673
468.3306
649.4443
1871.982
1188.015
722.0105
1383.03
1062.243
1045.105
1208.332
1962.437
980.4158
569.5101
670.1533
792.4543
1876.829
629.3148
758.8616
980.8277
568.0171
866.5692
757.3709
1142.513
1361.344
1100.455
1350.797
1217.548
932.7847
827.0885
989.9809
683.4365
800.5903
1763.127
1586.565
2060.192
6056.449
2568.404
1414.436
1123.357
1362.98
2140.368
2932.357
490.8289
830.0515
845.6586
779.3106
1070.888
942.8366
3078.719
414.4708
1956.144
669.2791
646.6819
2371.103
730.7946
2021.772
1231.21
682.6092
2056.57
1351.565
1200.275
614.9239
705.3062
743.1505
701.9267
1777.659
752.548
1502.184
1362.532
1019.894
1259.26
1997.289
1981.956
580.0044
1059.237
840.0087
432.6194
1132.112
1415.442
1269.566
1594.191
535.1226
1841.158
1222.711
1643.228
2294.2
1295.428
4205.697
720.3309
1486.28
686.3314
1903.053
1542.567
938.4756
1943.141
759.7366
1278.378
537.9431
1207.326
1319.148
543.5072
1330.986
899.0178
1303.927
729.2799
1873.862
2422.133
1342.199
422.5439
381.2228
1551.973
697.9788
608.8949
1689.186
628.6204
682.1304
671.0312
1616.649
2017.817
2977.12
785.6243
1125.088
771.8436
1329.502
711.3582
655.817
1068.779
1359.537
769.9295
903.7758
996.0161
673.826
1079.724
803.3305
823.2239
849.3723
2105.953
803.4312
1059.203
1288.068
727.3565
500.5518
1452.081
869.0093
1721.374
1545.126
852.2813
408.0859
759.9316
816.2673
1720.285
711.9767
1697.346
495.4139
2664.877
932.0342
1144.386
1202.436
851.1459
1604.839
616.599
853.4024
2313.526
788.6488
1075.187
2426.343
898.7015
386.3372
411.7286
1486.038
970.7624
528.8767
1427.803
636.6603
1427.074
1267.034
1797.451
769.6595
994.7836
971.4949
1471.589
635.6623
2026.153
3813.141
1545.678
698.3277
940.6254
856.1698
747.4081
984.9363
1164.523
766.8883
908.8618
2367.857
2550.644
1024.583
3184.279
640.7885
2445.507
1606.423
959.7978
1643.888
980.8287
1801.006
517.8832
1110.839
1460.204
3723.699
1719.999
2124.655
869.9327
719.7632
843.8236
1057.789
1407.73
525.4403
1319.182
1262.606
1101.924
1447.859
1402.841
2207.201
522.4239
1986.305
1023.017
1859.42
1668.101
2694.556
2303.126
2825.57
1671.304
939.7124
821.3094
981.7053
895.2746
1046.759
2389.221
1080.164
1909.009
1762.706
1885.844
1397.666
2382.476
1832.108
1612.13
6860.882
1300.769
2809.55
1572.082
1477.255
1049.863
704.1948
893.2217
1161.612
1615.456
1680.51
1275.403
2411.61
793.0109
2786.812
2756.481
1145.238
815.669
636.7325
773.3897
2914.305
1075.268
1121.145
1091.289
1122.404
1074.331
1375.448
2211.502
763.0412
2045.248
1212.223
842.1986
1289.157
1418.401
1040.632
1154.275
511.7032
977.5416
781.2047
4564.27
1359.521
2233.675
2419.23
911.8411
802.6568
1474.317
886.1217
647.6497
1625.47
3188.826
696.1727
757.7853
1303.332
1866.792
879.1416
1219.151
1622.915
6736.215
821.264
1685.494
2077.747
973.8559
2705.945
2063.842
763.6955
438.3428
748.6074
2745.2
507.2256
690.0108
1192.462
1065.577
1903.013
805.4601
1415.924
1071.483
1320.228
602.8158
1098.228
568.8833
889.2061
1643.842
1233.083
1426.736
1330.805
1468.614
1581.076
750.7435
1060.623
1876.851
1045.117
815.9317
1325.872
920.2057
604.052
379.0413
2131.198
836.5247
5087.162
874.5727
782.2255
1216.244
699.8595
1144.001
1036.979
872.2938
623.7782
1453.688
2148.682
821.5397
1414.936
814.6945
748.3965
745.0981
914.1702
3545.875
606.2131
881.6864
1308.475
990.4556
409.5905
1085.099
1392.998
685.1596
1308.098
1009.981
1331.483
896.5074
1063.267
1570.642
1517.842
752.8068
1692.504
1683.926
952.6288
886.4334
2276.892
1394.101
798.5822
2896.425
1250.992
541.7301
846.4772
1946.638
1384.595
486.9073
2253.148
1626.317
2171.826
514.7934
1707.765
973.2416
811.2164
1395.953
316.4189
1154.669
765.6489
414.8619
982.9698
986.431
