102.5775
103.0089
105.7326
105.6351
104.2044
106.2492
106.0963
108.4987
108.5
107.9107
107.0426
106.3792
105.2632
104.0259
102.9939
103.8613
103.9713
106.3844
104.432
104.3981
106.4683
105.7236
106.4799
107.4579
106.7898
107.1306
106.4521
106.5379
106.2258
106.1188
106.041
105.7681
107.4143
108.7606
106.2913
105.8545
104.5127
103.5567
103.9915
104.1958
105.1869
104.5069
104.4573
104.9792
105.9363
105.7942
104.5846
105.626
104.6047
104.0884
103.1949
102.4248
102.6122
103.1554
102.9427
102.3404
102.4829
101.1753
98.64998
98.73525
100.0769
98.72567
100.0187
100.2645
100.6469
100.2979
97.21811
97.02452
95.49802
93.42106
95.90275
97.33862
97.12206
95.6274
92.77474
92.93147
93.42553
93.69544
93.55901
94.84437
94.94373
95.92242
94.46281
94.00919
94.89133
94.29735
95.15071
94.72723
94.57223
94.61496
96.65393
96.95002
96.24005
96.16531
94.30052
95.26028
93.88211
93.1653
92.71733
92.54878
92.66348
93.31225
94.30471
95.84348
95.2156
96.34811
98.37759
96.74838
96.37556
95.40033
95.89838
96.8078
95.2626
94.84277
94.88211
94.84056
93.41559
92.60593
93.22152
94.44972
94.87471
94.57864
95.25061
95.28754
92.85139
92.68257
91.43968
91.57466
91.40933
90.25835
90.15784
91.16089
92.85387
92.6978
93.85064
94.61502
95.39407
95.44409
96.15804
95.07733
96.25115
95.08077
96.60098
95.25633
96.27582
96.5969
96.8361
98.73678
100.5813
101.0377
101.8194
101.0125
100.6528
99.29407
98.45991
96.27729
94.43541
93.6996
92.52048
93.60871
94.21413
95.91292
98.09945
98.33301
98.62248
96.78623
97.53747
98.89518
100.105
101.6613
99.75541
100.379
99.86511
100.1248
101.3482
98.89705
99.38339
98.54529
97.04183
94.85517
96.77046
96.78835
98.53341
96.86085
95.64201
96.56176
94.65569
96.49707
98.66011
100.5511
102.0099
101.156
100.9385
100.6802
99.65335
98.33177
97.45592
97.28141
97.99081
97.34552
97.35091
99.07422
99.43994
101.7543
102.1555
100.5345
102.1421
103.306
104.1363
104.4902
105.0381
106.529
106.5248
107.1349
108.5241
108.791
108.6667
110.0697
111.4594
111.4686
111.9686
113.2267
113.9094
113.1928
112.5968
112.5143
112.3961
114.0799
114.6217
113.4785
113.0647
115.2619
113.8271
112.9056
114.0075
113.1218
110.8739
110.1602
110.0124
109.4883
107.0005
107.3561
106.8136
107.3326
106.818
106.4823
107.9008
107.0162
106.458
103.8969
101.9807
103.5885
103.1919
103.917
104.6858
105.1393
106.5394
106.3808
105.6043
106.8431
105.1598
104.4667
103.6219
104.8319
106.1119
104.6524
103.3392
104.0803
103.5951
103.0236
102.3509
101.4915
101.2239
103.0682
102.986
103.2862
102.7895
102.7616
101.2202
100.9663
100.3656
99.99926
102.6712
101.5876
102.4517
100.7058
101.2582
100.7275
99.86769
100.8482
101.67
102.794
101.7797
103.021
101.1656
101.3176
100.0633
100.3768
101.1578
99.71489
100.1589
100.3418
99.00896
99.73249
100.3547
99.03765
100.7806
100.3601
102.5039
104.8166
104.5007
104.6927
104.5622
104.2396
105.0867
103.8972
102.6751
101.7023
100.8458
101.3275
101.0759
101.2711
103.8121
105.7287
104.8229
103.955
103.7402
103.9668
103.9347
104.3454
105.2141
106.0458
105.4937
106.2036
104.1232
105.6999
107.2873
106.9482
106.0038
105.8787
106.0635
103.1708
102.9374
102.5416
104.0131
102.4944
101.9077
102.1656
101.3166
101.2458
99.55802
100.0694
99.65795
101.9721
102.2998
102.1051
101.0192
100.1946
100.9092
99.26617
101.3174
99.81534
99.11998
99.02742
99.15427
96.48893
96.74124
99.22455
98.0211
98.26328
98.38672
97.83851
98.1965
98.47085
99.91779
100.9739
102.1389
101.3893
102.6509
103.153
102.6938
102.9493
104.1837
103.4095
104.1838
103.7473
107.7778
106.4405
105.329
105.5495
104.2896
103.6861
103.8095
103.5946
101.7971
102.2484
102.5825
101.0481
102.3397
102.011
101.41
102.9249
102.6032
102.9475
101.3305
102.7399
103.7247
102.3366
103.1503
103.7366
102.6724
102.9187
103.1709
102.6149
102.2476
102.364
102.1451
103.4447
103.2426
103.6259
103.5715
102.409
100.6571
101.5474
101.4963
102.4721
101.5669
104.0544
103.7799
102.8062
103.1857
104.3101
102.1961
102.5832
103.0399
102.4273
102.0456
99.45575
99.71666
101.0182
101.9913
101.3084
100.3773
101.7021
99.24541
97.51854
97.89684
97.2394
98.04664
98.45415
98.43334
97.80067
98.52226
98.83186
97.88239
100.3058
98.54712
96.45229
96.02642
95.45731
96.56793
97.51582
96.88129
96.86616
96.98865
96.71766
97.09449
96.92711
96.07248
97.89976
96.53431
97.27406
95.28484
96.0927
94.88909
97.57314
95.72654
94.68349
95.71275
95.53052
95.01932
96.15277
94.88108
95.24016
96.40275
94.24888
93.5124
94.12689
95.13789
96.22837
97.61013
98.61852
99.37548
98.03184
98.62044
99.24959
96.52375
95.76923
94.61216
95.61085
