230.843
301.5143
215.2629
326.6632
275.4752
193.1928
1054.788
247.1126
209.7228
320.9673
308.3946
205.703
383.2881
229.7747
470.3566
518.7009
308.9543
1358.902
368.4973
355.1906
432.692
503.8706
177.2115
271.8712
901.8099
598.5962
871.4562
256.3185
205.2967
363.8625
346.5123
409.1717
365.0482
231.246
202.4341
179.9569
292.3911
563.5014
282.7012
233.3701
376.1922
183.3294
370.6568
483.8206
774.9257
160.3392
251.3106
205.5765
584.5178
1134.71
422.8013
371.2257
212.7584
273.0974
328.3695
186.2341
269.6942
118.6445
341.8289
1332.41
225.2465
250.3849
362.8809
1219.239
309.1771
362.5042
318.4036
199.9671
574.4711
407.4755
193.5982
523.3662
278.4756
327.768
508.3669
442.3099
610.6439
194.1752
409.7366
443.3143
173.4891
410.7065
680.5885
240.0619
242.5383
205.5741
265.1112
539.9406
236.0129
782.2753
410.8626
538.8195
156.1956
281.4017
450.2199
763.264
533.9221
191.9708
352.9279
223.4109
194.5013
212.9176
1176.402
350.3069
292.876
406.9165
494.045
567.2585
557.3905
462.8131
685.9901
549.7376
445.2163
151.9289
458.2474
336.7486
397.809
281.6362
204.237
759.1427
209.4968
493.7815
182.7643
354.5956
268.69
234.5171
727.3265
352.2947
163.2914
421.2625
294.5612
396.6912
555.5295
220.0491
188.4549
304.2348
301.3742
170.8784
166.6171
243.1663
240.6883
315.7592
302.0245
420.2973
259.5404
521.7955
204.3286
152.4335
277.0122
175.3565
144.9457
211.3414
307.5059
398.3347
169.661
133.764
260.6656
459.0555
280.1022
444.6693
247.1487
668.7425
218.75
372.7799
241.1463
357.8789
357.4545
340.3809
143.8949
184.4973
221.5216
337.9594
257.1795
349.7934
158.0717
347.9075
236.9287
427.42
334.7569
169.5461
102.2645
305.7686
580.0597
529.3068
156.4109
182.0122
251.8621
184.438
379.6338
166.1878
690.8004
975.1703
409.0599
135.3573
264.7221
350.1924
170.0862
277.1009
192.4568
510.6587
191.357
434.6294
714.1254
156.2877
292.7712
314.6197
333.9995
170.4158
367.7698
227.9307
1164.817
699.8788
199.1451
462.0322
637.702
406.2017
369.854
445.7603
524.2432
304.3157
243.8394
458.0997
164.4952
890.1611
222.8176
144.1547
282.937
262.2081
191.558
312.6181
537.5626
205.7563
232.9659
193.6783
348.1649
157.93
519.1825
214.8369
771.0291
539.5143
271.2634
142.8263
361.3985
130.9111
357.8215
249.879
190.9181
243.747
227.5397
234.4296
136.2346
283.0119
324.5883
414.2591
383.2164
394.6564
516.3953
827.4805
277.9701
408.6717
485.4705
314.6782
701.6362
421.7346
342.5737
265.692
406.8899
350.5698
292.4903
227.8197
620.1075
226.7464
1307.926
436.0553
426.6906
428.1134
143.7279
150.9078
838.5316
471.5676
506.5933
221.2034
453.7469
368.2848
575.4446
169.9549
177.7707
295.7945
489.9344
241.5621
177.1101
306.3325
496.2544
283.0496
200.7772
306.0217
182.3942
395.7651
266.6176
406.4254
533.312
499.0129
510.4669
261.6124
449.4985
357.2672
287.6021
679.615
120.1179
91.97816
214.6755
281.4492
260.681
488.3659
298.0482
349.3128
514.0636
231.2612
653.8243
211.5339
452.2822
214.0709
234.4459
385.961
140.8213
214.9972
320.1539
157.539
249.3764
298.7987
250.3485
129.7162
366.7492
217.5355
167.5124
257.1421
152.0866
201.1405
275.7862
282.2126
212.5171
362.0654
660.2374
147.5007
231.0439
218.3734
405.8533
240.182
339.8078
358.0621
303.6729
414.1907
217.1322
176.3117
365.243
456.9563
285.639
227.4999
193.7079
264.7699
213.4383
347.282
436.917
314.6837
765.5589
203.4674
798.7785
183.185
372.9165
587.6358
480.732
314.9026
352.4646
387.7427
201.1981
331.5951
261.3942
458.0939
335.7784
792.3729
478.7468
211.2188
242.5429
423.0611
277.8206
127.5578
136.0431
375.7854
716.221
425.4895
1023.855
100.4255
524.0047
237.617
239.7301
219.875
276.765
369.3746
378.6147
1084.451
327.3675
478.5348
1348.469
482.7711
519.3865
636.632
380.7177
783.0209
685.9705
327.7297
562.2401
247.3481
277.4821
429.2608
594.2959
371.9531
319.821
411.4082
446.911
863.9492
362.5582
250.3209
226.2529
511.1021
274.7507
329.3919
190.9588
164.5522
460.5209
135.2216
146.4835
176.3269
270.5311
439.1186
708.0416
430.307
396.2187
224.7414
391.6441
414.0639
508.6968
437.7769
233.8023
402.244
338.5182
425.3851
124.3686
365.6244
491.6888
175.0226
282.7782
353.7232
295.378
351.2741
341.516
1282.762
220.8429
190.3995
363.4448
1299.022
273.7321
278.698
325.4549
297.451
177.8748
349.2257
168.6509
389.6724
293.5827
915.9373
1857.067
593.8828
244.7642
486.9808
301.1415
345.2763
301.4057
674.6503
207.439
192.3237
382.0632
908.0992
307.4054
637.6478
850.0137
302.5751
823.056
383.7169
215.0532
208.4117
275.8674
298.3717
328.4119
412.8938
175.0539
331.8842
209.8029
463.3785
268.908
238.1121
