264.0248
285.9062
304.5465
264.5436
247.2223
241.6499
206.5738
186.2061
181.5926
219.9507
211.5057
149.9576
161.3477
166.1846
151.0868
181.127
217.4525
188.9611
166.3847
203.17
244.99
228.4292
238.7275
293.3999
296.4213
286.1224
194.2554
208.8052
224.7339
169.9816
226.1259
194.7435
235.436
198.6311
213.689
143.2935
181.5102
184.077
134.8471
167.6804
188.6654
150.1459
188.7703
239.7886
191.4055
174.9205
198.2614
208.2526
229.4335
268.409
241.4035
259.4685
372.3067
328.463
352.7287
486.4176
416.967
444.3318
558.3225
465.4962
508.6148
331.1977
428.2489
532.8811
352.2745
199.6423
203.3406
158.5463
187.1357
173.9597
149.5048
134.0672
146.0412
101.793
90.15733
102.6379
100.6818
118.6009
177.8045
186.1567
209.3449
220.5376
303.6785
368.2082
345.1763
385.92
441.6268
429.8886
565.5062
387.1897
454.9796
326.0646
279.517
212.6264
190.6322
196.4904
168.6321
165.9563
206.9694
199.4597
187.9946
159.4031
122.3567
130.4501
113.6135
129.2168
121.5288
102.0834
137.845
144.8269
123.6908
144.0642
133.2125
190.3384
150.3383
92.56506
107.2163
105.0318
82.51925
81.51579
105.998
166.1187
110.9227
173.3424
203.7079
164.9155
141.969
162.231
208.8327
136.4509
137.5063
174.4441
216.7361
303.6356
259.4137
273.6748
228.3251
264.4221
198.8571
205.8243
141.0527
118.2227
146.9563
150.4403
194.8422
167.6981
221.2214
171.7133
193.23
156.2906
146.4346
138.6593
109.7755
129.3483
109.1045
100.574
76.95595
118.1619
121.57
125.2296
130.3673
166.6946
137.1725
158.025
252.7823
307.6555
368.1763
258.0491
274.7494
340.4656
318.1618
250.414
308.264
202.2143
202.9847
229.2078
193.4787
226.2266
240.5758
265.292
294.8646
260.9766
306.4256
264.2186
451.8705
474.1889
351.5804
282.1973
249.1427
204.7688
245.633
311.7717
285.9435
270.3637
268.4411
281.7231
235.5351
174.9366
185.4507
144.1962
180.0631
129.0841
175.5995
144.1504
135.5705
129.9243
179.0724
172.1615
129.6229
149.9617
129.3998
137.7753
134.4257
107.4834
136.6952
140.8485
138.5268
129.5273
116.9418
114.0027
196.1497
155.0235
123.0602
137.6412
113.7934
115.9228
112.192
132.8525
117.4132
168.3934
152.0301
133.3132
152.8401
197.841
141.6131
171.0019
162.0571
129.8681
101.3401
115.5177
134.1008
137.7399
203.9451
179.6738
122.9805
139.4959
130.416
107.9626
109.2165
145.2529
171.677
200.5913
215.7334
185.2159
182.0203
163.8041
154.5151
123.5056
111.1243
147.5021
160.5602
136.2943
131.3698
151.0083
154.0527
174.1544
146.7166
172.1622
172.011
189.622
136.4038
131.3558
90.02983
64.11986
95.81327
101.0865
122.1607
121.2124
131.5465
135.9753
159.6902
159.9696
214.0071
144.6081
155.9721
157.7884
200.2399
186.833
254.9034
173.7844
196.5179
194.8558
150.6052
151.3997
153.0403
151.3701
157.8225
174.7731
160.7413
125.9166
112.9641
121.4952
142.0464
163.0031
198.4974
156.4065
147.1664
122.9145
152.1985
164.0808
115.7148
187.2278
197.2623
173.955
241.8412
194.0132
167.3752
134.2343
194.3184
192.8209
142.4999
126.613
85.75658
110.2579
105.5593
81.30272
83.18992
79.7976
108.5362
131.8888
105.9451
107.7676
95.98801
106.3496
104.515
94.20192
71.6573
94.99539
84.25333
132.0446
174.954
215.4747
230.9653
190.1153
205.3864
229.1757
183.4625
162.5892
126.2361
149.7611
122.8887
181.2872
156.9618
181.5583
229.6095
190.0211
237.8274
213.38
198.6821
191.8844
275.6039
247.3234
239.33
210.8713
203.9796
211.1359
181.1355
173.1124
179.386
188.8635
194.7103
170.6367
145.1471
150.3008
131.4643
116.7481
141.2442
161.2089
134.7729
132.3071
95.18801
101.0328
157.4569
177.6314
244.7573
219.6867
171.265
177.4357
188.4899
173.736
208.3269
192.1539
185.3991
183.8716
215.8714
231.0803
212.239
200.84
177.5298
169.8105
138.28
123.3323
119.3592
103.254
127.8771
159.0027
127.2186
158.1899
123.5987
118.8434
125.4157
151.1265
112.7735
127.4375
141.5548
137.2252
124.7867
127.9488
181.3202
168.9664
180.2404
187.8106
172.2399
187.002
250.0653
226.5736
222.7028
227.5386
199.1803
281.6882
352.9553
244.7562
234.7589
191.6325
147.3276
176.9348
163.5061
149.3496
120.0609
138.2428
165.4633
138.6277
95.55278
108.5547
117.2468
120.056
128.0547
128.7201
147.8356
171.0036
182.2779
178.3542
178.519
168.2226
254.6243
264.7837
216.4965
258.9374
210.3731
273.3388
198.232
160.5187
176.9934
223.989
194.4031
238.9158
200.505
221.3925
240.4394
251.6195
323.6361
291.3969
360.0185
323.4971
238.3774
258.9443
277.8226
239.5429
184.3056
124.6234
138.7851
115.2747
91.65451
154.8683
137.0119
158.5649
183.5439
189.4341
130.6348
200.8359
145.0445
218.8373
202.3376
190.1645
153.8815
116.7604
100.717
97.78072
129.2427
142.1927
