105.9998
379.5071
180.1875
468.9739
193.9949
213.22
117.4021
246.2721
227.7939
283.8479
250.8877
143.4749
431.4646
550.9226
229.6049
385.7888
269.1235
234.828
212.583
277.2897
189.6326
117.6751
173.4971
318.3019
451.4481
148.951
118.1936
116.4094
178.2493
244.1796
250.0358
375.2723
485.0388
179.2285
335.9053
344.6043
623.2833
212.0024
138.1973
127.7205
426.9672
245.9361
113.6012
308.1019
445.535
236.344
251.3669
219.2614
342.7396
309.4788
136.0154
129.9144
441.656
256.3133
160.5802
295.1845
210.455
501.3271
449.4083
498.2052
322.3846
267.5678
304.5057
154.563
372.5364
587.1436
384.5289
219.0319
366.769
264.3137
177.5924
404.8308
477.6071
184.4398
647.5973
152.248
257.9318
268.9186
210.395
203.5799
138.715
89.04591
748.8429
265.5033
220.1198
200.5347
212.6615
246.0586
798.9541
270.8666
357.8032
207.0161
396.2988
250.1206
238.2202
371.5609
432.9022
241.5756
165.5906
156.4509
232.9025
1175.746
225.2767
154.7217
254.2619
524.8535
476.0959
244.1232
489.681
248.4378
146.4925
333.231
213.1896
170.5195
173.4694
240.4269
97.62517
207.3328
378.7673
132.9544
188.1143
182.9507
529.3507
304.8374
356.9696
233.1047
340.108
458.8558
169.3593
265.6638
132.1404
720.4053
365.3237
663.1864
123.0041
364.019
277.0051
342.5694
259.4596
274.1483
133.136
163.6234
536.8124
326.1799
249.788
215.5918
175.4124
275.2927
420.7478
593.5858
226.0301
462.4529
170.0046
173.161
241.9852
105.2663
511.5861
167.5338
269.5297
328.9474
216.939
209.2262
130.0988
168.5211
255.3536
560.4361
517.3457
147.7127
265.9097
542.0054
722.5832
270.9308
863.9492
123.3724
385.4177
672.6755
238.8149
116.4839
211.4541
207.7366
146.9582
253.4432
471.5574
138.3807
129.889
139.4425
248.7938
602.3597
588.6465
337.651
182.7774
210.6558
236.7295
354.3195
427.187
372.7251
426.9637
160.6581
145.3267
169.6568
253.6353
334.3926
167.1342
210.9988
233.8212
218.8037
281.5638
274.2111
144.4691
186.3051
252.4092
311.9574
364.4427
132.9743
327.3584
224.1789
280.8414
273.6143
311.9296
832.4657
489.9135
222.0127
297.0699
408.0177
245.0011
867.598
668.0277
351.7338
335.8618
263.1491
197.8368
193.7203
166.5817
162.5687
417.3988
272.6957
204.257
283.192
127.179
211.2164
166.9097
239.8278
82.31086
252.3539
241.6655
699.1655
566.7651
422.8354
375.8981
518.7778
314.7072
235.0837
221.124
183.5906
283.9151
215.014
575.9809
494.5911
285.8271
99.33043
326.7287
127.3076
170.2539
239.8579
339.848
151.0343
99.11096
264.6233
278.3225
201.3266
176.8218
273.6096
544.9431
232.8389
443.8488
237.7305
383.7837
199.0701
473.9136
302.9965
260.8643
158.4161
210.0323
317.8547
523.1113
361.4379
317.3566
268.8165
1472.422
246.7849
346.1552
221.3748
160.3228
172.119
201.7205
168.8975
272.6927
224.3666
213.6116
123.8252
173.3768
239.3951
264.9604
352.3989
142.0143
315.8572
168.3933
132.109
236.3865
383.7592
151.0297
194.4342
113.5556
425.0044
201.5354
417.9938
342.6449
160.8123
337.7354
132.7616
184.4123
129.2614
815.7212
266.4643
324.9319
451.7266
182.4373
1041.411
301.3388
243.9327
745.7569
358.8354
182.78
182.1537
174.767
152.3198
405.9305
360.6047
201.9767
203.0884
691.1931
263.283
137.9203
354.6768
241.1552
243.3199
233.9121
147.5327
158.4585
202.0677
219.8888
222.6679
315.5494
431.7591
258.7853
178.3242
305.1851
394.48
303.0129
230.4202
281.4392
168.7088
303.1294
270.7988
198.0301
148.8263
145.6027
209.7986
174.0755
159.64
294.6266
414.4162
447.9769
396.7103
127.8097
375.9681
322.5605
222.7527
340.2048
201.2151
237.7203
250.4246
157.3456
158.5971
221.6844
242.2621
571.1559
129.5879
199.8391
267.5518
166.76
157.7793
324.9123
273.3566
205.2933
1062.323
352.4294
361.4375
261.0902
344.9123
262.3025
208.4599
137.6512
222.8203
505.6032
270.0334
153.514
210.9074
150.2559
228.9558
388.8666
155.7103
304.269
407.6479
614.5599
187.6094
164.7726
266.4096
473.9649
181.9157
202.3913
264.125
148.4008
517.432
227.1537
163.1127
229.489
190.2812
127.5975
530.4346
205.494
202.909
231.853
270.4455
522.8762
311.0976
149.112
160.2754
219.4002
208.2941
315.5321
219.5048
238.0842
634.4204
446.0654
333.7374
364.651
202.5563
263.1595
644.3149
418.1136
228.2877
629.2163
219.9201
429.5273
116.7791
386.6711
267.5374
197.566
332.9959
205.2158
266.8896
413.3972
349.2103
320.7451
239.9332
225.9384
692.4139
201.9935
576.4605
173.4683
158.5379
594.062
385.2845
538.7582
157.9187
160.4133
380.9765
187.5922
299.8239
529.4333
368.0988
310.4097
193.5491
588.9639
477.1465
215.5283
120.3606
302.3548
120.8069
362.6328
154.0516
171.8732
287.7735
244.201
233.7029
606.5475
107.4586
174.826
149.0728
