62.58804
80.45672
92.59208
74.63522
83.85453
83.42524
85.59174
87.23416
90.32733
99.5904
97.48584
85.7634
101.3712
94.30817
98.2507
92.75607
81.60471
87.25016
92.32566
95.04647
81.08604
86.88047
90.12674
93.28174
88.99128
69.87129
84.35145
88.90722
89.89979
84.29786
97.85347
94.54177
101.7185
84.792
96.47065
98.14079
84.14405
85.79944
94.43432
102.401
98.17716
103.7211
96.51641
81.76663
76.36201
83.83509
90.90835
95.53417
89.58479
93.60997
90.22723
93.03122
94.27046
84.53978
81.09146
86.94813
103.5857
103.7135
97.72777
94.09191
98.58518
82.94566
87.75563
106.3666
95.20405
82.51699
91.72083
96.62423
99.88764
94.6748
99.06719
94.79689
76.56217
103.7324
94.31443
82.62459
84.64309
84.26258
85.00223
81.52892
80.32228
94.48954
105.3627
91.46415
93.9024
84.29424
95.70461
91.28172
85.52518
108.9145
99.7458
79.72294
96.28856
106.4677
103.6952
71.51044
90.74417
103.1347
102.9574
87.73275
93.37706
85.8615
75.76755
91.06619
82.68888
78.65463
90.96866
99.86159
87.30347
106.4431
95.2719
81.74962
86.41529
113.2986
88.28382
91.62601
86.21608
86.47025
97.94397
88.33375
85.0801
87.74919
92.19766
107.0656
100.8725
87.46939
76.61533
87.30842
87.29044
92.08134
102.1044
89.00944
76.17054
76.12538
88.83087
88.8907
82.3509
100.3834
88.93801
81.97296
100.6498
74.92302
76.40687
79.55544
85.24953
82.61664
101.4848
86.84391
84.82004
93.50732
78.62355
86.65576
102.9277
104.8095
98.50509
107.602
78.77539
97.56346
92.44986
93.1284
86.53432
104.8173
72.87205
86.65619
99.11611
85.96369
95.68775
83.05647
90.07135
112.89
95.79958
99.62574
95.11562
96.78447
90.07932
80.68327
89.2448
93.86262
87.0064
76.04599
86.41603
98.16073
98.13158
96.86191
96.22609
102.4236
99.00815
90.4245
92.47558
94.62238
84.18138
93.11198
105.6621
83.52788
86.75766
91.42846
88.49729
87.26045
89.36169
90.67491
97.34029
79.30189
74.34473
87.8212
97.15203
90.70293
91.83069
106.3122
87.84723
87.08235
85.97988
122.6778
92.03659
102.2708
92.55606
86.15865
88.70338
88.29328
92.37208
88.89019
81.41064
116.0393
96.55232
102.0698
79.78088
102.1824
88.66357
89.23036
87.53748
92.68046
80.57277
92.43363
86.24697
98.35886
97.70007
88.49854
89.1633
78.37553
85.09176
76.57268
91.42132
96.52276
86.77785
98.23733
81.63487
99.88986
90.37609
99.6049
89.38316
95.38941
81.32011
84.89104
79.15337
81.88692
86.08676
93.20432
83.60469
77.86198
87.14871
104.7429
105.5006
89.32161
87.71465
76.62479
85.30693
100.1423
99.86224
88.07036
92.16969
102.9393
83.21957
77.6065
106.5367
84.52245
92.30152
83.47488
81.29025
76.28949
89.44843
82.47943
98.7074
110.6588
91.51389
88.61296
99.35594
81.0848
79.52694
92.04638
90.25407
71.25236
74.26563
87.12553
85.16518
86.61663
110.4748
92.28117
97.51351
110.7401
89.44512
77.71959
84.57141
89.07192
87.98146
91.0466
94.35998
85.1589
90.8333
102.6104
92.89732
99.55074
101.6384
83.2943
77.68122
86.62463
84.62576
100.7296
88.0635
85.83319
103.0376
104.4102
105.8603
105.8737
92.83127
89.24822
88.92677
88.8612
106.4695
82.59298
98.81928
86.77325
89.66891
87.83659
78.81217
76.42896
82.61734
84.04509
116.5635
100.6566
82.38701
76.41149
97.66948
77.75892
90.52448
90.18514
97.58463
85.30647
88.0495
73.95729
95.39254
97.47192
87.61384
97.17589
69.89786
89.88264
101.0577
89.6733
100.4155
87.21165
86.18097
109.0556
78.20601
86.42221
73.79433
88.62027
80.2722
90.30382
87.75091
90.80245
84.24201
83.41449
94.07909
85.82487
97.85906
94.39788
88.33088
89.44035
96.44503
85.99587
96.13073
101.975
90.95352
71.34059
75.12988
90.37115
96.7966
105.8242
86.6031
86.95652
93.60746
88.50471
78.44274
89.25545
93.75814
111.874
75.51738
88.51087
100.1567
96.25416
85.64644
97.28879
105.5209
73.00351
92.11992
95.70474
89.57704
98.44077
100.1921
99.91103
72.95084
84.79498
85.26418
92.31914
81.35902
91.94876
95.94561
82.19474
93.94866
91.16757
95.84654
89.83526
79.51723
95.05427
83.86332
86.93137
92.90723
92.83795
90.65904
96.35985
92.93923
92.20956
91.3592
101.1494
87.59148
85.86893
80.28836
74.14363
81.82318
74.51599
96.22351
94.39587
99.62212
83.44241
94.69516
97.10385
92.32815
94.78206
103.6854
91.06075
82.60732
89.91209
78.702
82.28257
94.8304
92.77112
96.55223
94.61597
109.256
83.78487
78.74619
89.01584
84.06593
88.04388
97.02964
73.38665
90.08073
86.95707
101.3279
78.7653
89.23401
86.51328
94.24965
88.27533
79.19888
90.38304
90.59873
67.61597
82.64366
97.3904
97.29976
105.8468
84.92883
86.2479
86.88479
92.67954
96.02905
94.70101
88.71925
86.33743
93.54896
95.30179
84.16406
91.42536
88.32987
94.75748
90.9785
97.26286
107.5079
96.41535
89.37528
81.94548
