47.67757
22.06939
21.40237
16.75994
20.86365
20.99281
20.93858
24.79859
21.88652
21.1389
12.81529
14.05195
14.71443
18.69567
20.18821
22.35863
18.32516
16.40486
15.048
20.80613
16.40833
19.96021
19.95829
17.54746
19.61853
18.22412
18.31451
19.78482
14.08819
10.73885
16.30649
15.36181
21.36726
21.54391
20.57512
20.43905
20.9323
20.0294
23.52262
28.79644
21.82393
19.2231
19.98647
23.97419
21.79658
23.07085
21.96904
24.53252
23.64251
23.66511
23.89953
20.6333
15.98797
16.10191
19.54582
18.28174
20.91307
24.47814
22.91411
22.9002
18.33572
17.51069
20.32915
21.02475
21.75091
19.50045
26.4416
25.31581
27.27575
23.76436
22.13505
22.37301
18.24721
21.34015
26.0814
23.70781
25.12859
24.01127
22.1259
20.11785
25.15425
19.65117
26.08974
21.50919
17.20651
15.11313
22.78584
24.24042
20.72184
22.03803
27.75225
24.57085
14.84246
16.80052
17.01218
16.11649
20.00628
15.79314
15.82579
16.90741
16.93266
17.09127
15.95959
23.00221
24.34402
26.99412
19.12466
21.67484
18.815
20.67728
13.0001
16.03246
22.46957
20.2299
17.9457
19.89224
18.80447
17.25921
23.42224
18.9359
15.47731
17.0247
19.42796
18.01639
21.8214
19.85468
21.17862
19.26466
19.92308
22.25149
19.30047
22.41497
24.01715
21.79448
20.60184
20.04795
20.81958
25.91579
20.69288
21.23283
22.55691
19.70295
19.45836
18.65473
20.92742
18.14754
14.66791
15.851
19.42561
24.91638
26.50194
19.94529
27.39697
33.18236
30.83417
26.13882
22.63081
20.74324
16.85374
13.4154
14.24072
16.75858
15.95308
14.82292
18.49308
19.55142
16.57118
17.16149
15.98933
14.61237
15.52787
16.52064
17.33065
13.26669
12.78753
14.97511
16.27065
19.87247
13.55422
16.49952
17.82374
18.66293
17.65854
18.99266
21.19133
19.43814
15.7366
20.59679
22.61225
29.73199
25.05386
21.11075
17.57327
22.54286
21.04857
19.23228
21.95847
18.69896
13.75822
14.39563
14.69637
21.45647
20.29452
21.22733
21.9015
21.31683
22.24714
17.80345
16.22033
17.26946
21.04752
20.51319
20.52537
22.44641
28.03307
24.60798
22.8882
19.18526
16.31281
20.41134
20.0626
22.35784
24.9535
21.41618
25.90409
29.46901
26.47954
22.98446
23.82765
28.17687
20.88264
24.41958
19.13137
26.1968
22.04556
16.85589
18.53974
20.54022
26.41263
23.54373
22.13984
17.42765
21.23763
22.08481
19.86102
24.89272
25.72282
32.88864
22.34385
18.62378
22.94639
18.61012
18.83109
18.44379
16.43153
17.0653
18.3207
17.90806
18.16381
17.33052
18.50195
21.64611
15.47247
21.26201
29.12582
34.11879
24.00992
22.14213
19.81061
18.80637
17.25759
17.41504
19.09679
16.98479
19.7354
17.43087
19.27959
12.86455
15.71515
16.90474
20.82843
21.5826
17.0405
16.19468
16.7058
20.38418
23.57627
21.26149
17.32894
15.94837
14.36036
14.80451
16.82396
15.52204
17.02801
18.55624
23.74893
24.7272
18.66884
14.06779
14.23925
17.57879
18.00018
17.92477
17.97031
19.40747
23.53525
26.88182
22.32883
20.60569
17.89033
19.29622
17.89878
24.40047
27.48157
25.86259
17.74429
15.46472
14.34263
17.81908
20.81756
22.40192
24.7387
20.51352
25.12179
19.61621
17.6165
19.14342
19.68658
16.29178
21.75348
18.34423
15.95556
16.98937
17.36321
22.58289
18.12692
19.43118
17.19215
26.07667
29.62033
23.80826
20.66788
21.32046
15.68879
17.3503
21.79344
24.24621
21.60972
23.10794
22.16453
23.13411
17.85219
18.80284
19.53445
21.23399
20.18322
23.55261
21.1728
26.32115
20.56577
23.12138
18.73516
23.89985
26.02928
25.50207
27.85106
20.11412
22.38227
19.36352
16.6575
18.73247
15.55371
16.21086
14.62382
13.36729
16.61249
16.03588
19.31512
17.57967
15.93236
13.56394
15.31331
18.49923
18.79463
13.59858
21.00688
20.17755
17.23493
21.10559
24.413
25.06268
23.00464
21.57686
18.4996
14.62138
16.32047
16.41491
16.74638
17.98352
18.13254
16.17672
15.33978
17.55649
18.32708
16.3494
19.35283
20.10683
20.54342
18.89639
20.91493
20.25454
19.09219
22.27873
24.41162
18.76152
18.73388
20.61848
23.01942
22.03776
21.91641
17.35632
16.38751
21.14767
21.8534
20.3377
23.21563
16.54557
14.88659
20.16942
18.07562
19.27989
22.14144
21.28004
16.55919
17.14489
19.75046
22.75099
18.26035
19.61503
21.70934
20.90486
26.33483
20.49634
19.8576
19.1869
23.478
24.34861
24.80718
20.18627
19.25087
22.62619
21.90128
19.20838
19.4154
17.4206
20.29909
20.65278
23.88437
21.00283
29.84964
25.75367
28.16107
20.74493
21.78527
19.31667
20.46037
17.48937
17.01322
20.90899
24.21311
25.88064
26.18331
25.42195
24.5445
21.28076
23.66189
18.09045
21.48682
17.46063
16.25421
17.78335
17.87741
19.16519
23.92996
18.94183
26.49545
23.12346
20.06721
22.48511
18.53081
19.73099
17.46876
21.67909
26.77737
17.76401
15.77106
14.23898
16.52683
14.30623
