87.51773
88.16013
87.62179
91.82689
92.02061
94.24986
94.51217
90.13576
90.4187
93.76669
94.33862
88.91374
86.13571
83.27405
80.91606
81.76387
84.20222
80.74694
79.54238
83.18665
86.65825
83.51895
86.70198
87.16706
85.97271
86.34624
83.58968
82.74641
84.23296
82.41929
79.4705
83.35648
79.4118
73.49268
70.27682
72.19356
75.04369
76.80329
79.72432
76.84064
76.19707
72.23755
72.78846
75.34173
80.07178
79.09965
81.95113
81.39137
81.75642
79.03152
79.05773
79.41464
81.3289
78.43207
75.69492
73.78467
70.90282
74.92789
74.52267
72.12558
73.03715
73.56265
72.40464
69.71458
69.78444
67.80809
68.83792
69.87032
68.56397
67.49605
68.29983
68.53129
68.58756
70.97967
71.7271
72.90241
73.6715
73.5603
69.29245
71.21173
73.87411
74.62131
72.67501
74.90967
76.3876
76.13051
75.26167
75.4975
77.17261
76.34566
75.02833
76.3638
75.95082
76.14517
77.81172
76.99397
77.14245
77.02934
77.22867
75.82659
75.83091
76.1725
75.61051
73.47943
72.08647
72.84629
75.35776
76.92725
76.982
77.02075
78.1131
78.56935
76.5542
77.29028
76.90684
76.66834
75.28396
77.04891
76.97003
78.22077
77.45756
75.7829
76.00023
75.63787
75.42067
76.55825
75.24733
75.03139
73.28843
73.41061
71.17513
70.66881
70.15107
69.5725
68.85418
69.71829
69.57417
67.07744
68.61021
67.70526
69.53034
70.28514
67.83335
66.58487
67.50184
66.92774
66.90018
66.96377
65.47552
65.91272
64.80109
66.17425
65.02769
66.75965
66.06392
65.24578
65.57999
64.65271
63.33439
62.33609
61.45126
61.78525
61.16663
59.87824
60.49207
59.4627
60.11805
59.03006
57.25303
57.21216
58.42718
58.81833
59.76429
60.81384
61.56229
60.39408
59.48766
60.53072
60.5988
62.16212
62.12169
61.31948
61.69847
62.08489
62.98281
62.63676
61.61494
61.32943
62.28108
64.03023
63.37476
63.47649
62.50632
61.85274
62.64657
62.5025
61.65921
62.32954
63.84876
62.11939
62.56992
62.996
62.98268
64.00976
63.05196
63.53669
63.33703
64.46739
64.83442
64.76379
64.37197
64.34502
64.1942
63.61877
64.27617
63.07241
62.90628
62.95769
62.12877
61.74065
60.56661
60.06852
61.05499
62.846
62.4297
61.61512
60.67113
60.37997
62.55117
62.45024
61.72834
60.69027
60.36699
61.37098
62.15447
62.2601
62.99258
64.45374
64.92547
64.25554
62.66811
61.81726
61.12486
59.59952
59.74932
57.84402
57.01265
57.95963
58.38521
58.74211
58.81596
59.33858
57.99559
57.99279
57.71208
59.92214
60.81531
58.9881
57.54537
58.2428
58.10453
59.88404
60.44662
61.11299
61.30414
61.99247
61.30846
61.43146
62.66996
62.31534
63.08458
63.35806
64.32309
64.09452
64.03706
63.55265
64.21751
63.33985
64.52602
65.25464
65.10154
64.23051
62.97927
61.48227
61.13033
59.99744
60.83877
60.57024
60.84102
61.35089
64.76145
65.01125
62.8056
62.39555
63.7488
64.4397
66.32391
68.95802
70.50902
69.89868
69.68529
69.83472
69.11718
68.88686
69.3564
70.88498
70.11589
69.61087
69.63797
68.68285
69.87322
70.80543
70.06964
70.01532
72.72315
72.27654
72.92223
71.76247
70.63848
70.62809
70.20346
68.83851
69.62494
69.01004
66.82619
67.82832
69.8263
70.30952
70.28049
68.51903
67.98213
68.93779
69.67914
69.16911
68.96349
68.53218
68.51637
69.03611
70.71495
69.43312
67.7423
68.05649
67.601
67.89393
68.56901
69.08609
69.56129
70.50742
70.52682
70.68434
70.3303
71.86223
73.46954
74.03357
74.22771
73.18961
72.81709
71.9748
72.26873
70.28626
68.47288
68.25706
69.03525
68.69524
69.95459
68.09635
69.3877
69.82426
68.80005
69.2249
68.88434
68.25989
69.80475
68.5323
70.00473
69.31641
68.92254
70.90239
71.36988
71.74623
73.95638
72.76635
70.87313
69.73073
69.72875
69.54139
69.20428
69.75612
71.12604
70.49614
69.51503
69.93997
69.67645
70.18438
70.0674
71.63245
70.74453
71.43486
70.71479
69.7642
69.09175
69.03954
69.26566
68.74626
69.41399
69.39845
70.30587
69.42525
70.69812
69.48088
69.26783
70.69399
70.19847
70.73703
70.95628
69.8913
69.39917
68.22903
70.118
70.63737
68.99561
68.75928
68.34012
65.74528
66.79834
67.32873
67.93981
68.943
69.03677
68.72568
70.34224
69.07375
69.91134
72.26817
71.64947
71.69744
72.98838
73.68912
74.37938
74.57589
73.53456
75.25593
73.40586
74.03633
75.95595
75.77515
78.11824
79.07075
78.88069
78.63341
79.9274
79.76361
79.39732
79.43624
78.67288
77.23674
77.38954
77.87214
77.62824
78.34377
80.13276
80.35392
78.2299
78.57667
79.75203
77.98694
78.0547
77.55125
75.65057
75.53866
74.64447
73.4049
75.47196
75.66994
75.01853
73.23044
74.00737
72.9124
72.38707
72.43842
73.17256
73.98458
74.14524
74.16047
71.42192
70.38915
70.6744
70.33408
71.41867
71.26483
71.8695
70.54155
68.89813
69.64341
68.78321
68.00459
68.16667
66.03782
64.83446
65.65228
