364.3038
333.336
274.2831
56.16167
62.60646
56.82961
58.44265
59.99253
62.12201
57.65007
51.74836
56.07685
59.47856
56.16241
56.83055
57.94687
55.9536
52.65828
60.65222
57.1998
59.06321
60.12311
59.45401
51.98734
58.8031
60.26048
53.57539
57.56454
59.40686
47.47665
51.50784
53.69803
57.83562
59.32711
57.52123
54.90922
52.6433
60.1723
52.62828
50.49516
54.73011
53.08884
55.79858
56.52461
51.04334
54.5447
55.47446
58.09737
50.37976
58.06661
53.56353
61.68024
52.31079
51.34918
49.50496
58.82101
59.37244
54.15618
56.42154
56.19016
53.42881
56.03393
56.59124
58.92129
56.13427
59.17361
62.81033
53.76057
55.80351
50.60955
51.18452
51.24548
57.81931
56.84062
57.58656
56.99628
56.92623
58.02596
59.15837
53.36664
56.00316
51.16239
58.02575
57.54702
51.96124
55.82048
56.83693
52.02814
52.3758
50.6757
56.9753
55.17503
54.70982
55.53148
52.48766
63.69657
54.15904
58.6271
59.92851
62.47537
53.11947
59.64349
57.2665
52.28681
54.84192
58.52273
54.29847
53.29153
62.71273
60.65721
55.00982
56.62186
62.60198
59.27429
53.4482
56.24194
57.46103
59.22921
56.02639
55.20533
55.0078
64.85585
56.46705
53.5717
54.01687
54.62546
61.06737
53.76998
50.25194
55.78224
53.31016
52.78615
57.7885
56.29346
52.08705
53.6898
60.08381
55.13377
55.42749
54.33282
58.02426
54.87602
54.18783
55.41095
61.6085
55.79811
51.58694
60.86705
50.04031
52.14916
59.95954
52.69004
57.21226
55.48891
52.61057
60.47585
54.42906
58.49099
54.15865
57.70562
58.4014
58.78632
56.89745
52.50977
54.42378
55.79335
55.30885
62.47725
59.65136
57.89751
57.26376
56.62953
55.47642
56.44673
54.54632
58.57442
52.42942
59.07737
57.85943
48.4269
52.02408
53.42885
53.75221
57.68996
56.57414
52.51921
55.87591
52.25701
59.01157
56.41388
55.37505
55.16911
59.74128
56.78527
56.54184
55.92329
56.66807
56.48891
60.85876
55.67212
60.97106
51.90704
53.87302
62.35988
55.37808
52.18105
66.61634
51.74102
55.16264
60.06848
59.36051
56.66093
57.02929
54.02795
62.46503
56.77386
59.14704
58.51256
56.88374
59.53337
55.79001
56.08171
53.99155
58.60078
55.66944
56.53632
51.65526
56.57246
55.6707
52.12378
53.47899
60.34458
51.98676
59.70792
55.72199
56.69731
54.44932
51.65161
54.41106
58.85654
59.69298
62.99049
57.39588
55.52363
53.32798
57.47158
49.1448
56.5691
54.15075
61.34727
52.57353
59.29287
55.15539
53.35707
51.72721
47.94456
57.11201
54.43911
59.21915
56.84527
59.46916
58.17332
60.39468
51.30793
54.51001
58.43668
54.53759
54.05088
62.03009
54.8854
54.74104
52.80122
56.57435
62.90134
53.74505
60.53519
54.58436
57.84096
52.43286
59.28222
55.31358
54.89034
54.97822
62.45001
55.13091
57.99728
60.91134
58.27813
54.29337
54.42826
56.01745
59.31444
59.17398
59.17408
61.09298
51.24547
54.67998
51.71834
53.75115
58.4649
55.55907
56.15688
55.05192
57.83294
52.24418
56.47176
58.35036
52.21133
58.17302
55.18786
54.00649
55.86109
58.50683
53.77719
57.04302
55.60595
54.4677
56.54855
55.26607
57.56146
57.29024
58.84057
53.41434
53.97521
52.77653
52.09447
52.13589
58.97046
55.3382
59.72198
51.19846
52.87096
57.11495
57.42323
53.69504
62.1754
57.03216
52.84222
56.54597
48.04293
58.3974
58.57759
53.15661
57.30424
51.9574
54.98767
56.82
56.92459
57.75195
57.65047
56.87911
54.99675
55.97523
53.54497
57.10156
58.24783
54.53264
59.73652
60.40591
57.79841
62.59608
56.04859
53.52792
61.73623
55.26261
59.67061
57.23358
55.71949
56.51629
60.95216
57.23463
57.41532
58.5123
53.94547
55.27129
51.78158
54.22738
54.45527
51.45209
57.78813
54.2178
54.66976
55.54673
60.89119
50.23147
54.61753
52.68341
54.67124
62.04696
49.98088
58.43878
52.72449
55.69769
52.32025
57.491
56.75648
52.87352
53.20839
58.19326
54.98301
58.63745
54.61336
55.54501
55.90766
59.96665
53.11196
56.16822
57.57648
54.79893
58.49845
65.41595
55.89534
50.54745
50.99013
56.92318
57.45985
58.40837
58.17621
54.92894
59.04744
55.39118
60.32017
58.55629
56.84578
53.32956
52.22408
56.16431
59.34011
49.1784
57.32415
59.02189
56.92626
57.0734
54.57739
52.34145
53.29109
55.61268
54.53559
53.69591
61.66219
57.04489
50.39599
59.91231
58.3101
61.16716
56.75171
55.60402
65.00912
58.24329
54.40618
57.40113
56.46717
54.44124
58.23259
54.2417
58.5456
55.95907
50.73327
58.12247
56.54864
56.53244
54.68664
59.68835
53.8319
56.04773
51.87391
58.16757
56.95843
57.20935
59.1232
52.79152
59.48612
56.33763
56.44269
57.89057
58.9359
56.89766
57.01201
58.52748
50.55603
63.12503
59.3669
62.11421
60.52846
53.55828
51.03462
61.17434
51.67964
54.00545
51.36693
55.43123
54.96731
51.51239
54.14555
53.82205
56.66288
63.19529
55.69668
53.67272
55.32402
