264.3081
355.7563
242.1277
411.1898
166.288
909.2402
125.7718
196.8533
180.8387
153.7509
454.6031
152.8583
457.2309
157.821
462.0126
228.7589
444.8695
248.0105
159.5542
321.846
155.3647
303.2666
185.3205
489.2051
189.0863
603.6326
212.7972
221.6856
231.8878
211.7939
102.4278
222.4952
144.893
235.9581
597.4056
1103.795
207.5673
779.7581
1398.968
207.982
178.8626
898.9583
343.7006
299.8597
298.7909
192.084
240.7305
206.0118
287.2396
348.7516
306.4358
208.2117
293.3728
140.3096
180.5922
284.9213
166.0838
225.5756
202.3863
211.2211
354.2416
456.6193
341.8571
401.6638
257.7205
284.4459
567.9117
337.8739
279.5162
596.7983
415.9782
285.2276
224.3791
796.1538
241.4956
228.6608
414.0332
295.5621
349.841
79.47359
240.9225
266.0256
357.1964
346.0525
301.9643
257.9902
379.2678
159.0364
767.5482
705.3288
344.974
201.3517
138.2595
105.2849
311.4276
287.053
375.8652
313.0856
773.2571
299.4003
194.1397
250.001
370.4796
354.4715
767.66
151.601
213.4321
226.2504
630.425
185.0752
180.5311
589.3254
168.9678
280.0703
198.1991
291.3189
158.1612
465.7391
173.5888
377.7577
160.5018
289.8557
336.933
373.5992
605.0399
262.7646
553.0445
331.5046
202.9899
197.7733
354.5526
127.4828
642.7585
339.1556
465.1627
322.9632
886.2908
209.8582
151.3237
194.3588
186.8696
413.4443
252.1415
175.6646
351.086
259.3194
186.7069
410.0299
146.0467
270.7691
227.8741
120.2772
465.3836
204.6494
253.1188
258.3778
379.3238
143.9591
187.3851
135.241
198.8108
364.0645
232.8213
148.6342
324.4187
265.9302
365.596
314.4465
233.9356
307.2565
129.9526
1041.826
204.5097
414.6184
360.5184
565.7912
324.5112
429.9575
164.8689
147.9487
411.6893
271.3691
596.6926
175.0614
107.6443
647.449
344.3829
477.3263
534.8153
244.5531
165.8269
231.9704
118.9671
270.8292
203.5226
203.8373
281.3205
168.6385
196.6887
165.6479
356.0168
300.0643
215.5831
391.2903
430.5933
350.7908
160.5838
167.7419
157.6553
1045.799
295.2375
212.1118
310.2161
218.1638
201.5783
158.6678
249.607
360.3505
306.8147
350.2357
187.3318
233.9234
146.7757
221.2485
249.4757
248.4246
409.911
339.3194
194.7799
209.8042
754.57
339.2222
562.299
179.5389
140.1084
176.5154
528.4259
218.2666
391.9147
252.6278
398.0631
364.2466
441.9395
219.6514
292.8457
199.6959
387.7326
139.315
226.1316
340.2909
193.4054
275.5561
618.1043
359.0117
186.9204
914.3367
375.8984
160.2093
190.2655
304.4936
487.7922
346.6662
433.1203
311.962
502.9491
226.4192
185.3686
112.3201
452.5377
249.9113
155.9244
237.0635
148.9863
184.4344
372.7624
293.7027
315.1402
338.504
537.1802
166.8166
775.8842
167.6207
271.9501
486.0485
799.9092
466.4112
485.6919
154.5034
284.7617
268.8491
192.7706
286.1484
162.6412
198.4946
251.9871
446.8803
304.8584
557.7767
247.1261
286.1071
388.683
335.7414
229.0924
117.3137
466.3128
461.349
267.1551
208.1489
271.9529
408.6132
242.0088
166.3265
191.1553
169.175
189.7883
146.7874
326.6029
294.7891
380.9597
624.1629
146.0788
512.3479
765.702
162.7988
621.3321
182.8726
284.8395
167.5334
194.9929
316.1351
210.5449
230.7173
177.7496
452.6933
192.9677
465.9925
378.9307
375.0706
765.5205
303.817
211.8982
138.5533
334.8578
748.0019
326.6049
322.1347
136.3352
128.1681
265.5999
292.722
288.023
253.1062
1273.13
373.0093
181.6164
514.1633
307.6765
270.108
153.9111
567.2974
910.7335
244.5755
262.3506
324.1681
103.0231
178.4219
240.067
354.7965
191.5349
258.1736
281.4602
191.666
489.2754
1116.121
429.3333
188.3498
184.1142
246.0927
188.2231
251.8911
178.7352
156.2453
268.6917
106.2513
259.0646
170.5648
361.0725
365.0428
219.3954
172.1709
275.5024
269.5394
328.5231
149.3703
282.9121
163.3746
293.3369
179.0365
269.9531
206.0707
358.0191
462.1388
522.7236
319.435
212.5487
136.7228
167.9674
464.2926
335.0802
323.5958
375.711
249.312
532.6756
272.9732
171.4315
338.7088
667.7486
198.0322
202.4265
702.3109
245.272
378.1796
199.0339
169.5471
271.9763
550.0277
243.0189
380.8776
169.4998
470.394
145.1818
354.6732
187.443
147.1469
333.5064
362.3713
149.1352
281.0593
243.4726
294.5148
661.8148
219.5884
223.1392
463.4395
219.1082
148.6025
366.8918
650.0317
513.4059
363.7411
448.0282
394.7116
269.2547
313.0187
202.1925
218.807
216.5099
271.2219
160.5618
179.9956
188.3966
223.1724
345.6987
124.9743
272.3744
323.6257
371.9121
164.2805
186.4523
208.4354
347.811
760.5011
194.2869
329.1504
143.2291
533.0496
294.3203
258.1347
299.9315
386.3026
304.438
330.4464
271.3611
265.7533
178.6378
189.7065
135.197
155.8966
550.9786
180.2866
562.1452
651.4449
708.1032
396.2105
258.8263
790.7993
380.7839
317.3274
558.9669
262.5271
