1894.964
716.4292
1334.207
904.7339
1877.615
926.7905
1247.72
1155.742
2422.623
1759.774
780.4737
3216.089
1570.072
964.8256
2291.028
1263.876
471.6357
2842.301
1602.686
672.6608
1172.394
1095.278
1231.041
802.9323
1010.104
1265.464
828.7319
1968.252
1141.571
676.293
1384.24
537.0371
1533.632
1930.43
1526.891
1124.433
1373.162
833.188
1730.704
1128.388
2538.166
831.0945
2075.304
3589.967
2192.754
1515.018
2838.094
771.2995
2264.363
2109.423
562.4652
2159.233
1447.548
617.6102
1077.438
3608.09
671.6228
731.8671
850.6568
1165.112
941.9934
1444.869
649.5588
1821.431
808.7397
1412.373
503.7733
1777.328
1897.454
926.9512
826.4063
1098.869
2046.885
1435.808
1467.016
855.0917
2919.253
2701.411
2885.596
932.3666
1538.33
1063.11
3812.603
810.2072
713.6042
891.828
3143.441
2245.268
1719.853
1096.346
2649.125
1083.138
441.9134
1253.131
2228.609
3827.947
2035.105
1101.92
766.0407
1650.813
901.1926
427.7567
2525.542
1043.231
882.1953
1704.011
980.5398
570.2387
723.1861
1422.168
953.6955
1796.34
1479.523
745.7964
3078.032
797.0632
1604.044
1131.221
889.3928
1170.395
3050.343
1092.259
1886.655
830.1307
2826.226
988.7327
1640.467
937.5843
2351.828
1075.48
1272.21
1527.252
937.1219
1132.035
1120.892
1955.886
2089.783
1881.875
1021.455
1462.835
823.502
990.573
510.8838
977.7471
799.5164
1323.964
814.7758
1633.149
936.6122
2500.27
1118.972
964.6679
1587.864
700.7699
3836.198
769.8093
1853.289
538.8314
3855.909
1004.705
1635.861
981.3507
1543.946
869.1718
1790.018
895.7051
1511.538
1321.758
1563.45
686.2436
1541.747
1079.256
664.0216
1565.721
1338.079
905.3248
776.978
1339.762
598.8919
1009.52
1615.502
1315.002
1730.158
1498.072
1068.238
1810.817
2030.456
993.7453
1016.069
1641.518
2159.759
1013.345
1466.067
990.4702
1382.354
782.6179
835.9785
836.2258
1285.267
1284.16
792.0976
1096.228
1439.393
559.9665
1315.375
1221.014
2750.472
1036.321
2149.298
2084.98
2202.717
2595.658
934.508
1249.607
875.7533
886.9395
1800.827
1601.498
1575.868
1561.878
1213.377
1056.867
2373.615
1149.88
916.37
707.2313
1593.698
1363.751
940.0119
1106.139
1458.177
841.6709
924.9783
9212.781
849.6132
975.1072
1269.74
1788.222
774.4359
863.4601
1523.592
1280.244
1854.09
1808.195
558.5561
1113.479
768.3282
1470.531
1057.554
778.6645
1263.915
1384.332
875.658
1226.592
794.2722
3328.102
924.8092
425.5586
1054.332
1219.018
842.7881
1036.941
954.0813
1608.924
1152.636
3302.421
1356.171
858.9182
936.4761
439.3581
1294.167
1405.509
1405.275
1853.691
935.6412
638.2701
1120.16
2286.062
827.577
873.8851
2116.131
959.7059
1102.822
845.0869
1655.273
2396.456
382.211
670.1647
747.9677
577.7462
647.5238
1207.591
1034.897
1321.253
1078.58
668.5006
524.3193
680.3022
1575.349
1979.556
798.6421
1190.909
1455.67
723.9283
929.0104
1309.043
1010.707
1271.322
464.2959
870.7432
679.1388
1009.602
1257.158
843.9874
2375.268
751.8054
1645.201
1733.871
643.5391
1085.698
1084.479
625.0514
2348.882
1142.992
680.9709
1870.269
1229.293
1191.778
822.7582
638.1548
3945.887
3932.612
949.4325
890.3379
614.0451
663.6108
2994.149
1151.642
1317.84
786.5866
1420.485
1497.728
1583.45
1591.297
1843.511
1249.432
439.5684
1243.414
500.6838
891.9445
1176.067
1613.957
1209.584
1294.535
1393.978
807.4462
1598.067
601.1366
886.6132
3727.553
2251.263
1066.674
1309.979
994.8282
942.5651
1711.574
1163.59
1908.421
1360.937
3779.374
1645.706
840.759
1283.571
1437.306
861.8309
1758.649
1149.6
1269.532
744.6461
601.4616
1428.501
1250.113
822.4302
769.9056
2755.162
657.5299
1255.278
1901.297
1403.709
854.0549
2999.284
3069.413
792.9789
1358.536
452.0158
1683.905
513.858
943.3689
3288.35
1627.413
1649.125
1807.762
1913.178
1221.131
2024.654
1658.209
553.6369
808.6135
1118.042
639.9286
686.5048
1389.728
940.0011
2310.294
744.6907
1037.377
851.5584
3242.39
1009.661
691.9465
913.9013
848.7974
862.9681
3138.068
1191.795
2585.06
604.9366
1533.311
804.2387
1048.944
648.647
2153.556
2062.889
1647.577
457.5586
833.041
974.7439
1272.802
1046.696
1487.699
774.115
780.7855
1193.322
864.1689
944.7054
1195.935
1749.889
1224.965
620.5427
972.4303
1103.401
890.8328
1453.654
368.1194
1022.943
596.3609
2166.872
716.3434
1294.74
1370.679
1233.122
578.8947
818.5638
858.779
1547.587
2057.016
700.8008
2494.753
798.2279
1194.193
1253.634
1040.482
890.387
1706.251
2798.127
1039.343
658.7237
1860.109
956.3324
2968.495
1404.476
1867.713
1479.662
961.6539
1271.502
630.2498
1074.678
1160.814
1224.465
720.9358
1786.301
964.9306
1240.524
999.2496
1297.113
903.1878
1259.404
1943.982
2454.616
1123.249
