172.4924
185.5689
162.1451
174.6459
137.1318
172.6399
184.1184
155.843
140.6
157.142
155.1384
196.6723
193.0478
181.0018
164.5048
188.7512
151.4988
165.8343
159.7937
202.9786
180.3733
218.209
173.9209
189.844
154.8129
172.0444
200.9192
194.0422
242.6888
152.5776
131.9259
165.0872
165.2157
175.7092
185.1361
189.9378
182.659
149.8145
173.2865
178.576
182.5503
193.0266
203.0084
205.4262
194.8506
160.952
184.7181
160.0501
181.9627
184.2186
174.2531
150.7399
163.5406
167.0744
167.0042
179.4871
203.7081
196.893
210.5781
219.5488
144.3278
144.358
180.9899
181.2152
188.1836
175.3605
179.87
173.8603
161.1497
165.03
186.0818
193.6537
169.6491
170.9398
164.8292
193.9468
191.3267
195.5512
176.7716
180.1599
149.6071
157.5258
165.8804
174.305
202.4064
165.7653
201.052
176.1142
145.7551
167.5443
216.2751
205.6099
173.6524
153.9365
153.4269
155.491
184.9868
175.0602
185.4338
183.2707
185.9507
166.1684
216.8024
180.6555
173.798
174.9401
147.987
147.0339
159.1403
192.115
193.2117
173.7856
166.6372
171.0026
165.4621
153.7983
185.2041
199.309
187.0578
155.1188
186.3564
166.1504
170.4833
164.8906
188.006
176.6776
193.3112
149.5545
194.5719
174.5603
163.1395
169.4808
144.0132
155.0585
159.3019
161.3271
191.1771
160.0968
210.4946
176.4473
148.0549
165.2239
155.3739
208.221
155.7805
166.8402
157.9911
144.4753
187.3503
189.3311
192.3296
174.6665
185.5021
206.6882
155.502
192.1347
187.3281
158.7058
188.8042
169.5926
196.1607
165.4754
182.0153
205.3291
166.0046
171.0538
164.1443
166.3966
184.4048
181.4665
155.0998
170.5118
180.7892
189.5766
163.4198
200.0208
180.3513
175.1525
175.8219
172.3721
152.6105
187.4967
158.6315
211.112
168.9972
188.9383
150.4133
158.3781
178.3867
155.5172
189.6175
219.2341
222.816
177.4902
198.5119
165.265
143.7686
196.6095
169.5988
161.4068
168.5698
178.2215
198.9769
172.3895
200.9276
173.2675
184.719
173.8215
187.4167
155.1428
162.2377
189.6407
183.6615
204.3579
200.5314
197.9965
169.6655
189.3632
192.6758
184.7254
190.3737
196.5519
153.9005
151.8734
162.2525
171.7904
159.3754
159.4709
195.4666
179.8091
180.3264
158.9901
161.084
189.4651
169.5555
168.3594
173.0003
199.324
204.5486
199.7638
161.8762
177.9122
185.0541
197.2004
168.948
190.7107
164.5122
175.0929
179.7523
260.3983
211.6362
160.2804
189.6547
189.3043
195.1981
175.8273
172.9813
169.0946
190.9751
154.3456
157.1626
189.1898
167.2311
173.9009
152.1305
179.2945
179.7053
172.6193
165.6341
174.0937
201.0073
192.4574
177.769
175.6658
160.8823
161.8135
189.4561
178.1719
224.1956
162.9849
158.615
164.1096
181.8014
157.0849
183.6179
152.0704
208.6916
173.1351
189.8121
198.4922
188.3289
175.3302
187.243
190.4746
212.4294
200.0208
189.9239
157.1093
171.2431
197.9015
178.936
164.9033
181.2972
212.3154
170.1445
192.2521
170.1552
210.5034
168.0344
173.5279
187.5541
169.6102
173.9518
194.9446
168.3617
167.4587
177.2928
182.3585
222.3874
173.7418
224.5842
161.8196
157.7989
165.8477
154.1711
178.0356
166.0904
172.2313
179.9531
143.5368
158.393
180.3462
149.571
186.3469
165.5688
208.0981
201.3614
171.8488
186.9512
203.3446
196.8135
201.1098
154.4791
169.0838
185.612
172.89
161.0668
164.9191
167.8402
191.901
211.4655
180.8566
183.9732
172.0832
175.8543
195.7728
174.4423
163.4501
139.8842
165.3358
191.4643
182.3687
162.6132
175.0773
195.0879
177.287
152.4772
179.9519
198.9257
171.9744
152.6903
158.279
181.7288
210.8221
174.5116
157.2297
136.6453
213.5893
184.4955
202.4621
203.8313
176.5782
187.6183
154.3482
159.3448
200.2611
149.9303
164.876
186.7584
182.1777
167.3634
150.2873
164.0121
184.4526
163.2025
159.6848
157.158
176.9639
154.3628
160.2422
161.6093
164.81
176.075
173.7661
163.6305
167.9783
151.0041
189.4712
185.4204
171.3961
146.0554
155.1918
164.1403
169.033
159.5797
156.4564
193.0562
186.3221
150.6087
171.7364
175.9494
167.5595
197.7965
182.5109
142.2159
193.1541
158.6408
179.1673
160.062
193.167
176.7018
173.0134
197.6507
127.0414
166.2364
150.8612
187.5613
170.5876
168.7887
167.8007
187.371
206.09
191.3536
195.9003
176.0562
176.9069
180.573
156.2024
165.1059
157.4073
189.5918
203.4115
150.7089
167.1856
181.5078
196.7381
158.2824
185.4879
173.6815
211.6671
178.7195
164.8575
167.4597
166.1156
176.1186
153.7099
157.5697
173.7465
162.2134
178.6077
190.5475
170.2686
214.8416
205.3882
173.2147
197.25
167.9301
175.1887
171.344
188.7512
180.2334
170.9007
185.5915
166.2408
181.164
177.9553
160.7933
161.273
186.2538
165.0413
145.5987
208.0003
184.5689
233.5059
175.9875
153.8213
166.8812
189.6532
170.2849
160.5507
