49.72575
50.07388
45.78726
50.37112
48.84891
47.69504
55.40231
50.3317
53.55208
50.89889
45.50188
48.11761
42.40172
49.11395
51.27468
46.32652
45.07761
46.71169
53.14666
46.52832
50.93952
48.48556
46.52877
53.75509
52.32739
45.53559
54.07538
48.06606
48.14476
50.93924
46.91469
48.02112
48.05573
52.13221
52.18233
49.5537
48.30242
49.67669
49.97032
56.05854
48.88633
49.50087
49.02971
49.73713
45.97927
54.11203
48.40139
46.89769
53.85625
45.66416
49.88505
50.85476
45.54276
50.70876
52.30187
48.24999
49.43534
50.22878
50.06018
50.9114
46.61376
47.00873
47.2673
51.4595
46.28409
45.34008
48.54838
48.80433
50.47749
46.02447
48.82285
57.02892
51.04391
48.64088
46.84939
46.35651
50.11307
46.30267
51.27965
46.19807
45.93336
50.01209
50.34033
46.72072
48.10649
49.24016
43.37851
52.49906
51.89845
48.60051
47.25833
48.03439
48.24707
52.40405
49.53573
51.0925
43.24553
42.42007
47.72833
44.73812
49.83791
49.82442
44.26628
52.96883
50.68433
47.49203
47.28937
52.45995
48.38845
47.69507
56.53704
48.96097
47.43148
48.7918
51.95852
49.80341
49.79104
53.82371
45.49201
52.07625
48.97456
49.15564
45.30971
49.44855
49.23323
47.30042
53.81013
49.76932
45.2508
47.3863
52.64407
53.25643
48.23565
48.11082
52.44748
42.71381
52.01713
48.25342
52.79755
44.93846
48.25478
51.02682
49.93203
55.00087
49.06358
48.60059
47.41437
49.81098
48.03889
43.7363
50.69624
44.86156
56.15707
48.80114
49.5938
53.41311
49.13326
48.53598
51.52191
51.62345
47.04763
54.11577
48.16513
54.87843
47.26454
53.35175
43.60645
49.95634
47.54051
52.69931
53.43521
44.87952
46.46911
44.35389
42.74503
53.65785
46.86667
47.28534
51.57527
47.49696
52.7107
47.91087
46.04469
46.62868
48.59972
46.77155
51.70734
43.9042
52.85884
55.12832
51.78793
56.67853
47.40153
51.10577
54.64143
50.25194
49.01793
50.42424
49.38101
48.15716
47.09072
48.0954
50.46845
51.54631
47.21323
44.30144
47.57277
52.97282
51.84066
43.10682
48.36602
49.05021
43.66626
46.26443
43.59861
45.98636
50.70316
46.30617
47.29759
49.54504
45.70827
53.6807
47.53625
46.15528
45.57403
55.43944
45.4811
50.29876
52.50733
46.63936
47.85906
50.74806
48.55377
41.22724
45.88785
58.379
49.21824
52.44513
54.97067
49.78765
51.45933
42.66646
42.32962
49.73727
49.44893
47.77969
48.04303
48.29985
46.72947
51.90356
49.09152
48.70311
47.9884
47.97465
43.81844
48.59042
45.63156
50.97715
44.19352
43.95222
46.25769
45.24922
52.12573
51.40447
51.17812
48.75378
45.93773
45.6044
47.69031
46.53712
48.36795
43.81354
44.87247
46.31485
46.03612
49.45103
51.13008
45.99703
50.9712
46.58875
51.11131
45.30295
47.53152
49.39062
54.78927
48.90033
51.95716
54.21454
47.86321
47.78115
45.44763
45.6809
41.65957
42.5818
44.08469
48.91994
46.00561
47.31698
44.91108
51.98532
46.9537
47.27175
49.41109
48.12637
47.88887
51.19422
49.56568
48.63237
50.15256
52.04304
46.56884
42.58716
51.03801
49.64435
44.29602
49.36275
44.20159
47.43366
46.22649
47.0283
50.74975
48.2537
43.52481
54.85707
45.3673
44.4819
47.55537
51.26138
46.64734
58.82779
49.58247
46.95401
46.2053
45.91149
43.99699
51.74962
48.18878
54.35185
51.1086
49.14061
44.35651
48.5429
45.99195
52.61937
48.61315
46.46512
45.63429
49.92565
54.2248
51.38886
54.22464
50.50375
49.92171
55.30644
51.63055
45.26087
47.55069
46.98495
54.47227
46.30694
48.88818
51.266
45.91746
52.61558
47.92179
45.98527
46.84141
45.10423
49.93086
48.54517
48.13418
45.49542
51.54233
47.46964
48.52485
48.6794
54.95061
49.75926
47.06805
45.10633
47.09781
54.31457
46.48722
48.02497
53.57666
52.49578
46.86051
49.993
43.49792
48.03918
49.04503
49.97931
45.88507
42.72465
45.28721
49.51513
46.54898
46.24702
47.4461
52.37109
46.15176
49.82966
49.88655
51.82607
49.4723
51.95967
53.02339
50.17392
49.62578
47.93294
50.4433
49.53464
45.9409
45.39862
50.9264
53.16711
45.37812
47.40315
49.42044
46.89735
55.34052
50.3267
46.85373
47.91309
50.30551
47.61244
50.79723
48.33304
46.73342
48.84783
51.43032
52.81628
49.81866
51.31102
53.35929
48.79098
50.78043
50.75348
48.21859
43.41932
43.60523
42.71606
46.15121
48.71232
50.21354
50.28422
50.61368
51.90609
55.17745
53.19559
52.39888
46.73649
51.66617
49.78816
47.25428
54.35465
46.73636
50.91549
48.11632
50.63317
50.62245
51.66822
50.12254
43.44868
48.05636
45.19875
49.02686
50.09467
53.98153
47.07374
49.43517
47.63227
50.30076
51.01478
46.46541
50.74498
45.4973
47.94862
53.17609
54.18373
51.21157
46.95364
49.84385
46.27668
50.39014
53.66433
52.48333
50.09407
46.82278
53.31304
43.09169
49.88595
50.41188
44.32725
50.03622
49.43491
49.48203
49.27345
49.30763
45.24235
