944.6166
1085.169
1364.233
1147.156
1272.261
1368.456
1268.705
1395.809
1161.215
1175.377
1349.117
1101.514
1328.895
1188.626
1202.284
1131.903
1232.412
1383.248
1356.849
1068.512
1248.845
1572.292
1140.583
1413.917
1146.791
1585.362
984.7848
1140.357
1132.035
1165.686
1134.961
1138.211
1388.867
1339.779
1124.829
1439.391
1101.668
1024.248
1238.969
1387.544
1180.866
1246.662
1147.894
1486.518
1247.397
1099.337
1339.999
1123.074
1227.093
1413.61
1441.291
1480.676
1413.655
1262.54
1210.504
1122.83
1222.981
1176.807
1169.41
1114.485
1189.21
1292.886
1194.683
1440.513
1576.824
1251.889
1053.74
1316.573
1409.176
1375.318
1590.603
1338.491
1319.635
1389.438
1325.568
1385.946
1007.034
1317.555
1070.534
1172.233
1386.766
938.9351
1091.163
1373.413
1291.107
1223.199
1276.873
1183.117
1058.851
1143.69
1289.286
1268.524
1229.191
855.0683
1145.384
1171.81
1315.341
1291.754
1247.266
1202.42
1316.208
1306.299
1231.603
1063.886
958.8835
1193.147
1182.766
1229.673
1374.445
1310.408
968.0548
1155.688
1279.281
1510.737
1191.683
1194.041
1199.573
1401.22
1027.959
1333.491
1292.022
1234.72
1289.794
1340.53
1299.042
1248.908
1195.411
1095.484
1453.258
1381.378
1058.04
1126.144
1144.596
1200.487
1304.891
1220.962
1146.398
1170.259
1328.369
1038.786
1143.561
1011.119
1398.573
1237.875
1354.401
1293.513
1142.456
1251.996
1338.902
1567.136
1597.859
1211.34
1118.147
1338.811
1115.457
1372.822
1453.19
1273.673
1320.42
1432.779
1362.076
1263.994
1298.438
1281.548
1154.333
1296.029
1276.955
1198.558
1107.647
1352.185
1151.647
1256.519
1179.598
1058.948
1378.191
1190.764
1292.99
1186.034
1422.04
1529.255
1480.318
1245.745
1401.452
1426.474
1202.203
1587.368
1239.938
1382.1
1211.143
1167.075
1185.2
1080.878
1177.082
1162.947
1327.216
1501.318
1241.868
1280.098
1237.537
1230.493
1434.418
1184.051
1288.703
1148.803
1415.15
1288.238
1572.178
1257.348
1237.065
1373.861
1226.089
1271.778
1148.494
1172.32
1328.575
1230.859
1227.813
1417.329
1347.706
1175.896
1242.432
1190.842
1365.827
1070.385
1257.555
1262.978
1044.417
1144.58
1064.009
1169.355
1460.552
1278.538
1338.936
1384.988
1166.934
1262.761
1269.06
1288.765
1715.033
1484.145
1229.475
1176.711
1264.54
1105.178
1234.119
1051.392
1301.768
1309.242
1150.517
1158.401
1350.192
1368.71
1240.918
1027.515
1298.34
1261.519
1264.226
1421.856
1112.621
1117.524
1122.79
1264.39
1189.394
1127.792
959.6923
1372.519
1298.734
1397.589
1151.853
1283.027
1169.473
1222.933
1436.296
1416.324
1147.364
1412.37
1168.999
1099.823
1244.329
1181.722
1204.085
1153.812
1246.61
1440.358
1073.851
1419.065
1261.766
1126.822
1087.802
1294.65
1377.218
1262.759
1161.788
1297.567
1387.279
1469.375
1145.516
1301.944
1397.71
1293.191
1285.809
1104.743
1173.937
1293.706
1198.472
1275.021
1032.639
1086.492
1264.772
1255.28
1230.761
1536.796
1207.803
1150.636
1424.144
1185.968
1184.291
1130.045
1458.713
1233.455
1225.242
1284.541
1200.17
1119.02
1125.637
1101.352
1446.459
1137.15
1295.065
1237.424
1315.386
1146.112
1435.28
1101.844
1101.586
1316.487
1155.511
1316.582
1084.205
1154.076
1271.901
1242.383
1280.716
1291.543
1177.623
1171.523
1324.369
1220.803
1223.285
1014.604
1172.963
1092.965
1087.871
1424.451
1248.782
1281.76
1170.288
1190.515
1146.697
1335.419
1167.786
1071.964
1517.924
1209.608
1101.299
1236.626
1193.387
1135.583
1241.189
1141.859
1071.74
1222.423
1218.24
1377.298
1429.215
1176.849
1020.614
1212.858
1311.107
1159.777
1269.334
1252.57
1291.25
1230.53
1086.78
1061.036
1220.004
1200.125
1419.361
1059.043
1004.493
1108.173
1207.488
1357.562
1432.322
1391.51
1307.112
1149.696
1462.404
1290.714
1042.234
1174.878
1114.031
1340.797
1283.939
1042.81
1234.591
1058.169
1135.176
1231.325
1242.163
1134.05
1125.724
1382.458
1208.347
1176.443
1282.192
1061.123
1149.501
1221.554
950.6486
1043.439
1171.514
1145.062
1138.217
990.9442
1381.478
1427.11
1186.631
1330.896
1225.159
1075.983
1297.597
1113.992
1159.766
1121.81
1360.524
1094.303
1205.471
1562.424
1380.43
1109.67
1125.468
1132.4
1250.451
1472.806
1219.728
1239.731
1172.847
1388.236
1077.952
1134.804
1201.244
1260.368
1181.78
1201.024
1308.273
1255.876
1177.347
1074.832
1149.265
1362.648
1257.9
1130.179
1360.121
1523.213
1138.084
1232.423
1182.481
1651.028
1175.382
1084.773
1203.294
1298.828
1296.602
1076.825
1173.904
1095.893
978.9829
1128.085
1160.489
1259.197
1212.992
1101.581
1239.677
1285.819
1267.945
1225.932
1426.598
1212.435
1110.878
1097.102
1138.148
1439.15
1048.108
1064.325
1115.667
1215.221
1309.71
1383.707
