61.97124
40.82148
31.52992
26.76705
32.37269
40.43834
40.73678
29.55736
35.35954
28.3401
27.96803
31.73718
26.79314
32.54116
35.79871
26.71747
21.045
29.06022
32.14876
36.88622
24.75417
28.94265
37.9692
48.19514
42.58688
36.89295
29.72834
29.18573
43.49132
26.40554
22.49059
27.00833
30.05361
28.54669
32.60709
38.65669
34.98603
39.30785
27.65183
25.98702
26.41844
30.70028
22.71005
30.39902
21.26412
18.5429
23.6532
20.37479
18.84451
22.95403
27.05038
37.82806
40.01682
41.96523
28.46094
25.03692
24.14522
28.43554
41.02833
22.84629
32.06391
29.69486
31.3433
31.96388
31.66529
33.23918
35.31788
38.26061
41.73734
39.29735
35.90876
25.55846
24.13703
29.01472
33.23867
41.47305
50.2052
43.67529
47.26848
45.28504
27.67179
30.39384
31.42943
33.39055
21.47419
31.2002
34.90253
25.93158
28.24631
29.37758
31.40159
36.74892
34.28606
29.9575
34.93862
27.79347
34.53818
25.45841
22.22154
28.96138
33.4706
23.54554
25.57863
28.47656
30.50895
18.2731
16.57701
24.19029
26.8974
40.19866
32.86611
23.36992
24.13615
25.69604
28.99726
31.84142
52.6543
28.99071
29.26746
19.73784
19.25274
19.869
30.98453
30.57009
31.28808
29.06117
38.27491
44.89472
30.02091
27.04745
29.07019
27.30292
23.01557
22.93339
29.30868
36.83265
35.85916
25.69983
20.68914
25.4901
27.67209
45.72602
34.25598
43.6794
35.51004
30.74861
37.2728
39.79595
29.02175
48.7956
39.12518
37.61672
38.59268
48.16696
38.595
29.77223
30.95471
37.03635
39.69587
53.52315
31.95157
24.69786
23.05554
20.10043
21.70886
25.93465
33.39786
32.14959
25.24231
26.99807
21.10831
16.47329
22.87432
23.80478
31.13639
26.49074
17.69184
19.78523
19.26933
17.57787
21.00871
27.55122
33.37219
27.1412
27.39476
29.64433
20.8532
23.19655
22.97528
25.60277
32.36502
27.89254
27.75993
21.17469
19.2719
30.35567
36.31016
44.92973
43.3855
37.61353
41.68465
44.96351
39.05502
32.56037
23.07462
29.11526
32.05735
32.47376
28.37142
28.90958
33.08447
24.93461
28.59661
19.75457
24.21987
29.23821
31.2945
33.32262
31.30991
38.29436
29.04444
25.42899
25.31803
18.64007
22.13117
33.23738
47.2905
27.77319
27.19671
52.0525
38.79419
40.1742
40.00546
29.57203
25.02591
27.98521
32.58049
36.5536
33.12792
27.98792
23.33282
31.1196
42.55049
46.82647
40.03843
35.56459
24.51235
24.73564
28.38372
27.03666
22.52376
21.76511
23.8029
21.88985
27.0318
20.17823
20.29364
20.937
34.53674
52.62124
45.14539
36.71872
26.17551
27.04456
24.5844
26.83467
21.5404
25.70904
29.46964
28.32824
28.1676
24.84522
35.79399
46.25349
41.88568
32.82167
47.00975
38.21018
45.14633
67.73222
48.81656
43.66947
29.76833
36.45224
34.61744
29.248
31.63971
24.05873
21.5817
26.43258
29.68328
31.90508
27.28138
31.84955
37.54701
23.31495
26.55495
24.42108
21.18998
22.91122
25.49921
28.82214
24.94051
36.01571
37.64009
32.88582
46.83316
30.87091
27.78228
21.90364
29.75581
26.24477
28.38869
23.58853
19.55213
21.47929
31.59318
25.67709
22.16273
21.78331
16.01413
17.54726
31.11165
27.08846
27.5821
26.41072
41.24334
38.36447
40.36158
33.91021
36.03498
29.53683
27.42799
29.30009
37.14882
48.29396
29.75902
19.8591
26.99883
31.10168
26.3424
24.83577
25.7557
27.50737
31.43319
31.10425
39.99524
30.38949
28.16744
44.66011
37.26511
30.43331
39.83088
39.6874
36.65871
34.38235
28.04764
31.365
25.72951
24.33771
18.79853
25.13888
38.75597
44.87607
36.03873
29.83065
31.86478
27.48627
32.6996
33.2504
35.90477
27.62941
31.3027
30.82953
37.07635
32.26091
32.82544
35.37917
28.44625
20.28402
20.74778
19.74444
19.39331
28.29964
39.83399
28.54133
42.10108
30.76257
32.35777
42.673
33.2016
33.19848
39.70311
37.38381
29.41216
25.00279
36.77617
30.3475
48.033
34.64314
42.88103
38.25075
42.92073
37.55713
28.82519
43.49352
40.71004
43.67011
42.75475
35.48037
34.94852
43.60117
35.67625
46.90982
36.83493
26.84217
22.9423
20.05816
23.58379
22.74268
33.36366
36.66243
32.7989
40.49024
48.93327
45.03401
40.46353
36.96262
35.35262
27.5765
27.8241
35.87417
34.47975
34.14625
28.47057
26.48676
28.81134
22.01098
17.16627
17.35063
20.70315
30.57371
36.7324
28.1875
35.32305
32.34977
33.98492
37.31126
28.63708
29.71869
24.70732
31.52913
34.66153
27.44839
29.42262
29.11359
29.01114
31.78002
29.29758
32.43006
33.20066
34.69363
55.68343
37.93836
34.99509
35.23438
32.89851
34.62647
30.00221
37.23941
46.68432
39.14395
29.53896
37.76152
29.42064
22.78498
26.8535
27.08167
32.0245
30.84511
39.87758
34.08913
31.45828
32.64606
30.92336
25.48005
29.16983
41.41683
35.55385
31.10088
37.44733
30.82937
39.0639
35.76361
41.04411
38.18601
45.53185
40.91706
28.29494
31.94098
