0.5639554
0.9878088
0.4792396
0.8004455
0.440034
0.2076509
0.3315706
0.3603726
0.3481849
0.4170299
0.4141946
0.6304611
0.3481611
2.518739
1.442276
0.4422969
0.6309373
0.4010968
0.8580382
1.183434
0.5943747
0.5991073
0.4665104
0.3483901
0.2103047
0.6969566
0.1892454
0.2751007
1.905825
0.5899285
1.170626
0.257175
0.415584
0.6125409
0.4172375
0.4161256
0.2525975
0.3189808
0.1839011
0.6240554
0.5388489
0.5653451
0.5926783
1.339178
0.287052
0.3514288
0.9129141
1.573334
1.985739
1.770047
6.611434
1.572148
0.7639112
1.852952
0.2755352
0.2244089
0.5285927
1.268315
0.5415132
1.357249
0.3719387
0.3228892
0.9920665
0.6372324
0.3539794
0.2889595
1.390156
0.4028981
0.721611
0.89765
0.2447824
0.3372806
0.2648776
0.4684381
0.1783157
0.8078562
0.4599319
0.2942035
0.2356688
0.4532949
0.6193288
0.2708237
0.3627559
0.2413637
1.255361
0.3456698
3.426037
0.3523154
1.017905
0.6172068
0.3662813
1.069645
0.3059435
0.3348497
0.2084387
0.6822205
0.5019974
0.1860604
0.3938001
0.516447
0.3546993
0.31391
0.5098385
0.3113757
0.3802663
0.3879601
0.4517773
0.3012518
0.2396737
0.7018271
0.3468936
0.3370306
0.7953005
0.4788566
1.433785
0.9625395
0.3563767
0.3624774
0.4786368
0.5016719
0.1827018
0.9286284
0.7652331
1.678055
0.4214324
0.4362719
0.1760345
0.1675201
0.4394998
0.8773212
0.7763999
0.3253333
0.3070598
0.4782732
0.6190233
0.6148523
0.2581015
0.3919824
0.4705914
0.3406234
0.7802258
0.3972863
0.4501063
0.4419732
0.4086304
0.6428343
0.2432284
0.4234708
1.365835
0.4032377
0.9988236
0.4059214
0.604453
0.4021449
0.5270646
0.1485549
0.5449795
0.6378283
1.586235
4.784629
1.446581
1.213307
0.2700928
0.7247041
0.4432472
2.030074
1.272082
0.6532521
0.9400452
0.4341506
0.2977611
1.054716
0.8612648
2.02958
1.83567
0.4608702
0.3935579
0.697309
3.405527
1.035879
0.9329624
4.301468
0.8525146
0.54387
0.1440229
0.6884001
1.122412
0.5427498
1.759444
2.594615
2.592334
0.930773
0.9907109
0.1984045
0.4097643
0.3857279
0.3014143
0.3346127
0.2537721
0.9918504
0.2067022
0.4729168
0.3024269
0.7975588
0.3405921
1.315778
0.2930219
0.1447738
0.362413
0.4123429
0.6407629
0.6264753
0.4478597
0.7789192
1.060103
0.3761845
1.278227
0.544486
0.1684186
0.20474
0.5239603
0.1823082
0.6604963
0.1808252
1.260469
0.3132043
1.214269
0.5914991
0.3554642
5.598243
0.6321296
0.2394839
0.1794865
0.7903905
0.9836394
0.1814406
0.252589
0.1891481
0.9902674
0.3476543
1.480894
0.4230816
0.8047401
0.5317693
2.856749
0.3170323
0.7692761
0.3788921
0.5819111
0.7376303
0.3014412
0.3266155
0.1909791
0.921449
0.5812175
0.4239867
0.2873845
0.4412925
0.3394179
0.180117
1.495796
0.3572097
0.7711027
0.4599493
0.5081431
0.1907747
0.1962368
0.9334604
0.5972514
0.9469134
0.788412
0.4798758
0.4008329
0.7959111
0.3680983
1.022013
1.390109
0.9827798
0.2724011
0.2466901
0.1752449
0.4325448
0.3119893
0.4990049
0.3582806
0.2500439
0.2456267
0.3151666
0.5640937
0.2472175
0.3818797
0.3773102
0.935003
0.6183578
0.7169956
0.4568371
0.536068
0.1398894
0.14879
0.5902071
0.2211826
0.1999231
2.162863
0.2196076
0.5821855
0.4592717
0.1580334
0.2318509
0.4070477
0.5240661
0.2324069
0.233945
0.2676623
0.4305434
0.3197722
1.169828
0.2282503
0.2503484
1.091144
0.4337515
0.3790133
0.3003429
0.4254591
0.1664742
0.4965148
0.462724
0.6069114
0.7907679
0.6072146
0.6637341
0.7951205
0.2582705
0.3934989
1.115952
0.2186628
0.6521808
1.296026
0.4518316
0.7402696
0.436552
0.3421986
0.4929133
0.5350977
0.4290425
0.4085193
0.2742884
0.2541283
0.1640649
0.3427531
0.5805409
0.5720413
0.7027124
0.3460448
0.2909254
0.8238763
0.5833154
2.965791
0.3333663
1.310968
1.544129
0.266513
0.9478713
0.6773442
0.2246718
0.2162494
0.2706197
0.5481998
0.1620689
0.2608484
0.6414314
0.7715502
0.4330511
4.687127
0.8377468
0.3355683
1.684602
0.7341866
0.3059413
0.6699326
0.4305464
0.1506799
0.4436877
1.876252
0.6072539
0.2516835
0.4676612
0.2966664
0.3436798
0.3068577
0.5281911
0.4345494
0.6748352
0.4281208
0.2641416
0.3029999
0.7925081
0.6261331
0.161385
0.3699347
1.303324
0.4273896
0.7831662
0.7665692
0.2725446
0.2848082
0.3930114
0.3601664
0.5543166
0.4289105
1.498505
4.920208
0.5466336
0.8388401
0.7748811
0.54142
0.1509114
1.063385
0.204901
0.1990352
0.2737845
0.1901479
0.3737264
0.394563
0.2441228
0.2445899
0.421578
0.4855068
0.2476446
0.8021092
0.6573442
0.7121404
0.2187058
0.6123765
0.7391051
0.2673938
0.4840747
0.5453268
0.5827787
0.617906
0.3285422
1.211709
0.8808773
0.3578442
0.2719254
0.4478445
0.2690341
0.4818032
0.4970113
0.1572643
0.6022231
0.2168944
1.455872
0.4644046
0.2506721
0.5357689
0.3429854
0.2137992
0.6732435
1.230027
0.3667297
0.5715099
0.6194057
1.253322
0.2904067
0.4434155
0.2879617
0.2647756
0.2155434
0.4864196
1.275214
0.4371802
0.1615619
1.140152
0.4138039
0.1925781
4.536585
0.1507649
0.6960746
0.468725
0.5810763
0.1524156
1.048222
0.3520428
0.4555573
0.5665589
0.3174706
0.4296443
0.6116047
0.866641
0.2150875
0.8510257
0.372209
0.2543346
0.5542861
1.024837
0.2992842
0.4788517
1.338781
0.6767335
0.3779394
