83.74615
86.52529
86.44835
86.06852
85.10766
85.90587
85.1601
86.43302
87.8955
88.16437
86.35633
83.92894
82.2537
81.11991
80.82119
81.14935
79.50006
81.36936
80.68634
79.34837
78.37312
79.45568
76.53648
74.40067
73.541
73.51176
72.36967
72.20496
72.00116
71.85556
72.24677
71.74261
69.84614
70.08831
70.72571
71.76214
70.53639
69.47832
71.42477
72.24233
72.53539
74.24103
74.39042
75.59505
76.151
75.26048
74.84427
73.51719
72.69712
73.50811
74.02827
73.53728
73.56958
72.8145
72.89602
71.68227
71.35423
70.88449
70.86445
69.02364
67.16857
66.07026
65.96969
65.67679
65.09033
67.25998
68.35751
68.48877
70.28943
70.85329
71.34374
73.02863
71.28864
69.34294
70.7681
71.95979
73.1768
73.23705
73.91106
74.93712
75.49259
75.53833
73.57329
75.41487
75.57965
74.94348
74.66429
72.08743
72.17993
72.62455
71.99386
72.96903
74.59007
74.72434
74.64342
73.85256
73.77554
74.41073
73.39192
73.96402
73.33448
71.66604
71.94595
73.11282
71.23978
72.29852
72.23743
73.16754
74.85201
75.18844
74.9235
75.20091
74.57864
73.29021
73.54238
72.21485
72.94389
73.68661
72.70821
73.96561
77.07709
77.57272
76.23171
75.56941
75.3123
75.24004
75.71616
76.9413
74.60132
72.49836
73.84773
73.89129
73.40839
73.75886
72.25094
73.35754
74.33601
73.23812
74.81372
76.10516
77.30539
77.58395
78.88722
79.34145
78.26263
77.31902
76.7693
75.70837
75.42371
77.81261
78.42768
79.70491
76.55016
76.35
76.49823
75.81561
74.03139
73.14452
72.01979
70.6688
71.83337
71.83217
73.94456
73.93061
73.72898
73.6905
75.02818
73.67194
72.38188
73.00081
72.0611
70.4346
70.42754
69.26525
68.55361
70.26387
68.51982
68.67511
68.18037
68.71837
68.21125
67.94929
66.03874
65.83528
66.3097
64.1728
64.27014
64.02986
62.4344
62.314
61.72612
63.02405
62.59962
61.79126
62.18538
62.49243
63.84572
65.31366
66.01378
66.61767
67.21322
68.28588
66.92239
67.84045
68.19295
69.78481
69.0314
69.89092
69.42138
68.86248
67.86728
66.76738
65.21471
63.16926
64.46321
65.34595
63.13606
65.21212
65.0629
67.06576
68.50752
67.65248
68.88176
68.5058
68.52737
68.43715
70.19449
71.25162
70.84243
70.69617
70.45094
71.69684
72.64656
71.69067
71.98446
72.46627
70.11053
68.20752
67.63257
67.45709
68.72934
70.17828
69.82571
67.85788
69.78419
70.90208
71.61353
73.24143
72.61305
72.70013
73.49128
72.87378
73.35146
72.34668
73.70181
72.06332
72.1893
72.07967
72.9975
72.04846
72.59892
72.14241
71.98106
73.38584
73.56962
73.35973
72.7834
73.45989
73.1781
72.00022
70.14366
68.71234
68.72926
70.59708
72.37217
71.82901
70.29936
70.93651
68.51078
68.61472
68.14681
66.87345
66.63055
65.90679
64.89554
64.19066
64.31167
63.89466
64.88051
63.73785
63.41977
64.31037
63.4135
62.59821
61.14284
58.62721
58.64512
59.30412
61.41224
62.45923
62.52405
62.62116
64.07481
64.80588
66.47689
66.66532
68.07412
67.81214
67.27588
66.49092
65.04534
62.93868
64.43519
68.13877
66.68061
66.07689
67.05278
68.2167
69.01696
70.79037
71.94417
72.17041
71.51231
70.8734
69.65005
69.98669
69.83827
68.69478
68.65898
66.78501
67.27393
66.26009
66.67333
65.23199
67.95928
68.7215
68.91718
67.92688
67.38908
67.10248
68.57237
69.43581
69.49678
69.33358
69.05203
67.67545
67.56496
66.66452
65.56155
64.7245
64.91253
64.4838
65.17643
63.22732
63.91341
61.78858
63.47229
64.86732
66.2244
67.70488
67.01402
67.71044
67.28396
65.60481
66.52498
65.86783
65.33192
65.20996
66.67308
66.6851
67.74496
68.18844
66.79443
66.80382
67.99335
66.08534
67.08819
63.99881
65.76556
64.13996
63.49351
64.08891
63.94302
63.6481
63.55051
65.08
64.76719
64.43485
65.54039
64.02155
63.30401
63.79992
62.94015
63.57219
64.54022
62.92814
62.17148
62.99977
62.94779
62.65744
61.75911
63.08642
63.16802
62.21581
61.56449
60.62156
62.40656
61.86792
63.99538
63.19203
62.94393
61.49072
62.57135
63.85204
63.1061
62.85739
62.54811
61.1004
61.11849
62.89946
61.93613
61.75093
61.64449
62.55072
61.23726
60.17062
57.28115
59.04357
59.27301
58.64497
58.36719
57.93645
57.82016
57.45384
56.47415
54.60014
54.17692
52.5702
53.20119
53.08315
52.54229
52.17294
51.36089
52.34441
51.5916
52.54978
52.4496
52.25747
53.60958
52.26117
51.6706
50.67514
51.99865
53.08999
54.94235
54.00741
51.8519
51.69274
51.6982
51.82065
52.80452
52.38578
53.79521
53.82666
53.64949
55.39892
55.4881
55.05517
53.86609
53.93102
56.11873
53.66762
55.76355
56.49925
54.35375
54.56307
55.88593
53.81975
51.6368
51.03222
52.25817
54.55911
54.69159
54.92672
55.23416
55.51412
56.34932
56.65549
56.96508
56.50596
56.54252
56.89545
55.71125
55.51429
57.69529
57.91181
56.97315
56.70222
57.83273
58.37691
