64.41772
33.34604
31.97405
40.73209
34.26669
46.93245
45.96007
36.23572
39.1931
30.2889
29.7404
34.51554
31.03709
40.21502
41.86184
37.89749
38.37896
37.48482
36.40333
28.14365
22.53992
20.90541
23.12091
21.46012
26.67367
40.27054
32.00272
28.52331
28.37688
34.50582
35.99398
39.1404
29.0762
38.18352
58.16033
44.27219
32.35179
23.60482
23.58368
27.22955
43.76244
36.24186
31.14639
41.10357
27.89681
27.83294
30.91364
37.55213
27.96343
40.36306
31.52153
19.82194
24.05513
22.90667
24.75603
38.65915
26.66475
22.17447
27.31821
28.31143
25.12123
36.96187
42.12019
36.81807
44.74102
39.60459
37.45899
30.09634
28.10196
24.81376
35.96041
28.99394
40.41956
42.87775
32.70081
31.53958
30.758
34.74333
41.4904
37.52026
33.53717
29.22464
40.47905
32.34959
41.4169
35.14182
34.47141
37.86394
37.92821
35.90311
41.8537
25.31848
31.41586
28.03384
28.18715
25.85717
49.53303
32.13135
44.00908
44.66946
43.58309
28.65149
29.37001
38.30002
28.32851
35.77817
26.56543
35.10533
28.72154
49.79722
40.32736
42.98248
43.35451
37.75525
36.9226
30.11379
22.80241
26.71435
26.62853
23.89796
25.67775
30.99911
29.09478
24.87238
31.2981
34.82659
28.60433
31.16693
55.13144
42.36787
36.42373
37.90157
35.16781
28.27178
27.31515
24.8174
16.51419
18.4488
21.7136
18.45323
24.70635
38.39027
39.21609
38.26251
37.33463
43.49984
45.34979
45.18039
40.81756
39.33461
33.21492
35.42227
30.07345
34.771
38.64186
37.10474
33.38206
35.9163
46.42819
36.13795
32.96589
37.33985
31.93226
39.62334
35.05602
43.28566
47.37589
44.2334
31.92618
30.14317
33.32555
40.92016
42.32998
42.57314
43.53652
39.29935
38.71084
33.41998
28.80168
25.18147
30.41688
32.70128
43.8474
49.96971
38.00507
29.0389
22.04127
34.58666
36.70856
36.98744
37.86057
36.47143
35.70213
30.69196
48.08274
41.98216
37.25986
31.00265
36.32838
38.55848
42.2309
33.5828
35.36113
46.35483
37.62786
33.48652
28.95159
44.06148
28.01481
48.19809
46.26294
27.98076
26.07031
40.20165
40.44402
28.51018
33.34373
40.75569
42.24297
42.0502
37.03826
32.87786
40.44798
42.37066
40.95644
59.4923
39.59371
55.59453
59.15846
50.00648
39.17657
32.61721
28.1908
25.22918
39.46685
26.77404
34.9021
32.95656
39.59581
29.34108
41.64774
38.55782
38.14013
50.30052
42.08171
44.85317
52.45768
53.91645
51.08917
39.63205
34.73402
38.45468
22.95697
22.37595
27.90914
24.5235
34.607
33.86581
25.87829
34.47411
26.87664
24.73525
24.64067
32.42972
29.40865
50.88663
43.97494
44.61601
50.14758
43.3307
32.59142
26.83481
30.93547
29.64612
29.31213
32.36671
46.50499
50.30556
43.06126
46.21475
33.64742
39.6324
36.1318
38.66482
33.4602
24.71247
23.89623
25.13016
30.52167
26.24715
31.48896
34.34514
31.28458
43.19879
45.24978
35.92998
33.31442
36.98826
33.82177
28.07327
25.08398
27.7095
32.79671
24.30078
26.32375
30.90362
35.66483
25.74539
31.25507
30.61886
29.99034
27.72391
27.03885
22.98385
18.6971
24.93993
35.80466
34.13227
25.76821
21.3966
29.83863
31.24041
31.98472
27.13944
38.12251
33.67529
27.98405
47.53594
35.95435
42.7463
32.15784
40.17502
38.33481
26.95012
32.91753
43.7928
33.17814
28.93536
25.19162
23.74323
34.06914
49.17221
40.27224
36.22724
35.10353
24.85612
30.78697
37.24902
32.2574
24.94777
21.31292
27.86409
31.42332
34.28521
29.5203
31.22041
39.28704
45.85995
45.5212
36.23349
45.59827
35.49812
37.62093
22.17082
21.65124
36.27982
46.63581
36.75231
36.10055
32.6378
31.38693
25.1915
25.62347
22.03995
37.16314
31.60947
40.5724
36.65042
30.41521
28.20198
38.12143
38.14566
28.08091
28.86671
37.88344
27.84533
28.44673
38.87688
36.27342
38.66644
49.86693
47.85433
25.62447
25.07862
23.6591
36.34249
34.50662
41.7855
38.8681
41.12259
31.14946
32.05285
27.37701
34.01562
32.32913
35.34317
30.11482
26.45509
46.83424
55.03889
43.0273
37.18014
35.39465
30.23356
36.74948
22.35579
18.58683
17.52885
23.85715
22.97252
26.8368
40.13513
36.47911
29.04428
32.32385
42.04053
25.98228
36.6795
26.20047
28.72774
34.94511
32.9613
25.10707
30.09274
36.24141
26.46352
31.72699
33.78177
36.66194
48.75069
47.40286
24.42164
36.61735
38.83207
35.58979
41.00593
47.32043
38.5116
36.46803
35.66448
39.57788
34.74783
36.78354
32.30268
39.80567
49.92732
37.24894
42.40834
40.48745
29.67394
33.19479
42.65608
39.08474
30.2449
34.53126
39.62717
45.05195
32.8438
43.60058
36.74473
27.65005
22.18722
24.21776
25.36406
23.1414
22.55154
23.41168
23.03917
40.94473
29.73053
42.37639
32.77859
37.93409
46.46148
60.73103
51.98835
57.12226
42.01469
36.9438
27.05829
32.57226
40.50836
36.61795
30.88912
34.23029
29.76956
40.25553
38.99022
44.53058
50.00517
