321.1625
316.2144
302.0379
239.3964
230.4168
199.774
162.6969
117.08
86.48078
78.38165
82.27753
75.3383
86.92489
77.52341
85.72262
85.19816
78.40376
94.39315
85.03466
78.92409
81.56773
68.58193
87.79338
83.44067
81.84815
75.73492
80.23679
85.15603
82.93986
86.95601
77.44888
76.66084
77.48864
77.81368
92.37981
81.15754
71.27845
77.1884
84.09604
83.72301
85.0522
73.84024
91.44636
75.88896
89.37971
83.98055
76.2367
88.73416
79.74093
80.004
86.27466
86.06986
76.78683
84.23865
81.51509
80.48582
78.52334
68.26889
84.15167
77.82054
73.84308
72.90249
76.90837
85.25868
81.6939
80.80265
87.9476
85.83618
82.59455
77.66332
76.32878
85.34008
84.31532
78.12874
81.65575
74.23436
76.39965
82.49066
78.96874
73.3766
76.69182
77.96221
77.58156
82.50918
90.5801
77.23383
85.15912
75.19619
80.02402
82.02554
82.83146
91.04708
73.63297
75.30094
75.25531
72.42881
93.93527
87.06324
82.32457
79.67894
79.25093
80.49989
87.07029
80.57538
84.55774
86.29009
84.07807
91.93819
84.91927
82.57776
81.48512
82.89441
76.27414
82.96611
81.40139
73.20306
78.95489
83.85584
78.88172
91.57667
84.89808
84.5439
75.51858
85.05352
78.22735
79.65738
82.14541
75.7743
86.03471
84.60593
80.75413
86.26702
81.2237
84.16424
86.45318
84.09601
79.94047
72.09067
68.96088
83.43603
77.01325
81.78181
90.13018
76.31842
79.45668
72.54552
76.90041
78.43401
73.79558
82.13602
85.78024
73.15022
67.33135
79.92896
80.51681
85.11653
79.18736
84.32256
83.0376
71.89173
82.73616
84.70974
71.8782
83.85915
74.35638
81.08884
78.41915
76.7641
87.37732
76.30578
70.42905
73.41581
72.04051
75.82423
77.51673
76.2376
73.10614
75.9375
84.09826
77.7434
79.30855
83.54662
87.47634
90.84057
80.69348
83.8756
89.70947
90.4478
73.86528
79.03416
84.73388
80.8333
74.65722
80.28637
97.74367
86.36525
79.14505
76.99838
78.12608
81.76224
72.7564
76.3748
81.53599
83.56877
75.95432
76.27489
71.14108
74.85558
84.77934
81.36278
79.47202
83.01396
80.45973
95.55496
75.56869
78.78269
84.30468
73.91955
77.60689
88.25028
80.26185
85.92068
83.31961
79.37697
75.25455
76.10823
81.11258
74.51885
86.42008
85.93426
76.58292
86.72699
83.85026
76.18396
87.89452
79.61013
85.26963
85.90309
73.94287
78.64561
73.38135
80.09589
87.00374
72.81785
75.44104
81.07805
76.11649
78.44944
82.53573
81.90323
85.67366
74.33297
85.77642
82.74883
85.14449
77.36239
80.00924
84.51102
76.02705
78.44247
96.76759
77.3461
86.7409
74.52817
75.30975
78.6817
79.76092
83.301
84.18099
80.72199
74.08675
77.53915
80.43448
80.03514
81.77294
81.88888
76.21796
81.81058
82.61143
77.86863
77.37848
79.68829
79.54415
79.83402
88.74469
75.82413
85.61541
78.71754
78.34674
81.32909
83.72081
74.78496
76.8223
80.57464
76.40236
74.65889
81.84998
79.26019
77.69652
74.78675
77.00357
84.05135
90.47722
66.03506
76.91589
82.10018
85.54969
77.75436
82.46246
77.33261
89.51945
78.70705
91.75514
87.26632
76.67101
87.43488
86.79623
79.44053
78.31056
79.21947
80.35619
78.35788
74.67117
84.72843
75.8752
77.76847
78.10158
84.52872
77.08611
78.11493
77.70195
72.67418
70.02538
86.60425
79.68646
80.69266
78.46197
82.95052
79.24048
73.89447
90.65149
80.22238
75.45424
81.84209
74.96852
81.40379
97.17565
78.49091
76.97485
84.26058
69.08111
70.86909
86.03409
78.79023
78.71933
81.63615
73.31217
75.79365
79.97467
70.3868
79.93193
79.31503
73.70962
78.39005
81.77578
79.22189
85.73059
92.80501
83.51654
81.49899
91.28321
79.74339
71.33165
82.09077
87.21831
91.82961
81.8161
85.95013
74.00844
82.89524
78.8546
86.92551
82.59156
83.75275
84.47806
87.18817
79.86386
89.39179
82.91437
77.44454
79.07139
88.71958
86.43301
82.67417
72.22235
81.837
71.73626
80.8496
78.48706
77.46546
89.42825
77.64952
83.41102
82.94589
73.6425
80.96315
88.6827
80.52074
79.37659
79.5142
81.54866
78.8534
81.41885
80.37767
86.14672
79.6221
86.34534
86.67553
73.5127
72.76703
70.29743
88.04369
82.69307
88.07114
80.00467
90.10981
73.24888
79.01843
76.48544
79.99013
84.24262
73.64229
80.34707
88.28921
87.71546
75.55422
84.21625
98.78874
80.17228
71.9297
72.00986
81.00297
71.83924
81.05473
89.26981
86.29532
71.58208
78.46299
79.32999
87.37528
83.27414
82.73811
88.51427
85.85933
80.26823
73.86564
77.42625
74.25807
80.43688
87.45772
89.6654
83.68289
82.84944
74.40905
81.92086
80.84824
76.2224
87.35794
81.09516
91.72935
86.40807
80.13156
75.34266
78.45508
86.80646
77.81513
79.31669
69.20734
72.91319
82.77123
71.26599
76.4481
77.53652
74.90799
72.53724
81.55252
87.31327
82.05948
82.31604
82.04932
86.01483
76.8456
88.64518
87.64372
84.77237
89.22638
80.59008
81.41688
83.30941
83.39874
