316.7315
297.978
279.4454
250.2282
228.1297
151.4021
111.8822
92.81376
79.50649
83.73635
72.15945
83.21593
77.13949
86.52967
79.44878
77.00656
77.77043
75.86985
72.14225
72.6867
84.13782
85.36421
77.47625
75.64783
79.24208
89.45375
77.35437
85.4102
88.57486
84.38979
83.63939
82.18433
87.83831
80.58598
79.39025
75.94905
79.82909
77.15852
69.96996
73.85397
82.22038
74.35399
75.12354
85.79789
76.05758
72.76352
90.36893
80.88357
74.91735
78.78323
76.18028
79.51596
81.99221
73.66218
69.14902
80.41086
79.04756
75.72551
83.47188
84.27246
79.46768
81.86831
92.07161
92.88288
71.4395
73.96721
72.63966
79.69798
97.48673
82.90735
70.305
81.83022
81.03453
89.80563
75.33793
75.69689
81.15434
76.65452
81.09345
86.34204
72.33217
75.04347
79.87588
77.95018
75.9753
76.27737
78.79176
80.31545
80.81424
80.04524
85.06761
82.20799
68.03488
80.35814
83.45911
78.1899
85.79126
84.66098
92.20799
78.45526
80.39435
84.21742
84.64716
85.77089
75.72541
71.69742
77.31394
73.78999
73.03126
77.03859
79.53633
69.01911
78.35379
81.15546
76.39441
81.16611
79.19126
89.65511
76.10893
79.53432
83.97095
76.46667
84.89114
86.14339
80.60044
83.6373
85.72419
76.3531
89.75732
80.11459
84.74963
77.64992
87.05931
75.53323
76.22248
85.35261
76.9772
80.32649
78.92553
82.86494
83.94692
79.2512
77.33757
71.67001
74.75909
73.93839
77.83284
77.45275
82.08533
78.00745
70.50402
79.9953
78.07062
81.15815
73.53325
83.72588
89.62318
72.88708
70.17011
76.0297
75.96188
72.21944
77.16771
90.1789
76.71634
86.42987
87.49573
88.97738
79.09459
75.30665
79.94207
80.6877
78.50887
80.53703
89.26958
84.15309
93.43396
77.77513
77.38332
72.24801
75.71738
81.20135
78.51398
78.64898
87.61942
77.82527
77.60873
77.69773
76.97954
85.16524
79.20501
80.18983
75.46849
80.86331
76.22154
77.89258
81.46861
79.50159
71.09538
64.38821
85.75308
77.60201
78.17162
76.22234
79.8538
82.59892
75.43677
75.08862
85.82357
87.26222
77.92394
71.58693
70.58914
81.30413
88.71481
72.15945
74.98921
80.91913
72.11813
76.77316
84.36667
82.01045
75.34957
75.30582
88.38008
74.4734
76.84041
97.42294
78.73059
86.25605
76.28212
74.02348
86.27309
83.10281
75.50988
63.23243
80.38093
76.93281
81.0458
79.04183
85.41949
77.79427
86.38276
74.42546
85.59712
72.72467
80.32076
72.55302
78.25607
77.08932
85.42288
83.83072
77.81487
86.55412
78.37806
76.68982
78.75814
85.17684
86.50079
74.65987
82.69905
70.29594
79.47999
86.73993
76.36323
73.04379
86.72837
65.23461
86.48029
84.83747
80.0562
92.33295
79.46386
70.27763
76.23291
79.28377
87.83886
78.8585
93.16391
80.66578
76.53422
73.93432
74.02786
82.1376
81.66998
69.33673
87.98439
79.5047
83.18603
74.87146
82.29645
85.72407
84.18671
85.75877
77.15495
87.31309
75.34908
76.19082
76.10007
73.5277
78.00605
87.19828
71.87487
80.12549
83.97308
80.48478
82.62354
78.94097
77.26742
79.15117
75.25773
79.71475
85.13746
75.58452
77.22943
78.10599
71.05098
83.36122
82.15217
78.59769
75.79336
79.4537
74.60944
81.77327
72.57698
74.96791
76.38509
74.96766
77.33814
77.4727
76.08185
89.15368
74.17743
74.84776
82.6642
74.67915
74.22485
74.29863
76.29981
77.07048
81.37822
76.13579
86.34866
77.74705
93.96036
83.12897
80.25017
79.94084
79.64862
72.2639
73.06188
65.79582
82.73293
80.05099
78.92904
79.39955
83.50617
85.51221
77.54991
75.41521
89.44608
77.97681
85.12803
70.88942
84.06545
76.93365
73.55026
80.20013
93.37711
85.34623
80.64306
80.22794
83.38276
85.19021
77.19279
75.92357
82.97935
88.69737
71.67653
85.3088
91.78645
82.0576
73.68332
73.31101
79.30268
78.40556
77.89865
76.81413
78.71826
88.12321
74.67353
70.05385
80.21503
85.63826
72.48861
82.44323
83.79517
79.89854
90.26925
74.53079
75.50546
82.05075
79.47555
79.74909
81.71499
80.13888
82.82839
90.6856
85.5478
81.73537
80.9965
74.77162
75.51426
85.85913
75.1205
87.33938
82.33662
80.96041
83.37546
78.62684
79.55012
78.7131
71.66644
87.72563
77.93945
73.89512
92.19279
78.9705
74.93102
82.78117
75.17387
77.65621
93.24844
80.09158
74.48687
84.581
84.13533
79.72673
75.39972
81.93403
75.55565
77.11593
77.2516
76.30934
83.07128
86.80565
78.43664
76.37185
80.27621
73.07663
80.10275
73.54886
77.63655
80.82361
77.69555
75.04842
80.67101
80.53745
81.92059
74.75849
82.28001
72.27325
86.70902
88.64721
71.88077
77.31711
71.88905
74.35183
80.97353
94.38889
92.71815
84.19465
81.60347
72.35321
79.90859
79.35121
71.64554
77.0177
74.85137
83.27579
86.03007
81.89851
82.72959
72.61525
74.25715
82.50345
71.24491
78.45356
74.14951
86.7921
77.13543
73.87772
78.51807
77.01204
83.36842
88.93604
84.69446
73.3164
69.7193
89.48663
