82.59189
82.9004
80.05571
75.82459
73.1175
84.06645
85.21238
78.30418
76.06948
75.59007
69.31617
77.13962
73.41751
75.91576
79.69905
79.58451
76.0661
76.62101
81.53408
75.30801
70.49158
72.88001
73.84899
72.58669
73.90702
69.32978
77.30521
71.22217
73.06683
79.66423
71.30776
67.12054
65.6212
73.59571
79.81925
87.03399
85.29169
85.8655
76.91077
79.8948
77.76761
73.92216
83.76202
78.5494
79.56338
86.93808
82.5432
72.01065
77.35621
77.67044
74.11237
74.48103
69.07162
77.42547
74.64057
75.38613
77.07019
81.60886
81.666
77.98063
79.18573
66.48319
68.88865
70.75465
74.0596
74.80403
88.62144
80.41335
79.28466
72.65609
79.08161
78.70394
74.85893
84.19948
83.58947
77.94166
89.88777
87.54468
72.32398
75.2231
70.25486
63.01409
56.21462
68.14519
72.27998
81.13805
87.89479
80.31911
70.85025
69.5539
78.78526
83.34079
78.0701
69.48093
77.33684
75.65644
74.53547
74.66986
71.07382
78.71492
74.3162
73.10839
79.87215
81.54948
76.48983
68.33897
73.3896
75.15125
78.44468
77.86228
80.22894
79.19791
80.15975
79.21275
66.80565
77.01046
77.69096
81.78789
76.29678
78.66488
84.39038
79.42848
81.1983
76.40798
79.51181
71.33253
70.49883
71.60667
76.00857
82.60715
74.01529
75.32576
82.96213
93.73736
76.69217
75.23653
79.62715
75.54933
69.182
70.77051
72.77596
71.38819
71.92722
77.29324
77.37859
75.38049
72.81825
68.27445
73.5908
73.38851
67.92584
81.98125
77.77252
75.24891
72.30357
70.46292
74.66618
71.87196
73.35242
73.00479
70.41987
69.10772
77.0785
70.94685
76.97902
78.16035
74.79609
86.01411
78.07611
78.90986
79.33673
72.5446
69.12557
71.02966
67.36072
70.08451
74.9986
81.90353
86.50932
80.76131
71.87191
79.17263
80.7913
77.71495
78.16718
72.72088
74.66721
77.89802
83.31262
75.77827
75.466
79.16419
77.39726
77.65266
76.06353
81.15687
81.52896
90.27946
83.18333
88.13319
84.75306
80.43975
84.52762
84.19374
84.02181
80.22431
79.43482
80.06602
80.52221
80.38691
80.96107
79.8257
85.66698
83.5364
83.64042
72.81824
75.9789
75.3943
80.27867
76.78621
74.24794
77.67306
76.98176
82.37171
77.62007
78.49445
83.63417
78.10287
77.69999
71.64508
76.15775
80.33727
74.107
83.00222
82.63936
75.39126
78.09452
79.52938
82.62398
72.68129
79.94957
81.04024
71.9489
75.30829
73.76858
73.78349
76.9871
76.49582
85.03562
79.5258
83.06808
79.67522
77.38563
82.62479
88.30461
81.4823
76.71622
80.23651
80.09046
76.91713
79.71547
80.43235
79.95541
77.60811
75.91136
74.64388
82.1688
82.22618
76.53908
68.52304
72.38809
72.73261
75.7027
78.96738
77.68039
82.51451
72.21994
79.21258
78.51504
76.36086
78.71163
81.75716
73.90112
75.66386
77.45524
74.77729
68.38601
77.58686
86.12348
86.49234
81.08815
79.63852
79.19684
80.67211
84.26006
82.4091
82.39426
81.95542
79.06738
78.23097
75.68908
77.08685
81.47623
79.6705
85.30713
83.36502
75.4568
75.64323
75.52771
86.17514
84.3791
84.04289
81.94471
77.64171
79.23385
78.98255
74.16157
80.21785
82.81237
78.2691
78.93371
82.27206
71.86385
73.5749
71.86508
81.38562
71.79592
73.60744
71.10001
78.7329
75.98231
81.24234
87.68815
79.62981
76.95612
72.25709
83.43982
79.01984
83.58927
81.25858
76.53868
77.48659
73.95943
78.15359
83.25584
83.27053
90.34809
78.90442
80.48349
79.9409
81.36062
76.49688
74.74393
77.33082
79.09571
76.35414
71.70871
82.77878
82.57022
78.51822
72.58503
76.6203
78.20535
80.91208
87.29229
84.65897
83.8434
84.99847
79.64058
73.7781
83.54538
82.92406
80.65836
82.2514
86.18978
84.22216
81.56805
81.68343
79.72283
80.18604
81.86559
77.41462
76.1868
71.11045
70.71252
75.32306
73.0582
74.61542
77.89684
73.76599
71.57574
71.80545
83.57708
81.49786
73.58356
76.66895
79.94168
80.94416
82.99216
81.19311
76.1219
70.17466
73.0241
77.40822
76.47686
75.89659
76.52901
74.96249
77.40713
72.90451
81.85138
79.27487
75.88344
78.87373
70.844
77.74677
74.67735
80.32301
77.97463
77.32614
86.44032
85.24251
79.99382
76.20963
80.38963
81.85001
71.57957
81.38189
83.61507
79.35169
77.28221
82.14705
76.53738
69.72546
72.83041
76.11518
76.95907
80.88858
76.35999
75.21323
68.74784
69.52452
74.44591
77.91767
81.83936
79.31727
81.28998
80.15113
84.76608
83.38387
81.35007
78.35079
83.858
95.18885
89.12244
85.77919
81.64735
75.75173
73.13333
75.36445
75.61897
82.12869
83.18421
79.02385
78.13997
78.41059
83.08506
82.23926
78.51512
82.80757
82.50261
80.7824
78.52421
71.5849
77.83281
74.83411
72.05946
72.01413
77.0374
75.9872
73.77896
65.23657
74.99345
71.92261
74.41104
77.86622
76.32666
79.78475
77.88247
78.23095
80.05514
80.55225
79.64601
81.40291
79.01218
75.32064
78.79393
77.15956
84.38287
80.81992
