19.33335
39.06322
54.62295
33.55576
33.31794
27.52983
41.82435
47.37679
98.61212
107.1946
105.8203
275.0899
383.7259
346.0991
437.7947
510.6503
407.7619
1075.495
1725.745
4182.541
12207.82
14713.28
20418.23
26790.6
28762.67
28024.28
25655.72
22971.21
13470.35
16406.83
12992.49
19302.46
17501.86
12680.04
17402.72
19868.48
12911.3
19892.5
16452.09
14108.53
13667.17
14226.62
17467.03
19670.07
19916.78
21651.54
20347.65
14088.28
13605.62
20267.75
30432.67
24331.08
10128.01
10866.46
17651.3
13391.05
22687.14
18049.63
21923.7
20314.3
14591.4
12518.15
19302.38
18554.09
22197.75
22269.99
21383.06
13740.59
26180.88
18298.38
13705.43
13608.72
17669.48
19279.97
27352.49
22052.25
18192.87
13313.32
22511.21
20904.56
13111.41
19725.69
15343.72
17619.24
17713.31
24764.07
25122.03
18592.07
12374.83
17864.5
23440.88
25749.3
19291.92
14576.22
15192.05
19526.87
28858.62
18882.83
20896.1
21744.01
23073.31
17492.62
17815.62
22950.16
14030.61
12804.12
19357.78
16973.45
14660.21
23152.92
16297.99
23657.35
23199.36
26878.63
33133.56
26853.84
17727.28
22643.3
25954.47
27739.2
29018.36
21308.51
18451.07
27808.32
22944.45
17974.89
21078.79
13549.83
24220.94
23080.84
20155.74
17241.05
28819.66
16844.44
13575.79
19856.48
15076.95
20202.52
20383.73
18893.26
17872.76
21157.07
16603.07
21674.08
19229.74
20467.92
38996.67
28446.7
24270.65
17916.9
17504.44
18889.06
16495.94
17130.74
16871.88
26361.34
35268.66
22061.94
16542.43
16313.41
24632.85
19387.96
14639.13
21958.94
23376.71
17123.27
20618.69
25809.58
20428.88
29352.27
18415.84
15143.5
19706.02
23461.25
17869.16
29001.87
19502.65
34275.72
25353.38
26949.56
20734.56
16973.32
16061
19386.64
24235.96
22803.01
21258.33
12204.07
16505.14
15847.81
9324.704
29342.67
23580.14
27437.35
19389.8
20014.27
22154.49
26849.69
29762.85
13539.59
19449.41
17821.56
18410.42
19907.63
13556.04
19522.51
22307.57
12000.8
19874.9
31019.49
18423.9
16414.35
20567.47
18227.76
17723.68
18177.81
26987.6
25585.3
18471.81
9046.273
13632.4
18487.75
13162.86
13975.57
10088.87
10277.67
15265.17
20348.43
20549.42
15192.83
21600.25
14859.69
25056.73
16476.21
11822.01
14877.62
8414.088
16756.49
19030.03
13496.36
18685.69
16889.66
17570.65
18422.45
26116.35
20090.93
25561.47
17467.1
29090.94
24969.62
18631.91
21399.69
17510.57
24044.84
23074.24
22741.89
21970.96
20735.82
23446.18
25690.99
17804.05
17883.39
17417.17
20320.86
19671.83
13516.12
13873
17551.05
21674.34
18253.03
17395.61
22451.04
22031.53
16926.75
26555.09
18258.69
18355.88
29896.2
19964.34
21477.84
17640.95
13533.54
19185.49
19632.39
18850.7
13557.4
14327.75
11773.24
11883.28
22492.93
17424.52
15350.3
10753.97
13641.73
21843.45
22875.66
25215.49
20939.35
37291.36
30276.26
25584.03
25435.45
42398.25
28965.82
33747.11
22180.18
22211.25
26273.47
30507.39
31036.5
20096.99
17126.76
29878.23
34026.45
21570.14
21227.77
33630.73
15946.51
13230.3
20907.94
15968.62
18380.66
22639.77
16564.2
19544.4
14909.61
18785.73
15029.19
23463.32
15193.47
20034.88
26321.31
21949.32
21125.33
17036.68
26964.92
22473.08
18148.16
16398.12
17071.99
18694.59
24715.04
23604.45
26009.22
22655.95
24852.48
23841
19306.49
29982.51
22842.11
17525.79
23457.12
34799.31
32165.82
18201.45
13121.48
13094.97
19815.79
26745.42
16345.61
24856.06
18613.69
14279.86
14127.12
16840.42
17200.44
22920.31
21554.87
25181.95
30463.46
22951.54
20766.07
17996.79
18364.73
16276.97
18659.74
18926.34
19265.03
19708.9
19311.14
18194.28
14289.79
15921.96
28366.91
21558.06
17669.59
19285.95
23910.95
17474.23
16660.89
14270.87
22082.7
15311.69
19307.87
13875.67
14017.23
29421.37
18911.36
12401.48
20674.37
32203.54
25318.94
14116.68
17719.36
21063.11
19221.54
12399.84
16757.04
12434.59
15062.66
12054.21
13902.68
13955.01
14726.55
17884.63
16613.13
13495.57
18287.19
23622.55
20738.01
26200.02
17432.57
19162.41
21377.75
17795.37
24244.2
20727.68
22990.66
29930.54
19844.87
21348.96
27375.04
29003.07
27506.25
19629.59
13345.66
21427.93
15315.74
16125.56
26003.1
14234.54
19176.41
18409.2
20259.64
20724.28
17142.88
14818.94
19860.04
17932.01
10878.22
13147.82
18749.98
23478.46
18616.45
20258.83
17691.39
11849.83
23522.18
21630.89
24441.7
30054.89
18015.3
18777.56
25678.41
13897.98
17325.99
19252.88
18060.93
20060.14
21295.92
21335.6
21402.45
33650.22
22504.09
23454.75
20194.07
22217.89
28440.72
22792.21
16828.72
16644.07
19651.62
25483.35
16656.41
19296.14
21855.82
12712.13
14137.42
20535.53
24430.98
26739.56
16662.09
22822.47
22082.92
19215.62
21306.32
20257.06
13738.01
12323.54
13173.68
