67.87386
67.39712
55.77926
79.92084
124.497
102.8282
112.0752
102.73
104.3349
117.4619
112.051
70.17452
44.82677
36.74819
54.92148
133.0258
125.3554
78.00613
84.96291
110.807
124.371
375.2953
371.5798
246.6058
109.7928
168.9383
184.6286
148.3285
111.874
205.5201
191.4119
163.2115
233.7902
157.5814
182.714
304.2096
214.3175
132.4197
92.5923
225.7836
167.9107
82.40747
103.1478
69.30457
48.99942
60.95389
154.7043
96.05281
153.303
140.8401
144.1415
180.9551
276.6896
314.0045
351.9477
273.2679
260.0521
244.4468
301.8764
217.1812
181.1216
289.331
399.2588
217.4072
195.6677
154.3244
174.2629
128.3915
198.6308
313.9477
303.8027
212.6074
235.342
323.1154
179.8646
144.7095
177.5855
210.705
322.3239
256.1487
425.8478
278.7322
388.9816
250.9706
208.1357
289.1035
383.0346
433.6642
361.8947
293.4981
159.4813
122.0415
111.4674
93.1964
106.225
97.68794
167.5809
100.8386
68.74157
152.828
137.4087
153.5274
138.1837
229.7147
158.5913
157.789
258.3528
160.5976
127.7777
169.2353
189.0547
126.9893
168.5081
130.5054
113.4227
224.6431
339.9307
109.5389
219.6626
126.5655
98.39882
164.3685
121.8385
103.8382
126.2345
155.9784
114.5671
154.7797
112.0082
127.306
93.02446
93.17245
55.99103
47.03184
62.85586
123.0956
171.3467
118.6271
140.2449
94.82063
131.9735
108.1984
82.81211
108.2915
109.7791
140.2178
161.5837
76.93261
93.78009
180.3494
154.2003
114.6716
266.7245
107.7498
69.67112
100.9167
98.90605
111.078
95.23542
137.0042
205.7939
166.8352
161.4329
354.1954
394.9166
370.683
205.1716
209.1167
300.099
178.7323
162.0231
135.6544
282.1061
184.2453
220.2079
153.7142
97.56365
129.2076
96.87129
103.7604
115.0632
158.0094
101.0184
70.86258
105.3917
147.8066
269.2252
166.38
255.9619
114.2362
119.2834
136.32
115.4562
215.9955
164.1055
153.9287
210.7782
192.955
104.0891
160.377
179.0389
189.2717
154.0643
168.2026
199.8285
224.0679
419.9738
324.2051
147.8722
156.6039
174.9267
159.3701
111.436
126.4792
105.652
78.62975
60.25977
63.84559
69.18859
71.85985
72.1761
76.6393
69.9449
108.7266
153.523
119.0681
170.4744
133.4428
161.0632
76.29281
51.85614
25.26544
41.91
69.09817
58.01665
59.29049
107.1653
61.96329
71.12112
78.8797
121.1869
145.2365
116.8409
100.3951
142.2023
156.7583
127.2115
191.8456
177.4609
140.4693
240.4527
247.0758
407.5207
502.6934
594.2229
266.1018
279.5779
413.5356
239.1131
190.1195
306.8179
180.9323
250.0157
296.0287
272.5396
319.8236
252.9209
218.9038
349.1411
121.2466
163.3267
239.5937
282.8203
493.1797
681.1744
1031.348
859.6744
654.4011
445.7628
270.1505
228.6551
319.9748
218.441
464.793
523.1695
645.0506
622.4185
297.0546
389.5618
675.3021
640.5887
819.7923
660.706
578.2052
304.4455
133.6516
122.7558
152.2782
110.841
162.2722
241.5316
226.5558
206.4022
120.6448
106.0818
67.88319
103.6969
67.93911
125.469
207.1869
238.8108
292.8924
347.5352
163.4725
152.477
130.3788
140.2606
123.2143
215.1746
406.1725
340.7872
172.4828
164.8855
78.46243
49.58672
59.04983
92.14711
214.5967
250.9382
278.9033
353.2097
382.4888
456.1665
267.3794
459.516
352.5714
339.14
324.1648
248.427
320.6797
129.1982
171.8818
238.467
247.8234
318.8502
254.4156
341.282
450.3412
366.4951
300.9926
252.8498
163.3235
160.7863
144.3317
179.2783
172.1016
139.5005
183.6172
181.79
176.4759
207.3705
147.3342
224.858
197.6494
159.4656
163.4475
122.0237
200.5738
123.0489
145.4736
94.86996
164.1698
191.7121
121.4253
95.36409
106.0169
105.2045
136.6208
91.90112
109.3171
147.2585
83.67739
96.43076
52.97634
37.19015
68.39922
75.20085
83.58461
110.898
195.8179
122.0156
102.6656
55.99189
51.12852
84.34104
118.709
123.3538
132.7735
116.9643
115.1965
128.1881
186.5253
161.3067
138.5445
184.2625
166.3484
160.7402
254.3738
232.8605
283.3187
222.4577
196.4065
136.6225
111.2553
90.80541
78.48459
57.27763
92.27127
204.0822
200.5338
174.9455
261.2018
314.4721
209.6028
248.236
140.567
135.7809
127.4429
217.3843
123.5725
95.70085
94.76973
54.7558
67.17361
82.25662
120.9263
118.2451
109.5934
133.7618
108.0641
108.0824
95.26454
78.65295
72.7245
82.39617
101.6402
111.0434
115.8663
118.4295
247.958
167.6931
206.9158
210.7468
190.258
183.694
201.2466
175.2187
234.473
330.7481
300.0484
370.3877
631.1374
494.8694
482.263
447.0688
390.8126
213.1553
231.2514
188.6554
165.7951
185.9034
169.9741
138.4068
126.381
114.1072
86.31516
68.46984
49.0888
39.56384
37.95091
29.63036
35.82978
60.56531
64.84351
78.39631
72.37763
93.31703
148.465
245.7153
354.6664
293.3715
227.4907
205.8117
143.0669
186.3947
216.6562
172.9753
73.98134
64.53123
58.86249
