93.80069
89.07423
93.51252
84.65296
85.19127
86.45657
91.38396
92.13929
92.18485
86.29222
82.24487
89.14575
74.69901
86.25341
90.51699
84.4631
82.48498
78.34807
82.87114
69.08364
62.25376
54.58664
60.31275
49.0036
51.48203
55.35946
55.98827
55.28889
54.76128
55.29697
60.50872
52.11328
58.91685
58.56153
55.55547
53.24735
53.58407
60.62102
60.28582
57.50143
52.55638
57.28962
60.24903
57.92835
59.57475
58.56436
51.42513
63.09541
61.48408
54.22999
55.25189
51.26683
55.03893
59.67586
57.17372
61.03559
55.32717
59.76324
49.3134
52.6718
55.46018
67.18178
56.33475
53.10714
49.72019
50.82816
55.05216
57.97501
51.71687
56.82257
59.64132
60.21061
56.54514
53.65613
53.25308
51.3306
55.10811
55.37579
52.49464
57.22911
54.0717
54.87451
55.20264
56.70447
59.616
54.02134
56.43931
55.35748
54.62121
56.50741
53.32202
53.95541
56.22823
57.60922
58.11714
54.5372
52.14296
53.04597
59.70856
57.61712
57.92042
59.48396
56.27841
54.56784
53.89564
60.87877
58.0359
59.50238
60.08841
58.21728
55.19857
58.9489
54.27265
52.51706
53.94248
53.92917
58.23377
53.97584
58.36234
55.87449
57.25109
55.98416
53.89332
54.83109
59.79726
61.25619
53.48087
60.8733
57.66446
55.35421
55.22057
52.18026
56.2637
58.69086
59.98273
62.74262
52.30257
55.18483
52.74433
56.31762
53.79998
54.46174
55.24901
57.29947
55.26805
50.72191
48.48517
54.60274
55.18876
57.63951
57.83254
50.25256
54.48217
53.68884
60.82241
52.6276
50.11301
48.61945
57.98122
54.61893
49.88542
52.6211
54.09727
58.67565
51.52703
55.28368
57.7164
56.18814
60.62955
59.18841
55.5456
58.13773
55.04043
53.26885
57.34785
50.65077
55.61848
56.14108
58.89196
53.82502
51.53929
64.42999
51.01768
59.49859
52.37933
59.80739
59.65829
57.01141
51.64324
58.48836
61.13966
52.74527
54.90041
62.26615
60.4092
53.02114
54.02928
53.90966
51.6181
54.60891
57.93689
53.53804
53.60983
54.07523
63.15785
54.02789
51.61431
56.47606
55.52661
53.29843
57.88436
52.35308
60.16178
56.57343
53.33552
56.53561
56.1776
57.26406
55.86435
67.18317
57.35175
52.53887
54.8119
51.6069
59.79173
63.63372
65.07769
52.4776
53.54723
53.39046
51.82667
57.53002
49.82952
56.531
64.47431
59.65263
61.4894
57.55535
51.78116
56.11007
57.95151
58.81343
62.65086
57.03722
53.42651
61.21378
52.97374
51.54507
55.53152
51.45635
49.46241
58.64411
58.13279
53.88409
51.42063
52.285
60.2476
56.44137
53.85597
55.24082
52.17908
54.20087
60.62502
53.87449
57.53082
61.87224
61.22561
59.30011
51.55396
56.76294
53.98043
51.25803
55.93046
58.34395
57.68644
53.43459
57.09541
54.26698
54.84611
51.90584
56.83656
57.86689
55.78721
54.79857
59.03612
59.03051
56.08895
56.04792
57.63373
52.85313
53.65937
51.65956
61.24269
53.08296
54.42029
58.12336
48.92437
49.27841
49.75474
51.53285
56.96369
52.14754
53.82338
48.53953
48.33968
50.86696
57.15494
50.39714
48.26284
59.52709
51.24377
55.6754
59.39978
50.81498
57.39436
54.50113
54.33618
60.79633
57.52371
54.5667
53.30844
50.81209
54.36622
54.90192
61.45919
57.85281
53.75632
58.72054
56.12369
56.4275
58.45138
46.90825
58.05883
58.50832
53.15153
58.04632
50.27404
54.2681
52.98467
57.36445
55.98283
57.93684
50.7297
53.75362
54.45223
59.12132
50.92025
56.62217
58.62249
59.96518
52.9761
55.93611
51.85736
51.82969
52.98062
54.76386
55.91197
58.51101
52.64875
60.17825
61.81464
57.43014
57.93656
54.08342
56.2981
56.85745
53.65876
53.78331
56.44639
49.53993
53.56531
55.49556
56.79434
53.18743
54.16681
53.13932
52.33577
53.57026
57.80864
56.82677
57.11557
56.7561
62.6683
51.83485
57.76944
56.21826
56.55849
55.2738
54.1411
61.19295
57.72993
57.6904
57.79843
52.00144
60.3113
58.49732
59.21714
52.37351
56.26292
56.339
51.86603
59.05542
61.54048
60.0774
53.7132
58.92254
53.24262
54.55356
56.42012
60.35001
59.72399
56.63654
56.36554
55.45612
57.31602
53.28592
57.24588
55.33039
51.01616
57.24013
57.29219
52.01357
55.39252
54.33719
53.57362
56.65702
58.89347
53.26715
56.92931
56.26359
53.00089
52.10363
50.66837
55.66704
54.34236
56.61888
53.2671
56.70541
62.03631
52.34773
56.98062
59.1526
57.43801
58.45703
59.03757
51.05123
58.19146
55.69631
54.82519
58.66186
59.24112
56.06092
49.55334
56.45199
52.12499
55.12331
57.92548
57.03028
50.78454
58.08037
53.06962
57.84024
58.18001
57.48366
59.40234
57.87831
58.17003
56.84326
58.11526
53.90533
55.49093
54.93131
47.19745
54.35345
53.60301
59.16418
52.69101
50.31299
55.40819
62.58055
55.17161
54.63843
59.15926
58.75641
52.82071
57.10801
53.12418
61.38087
54.56751
50.2947
52.47024
61.24578
51.76675
55.0687
58.04042
53.51268
58.68406
54.839
62.45514
60.54904
