15.0328
10.74169
10.69744
11.5243
11.69559
10.19659
11.18409
10.58462
11.18746
12.02327
12.31187
11.58544
11.8135
11.88953
11.6623
11.57434
12.05317
12.1118
11.67854
10.30779
11.77971
11.59575
11.6845
12.49829
10.60301
10.98356
10.46418
11.79173
12.12318
11.98553
11.43724
9.910618
11.71669
11.67098
11.69972
11.85124
11.07435
11.36551
10.55546
11.73851
11.96135
12.59346
9.836638
11.68258
11.81457
10.68359
11.63433
10.66558
11.28916
12.6217
11.1179
10.5203
11.36401
12.32065
12.95271
12.09421
12.15138
10.98499
12.14758
12.1936
10.97126
11.56459
11.99387
11.64676
11.91729
10.19391
10.86389
10.9369
12.07762
11.69487
10.56472
11.98628
10.90736
10.34326
11.54892
12.18766
10.64846
12.04963
11.02475
11.72586
10.69063
11.32086
12.12045
12.95938
9.876406
12.64444
11.74743
11.88376
11.67762
11.03436
13.39867
10.88625
11.28171
12.4626
11.7112
11.89163
10.57015
11.0239
11.12975
11.18735
11.95261
10.76022
12.3804
11.98485
13.38861
11.66329
11.7541
11.74481
10.98028
11.58417
12.08307
12.12126
11.11323
11.75678
11.63974
12.9364
10.96507
11.81036
13.52372
11.63876
11.00213
11.70013
12.0211
11.24676
11.17947
12.11139
11.97934
12.33468
12.05747
12.73088
10.94425
12.16455
11.48074
11.2105
10.09389
12.24849
11.97925
12.65552
11.60588
11.32703
11.2136
12.70133
10.5809
10.61953
11.03365
11.28838
10.78467
11.25946
11.63092
11.77701
10.92262
11.79831
11.60493
12.72116
11.81098
10.73939
10.80557
11.78691
10.96328
12.56328
11.89705
11.4773
11.40469
12.49958
10.43474
12.43686
10.99231
11.61031
11.9798
11.29726
11.0718
11.41968
11.44152
13.25147
12.06346
12.67173
12.93879
11.85547
11.48918
11.48754
10.97572
11.98553
10.17309
11.48468
11.94291
13.40885
12.59917
11.86324
12.80064
11.90746
12.79713
12.11868
12.94882
10.05055
12.06633
11.33876
11.60562
12.20408
12.01939
12.53289
11.43791
11.90551
10.51988
10.6698
11.7408
10.68943
11.72502
10.40573
13.02081
10.84865
11.75145
11.08445
12.99304
11.64716
11.82894
13.12117
11.71701
10.84249
10.28022
12.98313
11.31807
12.62809
12.89484
10.73892
12.86288
11.40207
12.18633
11.85881
12.60454
11.26842
12.26881
11.86432
11.37263
12.35172
11.11602
11.1724
11.52623
11.20843
12.05946
10.98674
11.13045
11.02976
11.40107
11.88906
12.35346
11.84521
12.08977
13.27202
11.88923
11.35691
11.97999
12.0906
11.04931
11.01323
11.04287
10.72586
10.33304
9.935723
12.11986
12.74754
10.91845
12.06406
11.64194
11.49448
11.62804
11.35228
11.84701
11.07511
11.81492
10.32819
11.90819
10.17777
11.53998
12.9235
11.67748
9.779616
11.50409
12.22235
12.89567
11.05234
11.02327
12.01937
11.01705
12.73106
11.91665
12.36508
11.90657
12.99639
10.68985
11.78397
11.68885
11.73752
12.9636
11.98766
10.62476
11.53855
9.832567
11.01803
12.25411
10.93622
12.76782
13.52548
12.05235
11.46531
10.87409
11.95236
12.08504
10.94713
11.16917
11.45824
10.49325
11.3666
11.15179
11.77304
10.76341
11.57044
12.37016
10.63685
11.24164
11.93657
13.12627
10.23267
9.529228
10.42918
11.55341
11.31735
11.60671
12.71961
11.1247
10.92952
11.68365
11.87249
11.163
11.4061
11.20032
12.90809
10.4839
12.11896
11.43712
12.43725
12.23374
11.38301
12.13839
11.61168
11.41817
10.93511
11.49479
11.84567
12.63851
11.44433
12.57618
11.332
10.73208
10.4
12.01986
11.38411
11.65422
10.94124
12.40061
11.11088
11.73661
12.19927
12.36463
11.69473
11.1355
11.28533
11.41493
11.9787
12.05736
13.46364
10.6701
11.3457
12.1222
12.52508
10.72963
10.93472
10.574
11.74927
11.38392
11.81107
11.84791
12.03417
12.53501
12.04924
11.49789
11.83296
10.86573
12.59741
10.41996
11.28343
11.03619
10.37628
12.17303
11.47032
10.71194
11.49851
12.30626
12.53493
12.68673
11.80303
13.61493
10.62707
10.65834
11.38763
11.96438
10.91227
11.26132
11.77783
11.89424
11.98722
11.14581
11.3595
11.20086
11.5182
11.12372
13.30087
12.74386
11.36888
11.99883
11.76173
13.31402
10.65237
11.3935
12.3758
11.90932
11.17798
12.15778
10.70982
11.09971
12.43162
11.69415
12.35241
11.96067
12.5444
12.36458
11.76925
10.64995
13.86319
13.12391
12.04362
11.82611
12.22543
12.36789
11.08713
12.29727
12.2159
11.24146
11.41043
11.20749
10.74138
11.02237
12.44445
12.43248
12.74363
12.21901
12.52441
12.13771
12.31669
12.15212
11.43025
12.1327
12.52246
10.51092
12.4525
12.54665
11.95441
12.63642
12.4813
11.22667
10.5682
11.16345
12.39127
11.54282
11.34076
14.00039
10.16883
12.78595
11.41483
11.97245
11.27958
11.17561
11.23484
11.75612
11.79818
10.80055
11.04866
10.35283
12.06174
10.79933
11.4419
12.11421
11.57304
11.23152
12.40855
11.59522
12.15305
11.84073
12.47603
12.19459
12.05429
