695.9207
657.9976
713.0926
688.8101
676.4659
703.4773
739.1625
686.2707
751.3639
729.5257
714.5827
684.7024
725.2995
666.0368
715.7659
733.5271
731.3622
698.469
754.2732
684.7454
686.9606
699.9407
709.4967
708.9328
687.6533
694.992
712.2964
729.3684
735.8366
669.428
662.2245
736.9074
696.1474
771.3735
692.6767
731.3457
692.4503
738.6842
771.3831
685.987
675.4015
739.2966
678.0989
758.7494
752.0765
748.3082
715.2441
762.9189
712.8462
719.9164
677.6344
740.629
694.4132
675.6066
691.9011
709.4774
711.2088
729.0609
675.7074
682.915
692.4262
706.2394
668.8692
705.7542
671.4268
678.5423
650.9056
650.6786
705.3291
719.2086
707.6763
702.5367
675.5113
695.7396
698.5052
704.455
689.2365
725.8574
698.5686
709.4247
690.5443
676.2033
689.3831
722.2604
648.8944
701.248
693.9119
706.2923
719.7593
712.5424
720.2548
703.8526
676.8707
682.7263
665.1459
690.1183
775.5496
678.2829
715.4225
736.7033
723.8659
683.3466
694.5061
712.5852
654.3524
708.0399
705.6881
742.1953
662.4574
713.9457
678.5693
672.5626
741.4838
690.8632
748.4729
691.1109
672.6964
724.8616
695.3673
691.7564
686.118
669.2935
693.6877
720.1291
748.9217
693.6828
793.7937
702.6812
731.6178
719.6263
736.169
751.8367
650.2631
721.473
714.4108
670.3664
763.0642
704.6356
698.9904
694.5391
685.9952
701.7642
719.4978
719.215
754.2838
710.0819
765.7279
722.3707
746.2225
711.379
728.725
733.4565
680.7152
731.9882
750.6491
694.4408
655.6675
723.29
715.6193
677.4413
672.4371
703.3719
770.4069
754.4338
716.8038
736.43
748.1109
681.6701
711.1924
713.3886
735.9249
781.091
646.3287
691.942
732.39
709.5358
678.4019
686.1502
725.4996
716.6684
694.5974
723.5179
713.1782
692.2745
711.8825
678.4728
678.6042
675.9623
697.1485
676.0721
681.7957
717.1651
690.7659
616.4165
677.2645
735.2618
706.7497
700.1921
710.7939
684.1463
708.4504
719.6101
662.0172
717.8842
706.0385
636.5295
702.899
736.1362
703.5206
743.4512
715.583
729.6618
720.9848
716.6582
692.4506
683.937
684.9844
678.3686
712.6278
722.9133
708.4205
689.9124
679.6876
711.1069
647.6109
661.0614
663.2137
709.5455
700.1905
666.573
714.9138
731.2907
661.8837
715.7439
747.3011
715.7519
767.3664
758.327
709.7382
675.6699
722.0218
653.1274
716.9091
683.4525
677.4877
725.0056
740.1123
696.7004
689.4
676.6429
747.1737
678.864
710.1392
720.0983
706.0884
707.0691
699.4503
691.1319
646.6616
700.8651
650.1061
784.1282
702.8388
738.6822
721.7282
681.1078
743.146
696.8257
650.1177
663.6591
724.0969
697.8415
689.7159
700.6159
641.6552
677.2689
753.4492
734.31
692.5941
684.9365
734.3673
726.5117
708.4504
708.2738
689.1945
712.098
708.2158
742.6906
773.5868
683.8248
704.9324
686.9512
676.4295
676.0864
681.4559
663.0228
677.9681
719.4862
725.7666
756.4744
745.6411
740.8749
703.8822
645.5881
730.1237
705.3105
631.3914
683.7868
780.9176
672.0066
706.4741
662.9757
755.4669
698.7125
711.0219
717.9211
713.1898
765.5306
736.9944
697.3226
687.6304
701.7546
684.277
656.9075
703.0937
692.3957
731.3322
736.145
781.7554
766.0503
696.6156
709.3172
705.0856
773.3756
784.0321
701.4614
674.2265
720.53
806.7644
715.1866
652.8809
745.989
675.426
720.1042
685.3724
675.9409
670.1177
631.2841
682.5509
684.4978
765.2672
709.9469
718.5563
693.5608
716.3814
684.3362
784.3219
675.0888
701.9523
641.9932
696.2954
704.1592
709.3562
710.5968
730.7906
711.9506
710.7212
814.3953
637.9501
691.903
696.9303
700.2652
728.7889
746.4582
734.9933
742.3463
648.654
692.3126
641.4505
673.5665
675.2486
629.507
705.2481
759.5085
691.8184
702.6846
682.4152
718.3078
764.322
647.2525
706.1516
690.8237
684.5627
692.1383
674.669
716.74
711.0846
754.114
717.8217
706.2391
736.1897
679.0785
697.6462
760.482
662.0197
698.1326
685.4838
667.7563
740.1904
696.8987
748.9941
708.5477
712.8938
701.6449
653.2912
689.4353
689.5183
680.6066
693.4312
628.2586
707.0586
696.6428
703.8986
718.9753
701.0263
712.65
652.5474
742.7225
748.7971
776.744
656.7331
677.4425
681.7123
697.5674
701.4668
678.6703
769.6364
731.9024
662.9548
704.7385
674.791
616.2
703.6101
714.6935
674.2536
745.8943
667.7426
745.2948
684.39
722.2947
684.7059
640.235
662.8097
715.773
677.2576
712.2919
618.4441
673.1733
738.4538
736.179
737.7793
623.4617
695.3345
776.1267
705.1762
678.2503
730.4265
647.1693
728.0463
745.6521
665.8159
678.448
703.8752
701.562
731.2671
703.2304
721.1807
770.2729
697.346
722.4991
778.6807
720.1287
699.6552
779.8477
676.2157
692.0197
702.961
662.3051
648.171
686.3919
710.3259
719.7767
779.1158
736.5892
704.4874
705.775
697.2594
695.0353
738.2742
744.3193
