37.81142
19.97162
20.5165
20.82064
17.76309
20.94224
18.8905
22.05469
25.17881
21.41072
21.32622
16.8023
19.94075
19.9264
22.27154
14.96844
21.08435
24.5214
24.47125
23.57561
21.26865
18.08542
18.51116
22.03888
21.64685
19.93736
20.93392
23.16376
17.84973
19.36727
21.07572
24.33448
24.91765
22.74934
20.2307
20.56867
21.39491
19.77973
16.59555
17.77155
18.75154
22.59342
21.0478
23.55217
21.36018
18.26343
20.31627
16.94408
19.52418
20.17118
23.57977
22.62799
17.62327
23.29329
25.79766
21.24862
20.97099
21.88279
28.37104
21.93238
19.08248
22.9502
19.54173
14.91302
19.16273
20.91463
20.85593
18.94238
21.0485
14.71799
18.2764
18.92987
23.66722
17.98266
24.05166
22.78391
22.145
21.92815
21.05467
20.94725
21.60713
21.23984
23.35055
27.29761
22.66091
18.40743
16.85913
16.96229
16.30923
19.58307
22.83171
21.47776
24.23863
15.99593
19.40388
19.06224
21.16798
17.83567
19.90265
20.63096
25.10978
23.62808
18.53365
20.28095
19.54567
18.68735
21.24138
22.34998
23.26978
21.52878
17.55297
19.05909
17.5444
21.6037
21.74422
16.65539
20.52514
19.52291
18.81404
23.06714
23.99457
19.47572
23.62522
16.79697
21.96971
22.22778
20.20709
22.09895
25.45619
22.5988
22.75081
20.526
16.58638
18.61674
19.08678
19.11144
23.15871
18.29203
17.12052
16.77457
22.18525
20.69752
19.20931
25.66945
28.29271
21.39006
24.2175
21.51629
21.71508
20.26244
18.59057
17.12228
24.65511
24.63995
22.20618
20.70396
23.17379
26.11122
22.5369
18.46748
18.83544
15.19719
16.80167
15.64506
20.31676
21.62596
22.19957
23.93326
19.36723
23.64828
21.59549
20.22171
19.25124
16.37226
20.29936
18.97918
20.0886
17.99191
21.84089
19.34584
22.81198
21.8237
25.98079
24.4873
20.43799
20.49609
17.57643
17.87044
18.45975
20.43961
19.43455
18.63102
17.26643
17.48917
22.36452
20.21043
23.87379
26.01552
26.66688
19.26443
19.40947
21.83845
19.58551
19.572
17.73916
22.24742
22.03425
20.49558
19.42368
18.16076
21.27231
20.58346
24.97009
22.14495
24.30511
19.76651
19.1747
17.57292
15.64559
15.84269
19.02072
22.39844
27.06584
25.16793
23.06483
21.21777
21.66444
19.35412
18.9212
18.64596
25.55426
19.18972
21.25847
17.87051
23.17093
23.14332
22.36348
26.842
23.43244
21.33512
17.1736
22.03622
19.15912
19.53452
19.85687
17.9698
23.42327
23.7691
24.54511
25.01935
21.31939
19.1018
17.76921
17.89689
21.25631
21.14004
26.95255
23.89935
19.17139
18.42408
18.18368
21.06319
19.27391
16.81466
22.37807
17.54909
15.33725
16.77762
19.34141
21.86972
19.09357
18.92281
20.75127
17.39893
21.57077
24.34372
24.21555
25.16431
19.13987
20.67717
15.35986
19.84109
18.75041
21.01904
17.2441
17.87428
20.42336
21.36067
19.65654
18.18304
21.71874
22.05009
24.18632
22.95308
18.90684
21.80224
20.44182
17.98856
19.20166
22.11048
20.14655
19.99312
17.40381
19.47694
17.83942
23.59686
24.12234
23.17443
17.14472
20.62917
24.99473
20.32372
19.712
21.37876
24.15604
23.72038
19.89705
20.57425
19.70222
18.10427
18.08256
17.15883
17.35228
20.38486
22.28671
21.61445
15.02509
26.961
24.6208
21.35148
19.29625
18.58948
20.8548
22.82502
29.3577
19.75476
21.286
22.29373
22.02098
19.94066
23.01386
19.77302
18.92157
17.65498
20.73427
18.48575
23.4548
23.12357
20.6269
18.05419
17.56927
21.58613
26.80901
23.34002
19.53435
14.77133
23.66123
15.95185
17.40893
21.8855
18.86443
20.08842
19.82522
21.51361
21.77017
16.89822
15.33741
15.68913
19.331
19.57376
24.33859
19.12098
23.80339
19.78742
21.62772
21.35912
18.08576
17.99884
17.3293
22.99833
22.71563
21.08749
20.30396
16.54386
19.27298
20.29791
22.7192
22.18579
21.75379
24.04904
20.66727
22.35188
20.64106
17.95015
16.68875
15.06877
18.23785
20.58822
20.86024
19.4868
19.2243
19.84233
20.88207
24.40922
18.82209
19.0752
21.50638
21.21341
20.14855
20.87128
20.12091
20.18134
16.38649
19.47465
19.0391
20.84208
18.07277
18.87538
18.56787
19.36223
26.09738
20.30872
21.17384
22.70663
21.95028
19.83594
21.9743
22.05511
21.52593
21.1593
19.96222
19.68604
24.53448
20.42893
21.26783
22.53256
18.98532
16.51259
18.18803
19.04247
19.26794
16.17458
18.47611
18.97653
21.24015
21.49999
19.62556
17.13319
17.60567
17.05486
20.41613
22.65916
21.39032
26.9542
21.15104
19.75448
17.91235
19.17172
18.97066
19.00696
19.21482
19.03306
19.09829
19.77504
19.27146
14.39586
21.13113
22.06844
19.72266
19.82267
22.64921
20.10581
22.65184
18.78419
22.03931
19.83153
16.59967
15.73854
18.98674
15.99266
20.25968
18.41716
20.06854
22.00947
19.52666
21.30949
19.10662
17.96236
16.96942
18.16978
20.74289
18.02213
17.95342
18.6553
18.64462
19.50286
18.5845
18.08375
18.45624
16.81308
