104.601
104.1717
106.0216
104.9716
104.9552
105.7557
105.2862
105.7302
105.0149
103.5747
104.4841
103.4123
104.4287
104.2457
105.5142
104.4145
105.0201
104.4164
104.2827
104.535
104.2673
104.0447
103.2355
103.1987
103.1745
103.7114
103.9033
104.3331
103.384
102.6109
101.7866
101.638
101.5307
101.7568
100.9139
100.5849
99.84071
99.26923
97.97294
97.21929
96.19242
96.0691
96.19294
96.23165
96.52259
96.16439
96.42491
96.61859
97.0384
95.41721
95.56794
95.72799
94.58377
93.65509
94.62867
95.48907
95.90872
94.95027
95.12039
94.02269
94.56766
94.19845
95.12074
94.13567
94.30805
95.53124
95.19846
94.88561
95.56976
96.46711
97.22672
96.52768
95.92058
96.15568
96.6927
96.68699
96.94429
98.16526
98.56036
97.90956
97.73177
97.01506
97.32603
97.30643
98.62085
99.0298
100.2436
101.7474
101.7466
101.1824
101.6245
101.6477
103.1295
103.6012
104.3306
105.4591
105.6338
105.0523
106.0345
107.1527
108.247
108.7534
108.0541
107.6086
108.5719
108.5294
108.5408
108.7792
108.2152
106.506
107.3603
106.7721
107.589
108.2432
108.2544
108.6602
109.8316
110.2934
110.2814
110.5756
111.1048
112.1429
112.4438
111.4752
111.4181
111.9056
111.7966
111.6629
112.2594
113.2187
112.8156
113.1447
113.5285
113.9465
113.9026
113.3587
113.6573
113.9254
113.1755
113.4328
112.8086
113.1008
112.918
112.9595
113.2092
113.8711
113.1171
112.9005
113.1985
112.836
113.8036
112.6246
112.8592
113.708
114.3367
114.4358
115.0727
115.668
116.0959
115.6704
116.1109
115.8602
115.3379
115.5094
115.8379
116.5991
116.7846
116.268
116.6132
115.7047
115.4116
116.565
114.8031
115.1007
114.3755
115.6199
115.1668
115.7927
116.091
114.7004
115.7464
116.1671
117.2089
116.4454
114.7973
114.1404
114.5916
114.0856
115.2471
115.1338
115.274
116.3287
116.8559
116.5138
117.2843
118.0267
117.316
117.3071
116.4054
115.8324
115.2857
114.517
115.1504
114.4386
114.6358
114.6989
115.3534
114.9527
116.6548
116.7655
115.5186
115.8836
115.2735
115.323
114.7473
113.7315
114.3926
115.1154
113.9405
113.6506
113.0165
112.4154
112.9128
112.5231
113.0302
112.2456
111.4897
110.8381
110.5561
110.2773
110.2095
110.2267
109.7517
109.1841
109.0496
109.0686
108.2616
107.4908
106.9581
106.6129
106.5419
107.7258
107.9639
108.0041
106.7323
106.9674
106.948
106.542
106.0224
106.2722
106.1728
104.8771
104.8959
103.8824
103.0812
102.5692
102.3887
102.5085
103.1074
103.6774
103.2484
102.2797
102.3047
102.5658
103.8724
104.5739
104.4206
106.2646
106.1778
105.7301
106.8355
108.4024
107.7561
107.5171
107.308
106.5804
105.7489
105.6849
104.9979
105.9732
105.7162
105.0058
105.1211
106.3088
105.3147
105.6973
105.5173
104.8686
104.8042
104.6619
105.3211
104.8477
104.6409
106.0724
106.215
105.6498
105.7827
105.2433
105.793
105.3017
105.794
105.4993
105.8606
105.9025
105.1656
104.9296
105.3137
105.3394
105.7377
105.7968
106.1028
106.4671
107.3441
107.6074
107.247
106.4246
106.2475
105.9972
105.9767
104.7586
104.924
105.1238
105.2302
105.1252
104.5476
104.1147
103.3096
103.2507
103.2003
103.7315
102.7375
102.868
103.2911
103.2627
102.6134
101.3403
102.4099
102.397
103.0182
103.3833
102.6418
103.4718
103.0325
102.7154
102.788
103.5589
103.5555
103.5874
103.5321
102.9901
102.9897
103.8894
104.4422
106.3951
105.804
106.2837
107.7419
106.8285
106.6503
106.3051
106.0703
105.3459
105.0745
106.1871
105.488
105.1412
105.8764
106.8612
106.9878
105.9785
106.0758
106.9408
107.8928
106.6239
106.9049
107.7007
107.7591
107.8281
109.6683
109.614
109.8655
108.7186
108.4917
108.6927
107.9699
108.0125
107.8698
107.6088
107.0593
108.0197
107.5611
107.9075
107.9227
108.7099
109.5127
110.4999
110.4856
110.2912
110.6072
110.9478
110.3057
111.4168
112.1429
111.0661
110.5823
110.2751
109.3403
107.7492
107.7144
107.4414
106.9057
106.4711
106.7183
107.2988
108.5334
108.0005
107.7751
108.5551
108.4622
107.91
107.4831
107.5889
107.7274
108.1251
108.1927
107.9128
107.8371
108.2344
108.8896
108.8432
108.6894
109.0197
108.4315
108.5569
109.1684
108.1622
108.4733
108.2019
108.4981
107.9614
107.6
107.2794
107.406
107.8443
107.1257
107.6413
108.5693
107.6789
107.8003
108.4251
108.3185
109.2531
109.7665
109.3138
108.3612
109.0761
110.8207
110.8721
112.2136
112.5486
112.6654
112.7317
112.8387
114.1805
113.3602
113.4299
114.0804
114.7664
113.4895
113.7211
114.0263
114.3501
114.5658
113.9813
113.4534
114.333
115.1999
115.2787
115.7044
115.6063
115.88
115.1411
115.0095
114.8374
114.6173
114.7313
115.0313
115.2867
115.2852
114.7013
113.6396
113.3518
112.8326
112.3831
112.3063
112.6891
112.1506
112.1252
112.3949
113.5808
