0.6671881
0.8175128
0.8234889
0.09930606
0.2526505
0.4232429
0.3963878
0.8954645
0.289024
0.5530009
0.4293239
0.274533
0.1845836
0.1621227
0.5355179
0.2613667
0.2888478
0.2398685
0.4281996
0.1480306
0.3193774
0.4376286
0.7135728
0.3343909
0.5055999
0.3269894
0.2434987
0.971076
0.223905
1.009185
1.57247
0.4128973
0.2659652
0.536938
0.7552993
0.3427325
0.3314668
0.8574644
0.1285166
0.4725821
0.1488153
0.1757083
0.9543928
0.2305194
0.3274223
0.3262632
0.3471381
0.4989839
0.5503792
0.3195674
0.2109566
0.1484996
0.4039815
0.402227
0.2183828
0.2478433
0.4670098
0.2784456
0.3280295
0.1985612
0.183735
0.1978263
0.4275153
0.2528755
0.6974747
1.744595
0.3524049
0.4564861
0.230084
1.093819
0.8633149
0.4050672
0.221311
0.2807035
0.6435805
0.3046349
0.6180299
0.5223384
0.6322893
0.1204636
0.7603901
0.1086676
0.2799385
0.60317
0.1902921
0.1856205
0.2587325
0.4160233
2.14131
1.392326
0.7424748
1.09623
0.2756219
0.4677465
0.3332656
0.9173144
0.5119926
3.184987
0.216095
0.3790407
0.2213887
0.2708048
0.09939935
0.4682447
0.4107135
0.2167193
0.1480227
0.2243073
0.2726776
1.403028
0.1590881
0.4243768
0.3888088
0.1726251
0.3292797
0.3553476
0.3969902
0.3832087
0.2321591
0.4653352
0.3661225
0.4164087
0.5554851
0.3503334
0.1417839
0.2129719
0.5515711
0.5091987
0.2720321
0.2107709
0.5259086
0.26361
0.7447086
0.5089286
0.5982591
0.2629474
0.2575981
0.2745052
0.2041732
0.6303943
1.954353
1.648492
0.86396
0.2448926
0.1621233
0.3860692
0.1911341
0.1343941
0.7220576
0.1811388
0.173607
0.2184005
0.1481848
0.1494087
0.1674141
0.2576407
0.8928849
0.5129659
0.2951232
0.2453593
0.2870041
0.4222249
0.5204072
0.472195
0.348356
0.2413504
0.2453465
2.058068
0.5778437
0.8883801
0.3960471
0.1255294
0.1027828
0.4914251
0.2363176
0.4936288
0.1297717
0.2711723
0.2875644
0.4442605
0.3383505
0.7111297
0.7913179
0.2709224
0.3212631
0.340595
0.201031
0.1982423
0.162491
0.4169069
0.1651706
0.07664092
0.3005785
0.08258067
0.1622961
0.2021699
0.4640621
0.3604778
0.3862346
0.2369837
0.1153948
0.1429179
1.259252
0.1770271
0.3732296
0.3835316
0.1728135
0.2151861
0.7073143
0.4290294
5.677142
0.6769264
1.191937
0.6508638
0.1605851
0.2601482
0.3997965
2.024266
1.106148
0.5351574
0.4160278
0.425764
0.5359899
1.149478
0.3663718
1.819261
0.1894079
0.2491015
0.4046507
0.3957989
0.4847233
0.1799841
0.1674201
0.2666265
0.299019
0.6146319
0.2582296
0.2862238
0.3701962
0.2636274
0.4024801
0.1442399
0.3922934
0.348625
0.3377561
0.2829954
3.198178
0.4883888
0.3914332
1.960917
0.193101
0.1859587
0.3009303
0.1991342
0.2918065
0.4054139
0.09414369
0.4598432
0.8486024
0.1918501
0.2696527
2.348809
0.558493
0.4679999
0.2819718
0.3888655
0.2045251
0.1297642
0.4782401
0.9615898
0.666967
0.8976112
0.5023415
0.2740178
0.4786161
0.3755114
0.1528232
0.1435691
0.1625491
0.09673133
0.246213
0.1389017
0.8591808
0.934435
3.986709
2.187964
1.56152
2.629082
0.3756892
0.5839269
0.7789441
0.3624243
0.1934166
0.4851225
0.1270103
0.7799961
0.3088899
0.7568767
0.6761504
0.2537732
0.3274103
0.493059
0.5991906
0.1720743
0.3982928
0.8927194
0.3003321
0.600946
0.3497326
0.3172578
0.5441668
0.9211613
0.5710763
0.1328006
0.9047029
0.5005644
0.2794116
0.9313757
0.1833285
0.5809197
0.4466564
0.2428939
0.7459655
0.4583997
0.1924368
0.3743046
0.646501
1.450441
0.1224841
0.2028925
0.1763073
0.92563
0.3707573
0.4813324
0.3141273
0.4423617
1.142424
0.3156888
0.348515
0.414671
0.1937919
0.2982899
0.5856434
0.2134681
0.6607914
0.7767371
0.275732
1.5898
0.3108771
0.4843489
0.298123
0.5326644
0.4993527
0.8298438
0.7062742
0.270779
0.2494685
0.1187949
2.426931
0.32541
0.155056
0.4124861
0.2675523
0.3259008
0.212617
0.2663364
0.3634542
0.132083
0.3949292
0.3958132
0.1836987
0.1075217
0.1887371
0.8479867
0.4107809
1.227941
0.3351505
0.3657756
0.1663926
0.2749701
0.244705
0.1186336
0.5562934
0.2048734
0.586163
1.13865
0.09710889
0.1582596
0.4302934
0.2651026
0.2171904
0.2850918
0.1636281
0.3547032
0.1570695
0.3424017
0.9234134
0.3227508
6.285557
0.3406895
1.02107
0.1835371
0.2844158
0.338013
0.2670646
0.8568889
0.1199207
0.2933873
1.048758
0.3622407
0.2016961
1.29285
0.2751903
0.2597966
0.2137015
0.3257668
0.1342472
0.3181813
0.2521665
0.4276754
0.1370538
1.69708
0.1977201
1.647325
0.1356646
0.1805545
0.3791991
0.1489948
0.4185361
0.5721256
0.2699008
1.296003
2.163117
0.3511806
0.2941682
0.9631489
0.3196311
0.1399532
0.5098343
0.1659237
0.2130418
0.2319433
0.5262573
0.5524758
0.1488613
0.4581068
0.4661976
0.2475207
0.2543364
0.2614804
0.7106581
0.8039745
0.7803645
0.1441538
0.6320531
0.2724219
0.9073832
0.2054166
0.4303694
0.2692656
0.8628364
0.1862153
0.1146782
0.5515707
0.407997
0.5060031
0.3236154
0.9460243
0.5474684
0.3175861
0.397507
0.2214036
0.152982
0.7259868
0.3226217
0.1879967
0.3313235
0.698034
0.4234858
0.27037
0.522434
0.3322409
0.2549468
0.5257219
0.1212376
0.2410298
0.5670518
0.3769801
1.151675
0.3252723
0.2704626
1.010987
0.1889969
0.214886
0.3133294
0.4517826
0.3696892
0.6630404
0.1805717
0.4489817
