7.952023
8.376293
6.775814
8.443809
6.689176
10.33959
10.97826
7.856585
5.392265
4.605534
4.288633
3.898709
3.710023
3.635849
3.847968
4.807445
3.763427
3.388838
4.200964
4.430285
3.614849
3.459671
3.604466
3.350333
3.743691
3.56938
3.225266
3.501396
3.722979
2.921574
3.35658
3.822593
3.804843
4.678639
3.312895
3.754674
5.004703
4.186889
3.14549
3.710772
3.163903
3.529386
4.158771
3.352215
3.622797
4.278661
4.54896
4.297955
3.726377
4.868482
4.264475
3.117705
3.714824
3.009547
2.78267
3.19599
2.698685
3.165968
3.329857
2.355062
2.629379
2.991383
2.697334
2.532376
2.626191
3.902498
2.673852
2.563924
2.482662
2.717847
3.268576
3.916819
5.091468
5.504514
4.50451
4.347651
4.382888
2.976338
3.187142
5.564003
3.654041
4.589894
3.644722
3.132809
3.349015
4.434204
3.547503
3.595653
2.718548
2.833537
3.665636
3.658056
3.112712
3.604975
3.643672
4.062362
3.341301
3.325761
4.016875
3.779038
4.291569
4.392964
4.099512
3.765267
3.509603
4.428667
3.722458
2.65336
3.835701
3.204191
2.905413
2.643904
2.386686
3.108681
2.923347
3.91378
4.302987
3.297442
4.058333
4.542184
4.112047
4.844892
4.439436
4.536668
4.082978
3.989032
4.342601
3.620227
3.121009
2.742421
2.559789
3.133506
2.767344
3.100067
3.168994
2.915324
2.36288
2.976762
2.841193
2.285752
1.985995
2.491125
3.415996
3.759595
2.593074
2.786065
2.75559
3.082752
3.716417
2.150773
2.400597
2.196695
3.282714
3.629327
3.225019
3.479531
3.778791
3.631051
3.616206
3.386534
5.147304
3.194251
3.844991
3.406814
3.941601
3.016555
4.176748
2.702803
3.034932
2.65159
3.190215
2.783625
2.817893
3.340757
3.315177
2.851246
3.47289
3.829559
3.879173
4.676101
4.066152
4.709942
2.882369
2.971487
4.071424
3.895958
3.316148
2.265376
2.715705
2.78898
3.107916
4.540008
3.455829
3.770656
3.376418
3.313086
2.773463
3.136202
2.656791
3.040293
3.190224
4.227686
3.936513
4.923634
4.422298
3.1962
2.964405
3.235381
2.86482
2.784125
3.691835
3.628874
4.146347
4.260491
4.183317
4.363951
4.617896
3.436044
5.357703
5.371177
3.595254
4.119138
3.825903
3.815992
4.4776
4.085785
4.670806
3.317763
3.613042
4.806494
3.56352
3.205625
4.326256
2.804442
2.591331
3.274821
3.079017
2.397667
2.160047
2.528206
3.679518
3.636128
3.301363
2.755614
3.865545
5.777178
6.796754
5.622594
4.726135
6.121343
5.426645
3.940591
3.950769
3.463001
3.319387
4.954133
4.271623
4.382708
4.14443
3.887207
5.315169
2.858137
2.458243
2.893031
2.736358
3.278222
3.142046
3.675424
5.278502
4.594332
6.515094
4.391018
4.077926
3.908958
3.956437
4.788233
3.335025
3.091924
3.072168
3.088034
2.318071
2.995074
2.675814
2.754403
2.174344
2.421973
2.457032
5.162965
4.5571
4.15831
4.194162
5.560213
4.233031
5.075691
4.868149
4.277514
4.913851
4.85446
4.793816
3.961791
3.398358
4.293265
4.462379
5.072153
4.376267
4.443892
5.240347
7.301742
6.626274
4.555582
3.606746
3.712091
2.419343
2.245286
3.206956
2.612233
2.321123
2.651343
2.821447
2.548643
2.826228
2.762809
3.264285
3.040951
3.069213
2.733362
2.341247
2.729104
3.106054
2.88257
3.983503
3.201581
2.78772
2.207583
3.229852
2.911304
2.53394
2.318668
2.287366
2.320212
2.131811
2.36574
2.682409
2.938232
3.108822
3.216753
3.496133
3.37417
4.163221
3.579648
4.161785
4.12719
3.851414
3.098999
2.056944
2.461752
2.369708
2.933919
3.579439
3.373459
2.950168
2.591784
3.389421
2.547424
2.882168
3.790694
3.682515
3.485349
2.753899
2.988384
2.823484
3.06579
2.882993
3.027151
3.813127
2.964994
2.561304
3.210288
3.688058
3.449119
3.308223
3.523134
3.024321
2.858579
2.966877
2.5744
2.696286
2.787925
2.911421
2.687178
2.600559
3.000878
2.356333
2.797293
2.761847
3.084594
2.770646
3.2529
3.393265
4.046489
4.515624
5.265898
3.588747
3.579562
3.07276
3.383483
3.718687
3.777089
2.67714
3.074724
2.64867
2.446359
3.58064
4.19388
4.332387
4.052516
3.736464
3.364058
2.813992
3.368028
4.089637
2.631376
3.362999
3.445839
3.14809
3.342213
3.82726
4.368226
3.320156
2.605407
3.912302
3.562437
5.815469
3.828285
4.584529
4.462352
4.256221
4.682106
4.522654
5.383107
4.306373
5.137483
4.837378
5.69566
6.343772
4.823651
4.109221
4.694185
3.997855
3.947491
3.604052
2.84674
3.694817
3.199955
2.577981
3.009693
4.010712
3.996789
4.081313
4.659783
3.875782
2.721025
2.865337
3.083527
3.441589
3.511595
4.412109
3.798866
4.242028
4.150842
3.804313
4.061739
4.434425
3.114717
2.941527
2.777526
2.573793
2.452583
3.037144
2.912786
3.234964
3.416871
4.319509
4.830443
5.237824
4.347401
3.599536
3.601875
4.046447
3.804584
3.728222
3.975676
3.156412
2.892128
2.580958
2.774721
3.095841
3.052957
3.428267
2.152703
