84.38459
89.60639
92.07878
88.87645
87.98765
86.34039
86.21018
88.7058
87.82096
87.2215
87.14422
87.84809
87.29786
88.33055
87.02897
87.97718
87.14688
87.89493
87.4543
86.91102
89.02617
90.80453
90.39949
90.77048
90.16116
91.74432
90.82294
93.00365
92.58016
92.38369
90.90765
90.24944
89.33991
90.09051
90.46258
90.18901
87.71025
89.20475
90.20229
90.61823
91.30304
91.31395
92.09332
91.51694
91.88392
90.95301
91.75969
91.76702
91.23281
92.71688
92.63962
93.30767
92.89832
92.31919
91.54082
91.48125
91.25181
91.13435
91.27028
90.24032
90.09967
89.97617
88.91206
89.64414
89.02608
88.26237
87.51285
86.9291
87.584
87.89728
89.12192
89.11989
88.8736
87.20569
86.95472
87.26916
87.7246
88.47219
88.5376
90.02749
89.04677
90.55054
89.04598
87.31541
85.95897
83.71889
82.65572
83.43059
82.48572
80.23671
80.28595
82.23495
84.075
84.45484
85.58956
85.47883
84.60425
85.24455
85.18201
84.11531
84.11834
83.30735
84.37671
85.56807
83.34253
85.49557
85.24475
85.59436
85.73578
87.09739
86.13468
84.15588
83.60043
84.12549
84.38678
82.85568
85.22411
86.43341
87.10343
88.66807
88.79124
88.27282
89.89068
89.93122
89.00322
90.39168
89.47028
90.25278
90.37976
91.00982
90.35309
89.1445
89.4529
89.54741
88.49849
89.23759
88.274
87.06358
88.28662
86.78283
87.79798
87.63098
88.19499
87.32304
86.30884
86.61373
87.81507
86.83678
88.2109
88.7293
88.27393
87.01686
86.88238
86.38565
86.51823
84.67285
83.36007
83.10983
82.29043
82.18063
83.50619
83.38701
82.56774
81.80426
82.90205
82.71909
83.0223
82.13684
82.58109
82.44871
83.27837
82.88609
83.07619
84.1145
83.92782
82.55711
82.5728
81.7668
81.83262
81.60974
83.36483
83.13317
82.53795
82.90715
82.8148
83.64139
83.54639
82.8221
82.11109
82.39283
82.23934
81.43667
82.12325
79.38823
79.22872
79.26535
80.02528
79.42674
79.44215
79.97933
80.72352
81.61344
82.31865
83.63716
83.81141
84.17739
85.15824
84.60987
82.69488
81.07796
80.50416
80.89043
79.94741
82.42118
81.8648
81.67887
81.36194
82.24008
82.59238
80.83611
78.76913
80.1929
79.70201
80.35339
81.35593
80.78238
79.95873
80.22985
80.13855
80.65415
81.07495
81.61274
82.48818
82.75928
83.17989
83.77568
84.0313
84.78312
84.23118
83.48146
84.40835
86.08193
85.13916
83.48426
83.21794
82.30538
82.23928
84.73192
84.69802
83.80208
85.44911
86.16663
85.95553
85.03506
84.71619
84.48748
83.46656
84.7781
84.57645
82.4234
82.34691
81.67931
80.60629
79.97834
79.99032
77.80471
77.80671
78.02291
77.69491
77.67147
76.84462
76.71922
76.07536
77.56053
74.7216
76.43152
76.39014
74.78907
75.40545
76.64502
77.86852
78.13788
77.38089
78.47771
77.68756
80.74162
80.0697
81.14545
82.05951
82.6131
83.63852
82.65589
83.45083
82.33462
83.39652
84.55684
84.21385
86.53604
86.91253
86.60794
87.97613
87.89469
89.32428
89.96698
90.63043
88.62302
87.42377
85.91984
87.26089
86.66829
85.39515
85.69323
85.453
86.37557
85.67587
85.32608
86.6066
86.79843
86.71667
88.1422
86.92751
86.6283
84.94089
83.80208
83.94623
85.43369
85.23482
85.1278
85.42733
85.79087
85.8932
84.6932
85.33411
86.04317
85.30399
83.89339
83.23497
84.10876
84.32972
83.23942
82.44543
83.45869
82.67059
83.12456
81.86981
81.68584
81.37014
80.89238
78.75061
78.32762
77.48065
75.94189
76.48993
77.73825
76.02502
75.81848
76.08173
76.17745
76.38372
76.14488
77.35894
76.881
75.0638
75.15355
75.49855
74.80155
73.9189
73.02039
72.66093
70.32716
68.10595
68.71565
67.18212
67.74461
68.87154
69.37333
68.95874
70.16039
68.90515
68.37016
67.9017
69.29923
70.61087
71.58517
71.99406
72.41955
74.41067
73.40746
73.92638
74.83322
76.51677
77.07471
76.30415
76.39001
74.81061
75.08977
74.12876
73.89036
72.36083
72.88117
72.80302
71.16325
73.52118
72.6856
72.35214
70.16429
67.38207
66.37573
66.92919
68.64937
67.9034
67.11899
65.02213
66.68473
66.1008
67.34778
66.40689
66.93358
66.00764
65.30104
66.12914
63.74672
62.69719
63.66558
64.16583
63.12821
63.56692
64.10004
63.30672
63.08057
63.134
65.09632
63.70986
64.73804
62.90506
63.5408
63.09699
62.77625
62.25589
62.53113
63.16091
62.97257
63.85557
65.51456
66.4464
65.1561
65.14791
66.82328
66.04622
65.6905
66.40325
67.84139
67.21104
67.79028
67.67072
68.54207
68.23737
66.25329
64.6514
65.3376
64.53444
64.37809
64.93162
64.19683
64.24372
65.10358
63.71698
62.55756
62.25964
62.3847
62.917
64.37028
62.98586
63.54621
63.27581
63.90244
64.54357
63.10866
62.43374
62.19439
62.81096
61.9575
59.80012
60.19764
60.25618
59.48201
59.19488
59.98952
59.2211
59.31136
58.64994
58.66967
59.53276
60.3346
58.53605
58.18429
56.31044
58.70409
59.20903
59.48829
