89.51352
88.07478
88.54135
92.36328
103.3112
100.9878
101.5293
106.5437
101.7322
93.85049
101.6355
92.76701
101.7475
110.7152
105.0952
102.977
103.7481
102.238
101.9427
96.35067
87.95033
79.60646
74.17712
69.82679
74.13128
74.60991
70.22682
70.21544
74.286
76.11035
75.99936
74.50487
77.09119
80.36617
78.90959
79.16774
77.67
75.20708
67.63859
74.01018
77.34434
76.78
75.35667
79.59015
82.97093
76.01318
75.01864
69.08718
75.43607
84.17304
78.86633
80.5661
74.79313
80.90699
76.93954
74.8762
66.15405
58.31298
57.56984
61.4823
70.64924
66.76388
66.53225
69.84992
74.35787
79.64881
81.27404
86.00396
83.05913
76.15585
76.31005
73.08026
74.18879
75.88776
73.5849
77.89007
70.77861
68.2827
75.01318
66.42105
72.14272
72.48364
69.10743
74.9552
66.49717
68.02687
64.75193
63.80818
53.29077
61.25722
59.4947
63.3569
68.84701
73.45165
65.73692
59.16306
67.17277
69.0435
65.9276
56.72479
55.39021
53.80632
54.94927
54.74532
47.84721
49.09198
54.53203
54.17945
59.10695
64.51169
77.46148
86.7572
79.38348
80.64578
84.31627
87.65636
95.05714
106.381
111.268
99.9625
97.07663
93.61211
88.77649
82.51121
81.80179
96.01134
95.3981
91.23045
89.0558
93.31275
92.26315
98.25316
95.48768
86.95374
91.83693
80.93903
77.84722
81.65096
76.5021
78.54897
81.03653
90.31045
94.55579
89.86685
80.88529
89.5511
90.21123
90.2125
87.56733
90.61697
93.14093
98.35036
92.07575
93.19906
94.36212
95.82443
95.42346
89.99161
82.6919
84.56931
79.87853
83.22007
88.95048
88.72886
85.19543
90.54208
92.16615
101.2852
100.3451
104.0888
108.7194
112.8486
105.0577
116.3764
114.7447
111.6563
100.8129
97.13552
94.44266
98.85396
96.36805
92.54178
91.83912
90.64302
84.82743
94.26489
91.45659
80.00139
78.13682
76.21989
84.50311
77.16545
79.87497
88.09283
87.20498
90.87457
91.98571
103.9243
112.6454
108.1401
112.7478
101.2158
99.75055
104.9521
94.92048
96.63483
105.7203
112.8409
124.8504
114.0489
107.6818
105.8431
97.66001
95.97787
98.88795
95.83709
94.19937
91.68451
96.53876
92.94628
86.03289
95.72681
104.0192
98.2789
90.3517
97.05912
100.1169
102.6445
104.4967
102.3652
104.0906
110.2261
103.6926
93.97863
75.41542
88.39737
92.88002
96.72949
89.82965
90.30976
88.34145
88.80855
86.99563
89.34264
81.48828
79.05404
82.99544
82.4357
80.80553
76.25505
74.84028
83.00539
81.53229
85.45632
82.91166
78.94237
79.25812
76.16868
71.83037
68.77329
78.30743
75.12047
76.46756
69.23791
75.42961
77.38341
88.12728
89.65724
89.72097
91.24483
97.32376
106.5816
109.9438
110.3484
112.6615
112.5364
108.8524
94.7598
88.32576
89.31995
90.94697
98.32114
89.4307
90.45461
84.54107
81.25588
80.59632
80.09769
71.36898
76.01391
74.1569
73.39575
67.98934
60.91463
53.83539
51.28743
50.35789
50.07376
54.65425
60.78439
58.64607
63.30818
63.99679
68.87681
76.48794
68.95096
66.91252
59.69634
50.44041
54.69563
56.02777
59.37754
59.3994
62.4737
53.58186
59.33205
59.25726
49.53646
50.40665
52.21077
57.5241
66.0178
65.39484
70.32402
77.36101
78.0459
79.27458
72.23766
69.84664
64.82033
70.6522
65.57024
63.64569
65.09969
70.82409
71.87158
72.65373
75.2663
83.33434
79.13982
73.30474
69.74029
69.06043
78.14147
74.56552
76.18872
86.168
89.73713
89.23422
94.70712
88.1729
93.39382
101.4346
100.6797
101.6611
98.208
96.01652
101.9897
99.25429
98.09548
101.3848
102.5821
96.58567
96.834
95.74818
97.04517
92.85456
89.25617
96.12975
95.17734
96.23457
92.44888
88.60201
85.7529
83.96065
76.1765
80.07487
84.55829
88.63293
90.94136
90.94916
87.18607
77.63741
78.59209
82.8871
81.05492
86.42221
87.62732
92.66977
95.64561
95.01555
93.69521
85.91112
86.41204
86.31877
89.08236
91.46423
97.23972
98.21383
101.4239
102.5401
94.45621
81.6017
72.21275
74.15488
74.92595
75.30237
72.79681
84.81287
86.00524
86.1636
94.43377
99.11509
97.04714
98.86624
100.6418
96.66006
87.59612
77.39003
75.4268
71.13511
69.45295
64.13205
61.404
56.26435
69.84039
70.72148
70.64362
70.17027
67.01702
62.9364
64.07025
59.69753
64.03327
61.80269
60.01869
72.73476
77.23363
76.03626
76.52604
76.69747
69.94677
70.59789
71.84959
82.70721
92.43883
88.07261
95.51822
93.8313
93.80811
85.5255
77.59969
74.0879
68.76985
66.71025
75.29128
69.28393
74.56332
74.76709
73.1059
78.10088
78.57958
73.0236
71.636
79.01574
84.21415
81.32769
76.30155
83.3484
85.67354
79.91539
86.55947
86.75496
92.46671
91.05919
87.25486
81.85581
74.09571
68.3095
70.13387
69.24485
70.6029
70.08448
75.45469
72.86008
76.19368
74.88052
78.90416
76.52292
80.20678
82.29606
85.68334
77.56493
81.1564
78.57532
81.30699
78.68102
81.6319
81.93065
77.95097
