103.7064
104.1176
99.99135
107.6332
109.9235
113.2095
114.9576
109.674
107.757
109.7994
110.5054
105.2321
105.9337
104.4423
107.4159
108.4505
111.3158
114.1979
108.8679
106.7588
103.5503
104.0643
100.7398
98.33656
99.74995
105.8832
105.297
107.3051
110.0254
105.1674
106.9597
105.8881
102.7517
104.4515
105.3683
108.3458
106.4768
107.8231
106.1279
101.2379
99.82397
104.0063
100.5077
97.16137
96.91307
98.49763
99.61927
100.306
101.083
98.8067
96.41743
95.79671
94.85594
99.76678
109.4328
109.5662
112.4076
112.7308
115.3764
114.4627
117.375
115.9728
113.848
113.1483
114.6374
108.5735
116.8109
119.3677
115.7384
112.5345
115.7544
113.0528
113.0016
112.2437
111.428
116.9052
115.811
117.2392
119.7649
117.0312
118.7614
124.0942
125.1997
128.1978
130.4881
128.218
128.5888
126.9409
124.6167
127.7474
132.5814
132.7786
134.936
134.7389
134.3505
128.8321
130.8207
129.8761
124.5417
125.6039
124.3193
126.3149
127.5189
125.4279
123.9114
124.5348
122.0523
119.4857
118.0367
119.2291
118.987
119.3219
123.4536
127.3448
126.5874
122.7818
121.7379
121.4382
122.1654
118.7896
119.9376
117.2416
120.1323
119.9836
116.4942
115.6054
113.7656
113.0232
109.3278
113.3874
112.397
108.5305
110.7014
104.9835
108.4092
106.2954
106.5506
106.4508
113.4533
110.6213
110.2852
114.6954
115.1763
111.4116
113.5313
114.476
120.2131
126.8897
130.5546
130.5175
127.7163
126.457
125.5539
125.0449
129.6151
123.3918
121.5113
120.2301
126.6677
125.6072
121.7034
119.3945
120.8395
117.4663
115.57
114.1636
114.916
113.2609
106.5416
108.2226
108.623
105.8196
106.7601
103.8479
104.3008
106.3925
106.0938
105.1629
103.1522
105.0348
108.8124
108.729
104.9349
101.6602
105.8922
111.6668
115.6367
117.3902
115.9887
115.0863
109.5323
110.6708
111.1683
110.4406
111.5407
110.0065
110.2705
113.195
116.1305
112.9437
115.1665
113.136
118.0544
119.4442
114.886
111.3342
111.1859
110.8958
109.0624
106.3754
111.6933
109.8502
110.8156
115.9257
117.7938
116.9384
122.3177
120.1353
116.5894
121.3288
123.0853
117.1328
117.2618
121.1262
118.6061
115.5474
115.9657
117.5143
119.0616
119.1166
116.8221
117.6915
120.5088
121.9682
118.2612
121.2806
125.6454
125.8715
121.0948
120.6149
122.5717
122.6966
122.1771
123.5771
123.9186
123.7438
128.7331
131.4258
131.1346
133.5185
130.3813
129.5404
129.8457
127.4906
126.9501
128.5456
129.6152
133.8474
130.0051
129.7795
125.2874
121.6436
114.4072
109.7116
112.8637
112.2911
111.7384
115.1161
114.1584
119.6574
122.3242
122.8863
123.0029
118.9863
117.114
120.2274
122.85
120.4334
127.8612
125.5268
124.2213
122.3061
123.464
120.3749
119.3588
121.2402
119.8256
121.0671
117.8118
118.8041
116.4804
114.2889
117.0833
121.4418
120.802
122.7388
123.1754
120.2666
120.9549
115.7351
113.9808
106.5757
105.2816
107.3784
109.2824
108.8901
111.729
113.9702
113.1036
113.8999
109.436
109.4783
111.0537
110.7194
104.6223
104.9577
106.6041
107.3338
110.2035
108.6057
112.7022
115.2397
113.099
109.7183
111.1858
109.3591
111.9856
118.6696
120.254
116.9955
116.466
116.2166
117.327
111.0919
109.9046
105.7272
105.9597
105.5944
106.8381
103.2718
105.5933
104.6003
106.7715
103.813
103.1073
102.8555
104.5499
104.6951
101.8352
98.3511
94.27493
92.66544
91.25012
95.27102
97.07613
96.5563
94.82081
94.26372
95.26471
97.00666
96.25992
98.78671
99.67256
104.5035
103.6849
102.6475
101.4676
108.8127
112.572
113.0755
115.4078
117.4883
115.3731
120.3298
114.192
118.1186
113.795
110.9267
111.4503
109.7638
112.7014
120.369
114.9932
114.3456
114.4316
114.11
117.5899
114.3508
110.6315
108.5551
114.1739
115.7454
117.5089
117.5576
118.4085
121.4635
113.9814
110.9352
107.4114
105.9813
107.8079
108.7151
107.5374
114.5241
112.4026
112.232
115.377
115.3906
118.0206
116.0673
114.529
114.8599
111.2111
111.4133
111.6524
107.4277
111.595
109.122
109.4025
103.9119
104.1389
104.5779
103.2573
104.6984
105.0667
103.3675
105.8919
108.6328
104.4599
108.315
111.5903
112.4065
110.4807
110.236
113.4905
108.9473
112.8965
111.7958
114.125
114.8837
112.2088
109.0432
109.26
105.8506
105.2459
108.0848
107.2142
110.6564
108.683
106.1511
110.3734
114.9413
111.5557
112.6126
114.0215
113.2567
113.1567
114.782
113.9818
114.8761
114.4592
112.2112
114.0006
118.8126
115.2122
111.5195
112.9703
113.1863
114.7216
113.3598
115.5522
114.6081
116.7996
116.1665
114.6709
113.1564
109.384
107.5083
106.6516
107.0401
105.4211
107.3313
109.1942
112.1679
111.2569
112.0874
109.739
111.3511
108.5216
106.3835
100.7154
101.695
101.814
101.9084
103.0869
99.87323
104.6938
104.8356
107.7994
104.0729
