27.62932
25.90515
31.95794
40.55641
29.00882
56.49251
53.09142
70.32392
41.91632
25.96439
41.94182
34.44859
30.27185
38.45193
31.72824
33.57027
49.25751
48.78864
38.89058
62.33495
56.6871
56.42281
46.7498
63.06954
41.97417
39.48943
31.87707
47.24452
27.91697
34.05542
44.40931
46.51683
37.67539
37.6469
49.85221
39.89355
28.87999
30.69064
29.74134
42.84674
54.29987
67.39095
94.76239
100.1584
114.3734
189.4762
114.8905
129.0209
122.2852
138.0866
169.3083
88.03053
107.9758
137.4736
112.8562
94.29532
152.8473
131.6306
131.7146
96.97853
74.98611
93.78639
117.8447
158.9494
188.0707
163.1914
111.317
101.456
68.69077
89.08812
117.6071
95.58216
119.7563
115.1032
102.7612
72.52133
121.1696
111.6959
146.4142
123.5195
127.432
183.4211
103.4555
68.15009
52.15427
73.07905
67.26358
46.02407
83.59026
90.69059
49.79611
52.93156
54.13492
70.07088
72.38212
90.66101
49.748
42.38511
48.02143
43.03939
43.50817
37.97337
60.09821
50.67649
52.13023
57.80424
30.48929
44.01851
39.32338
40.18237
36.92124
34.59535
32.82354
48.8513
42.24065
33.97294
36.03141
28.46981
22.06928
17.93225
24.5936
20.06738
18.98072
19.85897
22.82958
31.92635
34.83784
64.05572
56.63536
71.50516
84.53129
113.8509
93.73194
158.0854
148.9869
143.0614
135.0345
93.07549
94.24287
61.60461
43.96437
85.31024
124.5499
134.637
242.7464
159.6869
143.5007
241.5266
127.9981
98.74405
45.24437
29.45308
25.45155
23.15138
18.73697
29.68131
31.36757
38.39995
38.15775
42.47177
51.58667
31.33761
28.15013
24.24011
27.16998
30.13506
36.94959
30.66795
30.79863
27.76615
30.3258
50.49849
85.67355
63.72285
96.39881
75.31937
35.8858
34.67535
25.74234
22.97968
20.94381
20.16976
27.55049
27.54146
20.25875
21.11906
16.92833
28.32168
30.88945
28.98605
34.44633
24.64935
31.97862
32.87134
34.42828
38.15042
39.66188
35.69752
27.68723
60.81483
38.26675
35.71605
37.56026
60.79529
90.32217
83.50377
67.65654
76.20086
59.93223
64.90428
61.35456
96.62294
107.7242
98.86581
62.07047
45.31292
49.70738
35.57204
31.26519
26.04442
38.27504
31.82039
48.71084
36.22217
48.1685
31.72447
40.56465
31.06735
27.05716
25.55153
22.14466
27.78255
17.03544
15.29141
21.12052
23.84865
25.27775
15.34022
11.44287
20.47025
29.77331
28.31232
46.80781
35.14254
54.0329
42.87349
77.86606
87.45394
63.26203
42.61936
24.903
51.11485
33.11561
37.52389
32.84066
42.4836
34.96246
32.37952
20.7819
19.11221
34.43975
29.86495
27.33086
54.29726
53.63022
36.61672
44.57644
30.81678
35.23985
30.82539
28.11345
38.56099
40.25595
26.70741
40.66801
50.62532
77.24046
54.51974
61.07816
114.449
116.0763
119.4421
113.823
104.312
99.87046
88.97664
70.444
40.60245
57.6535
58.73963
90.50682
82.57742
75.35502
58.06917
64.84987
39.63641
39.69202
41.54998
31.2665
34.25797
27.9141
34.33202
50.60334
25.18831
26.78354
30.18168
23.72472
28.88632
37.9531
42.1615
47.84056
23.16461
41.9089
32.50018
37.71831
34.20435
22.2988
26.56762
25.44287
24.54086
24.65023
18.30863
16.84204
15.53391
26.96809
29.14892
28.33097
22.81756
23.59511
21.62711
26.37014
16.42213
33.74551
25.86949
23.97397
28.52119
28.5882
19.76626
31.63391
29.50821
45.59076
18.28044
18.817
28.44014
29.23648
31.11089
23.71781
24.17673
31.66215
41.39361
48.50003
63.88885
77.494
60.2638
65.45844
77.42708
66.7235
42.05564
24.19928
23.65809
33.47087
35.15778
35.25982
26.37169
38.67976
37.21803
27.61046
33.8372
21.22105
29.23567
52.00488
69.49397
120.0455
80.74093
72.86827
90.83785
137.6508
140.9569
96.27243
129.5361
147.4681
199.548
121.9698
126.7685
195.8952
105.8387
64.26157
61.94673
54.4743
65.50281
82.13953
53.14716
47.50524
36.17725
53.93119
50.56676
62.04368
58.28691
42.3451
40.71643
37.26678
33.10738
30.69502
18.71767
26.3403
27.33419
18.23351
37.5265
39.98041
78.99919
105.5933
55.2547
70.58816
90.33853
68.64772
54.68912
30.20715
28.18506
38.15434
39.79604
29.79916
38.48856
22.44848
19.84128
21.53713
21.77887
28.00031
26.23951
37.31051
38.47172
56.37056
72.28278
51.66012
86.51166
91.39914
96.28548
118.1561
133.1842
122.0375
104.6769
72.10332
80.44129
37.4679
77.48077
67.46559
77.91012
117.3615
98.63457
91.70394
47.40464
71.67805
56.32703
58.03563
46.21942
72.75651
85.56841
121.3123
105.6799
92.48154
80.54976
76.4579
91.87191
110.4276
63.92879
63.13117
52.82516
61.84552
38.40525
32.62054
23.18103
52.17251
59.56828
78.23452
57.76109
48.90719
58.90796
57.03407
68.09466
64.1597
58.30261
43.88179
32.66136
17.78373
24.60625
30.13725
49.98076
79.60257
46.06293
51.7721
77.67983
93.05726
49.73349
60.58183
56.73087
50.28417
46.58625
52.24319
33.39298
57.99097
61.87464
