67.52436
61.22935
64.43841
57.88028
63.33808
69.51639
62.494
61.86667
67.94668
67.33313
68.31326
61.61674
57.32548
61.10966
55.72289
60.66521
65.91034
69.80575
66.13707
63.68123
59.66763
64.01799
61.92819
60.84399
67.88601
61.07242
65.38889
59.99702
70.83396
65.40072
66.4587
63.56238
66.86109
63.69391
60.58243
57.07544
57.96198
60.95161
61.82494
55.97811
66.69004
59.70452
68.94838
63.88654
61.68217
63.96667
64.42071
72.15741
65.56143
59.11297
61.82716
64.3687
63.28511
63.33136
69.30482
61.79939
59.5552
61.90913
65.50862
57.1335
62.06881
53.93023
65.89389
59.33531
65.54074
57.74686
60.38248
65.1259
65.10925
65.83121
66.08486
61.89226
59.81455
66.58123
61.05599
63.68182
65.74875
66.45961
60.08622
62.21041
66.99477
64.69425
59.67997
63.68071
60.55084
64.59927
62.35683
65.64823
61.74714
61.45223
65.00304
59.84838
66.37887
65.18173
60.98981
64.48798
62.14908
57.13626
61.14399
63.99222
65.35119
59.91059
72.5366
68.44546
71.78511
63.74902
64.41251
60.60402
63.69404
68.11082
69.06795
61.43556
61.71127
64.54307
64.83535
61.18827
62.89659
62.15917
59.07235
61.10612
64.51237
62.1338
57.94766
59.40179
58.61623
68.35455
60.70872
58.34635
60.55254
66.78001
60.71928
64.96536
67.15286
61.22578
60.87314
63.8179
66.10891
64.00916
59.25846
66.76493
64.77899
58.34978
58.33962
67.86677
69.06115
69.08428
66.30785
57.95543
63.28289
62.77067
59.8316
62.76382
61.05937
65.92147
58.63005
65.04521
68.07626
61.25188
61.51927
59.23584
63.18316
58.09588
69.06255
63.2242
62.91283
57.97004
58.0902
61.53385
61.90281
64.26667
61.06868
59.71727
62.02546
66.5613
69.50175
67.18789
68.32577
60.71739
67.36661
72.80683
65.6305
62.51356
68.66282
59.6187
61.67804
68.48932
60.28468
53.36049
57.93508
60.89582
61.28041
57.32945
66.0258
70.60381
62.78988
60.00625
61.01457
60.66582
61.04016
72.08626
61.55925
62.05413
64.64794
64.36939
60.73127
64.25375
63.60719
60.79158
65.50178
60.75562
60.38714
58.63282
59.2014
60.347
68.76799
67.02727
70.83644
63.7508
63.43408
68.10896
68.87812
61.45658
65.94542
60.69291
60.3774
60.58889
64.59068
62.91388
59.66355
60.50763
64.0917
63.54218
67.43109
63.15639
62.11771
68.95308
63.33914
62.79722
63.29044
67.06972
57.06309
69.28259
57.71527
63.96543
62.1723
60.92109
64.40538
67.88638
64.00992
62.04705
66.27495
63.10992
55.51733
63.52321
63.94174
67.17238
63.72278
62.15226
77.22538
66.16195
60.8247
62.47302
70.3553
57.14069
61.0632
66.54142
64.89172
61.55766
60.297
64.64998
66.5353
57.00929
57.50465
59.3255
60.78292
64.24448
62.43432
60.85578
60.1423
65.73209
60.64061
62.21748
62.4868
58.96938
66.78954
66.45247
66.92826
58.05629
57.95416
61.9733
68.1768
70.12106
58.15612
63.39196
64.51161
61.45587
63.46161
61.61678
64.02946
59.9201
57.03492
63.1409
61.23956
63.64867
59.78606
61.17639
63.79705
66.07828
63.85063
65.90657
66.12363
70.29437
64.17906
59.59484
61.45314
64.6374
64.81466
63.77071
65.56565
64.5013
68.9116
64.63812
66.10698
57.62515
60.46917
66.55779
60.49847
63.51929
58.12797
68.89666
61.92428
65.53087
64.62417
61.15869
68.69758
58.41985
75.12674
59.43869
66.57218
67.69077
59.50856
64.64442
68.70296
69.39569
64.91864
56.16691
69.90834
67.98394
58.73422
64.14357
58.26533
57.91937
59.5642
59.40466
62.21336
65.29987
64.59483
59.92441
58.46347
58.60046
69.78272
59.60665
61.06072
58.76709
65.96478
58.51725
65.51729
62.00713
68.36448
59.10363
63.52843
67.58147
65.6647
63.92399
57.03939
57.69014
61.91682
59.65507
66.26961
60.9368
69.95767
62.46537
69.76765
59.46531
60.02442
67.18937
58.44966
66.71148
67.88725
66.95808
60.05883
63.46632
70.46425
61.5481
65.38477
65.13001
64.21227
62.10072
59.196
60.87319
64.99858
63.75798
63.01312
62.34862
56.26214
68.88003
60.36981
64.15472
65.62206
58.55061
63.42791
62.80238
61.81928
58.80201
61.41225
61.63277
68.78245
66.23688
64.1295
65.80647
65.52834
64.58201
63.14414
63.11171
64.5256
62.54562
60.69073
62.09583
65.49491
61.72504
58.58681
66.91276
63.22112
62.45556
67.34462
58.71654
58.77297
63.07573
63.10618
65.80914
59.45191
66.51673
57.79297
58.12595
67.34738
60.15316
66.51397
69.30541
64.20793
67.87604
60.83134
67.08197
65.55538
57.84121
59.25701
64.25631
58.83558
58.48299
66.66078
60.93296
63.2502
64.75173
61.09173
64.92987
67.72358
63.86506
57.73345
68.61948
63.05888
58.57858
65.38789
61.9136
66.75087
64.37919
68.6837
66.4651
62.97029
62.02146
63.63956
71.93764
64.13955
58.75588
63.14933
59.92606
63.21873
67.20211
59.8041
62.02148
66.52601
60.72947
68.77724
65.4658
60.80449
65.91226
67.16847
60.07407
71.30785
60.44953
63.28502
62.36
