139.1586
117.9161
100.5424
110.0938
100.396
107.0364
100.5309
84.9691
80.97172
75.96743
93.65703
116.549
93.06273
91.63563
94.74944
118.225
84.44302
79.84312
93.97967
104.1987
94.13199
97.66023
95.56364
83.06176
91.01752
102.9567
108.5976
110.1464
108.7695
93.9337
84.21303
100.1074
78.29958
70.19765
96.90143
91.5976
97.70291
120.0999
104.4386
109.2156
99.7919
102.0032
66.27551
89.99174
88.63747
99.63598
87.68828
79.42423
84.36522
103.44
102.5746
90.26984
72.23198
110.6178
119.7269
77.62206
110.2062
57.3499
71.82506
77.68869
109.5915
127.6609
99.90561
102.5608
77.41999
94.08325
84.72978
79.61434
92.7932
96.50088
81.06704
95.31504
84.50058
74.27271
90.80995
86.27826
94.60218
92.46585
121.7444
115.4307
101.4802
103.9132
79.32073
119.6426
110.852
107.1887
83.27555
110.3573
93.62388
80.1672
108.2234
111.3008
117.9753
84.49195
109.7452
107.3416
87.58705
93.58532
83.42444
81.7976
70.78283
59.95953
96.85835
88.69476
84.71169
82.70317
96.80671
118.1284
97.61274
127.8411
102.0884
112.2611
93.27558
121.77
117.912
120.5522
112.0359
127.0261
132.5239
101.1701
97.02777
99.85362
102.1807
108.3739
104.6417
101.3217
70.43875
86.78142
112.4581
73.11871
99.14546
79.08959
101.8732
112.5268
95.80615
100.7375
104.8525
95.56187
108.3365
86.30539
112.34
95.43597
91.56774
88.14297
111.3333
108.1961
80.90065
93.9619
95.3738
83.33952
93.79863
97.39673
73.8257
86.44226
76.80067
59.09429
81.35674
96.52578
108.7982
101.7345
102.3806
115.164
112.7925
110.3179
94.87784
108.9406
138.7095
114.003
120.4806
109.3478
106.9929
99.12986
81.68019
107.5916
87.99175
97.72539
115.6632
98.73998
98.29487
103.5808
118.191
107.2663
103.9315
96.80299
114.2235
106.2672
94.07076
98.62486
121.0816
95.58133
91.09066
84.2191
105.8392
76.98171
79.42162
96.56999
74.94382
94.17003
123.953
113.4593
107.5809
90.80514
109.3106
102.1224
110.6421
108.1861
80.80035
94.5456
130.0515
93.45195
74.17565
86.66066
74.24296
69.16305
91.57748
98.09574
125.5283
121.1098
130.5329
100.4406
99.80097
111.085
81.41862
83.90212
121.5818
131.1142
113.0105
87.62165
82.42333
81.81919
146.3659
145.7345
156.8253
103.3574
92.53273
112.8883
99.9255
98.3783
89.362
89.27824
104.9712
103.9685
97.70397
105.9145
107.6324
105.5396
107.2835
105.452
123.6027
92.87671
94.38117
143.321
115.2903
99.7808
106.5347
105.2799
106.7133
94.14589
84.93722
77.28305
87.36044
118.0834
151.5646
127.3972
118.2242
128.7739
105.351
107.3823
75.16272
87.82321
100.4283
101.8227
101.0777
110.5144
112.1914
113.4589
98.73752
112.1088
114.1897
101.2103
90.53913
97.62287
109.6712
84.38505
77.81559
93.14581
91.2558
86.42141
123.7613
96.70658
95.49152
82.40162
98.59788
111.4934
108.9272
114.468
122.2162
119.0943
104.9327
104.4069
100.3005
110.9849
82.46742
87.82242
93.87934
84.08074
79.05332
95.36548
90.60414
109.1682
104.6342
92.71401
99.69555
83.35803
91.63982
85.50425
94.26836
84.97002
94.73472
76.02609
93.73764
73.80088
55.3886
75.54946
72.00839
83.07052
91.66964
95.58541
109.2368
101.0185
122.2
82.39044
103.6689
113.3544
100.5836
105.0147
80.17261
111.5785
151.7189
103.8112
100.9985
105.924
90.54729
122.6468
110.9637
90.96302
85.80386
87.45207
113.535
80.80505
93.97575
108.0296
103.0228
113.7456
92.29023
79.92066
88.0643
77.57233
73.3847
94.28052
83.71995
99.37871
101.1974
82.3616
86.02282
91.20333
78.72067
83.19282
109.5148
118.8548
118.0881
104.0159
100.2153
130.7252
145.3348
114.6963
92.45564
81.19148
102.3279
104.5889
119.3139
106.722
105.546
142.6471
138.7474
108.2512
89.8026
87.07678
107.4464
103.0671
126.6944
103.5607
106.7477
82.33679
91.4298
104.9905
95.96508
113.5683
104.258
106.5643
111.6308
103.2552
83.18402
93.19411
87.84199
101.3286
84.08915
96.79148
79.37608
71.56924
90.77409
110.7165
118.5475
110.7435
86.14928
96.1827
99.83268
107.1498
121.6988
79.13044
113.1246
109.8999
97.90741
103.6112
101.6712
110.1447
125.6418
99.99368
86.62573
86.29869
89.31223
77.44863
107.6896
118.5194
133.1001
120.5501
122.4626
86.74046
119.955
118.0952
98.96813
96.2407
106.1983
117.1516
114.186
109.8286
105.2397
89.18617
84.49956
99.51171
94.58226
80.69462
78.82409
86.88513
81.85677
101.8612
89.179
101.4117
105.7858
108.7519
103.1573
88.79009
87.71138
104.017
91.60543
86.1033
84.87242
110.45
113.0472
103.5966
109.0139
97.74729
116.1291
165.5657
130.947
116.968
104.9433
123.9539
91.13268
104.4717
113.849
120.963
115.4214
106.1689
134.5542
160.6257
125.4015
118.4279
94.43919
108.5517
117.503
89.70076
108.9324
107.3843
95.8505
108.4815
145.6467
131.1835
137.2238
151.6779
