14.37049
15.67312
15.00077
15.8329
13.82431
15.38779
15.09971
14.96388
15.63827
17.86072
15.19165
14.84264
15.52581
15.75786
16.43004
16.18175
16.60261
17.99584
16.29389
16.18045
14.84389
16.93923
16.46734
15.52633
16.2987
17.68247
15.49343
15.87043
17.10993
13.69758
14.86486
17.3094
16.31707
15.48291
15.90224
15.86125
16.92473
16.10807
15.81152
16.47877
16.15419
15.68505
16.24374
15.96012
14.99983
16.35655
15.56637
14.98574
15.94682
15.47716
14.52147
15.19965
16.6947
15.52566
17.67407
15.79464
15.301
16.79676
15.07835
17.71231
16.80041
17.16969
16.76416
15.84604
15.14929
15.4119
16.82042
16.73141
15.39575
16.57347
16.7033
16.44369
14.99353
14.18002
16.55121
14.41622
16.44307
16.29479
14.93623
15.9008
14.26312
16.46288
15.46592
15.15766
16.63531
17.59837
16.34124
15.44402
17.76641
16.19781
15.02408
16.46696
15.43844
16.35541
15.88022
16.03311
15.34479
15.44956
16.48402
16.75086
16.30236
16.04425
15.42505
15.47307
15.63169
16.36003
16.08516
17.57262
16.47106
16.9984
15.8967
16.46913
16.85683
16.30574
16.35026
15.37544
14.84301
15.56569
15.6809
16.1189
16.18914
14.92153
15.80216
15.71497
15.68128
15.77993
15.25257
13.73855
15.65959
16.31297
16.58605
16.36616
15.14243
17.8392
16.36443
15.78011
14.84376
14.98802
16.33049
16.50222
14.43552
16.3475
17.09457
14.87277
16.36564
16.59102
15.82201
16.08786
16.48755
16.69142
15.65457
16.71731
16.37389
16.55483
18.06546
14.61913
16.10025
16.6571
15.83445
15.73379
14.86173
15.95981
14.98159
15.60765
16.6891
16.63071
15.65698
15.45303
15.04049
17.28923
15.05746
15.14303
14.37443
15.52008
15.9255
15.16
15.42315
16.19225
16.66654
16.52245
15.62779
15.61711
15.45463
16.5469
14.84827
17.16116
16.29312
16.30108
15.06543
18.91501
15.78269
15.85936
16.90253
15.40819
15.59047
17.22805
16.48954
14.86346
16.84417
17.3684
15.51055
16.55265
17.71033
16.50436
15.1868
16.23217
15.79193
17.42655
16.02398
15.89583
14.57323
16.53912
16.55629
14.90907
15.58655
15.18189
17.27038
16.58983
15.16521
16.56497
17.50478
15.55481
15.7221
15.88878
18.65854
16.10567
15.32709
16.39115
16.09464
15.67092
17.11278
17.52689
16.27815
16.68684
15.65338
15.44427
16.04644
16.6617
16.08282
16.9309
15.56396
16.79359
15.71212
17.77657
16.60515
15.698
15.48675
16.33678
14.89927
16.48543
15.18343
16.65765
16.09942
16.12809
17.23247
14.79755
15.85886
16.47873
16.56111
15.5824
15.65614
16.97563
17.35302
15.40811
17.85743
18.2431
16.17519
16.72291
15.46902
16.52224
15.87554
15.00005
15.61272
15.15259
15.44622
15.70981
15.39201
16.47153
16.60183
16.89259
16.01975
16.02086
15.9187
15.6691
15.79749
15.09471
16.15217
15.23872
15.80805
15.92251
15.27615
16.91288
16.15218
16.28357
15.83835
15.84027
15.86584
16.77775
16.90367
15.13249
15.76945
17.26314
16.46327
14.63048
16.06502
17.20202
15.65601
17.44524
15.99085
17.60915
16.09996
15.5284
16.3997
17.18268
14.47888
16.05418
15.57985
15.68528
15.50684
15.95027
15.1928
15.55257
15.42229
17.23489
15.31325
16.0253
17.44906
17.14831
17.17148
16.01043
16.52978
16.68056
15.89386
16.77943
16.06683
15.24144
16.51073
17.38119
15.70057
15.47985
15.41584
16.55376
16.81507
17.28879
15.72121
14.76621
17.23872
15.81008
16.4758
15.80829
15.11365
15.51985
15.35552
14.38693
17.22572
17.80979
16.80535
15.73856
14.59136
16.53989
15.57987
16.87555
14.8875
16.5749
16.59413
15.59094
16.56395
16.01863
16.52237
15.00974
15.68233
16.11037
16.06351
17.2524
17.71535
15.14405
14.84191
15.26238
17.41611
15.00317
17.28421
16.97048
15.86001
15.69701
15.83734
15.76074
15.91316
14.77459
16.24008
14.99813
16.21795
15.91184
15.35759
15.44123
15.50847
16.76636
17.0543
16.33002
16.27008
16.20519
16.35009
15.66258
15.37523
15.2025
16.92977
15.26202
14.93495
16.06172
16.27352
14.94539
16.91136
14.55455
15.21054
16.40019
15.16104
16.47386
17.24194
15.38187
16.56085
14.94785
16.46831
15.022
16.03224
15.08108
16.8629
14.57846
15.40261
14.97222
15.53324
16.70273
14.51422
16.35052
16.00014
15.89512
15.70632
16.11309
16.68777
14.69575
15.60417
15.94022
15.29796
16.28916
16.51671
15.87265
15.46848
15.73729
16.35357
15.79415
16.11991
15.05427
16.01265
16.50424
15.99801
15.86163
15.79838
16.3083
15.93568
14.41832
16.9804
16.17077
14.83235
16.12724
16.71729
15.61002
15.94191
15.96812
16.87299
16.24692
14.95391
15.42906
15.71175
17.09921
16.03482
16.39443
16.15225
17.60415
15.90705
15.33009
16.93197
15.03562
16.18186
15.11464
14.72093
16.07625
15.78159
14.56342
18.39836
15.49936
15.97351
15.27605
16.40364
16.00595
15.91415
17.1824
14.67429
15.97087
15.06621
17.22667
15.97928
16.80395
