179.4634
180.1003
182.8461
163.8652
189.1173
173.1186
190.0819
177.8365
192.6882
187.0657
203.9994
197.2969
188.1832
192.7489
159.8078
185.2652
185.2178
209.4007
164.8202
204.9739
212.4685
164.7904
151.7865
173.3358
168.108
180.9084
184.056
179.7923
165.9391
185.2836
163.7311
178.54
182.1543
172.6151
162.6066
192.5702
190.7662
193.8863
184.0733
183.7115
185.4219
179.0095
149.212
155.7244
163.3558
193.4306
193.7516
183.7471
209.2926
209.1122
191.986
188.5608
215.6367
210.2645
149.6369
174.6983
171.2015
170.6637
169.1614
162.7666
201.7897
196.2279
164.5723
167.2878
182.2704
161.9247
218.6646
208.1166
166.1486
173.1126
170.849
197.2171
198.5671
198.8068
174.8512
197.5077
201.0268
223.1992
192.0709
170.8164
169.1881
172.1956
175.6212
196.5968
145.4308
167.0721
171.9833
174.7505
190.5737
190.7158
177.2176
198.2875
187.7891
173.786
192.5774
190.5167
203.4289
197.2877
206.5095
171.7444
174.8277
174.383
161.0664
188.3076
194.5726
199.6122
188.6749
171.1061
174.9907
127.1708
163.6076
168.4246
207.6743
172.9313
195.111
142.2671
173.9397
174.3228
191.2482
210.8307
207.7418
209.002
210.4975
198.1289
201.0585
188.3779
205.3961
176.1991
167.7716
170.4936
185.5386
213.2977
178.2452
180.5338
164.1565
183.3776
169.161
176.5781
215.4683
186.4451
200.4191
184.0007
191.245
177.6112
177.9973
157.2354
176.2478
146.0752
165.3697
205.877
196.6758
175.8894
197.3958
171.3077
184.5884
162.1572
205.8656
194.2658
173.0908
160.1472
151.5794
160.6538
194.1783
178.0112
161.2202
194.7162
182.7124
171.6247
220.2871
157.441
159.292
198.5525
191.7719
186.5466
183.1783
172.9486
172.1901
207.1904
186.9318
189.0407
152.1146
198.5073
165.4409
149.07
207.0976
181.8705
209.9113
194.7343
177.8173
175.4984
208.854
152.2963
141.5067
182.0139
197.5661
191.5389
181.8988
191.1277
178.9937
199.7697
219.5212
172.6683
184.3266
170.7241
177.4353
162.3174
183.2695
210.5303
152.956
189.5118
185.5902
203.6918
165.1217
202.2546
182.2861
200.1653
185.5101
172.5289
198.0955
182.2457
185.5116
183.0074
189.0771
222.1221
188.2082
179.4045
194.2374
205.9858
188.2645
188.5127
155.2026
184.3358
159.6981
173.9455
183.6374
188.7136
179.1964
179.1859
183.9628
193.2041
180.378
175.9206
173.054
171.7402
177.4406
177.1262
174.6678
195.8368
177.9067
191.1018
204.9152
176.9526
187.2678
179.5612
223.8667
195.8073
174.8963
195.7194
189.9922
171.1679
158.1423
186.4508
175.2596
208.3493
190.3119
187.5961
214.0929
183.0819
185.588
179.7378
176.7887
203.9228
195.1716
182.7147
176.0829
229.784
182.0637
189.5083
185.2641
190.2487
219.1712
213.7875
159.7196
171.3412
154.0796
170.267
179.6034
167.1793
212.0968
179.0724
188.1036
180.4757
162.8474
178.2831
178.5397
178.0881
178.7964
179.6588
140.6204
189.5612
177.3487
166.1462
189.7277
210.8126
177.639
204.989
186.1084
195.6948
174.9511
199.2759
190.5576
165.6333
193.2981
213.8236
193.0334
174.0403
190.9638
196.87
202.9441
232.5822
178.6246
189.203
195.6944
168.0512
179.2994
159.3647
181.2708
189.3903
201.294
208.2822
188.6387
178.4512
169.5297
181.8361
188.061
208.4622
209.7688
186.4573
176.6844
173.8485
192.4006
175.4123
158.7995
183.565
155.0877
194.2172
200.2121
192.8049
204.1148
173.7187
164.1225
166.3647
165.1809
169.872
194.4719
223.5715
217.6251
165.8854
159.3531
182.993
183.47
196.8445
185.7949
183.4819
186.3628
186.0535
188.1858
175.1156
211.5103
207.9513
198.5445
176.1701
194.8923
156.6814
156.2686
199.568
171.1771
160.1843
179.9533
177.1211
216.0954
164.7985
195.6461
172.1346
194.6658
213.3429
166.4922
197.5645
198.9119
225.644
199.5027
177.71
147.4908
197.5193
181.5425
197.1291
175.1254
215.0677
162.6527
173.5589
158.7256
205.5216
197.9208
191.8959
193.2787
188.6822
195.4909
180.2809
188.6728
189.5491
170.5206
178.4987
172.1009
192.9695
189.7246
178.1038
190.0262
181.5671
210.196
224.8898
176.8985
210.2565
177.4544
176.3824
163.9174
148.0837
195.0983
219.0401
191.1989
158.7083
195.2987
180.89
200.3847
180.4052
157.0367
188.164
197.5648
178.4274
168.9833
158.2842
158.2695
179.9217
189.789
156.86
208.785
163.9119
168.9566
179.1574
176.84
200.3383
173.3348
178.4176
198.8727
197.3198
180.2548
186.5822
183.7209
180.6503
187.7416
162.7547
173.6024
191.072
158.9642
182.4474
169.8809
186.2734
186.9185
195.3234
212.4194
167.4771
163.0346
179.6348
193.8187
214.2202
153.5905
192.2159
156.4934
186.9642
198.6638
196.4416
181.5345
206.9116
167.0789
176.0315
161.0036
200.9916
181.7289
192.1602
190.1731
168.7078
213.6815
265.993
152.3601
168.3852
181.6516
186.3365
170.217
187.1121
196.2751
161.4896
