939.8127
1200.757
1274.415
1204.656
1277.633
1247.462
1307.602
1318.404
1377.298
1236.404
1195.247
1374.681
1151.486
1252.261
1277.206
1063.535
1157.215
1305.561
1176.251
1450.266
1357.37
1201.751
1334.531
1241.79
1276.332
1348.149
1330.478
1147.477
1158.273
1247.392
1270.944
1182.586
1300.979
1118.284
1435.938
1134.76
1213.529
1290.542
1373.728
1470.091
1254.092
1008.524
1200.522
1337.38
1313.814
1134.469
1194.395
1229.382
1444.416
1251.473
1202.24
1192.603
1226.913
1215.856
1504.615
1230.019
1171.731
1318.937
1343.24
1286.544
1109.159
1166.768
1100.313
1302.72
1376.625
1341.344
1224.001
1308.408
1329.933
1324.914
1357.147
1266.952
1146.039
1404.842
1115.225
1087.68
1419.449
1370.947
1290.671
1194.823
1323.966
1445.16
1254.663
1428.431
1405.697
1449.232
1271.539
1306.974
1160.262
1190.083
1234.4
1477.422
1446.858
1290.339
1535.65
1136.249
1197.895
1229.612
1194.026
1264.604
1152.084
1446.461
1293.509
1264.194
1142.66
1337.769
1251.109
1321.097
1124.005
1327.569
1057.89
1130.438
1104.333
1134.225
1395.476
1309.213
1250.732
1230.312
1114.21
1494.748
1276.653
1296.747
1291.133
1345.504
1206.45
1163.936
948.092
1420.008
1597.515
1002.591
1238.633
1299.019
1340.769
1400.676
1253.619
1103.573
1277.985
1319.086
1257.3
1260.997
1158.075
1414.177
1330.172
1269.086
1176.398
1276.289
1309.759
1392.137
1191.784
1412.642
1343.016
1453.992
1273.484
1200.034
982.8224
1239.322
1407.091
1476.827
1275.306
1404.171
1040.594
1312.735
1203.278
1036.143
1226.566
1258.667
1385.56
1167.4
1200.85
1411.375
1365.061
1380.022
1033.707
1162.828
1146.215
1251.025
1014.521
1197.617
1265.779
1488.241
1294.971
1245.337
1202.526
1160.602
1229.427
1291.869
1199.67
1066.206
1315.72
1353.918
1127.951
1152.796
1420.538
1177.875
1190.389
1222.987
1173.84
1202.749
1422.11
1237.571
1172.038
1133.808
1260.451
1080.83
1255.555
1232.493
1077.725
1305.482
1283.801
1191.38
1217.043
1152.761
1297.996
1295.455
1131.029
1382.638
1085.809
1254.556
1174.812
1286.27
1356.302
1110.148
1384.839
1309.281
1276.497
1262.935
1151.629
1432.435
1338.502
1264.587
1490.533
1148.478
1309.885
1114.055
1315.26
1319.61
1147.904
1396.307
1337.255
1080.455
1236.659
1220.796
1158.194
1530.748
1272.152
1326.601
1409.382
1056.597
1349.688
1254.792
1168.2
1334.437
1088.5
1154.077
1208.315
1101.939
1096.095
1192.18
1215.484
1259.877
1306.96
1459.962
1338.354
1471.578
1403.652
1268.189
1152.013
1412.272
1307.205
1223.939
1217.504
1316.552
1298.414
1360.517
1240.509
1255.837
1138.915
1246.964
1258.05
1231.559
1401.341
1247.272
1334.761
1383.019
1334.744
1182.231
1220.673
1274.894
1101.374
1482.263
1137.995
1200.404
1320.512
1155.343
1712.602
1154.092
1575.765
1370.193
1261.591
1180.105
949.2226
1216.33
1437.913
1510.251
1042.199
1316.747
1147.237
1212.336
1341.519
1255.615
1125.861
1442.09
1145.683
1339.013
1381.712
1254.264
1583.717
1168.416
1218.686
1218.334
1347.219
1286.413
1281.798
1399.98
1127.827
1486.179
1398.263
1210.179
1446.153
1309.494
1215.271
1267.656
1247.664
1297.648
1197.48
1338.643
1168.843
1285.23
1158.196
1284.372
1021.185
1227.33
1343.586
1474.718
1279.404
1146.112
1329.144
1147.344
1300.501
1177.235
1133.482
1233.641
1153.523
1580.378
1276.764
1254.726
1317.896
1495.284
1183.577
1380.956
1367.877
1168.654
1285.529
1017.794
1246.38
1258.071
1163.376
1140.13
1220.163
1204.04
1194.929
1211.879
1390.088
1256.587
1271.977
1273.116
1279.83
1369.128
1563.188
1207.704
1250.084
1382.52
1218.415
1159.241
1191.037
1358.631
1308.649
1193.982
1267.856
1292.821
1216.168
1217.383
1408.305
1596.508
1188.146
1598.552
1125.135
1198.128
1502.735
1218.763
1211.812
1256.96
1524.98
1114.449
1321.795
1279.542
1243.953
1433.181
1068.101
1129.209
1256.029
1235.336
1252.75
1330.248
1107.684
1219.064
1319.119
1199.595
1494.779
1093.701
1422.668
1272.576
1061.347
1334.127
1174.714
1202.331
1197.249
1158.818
1250.376
885.3114
1478.573
1258.029
1121.325
1117.57
1292.153
1474.752
1306.077
1310.479
1158.558
1132.053
1402.406
1205.405
1292.746
1081.822
1339.686
1158.491
1272.943
1239.337
1264.46
1357.922
1220.592
1157.141
1260.538
1305.338
1391.746
1256.311
1144.878
1205.144
1281.528
1336.383
1177.598
1372.084
1088.857
1329.47
1399.965
1263.131
1297.055
1196.639
1316.714
1228.69
1301.492
1260.185
1398.389
1132.352
1358.691
1101.77
1392.243
1301.386
1127.512
1151.68
1502.462
1163.988
1100.402
1388.643
1493.845
1109.826
1278.909
1037.736
1630.312
1330.207
1230.217
1300.435
1129.592
1522.211
1029.82
1222.914
1115.311
1286.981
1217.247
1082.08
