107.8379
111.2325
114.4869
117.6178
119.3877
122.6849
119.2543
115.5592
116.7788
116.3894
118.1667
111.7878
114.5895
118.0101
119.1447
115.9345
111.4554
111.0067
104.6644
108.3904
108.0071
109.4777
115.8976
114.163
116.9959
121.0378
126.5615
123.6939
124.4925
126.1986
126.4408
127.5552
129.8088
131.1758
129.0673
129.9208
127.6842
125.8474
122.7979
126.446
125.5054
118.8158
120.0063
122.964
119.5084
129.7142
127.7595
132.0502
132.4537
131.8437
128.6737
127.2256
123.6413
113.9746
118.781
117.779
117.3507
120.1303
121.4718
122.1744
126.1989
128.6926
131.125
133.1421
134.8636
132.204
135.0885
138.2583
140.8711
142.1043
140.0761
142.602
142.2648
141.9477
140.5824
138.4838
136.1393
136.6302
131.4244
133.505
131.3506
131.6448
136.3825
134.8804
128.3002
127.0991
127.5437
128.3029
128.1852
127.8061
126.8939
128.9809
128.9716
126.9984
122.6499
122.5496
122.6042
121.6828
118.8955
118.778
114.0722
114.2685
111.0579
108.596
109.0592
107.5964
107.1011
107.5044
111.2237
110.3437
108.6193
111.2269
113.4609
116.969
115.6408
112.5133
116.8697
118.7646
121.3519
117.3505
114.4318
114.1034
118.346
112.7912
116.4971
119.9998
122.0057
116.2
112.1791
108.3178
109.6777
104.8071
100.4409
105.9107
109.6079
110.7138
113.0549
117.9262
115.3601
118.0275
117.7289
119.6258
116.0719
112.6273
113.3219
115.9324
116.7678
119.1695
120.7526
125.6997
126.8161
127.3882
125.1219
126.3435
125.2961
124.1438
123.3255
125.3127
128.9078
126.9342
125.8267
123.3545
125.3391
130.5202
134.087
136.8225
139.149
140.2041
140.7711
140.9923
141.9746
140.4857
138.6019
138.229
138.1649
137.5248
140.1815
143.2224
141.8841
140.0524
140.8982
140.7098
139.8181
142.9658
141.0129
150.525
149.1527
147.6912
145.5092
149.0198
148.287
145.3514
146.7619
142.1805
138.7447
141.0385
140.8852
142.2185
145.0546
147.0321
148.6134
148.4739
149.1146
144.3333
141.6779
140.298
143.2522
145.6629
144.9947
141.4133
142.7578
143.4164
137.3246
135.8399
137.4483
140.8179
142.6874
140.5904
136.7408
136.7405
136.1436
135.2274
132.4913
129.1073
128.9291
127.5887
127.8349
129.8617
132.6148
133.4537
127.6344
128.0212
123.4648
123.6004
124.9313
129.6758
123.6208
120.9966
119.3363
122.3689
125.0342
127.9743
127.3064
127.1867
121.3498
119.7432
116.42
114.0443
107.6331
104.0678
102.3225
102.311
98.85219
99.66101
98.1413
96.66484
98.75689
94.8898
89.59765
92.8156
91.16352
91.7291
92.33427
92.81541
93.49079
92.50154
89.73967
88.84145
89.28346
89.70428
91.46226
91.60854
88.80683
88.35324
85.55871
83.70809
85.20142
80.74962
83.14211
86.27093
89.34408
89.09677
91.54629
88.95699
84.64491
86.35648
86.76379
88.6017
88.25416
93.2252
93.23513
95.79891
91.94072
94.14272
95.07184
97.32705
101.1125
102.1799
104.803
103.2006
102.5408
101.4254
105.9962
104.6235
105.6119
102.4996
105.2585
103.1444
100.5802
99.16233
101.4551
99.82357
98.57778
97.98913
102.1376
104.8163
106.1653
103.3748
105.6076
107.1283
99.76754
100.283
101.2908
94.41015
98.07873
96.70702
95.01364
90.97749
92.56331
90.95041
83.01398
86.8869
87.37844
86.47775
88.17531
86.16903
89.53961
86.51218
90.10854
89.94395
87.27092
91.19619
90.36434
91.15224
94.28056
95.34791
93.15039
89.39181
89.43277
91.5831
90.19287
92.00985
97.92446
97.01795
94.52884
93.88917
89.47014
88.4307
86.33951
82.97053
87.35382
92.27003
98.10817
93.78135
97.99887
96.39621
103.295
104.4177
103.919
104.5287
102.91
111.9963
109.6527
111.8086
112.4073
107.6896
108.3542
108.8318
107.6524
105.7975
105.6194
103.4707
104.7238
106.0931
107.8717
106.7718
104.5293
103.4182
102.1933
102.898
106.7712
103.2269
99.69414
97.88592
100.3426
99.66559
104.0226
104.9592
107.0187
107.9062
107.0105
109.1698
112.0257
115.1746
112.9765
115.4907
112.6022
116.7173
114.9623
111.1386
109.176
106.0624
108.9988
112.5162
105.8809
105.7069
103.7416
104.7655
107.9162
109.2798
109.0026
101.9094
98.15452
98.31047
98.02167
97.63173
100.8571
99.13388
94.4965
91.00387
81.24104
82.67568
80.38218
81.79832
85.10965
88.83857
86.9463
88.22853
92.07654
97.04862
96.10514
94.45003
90.03002
93.88858
94.06147
99.8545
102.4712
101.6128
98.92065
97.82908
95.84443
95.66177
97.53887
97.09955
99.53794
101.3824
98.52543
101.2808
103.1258
102.3243
103.4377
97.38841
96.99097
94.28332
93.32968
93.5113
94.35293
96.13114
93.36123
93.55545
90.98063
87.48831
87.08448
85.28283
86.77132
87.07508
87.00951
88.00591
86.79491
85.26121
83.39829
82.39171
82.24461
85.2143
85.41776
84.04925
86.02222
85.26575
88.15236
88.67189
85.61847
86.03246
83.59243
83.14232
86.05312
85.84232
88.65525
88.10991
84.14449
83.06441
