103.2581
103.8342
103.8731
103.7274
103.7488
102.812
102.5918
102.0095
102.7027
103.5179
103.8863
104.0927
105.2027
105.0527
104.8417
103.7909
103.2778
103.4715
102.7223
103.1174
103.9518
103.9829
104.9283
105.195
106.4399
106.3121
106.3843
106.2536
105.9
105.6627
105.7636
105.2525
104.746
104.3834
103.8343
103.647
102.8387
103.2966
103.46
103.403
103.345
103.1894
102.6567
101.6739
101.7216
101.8793
101.7761
101.7283
101.1898
101.2335
100.9985
101.1718
101.0974
101.8547
101.3464
101.5438
101.3387
100.1967
99.97999
99.18303
98.39482
98.38344
97.40858
97.23809
97.92912
97.96364
98.7078
99.42287
99.4261
100.1659
99.43845
99.46155
99.45439
99.25668
99.18491
99.12613
99.27074
99.08026
99.59519
98.74562
98.88681
98.26338
97.82994
96.68639
96.57968
96.94449
97.12821
96.92006
96.28057
96.71612
96.91654
97.05037
97.46773
96.62404
96.00417
94.6106
94.53345
94.51822
94.0686
94.06836
93.47542
93.53922
94.20074
94.56652
94.69532
94.69655
95.09996
95.1895
96.10967
96.27671
97.0783
96.69067
96.48848
96.24041
95.31039
95.41089
95.65116
95.46502
96.18149
96.4496
96.20741
96.47243
95.61973
95.55561
95.60773
95.67484
95.67934
95.63198
95.52366
94.32077
94.75945
94.51891
95.95707
96.09105
97.07441
97.48091
97.78294
98.07522
97.98947
98.33196
97.77744
97.55437
97.98186
97.61402
96.97477
97.63538
98.09349
97.67854
97.41588
97.08175
97.34808
97.65294
97.69814
97.00928
97.00868
96.71101
96.13063
96.13804
94.92444
95.16066
94.4896
94.4123
94.8031
95.9003
96.16895
95.62066
95.2947
96.27715
95.9897
95.95583
95.90937
96.19297
96.6076
97.11466
97.19937
97.09388
96.30508
97.12701
97.08402
96.60278
96.3943
96.23285
97.00033
97.23236
96.25047
96.76443
96.98372
96.87156
96.8342
97.2604
97.82245
97.98545
98.58973
98.92441
98.93159
98.78972
98.42876
98.00233
98.30366
98.37938
97.75615
96.99903
96.9101
95.97092
96.4531
96.35459
95.63971
96.37127
97.31061
96.85258
96.20346
95.89566
95.54786
94.82082
95.49166
96.19257
95.94282
95.2608
95.14953
94.89917
95.33693
94.83419
95.12234
95.68527
94.93502
95.48152
95.9766
95.88022
94.7422
93.87073
94.10663
94.22945
94.70735
95.15903
94.98788
94.58542
94.12188
93.57853
92.65834
93.0571
93.38891
93.48954
93.70628
93.18074
93.02023
92.50639
93.25597
92.18445
93.31623
92.96641
92.92684
92.90628
92.43571
92.34369
93.48627
93.72495
94.29596
94.58094
94.35163
94.76022
95.19207
94.49741
94.54654
94.22837
94.52424
94.64267
94.63484
94.54239
95.055
94.57252
94.25534
94.14719
94.54972
94.02713
94.26219
93.48673
93.41593
93.68552
93.44929
93.43664
93.71366
94.35582
94.19914
93.91781
95.14916
94.31897
94.35847
93.55042
93.33037
93.07236
92.59632
92.76897
92.03486
91.41666
91.52928
91.93051
92.58989
92.71645
93.15286
93.36337
93.66969
92.67244
93.94121
93.78959
94.37509
94.88719
94.6568
94.45405
95.45239
96.6881
96.46553
96.66297
96.33177
96.39203
96.08753
95.86468
96.01574
96.81257
96.31488
96.59015
96.91241
96.9499
96.852
96.82475
96.90281
96.77082
96.47597
97.05498
96.63395
96.97347
96.92613
96.67386
97.24549
97.60599
97.04469
97.37556
97.28911
97.88734
98.13448
98.66176
98.43355
98.59993
98.27902
99.0755
98.94102
98.88862
99.69577
99.78411
100.123
100.4403
100.3602
100.1712
100.108
100.2354
99.77657
100.4216
100.8581
101.6896
102.0549
101.8402
101.612
102.3346
102.0895
101.9486
102.2022
102.0642
101.6942
102.5616
102.5178
102.979
103.2479
102.8643
103.2243
103.1571
102.1902
102.8199
102.7341
103.682
103.4271
103.132
103.2571
103.5022
103.3758
103.2796
103.092
103.4703
103.941
103.3478
103.0895
102.4536
102.2063
102.1785
102.1915
101.4601
102.1674
102.4652
102.8905
103.1465
103.1414
102.9364
103.5218
103.0503
103.4834
103.5285
103.7716
104.3146
104.7566
105.0869
104.8772
104.2275
103.9534
104.3234
104.6361
104.854
104.7163
105.2542
105.3566
105.8119
105.8723
105.3299
105.5901
105.4705
104.7773
105.8583
106.2204
106.8893
106.8765
106.3256
106.2152
106.2774
106.4245
105.8892
105.0764
104.7758
105.4032
105.4038
105.6434
106.4264
106.4073
105.3213
105.0977
105.3689
105.2875
106.0094
105.3163
105.1663
106.1996
105.5169
105.824
106.0064
105.7989
105.2375
104.6499
103.8816
103.9396
104.2996
103.9202
103.7811
103.3835
104.56
104.119
103.9863
103.2315
103.8281
103.4061
103.7494
103.4931
103.5793
102.5928
103.1953
102.6659
102.2602
102.4519
102.7248
102.4476
102.8614
102.2603
102.2925
102.3365
103.2512
102.9585
103.7098
103.6116
103.9226
104.1457
104.1468
104.6185
104.7904
105.1589
105.1009
105.103
105.0478
104.3151
104.4098
104.6495
104.6879
104.8167
104.4752
104.6651
104.7015
