210.032
352.039
101.9024
388.6237
302.2861
461.2134
165.1217
149.0577
174.6524
799.8295
728.3881
168.6976
169.4694
271.8719
342.2153
208.1492
246.7105
204.3238
281.2953
109.6654
89.83316
122.8956
157.4557
137.5477
159.0928
175.079
175.0057
168.0779
122.7559
180.5467
190.1479
194.97
189.1755
146.5114
116.4426
228.0386
138.1821
270.203
207.359
222.0614
256.5479
330.003
164.3407
259.6413
220.0825
559.6403
236.3144
223.259
327.8742
233.7762
349.0279
170.8453
115.3145
303.4783
381.5713
322.1349
196.8672
154.2132
170.8169
350.673
327.2038
498.496
226.282
175.4436
302.6296
834.6687
544.0073
164.0426
690.0998
239.4546
214.6868
140.0951
412.0926
434.6269
667.3083
127.2769
876.3365
120.7551
328.557
645.7691
160.9406
247.6142
213.9818
323.1185
600.252
197.2591
241.912
311.5563
275.7322
367.1459
149.7981
232.1236
417.9257
200.535
257.2807
340.7059
461.776
778.6198
151.1013
131.1794
289.6364
159.1679
208.1254
535.9308
517.9039
117.7238
329.047
301.4608
651.2257
267.1786
1460.789
234.4058
119.5178
198.6305
230.9272
214.5995
204.3781
169.706
410.2887
141.8137
238.117
210.1
232.1843
286.8091
310.8538
257.5841
206.6367
282.9293
203.6058
324.0868
348.9891
310.7579
263.024
319.286
313.6879
261.5288
218.7302
126.1395
249.4727
231.0535
315.4039
231.1197
268.4006
196.9075
401.8088
216.8243
294.6639
245.065
220.4002
225.2594
328.267
296.5733
297.6972
253.2213
359.6414
228.2594
503.2258
283.7767
501.0089
249.527
168.6701
204.87
326.2199
279.4442
182.7202
526.3456
344.1896
680.0369
241.8926
246.5673
144.8572
208.2048
475.6912
122.6259
226.6004
119.4524
275.2374
204.9486
165.1241
272.8602
155.2436
221.3966
722.6339
158.308
396.8621
264.8451
431.1721
355.6156
201.1034
195.6592
183.1506
272.1524
264.698
133.9327
109.1684
420.0659
147.392
164.1827
104.6533
269.2568
174.169
163.0124
349.8442
158.6506
211.8673
480.3761
231.827
356.726
591.1409
258.9056
117.615
181.5736
284.1429
209.3986
417.8155
176.9968
187.6182
777.7937
309.1994
190.656
211.0725
281.3546
424.949
346.9468
113.8706
443.5924
201.8276
200.2314
246.8659
135.0244
205.0243
158.5905
408.8513
288.3072
269.7656
192.2901
213.4165
382.6618
405.3732
300.0928
303.076
218.1523
213.3234
313.5715
298.7929
110.7996
185.9127
107.322
278.4762
185.6692
430.4106
262.6797
342.2296
163.838
247.5607
395.9007
127.4704
120.4692
185.135
123.9
242.5115
408.3408
243.9408
219.1188
313.148
216.9492
371.1593
356.7199
263.5102
246.7188
144.2136
263.7096
119.1927
175.1246
142.4567
189.9126
530.108
372.2618
155.6791
307.8827
425.002
225.8565
256.3181
160.5875
398.6863
303.5631
574.6782
150.8064
281.7439
162.3896
232.4432
225.0445
270.6677
357.6243
182.9117
580.2273
118.7262
296.227
227.9333
447.3831
108.7991
166.2137
110.9489
483.6892
181.399
148.2131
108.2856
148.8632
442.6133
227.8812
265.3377
340.3402
371.8239
274.6492
636.8987
192.9586
565.2603
587.3326
124.2599
333.0562
187.7686
184.2312
139.767
350.2902
317.6951
206.1058
205.0364
294.5977
464.3201
193.2217
137.8166
318.3919
171.7394
454.6647
116.9132
186.9101
529.8863
337.9533
142.4372
142.0308
347.0195
468.8069
635.6668
970.9009
222.9162
139.5925
171.432
141.4353
183.4469
117.5659
462.2876
154.8892
168.7523
232.6717
209.8866
272.7174
238.8321
378.5246
225.9717
226.8339
528.2288
204.5654
479.9315
183.3259
502.9901
334.5317
132.9648
415.5903
364.8507
568.0682
264.4251
507.2029
776.6428
141.233
638.3612
295.2875
285.2957
158.9083
182.999
186.3325
436.0895
168.5672
125.543
232.6809
127.2105
214.2361
224.7853
352.4132
368.2124
250.2819
271.3724
574.9293
338.373
307.6826
235.3491
308.666
321.0074
168.5882
283.8476
135.3673
340.9111
237.1005
151.2164
251.281
207.0676
225.7268
370.3511
313.0641
761.8669
254.7247
211.1729
262.2723
134.2395
91.68243
313.8411
197.656
149.3363
266.737
308.4639
410.7069
169.405
168.4219
169.0669
751.5293
208.8568
268.8354
211.7056
132.2755
183.065
110.6072
194.9033
151.0135
342.3347
450.9818
359.7238
140.1659
200.8426
830.0419
190.0095
298.9048
210.3793
267.0744
414.2268
195.5772
118.5069
181.0375
253.8172
278.1989
466.3331
141.6561
142.5069
219.8335
317.5575
202.2751
147.3239
320.21
327.7495
345.1675
286.0004
275.292
192.9781
354.6167
207.2993
236.121
244.457
460.7669
243.802
243.807
420.7351
206.2525
323.5092
183.8367
150.3488
489.5314
153.7603
709.023
259.7937
210.0708
337.4325
175.7031
372.5196
318.5029
256.419
207.8905
578.6051
186.7769
1162.145
258.0585
282.379
179.6374
207.6114
315.4419
508.9118
382.8942
233.0642
107.7757
442.5575
230.6098
192.8822
241.7731
