135.6288
95.70689
67.87461
64.56215
69.16162
83.77075
75.9411
72.70816
83.13841
59.1468
60.83949
52.55574
70.79141
76.53392
65.22913
60.57666
62.32497
67.41215
65.83804
75.69883
74.90602
67.0572
63.38957
73.64459
69.37313
62.26302
51.91659
52.20362
55.75355
61.92282
53.77326
49.90771
63.54821
67.87332
68.67834
61.49986
59.9411
57.82774
48.7901
64.1892
55.78107
57.0901
66.49147
62.58518
60.36781
67.05479
75.0956
51.71638
52.99475
67.47948
56.58682
47.65279
60.62841
59.75869
66.95315
76.28016
71.45999
65.83507
72.49776
65.23337
73.12077
72.33086
69.20534
69.48452
76.41132
82.55172
92.70202
68.43355
58.76764
70.39516
81.43085
60.87676
53.35967
56.38725
62.43984
51.95055
52.02563
55.48823
54.05042
64.81836
62.57502
67.91144
61.64103
63.77783
71.24846
75.09437
66.16399
53.49075
79.57493
80.27176
69.03691
72.88849
66.75392
67.23618
66.70823
53.43714
38.73116
70.30369
69.63411
67.0339
65.5818
53.75291
64.01227
59.96115
69.34638
74.75221
59.98866
57.86138
61.62223
47.35703
56.88485
51.21747
71.20237
60.55
47.38498
57.65418
80.23123
57.03056
54.88541
55.83066
59.19786
53.9008
56.66993
75.53423
56.25618
57.37693
55.09872
57.89947
53.25082
62.85966
60.32664
63.03703
64.50412
53.7459
54.62977
58.86058
61.51929
68.93014
60.79296
60.73944
59.7472
49.37204
55.4633
58.77767
60.51472
56.48473
63.31982
58.37017
65.2818
60.76561
68.85876
59.16738
58.05143
61.5014
61.40197
70.41481
80.94356
63.84153
71.49545
76.98417
67.6843
50.32567
56.10266
56.87051
64.26037
74.84457
64.66541
65.01392
71.92686
74.11026
81.84894
72.45319
70.9529
66.08255
67.35692
78.51849
62.42518
58.10852
73.09598
72.4783
72.58938
66.75152
59.37317
56.92004
59.68935
66.79802
68.58255
67.30982
50.56378
71.64566
75.5959
77.58844
87.22672
95.14233
58.00888
58.29516
63.04801
72.01615
67.70703
61.22875
52.84748
63.12234
78.36301
60.86732
56.38209
65.46871
55.54145
66.29767
58.4514
71.69839
84.24153
66.78505
63.22967
63.05308
69.37676
63.55309
72.56704
48.94052
61.95301
65.16052
70.9086
76.59629
61.44966
64.94613
74.47699
72.10756
78.75451
70.72657
79.70529
65.12484
73.79782
83.10929
95.59687
71.25673
70.54336
79.87946
53.02523
73.75704
65.47813
69.14425
72.09588
68.50638
66.00011
71.86594
63.53632
71.7384
79.25772
77.07353
69.13549
52.01783
62.56966
70.10397
71.25385
71.26484
64.53538
66.92686
75.14838
66.03996
58.49068
69.88675
64.60638
69.00411
76.15668
66.17454
57.53431
69.09961
59.58313
67.03687
59.65288
71.18513
69.27135
66.68458
62.2162
61.92683
54.888
56.17451
52.50979
66.01815
64.80854
69.74947
62.80637
64.37975
53.83219
39.24389
50.30269
53.85705
46.19247
53.43479
72.56744
65.04156
63.55036
53.53802
52.85742
60.44517
65.0138
81.88526
86.56835
70.33616
71.11228
67.33652
75.45368
79.54425
53.26379
70.50989
65.32768
56.30829
67.68348
75.22702
58.53907
68.50027
54.88639
83.6558
67.46658
57.01136
63.43687
81.73095
49.75731
63.02115
74.45977
75.65169
67.77289
69.54273
72.86227
66.12228
51.08727
48.93033
61.16124
65.85732
65.51034
73.87851
77.22226
74.89987
93.85266
67.69963
104.3841
62.60279
57.33515
67.26127
64.0484
57.33879
61.0669
70.90047
73.00743
60.83209
60.16356
60.69574
66.34288
65.21648
72.6186
58.02767
55.29276
55.14486
62.37522
64.11072
59.85528
55.7084
57.60458
65.60302
64.04753
59.10044
67.07029
68.18691
75.04863
71.01114
76.69926
79.61424
62.04824
91.76868
75.11902
49.27065
69.54269
70.4297
91.57774
79.10083
81.98951
69.89218
61.13762
65.12222
56.02961
62.24082
67.80055
62.33514
55.76342
62.00026
50.92795
48.00021
60.58691
51.14654
53.29223
37.07316
51.9193
49.03167
70.73008
86.4806
75.35064
74.32868
89.81482
65.37935
73.63291
67.72412
73.668
82.83365
63.55263
72.3452
56.15943
52.9515
58.137
54.75916
57.4018
59.71891
57.92557
59.33137
57.24553
63.5895
55.14079
64.22366
69.26423
74.49548
65.50621
53.54566
64.08084
57.09046
71.84913
74.76205
70.04188
90.01428
71.01126
66.34068
77.95236
74.97721
69.40653
55.94105
51.8236
54.32115
57.59116
48.36085
60.7316
78.91699
63.87293
65.93238
71.29157
60.24747
76.63365
78.73289
65.78976
74.65399
84.94968
70.46674
53.8788
50.55185
55.21039
53.87633
56.60221
64.67512
75.92583
68.49387
56.23284
62.23568
65.68698
66.64756
79.43561
67.97102
55.04246
57.55265
55.14744
59.25503
57.12151
64.01301
69.75524
71.80342
72.89934
69.29259
63.21194
53.13182
52.65532
61.35103
55.9107
52.76745
60.32336
59.65644
52.92702
46.48016
59.718
74.41927
53.46757
60.38435
69.28108
65.13525
72.44554
71.62207
69.84602
72.47654
66.99677
76.22576
85.54334
65.44796
62.33394
56.81569
62.62689
71.07642
