434.6417
1888.656
1126.895
2396.188
1221.052
1018.877
999.8196
952.9761
502.1178
607.8725
1593.903
847.052
2685.472
965.9734
979.8929
1494.117
1247.013
1475.615
422.3328
644.5081
1468.18
1324.63
906.545
1346.66
738.8495
880.103
1117.293
474.9306
1127.847
1062.542
922.474
1474.416
922.1737
1976.588
1553.454
747.6487
1812.509
319.0422
659.5616
1044.22
542.5356
845.0297
3148.88
939.7201
4974.349
3781.459
788.0092
1315.314
725.753
1091.787
1206.327
2203.957
1917.9
776.0013
2633.206
1024.927
409.9808
1073.732
1997.413
875.9271
980.001
817.9248
697.1734
2147.881
771.7725
870.1141
1357.045
854.0518
538.4876
584.3199
515.0072
450.4721
915.918
1510.328
2775.811
774.7636
475.3522
2553.292
611.1519
2683.166
892.6243
959.8905
522.2055
1868.554
789.5761
833.8557
587.3196
1205.249
1906.717
1282.607
926.6469
2612.769
746.3759
1059.302
1131.299
2088.576
750.8272
1573.169
1345.877
1817.605
1079.946
742.2352
970.8728
990.7409
1794.613
1402.521
1523.906
660.4916
608.1061
891.9931
762.4326
1323.473
511.8014
638.5982
693.379
2453.565
1314.595
1314.771
2236.227
972.4185
1415.617
624.1103
1176.915
1201.62
529.2296
1085.664
965.9299
745.3496
526.1134
1210.712
678.8159
618.4088
790.6814
2632.243
920.7585
956.634
1406.671
1059.22
725.4913
3050.992
2890.546
1173.974
1302.911
2640.037
1187
819.2843
1029.526
994.1059
1331.516
1572.408
1287.167
927.5839
689.3461
1879.719
1041.236
939.4468
537.3081
1140.184
448.1249
1633.836
900.9122
708.575
748.8447
670.1213
1119.463
1956.258
1304.603
1120.609
1264.236
1319.742
2133.225
904.9611
996.6665
1028.118
1827.142
852.7367
9857.5
1301.062
805.2107
852.2417
573.8735
3027.205
885.1325
965.446
1366.885
783.1179
862.4315
1234.84
738.9454
1078.486
771.0611
495.2443
700.2022
565.8302
5597.504
577.7571
524.4273
692.0224
1024.435
433.2978
748.0438
514.6067
544.4426
865.5622
617.5831
699.946
504.6889
948.5079
1436.687
1118.756
1138.052
3236.232
1489.947
1016.792
460.9944
522.702
941.15
803.2522
884.113
2620.6
492.7951
1107.786
1532.502
1690.554
573.1892
2558.808
3414.91
1274.703
769.6807
1048.841
1106.064
621.4443
358.7244
678.3994
627.5672
1351.99
676.0248
1820.381
1710.709
507.5959
1177.201
1966.553
1105.668
1423.494
609.5985
470.5295
2926.253
663.498
907.588
609.5417
967.4443
2515.431
670.4657
903.1442
1407.024
692.0145
1020.636
1919.513
950.2578
1069.75
682.579
707.4693
1118.287
918.0195
1724.788
607.5592
698.8683
645.4133
1027.276
406.5492
571.2444
2151.595
433.5577
853.4545
557.8781
521.347
776.2287
1527.623
420.3836
633.5133
831.8928
706.6544
2658.793
1673.405
2319.523
885.7042
679.1595
566.8374
520.2974
536.9161
1374.209
2008.194
1014.948
593.925
1085.527
552.9281
915.9141
1336.619
679.3463
629.5478
2235.706
833.3525
1495.689
917.8331
1913.277
2174.455
918.7406
2601.574
762.4804
617.4974
2431.913
643.871
625.2311
523.7818
1051.238
560.807
942.2378
1355.148
1497.064
605.0662
1319.747
529.324
339.4176
1223.787
674.0296
805.3082
827.8841
2762.046
764.9845
839.5258
940.804
1915.791
1760.139
1102.367
533.1427
506.0193
1074.859
1498.623
670.3513
532.9312
846.5588
703.0741
637.5305
1247.806
651.1272
600.8509
771.1473
983.6912
902.6982
929.3905
785.2969
585.6366
1073.678
806.4182
1147.268
1373.457
1409.804
673.2506
1507.34
1129.027
689.4411
854.8609
816.3506
1122.676
895.6773
1361.126
1115.247
838.346
1680.941
460.4312
1127.996
841.5865
1373.28
435.02
958.7686
1196.986
435.7732
1092.097
3132.297
607.6402
560.8724
1382.659
954.0204
962.148
642.1217
1550.932
879.9122
671.1087
2822.016
1138.807
1009.472
1287.551
715.8499
1197.761
908.3116
868.6858
2387.433
1354.705
1514.455
798.0006
1848.068
595.9331
1896.44
801.9667
1119.651
2323.511
933.2102
1769.993
1042.624
640.707
979.5381
1323.829
468.5128
1190.313
658.2581
843.0287
548.2739
744.0547
665.8476
956.5728
1343.632
688.1284
926.3436
520.2014
1340.599
1620.515
895.8764
941.5512
1108.489
2115.18
1363.515
1035.982
2239.682
1662.678
744.4044
959.7335
2670.945
1761.622
1125.836
1382.635
1520.498
655.0995
971.5181
697.5093
923.5118
1872.197
694.7187
1079.125
826.1109
755.3047
874.7326
1017.425
1139.938
1004.992
857.639
963.5092
897.0786
778.4719
566.1499
701.9565
1201.019
629.0338
553.6498
505.8834
1220.576
570.225
2432.866
1230.93
683.738
1046.529
756.7422
820.0677
756.5528
1973.414
1099.264
935.7649
1110.825
744.312
2480.615
1842.026
1065.266
553.6172
500.0174
1163.172
658.8622
2290.731
1132.485
1052.566
771.8272
947.2222
725.3531
794.5249
567.4595
1306.981
1955.091
2279.046
596.3276
1250.04
857.363
924.6866
