102.6689
104.5327
105.0949
106.5131
109.0015
108.504
107.4008
108.0401
108.876
109.0298
109.8886
111.0358
111.7268
110.9495
111.2784
111.1291
112.2763
111.2801
111.0608
113.2874
112.3532
113.9399
113.4592
113.062
115.5063
117.4184
117.6279
119.4237
117.9754
117.5621
117.5938
118.6286
116.7751
114.3216
115.2182
115.883
115.1493
113.6519
113.1961
111.0956
112.1618
114.4478
115.2605
116.16
115.3512
117.2214
117.0877
116.2438
115.3945
114.9361
113.3167
113.504
113.0281
112.5937
113.2726
113.4172
112.8031
112.4641
112.9245
113.328
113.6921
113.4352
113.5048
112.4002
112.4667
112.5496
112.1283
112.2965
111.8363
111.4986
111.285
111.1424
111.6814
111.3236
111.6603
110.96
110.9524
110.4929
110.0361
110.1875
110.8401
111.569
112.0625
111.679
111.1103
111.4344
111.3751
110.9402
109.9417
109.4381
109.5832
110.9331
110.9141
110.6581
111.8967
111.3081
111.5278
111.7655
112.3892
111.9957
112.9246
113.0807
113.3573
113.1165
112.9394
113.3173
113.6766
113.0789
114.0483
113.3944
113.2861
113.302
113.4147
113.4232
114.2609
115.1109
114.6864
114.998
114.8286
115.3039
115.9887
117.1591
117.3893
117.8121
118.2021
118.3929
119.2609
119.4425
120.3266
120.5574
118.7902
118.8983
118.7903
119.2454
119.4441
118.7269
118.7638
118.8878
119.1952
118.4976
117.9486
117.7621
117.3054
117.5605
118.358
118.3404
118.9168
119.0036
118.5987
118.9653
118.809
117.9461
117.4852
117.1634
117.3632
117.2343
116.6965
116.754
117.2984
116.8281
116.7106
116.2923
116.7444
117.5067
117.8823
118.4434
119.1024
118.6302
117.8248
118.0326
117.4691
117.4435
117.8067
118.241
118.7833
119.6407
118.8787
118.4281
119.199
118.6415
118.7809
117.7207
117.5988
116.2669
116.2985
116.4522
116.2652
116.5395
115.9152
116.033
116.2233
115.5492
115.469
115.7264
115.6367
115.8779
116.4308
115.7649
116.1043
116.2018
116.3344
116.6643
116.3814
116.2759
115.4798
115.8738
116.1291
116.3492
115.9188
116.021
116.2378
116.3524
116.0982
115.9932
115.9187
115.8426
115.7675
114.9585
116.1459
115.2978
114.8089
114.9029
114.1389
113.5055
113.4378
113.1898
112.0677
111.8704
111.5403
111.9035
113.0015
112.1807
112.5849
112.7641
113.2053
113.8351
113.7416
113.3266
113.9245
113.4151
113.1367
113.0663
113.0073
113.0617
112.8145
111.6342
111.715
112.1274
111.4635
111.4306
111.7082
110.8867
109.8222
110.0868
110.6147
110.1527
109.6002
108.9388
109.1559
109.2493
108.9815
109.568
108.8958
108.4847
108.1441
107.8869
107.5568
108.2201
108.3668
108.5532
108.5521
107.9086
107.2384
107.6426
106.79
106.897
106.2487
105.8788
104.5101
104.5653
104.7526
105.2225
104.4575
105.5018
104.8972
104.39
104.3042
104.3112
103.7996
104.1018
103.8539
104.277
104.4257
105.0358
104.4763
104.4656
104.2122
103.7633
103.5114
103.5256
103.3744
103.5936
104.2992
103.4779
103.2466
103.2067
102.71
102.6249
102.4427
102.1715
102.0706
101.9079
102.0197
102.5349
102.6031
103.2282
103.1929
102.6879
102.3393
102.4484
102.4183
103.3227
102.7448
102.9299
102.2824
102.728
102.98
103.1956
103.2419
102.756
103.2202
103.4486
103.4463
103.839
104.1344
104.257
104.2432
104.2104
104.1762
104.0501
103.9512
103.3886
103.5874
103.3876
103.8941
103.3822
103.5136
103.5753
102.5171
102.4845
102.3837
101.9549
101.5184
101.7742
100.873
100.2898
100.3773
100.6207
99.62261
99.37267
98.47138
98.22763
98.62474
98.34127
97.89521
96.80865
97.44741
97.87962
98.13865
98.32334
98.27141
98.56733
98.55631
98.1689
98.18162
98.35627
99.34223
99.35784
99.51772
100.1046
99.88878
101.1699
102.3297
102.8617
102.9604
103.0281
103.04
102.8965
103.2884
103.4399
103.0928
103.273
103.1872
103.3163
103.0739
103.004
102.8322
103.783
104.8483
105.007
104.2119
103.9273
104.2442
103.5988
103.8661
103.8251
104.7926
104.8789
104.4242
104.3323
104.679
104.3712
104.2393
104.6622
104.9496
104.1954
103.9867
103.5053
102.3914
103.077
101.6759
102.0181
102.2763
101.9064
102.3798
101.1069
101.3787
102.3958
102.2742
102.1471
102.3373
102.4684
101.7439
102.0005
101.7188
101.2285
100.5357
101.0304
101.5077
101.3091
101.1003
101.1087
101.4292
101.0371
101.7966
101.9784
101.9176
102.1496
101.7844
101.9128
101.359
102.0357
102.2509
102.524
102.5069
102.15
102.2111
102.2734
103.1697
103.9514
104.0267
103.8408
103.2746
104.0293
104.6429
105.5917
106.2062
105.9443
106.1169
105.6832
105.8782
105.7941
105.2571
106.1758
106.0355
106.7044
106.4342
106.0677
106.8489
106.6984
107.0409
107.3654
107.0208
106.7214
107.3889
107.8967
108.143
108.3368
109.359
109.3919
109.4543
109.3103
108.8687
108.2834
108.5971
108.4752
108.9355
109.2827
108.852
109.1525
