332.2909
320.7079
318.1954
304.898
102.2269
48.57704
56.37912
56.33573
58.66872
51.37336
54.41997
50.37232
48.67405
51.20555
52.91978
53.55067
57.14957
53.19179
55.76529
54.58777
49.56705
51.73714
50.9672
53.45798
50.82298
54.46075
52.27175
54.30838
51.61974
56.42299
54.79087
61.4819
57.79893
52.34828
55.84836
50.36932
52.18211
51.31442
58.64266
58.46626
51.37884
54.24467
50.68993
52.81716
51.42628
57.95417
52.72031
46.64313
56.1331
59.26725
51.64345
51.8312
55.30195
48.96008
49.49844
54.93149
48.21756
47.45194
49.32728
47.75462
53.6193
53.56024
51.37782
52.27137
50.45591
58.06915
57.42014
59.38864
53.13016
53.2787
53.87971
50.67861
58.68327
52.2129
52.17635
57.11347
53.15041
57.52619
60.66561
52.25956
54.16363
45.80831
51.66641
49.95473
45.81092
50.67664
49.79425
47.62433
49.08427
52.41816
52.47136
55.87855
52.42569
53.67948
56.4048
57.6309
59.12767
54.95975
59.07589
55.14176
55.59609
53.37279
54.82558
54.41001
51.5715
52.3602
55.9177
50.14744
52.95939
48.6718
50.69803
56.90078
50.8764
51.71983
52.0191
51.77283
55.46212
53.72202
51.5317
52.69972
55.85571
52.38914
60.77777
55.74256
51.0543
51.43802
56.01687
52.46927
51.35
51.0388
54.77761
58.55889
53.82549
55.85402
59.41036
52.32662
53.20832
57.1162
54.02637
52.46657
51.97907
54.98853
53.70067
54.07969
53.51377
49.66922
58.02381
55.26943
52.96759
53.97683
51.29476
55.85945
59.52721
60.11809
54.66856
55.19408
51.84433
50.32234
53.23503
56.03232
53.55337
53.27571
50.18694
58.2522
57.96338
59.18502
53.48226
54.34104
52.06823
50.77062
50.50214
55.74942
51.34954
51.97708
50.88995
58.41589
52.79412
53.69593
49.81738
50.51583
53.33922
49.74259
57.29048
56.91342
59.40838
57.16738
56.59276
61.43853
52.21669
49.65307
52.97239
52.26038
53.82357
54.10613
51.58973
57.22746
53.00594
52.94451
51.37763
49.96814
53.0091
60.92114
50.76009
52.2343
55.66568
50.11292
53.33498
56.6294
51.58339
51.94077
47.50415
56.55813
54.36626
48.79536
50.24807
57.1273
55.95398
54.11891
54.44213
56.81433
57.61427
54.11699
52.95996
48.82288
47.1436
49.661
49.28303
55.90857
54.15036
47.5781
48.79972
53.8568
53.55003
52.36256
53.27165
53.71302
53.06985
53.16497
55.56519
55.15504
53.34843
56.48464
47.73804
51.14659
65.10925
52.08764
55.51137
50.71849
51.3615
52.33284
56.36935
52.38739
50.75124
49.81294
48.72759
52.98995
56.8573
51.28414
55.96987
50.13261
54.43881
67.11042
57.48246
57.41729
53.55262
49.83167
54.15118
54.74174
49.80579
58.07416
62.68514
54.2772
53.58942
54.28698
48.5063
55.1109
60.18782
51.21328
51.64204
51.05351
53.47777
54.32516
55.19384
53.00825
51.04378
53.37021
50.34103
48.75888
51.54836
50.21873
59.38291
54.13394
49.00813
54.74795
55.96783
54.55556
52.68325
53.98454
55.26728
53.4257
58.05466
49.53517
52.64511
54.89799
49.89888
51.33109
59.642
57.81583
50.46808
57.03314
54.52893
59.97787
57.43266
54.10063
52.91488
50.69473
54.02434
52.06999
47.54931
45.5989
53.45282
60.03945
50.41157
51.954
51.78448
54.93982
52.69266
56.46905
57.19491
50.06413
54.86219
57.92944
56.21442
53.33156
55.46199
57.5865
53.7552
53.91189
56.14015
52.68073
51.09159
52.73791
58.18793
52.75372
54.34596
52.53652
53.41349
50.68015
52.25289
52.55812
54.10078
53.53387
52.7892
54.23569
56.48186
52.62249
58.56799
51.70601
50.93052
55.74233
54.1155
52.97047
56.58641
60.05793
48.03194
55.31472
56.88197
55.0559
54.03847
58.25143
50.02836
53.64824
54.16152
50.81118
55.17386
52.42541
54.97554
54.12129
52.87431
49.82686
53.40174
51.35981
51.32872
53.96548
53.87732
51.46891
54.10362
51.16208
55.26587
52.33974
49.60602
51.94784
54.78907
48.91771
59.51374
53.52941
53.72116
49.99867
60.8491
55.64862
57.7645
53.46976
52.66391
57.18173
53.09719
55.42059
51.03094
56.09143
53.86872
55.80544
60.02575
48.82704
54.87898
53.29482
52.90119
55.38673
52.299
57.61894
55.81695
49.52586
51.47012
54.02891
50.98718
59.91304
50.94011
53.4247
57.64608
54.82949
47.99601
58.65307
55.63076
53.63122
56.46126
55.27243
50.98545
51.81988
51.85375
62.50406
55.35616
52.26463
55.80744
50.03294
55.09438
58.84875
53.25013
53.20077
55.18539
49.66256
56.53958
57.6327
52.69703
56.01038
55.19805
54.11658
59.17028
56.30726
54.35602
52.35486
52.94889
50.87448
54.77948
51.88422
60.00621
54.52933
54.23819
56.33717
55.46507
51.99525
53.42176
48.87529
58.04546
50.25359
55.83597
56.35377
56.76845
50.25823
57.22185
54.61927
56.22297
52.21523
52.2063
56.4639
53.86677
50.03132
48.37266
55.85485
56.33332
52.75025
51.05402
55.71558
49.10783
54.71251
56.57307
47.42908
57.45015
54.35764
52.44788
57.86718
53.18156
53.53962
