777.2114
720.4332
770.231
754.0632
726.1609
777.3738
728.2633
729.812
735.3706
778.5174
682.1811
774.6602
741.6477
750.0189
730.8343
748.1583
750.2917
761.5724
772.7623
725.5143
743.556
721.6208
714.1924
715.3069
679.6532
742.2534
721.2834
746.636
745.8665
735.4428
788.8634
729.6299
748.1688
816.2544
775.5438
732.2172
767.0208
732.3252
738.4932
751.8897
738.8803
819.5576
728.1853
673.1885
818.5767
757.1294
770.0564
701.5538
763.9632
763.7099
715.7046
721.0446
805.7944
734.8535
801.983
750.6717
833.1248
801.1837
691.3243
749.6258
709.2379
736.3518
748.473
807.8542
760.1706
706.5193
715.0385
803.1371
732.0487
741.1553
702.2587
810.0488
770.6208
687.3535
683.6378
747.2206
784.3774
773.9569
742.1466
748.6716
768.4662
784.1987
757.5392
769.2556
812.4535
731.295
707.4264
756.9683
794.3009
751.7288
755.8458
688.5574
761.3312
757.0092
704.4626
742.7294
785.4223
760.2309
774.8151
776.0669
745.15
721.3566
796.9944
774.0088
784.4795
789.6695
812.7305
719.9105
762.8727
716.3884
762.9117
736.9842
706.3289
715.6285
754.413
750.9622
749.5371
733.4124
827.117
729.9779
734.9631
757.5266
747.3444
785.9584
762.848
735.7517
758.4069
769.4604
716.8341
831.5651
769.3971
701.0843
766.6278
743.6157
739.5302
667.681
738.1529
778.2293
738.3994
815.8928
785.178
765.0748
714.4794
752.8487
778.9052
761.5149
734.0166
738.4152
781.6041
713.1719
745.5067
712.2136
731.2257
792.4234
782.9055
700.1957
759.8088
793.8509
760.0676
706.7099
779.3931
746.8313
740.9927
758.3814
795.9144
716.9434
764.7802
708.5598
751.9065
761.2253
775.4887
714.8132
753.1006
783.1366
739.3519
797.9018
714.0319
776.2552
766.7007
849.9323
750.2177
714.7297
779.4717
780.0787
723.5157
777.7133
776.8072
696.0669
732.0636
711.814
716.3889
833.6805
755.7826
762.6956
693.2857
716.7902
742.4737
751.3794
769.3228
750.607
748.2097
791.4481
694.9541
723.6257
721.5356
781.9034
719.9314
728.4685
737.1206
723.2365
742.078
700.5921
768.8454
792.2237
753.8292
715.567
795.5471
736.496
718.7279
812.229
713.808
692.6206
810.884
738.584
766.8172
770.2668
737.1706
756.7687
731.0752
728.7016
735.5222
772.419
706.1236
770.2355
734.6314
818.1783
743.2208
768.6471
755.6765
755.9928
768.3589
772.766
767.4163
735.8846
726.8974
707.1681
734.2076
703.4048
772.1458
850.8317
721.5452
784.8468
783.0477
735.6978
783.2117
756.7317
723.4593
793.752
788.3292
759.662
779.6179
711.346
769.2925
756.5956
771.634
784.1525
699.8025
728.279
716.0052
755.1772
760.0523
763.5977
743.4488
691.981
793.806
806.1834
755.2579
793.678
743.506
740.2076
734.1092
839.6432
781.4796
740.4774
770.6962
780.1294
742.4686
789.6396
753.4088
728.0035
787.3331
752.9199
747.9636
733.2258
715.9698
702.3645
737.9142
785.162
708.085
742.1212
852.654
729.9938
743.0032
678.3155
764.2601
746.2113
806.907
762.9558
789.3979
771.6079
772.0227
780.4982
734.7299
799.799
769.7663
744.187
747.3721
681.8055
756.0625
741.2277
780.6642
764.0336
695.7624
776.6608
807.3971
749.4805
742.0315
738.0934
729.6662
752.4076
737.8129
742.6038
742.1265
766.9505
778.7199
761.3731
746.2157
791.3897
739.3289
694.0066
782.1456
761.9343
841.0056
696.096
790.8504
788.3278
801.7289
758.1706
728.3521
704.0259
740.9668
751.7957
758.8189
777.9293
753.0692
769.378
737.2197
811.3157
769.7333
743.4283
775.6747
761.115
718.8601
748.9299
779.7603
711.5728
756.4039
749.9155
781.0099
721.0376
753.9445
712.5207
804.9559
800.5905
738.5481
813.6669
687.7142
759.8477
788.3273
793.2832
716.9662
773.071
732.017
734.2703
704.0755
706.0067
744.0026
742.0474
702.2154
782.6361
712.0744
701.5376
748.1932
725.5508
685.0702
752.2206
763.6302
736.0952
725.3362
752.6251
757.3062
719.3248
815.5139
853.2298
778.8944
706.459
782.9793
746.662
744.239
781.3604
785.2423
725.5788
761.7761
777.2201
729.9753
727.4509
792.3097
775.4138
737.1383
775.9927
744.3818
768.9322
749.2125
744.434
713.3701
739.7008
718.8731
759.2335
736.9141
827.8268
749.0795
726.3086
793.5618
767.979
750.9814
763.296
741.3005
772.38
740.4848
736.4129
768.4976
800.7191
779.6917
779.1212
715.1926
750.7468
817.2642
735.9065
742.7071
734.9823
763.6337
750.9686
790.2039
804.831
753.1744
808.3862
747.6348
778.8958
763.0946
798.7798
735.6137
804.4362
761.9249
741.0398
750.9115
763.8518
749.2221
751.6751
776.2537
773.5399
719.3391
702.9135
739.325
754.5265
805.429
728.8239
735.8764
711.6214
743.7373
760.2725
696.3317
723.8788
756.3491
804.9673
784.5615
801.8913
813.5916
770.8883
787.2055
806.9344
785.4502
748.9526
801.3875
743.0416
735.5543
690.4727
745.1013
774.7528
779.0363
769.1353
