96.59889
95.61588
74.51688
66.18804
48.74484
39.95151
26.81247
21.12938
23.11551
19.64096
23.4818
22.89399
22.14802
20.25592
20.30644
20.735
21.80965
24.14749
22.87888
21.5
23.42239
19.90297
21.55446
21.01224
21.99288
21.67733
24.73589
23.85249
19.80466
23.67947
22.4252
19.94031
22.60533
22.95299
22.82567
22.30129
21.95938
19.92131
22.08139
21.68201
21.93074
24.7414
23.01637
21.33302
19.50544
20.63269
19.40853
19.40268
20.25874
24.18088
22.27736
22.71582
23.06146
22.83599
22.17054
23.14791
21.93931
21.78378
21.80502
20.62663
22.49933
21.61459
21.46767
21.90329
21.74448
21.09593
19.26039
20.49877
19.88015
19.97241
23.06103
19.76374
20.77397
21.67262
23.26946
19.19984
23.51323
23.40551
23.47778
21.71755
20.94294
21.34157
20.83339
21.07361
22.17618
23.44213
22.70086
21.44837
20.86476
22.00361
20.0237
21.17097
20.64454
21.68299
21.82978
21.55795
19.74539
20.34545
20.94307
23.08038
22.01943
19.712
23.43614
22.78074
22.74897
20.17228
22.24827
22.24977
20.34713
21.34367
20.49032
22.11919
19.3446
23.52313
21.13234
20.85632
21.27051
20.78818
20.37341
20.74483
23.60517
24.1153
20.94921
18.54351
21.72879
22.11628
19.06435
22.70526
23.32792
23.40617
19.66082
23.16667
21.71961
22.41848
24.34151
21.1497
25.02434
22.35086
22.20992
18.82996
21.80813
18.33406
21.01522
23.86112
22.30675
21.28744
23.6788
21.95051
22.14177
19.79606
23.46526
22.87999
22.4165
21.61956
22.49866
20.85708
19.03969
21.62196
23.41172
21.73829
21.11783
21.31792
20.04019
20.68212
22.95765
21.8153
22.08442
22.0885
24.48289
23.3686
21.57822
21.99048
21.11287
19.16447
24.20104
21.57653
23.19007
20.68601
21.55511
21.30447
26.24571
21.36763
21.57645
20.61046
22.31055
20.91829
22.78482
24.88148
22.11437
22.58594
22.35424
20.04421
19.41106
23.19795
23.05374
20.78236
20.16678
22.28217
21.54132
23.37517
22.81189
19.69057
20.41298
21.11288
22.23165
23.15288
20.12078
22.22426
21.83287
24.17427
23.44711
20.83782
22.35114
19.78133
20.23051
21.52121
22.54502
20.95384
20.47648
22.94562
20.68794
20.51924
23.45878
20.03314
18.71544
20.57411
23.01544
22.39351
20.21795
23.27871
21.44281
22.07096
21.35129
21.03803
20.85199
22.0955
20.79667
21.69689
21.8723
21.53697
20.44217
22.01727
22.57859
19.7247
21.69497
19.37407
24.25911
20.78973
20.62821
23.24286
21.77878
24.34095
20.78621
19.33799
21.11925
18.68436
20.71125
22.38678
23.06938
21.56359
20.25321
23.6
22.04775
20.60827
20.637
22.77308
19.18343
25.73487
20.78056
20.75265
21.07896
22.01484
21.26475
25.32771
23.51327
24.33677
21.95252
21.80466
20.98317
21.671
21.14981
20.42362
22.55855
22.28967
21.65435
21.81923
22.04321
22.4927
21.23489
21.29175
21.6926
19.84628
21.59864
21.53723
23.34237
21.19534
22.59366
23.90765
22.69927
21.0234
21.85251
21.65008
21.68258
22.16041
19.9575
22.46134
23.42515
22.76379
21.00767
20.84775
21.63835
24.52666
23.18064
22.70875
22.92819
22.11216
19.57724
23.23687
21.71716
20.76698
20.9781
20.33169
21.0138
21.87694
21.8705
22.5981
20.28028
20.7539
19.54445
21.47855
22.78091
21.69172
21.03869
22.54139
22.46315
23.0666
22.51439
22.92183
22.24152
25.14948
20.50508
23.04401
22.76803
20.37704
22.02801
21.39653
22.51124
20.24502
22.84488
21.79868
22.03741
19.87998
18.70386
23.29915
20.15521
22.81778
23.7708
22.79709
21.69175
19.57594
21.27478
22.42769
23.68463
19.7342
22.35463
21.04015
20.9041
23.84253
21.53478
22.7093
23.33246
23.94269
22.53691
22.18186
23.28236
20.68677
24.83593
21.88245
23.46988
23.15767
21.88324
21.23225
22.29122
26.16395
20.77488
21.33357
22.76997
22.07013
22.06312
21.30486
21.09564
20.42347
23.42701
20.69455
21.76025
21.68933
19.60186
20.90239
22.01438
19.65997
21.47158
19.6098
21.10262
23.5131
22.26657
22.55151
20.9876
21.28459
18.98426
24.06699
21.56093
21.81038
22.44657
19.89101
21.27951
21.76703
21.25594
18.9019
21.59646
20.08899
23.52888
23.25084
21.37431
26.19317
21.95027
20.29566
20.6028
22.8103
20.04569
21.19299
23.87943
23.91146
20.08137
23.1347
20.30208
23.22696
22.49958
23.12041
23.10881
21.63601
21.69893
18.93916
22.04907
20.36082
23.68527
24.6869
21.75885
23.04977
22.00094
21.84482
22.206
19.57608
23.19303
23.57109
27.98312
23.54997
21.55784
20.46599
19.96101
19.86447
20.2768
21.37274
18.56067
26.03812
21.45029
21.49913
23.69343
21.7382
23.29537
22.04947
21.8915
19.73806
18.88307
20.71512
19.09627
21.11599
22.30912
20.98279
20.80007
21.91383
20.83856
23.37031
20.931
20.74539
23.35816
23.69428
22.38603
25.22523
21.66448
24.46561
20.8694
21.0676
20.59476
21.27268
23.25353
19.48709
22.03623
19.75417
23.68409
22.47843
