84.86446
80.80841
83.83743
85.47977
87.01199
84.49031
87.84349
84.42004
84.87154
88.0244
88.641
86.92361
87.87387
89.10709
90.64039
91.56619
89.3445
90.14206
90.07274
91.1221
92.09445
91.26251
89.79796
88.54107
84.69203
84.82273
84.47947
86.8527
87.56234
88.73889
89.11489
90.73875
92.48184
89.99916
89.36471
90.06461
88.74815
87.58008
85.23896
85.25188
84.02115
84.02407
82.75701
83.3719
82.09535
83.19555
83.32958
83.61789
82.7399
81.7298
84.74355
86.67503
85.00227
82.9709
81.15681
80.85836
81.14373
80.00911
78.19198
78.78582
76.2574
76.01691
74.76729
75.44283
73.20937
73.1692
75.21749
75.83471
75.71881
75.89946
76.52438
75.05403
75.86502
74.6444
74.8878
74.26236
75.32245
75.19248
75.98364
76.98228
78.55687
78.25428
81.32159
79.80737
80.45106
79.8295
80.2851
79.95234
78.26177
78.45843
76.82888
76.50061
76.7089
78.51753
78.79199
78.67657
77.99183
79.05659
78.82643
80.21239
79.7348
80.01547
79.44113
78.96311
78.77544
77.60808
78.49559
78.76557
79.08223
81.96923
82.14351
83.61814
83.1834
82.0543
84.80733
85.65744
85.48012
85.96993
86.96697
84.11281
83.13815
83.80265
83.32014
83.69072
82.49108
81.81725
82.68289
81.18005
82.52252
82.88155
83.75362
85.37348
85.31169
83.20508
84.33219
84.24292
84.08025
83.05383
83.53738
83.74773
83.16035
84.05305
82.90043
82.76365
82.74454
84.34508
84.32567
86.10132
85.3421
86.01085
87.29077
86.65797
85.26809
86.12944
84.9416
84.04903
84.45737
86.14262
86.19493
87.17417
86.91675
86.09821
84.96276
87.73899
88.36182
90.26445
91.47924
93.24613
94.65615
94.46584
95.27313
96.7508
96.96461
97.23656
97.4177
99.7196
99.81267
100.8233
101.9133
104.8377
105.4517
104.756
102.7282
104.5912
103.6357
102.3688
101.5341
100.2704
99.55277
98.88348
100.6418
99.79158
102.2311
99.25358
101.0105
97.38116
96.87621
97.23306
100.2952
102.4451
102.9522
101.301
100.6764
98.33064
98.76199
95.9154
96.80048
96.46354
94.19118
93.33073
93.13328
92.94782
93.42748
93.2445
92.28512
93.61105
93.63891
94.53729
95.3329
96.32079
96.23972
93.90343
91.90257
93.12855
91.80004
93.46116
93.57937
92.81057
95.87585
97.84892
100.1738
100.7762
100.3988
99.31708
99.11167
97.5385
96.30442
96.32613
96.36288
96.38744
98.18137
100.307
101.2833
99.36025
100.0667
100.2328
100.9659
99.76252
98.01765
97.91388
96.74004
98.3363
98.66683
100.326
100.5798
101.3846
101.389
101.5427
101.1328
103.9983
100.9804
100.2295
100.1157
101.0322
102.5337
101.8269
99.22777
99.01733
100.0406
98.3006
99.79768
100.207
99.21239
99.96802
98.90032
98.31242
96.5861
94.8104
95.76952
93.96786
93.82605
94.2369
94.55629
93.54514
93.12902
94.18067
92.58659
91.03387
90.79433
91.56726
92.38138
90.81936
92.99701
93.37415
92.34215
91.62823
92.47793
91.77151
88.90627
88.17125
85.26185
86.42134
85.26248
85.96505
84.09591
84.6934
86.38763
84.95874
87.20369
86.62945
87.56562
85.89686
88.56178
88.76777
86.4341
85.92395
85.29142
87.31239
88.35987
87.90399
88.6237
89.89566
89.41756
87.12323
85.60014
87.49451
86.71067
86.05864
83.70016
84.61573
84.2967
84.75391
82.91289
82.51346
83.23552
85.63486
84.13492
85.77064
84.80562
83.5146
84.83234
84.67011
82.53231
82.3731
80.74871
82.70512
85.46671
83.75903
84.74703
84.39463
85.37415
88.52604
87.41506
88.93187
89.48025
90.50271
89.13267
87.66242
89.17615
90.0286
89.857
91.23381
91.14989
91.51531
91.24356
90.59097
90.69266
89.62404
87.07345
86.44075
85.52591
85.01725
85.27234
83.45338
84.00203
83.48559
85.20539
85.05887
83.13019
85.79817
83.59854
85.81614
86.49926
86.41877
86.99043
85.02418
84.73781
85.57183
86.40874
86.27104
85.28189
84.86963
82.11241
81.68111
83.91385
84.9747
84.88706
84.7739
87.10847
87.18909
84.77792
88.41827
89.0046
87.81766
88.16213
86.53675
87.80139
89.59528
88.68977
88.18566
88.62231
87.90378
87.07284
88.59841
90.11322
92.17943
92.66468
90.68431
90.45323
90.34891
91.08447
90.62307
90.58599
91.84188
92.28293
95.39555
94.71569
95.23558
94.19532
93.59928
94.59434
95.15846
95.97696
96.31505
96.33125
93.00371
92.42282
93.55804
92.15869
91.85763
92.30139
93.74075
92.66925
95.34322
94.47215
95.49711
96.72853
97.3306
100.6195
98.74526
97.89389
96.67718
97.31699
96.04422
95.48701
95.44158
94.39286
94.03807
95.13069
96.91919
96.26762
96.87712
96.32491
96.00362
94.41718
95.2204
98.4698
99.55426
98.80442
98.46265
98.47568
95.96617
96.64807
97.99649
97.34377
97.70752
99.04126
99.61832
98.9692
99.58107
97.70496
97.20707
97.71287
96.68223
97.56052
96.15348
98.1161
97.48427
96.7255
97.86181
98.75888
98.8512
98.55855
99.42046
100.2972
99.95607
98.74095
99.37301
98.98252
99.10356
