15.09709
11.86824
12.66132
11.39172
11.5776
12.69858
12.44397
12.26409
11.16248
12.07228
12.13017
13.00562
11.75886
11.99731
11.51268
11.7796
11.49775
11.61393
12.5582
12.64017
12.10154
11.11852
11.46254
11.33432
11.35481
12.48144
12.23147
12.42633
11.13634
11.44594
13.23048
11.35269
11.98553
12.41226
13.51443
11.1911
11.54775
11.80506
11.72421
12.29139
11.41558
11.94278
12.09448
12.65623
12.65406
12.99211
12.10991
12.22199
12.26739
11.56801
11.67995
11.61301
12.50905
11.67108
12.04736
12.23491
10.83015
12.28862
13.24691
13.31814
12.40179
12.81757
12.0086
11.82075
12.7549
12.14824
12.55145
11.6238
12.69625
12.09972
13.03069
12.34336
13.743
11.91347
12.13383
12.00518
12.0389
11.53906
11.47686
12.38663
11.69744
12.19783
12.59469
12.20059
11.50658
11.89844
11.24708
11.10955
12.34438
13.12694
13.87803
12.39597
11.64499
12.09387
12.77525
10.88795
12.03552
11.52812
12.12387
11.94224
12.27035
13.48021
12.49913
11.77297
13.16715
12.92023
11.32129
10.85131
11.6325
12.11919
12.21001
12.4968
11.41135
13.46081
12.47423
11.85446
13.13695
12.86579
11.02719
12.66484
11.60362
11.40474
11.33682
13.69007
12.42584
12.77957
12.22255
13.48081
12.72609
11.96553
11.62823
12.26571
12.16906
11.06952
11.17199
11.67229
11.18051
11.86442
11.40516
12.71228
11.73207
11.66933
11.61545
10.28931
13.39098
11.49171
11.27442
11.72285
12.4182
12.63018
11.45897
10.27981
12.52137
10.88084
12.12116
12.74896
11.98377
12.62986
11.32324
12.25845
12.01555
13.35846
13.02427
10.57107
13.13612
13.14481
12.57781
12.01458
11.6794
13.36528
12.60103
11.46175
11.65293
11.78369
11.61791
12.77331
12.24951
12.01402
12.00928
11.17607
12.91985
11.96977
12.23781
11.8873
11.67959
11.78515
12.75453
12.10376
10.96433
13.57769
12.4819
12.12606
12.66121
12.62343
11.45031
12.30116
12.16112
12.59166
12.23164
12.54155
11.68553
13.23294
12.60656
13.65475
12.23231
12.93504
10.99
11.6441
12.08016
11.36589
12.07731
13.03364
12.26975
13.46584
13.37621
12.28988
11.91738
13.53641
11.58094
12.21125
13.03379
13.37539
11.94325
11.5121
9.880605
12.70319
11.55542
12.29822
12.57842
11.33516
12.91138
12.50102
11.48443
12.5607
12.12966
11.64967
12.27584
11.69859
12.83992
12.40044
12.90043
12.9037
11.71557
12.90929
12.04313
11.02749
10.53359
11.84194
12.71702
12.94108
12.84037
11.67601
12.54832
12.16521
12.0568
12.23352
13.06442
12.00305
11.85542
11.66094
12.67629
12.01165
11.54449
10.48278
13.52423
12.94683
11.33996
12.80086
12.22427
11.74987
12.24602
12.13034
13.0587
12.28315
12.02482
11.88314
12.31458
12.28541
12.26974
13.21987
13.21579
12.54449
12.68664
11.59838
12.6871
13.09156
12.30359
11.32793
12.59029
12.97943
12.46324
13.07246
13.33299
12.22967
10.96049
11.44205
11.73284
11.92698
12.34928
11.81032
12.26627
11.66577
11.62273
12.3398
12.12655
13.88233
12.0648
11.42211
11.69684
10.92397
10.50731
12.37091
12.59327
11.23615
12.06868
11.76162
12.30322
12.10496
12.16983
12.91578
13.59536
12.29344
11.36967
12.69627
12.57914
12.12621
13.01883
11.95368
12.5111
13.45975
11.89637
10.69507
11.70697
12.28427
11.81761
12.92328
11.57678
11.98495
11.258
12.90267
12.0164
11.65452
12.68687
14.11186
13.00087
12.65229
13.66542
12.98092
12.33008
11.35769
12.13612
12.20632
13.28562
11.53038
11.63407
11.33349
11.91829
12.32923
13.05596
11.97022
11.75325
12.49635
11.87134
11.93197
10.73185
11.53851
12.3551
12.28311
12.02436
13.07938
12.61103
11.23435
12.35245
12.77574
11.74583
12.95954
11.59598
10.30907
12.1566
10.83693
12.76714
12.79317
11.31856
11.90195
11.89551
11.96606
10.78732
11.97124
10.83181
13.22308
12.58655
13.29849
13.52496
12.94038
11.3678
11.99005
12.89176
11.9931
12.50985
12.38107
12.74745
12.2951
12.19701
11.46911
13.2399
11.69086
11.85004
12.17394
12.12749
10.62718
11.02611
13.50171
11.38628
11.68551
13.64918
11.55701
12.1507
12.46842
11.37433
11.90258
12.52171
12.60716
12.56471
11.5654
11.93991
12.98274
11.97339
12.53223
11.89579
12.0142
11.08939
11.71331
11.21713
11.64638
11.56098
11.36388
12.10505
12.37567
11.89953
12.11262
12.19182
13.56093
11.52795
11.14248
12.88927
12.20624
12.35655
11.06831
12.01329
13.17161
12.24796
11.47444
12.72642
13.23911
11.07997
12.17957
13.84634
12.03674
13.05761
12.46085
12.25881
11.35979
12.49197
11.87961
11.66646
12.57194
12.94281
12.47129
12.21566
11.06069
13.21294
11.16125
11.75987
13.06698
12.91438
12.10783
11.71316
11.85278
12.73445
12.5453
13.16417
11.93377
12.24423
11.26581
11.41793
12.18584
12.98989
12.29075
12.00845
12.1339
11.85513
12.31434
11.82674
13.32684
12.691
12.3503
11.8596
11.68201
12.34954
11.87456
