1812.092
1861.254
588.2005
1219.312
1414.956
885.9944
866.5445
1700.017
614.514
5271.436
659.5922
936.8437
929.5591
1165.05
743.187
1882.343
684.2159
527.5079
1343.492
842.0484
968.8209
3565.919
639.4849
1664.029
3308.728
1379.165
1108.132
665.322
1801.407
746.3306
1052.282
638.7227
1056.432
642.4382
1155.025
1682.606
721.3262
576.4101
1346.651
1181.762
568.2038
1311.332
1325.975
881.7808
1523.685
2474.118
1442.03
1291.67
2073.982
1099.057
1659.159
639.9677
921.4269
2938.45
607.6487
1063.01
722.5552
740.8308
678.1897
3701.094
986.5229
782.8324
1215.945
1590.949
946.997
598.501
1383.691
1416.765
913.0957
816.6633
986.0132
576.6532
1144.689
1617.42
473.651
1262.388
518.7369
1466.105
1084.02
747.63
575.9745
758.9286
640.417
1423.062
3335.387
1068.071
610.4574
1973.903
428.868
1813.703
2459.254
785.3485
897.0143
914.0975
1374.253
1766.822
732.6474
809.2922
533.2235
932.4156
1439.658
1329.339
745.1776
799.4389
1779.564
1377.306
1455.009
1339.231
887.7601
4628.167
1949.807
1073.994
1054.525
371.5275
1718.831
2441.33
678.8671
1856.992
6324.139
1734.683
2993.165
1248.055
2006.673
858.5361
1661.602
846.7599
1543.608
972.9673
570.3948
1056.64
990.1074
1030.362
1391.752
483.0755
940.9923
1072.05
660.2488
922.2127
662.667
2271.094
6942.067
645.3272
811.6866
1465.639
1365.351
738.7454
1206.829
816.514
1086.282
753.9798
2280.936
938.7573
869.136
925.7185
2365.769
1547.955
1490.885
1037.198
610.4232
1434.697
1619.309
2447.397
1590.116
500.2877
1660.177
797.5784
999.9702
909.6
609.4278
1352.001
844.8456
1335.468
1070.146
1965.901
1088.141
1053.717
1491.679
593.1465
889.5462
1434.382
719.1442
6693.214
1149.757
2387.614
890.0272
1860.968
2608.371
1110.144
589.3098
617.0011
1444.738
1734.724
1246.887
800.2238
1385.345
716.4582
1340.307
836.745
458.897
1345.815
1230.607
809.5946
1184.974
872.5954
1210.205
795.3629
1627.067
1768.284
995.0664
1177.121
1910.86
1230.86
651.8414
1468.119
1023.612
937.3329
2741.02
1427.522
716.0126
1010.72
1681.359
1523.562
1915.933
1155.237
3172.416
775.6691
851.8542
1372.538
802.961
1035.431
1440.106
662.4141
1660.047
3962.297
2953.224
1009.208
1655.639
1649.59
1634.3
1963.231
830.6324
902.1546
1811.858
1577.792
1119.175
565.0487
646.882
1376.388
1732.639
1378.791
1620.585
982.7521
2102.29
1683.208
1788.974
977.0058
730.1682
1094.584
699.4096
1854.379
681.7978
2428.591
1012.738
1491.63
794.7052
2903.357
1295.203
1755.68
753.9238
1208.443
1053.713
638.4958
2682.147
1337.978
882.769
1128.925
1543.404
1840.843
1421.217
1048.164
1184.287
438.8484
581.2605
2081.046
1084.197
1404.511
2808.399
635.2993
949.7003
1045.413
1604.279
874.5287
3069.099
3358.419
1457.225
1793.337
1214.632
615.3128
903.0066
1675.259
627.9131
732.2573
800.6593
1159.56
802.1376
1313.844
593.4289
1587.274
1368.491
725.3937
2017.475
1673.727
937.7578
684.0114
584.7747
742.2418
1720.779
997.7331
1561.526
1058.446
653.6874
578.0629
1812.194
1377.211
2100.111
875.9635
1555.884
1221.879
893.9186
1137.277
886.7031
3236.989
1136.323
931.1523
865.5638
1072.353
1087.44
641.7591
701.9937
1056.13
1763.743
569.8439
927.9623
1164.724
1812.506
1094.223
1840.768
906.0801
1086.114
747.7996
517.5517
1029.642
1112.844
955.4047
1256.686
1235.507
1073.259
1687.431
2224.339
793.9956
1009.398
2019.954
1186.929
2603.94
992.7824
1959.831
1458.632
923.3744
1699.722
1396.272
2260.829
3539.045
5314.072
4352.444
1526.25
1791.98
2015.33
2084.855
8736.06
2921.846
2167.915
1509.608
1281.207
2632.423
1401.741
2127.48
2086.336
2828.244
1148.342
3738.86
1715.34
1112.474
1453
1882.656
1068.742
2695.061
3902.759
1629.768
1522.357
5291.661
1366.52
918.3496
965.4355
1847.719
3210.837
1072.082
2774.701
1475.959
1996.983
1434.428
2717.204
3807.871
1471.228
1146.824
887.7707
2619.787
2480.193
619.3867
1249.249
712.2417
2550.713
1078.118
1875.195
2494.482
1070.472
1603.025
2316.008
2651.772
4012.826
1641.195
1604.955
2154.21
723.9953
1467.363
910.2069
1768.977
2099.895
1953.851
4896.774
1310.814
713.2727
1901.017
1660.77
1424.225
1002.181
709.8928
2876.276
1828.557
1115.752
1032.57
1068.557
1924.844
1126.088
1969.644
3064.751
998.4461
1909.421
1316.842
665.3185
1555.694
1973.045
680.1838
879.3919
746.7377
1336.938
808.1275
1011.989
794.3073
1420.518
938.2712
751.0381
1279.092
1021.711
503.8688
814.8037
1229.049
723.808
2363.81
955.4878
858.8001
4224.784
773.9797
574.8097
1775.44
1115.713
1965.259
1144.113
543.1446
819.2545
1337.926
555.4384
773.9896
860.2459
2252.168
703.1516
615.9555
616.7463
807.8475
3778.757
1303.835
