123.916
155.3592
144.9122
155.5513
161.6378
256.8314
202.9631
201.3904
251.3471
303.3023
314.9476
233.2642
263.098
191.8708
266.8629
228.0376
218.7813
210.5876
199.2572
218.2974
199.3295
149.3044
153.9571
157.835
155.5483
151.3039
132.5404
110.369
96.62595
130.221
98.50334
85.49189
69.3049
93.77332
107.3985
96.81923
84.02605
86.0674
92.09718
82.35081
81.47228
80.96976
73.56573
89.0628
89.44446
114.7502
87.38944
85.89094
93.65957
100.934
83.1207
120.3522
145.4187
135.5494
143.3197
96.62941
96.26769
99.40274
72.24543
52.68859
67.62206
60.20877
54.15758
75.80643
84.07306
64.48363
61.31441
65.82209
74.18818
54.51932
67.34903
81.55366
107.2329
118.5995
86.31885
98.18491
81.26947
66.33703
60.39358
61.16469
52.01963
59.61747
68.04032
74.14323
75.78079
70.61686
68.23968
39.53173
32.65922
46.9259
49.19783
83.24857
113.1559
79.28429
92.00037
77.89647
69.97993
92.65591
92.89599
76.46078
85.64998
89.27541
54.25646
38.01468
43.90092
50.31105
44.6286
49.53488
50.74323
54.05227
52.2922
63.90973
41.03202
67.51522
81.60351
83.48002
52.22887
50.04082
46.76154
54.76295
47.1422
75.32638
86.14601
101.8063
65.2575
94.52457
84.96675
88.98084
79.79255
89.75593
126.4953
132.1673
141.3137
122.7997
101.2922
109.811
104.5487
75.95309
98.22918
65.73727
55.07954
75.1408
88.55241
88.30801
86.86531
77.31663
72.23927
70.57667
74.29336
54.91491
58.4596
65.84635
79.79863
92.86921
132.9707
107.6487
142.2983
153.6048
146.3204
120.6062
108.3345
95.37954
77.52628
69.72568
77.25144
60.27195
67.29802
47.74509
43.14253
44.14335
30.63618
42.63931
43.2053
46.75281
49.58168
42.05719
49.29379
54.69426
64.35012
87.60077
61.03523
84.34557
92.74578
101.1808
117.5188
97.16246
109.7626
125.636
147.4139
117.3166
84.72226
95.66095
103.5961
108.8956
104.2431
107.7444
105.2607
75.80493
75.39878
59.45777
78.22952
72.43606
75.05598
97.921
86.93083
76.99763
65.925
90.59956
69.06957
78.25338
93.40103
127.1257
122.2161
119.328
155.4435
145.8605
175.2679
164.0618
127.5686
129.8237
113.3845
81.63449
72.77105
72.91367
87.02113
99.55342
78.27756
92.30443
119.173
188.9692
145.3758
88.73871
84.02214
72.09866
51.35344
40.30095
46.27328
47.81734
46.18422
50.60568
55.50335
77.12816
79.34295
67.46199
77.94722
71.15486
72.91163
88.90137
92.42208
107.9551
132.6154
165.294
117.9037
104.68
85.68831
77.97849
80.55851
83.99976
96.95335
107.9623
77.87739
90.7018
70.43489
68.97482
55.00028
49.0457
69.75184
59.91114
75.54395
63.89514
50.04275
51.87081
50.39921
43.23011
32.85937
35.27512
36.74149
53.63788
59.96615
91.464
95.50784
68.35998
59.57129
59.11826
69.65681
88.37605
87.9519
74.31249
64.34247
75.63681
64.98198
72.06245
60.56668
61.90936
58.86893
51.65732
58.51849
57.07651
43.87743
40.90559
34.97433
35.92718
40.41407
49.25826
40.54284
47.79692
43.68226
38.24846
43.46025
56.37689
54.54018
47.97352
62.62648
58.23582
46.29061
66.8074
49.3407
53.58619
72.75712
51.6874
45.78634
39.1256
48.53388
34.66887
46.33076
51.70722
42.91573
55.15952
48.21895
49.42162
45.70673
61.69174
57.70923
58.54943
70.18007
71.37353
74.9968
69.36286
73.20619
64.30524
70.99291
58.73583
49.67551
78.21791
71.14858
78.52337
82.5129
93.31326
96.30633
74.71204
77.41301
74.4731
76.08226
63.61228
55.45561
53.49203
55.96792
43.10918
50.54299
44.70203
57.77541
52.83687
38.7081
47.08939
50.31945
61.39367
51.14352
48.20971
44.20195
64.05985
75.1611
75.85611
98.81319
132.252
141.5716
125.3579
128.3088
95.71608
105.7153
105.5329
90.79738
82.28117
84.14442
93.63108
104.1321
91.48172
81.47325
120.3339
115.4262
99.84078
88.84219
84.63604
78.65479
92.16938
95.5661
79.43964
45.29747
42.25398
50.62582
66.75566
76.11151
87.27377
88.25668
74.17866
74.57235
72.10624
83.44882
93.35712
118.7548
114.0326
151.8442
127.0728
127.4035
197.8657
115.6592
139.6245
97.20531
87.16605
83.84312
81.34929
78.96416
64.26194
71.08845
62.55556
67.56716
53.82539
57.10428
49.86903
44.61318
47.411
47.94253
53.52218
59.43918
48.55889
41.16974
48.30922
47.92217
60.277
50.70251
70.11395
105.2468
106.6547
112.6348
90.78092
68.18505
71.35305
86.60598
78.77184
96.11404
72.35219
80.74901
61.58407
71.00369
73.32123
55.10473
43.55053
39.97767
52.21128
47.90761
49.03871
68.34436
92.56406
137.5227
113.7693
132.3917
95.51745
101.1443
137.5233
94.37177
89.93036
89.67566
112.1155
97.08747
89.80291
110.841
142.6312
108.537
115.339
78.41886
86.87652
80.46252
60.66576
59.14334
71.13492
62.4764
65.90648
52.85172
83.4134
87.01849
74.06986
94.19683
80.69832
85.28469
72.09256
78.66093
80.05876
72.48061
51.71474
41.4735
46.93862
