84.98942
85.77765
85.5458
83.81311
84.62655
86.08403
86.23903
84.37705
84.97674
84.78855
86.00758
85.9603
86.22235
85.74821
85.65324
86.57672
87.87102
85.90799
84.80977
85.88131
85.83571
87.19792
87.6879
86.46801
87.99491
89.8631
90.33585
90.65095
91.3518
92.28656
90.45561
90.31366
90.68291
92.15222
93.47491
94.73153
95.10164
93.41065
93.07877
93.39407
93.98688
95.665
94.73022
95.05685
95.68735
96.16536
94.9355
97.79271
97.54909
97.41464
97.46006
97.01542
96.41858
97.43006
99.66859
99.19444
98.83469
97.83452
98.24659
99.39996
99.57629
98.5018
98.58834
99.73729
97.02992
95.97315
95.91527
93.27676
91.89962
91.78195
92.48799
93.27814
94.33754
94.76444
93.56468
92.17202
91.38007
92.37338
92.78064
92.7811
92.59927
93.86641
92.84261
93.19686
94.44681
92.43931
93.10639
94.07269
95.25717
94.48638
94.09627
95.70874
96.77617
96.62847
96.9673
97.27673
96.33857
95.70427
95.66925
95.92752
94.39996
94.92223
96.02945
94.31436
93.51465
94.73675
94.70629
95.79221
96.36244
98.14313
98.20655
99.05161
98.76227
98.3632
98.35875
96.49317
95.14451
94.30478
92.92875
92.63217
91.94457
92.84722
93.48372
93.58023
93.20674
93.89068
95.68724
96.4172
95.07827
93.22475
92.25673
93.03944
93.56162
92.71332
94.43149
95.62002
97.20627
95.49965
97.36522
97.22958
97.32794
96.61257
97.82218
99.37347
99.43745
98.66189
98.98131
100.955
100.1268
97.83606
99.31344
98.49787
97.46493
97.35107
96.93431
98.92953
97.85109
98.04791
98.04651
96.81633
95.6949
95.80293
95.33441
96.30673
94.65263
96.29351
95.91038
96.57898
95.87531
96.23812
94.78466
94.93946
94.47616
93.48588
94.91885
94.74936
94.41848
93.78948
94.50185
93.67625
95.00455
94.43604
94.60229
93.67485
94.64294
96.25822
96.40061
97.9381
96.94531
97.82787
98.25031
97.55657
97.38708
97.22304
96.90267
97.34565
96.5691
96.53795
97.23511
98.07793
98.42126
99.19698
101.1521
102.9401
101.9372
100.1636
100.0486
100.5487
100.6749
101.2115
100.3997
99.29498
98.86515
98.6809
97.83633
98.30413
98.29042
97.64189
98.55348
98.89193
97.57752
95.47164
95.45476
93.9282
95.11945
94.12569
94.57147
95.49531
94.70377
95.1995
94.20122
93.09852
94.23685
94.48812
93.19705
93.85795
92.27354
94.29828
94.63349
95.80463
96.79512
97.16785
96.67102
97.78424
98.49993
98.73582
97.85167
98.55573
96.05348
95.93861
94.82003
94.26039
94.29261
95.77708
96.49218
96.21509
95.29864
96.4788
95.67253
94.03207
92.43344
92.88534
92.56709
92.56409
91.61803
92.28022
92.65841
90.4501
89.93869
89.69762
89.76626
90.97259
92.68332
91.32469
91.44519
92.41506
90.91435
91.62559
91.7043
91.39837
92.22621
91.81901
93.75603
94.2756
95.51131
94.55664
92.93765
95.0456
94.50654
94.06886
94.70832
94.18582
92.53564
91.87906
91.9364
92.7599
93.15984
91.83089
91.34634
91.66035
90.35398
90.72578
91.12465
90.49157
90.18504
88.4856
87.35946
86.01823
84.76506
85.33661
86.55873
87.31409
88.16918
89.65717
88.70234
88.70472
87.12051
87.5255
87.90387
87.39177
87.49531
86.14622
85.88884
86.36489
87.15262
86.91719
86.90444
86.30295
85.48341
85.61116
85.35542
84.41526
85.37956
86.31108
86.94348
87.28731
87.38248
87.04667
86.99248
86.27294
87.30105
85.80176
85.47611
84.82532
83.3303
82.46041
81.83215
82.08102
81.88531
80.94954
81.09713
79.58389
81.08864
83.73702
84.98197
86.35658
87.64498
87.37462
87.95891
89.00715
88.53642
90.12828
89.98787
90.97765
91.93135
91.66708
90.12658
89.72348
91.13685
93.45186
92.00512
91.73308
91.45989
90.56124
90.19078
91.03624
90.76166
90.12034
90.38993
90.1769
90.89238
90.7677
90.03784
91.41469
90.95567
91.31562
92.26101
91.85986
92.32508
91.3799
92.10707
92.52332
92.78365
93.61739
92.78912
91.25337
91.54192
91.34075
91.82504
92.84291
94.38713
94.34188
92.50423
91.53012
91.72565
91.76955
91.83938
92.04544
94.05293
94.71223
94.58742
95.22842
95.79513
95.8134
94.67015
94.2873
94.04059
93.03501
92.75004
92.489
92.39545
93.87862
93.66461
94.51
92.97452
93.379
92.98013
93.41345
92.78289
91.8559
90.04416
91.13812
93.91847
92.64636
91.98187
90.77833
91.80929
91.31169
91.90321
92.95033
93.68779
93.01927
91.885
91.05235
91.89755
92.74701
94.97475
94.32068
95.12968
94.21437
94.40077
94.76005
92.46395
92.09035
92.06906
91.26076
90.91972
92.31935
91.79878
93.06588
93.35384
95.09552
95.64854
97.69494
96.00102
95.22348
95.79676
95.49236
95.86517
94.67471
93.08967
92.83068
93.8597
94.98788
94.94766
94.38002
95.52327
97.0246
97.36747
98.19437
97.90134
97.87806
97.20385
97.5533
97.41786
98.52747
98.60007
98.78064
98.0937
98.44892
97.51166
97.39476
98.39382
97.01463
98.1922
96.79888
97.61041
98.31042
99.17681
99.50813
