96.7446
250.5898
237.3135
241.576
169.4696
118.9674
140.0194
295.2757
269.814
373.9389
457.507
410.9892
489.7934
766.4285
334.7344
245.7174
494.1947
108.0067
337.946
332.5444
240.9771
402.1353
387.7267
310.9127
225.0136
155.1215
193.7404
237.7233
217.4375
143.6113
182.9984
424.6134
281.1834
239.8584
349.0409
196.1569
220.4974
311.413
293.2371
146.7464
309.7524
299.7282
504.2825
200.6836
365.964
219.7613
187.3346
243.8016
294.5782
323.5105
170.2402
171.3976
699.1433
202.8935
294.1773
232.1562
214.288
77.56301
237.978
536.9705
646.7861
457.8282
237.3775
287.623
280.2852
364.6032
426.591
610.0885
360.7835
328.1758
143.0624
294.2884
242.4098
234.8449
253.0772
424.5931
271.7846
175.8682
126.1199
139.7429
448.1523
459.1808
231.2229
148.723
294.4224
143.1331
127.5515
376.6269
336.6853
324.5214
148.106
120.8937
368.3754
217.1751
450.2091
119.2087
352.9165
332.1929
115.5917
132.9865
251.0966
404.8546
212.6081
203.1548
93.99584
244.4124
394.8344
453.9348
131.9848
225.8261
187.8877
113.6126
168.8555
338.4805
192.3161
157.4664
116.8906
270.1773
549.1071
382.6645
281.3804
156.2285
201.0251
106.7118
78.39751
547.8864
194.5886
154.706
385.3532
123.417
219.0223
84.48688
764.0912
405.7804
126.408
242.1214
193.343
516.3568
97.38218
729.3087
203.5003
239.3993
125.8572
234.0518
274.5029
148.5223
228.5681
192.1922
302.9386
145.3306
170.9811
304.486
650.8949
167.4445
139.8603
246.151
208.909
163.582
243.2266
249.7369
383.592
497.198
199.3707
156.6548
103.212
196.6103
279.7448
486.3815
175.9081
138.2916
794.3383
281.2544
142.316
186.6798
227.675
219.5538
231.0846
693.5029
174.655
210.3579
131.939
228.2418
247.2264
502.6061
185.2373
524.1792
335.9459
449.4796
201.4269
121.1587
207.6716
173.1795
179.8038
140.9353
856.3217
178.9514
264.8396
227.8327
748.1581
1214.808
140.0883
392.2821
410.7177
479.173
183.0972
247.527
125.8972
315.1083
224.8805
156.59
130.5343
225.0102
230.3324
752.8002
511.1772
121.5432
276.3857
96.72762
188.031
268.3411
153.2334
228.2917
418.0925
220.2924
345.5205
438.7439
132.9324
265.621
664.3447
311.5902
198.304
129.4561
371.1491
287.4314
936.9868
895.1852
214.0867
124.7429
131.3652
128.1778
160.4066
123.8028
134.4916
169.1844
278.5939
247.3767
175.3887
342.1369
187.1931
599.1258
203.8065
131.21
190.9027
195.2259
417.6629
454.5339
216.2697
202.2707
239.3474
114.5549
127.7701
233.7644
155.6586
128.553
154.7457
310.0017
201.9429
271.2297
238.5816
282.1289
196.6446
400.523
96.59749
312.6253
281.7854
361.905
210.9903
133.8055
264.1855
285.4009
502.6629
583.1664
202.4145
269.4919
80.1549
184.1411
178.5211
247.9055
266.3165
313.6131
196.706
249.4135
181.2334
208.0723
345.1924
510.5112
323.7886
428.4621
277.3842
144.6629
208.6753
112.9737
359.7054
121.1167
184.3693
125.2759
279.0582
129.5096
266.4964
324.5867
326.4438
210.0212
420.3674
994.4189
227.3266
258.761
120.6513
294.8049
176.3242
227.4852
315.9307
181.9041
221.946
347.3988
119.2276
256.3176
341.614
420.8504
216.4046
165.6502
106.213
131.7201
89.65774
189.2762
242.6019
887.6473
231.1436
117.0701
260.9201
228.4588
185.5184
292.2636
86.90523
1089.791
206.4717
255.8469
342.9778
294.0893
524.5306
187.8654
173.1497
307.4345
169.8788
203.7502
224.8542
330.7257
141.0978
175.2032
277.4915
251.661
220.9576
284.3813
239.8347
198.3696
343.1965
133.3039
171.5458
297.8957
154.6521
172.6747
288.267
897.9375
325.0239
348.7381
221.7489
356.2796
341.7989
183.8271
155.4117
301.0821
472.7829
285.8539
426.2694
159.8626
369.4578
224.1051
291.961
703.6068
218.7885
228.2724
160.378
185.4638
221.1322
164.1269
183.817
361.1023
256.6608
265.9579
409.9809
471.6083
328.0014
140.8133
118.7977
327.1523
199.4897
204.2086
203.5226
199.1283
174.4914
635.1344
578.1738
311.0483
356.1065
166.0518
142.814
309.4247
139.9121
362.4527
147.3355
180.2959
116.5279
332.8951
489.8219
391.626
866.5541
244.3627
208.584
403.1953
257.2466
257.8919
218.8845
338.5692
430.8641
301.3044
242.8123
454.8538
274.1343
507.6484
338.9155
491.6177
129.1722
173.7203
156.7399
404.1249
256.7484
153.3721
342.6574
420.0205
214.8112
346.894
113.713
227.3948
279.5888
689.7992
246.5869
281.0551
272.9674
272.6301
390.3593
308.697
363.3755
552.9908
268.8975
350.5419
482.1036
327.9801
262.3501
320.1261
399.8654
320.2403
190.7543
234.5344
188.9011
202.3304
343.7752
465.7809
176.4673
251.375
147.5086
212.1767
1455.078
227.7334
515.3461
234.1598
203.9107
277.604
396.486
249.3986
137.5296
282.5062
252.8682
167.257
478.1392
399.994
801.8799
252.4249
647.3068
507.0137
227.6776
242.6083
