71.35989
73.43811
80.1212
84.80156
81.7909
89.64826
86.52245
86.49281
86.56216
88.78789
83.70917
84.92944
77.75501
96.62252
87.71905
82.74828
89.31062
101.2665
89.76786
87.87164
95.60017
76.70764
79.27358
74.98363
88.40453
83.63856
82.69522
97.98697
115.6805
79.79732
84.47112
84.76892
81.94875
88.81423
67.2052
88.16255
83.91283
74.23555
93.18914
95.58727
78.42073
78.15995
95.13109
95.79909
79.78523
91.62475
86.91699
75.80181
84.45155
80.70296
82.22611
87.10376
90.6716
76.84341
77.66976
79.53424
73.13778
95.58997
79.04853
83.26908
84.81516
83.30739
69.49073
79.7962
85.4183
80.682
81.07524
74.27054
75.15465
82.30025
86.75946
99.67659
78.55206
79.26228
82.66823
77.09347
83.77383
79.44871
98.17449
85.59822
77.75077
79.57434
95.00033
92.71656
86.91857
84.18395
83.04018
95.11115
89.12193
76.85003
81.56761
95.05619
87.41749
88.08337
76.18819
85.7254
82.95436
74.06563
70.2558
79.96797
76.9012
83.02506
73.56961
90.10595
87.97463
77.76955
85.50876
70.33927
85.7872
86.07013
89.02615
72.38208
75.43849
85.50704
82.75172
84.37963
84.3215
77.77783
91.52021
96.51527
86.3741
93.06181
65.34278
93.14518
86.68802
94.93419
92.22718
74.97838
87.0817
82.33283
95.30874
94.05587
85.87801
88.81076
95.06981
85.84883
84.66463
84.26853
96.83081
76.30302
86.99443
100.0532
86.0031
79.11333
86.24754
73.36043
101.1029
96.04783
88.36376
81.37564
99.34666
82.7632
77.49758
93.51859
81.04275
89.98204
104.0221
96.16438
85.96282
81.7883
88.06064
108.2892
80.52015
75.49172
84.12349
97.58575
90.25537
110.5411
95.139
80.41981
94.32463
87.25369
79.82325
91.04522
82.42055
81.69999
88.06315
82.85343
86.98202
88.77059
80.59468
70.60306
94.4851
78.85458
80.97603
80.17256
83.6338
78.70828
87.42261
85.12729
94.19959
78.03391
95.90601
90.98432
103.8251
83.85117
92.9537
86.25913
82.10577
90.89418
85.46424
84.817
74.12808
84.65494
75.00152
95.23474
78.8576
92.20671
79.26674
81.53516
102.5763
87.97476
75.20504
77.67105
71.66741
74.09854
81.85674
102.3076
99.24249
74.99399
88.97348
89.15384
90.71389
80.23074
93.18324
82.28432
92.44387
90.86133
92.9661
83.8845
82.27343
81.49073
88.41221
80.83325
79.81425
72.44231
75.82667
96.38258
87.77226
76.32989
84.29946
71.93913
89.29272
82.79855
82.0786
87.51724
76.51493
79.87029
89.05373
97.17307
83.28034
85.64886
103.6575
82.52736
85.40869
81.56281
70.99462
64.66348
84.01456
68.54158
77.86031
79.63905
83.39458
91.97938
91.22085
81.7223
81.98001
96.69216
82.76366
81.63018
94.66566
84.49079
87.92758
90.01699
84.30299
100.1487
77.83215
89.7196
93.87919
95.41514
84.7463
96.46074
88.26007
96.40241
88.22571
86.63138
86.99504
97.46796
87.30572
85.09699
90.97531
85.52993
79.4267
94.56244
81.18344
88.93149
87.12054
76.09458
80.4142
80.66325
79.15598
79.74641
90.31561
87.74646
79.40288
91.10848
72.29031
76.66363
78.25563
75.15679
89.30667
81.56463
78.92284
81.00885
71.60213
85.558
76.45504
85.51363
66.52171
78.31911
73.14162
68.29791
73.72248
91.02174
80.86966
87.79231
74.20292
90.17847
81.0766
73.48024
87.72843
73.59307
72.21658
75.49456
71.22726
81.39809
76.21853
69.23229
77.84298
82.24125
68.19003
82.15814
75.27663
69.43478
69.19176
69.1149
70.80059
73.03987
63.5159
80.42204
73.39023
64.89167
64.33528
77.61293
73.40688
65.99214
67.40805
62.98482
73.7684
71.11768
71.53469
71.35562
76.05537
64.35968
66.65982
65.01487
63.80454
69.56878
71.88349
54.19753
72.048
66.47161
59.6128
69.2818
66.13887
64.90761
69.52779
74.05161
65.11581
74.10065
68.59415
69.76711
68.35821
58.73552
73.18247
81.1509
65.29578
70.67509
68.51333
67.00084
63.10465
63.1345
73.63468
76.21708
66.19813
67.82717
64.22364
75.88387
56.63509
60.06829
71.64963
70.94788
66.14643
71.12041
74.31127
64.38912
61.04919
68.25511
70.71394
62.00184
73.62161
66.70992
63.98411
63.20943
62.48567
72.9318
71.11261
62.02891
78.2114
69.37669
70.34984
72.8301
80.76699
69.67523
61.9989
67.91761
70.78249
68.06469
68.43621
76.08555
50.91309
60.33819
59.36349
71.86413
66.22687
62.42592
62.92521
61.11875
69.21955
65.521
61.71455
75.53771
73.38756
66.50564
63.59589
60.18605
76.60305
65.3486
75.94224
69.076
60.20939
71.95088
69.30381
60.76498
55.57577
60.22825
60.64592
71.6068
57.92907
67.50415
68.34374
61.03173
74.26255
67.34845
60.55494
78.24343
66.58935
61.7415
61.69129
69.97261
76.01519
74.04227
73.09156
65.79277
64.40807
65.46651
60.30572
62.48965
55.23939
64.67148
62.32496
64.53815
63.05618
72.14279
59.65577
58.25223
63.40533
67.12589
59.90366
57.81155
53.63438
63.55558
60.30584
59.28014
62.07718
69.06356
63.0492
67.02921
53.99099
61.83258
