9.991146
6.8291
6.522004
6.273712
4.198561
5.272826
4.983911
5.547761
6.14369
5.384747
6.045119
5.668574
4.462911
5.034477
5.970138
6.089018
5.849545
6.33164
5.261485
6.002862
6.419769
5.712375
5.265595
5.836917
6.28101
4.482451
6.106992
5.256637
5.138712
5.227313
4.256347
4.859747
7.244728
6.013694
5.328186
6.27681
5.942677
5.500832
5.745293
5.599976
5.604884
5.98436
6.345477
6.50547
6.115906
5.660509
4.816698
4.77046
4.382495
5.321365
5.468076
6.657371
5.325146
5.857573
6.288839
4.705399
5.745202
5.624813
5.892938
4.972946
5.920501
4.924289
5.170635
4.719322
5.135863
4.652996
5.278411
6.438481
6.124905
4.853592
6.309113
5.679077
6.533692
7.044318
5.735714
6.250998
5.85982
8.154525
4.976328
5.181726
4.693296
4.580158
4.849333
6.303254
5.283784
4.507694
5.550742
4.292429
5.14021
5.23207
4.362399
5.688842
5.631232
6.169307
5.112748
5.15397
6.019883
7.067836
5.786263
6.644963
4.812574
4.397204
5.550943
5.289999
5.297454
4.864572
5.242849
4.684906
5.362956
5.906433
5.558205
5.218654
6.003959
5.703845
6.019375
4.56498
4.529645
3.587687
4.412622
4.586748
4.98983
4.771833
4.544054
4.99316
4.951436
5.297813
6.652873
6.39212
7.539704
7.369102
6.535112
5.072393
4.900015
6.790931
6.099337
6.084215
4.746986
4.674903
5.470949
6.090019
6.260727
5.629099
6.623707
5.950461
6.55653
5.623835
5.937032
5.434388
6.019971
4.540378
4.326905
3.886265
4.669315
4.42188
4.212771
5.292056
6.627986
6.200499
4.327233
5.728677
5.532634
5.786586
5.467609
5.408107
5.616921
4.782441
5.719846
6.066778
6.33294
4.58912
6.260506
6.686548
5.185096
6.139533
5.444528
6.268573
5.04034
4.647139
5.066418
5.294841
5.614889
5.428691
5.501772
5.552521
6.16187
5.199389
6.516481
5.5183
5.914
5.2753
5.359285
6.245612
5.157903
4.919901
5.329895
5.712441
5.294896
4.747453
4.573079
5.082832
6.018629
6.638433
6.313181
5.950273
6.434082
4.947372
5.994955
5.082635
6.164466
6.431949
4.831761
6.155487
5.962774
5.934336
7.437554
6.271723
5.766888
4.413473
4.999072
6.093126
5.106206
4.662305
5.009574
5.751357
4.764012
5.041428
5.014549
5.208725
6.165321
4.9418
5.797897
4.92039
5.800847
5.246207
5.334782
4.538955
4.363131
3.797696
5.776179
6.677248
5.876306
6.735459
6.743235
6.002498
4.861971
5.4327
5.873197
6.988155
5.474234
5.54366
5.938991
5.612895
6.27913
5.917116
5.120079
4.393348
6.379282
6.495303
4.697082
5.416772
5.270516
4.647506
5.419653
5.861699
6.567325
6.349121
5.949131
5.431778
4.874536
4.425623
5.186677
6.662326
5.867219
6.631118
6.125156
6.420222
6.044923
5.470306
4.879511
5.251032
5.331174
4.514946
4.340336
4.777867
4.881856
5.927128
5.886393
5.67219
5.655966
4.949143
5.966404
5.047218
5.299891
4.909758
5.493471
5.529884
5.044788
4.626009
5.270105
3.791987
4.8277
6.037527
6.129508
5.312522
4.613885
5.378382
5.960223
6.384438
5.380607
4.912076
5.024451
5.690029
5.379448
5.209421
5.088624
5.054262
5.446989
5.453736
5.521199
6.727543
8.145454
6.437564
5.554636
5.084611
4.06896
5.179577
4.954122
4.160348
5.471912
4.557136
5.406678
5.587353
4.757615
5.893513
5.063213
5.147138
4.64128
4.959506
5.429557
6.378196
5.217681
5.403931
5.245796
4.477441
5.215564
4.470107
4.840626
5.577625
4.559407
4.328116
5.187364
4.772506
3.799085
4.454975
4.148603
5.328338
5.461893
5.054034
5.292887
4.717294
5.122608
5.307385
5.537893
4.013258
4.683804
3.85989
4.442539
5.635062
4.567866
5.655221
4.787038
4.660288
4.696314
4.193649
3.56152
4.971252
4.876678
3.318341
3.786534
3.820255
3.678065
4.410759
4.821677
5.129606
5.115795
4.386844
5.256913
4.317026
4.681858
5.575388
4.061229
4.458401
4.149306
5.185177
4.670828
4.744763
3.9681
4.423723
4.878512
5.468339
4.688241
4.955469
4.537561
4.713582
6.321362
4.661896
5.111887
4.549543
4.094396
4.879614
4.996232
4.145838
4.949854
4.476955
4.612681
5.654691
5.108294
5.286875
5.412011
5.769298
4.832618
4.948056
5.900007
4.596178
4.360704
4.276796
4.859492
4.676999
4.619866
4.744606
4.732892
4.443759
4.571667
4.788972
4.620765
4.754841
5.196531
4.347595
4.673144
5.197058
4.638952
5.031409
4.749718
4.433902
4.212634
4.295139
6.167624
4.958391
5.269888
4.960501
5.511043
5.019516
3.876588
4.454664
4.675762
5.162385
4.377962
4.926396
4.99088
5.383393
5.181704
3.972355
4.392337
4.685605
4.211712
4.511856
3.89833
5.0512
4.904368
4.6776
4.402702
4.069295
3.644488
4.837853
5.982675
4.593163
3.38054
5.02503
4.196819
5.35136
4.605673
4.070274
5.018949
4.368664
4.086974
4.107279
4.579814
4.105717
3.435996
3.712197
4.706274
4.715668
5.223408
4.71509
5.16158
5.322445
5.269432
4.502072
4.56761
4.192145
