217.9285
230.2588
296.516
235.5467
240.9906
190.3571
214.1758
181.3574
180.4599
163.5632
129.4237
133.0388
122.6114
145.457
111.8724
104.3509
89.0672
110.8056
136.9043
156.0793
180.4673
210.1274
192.4876
189.4415
151.2712
133.9069
122.1011
97.73721
62.99213
73.78429
84.53769
91.22789
62.07608
72.80539
73.48441
81.11849
92.36019
104.7474
124.1786
118.5121
122.9582
143.9636
173.3147
178.8916
219.217
186.7825
132.1405
150.8923
190.6234
248.616
199.572
184.1399
159.146
140.3936
95.2224
138.5279
177.5912
229.6207
230.8607
277.5133
277.9183
322.3085
331.7917
307.6028
258.1453
216.1237
192.9282
169.2315
159.2414
185.952
227.9263
213.8831
220.5029
227.5169
206.204
198.1053
228.548
335.7469
371.6658
310.1937
379.3052
362.203
347.4272
339.9501
274.4964
286.8741
299.625
322.9805
271.3744
371.7792
341.8207
337.59
322.8571
320.3173
312.6043
293.7427
367.3143
244.8403
379.5425
495.9285
483.7448
353.9575
365.0073
361.8023
284.7197
289.4471
228.8398
224.8754
233.1225
250.8797
315.3876
342.4292
383.1133
386.0986
421.0704
427.7609
442.1787
570.2827
585.4313
639.5537
576.3728
581.4159
555.5327
461.9099
473.2826
545.079
474.1918
428.0176
567.0376
476.0475
628.6914
683.7757
551.6338
539.6231
428.4202
368.9158
388.3989
424.4795
477.4415
360.9633
358.6676
349.4675
337.3024
250.2338
266.9132
355.4595
343.8558
486.4509
530.7509
885.5441
1023.536
1387.597
1788.309
1897.715
1689.176
1904.399
2133.973
1764.92
1652.981
1045.86
1083.772
1033.005
920.0606
1120.899
848.9379
1080.898
935.3375
756.2078
739.9315
950.4532
995.8264
895.6383
663.9602
712.5225
695.5459
993.3607
1101.896
1285.269
1144.058
893.4581
1217.972
1006.661
1554.249
2032.432
1662.863
1499.145
2087.419
1847.889
1337.601
1482.693
1298.603
1536.081
1435.538
2008.657
1570.926
1493.847
1590.547
1711.547
1703.462
2576.49
2008.22
1836.038
1150.91
1222.507
1009.074
1156.094
1074.471
1326.534
1452.588
1536.411
1759.604
2065.919
2864.455
2533.895
1725.353
1331.157
1696.758
1425.279
1064.298
677.2282
696.8026
890.4683
794.0681
972.5577
803.0177
1044.478
1316.813
1715.485
1593.578
1430.106
1479.04
1062.881
961.9134
981.7169
1324.754
1370.042
1329.906
1629.028
1605.913
1308.609
1425.881
1329.727
1880.013
1654.046
1323.785
1095.412
979.3512
872.2586
1031.305
763.1914
580.9237
509.8322
502.192
388.8303
417.3889
391.0765
360.3078
281.6295
203.2928
167.9453
160.0798
179.6199
134.3035
174.8064
156.041
200.0341
200.5135
231.8814
191.1958
181.8677
173.4625
213.8603
189.0137
202.7199
187.2195
157.5272
116.1094
146.6431
124.2815
166.4871
162.6416
202.5373
243.7422
403.4955
360.9844
526.6442
414.9601
468.0424
755.7356
753.3331
705.6516
794.314
791.0678
900.1983
1283.188
944.8485
919.5769
596.8879
566.3181
672.4762
834.7693
1175.327
1026.629
808.4483
1062.87
1068.457
896.0335
1005.964
730.8619
477.6313
509.8992
483.8247
388.476
397.6433
356.5303
324.0737
508.844
393.2195
325.7758
315.0781
261.7434
289.8221
348.3494
563.9057
700.9091
675.6206
537.3867
574.6958
745.7933
506.3766
695.6078
984.6655
1085.634
1238.913
1007.296
1282.509
990.3258
1289.904
1181.536
1649.247
1512.213
1998.089
1666.077
1094.464
972.5657
1223.755
1250.363
1421.622
1433.053
1986.941
2376.498
3523.794
3664.707
3583.914
3534.066
3805.394
4267.211
5111.699
5393.53
6222.575
5738.639
6161.629
6531.465
5536.757
7348.746
5811.66
5988.54
5913.74
5330.393
5450.327
6266.319
7146.319
4843.42
4998.299
4426.265
5679.428
5067.198
3614.414
3330.906
3285.485
4383.726
3054.113
3139.057
3731.963
3764.911
3429.53
3778.75
5454.65
5541.934
5162.109
5395.109
4816.149
6346.853
8070.09
6293.065
5980.878
8739.548
8928.454
10162.85
10329.7
13346.09
11336.59
12971.32
10351.45
13311.72
13675.43
12931.17
17824.67
19215.52
16769.86
19356.88
17163.85
18360.62
19081.17
17014.33
15721.85
21186.65
28445.02
36253.01
40480.61
45038.9
40133.46
41537.72
58109.72
45213.51
64535.2
55395.2
79507.97
88663.97
91796.85
79920.06
67106.89
66632.05
77952.33
103200.8
100190.9
140035
228617.2
270277.1
265774
321934.7
310065.6
336829.3
380591.2
329366
303384.1
390093.7
411306.3
446142.1
426698.4
296440
195873.1
171652.6
163884
163093.5
147330
140643.9
125959.2
99837.38
132144.8
189754.2
153241.1
122022.9
122368.4
91730.51
101179.7
120795.5
153474.8
195658.5
283594
280143
291823.1
267417.1
245544.8
291541.7
363029.7
387731
365091.2
398171
343163
234664.9
277258.9
253630
270572.4
242084.7
230257.5
200565.2
184447
217248.7
223439.6
170666.1
128812.9
122645
106792.6
107130.3
133410.1
102784.2
90735.62
63462.55
59362.19
