58.23243
67.22387
65.14228
81.69262
106.087
93.16481
117.7748
134.2211
191.3346
257.0635
223.5128
158.6196
209.8588
262.1863
256.3774
291.7492
221.3982
174.6102
178.4662
202.8174
234.7294
270.2892
332.7405
243.5155
276.0413
310.5478
221.9343
209.3722
212.6667
398.0525
373.2308
338.1804
379.1844
242.2113
267.1543
208.7334
163.6407
158.5565
124.843
135.1295
122.4232
115.9799
120.075
108.3441
107.948
115.3234
140.9022
116.1741
138.5122
196.6055
164.6679
189.1608
240.5098
190.1841
165.653
143.8486
187.7296
217.9879
221.5278
208.6158
165.7642
140.534
117.6012
116.7791
121.4907
78.50243
86.37116
78.48538
80.81643
61.04494
59.57868
58.219
88.7219
74.82971
76.72507
64.97182
76.46594
115.7527
149.7002
140.1621
134.4842
113.4816
96.02811
73.55281
67.56186
66.57857
76.30863
75.52285
78.79827
63.11447
36.27672
31.54834
37.56717
46.40158
52.06682
40.00147
43.96912
46.26087
34.87635
35.49417
40.14529
45.63332
50.31849
46.81232
59.77829
75.16041
60.55616
71.43469
88.33413
70.42981
51.92424
60.99072
64.50741
64.61119
68.35705
50.63825
59.83974
64.6724
77.2238
104.9539
104.9481
132.4461
141.5161
184.9362
189.9717
173.9959
166.8743
141.6098
157.1538
143.7997
108.0467
106.5008
98.04424
102.0503
107.1513
108.6333
101.4827
91.579
82.83876
102.1824
122.7794
108.4772
106.2759
87.75015
61.34133
44.71462
55.32212
43.46839
43.30449
35.16609
43.91414
38.11823
38.972
41.94604
39.33689
42.67281
40.42559
39.48956
38.81091
35.21782
47.09945
57.39304
75.02354
88.60101
75.21501
65.20412
56.03821
70.26797
72.37492
84.22737
84.53515
78.75058
70.81173
78.65228
65.06502
63.24885
67.25383
75.76072
77.88567
67.39379
75.39733
59.19025
53.56144
66.8768
78.81293
85.57048
90.60829
102.1027
113.9114
101.3754
111.0491
119.9188
145.3499
193.1398
224.4394
225.8724
311.446
330.1377
386.3615
479.6074
410.6314
452.3006
595.1698
839.5989
1164.528
1134.753
1368.429
1553.375
2423.633
3625.68
5101.666
7822.196
14885.34
17195.08
17852.11
34002.57
46212.42
55249.14
76981.21
102200.1
120102.7
211866.4
323193.4
620195.1
1301011
3727964
16827392
44828990
42472565
43627666
45279572
39926222
41040021
39005792
46404299
40180476
40188859
38607476
38691144
39189210
43504160
41099986
40381425
41510331
43868945
47543200
38913135
40488174
45012430
44430623
44233244
42913402
39295842
41523899
43975828
37998808
42104408
39583907
39668877
39395062
45786039
44194261
46452360
42728654
41252599
41859381
41513897
45492496
42273587
36339961
41907839
39879207
45342029
38908179
44745149
46612645
44141960
38249980
36401942
40693481
40517551
40311580
40246912
40435120
41591623
39055975
41331634
34936259
40857121
40169487
43317015
36861289
37346026
36351539
44429054
39633664
42074508
42209236
45313995
39802779
43730312
38195925
42475670
37692342
44954868
36945980
41879422
44212478
37923962
36060442
38234057
44617434
41090346
41556546
41570121
40238410
40987383
40198971
45130099
46124607
46453916
44894416
34316930
37241172
42518069
42756157
40512951
46822437
42115419
46156465
42319641
41325300
35724217
37427502
38867950
41324052
43611768
43706562
40107854
39109602
45328137
38675772
39510247
39477723
40287064
38460738
42471141
39479113
41669777
40829600
40261479
48329309
42219134
41741038
39099399
48090491
40189176
42928950
40120443
39856815
39826435
38314824
44953796
42903710
36341704
40293004
36239991
41052175
37743200
39712951
40299415
39871305
45150245
40694690
39099450
39320879
37907320
42525302
46629902
46914095
44179782
38570230
42065956
41371483
43073515
41089967
41511212
37540284
36537766
43287887
48228597
38945960
40389716
38664211
42379218
42748965
39405477
42937461
45006523
39855251
40844936
39723097
39052570
44280708
50041990
39649355
39475405
38852183
43592697
38330270
41710570
42414110
38736630
46797402
40967488
37956414
40736812
42250154
38228912
41045133
41327377
48486391
46715553
41642596
42172188
43034116
35088662
39007900
42964550
43227980
39277151
39831429
40462634
46175387
42998299
49927653
43634120
37156403
36793204
37812410
39158027
40754223
38587368
37952943
43068319
40674409
42533950
45618944
43644757
38619751
40439649
40829803
40665362
43355335
39536547
39664804
40626582
39894424
37384825
37075668
38112161
44943469
35824713
35779765
42657602
41452255
41266170
41886287
38165362
46060351
40695702
42514151
38810771
39821544
37079076
45260622
41698635
49581364
42877819
44712967
41440804
36804951
42522115
42668805
40307323
43354785
46165573
39164348
42601182
41570590
38419647
41039008
42416339
40008662
41689897
41013703
40783982
41591648
40873404
39183336
