285.4771
497.5058
825.0251
717.936
496.6282
558.2897
501.4041
486.2286
511.0632
464.2032
633.5997
702.9527
730.5414
658.4276
586.2522
741.3532
703.8567
657.5287
477.5794
545.6972
575.6448
464.56
572.8103
401.0767
583.5734
635.0645
415.4273
644.1067
496.8483
682.97
699.3585
639.6321
595.6148
578.7271
684.2079
563.1153
609.5232
634.9078
699.7706
787.8447
713.8081
718.2776
542.6998
490.358
514.949
824.147
631.6973
504.6164
664.826
535.9273
859.9417
677.4649
476.985
699.4336
723.6044
782.6839
743.9902
720.1217
663.2467
608.3584
729.6942
623.378
735.0628
742.1904
758.5055
660.8329
763.6234
759.2277
697.6197
775.7482
626.0743
653.6747
717.7668
735.1909
893.5505
854.5288
404.4642
487.0464
376.0812
537.9991
709.3872
564.6763
595.3322
456.6377
797.8683
994.4071
548.6377
670.9087
428.1674
740.6087
462.612
611.6784
509.511
629.6363
738.4638
690.5503
658.3172
572.6948
566.2752
554.1104
549.856
689.0863
920.45
571.972
498.2692
628.317
509.181
731.0459
742.5519
574.0448
722.5367
439.6911
498.5217
423.418
434.4453
647.09
694.2093
848.6196
910.5876
752.736
669.6127
520.4483
876.2112
522.0252
434.8336
427.8735
659.648
409.9031
534.219
497.7073
563.8369
521.1479
608.1257
321.4772
464.7751
568.5307
538.9324
612.76
431.9429
467.2642
744.7558
780.3283
562.0416
676.0585
470.8136
753.183
412.2939
640.1963
417.9928
562.6722
609.4821
502.0628
697.7453
632.0568
590.5386
600.3494
640.7309
493.6006
404.4792
409.3132
449.6075
587.4694
713.1466
615.0631
932.7035
463.6195
400.2583
532.1797
492.6756
575.1002
640.9211
645.1313
682.9628
650.2347
674.1714
569.9003
681.3803
617.8255
676.5369
719.4031
450.731
576.9564
434.9012
598.467
673.2479
757.4073
831.7155
672.8373
423.8972
560.1734
554.1346
736.2612
601.0553
500.4674
777.0089
551.1569
528.9397
380.4345
450.0335
538.0975
585.5466
527.0871
738.1087
581.367
545.2231
496.2327
635.4908
811.9979
519.4672
701.21
704.3122
626.6943
725.5953
696.2651
590.9217
584.6592
597.2805
762.4804
662.437
1045.598
724.1485
532.5116
559.0433
697.957
667.0981
943.1609
739.4051
688.926
656.1769
796.8464
863.0145
874.662
802.6629
598.0301
454.5414
660.5669
643.1707
485.059
469.9358
470.6212
535.5683
677.9764
389.9456
477.8632
509.7272
545.076
766.5053
693.7489
678.4111
531.6052
606.8722
551.9189
552.9571
602.7953
467.8394
584.1635
548.2965
541.3672
457.3277
759.3748
677.2423
633.1226
787.2813
762.9292
667.4974
781.0085
630.4593
518.5776
741.1473
879.6427
612.5548
562.2821
542.1603
650.285
586.3643
582.0086
560.6338
588.8789
500.4384
828.6057
541.4054
459.2069
510.4964
718.3857
521.2805
719.4811
573.879
537.6629
631.1848
736.1631
727.6409
743.3256
597.0825
607.8569
734.6084
837.1445
605.143
588.2201
545.9583
521.0292
540.3943
743.6903
598.5312
585.7215
696.3959
501.1868
494.383
632.2444
531.1203
579.3087
418.9628
580.3362
655.4199
637.7567
743.627
612.6386
629.876
648.285
573.7211
552.0945
518.8336
560.9276
729.1723
508.6891
716.0956
595.8147
460.4993
537.197
653.6649
532.7795
865.6373
771.0027
537.5668
499.5952
805.0138
614.4717
633.96
644.0254
723.0468
361.3537
600.5683
606.3188
667.2824
430.7621
370.7442
518.4179
468.9604
529.1479
571.2241
561.88
606.0463
607.1368
576.3572
808.1199
493.2422
518.321
580.5736
813.0029
638.165
662.8113
578.2925
666.7344
479.0778
443.0769
610.6631
725.5319
509.0354
760.0039
701.1568
495.6354
653.7992
655.7763
350.7394
368.3224
519.1621
557.9969
654.5723
744.3421
627.3646
380.2505
590.1093
607.0344
506.0934
840.4781
561.2161
620.2745
515.7276
518.1814
942.3145
751.6945
752.7096
456.2566
772.2806
824.7719
698.7796
508.4353
601.4027
638.8545
483.6014
617.5575
474.0915
540.2714
539.004
663.9079
749.6189
582.9695
501.1936
474.3464
509.1626
635.5346
790.9564
593.7546
459.5741
580.4986
650.2509
473.9095
443.546
579.4698
673.4835
664.9591
543.0402
553.1527
741.0199
425.7765
555.003
626.6423
546.8448
559.4214
552.5834
579.3718
630.0097
733.553
402.0246
589.3109
436.8883
536.8706
627.7958
778.4298
738.0558
605.9006
918.1507
754.9612
599.7254
907.5439
660.4272
465.5409
559.0247
561.9075
656.8833
545.5655
522.8837
595.9357
460.1334
730.893
666.3349
604.7023
583.0653
727.7641
705.0077
673.8502
557.0447
920.919
623.2535
632.4609
536.2375
669.7554
566.7252
637.573
407.3027
506.0053
577.7799
633.8628
749.1333
612.156
529.7962
577.414
465.54
566.675
616.348
628.9818
618.4439
583.6147
745.0837
559.6046
505.6645
550.8349
755.5479
627.1648
683.6898
673.7501
739.8547
567.7412
603.4528
701.0439
466.5587
904.4115
484.5163
679.7431
524.8329
456.4017
