35.70411
131.3232
163.7436
168.2073
217.2254
361.5406
276.8279
293.219
307.5042
261.7306
307.5101
227.4526
226.9311
282.927
330.0831
294.7722
279.3997
215.0137
247.3834
216.495
213.9977
224.1174
176.5974
359.693
233.0611
273.4223
184.0153
303.2852
335.8973
276.6295
294.1729
324.7246
272.8408
329.5751
353.1923
330.9124
206.6529
210.6641
255.188
257.4077
284.1342
208.7847
227.202
219.2545
253.1423
293.7985
244.9183
278.9003
292.5146
284.9187
289.1533
209.9039
335.9028
375.5566
271.4564
193.8138
452.8855
238.4348
309.5826
303.5537
180.2053
234.1582
224.8559
219.6665
278.1261
340.4854
306.021
317.0606
203.3646
221.51
182.6638
176.6547
254.402
227.7748
281.2548
210.2187
226.3131
291.163
185.027
182.5439
219.589
270.475
223.8282
258.7517
332.3053
280.1603
246.9034
313.612
214.9784
250.0831
219.8658
200.7379
358.8645
326.2973
260.9485
339.9137
253.6322
296.4208
265.503
289.3259
246.7529
274.4257
283.1036
280.5437
309.3939
287.1389
181.6781
430.6385
278.9531
298.7719
285.0343
270.4795
258.4241
230.2753
279.7185
226.0412
261.7231
268.9204
243.6252
193.3049
213.9239
274.8246
192.3531
324.9472
342.8617
212.8752
228.0491
243.0997
229.8358
265.35
283.4767
223.1919
225.1119
212.2126
258.5988
287.7896
291.4859
207.534
312.036
263.4732
210.2306
224.4898
193.424
231.2518
324.9821
369.5119
239.9254
270.0495
208.228
207.4914
300.9381
335.111
306.3377
212.9297
225.6809
217.813
300.6287
325.2615
298.1806
351.3219
293.175
251.3845
280.6976
230.1621
231.0063
262.6176
219.0434
241.9597
259.4224
202.6016
175.9579
211.0056
203.9925
207.3759
239.4347
203.6813
219.1487
236.4068
305.8551
259.2573
200.7537
314.7611
244.6499
258.6133
280.4881
218.4706
267.7925
234.9198
177.0599
349.8964
211.6346
253.8036
233.1607
307.9282
240.4274
256.6798
234.6707
284.3704
275.1369
305.7634
315.4073
259.2561
180.7402
244.5101
220.127
228.8171
194.7972
304.3524
274.1391
253.7248
298.7093
298.1691
282.8749
236.0012
191.1074
230.0686
237.7755
233.9592
303.4021
274.0972
274.8283
312.1569
311.0914
249.7594
258.3448
262.5745
305.7258
374.1049
260.9495
288.6655
262.1075
224.4872
282.9242
186.9231
228.1583
280.9646
300.5638
337.9546
233.1418
231.7571
199.6859
281.3141
207.1371
253.6314
279.5595
216.5847
266.7025
282.0533
299.5636
287.3422
279.6075
383.2276
283.9895
316.7709
229.284
258.5508
344.5336
227.8783
245.3752
247.1436
205.2641
212.2218
316.2963
333.3976
327.6863
386.2
376.083
326.5762
339.7652
332.0707
230.2188
281.014
299.3397
248.8394
280.9758
297.6964
299.3992
262.5234
248.3717
270.6249
268.1822
232.5438
247.1887
187.1302
183.3982
270.6402
361.2242
234.6992
227.9109
256.703
225.0058
256.5335
241.822
206.0199
211.2147
292.5345
314.6094
216.5578
293.0976
159.9377
220.6008
236.0331
254.3122
291.3993
233.6248
269.9462
196.3087
158.3871
170.422
211.8065
264.447
258.6098
245.4565
275.447
226.3453
312.9962
233.5558
194.9245
203.376
173.2336
212.2212
218.9135
247.2319
264.0693
291.5893
235.5278
293.804
319.8849
233.0202
178.8032
262.7357
241.1572
261.4327
257.9242
236.4288
244.2319
303.3212
334.7454
279.0814
286.6288
322.6216
322.1054
262.6387
254.6139
283.4627
168.717
204.7029
230.7841
247.7116
223.1581
266.2716
322.7361
290.5592
282.9759
234.5212
184.1358
229.4739
212.9899
319.823
271.9521
279.7457
164.6157
301.8925
216.7379
195.1167
190.6249
191.9503
189.2222
291.3991
243.2674
281.3773
314.1996
288.3205
335.7706
298.7504
298.636
297.7749
324.2261
244.7803
243.128
233.9763
283.3509
236.1689
177.2428
255.7761
307.8057
300.0342
221.2315
261.5193
271.14
308.1046
214.3528
289.7448
294.3488
197.9202
335.4865
196.0222
257.0558
238.8252
324.4814
323.6932
288.821
287.9869
261.2935
273.0541
310.144
250.4322
223.8934
234.5517
247.5398
298.7279
241.7285
412.6253
363.7968
287.4625
344.294
218.5706
283.8458
244.9613
270.1724
308.2545
231.6401
218.335
141.9369
303.3684
242.953
220.8153
289.1559
284.0682
271.9291
232.327
190.5369
264.6014
217.5993
236.969
267.0915
237.3282
248.7178
309.3901
226.2419
306.8226
307.2607
326.5237
189.0934
260.1807
224.403
179.6965
235.2635
258.1374
158.3614
238.0793
282.2899
262.9186
261.6568
261.8394
309.0212
236.3544
281.2794
261.4001
248.2544
211.9542
287.3154
235.1818
308.6804
230.4719
261.7058
183.4852
329.4499
219.1518
261.2227
257.0918
311.1471
233.0175
250.8197
209.7532
304.6264
300.2412
244.9046
220.9156
279.9527
310.2539
224.853
222.2721
202.0702
295.9118
210.5812
252.836
301.0138
397.2435
330.5617
362.0453
342.5103
303.1157
293.9005
214.0261
175.1974
224.4274
322.4509
219.4926
206.488
