154.4325
109.2755
159.833
143.7187
103.3102
112.6725
164.1834
128.0923
73.25562
111.333
152.8135
78.98442
89.03219
142.0855
209.7782
238.6358
116.8886
55.09295
146.362
197.6337
154.9818
122.3586
106.7827
83.64448
235.6829
104.1617
152.648
74.63766
335.1088
78.75513
97.42484
80.5943
107.7544
71.41893
95.86935
99.81118
76.60878
96.19181
191.5242
78.21755
177.2285
293.9933
106.9747
108.8328
301.7398
93.53641
71.20157
1257.455
97.27496
148.5644
139.2874
213.3053
295.4725
157.1241
193.4723
365.1416
87.1772
238.9523
338.1666
109.8529
111.5247
216.7222
117.4527
275.4057
113.1145
291.6868
183.7983
221.1877
763.5012
580.3759
1088.15
627.2158
101.473
109.7457
497.442
178.5699
109.1919
140.0936
218.8049
381.455
144.2881
184.4467
90.6361
125.955
225.5672
432.0798
69.13473
109.6703
520.4807
70.34356
217.679
186.5483
130.4549
112.1902
262.9013
87.98803
118.7107
111.184
196.2028
174.1037
64.14733
384.5128
66.76034
122.6647
88.26448
123.1784
144.5412
194.1065
117.1479
148.5614
115.3822
204.2123
127.7853
259.417
137.2528
145.2353
35.50878
259.6837
78.15022
99.84925
120.4323
249.1273
143.3891
90.95756
139.6332
434.618
70.32633
133.8742
225.6005
115.7259
94.98583
120.44
89.3711
99.51263
41.65465
136.2775
115.8284
352.4207
144.8974
93.47138
134.761
91.87314
164.7694
94.94329
116.8482
166.3263
659.6206
119.0983
55.51976
69.17714
318.3144
103.8059
199.6233
98.45386
190.4515
157.1345
367.1514
418.2777
63.99948
96.87235
332.4756
101.1907
78.93225
222.5072
70.67735
519.0073
66.88491
340.9993
68.0479
194.3523
84.5641
111.9825
108.4046
140.0168
102.6759
79.12381
63.94221
164.0637
309.8603
165.4967
79.74969
130.7159
140.8689
334.3246
435.8181
136.9912
156.0395
267.2527
97.86776
71.4788
164.2939
150.9231
86.73634
42.96871
170.1152
341.9395
127.519
75.54609
77.95925
166.6001
57.43439
196.6353
131.2274
59.54781
184.6857
140.2196
128.2426
52.51642
132.7812
221.9959
211.937
126.9579
160.415
95.96201
63.06918
60.95407
51.28067
481.6356
335.4715
91.56347
208.5006
179.605
279.1103
183.196
196.5898
111.8708
127.3461
92.30454
134.0004
126.8708
198.2303
137.5888
131.5057
339.8639
98.11844
341.9887
174.2135
268.4654
145.0465
78.17741
243.8169
144.0195
198.2679
105.293
130.9559
183.0196
136.6209
186.3135
154.9465
101.7928
157.3573
198.069
2816.204
611.3718
225.6914
252.3506
363.5898
207.2826
364.1828
251.8717
1026.896
261.3466
219.5076
390.0787
211.2967
341.9937
143.9451
92.16089
151.5979
279.1145
169.604
138.1726
252.0833
263.0235
335.8771
83.16041
273.0474
261.326
70.93024
525.7201
167.5949
94.72724
54.29516
134.5765
492.599
139.0394
90.44325
125.0174
123.9105
83.60617
221.1939
184.6685
126.8524
245.9865
155.8203
108.3425
138.6475
95.62686
207.0283
178.3997
84.06941
111.692
368.8385
312.4103
87.72647
130.3695
109.0631
148.6898
78.15955
126.5809
107.5465
70.5369
282.9834
606.8606
385.9632
212.9882
445.5836
522.9098
234.2688
222.5959
189.7645
397.5977
191.2136
189.1523
339.2667
110.1692
127.1019
254.0065
345.9644
857.5163
130.1222
63.7076
420.8526
86.79993
89.94499
135.4031
161.4987
163.6935
304.3072
76.22902
122.2345
45.14116
132.5457
176.7618
110.711
120.3854
98.24208
73.37287
62.992
270.4147
298.3838
273.9856
348.0412
806.3385
124.2511
161.981
111.4064
61.3563
68.63152
96.42235
100.6477
222.184
126.0655
243.053
90.63949
52.7064
288.1089
235.9337
117.6723
136.6331
239.6532
212.0097
109.8509
66.76705
48.80742
175.6686
216.4887
436.1083
318.4517
235.9523
256.8689
110.7736
124.6051
630.8008
65.18067
246.6301
126.9706
122.1286
312.4035
130.0111
60.26179
202.8871
111.6452
129.1694
72.7968
292.2479
152.6556
134.3073
263.1632
274.1161
249.7584
172.3444
196.0513
211.8535
388.8124
413.4101
127.9153
210.3632
331.0288
319.3434
353.1124
188.5855
338.4647
166.2967
192.6662
74.84578
117.4097
140.1244
136.9323
201.0956
80.09745
155.2781
404.3076
146.9078
217.7446
177.2488
332.4968
132.3574
76.66997
147.8596
182.4417
289.4984
167.1398
115.6973
76.10146
250.9542
91.45278
411.8605
183.4897
115.8263
238.0609
149.7821
75.23636
368.5838
177.1231
289.8744
437.6133
130.5468
85.0004
120.9461
412.007
82.70351
299.8703
919.4162
204.6929
198.7639
304.4564
58.75412
203.5337
270.3644
127.2977
304.0435
178.5699
51.89404
104.0926
90.97737
157.1568
185.6585
221.4572
189.1734
123.8073
98.87711
75.06896
54.92921
240.7968
148.843
48.79926
84.42115
152.7052
325.9078
63.5394
161.7124
83.88275
96.98369
114.2947
127.2129
201.2409
252.8979
117.3446
146.6877
99.39107
123.7979
85.31977
167.8421
83.65679
195.018
88.13924
595.2857
246.4515
311.3041
