250.4207
162.9506
125.0025
97.76449
114.8621
107.239
88.58562
76.98833
63.67652
50.99862
64.16241
116.7488
103.5243
81.78728
88.80798
103.1611
111.3785
105.0468
115.8149
94.08822
86.67425
105.4769
90.02133
89.53402
85.81021
95.17918
123.1722
94.63711
102.2585
100.0822
79.05207
97.31851
75.00571
90.39407
90.76009
96.12383
91.9194
104.259
125.1856
122.9435
94.2079
64.12178
64.28219
82.94621
64.44675
82.29508
105.3855
94.26188
93.18119
85.20292
59.64353
74.38115
72.20658
67.01036
71.67236
75.70455
96.30431
95.74886
106.0669
95.95828
110.4607
120.4123
83.46044
95.89748
79.94265
68.32491
111.3985
84.69675
123.0215
105.6781
97.68678
74.35722
92.12045
86.90447
90.40298
108.5865
123.6882
109.3309
90.64316
92.92394
87.69738
74.30291
80.56804
71.85157
70.89447
71.86099
74.32202
71.25665
95.1112
79.99437
76.75968
78.54409
86.85437
93.07439
75.98157
74.03933
67.23457
88.49652
122.4123
88.77186
85.55916
107.396
91.23426
84.18406
102.5623
99.91012
95.76619
87.76459
117.3237
91.96349
92.60732
71.80921
79.04944
67.18885
77.924
78.61752
79.0009
84.76633
69.75318
81.27021
90.46688
101.9558
76.13437
89.25844
74.50406
92.37241
69.01952
58.47334
96.34884
107.449
82.59767
72.68594
74.01291
79.09711
84.02008
81.50853
75.29421
101.9132
97.52267
97.15873
98.88957
75.7743
69.56874
97.83354
99.67391
74.33249
96.4254
80.40033
83.93298
88.04166
104.9912
92.43582
88.88356
91.17958
74.78661
66.6653
83.49416
88.58112
93.06325
81.39322
84.11684
87.45456
104.3401
109.6996
90.37778
109.9541
119.829
120.6977
89.69909
88.79066
107.6136
96.44792
105.8239
100.6286
115.8754
97.29336
109.5042
110.4697
99.63607
124.0659
102.4723
94.95257
98.95225
100.5086
85.91705
95.10804
90.1898
103.4872
102.3606
73.71797
65.02141
67.78505
93.53966
98.8672
89.39266
111.2782
104.6859
72.76321
81.38808
106.2294
111.8645
113.3883
103.2171
115.108
96.12177
88.39517
82.82723
72.56716
77.69376
86.28404
108.0874
109.4021
107.2193
97.5693
87.84207
85.19385
93.4095
110.0706
108.3507
92.63108
102.5896
92.42786
93.02442
77.59734
78.3755
86.8481
77.69685
75.42968
91.87637
98.33981
94.85145
78.09101
96.47282
92.9601
72.87704
95.8742
96.81294
84.75221
95.49785
82.38701
91.7488
80.34482
97.73947
103.8748
160.5914
138.0725
141.9123
94.94786
72.85123
88.86523
97.77884
88.37616
103.0036
97.82654
107.7872
125.7905
90.1288
80.9425
93.61877
93.36581
116.3604
97.38008
82.39778
103.2852
100.0108
108.6591
109.2205
117.6454
133.9091
90.71417
106.657
113.9637
101.6063
96.52334
86.42222
92.13826
106.8037
91.11
82.7448
71.04166
97.18325
82.75452
73.50056
98.01458
77.70029
90.79015
80.52691
84.28659
84.10163
76.32023
87.88369
69.13763
84.70551
105.1553
100.5766
104.9868
89.89397
83.79553
76.42507
77.5812
73.32692
90.31562
84.38848
65.76297
73.14056
90.29504
83.46976
100.6021
96.36952
78.32284
82.01328
80.81566
86.82418
77.9687
76.17338
90.3901
81.58379
91.08709
77.08979
77.92792
86.73916
93.33483
97.08413
84.0447
74.89516
102.3467
75.84505
95.50108
98.17291
121.9684
113.7965
87.58361
80.36489
85.52845
98.22521
86.35352
89.12303
99.5531
78.64953
82.28428
72.15343
97.63212
93.30165
65.05429
87.47165
109.6094
99.16623
98.03158
87.9781
104.8182
105.6263
105.8481
93.7017
74.46228
81.60973
83.99554
82.35909
101.6815
106.3402
87.7772
83.40001
101.692
87.33998
97.12949
115.8964
87.1453
92.53568
97.70038
76.80894
91.00771
73.49974
86.26129
106.7243
103.5052
105.7844
121.8083
126.7423
120.9079
86.81314
74.09986
80.76922
75.88422
74.87094
114.4176
97.11264
81.31395
78.29638
84.59904
74.80735
100.9229
73.1317
79.94177
84.89696
86.55038
76.66328
101.0273
86.26577
84.7438
89.79515
83.69104
94.39515
95.08736
81.54209
93.61463
128.5179
104.7766
89.17352
83.76615
78.76843
77.77207
84.67598
79.05491
70.01287
80.44402
75.95965
59.66088
60.67807
61.19018
74.36151
93.82767
100.1003
87.13611
94.53105
84.11449
125.2819
114.5091
134.0272
91.96726
74.14517
67.77957
69.47944
72.98445
80.63276
71.63034
76.91257
105.042
102.5416
95.97705
96.39958
84.16604
58.93643
66.60568
77.25841
69.83786
76.9911
80.66639
100.5316
93.33118
72.3449
70.05221
69.34635
83.92367
97.27904
103.3596
82.54973
90.08253
80.93347
75.04133
85.73161
102.4928
84.05061
93.77188
80.01591
81.23438
89.33807
79.93766
104.6043
111.7683
103.2176
93.52867
99.53881
91.37029
88.03537
98.81698
93.60337
73.44218
87.45553
88.30321
83.9428
98.09256
102.6178
91.4078
74.3054
89.85063
66.9781
83.34892
81.67362
71.86201
93.83215
86.29754
80.7336
89.30515
92.95763
106.9085
132.7479
108.7127
102.5553
68.53016
103.7768
120.342
