68.57743
123.1308
212.8702
882.1775
16268.59
18714.93
17708.9
16889.82
18034.34
17868.96
20090.9
18394.78
18282.02
18497.87
18247.16
20273.86
20430.67
18751.25
19338.72
17802.6
18731.76
19408.1
15426.69
22182.06
18862.4
16012.44
19341.68
19259.27
18109.76
17104.96
17890.01
20300.78
17220.73
17464.06
18482.62
18062.9
15453.52
14711.76
20657.13
18971.68
16672.64
16766.59
19182.18
19408.66
17471
16233.49
17263.21
17340.05
15282.95
19381.77
17637.5
17092.91
20849.68
17153.54
19037.65
17209.33
18878.86
19225.82
16567.28
14800.39
19154.29
19592.28
18537.08
19673.89
18009.73
16522.71
18219.01
17522.9
19394.42
19666.14
18983.89
16336.91
17149.9
17991.1
16281.76
17101.15
16256.36
18195.26
17241.14
19625.35
18223.99
19136.27
15996.82
18032.7
17052.71
18884.6
21705.15
17121.48
17357.2
16648.35
18561.93
16653.62
18375.73
18116.99
16480.74
17405.1
18329.9
18234.32
20071.16
17935.7
17875.04
17884.22
17636.9
19180.56
18570.23
19824.93
16548.04
18682.39
19208.87
19139.41
17660.06
22278.97
18532.4
16704.7
21008.11
19500.03
16582.6
18318.62
18260.6
15993.76
18719.05
21519.92
17188.23
18696.64
20025.57
18128.21
16871.94
19257.21
14846.19
17228.39
15486.13
15974.44
18362.33
18217.68
20093.43
17964.58
18019.71
17642.47
16289.49
18372.03
21716.47
18623.9
18926.59
16062.55
18184.75
18254.55
18314.39
20295.92
16371.72
17384.9
16488.27
22778.21
18385.81
17181.14
17651.46
19430.56
19292.47
17173.32
18688.9
21586.07
17151.85
16842.75
17632.34
16710.26
17086.7
16044.34
16397.81
18050.83
18355.12
19586.32
16376.75
19946.99
16701.43
21955.16
15991.22
19215.71
20253.89
20914.46
20304.64
18911.86
15925.02
16931.77
18275.93
17112.96
16580.69
15357.38
16982.23
16404.39
17843.32
17983.24
20964.01
15948.36
19787.29
18414.19
19954.39
20092.69
15852.89
18905.35
19290.18
20548.18
19432.3
18487.27
19944.16
18104.17
19072.72
18206.32
18777.46
19873.32
21296.15
19444.19
17335.21
17992.01
18252.21
18445.95
18646.06
19791.57
18436.84
18319.01
18538.81
18260.94
17593
17722.44
16887.22
17182.87
17857.35
16227
18506.13
19874.96
19925.51
16981.72
22683.94
17473.68
16575.56
15010
20815.26
19464.91
17660.64
18286.09
18073.34
17531.1
18989.89
20041.8
15730.93
19940.12
16257.67
18861.72
21649.42
17371.55
18311.22
17649.63
16488.29
19619.23
18189.54
16449.47
20736.73
18073.45
16918.2
16546.83
18628.59
16729.68
18001.24
17953.3
17218.19
18213.77
17924
16613.45
17721.67
17295.71
18159.8
19073.84
18372.22
17834.38
18722.09
17044.44
18245.19
17334.69
18006.22
18709.94
22699.02
16592.7
17957.82
18028.2
18461.29
20522.36
17560.54
16259.41
21547.63
22495.5
19119.61
19471.7
18544.5
17627.13
19850.4
19897.28
17024.53
18829.36
22297.55
19737.77
18943.21
18446.18
16945.99
16167.11
15985.49
16457.98
16083.29
17070.72
18676.01
15534.26
19067.62
19299.58
19350.41
18847.84
17124.28
17568.53
20163.99
18245.1
20092.84
17531.24
18211.55
17778.65
17173.68
18058.75
17392.09
17162.9
19405.05
19082.58
20785.74
16884.63
17824.51
16565.53
16626.55
19089.02
19838.22
18068.38
17789.24
19334.2
15801.18
16875.02
15799.84
18695.29
19904.15
17574
18981.32
18557.42
18384.57
18099.61
17230.29
19482.36
15514.15
19696.15
14951.13
16801.63
20966.93
18773.46
17244.46
19248.29
15157
17331.58
17553.84
17476.58
20142.49
20170.81
19850.34
17082.65
17433.73
17859.73
20115.22
17182.5
20127.54
17044.83
19633.46
18468.23
17224.44
18335.61
17035.42
16997.26
18190.45
16843.55
20136.66
18720.83
20744.64
18382.85
18727.98
20096.64
18860
17115.42
18074.29
21262.05
15936.4
18773.75
16569.77
18111.37
17263.65
18447.7
18169.63
17847.32
14432.15
17815.87
17032.43
17115.67
19657.63
14428.58
16804.34
16107.42
17610.91
17518.13
18201.08
21287.26
18894.33
18165
16755.6
17951.85
17050.67
18997.13
18561.08
19108.35
17232.03
20635.19
20561.25
17935.17
15907.56
17096.65
18203.04
17516.4
16794.78
19442.15
16851.26
16932.52
17175.24
16646.05
16293.12
16059.61
18177.28
18594.76
16668.58
18627.86
16835.4
14711.81
17235.13
17569.11
18913.88
17159.86
17846.37
20295.61
17105.12
15477.33
16444.43
19546.87
16752.96
16767.63
19124.43
17539.43
15960.37
16631.81
15413.09
19904.53
20180.18
17598.05
17386.79
17470.77
17965.84
17653.23
16216.39
16073.52
20694
17640.78
17015.8
15837.54
16941.74
20590.04
17083.28
18716.88
19214.06
17048.75
18260.97
15359.59
20698.12
15859.23
17101.58
17661.51
18303.35
20107.95
18055.37
17726.6
17922.3
16495.74
16732.91
18107.88
18003.41
20071.71
18499.94
16389.88
21064.62
18754.16
16625.04
21140.75
17446.67
16074.95
18821.3
16558.1
