10.58638
12.46208
22.2527
18.53301
20.54294
17.19143
21.08625
27.08228
35.03438
58.71845
79.2826
151.4797
442.0399
3509.083
5672.306
6282.268
6905.657
6952.733
5708.009
6801.84
7011.011
7393.584
7537.238
8037.518
7365.43
6802.678
7018.667
6327.494
7475.845
7029.247
7424.435
6158.257
6974.756
7328.424
7138.463
6873.986
7793.472
7313.739
7652.249
7538.221
8104.35
9433.012
7361.474
7785.773
7352.244
7833.691
8025.192
7992.47
7445.199
7804.117
8800.017
7855.877
6970.428
7248.628
7414.88
8266.065
7688.619
7398.605
7237.051
7365.919
7248.856
7256.457
6634.876
7682.248
8392.58
7922.732
8155.135
8582.368
7627.266
7183.388
7182.485
6912.926
7340.399
7915.301
7424.702
8631.938
8065.484
7469.939
7084.009
6957.733
7732.356
7750.25
7922.908
7522.415
7496.111
7665.798
7300.905
8063.573
7934.785
7455.27
7825.255
8890.151
8676.567
7211.244
7833.712
7080.112
7574.576
7533.82
6882.453
7558.869
8186.697
7972.869
6610.147
7528.251
6884.364
7741.909
7639.209
7123.416
8053.536
7924.221
7742.315
7432.707
8618.266
7430.117
7688.469
8877.64
7069.429
7859.196
6797.85
8277.947
6558.481
8322.53
7946.483
7222.442
7905.816
6380.763
7038.323
7563.512
8407.89
8541.094
7833.514
7928.557
7921.47
8241.681
7064.674
7177.772
8105.488
6914.019
7120.02
7148.641
6574.496
6610.229
8061.589
6237.847
7349.676
8107.971
8381.764
7304.709
6884.313
7735.542
8662.601
7555.614
7993.538
8370.694
7691.861
7563.58
8093.222
7863.933
6060.899
8414.964
7864.376
7998.627
8880.963
6945.014
7030.913
7179.867
7204.614
7534.661
8796.277
8438.723
7675.785
7150.937
8036.985
7746.958
7599.383
6873.806
7817.97
7649.716
8166.041
8264.053
7037.067
6849.337
7598.681
7824.542
8025.996
7702.027
7555.935
6214.44
7380.645
7864.4
9083.604
7477.033
8807.27
7781.053
7795.962
7067.711
7577.093
6703.28
7601.153
7742.103
7484.799
8584.952
7535.991
8086.372
6676.951
7884.513
7486.801
8050.606
7305.139
6823.885
8452.836
6853.31
8477.161
8242.287
7806.922
7552.479
7851.27
8077.65
7330.234
7762.2
8039.929
7361.388
8924.984
7967.899
7110.474
6600.068
6260.477
6792.398
7410.009
6138.87
7381.989
6530.286
7459.768
7704.665
6587.676
7457.357
7679.885
8553.388
7322.175
7522.809
9292.071
6671.051
8358.552
7399.037
7818.496
7483.934
7181.198
7805.254
8142.065
6585.19
7904.603
7482.189
7823.037
7435.432
7570.36
7247.733
8233.768
7432.018
8225.694
8469.59
6731.818
8393.098
7286.046
7286.99
7138.567
8891.858
6060.582
6922.334
8337.236
6859.317
6453.874
8282.968
6883.639
7526
8186.818
7024.717
6797.756
7313.041
7006.065
7064.584
6395.868
6960.551
8142.87
8037.781
7761.285
7603.031
7496.045
7193.103
7098.788
7615.556
7663.528
7611.054
8545.118
7737.247
7675.665
7332.88
7589.316
7470.698
6906.578
7749.529
7815.313
7669.865
7498.679
7605.615
7809.118
7622.93
7918.406
7054.576
8641.658
6951.948
7595.583
8366.777
6871.985
7229.585
8026.185
6895.391
8179.858
7566.321
7627.769
7628.537
6851.816
7645.813
7269.054
7549.812
7219.347
7566.775
8328.263
7665.121
8134.428
7246.429
8264.402
6348.618
7420.123
7365.722
7625.34
7564.717
6685.559
7276.994
8055.713
9154.892
6624.723
8220.556
7823.867
8210.173
7165.069
6416.93
7542.007
6775.611
7325.882
7208.869
7253.807
6988.226
7131.636
7838.443
7698.408
8892.969
8693.01
6928.987
7448.713
8467.831
9219.376
7091.617
8331.166
6249.985
7426.677
7723.816
6861.899
8129.841
7106.363
7694.946
7195.829
8493.079
7655.841
7985.834
8690.708
7734.791
6534.232
8110.518
8060.193
7482.205
6811.461
8086.187
8304.716
8065.925
7163.228
8073.124
7783.339
7911.63
7363.342
8077.634
6824.802
7400.322
7997.687
6461.647
7741.667
7353.578
8106.548
8274.001
6772.274
7091.159
7788.667
7211.823
7878.916
7377.314
7786.383
7070.551
7350.463
8182.327
7501.052
7884.707
7163.274
7634.422
7778.638
7882.673
7995.24
9036.795
6882.641
8477.217
7846.389
7757.338
6433.812
6699.884
7736.101
7812.165
6756.035
6878.337
8418.96
7529.789
7929.766
7446.277
7221.994
6921.834
7671.366
8273.07
7145.323
7019.271
7573.614
7900.037
7703.732
6603.532
8723.717
8428.106
7605.722
6699.896
7093.953
8483.762
7395.203
7714.408
7402.812
7734.325
6387.979
7561.888
8022.395
6732.217
7586.161
8078.603
7347.033
8961.692
7027.788
7621.42
7924.651
7631.587
7297.106
8158.257
7969.706
7683.076
7369.228
7035.218
6798.651
8584.235
8149.47
6958.155
8164.832
7403.946
7881.073
7379.851
8919.155
7861.159
8392.902
7789.94
7394.565
7691.557
6714.591
7609.966
7439.934
7061.114
8185.338
7619.806
7455.53
7491.252
8255.761
8002.727
6412.62
8059.256
7905.69
8246.148
6122.715
8175.559
8126.163
8205.01
