42.66278
20.31524
20.20551
15.83537
16.36653
16.75418
16.30185
17.32283
15.39065
15.85766
15.13224
19.10505
17.03755
17.47875
19.59668
23.67947
20.66775
18.95914
15.1053
11.11978
15.15022
11.10168
11.22596
16.91997
15.86835
24.78765
21.66901
15.51559
15.37999
21.22792
19.78557
24.78359
23.51942
20.10715
20.76606
16.98648
16.03604
13.50145
15.32039
17.96015
17.80847
17.17911
22.19794
19.29064
17.55767
17.0379
17.48153
18.23782
22.70304
24.21727
18.78762
19.62636
23.74637
27.16747
20.77831
15.5494
18.40306
18.63827
23.16576
30.36024
22.40911
21.87601
24.92385
22.93958
22.21651
16.91496
17.65607
20.85915
19.0534
23.68
17.87259
18.91324
23.18045
19.61318
24.29352
17.96405
20.62734
18.25393
24.16285
27.63286
33.47257
28.28355
22.52907
18.98697
18.39388
17.97668
15.2989
22.4666
23.00706
18.02102
18.67408
20.39814
23.04447
17.39789
18.60842
17.89994
19.2538
21.32224
18.49164
14.73974
20.95571
22.37242
24.71421
16.01205
20.26329
24.58504
27.40536
27.98487
30.7279
17.50375
16.0869
18.12625
22.61326
18.52959
15.55793
16.50155
15.75702
14.58393
14.70549
13.35615
13.46152
13.72721
17.61412
18.10013
16.85627
21.61332
24.49711
20.86803
19.48956
15.36176
17.64094
14.65675
17.11496
15.42301
15.4214
16.03234
14.5201
15.11443
12.68288
12.26756
16.71074
16.95893
15.67313
18.82119
18.44011
18.70279
20.11846
17.87058
16.51633
21.87694
20.96725
19.39857
22.30865
21.86802
21.96403
21.45098
19.21209
16.51836
15.66475
17.0416
14.33558
15.89681
17.30496
17.95541
24.10917
25.02856
18.47084
22.32409
28.04395
28.80218
24.23877
19.20888
30.53385
33.21747
27.96983
32.58325
30.7994
26.60183
22.69297
29.78192
25.53588
26.67038
27.32415
22.76693
20.87706
19.89165
23.13262
23.13455
17.67133
21.57878
18.85221
20.60071
16.35656
18.08099
17.57973
18.93273
18.26751
16.9175
14.16425
15.67581
17.05309
16.0308
17.77703
19.2591
12.87523
13.80204
15.33929
15.93326
12.5989
14.0299
13.93597
12.52461
15.42824
13.24087
15.67333
19.13135
23.42128
22.89595
24.45472
21.02511
17.11475
17.29295
17.56832
25.05886
21.53072
14.61812
15.0827
15.34716
21.61937
28.08042
25.41807
20.95942
18.52628
20.1203
19.52412
18.00968
17.55244
23.65104
23.95996
23.69342
20.80872
19.19721
20.72881
16.42132
14.22922
15.23758
15.58468
17.65862
19.15387
13.52958
15.50164
20.01881
25.70396
22.56165
21.07479
21.09847
20.91982
23.43125
17.01469
16.748
19.00806
18.83406
20.11012
17.99253
16.29446
21.80108
19.93809
17.22416
18.19171
18.94629
20.67056
22.95832
24.00125
15.60098
19.51572
17.79492
26.15316
18.87671
18.68629
17.94152
17.79966
18.05028
17.25868
13.6196
17.34214
21.43597
15.62882
12.07414
13.443
15.3838
19.41995
17.91262
16.03253
12.74814
9.71136
12.39858
15.70347
14.00281
16.38782
20.06702
19.90062
17.94176
15.06962
12.62454
18.62995
23.81831
17.63039
20.9722
12.77043
12.50508
15.0096
14.84719
14.77185
17.2981
17.31329
16.66554
14.74507
16.6829
17.38739
20.20312
15.80229
17.65866
20.74393
18.86223
23.01165
16.64159
13.35913
18.74407
19.56816
16.58499
19.2718
18.06276
18.17393
14.23592
15.79222
15.06436
17.04629
17.6201
19.47904
21.77931
15.6506
18.94751
18.2767
17.78643
13.54984
15.37064
18.40777
12.45728
13.20079
12.69377
15.53642
16.47812
19.69998
19.60601
21.09258
19.3037
23.41865
15.45208
13.49437
20.32452
17.24196
17.45716
16.02896
16.09023
22.86521
18.85252
17.95896
17.50917
15.42647
14.25086
13.58389
14.41363
15.53779
13.27577
13.29583
16.66683
16.4403
19.55404
15.24522
14.6433
14.65671
14.22649
17.44402
19.49518
22.81608
21.9379
21.8579
19.03608
17.98609
17.08033
16.34844
18.38457
15.0761
18.11193
16.00132
16.16147
13.77276
18.54851
19.25533
16.6122
14.60041
16.82802
16.37666
15.64747
19.55495
17.03182
16.31483
19.34951
20.84365
22.69217
13.96081
18.00079
19.37171
17.22944
20.46182
28.4798
32.46448
29.98178
34.14659
29.04913
23.01459
19.48651
14.83107
16.5874
19.30734
17.15597
19.11421
17.29655
18.13867
21.13267
21.73916
27.43994
20.5209
20.2653
16.81702
14.95608
12.02573
14.76837
18.12585
21.10756
24.73094
21.65228
21.59643
18.20805
12.49355
10.13097
12.59329
11.28315
13.21642
14.90964
15.81572
16.70985
13.64271
14.42708
12.38374
12.45784
12.6754
14.81657
15.84174
16.58805
18.4192
21.72417
14.43002
19.34962
18.72001
22.67643
20.81366
23.1699
16.50427
14.60412
17.81917
20.98933
19.99102
15.16231
14.2615
12.78449
12.44467
22.15278
16.59936
14.65478
15.90393
18.35956
19.59156
17.41679
21.00512
20.41932
16.27089
15.23774
14.18673
13.73948
11.3847
9.995092
11.23388
11.09372
13.78362
13.96038
10.40773
12.82765
12.95652
13.07015
