84.37553
82.06577
80.77186
79.5257
81.25671
82.19586
82.57034
84.50804
85.2863
84.47364
83.56768
83.53246
82.28246
81.30106
81.21618
80.58096
80.81483
81.82702
80.00573
79.75697
80.03588
78.39022
78.16735
78.76998
79.19318
78.45653
80.27949
82.07368
83.63542
84.52207
85.49935
86.61544
85.73137
86.2648
87.09368
86.51628
86.9056
85.48982
85.02696
85.09976
86.19278
87.49184
87.06125
87.72473
87.28881
86.41894
85.91915
85.11021
85.43603
85.14837
84.62138
86.5795
87.04968
88.79083
89.1462
89.77959
90.06605
90.52907
92.42061
92.33395
91.28054
92.11678
92.44734
93.33474
94.95051
94.80524
95.40923
96.38415
95.45317
96.60758
96.6798
96.5742
97.07987
97.3735
96.72601
96.93654
97.08884
96.98511
98.00599
98.28178
99.03118
99.84486
98.05861
97.27052
96.83265
97.38705
96.19987
95.25075
95.46728
96.62323
97.24283
97.37337
96.83037
97.07887
95.63433
95.97135
96.26296
97.8848
97.82496
97.72328
98.14957
99.21353
101.1765
100.8629
103.3265
104.0962
103.9489
103.3841
103.5504
103.2857
101.4337
102.3326
100.892
100.061
100.2195
100.9113
100.6241
99.37584
99.02596
98.89638
98.48354
97.74115
98.88546
98.97771
100.1236
99.6423
99.96882
100.5225
100.8044
100.9214
100.9891
101.1088
103.0187
103.3092
103.7088
104.2936
103.5828
105.1371
105.108
106.4438
107.4976
107.3657
106.3615
105.922
106.0056
106.3549
106.2259
105.1398
106.7248
107.2694
108.113
107.413
109.1868
109.3288
110.1376
109.1878
107.9164
107.2878
106.2903
106.421
106.6046
107.4485
107.4562
108.3495
109.1423
109.4695
108.9526
109.116
109.5463
109.052
106.5336
108.269
108.2607
108.4222
108.7071
110.5242
109.4972
111.461
109.9448
110.9345
111.3041
112.0971
111.7846
112.4295
112.3445
113.0101
113.818
115.1538
116.6711
115.6399
115.1062
116.2681
117.1115
116.7421
116.2675
116.3247
116.0383
116.2769
114.3727
114.4244
114.1166
114.7428
116.1396
116.3813
116.2872
118.6833
118.7014
116.7581
116.2328
117.3479
117.8588
119.1514
117.6737
117.6683
115.9972
118.5097
119.6129
121.3275
121.1812
120.6634
120.8421
119.4802
119.3991
119.9622
120.5994
119.7472
119.439
119.4881
120.7254
119.4493
119.0115
120.0535
120.1069
119.2338
120.5445
120.627
122.335
123.6754
124.0732
124.294
124.3154
125.5854
127.1208
127.6758
130.8058
129.3245
130.7229
129.5906
127.9859
126.4243
126.9679
125.5948
126.2131
125.4193
125.6692
126.2267
126.7295
127.7576
127.1027
126.7501
126.337
126.0519
124.0881
124.2416
123.4688
122.5346
123.1979
121.659
120.8302
119.0057
120.7011
121.5801
122.2092
121.9459
120.6345
120.5361
120.5249
120.0732
119.0927
118.4957
118.4362
120.1526
120.7383
120.3291
121.9567
121.1935
121.625
121.8925
121.2993
121.8435
123.6701
125.8108
125.5256
127.4854
127.5343
126.1256
125.2981
126.9982
127.7726
127.8526
127.2581
128.0242
129.8507
128.0014
128.8743
129.1503
128.3178
128.295
127.1545
128.4567
131.0892
130.402
130.6396
130.301
131.1169
130.7331
130.5265
129.0532
129.4234
127.4867
127.9046
127.8811
128.9247
129.3944
130.3698
130.568
132.7606
131.6733
132.9973
132.7123
134.0894
133.1159
133.2576
132.9889
134.5181
134.4271
135.0203
133.9308
133.9822
133.756
132.2359
132.9756
133.1843
132.9183
131.4356
132.2928
130.184
130.3644
130.3733
129.8154
128.5572
127.3255
126.2445
124.8975
125.5791
123.8227
124.2341
123.8391
123.4581
123.685
123.7312
122.3789
120.6439
121.0754
120.8105
120.8639
121.5501
121.9694
121.108
120.6706
120.5566
120.8745
119.7433
117.7723
118.1836
119.018
118.7486
117.5521
116.9595
116.547
116.6118
116.9092
116.792
116.4355
116.2114
116.527
114.0336
113.0209
112.7576
110.4548
108.59
108.5035
107.3505
106.4362
106.5827
106.5983
106.0707
105.9399
103.4194
104.4559
105.9392
106.3448
106.2
107.5196
106.0075
105.526
106.4288
105.7962
105.3955
107.3511
106.7455
107.3832
109.2641
108.7818
109.4529
111.8034
112.4622
114.3436
115.5919
114.4748
112.4977
112.1276
113.261
113.945
114.0257
113.5664
114.0289
113.9463
112.0268
112.0865
112.4464
112.8833
112.8487
113.3983
113.5605
112.9308
114.3722
114.1723
114.4423
114.0982
113.4424
112.3748
113.9813
114.3156
114.6007
116.6928
118.5381
118.7198
118.9947
118.7153
119.3278
119.141
119.3824
116.9244
118.4416
119.6724
118.8327
119.0839
119.4536
120.171
120.7555
120.9688
119.9628
119.8704
120.1914
121.4506
121.4805
120.9409
117.9461
117.5475
115.7639
115.5252
115.9961
116.1665
116.3985
116.865
116.3154
115.4878
114.398
115.4512
115.739
117.9391
119.1094
118.0862
117.7694
117.6258
119.0953
120.0894
119.8902
120.8544
121.2703
120.5205
119.8106
120.2145
119.4544
119.7289
120.5793
119.4511
121.8062
121.061
