10.68115
6.23302
7.488752
7.976293
7.274011
7.060098
8.617775
7.20745
6.777662
6.072229
8.107146
6.742041
6.837166
7.500265
8.224182
8.905056
6.901056
7.28671
7.572179
7.512567
8.625473
8.694662
6.861189
6.131944
7.850488
7.176943
7.289718
6.498029
8.182029
7.151842
7.020307
6.90504
7.768568
6.479126
5.821102
6.727917
9.16318
8.456265
7.004928
8.43994
8.483456
7.676223
7.223321
6.709316
8.794472
7.464247
6.158652
6.448855
7.197988
6.987513
7.361583
5.972491
6.172238
7.223844
8.148644
7.736901
6.829473
7.219036
6.574604
6.413412
6.920633
6.531754
6.731618
6.700959
6.727906
7.238806
7.858981
6.880033
6.555748
7.31807
7.533101
7.457065
8.926531
7.905583
6.305839
7.882962
7.512499
6.547542
5.559472
6.683961
6.977378
7.859977
6.772191
8.988853
7.768724
7.815453
8.411608
7.681718
10.27969
7.994314
6.712463
7.05223
7.024832
8.717431
7.887999
9.680824
7.673223
7.171208
9.482545
6.797516
7.218171
7.158715
7.305095
6.789093
7.775853
6.21425
6.465488
7.687032
9.040634
5.912168
7.500808
8.006043
8.946794
7.165002
6.903641
8.441309
7.583046
8.85274
9.117969
8.789505
8.326884
7.029951
6.16673
6.039721
6.39403
5.777039
6.830841
8.686145
6.153722
7.474258
7.84511
8.47086
8.223475
7.956638
6.006118
6.532265
7.62375
7.872659
6.89349
6.972753
7.606227
7.368376
8.766666
8.323051
6.327443
7.93103
7.11038
6.2558
6.986508
8.264236
6.554369
7.062447
6.494202
7.616864
7.1555
5.899318
7.182061
8.014836
6.822758
6.365705
7.499805
7.508647
7.416454
7.363501
6.658131
7.481174
7.074879
7.30696
6.7918
9.707817
8.093476
8.779603
6.182846
7.385226
6.47577
6.778858
7.877388
7.106224
7.085442
8.06215
7.419635
6.712806
6.519362
8.320971
9.005877
8.313565
9.223773
7.406396
5.704202
5.639032
5.61785
6.16424
7.176969
7.097798
8.751211
7.941671
7.711771
8.290951
8.532761
8.305258
6.99215
7.011572
8.067604
8.44888
7.700645
6.667394
7.606269
8.459818
6.96567
7.544035
7.160645
6.864879
8.199711
7.582048
7.24383
8.140029
8.018653
5.426904
7.196258
7.810078
7.400338
7.413542
7.391639
7.894983
8.522341
6.784501
5.871996
7.090716
7.622658
7.345801
9.177188
7.118346
7.571542
7.883017
8.087879
7.223019
8.123109
8.404339
8.012421
7.071896
7.83315
7.177045
7.241181
7.247659
7.945868
6.885849
6.650737
7.403215
7.086055
7.562437
7.218333
6.171298
7.224537
7.988744
6.554143
7.296839
7.591406
8.761233
9.562083
7.93111
6.615502
6.903861
7.19645
7.569466
6.794883
6.472781
6.970535
6.126423
7.643879
8.687419
6.24302
6.855707
7.311929
7.0256
7.729774
6.549303
7.809976
7.542807
7.125595
7.462766
6.700459
6.313036
5.887558
6.725823
6.990858
6.589497
8.274298
7.198256
6.02168
6.218218
7.55118
7.510305
7.511158
8.242607
6.148091
8.675972
8.831932
7.759728
7.649456
6.647791
5.919924
7.463226
6.404645
7.233704
8.305894
7.036823
7.031978
6.40011
7.735321
9.096987
7.919038
7.477
5.975501
6.303344
6.362784
7.155441
7.730983
8.445069
6.981905
6.974873
7.632157
7.579813
8.345113
6.913004
6.50426
6.026278
7.353029
6.051693
7.914737
7.092127
6.820631
8.149486
8.71655
8.260679
9.21243
8.962155
6.276716
7.905535
7.314491
8.190493
6.694566
7.738429
6.466353
8.425808
7.12719
6.131967
6.890964
6.283106
6.638635
8.708404
7.563362
8.107393
7.395533
6.248964
6.897523
7.392892
7.94397
7.555248
8.296727
7.062402
7.192791
8.684009
7.866121
6.065681
6.428443
6.913132
6.819791
7.773935
8.887319
7.007029
6.607816
6.765969
7.527032
8.318891
6.792831
6.441434
7.466515
7.991348
6.760201
8.036958
8.000287
7.12921
5.985454
8.287347
7.220514
6.885567
7.963408
7.558284
7.688335
6.846979
8.893539
8.18902
7.185417
7.496861
7.642305
6.037731
6.809887
6.043727
6.644579
7.436274
6.95456
8.333178
8.081022
7.491659
6.89399
6.155344
6.244572
7.336064
7.855934
6.29822
8.133269
8.009898
8.140269
9.158184
7.359287
6.000089
8.689799
7.027128
7.049874
7.614356
8.627184
6.074309
6.043832
6.96307
8.733254
7.992412
6.514594
6.92579
6.722547
8.591417
6.914088
6.093719
8.509103
8.21121
7.791662
7.569693
6.74479
7.475379
8.781027
9.15424
7.526431
7.115184
7.479093
7.353263
6.296898
7.228394
8.541441
8.680446
6.379018
6.691904
5.990927
4.968246
6.455874
6.780799
8.264552
7.606208
6.770478
5.700494
8.636539
6.24408
7.423782
7.548216
6.605364
6.50615
6.56696
8.829975
7.171442
7.254208
6.916087
7.834102
6.894313
7.212378
7.204846
7.689453
7.747755
6.88691
7.750126
8.069553
8.619636
7.567461
7.203215
7.173214
8.031767
7.856605
7.75111
8.276494
6.986768
7.849781
6.6475
8.100563
5.964833
7.602038
6.990859
9.694766
7.913142
6.722104
7.82372
7.725657
7.358217
7.595266
