221.2063
172.6559
200.8244
223.3889
191.6215
256.2599
177.8031
272.9429
222.7346
207.1896
244.049
201.389
197.7246
183.5881
150.5902
255.2261
177.0502
107.8128
111.1882
160.1219
159.0587
209.3278
118.3303
135.4056
111.9706
105.8577
103.8689
107.4663
90.61262
148.6306
172.9342
106.8618
97.17936
122.1864
146.2475
119.5322
115.7824
122.1678
110.2072
70.46886
96.78767
66.30787
72.40517
114.0754
103.2637
96.96592
81.89252
115.6546
83.33084
76.07944
75.26707
83.5046
88.4503
99.35547
108.8799
150.6431
114.3221
96.10986
67.8759
79.44931
65.64861
112.1832
97.62643
150.5741
127.2052
124.7299
105.1459
113.5048
74.97099
136.0138
84.92017
103.0856
70.71185
69.77496
74.74438
85.50741
85.41873
84.22204
66.33197
71.72543
95.30089
118.7414
142.2299
117.4673
133.9564
93.0298
96.3973
104.4613
114.6824
144.3473
138.6414
125.0307
168.1731
153.8137
123.3773
177.4047
139.7741
111.2348
130.9915
124.674
91.12305
91.66272
103.1806
143.7765
148.8743
112.8414
112.9295
100.9705
81.10999
108.242
145.5492
84.9497
82.54161
77.74053
97.49984
91.19589
114.2738
91.55578
108.2712
150.4788
75.16999
96.9481
154.8988
103.1197
107.4145
142.7691
159.4655
143.7137
131.8834
182.1378
110.059
124.9459
163.3916
184.4963
173.8525
180.8273
98.12803
77.34015
86.67415
80.26711
102.1042
86.51123
112.0551
200.6794
256.3534
253.893
292.5605
215.5815
150.2435
154.6389
160.049
203.0222
224.9733
205.9354
181.9703
217.9418
228.467
174.8658
155.5888
118.0121
167.7643
212.4005
137.2976
129.1391
157.3038
136.365
171.6405
228.8733
95.83975
84.13379
97.66096
95.40127
84.53361
140.0556
100.9021
104.8343
113.8979
104.4294
154.0857
110.6728
102.1783
117.6089
133.6286
107.2796
130.3806
147.9062
96.13533
112.0557
143.3205
214.6402
176.2257
181.1327
194.2703
210.3614
330.4518
278.2675
227.1067
195.5118
149.0929
235.3334
220.4666
150.7916
108.8548
98.95453
109.3048
82.38623
99.43176
109.3416
68.37679
91.7897
145.8125
93.3526
100.9387
97.58664
126.7692
123.4979
91.21656
141.2598
148.4212
146.1034
162.0634
81.01779
104.6852
137.3539
171.7094
168.7659
199.6646
184.4632
156.9554
166.9104
141.8994
88.74015
116.6711
101.2565
69.64706
81.3248
82.9165
68.5203
77.74634
65.66951
83.69342
108.6293
165.0173
211.5907
179.8564
248.1458
205.3153
176.8556
103.7497
121.3365
144.4413
133.2558
183.9862
209.8764
160.6749
98.90386
73.13518
67.4461
71.98856
123.762
146.363
103.661
55.01561
46.79797
73.72782
120.48
154.3726
156.5704
240.4465
138.3166
146.8647
160.2444
113.6338
170.7679
114.083
146.4026
78.31184
105.0902
124.7806
107.631
138.3873
137.869
162.6154
200.7948
129.8163
132.2356
92.3987
85.26096
84.85295
84.60493
72.05673
92.28648
126.3038
118.0412
73.89584
68.5333
95.19638
75.42447
71.89465
72.1016
111.4541
106.6149
85.56633
97.00897
69.64032
84.6347
98.3063
140.3109
105.2847
99.32319
117.353
85.49926
76.41983
60.30522
129.6664
83.48579
97.0648
152.7677
126.6776
95.36873
87.68131
90.1537
83.00221
93.33276
121.2736
92.47461
89.19887
77.51406
107.7525
90.74062
78.91469
78.66455
133.313
112.0173
75.99043
80.91872
103.5262
79.74907
72.44341
71.92578
113.3989
130.705
76.4029
74.70038
93.38067
90.60612
92.8135
103.6012
75.35361
93.80563
70.176
72.6279
88.47113
115.196
108.8304
100.078
122.8134
141.3042
126.6861
115.6408
179.0176
122.5784
117.4588
130.5584
108.5488
149.6777
162.4936
136.9683
105.3061
128.7315
126.9903
177.3594
174.2821
204.4892
170.9164
170.0842
154.3939
150.4872
131.7396
118.1752
171.0379
160.0254
222.9429
156.5749
124.086
126.8509
91.50385
107.8588
133.3502
92.03611
139.4331
89.38092
77.88451
65.86613
70.71028
112.0554
120.1099
83.43976
110.9047
175.9415
168.7487
138.9476
164.2929
165.8788
164.5302
163.6005
132.8263
150.0947
164.9662
77.11279
74.41978
73.13494
77.74427
70.9689
88.92661
82.33066
122.7313
134.1971
173.0405
160.0105
130.5073
113.3023
66.94348
61.41659
57.284
45.34919
70.41103
117.8519
81.54168
89.86607
122.5654
110.0865
125.3456
118.381
125.7888
116.7674
139.691
174.4457
215.4031
194.428
151.3233
142.6327
120.1741
97.07563
101.9273
154.8989
104.0864
117.938
143.9296
155.9794
132.3717
102.103
76.16837
110.3349
156.243
106.2925
132.799
92.92847
94.66169
143.0166
92.82867
113.2399
79.08432
128.8636
111.6752
127.9695
138.1226
119.7895
84.40328
62.0333
71.12316
140.6895
172.1811
195.6667
134.0768
104.2024
111.1672
102.6854
124.7655
92.97449
77.16292
87.19993
128.281
120.6344
70.18143
75.40078
106.077
90.12202
75.74921
80.7574
66.58946
127.426
112.101
60.00531
71.67831
75.56788
78.30603
163.0338
137.6622
112.5438
