12.9762
15.04336
21.03084
31.13657
38.84961
61.70756
110.5861
952.1229
5416.552
6045.85
5118.469
5309.992
6739.022
7310.884
7671.514
6998.937
6816.797
6761.494
6922.434
7411.462
7673.704
7838.35
7935.882
8142.449
8829.888
7834.037
7521.302
7690.927
7685.264
9254.847
6700.241
7562.713
7774.135
7738.576
8057.576
7127.579
7760.553
8550.772
8450.879
7479.992
7162.166
7451.246
7695.05
7885.902
6928.763
8202.18
7855.711
8048.026
7054.258
7263.381
7135.549
7804.186
7129.628
6640.326
7358.653
6915.697
7184.354
7016.85
7346.37
7823.018
6974.122
8431.558
7219.802
8149.418
8346.032
8679.074
7811.534
7418.668
6516.529
8680.112
6928.434
7164.379
6634.223
8262.513
8062.788
8363.897
7490.332
8457.055
7170.728
8188.572
6600.733
7385.79
9158.47
8662.932
7157.387
6368.895
7768.046
6934.082
7780.099
7871.631
8195.374
8174.571
8193.355
7470.106
7238.484
7867.7
8353.897
7039.789
7265.226
8102.402
8167.657
6523.93
8722.812
7196.652
7912.692
6493.95
7791.083
7426.661
7958.543
6645.733
7659.385
6882.406
7627.036
8217.116
8058.161
6906.932
6876.533
7362.041
8503.651
7185.572
7544.385
7438.652
7263.235
6664.382
6864.61
7487.719
7460.251
8227.927
7196.041
8107.341
7048.731
7790.631
8103.207
7816.637
7836.215
7935.924
7133.366
7203.047
7393.619
9039.852
7401.07
7709.344
7229.728
6435.892
8058.947
7991.53
8257.403
7558.393
6402.292
7330.864
7379.374
6998.005
7684.844
7145.29
7219.862
7378.592
6687.086
7817.816
6498.004
7894.624
7546.892
7893.253
7618.416
6884.104
6345.797
8149.924
7984.361
7228.857
7575.685
7984.14
5926.425
8260.722
7147.838
7940.359
7229.207
8370.876
7518.929
7873.107
6839.812
6980.4
7963.801
7251.197
8173.949
8127.399
6810.132
8359.391
6854.322
7078.429
8365.741
7223.359
7462.576
7121.73
7636.625
7252.453
7112.039
8226.246
8306.912
7525.49
7001.141
8015.268
7601.341
6917.809
6812.251
7865.098
7981.175
7841.028
8243.457
8530.486
6736.26
7584.887
7543.447
6768.757
8648.08
8797.575
8154.218
7544.269
7853.628
7386.873
8242.439
7918.147
8514.885
8057.225
7738.655
6837.495
6972.428
7150.36
7891.136
7926.924
7693.868
7269.791
7132.234
7028.315
6756.839
6964.407
8407.717
8554.578
6900.986
7653.103
8169.167
7512.789
6450.677
7559.228
7126.59
7016.644
7437.953
8401.396
7815.969
8529.286
7520.851
8130.653
8072.761
8220.154
7774.618
9015.191
7617.939
9122.937
7863.022
6986.376
8078.626
6962.14
7636.441
8256.513
7469.867
7428.882
6773.39
8006.245
7552.578
7997.868
8855.909
8096.079
8172.449
8442.091
7642.952
8053.264
5749.86
7729.398
7576.984
6670.868
7894.377
8607.597
6896.913
7127.308
7797.346
7629.489
6640.993
7843.694
8093.962
7170.6
7338.16
7604.495
6914.321
7378.697
7939.112
7258.704
7252.067
7967.202
7139.379
8993.91
7362.507
7994.055
7455.237
8122.164
7202.085
7251.703
9048.463
8709.814
6476.949
7023.919
6850.847
7613.633
7109.685
6722.109
8342.752
6709.52
7668.381
8176.88
7997.398
7393.155
7995.812
7446.619
6462.006
7791.208
7379.779
6981.88
7260.806
8027.732
6163.622
6684.946
7721.302
7295.333
7927.894
7300.729
8616.947
8499.442
7097.654
7747.68
7278.684
7858.777
8063.426
8807.69
7322.894
7391.014
6649.781
10050.25
7030.804
6580.307
7553.086
6905.46
8316.896
7790.827
7552.606
6809.196
6215.053
8059.899
7350.682
8413.01
9281.967
6603.282
7938.712
6633.233
7373.065
8084.621
7731.253
7123.485
7763.17
6864.358
7368.327
7665.299
7603.002
7134.001
7406.755
8679.801
6907.069
7335.213
7871.573
7025.399
7721.455
7087.824
7910.423
7242.022
7710.41
6858.075
7830.229
8640.354
8141.947
7286.925
7697.257
7925.598
7118.01
6511.609
7966.949
7313.847
7702.711
6565.54
7665.203
6094.264
7169.681
7515.905
7287.999
7237.196
6593.554
8968.649
7634.796
6199.113
7129.687
6949.615
6867.907
7683.082
7102.586
7290.727
8121.225
6566.27
7054.699
7536.795
7344.452
7905.737
7278.4
7820.811
7580.064
8825.172
6890.403
7440.471
8087.353
7625.719
7746.5
7027.501
8241.094
7619.817
7705.883
7661.62
6552.349
8021.316
7241.295
6781.224
6917.807
7406.217
8199.965
7982.119
7748.174
8558.775
7469.571
8091.203
7387.764
7010.61
6739.716
7794.291
7494.986
7870.064
7211.799
7173.797
7244.1
7718.375
6874.368
7431.18
7883.662
9081.729
7377.156
6854.082
8183.184
7443.391
6591.625
7655.787
7139.998
7719.921
6584.45
7299.352
8322.297
7158.729
9125.269
8890.657
7890.053
8103.86
7408.261
8430.84
7948.077
6459.781
7987.223
7660.863
6645.346
8120.572
7055.111
8324.006
7088.385
7956.182
6434.611
8069.145
6610.686
6967.959
8304.929
7266.499
7617.349
6889.345
7358.448
6333.911
7249.446
6448.207
7124.416
6759.311
7362.98
7402.339
