741.8886
723.5204
798.6892
698.7449
689.7418
568.3428
582.6706
533.3507
565.8373
550.9921
579.5575
619.0395
591.9972
576.2881
603.4837
583.1572
534.098
557.8882
562.219
552.6654
596.938
565.4762
508.515
601.055
588.8098
545.1495
526.0958
578.7669
547.9463
606.7311
521.5034
581.1427
562.6671
599.3283
586.0477
653.3502
564.5289
561.8728
553.0427
554.2572
560.1289
566.2832
588.1295
603.915
637.4138
578.031
544.9985
557.3599
549.8292
566.3837
547.6323
565.3068
615.2032
561.2872
588.7316
540.9049
559.1166
553.7436
573.7021
572.2723
520.1475
570.8937
533.4999
602.4306
533.6862
526.1867
597.1053
482.4129
583.1765
546.2545
570.8167
574.3898
563.9014
540.1781
582.3562
566.4015
556.7092
500.71
595.9935
609.2651
580.6218
614.5716
575.5789
577.5905
532.9315
649.1006
546.3357
596.2789
579.1813
605.8618
577.7511
525.1872
620.5386
592.2231
538.9203
628.3075
592.8835
583.0553
552.6476
577.3703
528.9465
554.1061
554.1164
574.2937
611.3138
528.8861
544.0431
539.1701
533.6993
548.0832
545.9814
492.9274
631.7938
572.632
601.621
507.2439
523.987
606.5336
564.4555
601.9425
569.9979
507.7794
599.1372
604.4503
572.9013
601.5478
578.6018
594.3262
605.2548
586.3205
554.1625
555.4443
585.0772
570.1104
558.3597
583.21
560.802
560.3896
590.0316
549.4414
526.6098
575.9995
591.061
532.6532
543.7805
539.8784
540.0807
572.7687
594.7005
561.3459
558.8002
545.1184
563.6819
544.6842
590.2892
564.2347
527.7369
583.5375
596.7151
532.9728
633.8144
571.1089
572.051
572.1141
526.187
555.4069
588.9195
619.1916
514.6616
595.1757
555.3695
533.3897
592.7873
582.2022
555.3857
545.0312
570.4493
530.4846
579.5395
569.7212
573.2794
584.1661
587.3575
571.1656
532.555
534.4489
557.1298
590.5298
624.8346
555.3139
578.6203
548.7622
615.3817
514.4398
612.6453
516.4545
531.0299
632.8871
578.2801
598.744
638.3316
537.8485
565.8229
590.6588
538.8823
535.7074
605.778
533.0783
500.8749
542.5759
595.875
582.7512
556.9116
549.4222
619.3245
593.8304
575.8522
521.3384
602.0321
569.2813
546.8432
628.1708
607.3815
541.2909
560.4052
555.4969
585.742
576.702
592.6758
557.2412
491.7706
578.8368
592.9188
558.4509
553.6745
564.8665
552.6435
537.7296
554.6611
572.8619
616.9419
555.4079
550.0452
599.8024
564.3511
609.6109
559.0107
543.8446
608.1589
532.1241
602.2578
571.7607
550.135
564.4034
571.5397
554.0305
520.9016
567.9882
580.0848
535.2078
568.3201
571.9265
613.4999
516.988
597.2868
518.8881
563.5698
572.2549
529.0239
572.0152
552.6691
587.7533
611.5763
582.9643
569.3651
584.5803
551.0485
545.6331
575.647
554.2639
574.7799
584.4619
582.0486
549.0666
542.6701
574.8995
543.3748
570.7945
545.0386
610.87
596.5153
587.0551
567.4542
517.8376
579.0434
573.7037
631.5891
550.6523
551.3362
551.3007
579.9645
578.2806
554.9783
610.2871
548.3006
541.9154
589.5733
559.5013
570.7008
508.6934
595.5906
537.5678
593.953
570.4087
541.3799
594.5912
581.1124
601.9002
564.4486
595.821
571.1172
568.0376
608.1818
580.9677
567.8149
552.8367
544.0096
529.3315
484.4572
569.2447
520.4007
568.6887
602.3025
565.3103
559.4487
554.3136
580.5443
546.9186
555.1108
588.4134
593.3483
518.843
563.9033
606.8358
569.6518
542.6958
587.4866
638.1143
617.006
514.6043
598.7014
583.7347
537.2316
579.6879
537.8831
596.6682
544.133
587.5833
556.4966
535.2154
555.9066
578.6591
598.6138
524.703
563.5745
566.2307
536.2548
570.0694
628.8887
540.6909
572.3226
544.0828
551.0669
551.4274
569.5968
576.8311
528.4906
550.4743
554.3932
568.4314
561.2519
579.3991
564.9757
521.0591
571.9606
649.7197
551.1556
557.652
546.824
575.7285
535.8657
547.5438
563.3988
549.9795
564.3309
573.6085
527.6955
520.6405
556.0998
494.8337
527.5875
575.7319
543.6483
563.0806
587.8371
556.1526
546.042
561.2906
602.3385
602.0657
480.7494
578.6122
580.8549
596.2956
524.5105
586.3568
534.7545
589.6562
629.3489
594.4939
570.2136
627.5298
559.1226
536.6288
566.7684
561.3497
557.4344
525.6529
551.0903
530.7384
559.9527
582.9589
577.5141
600.7748
545.942
582.9566
486.2499
554.3352
595.1738
556.1217
486.074
596.7661
578.5247
568.3279
590.8098
562.9053
552.411
571.5128
527.5027
532.8519
533.9322
578.2458
545.3343
584.7263
570.4379
572.2629
608.0357
585.8875
622.4105
584.2189
560.609
552.9157
560.0206
562.7069
532.2481
573.8205
549.6163
635.851
541.2526
546.3075
555.9877
532.3184
526.5051
588.2844
605.3723
576.9704
579.0941
590.0496
540.6533
586.6585
549.1231
525.8202
547.1124
501.8554
547.8826
512.8619
584.4521
606.8505
545.8665
572.3909
545.5556
502.6606
556.9601
566.8762
551.1025
545.8256
591.4724
565.3897
576.1324
539.3855
