93.27544
87.92985
85.66039
85.10353
86.15186
90.01784
88.46841
83.19694
84.22377
86.5544
86.58961
85.00261
85.59087
82.64841
86.86643
84.49804
88.85542
89.992
82.64917
82.06844
82.58702
83.20545
83.24033
83.73808
85.16083
82.04378
83.28462
82.33979
84.83156
87.01916
87.51645
91.90347
86.53715
91.57043
86.41487
83.27736
84.36596
84.8856
84.19652
87.74071
88.76995
92.85715
92.45267
88.29703
87.71457
87.80439
84.76898
85.19698
80.1635
81.39008
80.50942
81.37826
79.81585
83.03016
88.09714
91.56699
91.43991
91.61916
94.79219
102.1503
101.4558
108.9143
104.1257
102.7515
95.13936
93.23539
87.74343
89.97845
88.29352
83.99824
87.01815
85.9538
85.0395
83.0206
79.0583
74.85473
76.91901
84.16581
85.90749
85.49638
79.55433
80.35972
82.36321
84.86971
79.45886
75.61242
79.57808
77.97711
79.72256
78.4372
80.98774
75.44322
76.22941
73.63766
70.56475
72.44859
77.00295
80.01135
84.62748
80.92732
78.12871
80.84863
81.27238
79.23994
72.15574
74.22078
78.85184
76.10199
74.97195
72.64917
74.66207
73.73892
76.85582
76.54395
81.48003
77.63177
76.90043
73.17893
80.82797
78.32125
76.75158
80.35814
77.21169
81.36574
76.77922
76.63022
77.20151
81.80106
79.07281
79.51138
79.96318
81.89698
83.01778
81.99243
76.90235
77.27842
73.32357
78.92421
83.78806
84.51392
86.27943
87.15572
90.21609
87.72906
92.05956
92.1626
90.90834
89.04111
87.03559
82.38942
87.13119
85.82753
86.41804
86.75651
87.34164
92.77938
95.45904
95.28991
91.53463
88.05784
88.20977
87.83665
86.47371
87.91287
83.95429
85.36389
80.66223
81.90197
83.90096
90.25622
82.8915
79.03094
82.08969
84.24658
84.24683
86.43457
87.19633
82.18897
79.57096
78.47784
77.07783
79.98987
83.24007
79.79302
80.40804
85.75556
82.61057
88.49072
91.06983
92.32547
90.87644
87.89093
91.21606
89.07819
90.31997
95.7671
98.09314
97.72729
91.21252
90.84992
91.37259
89.71883
91.14695
90.37872
94.43913
95.39306
93.19474
96.98881
99.41548
98.34355
99.9577
99.21797
97.32843
97.43934
95.92481
94.15919
90.81741
88.48325
85.02234
87.68489
83.65168
83.24246
86.30941
85.84592
82.48944
83.91642
81.26725
82.12945
79.52348
79.27385
79.6294
72.94696
76.44643
75.24489
74.35258
71.21148
70.80029
74.08416
70.956
73.57927
77.793
81.26488
81.3029
79.19514
80.56819
78.76123
79.53727
81.31482
84.26556
82.0987
80.89764
81.98806
79.33916
79.22203
75.44394
80.88424
81.22121
81.76393
84.60593
80.72627
80.33651
81.79967
82.3355
80.98575
79.05238
79.76817
79.26718
79.88659
77.61219
73.39183
75.08645
76.57051
73.57585
72.99584
73.00374
78.27053
76.18492
74.75979
70.44558
72.01846
75.01679
70.97352
65.89717
67.47444
70.05943
73.84964
76.05107
74.53884
72.07312
68.26307
69.56823
69.96943
70.4094
69.75545
69.34801
70.04845
76.26063
75.69527
76.77238
81.06412
81.45135
80.53855
80.80714
79.99535
84.18038
83.60017
82.67467
83.18942
83.45393
80.27691
80.19807
80.92541
80.80398
78.87011
79.73363
85.13896
87.79826
80.90916
77.89224
73.52869
71.80429
78.17701
78.45757
74.80027
77.4665
71.74343
68.5916
68.81013
67.29895
70.25559
69.93312
69.1462
72.60504
70.62713
75.59596
75.74004
75.17661
74.21516
78.89629
82.08231
81.41362
78.18578
76.74348
79.94713
79.87343
80.13287
79.22892
79.26538
77.45444
81.61753
80.46802
78.9541
75.9728
73.40575
76.75181
78.96155
77.18188
79.94707
72.22257
67.27773
66.39334
68.66262
64.99507
65.30213
65.62181
62.76657
61.92647
67.04927
66.21165
65.93256
61.21141
56.28457
59.2465
58.38116
55.32476
61.04165
59.25108
59.19214
59.93538
66.1054
64.07616
64.53253
59.15944
61.4999
60.85245
57.11474
51.83291
50.22892
52.3072
52.57753
54.6536
53.5677
49.48084
52.95646
56.81365
55.72047
59.78899
59.29749
57.53508
58.75799
59.20378
59.20434
64.14176
68.57225
68.74758
68.61361
65.90048
69.74525
79.77298
83.53648
82.47839
81.56591
80.58621
80.89052
81.81901
81.15328
85.0341
81.82253
80.25212
83.84958
86.18971
89.81581
94.70316
94.58088
93.28728
95.30319
93.46998
98.94661
94.77731
90.802
86.94078
87.5334
85.7132
87.5823
90.26681
85.48199
80.86835
85.00451
84.913
86.30466
91.09429
91.6245
87.2067
86.20805
80.50251
84.24398
86.21996
90.5618
91.43723
91.51453
84.54468
87.19099
88.04253
87.19607
90.39
93.26318
97.88503
95.94175
97.19792
93.63531
95.48215
94.58565
89.31726
88.41329
90.69458
91.48139
91.73949
90.73318
89.55161
87.33629
89.60262
94.81721
96.87417
97.16984
93.86556
92.71201
85.10548
86.87624
86.96839
88.3759
81.64303
78.61963
75.17757
76.52555
82.78625
77.7411
76.55008
79.27792
79.30946
78.69782
81.84244
84.58088
88.85533
89.26651
89.32561
96.77681
99.26335
98.58412
94.03006
89.49369
