103.6205
107.4307
111.9665
83.06029
102.2316
83.38377
92.89742
98.74836
97.59025
108.1254
92.22261
115.7425
99.96889
102.4723
76.535
93.87229
104.2539
82.67872
91.85947
104.855
108.106
83.95591
85.54697
90.94869
93.72414
100.1479
96.9541
111.4224
94.50081
79.20858
93.43123
88.91822
97.08037
103.0585
94.91201
94.77685
100.5767
88.60623
107.3013
95.84613
100.2127
99.48837
103.4633
108.4357
83.42403
116.1194
92.00209
91.38273
92.82702
103.8303
98.71195
85.13188
85.98243
113.2021
105.0033
103.9726
97.66699
100.2906
82.44331
72.0469
110.1504
103.0745
97.54319
96.98317
87.41097
90.98467
113.8065
104.0643
90.13887
94.72515
91.75171
91.83701
95.92214
106.4264
102.0019
101.6042
107.2583
101.887
98.83313
99.78935
89.21861
80.80029
96.44966
104.3173
93.64457
102.5659
98.06911
95.56324
89.01027
96.31967
94.11918
101.1224
102.6998
81.90665
92.92134
105.0825
90.05234
81.89286
90.56285
104.5301
88.34875
98.65505
94.31682
81.31047
89.36062
100.6811
87.60663
81.54475
105.1764
104.4395
89.56128
98.91486
88.84086
106.0308
86.0791
92.33744
86.91512
107.6827
100.0426
96.18519
89.49449
105.3952
108.3675
92.32043
91.20668
114.1753
103.8484
97.01143
99.64914
93.57578
104.4957
96.28582
125.4748
90.0018
80.48482
108.6005
105.4239
98.04926
87.83975
98.03569
111.7529
87.72238
90.86945
75.11894
100.9916
104.9533
100.4744
93.70075
80.81308
95.48541
119.496
88.62574
101.7029
100.5068
82.98363
84.78537
93.16111
94.5534
93.06935
95.24254
78.64998
101.1044
87.14923
101.7784
81.26317
84.26516
88.98923
103.009
96.75231
79.06193
93.53911
93.97314
101.7969
89.06944
83.97991
95.38395
87.75277
91.76889
78.42003
90.54303
81.77658
95.76869
104.1547
91.22894
76.98577
95.4696
100.6504
88.85679
101.9673
100.1534
103.2127
98.42356
111.3321
97.32692
82.6582
103.7527
95.15419
90.2925
97.02699
86.46835
96.6254
92.42078
97.71395
85.77029
94.18925
96.84671
95.8713
96.35233
94.83425
94.93176
85.26832
97.06676
112.0552
104.3094
96.09772
108.9149
105.6919
97.38304
100.2225
87.80611
94.87427
84.40469
102.1418
96.43222
106.317
96.34745
81.09684
108.2564
112.8418
80.94224
83.18197
111.8642
92.60429
92.89776
81.89993
90.49491
95.26408
96.91622
88.79264
96.71732
102.8241
96.44729
102.2308
105.2899
102.962
101.1603
88.47895
91.99212
100.1217
88.78465
94.61059
87.9968
90.9869
108.3282
104.6263
98.8523
87.97769
93.51543
86.17648
93.9019
85.37186
77.80243
89.78545
99.48602
93.89746
112.3434
91.83769
89.89689
100.8789
95.8941
91.18046
97.42193
93.90298
101.7738
81.37902
84.51163
86.9157
88.42667
94.5514
112.6537
92.62286
110.3093
102.474
103.7614
93.22274
89.74294
96.69668
99.13799
103.3495
95.20829
84.08048
89.12612
91.19283
99.34666
97.91776
95.50112
90.16698
100.0188
89.2674
103.8096
104.8604
97.95724
99.41482
101.4709
101.287
96.49388
92.09194
95.23178
95.45338
93.8219
97.01984
88.50566
86.92516
84.51753
84.15525
98.65577
95.84668
86.9713
93.41853
100.7412
91.50182
81.93728
104.5644
93.45026
96.19717
99.6684
89.20961
92.82708
94.59356
95.50537
106.3615
93.02433
83.88732
92.76234
100.6536
110.4491
105.1913
85.07699
87.12293
100.1932
82.92117
98.56859
87.47091
91.0274
82.59834
90.02842
90.93157
99.3634
90.23052
98.4736
94.32343
99.42187
104.3673
97.34505
96.50743
97.05686
92.80453
97.6498
105.4399
81.82195
89.28126
87.76251
106.428
97.58623
98.32751
91.26983
82.28543
112.0581
100.4563
88.42131
106.2536
88.12435
91.12025
87.07341
88.79347
87.95823
92.53001
90.77974
94.07631
86.74612
84.19412
97.2214
98.76513
97.8283
91.79793
87.298
101.7596
121.278
97.89808
88.86863
86.59524
91.82214
91.01
89.28516
83.56959
82.13305
95.86966
111.0694
94.30583
99.84264
81.61032
85.92609
98.67943
85.56585
98.14964
99.46424
86.22272
94.29561
97.31386
98.64896
94.6792
93.08594
94.92088
95.0121
105.5868
101.9679
82.34513
100.5888
98.60421
98.53931
91.39276
104.6408
95.87263
103.2992
97.00518
102.5611
85.23911
97.31287
99.4663
102.1469
99.39494
109.8574
92.22202
94.6584
102.0893
90.34619
92.3837
93.81403
92.58624
97.58756
96.05434
95.53566
101.7978
86.80473
86.81708
97.77994
97.03862
100.5174
104.1471
100.1566
95.25977
84.39475
110.0694
109.1905
116.0826
108.8854
107.6439
84.42457
102.1977
111.6448
97.06158
102.7388
98.863
100.3976
100.6742
114.6715
92.2619
86.51596
80.9944
79.06001
94.23177
90.60307
85.02264
86.98319
108.5476
115.8471
93.15359
93.22477
87.86076
97.13359
83.81081
99.4728
102.1944
115.7956
96.09461
92.10303
104.1352
103.8289
91.53511
117.2568
95.13893
89.2729
108.6539
112.0624
98.39983
99.01478
103.1851
94.61776
81.98629
100.6876
