84.31108
158.2564
163.5777
297.5802
10308.1
23674.18
18617.23
21243.19
20099.81
21116.95
20465.35
18629.36
16797.36
18433.16
19056.9
17806.86
17885.67
20109.89
20218.13
18051.12
17204.19
18114.5
17404.77
21082.55
19330.31
19419.22
18484.52
18171.89
18540.93
19645.49
18959.74
16181.18
15711.66
17286.4
19520.51
19014.6
19036.42
15142.72
18131.1
17068.1
18114.52
18751.96
21279.13
22170.31
19450.08
19260.24
18727.61
17806.03
18730.15
19382.63
20047.97
17371.94
16579.09
16291.31
16865.87
16982.03
19412.21
18779.99
17721.56
21073.05
18611.47
19456.35
15944.18
16985.36
16847.37
18616.99
16424.98
19796.92
15868.02
17746.9
20353.97
21570.09
20257.11
18626.72
18584.6
20454.26
20410.57
17041.73
18452.16
16969.36
17002.12
18694.47
19032.76
14381.1
21717.41
18204.34
18538.08
18047.98
17276.62
17149.63
20228.18
16968.35
17725.93
17110.73
17464.02
20638.56
16663.63
18498.13
17529.08
17135.86
17010.66
17873.06
17360.12
15319.98
18665.13
19394.65
18437.54
16554.19
20053.97
18493.61
17336
17763.23
16132.68
16680.62
17705.71
17261.34
15137.71
19652.49
18064.42
17610.29
17071.51
18389.67
17631
16984.32
18536.95
18926.79
20245.76
20018.05
18629.99
18471.88
19141.19
17842.2
19357.9
19233.23
17947.47
18772.29
18153.61
16442.69
18274.25
14047.48
15208.93
18436.94
18932.05
17647.45
16062.28
12282.37
18463.15
17835.19
21451.99
15938.65
17922.64
17115.54
19226.94
19306.38
17455.63
20519.24
19198.08
17401.14
16386.5
17511.12
17739.61
18533.92
17717.62
19529.78
18637.39
15661.06
16625.32
20050.4
16904.57
17157.01
16774.29
19003.97
16720.73
16856.87
18349.31
18005.86
18488.3
16889.04
18302.55
17332.85
19579.67
17581.42
16876.83
18038.68
16950.06
15975.63
18040.2
15811.61
21537.32
17113.71
17081.11
17085.82
17539.59
18291.54
18510.71
17327.05
16874.4
17640.91
18565.73
18983.75
17589.64
16989.89
17217.51
17392.1
17064.7
16443.25
17502.1
18533.97
16000.81
23516.86
17268.49
17974.4
17103.56
19742.48
18663.67
15491.08
18375.44
18491.47
18834.33
17758.46
16441.46
18517.39
17751.12
18028.77
20512.04
16743.67
17369.46
14620.59
20874.82
17060.34
18603.59
18367.93
17486.66
15327.69
15456.32
19208.95
18536.54
19045.6
20525.78
16733.32
19605.22
20380.15
17852.67
16918.73
18904.72
20165.2
18346.01
19189.95
18389.25
16157.77
17233.97
17342.59
19001.99
17768.33
17257.34
14823.36
18656.76
17078.7
18250.15
19519.73
19356.58
17115.67
16730.97
17987.47
17940.47
18665.01
19752.24
18385.78
21346.23
18812.36
17706
18161.1
19757.23
18866.22
17532.91
16032.65
16405.9
18827.65
16943.03
17669.9
17096.39
19295.78
16495.29
18670.69
20507.07
19881.37
17519.95
18214.69
15726.95
18953.81
17352.04
16230.31
17913.13
18479.97
18389.55
14910.71
19490.43
21476.82
19401.61
17507.52
17895.8
20022.77
19510.16
17129.14
18045.83
16363.5
18869.1
15483.1
15131.48
18067.65
18608.84
17436.66
18445.95
21361.87
16079.28
16322.01
15446.74
19595.57
21557.56
18728.73
16413.52
18161.69
16998.26
21625.58
18603.52
19580.25
17281.82
19029.29
20489.78
18942.34
16286.43
15558.54
14544.61
19606.02
20867.04
19848.13
21046.8
19618.44
18353.38
18458.63
15666.67
17756.34
19273.39
19689.85
16421.19
19678.24
20803.15
16051.41
17822.93
16967
18037.7
18645.42
18983.29
16786.77
15787.21
17719.46
19603.09
19115.13
19670.5
18079.19
18349.19
20812.32
18198.22
17638.93
20549.04
19693.93
18648.78
15740.58
17220.01
16203.22
16935.06
18066.44
17794.57
17811.05
16084.95
19402.47
16925.31
18683.96
17959.62
16620.61
16818.98
19092.25
17027.42
19065.34
16137.49
16529.94
21335.66
18886.95
20127.34
19413.11
19513.77
20378.96
16823.9
16844.6
16435.81
16873.72
16007.57
20311.2
16640.11
16319.4
16167.41
15231.22
18629.06
16817.43
20081.18
18883.72
19855.69
16984.13
16183.07
17545.47
18240.19
19652.7
17480.08
18799.22
15159.1
16875.47
19258.91
17766.47
15313.61
17950.77
17821.47
17998.31
17160.51
19826.07
18498.95
16309.76
18410.35
16716.31
17443.59
17833.03
20931.6
18117.09
17104.54
16649.82
18673.29
17156.35
17538.21
17010.71
16477.75
18555.09
16286.87
18784.88
18890.7
19084.72
19310.8
18218.62
14470.99
17439.93
19687.49
16859.87
18281.2
19561.36
16253
16509.69
22660.17
18267.29
17403.8
20298.09
20358.89
18907.91
21322.53
17934.91
16516.36
16593.55
19439.4
16263.72
16406.64
19344.22
20203.02
17688.62
21351.7
19784.11
20877.06
20482.75
19533.51
15595.11
17927.78
16762.2
16473.72
16856.73
15089.36
17556.63
17362.45
18273.42
17197.09
17590.98
20266.47
19579.7
22034.62
18989.76
18705.41
18508.23
18264.68
16633.48
18472.42
20670.21
18824.27
16216.03
17912.68
18298.93
