822.4655
532.0047
713.449
1484.187
848.9173
1308.387
1609.032
1137.205
922.3939
442.9983
1047.632
681.1785
1346.031
442.1898
633.8349
790.7958
670.6764
866.2523
850.7631
795.3194
640.759
419.4087
731.1866
1478.387
967.6615
401.4035
862.6904
1291.685
990.5905
2265.01
1181.678
1586.676
1413.935
2975.373
1875.558
630.6657
992.4937
933.2269
1482.627
715.3083
949.8562
489.2965
1540.553
1271.243
1736.782
653.543
945.779
824.7633
496.1851
830.6624
1151.418
1147.229
481.3126
957.403
328.7522
1610.726
440.4064
705.0656
814.1582
438.2458
806.2324
2145.452
1679.619
1141.056
2281.608
1843.189
1421.032
766.645
904.1179
1093.48
471.5618
882.2092
525.1361
1222.451
561.4708
758.8503
1412.272
705.4391
322.8518
991.5909
1302.489
460.9791
1005.165
779.3817
699.4914
369.4134
1055.223
610.0536
1079.804
789.302
911.4256
1215.812
537.0341
358.1686
1143.696
814.5739
719.6577
673.6431
1098.485
501.1821
707.862
1387.078
891.2509
769.9996
931.0271
382.4284
312.3939
626.3291
1670.069
821.1281
776.9107
704.096
1447.677
403.6069
1204.31
1199.22
704.7853
912.2603
1049.121
326.2411
1061.687
1453.692
1189.219
818.6423
766.7037
696.265
3692.003
2033.729
581.0767
598.2759
1039.985
1006.949
633.666
769.6505
1374.771
1706.289
1347.957
852.7467
675.7738
1130.781
566.3682
1067.607
1395.634
736.7789
1452.178
864.8544
2381.623
465.0204
1122.852
1518.14
1015.455
2697.813
1203.568
1130.017
854.8499
706.2967
1164.224
398.4718
1359.428
3462.074
1298.446
1154.243
744.9633
1878.693
1855.52
514.1051
492.377
475.863
1413.715
788.6151
593.2588
652.1226
1211.899
791.0341
804.8227
1081.431
1472.055
815.8726
586.5654
792.7837
769.609
1632.551
528.8411
625.0177
641.059
1102.99
908.2875
1131.7
1017.339
1124.218
1130.581
1202.29
971.6125
510.0119
753.9462
848.9484
1217.06
702.0737
1127.261
1024.707
2266.359
2777.797
1854.95
885.7356
1186.476
766.0407
529.7598
876.663
1037.29
1901.479
899.5789
1217.943
1514.247
1224.856
1345.76
868.5763
858.7022
1285.329
552.7573
718.7604
737.2282
1927.339
3518.038
1252.336
840.4927
564.3184
1452.903
781.9487
784.1894
2236.527
719.8428
677.2846
1562.664
1078.204
1125.505
824.7752
2520.391
646.9727
1223.668
753.9215
1235.589
1633.879
968.3528
899.6082
2976.911
753.9106
678.106
656.3497
551.3615
1428.496
482.0514
1187.617
999.2419
1652.765
755.5372
770.1789
979.0586
669.2912
776.2293
585.8177
1625.297
520.1785
1229.833
829.2339
621.7335
340.1615
344.6992
952.8234
484.775
1409.151
712.6013
753.1351
964.5493
768.7721
1065.893
1632.28
869.7351
454.3783
2465.573
853.2111
1169.153
1105.476
1198.099
716.6782
2749.537
797.3287
2838.029
1845.153
481.8731
2095.145
420.7686
3698.353
966.9091
628.3444
759.1052
1246.502
851.1162
1026.095
1006.726
834.574
1219.982
812.9972
1240.019
566.9649
597.1895
718.9755
1448.559
718.3496
957.246
970.8655
1339.001
669.9994
4120.156
520.623
682.0254
1508.741
383.6744
851.6835
330.3332
892.8067
543.2783
531.219
1507.414
482.1616
460.0849
1471.449
1096.787
886.9621
1210.841
865.8246
3941.062
455.1665
711.5243
596.951
2922.841
563.4528
455.0945
759.6707
608.1685
730.4396
1225.535
656.8808
1003.077
1071.061
2200.008
672.2855
544.1969
634.5605
1399.573
672.5302
1469.57
879.9776
1066.637
553.9256
1043.863
503.4537
421.6256
951.7587
529.5494
1194.993
655.8944
765.7379
501.6286
1042.75
849.0664
795.3987
764.6133
339.2552
1091.367
796.7068
1678.145
663.7053
454.0281
551.4604
659.9204
1509.562
569.9863
1312.967
793.6139
869.1932
751.5019
1664.456
1013.941
1564.084
4077.648
2101.453
1647.692
681.8819
494.1022
729.999
500.8464
2071.907
1054.37
1275.328
305.6859
499.6224
387.5237
936.1775
612.0638
400.5119
1318.798
829.0114
703.3935
893.8307
381.7289
778.9086
736.6025
724.2572
344.6641
1138.831
1086.139
466.1422
622.9296
807.606
1320.204
3179.811
570.1895
756.32
1083.224
763.1124
406.8847
467.7457
726.7409
440.1652
1094.305
998.138
764.1116
559.9922
570.1001
1828.304
1275.531
890.99
1602.176
1267.765
823.6922
843.306
567.917
3107.773
377.5183
326.4035
510.5055
1185.326
402.3491
646.1104
644.2513
424.306
785.6971
478.4372
494.0443
616.7037
471.7224
339.6718
1242.445
482.2818
578.7601
973.1816
730.8326
1071.259
808.0354
501.568
301.9986
1996.727
362.3691
520.2384
351.9268
542.6057
304.6341
432.9949
613.9373
283.4271
404.58
339.7915
212.7158
505.1583
345.8971
492.7306
479.316
1290.101
516.7299
294.8995
729.7629
381.5237
730.3661
553.8755
508.366
447.0342
413.2357
498.7723
908.1002
387.746
315.9283
396.0957
492.1533
359.0294
228.6765
496.7228
1104.003
1192.829
717.3617
347.4681
