115.7652
123.2526
115.3786
101.9241
62.67379
12.78541
12.96189
11.821
12.0853
12.26886
11.66877
13.55516
12.20576
11.43387
12.48991
12.45844
12.41011
12.79902
11.98482
13.01758
12.44521
13.04305
13.6922
13.46589
11.82028
12.97505
13.21328
13.46198
13.51903
13.41921
13.32467
13.13027
12.97697
12.65889
13.09623
13.34187
13.40709
14.08105
11.70987
12.11848
11.5405
11.48903
13.7098
11.89233
11.74664
12.42066
14.46798
13.06079
11.94216
11.98387
12.87611
13.42888
12.71517
14.10055
12.19961
13.15434
12.85389
13.20148
12.67993
13.25012
13.00077
13.27961
13.7069
13.3953
12.7529
12.96172
13.5052
12.42026
12.11436
13.42748
12.49359
11.49261
13.00348
12.97896
11.98606
12.89952
12.73108
13.6885
13.52234
12.94852
11.99175
15.13222
12.13371
12.82172
12.11388
13.41076
12.67324
12.81212
13.66723
11.61425
12.92111
13.41316
12.63098
11.209
12.38942
12.80897
12.83423
13.70061
12.10991
12.57631
13.08988
12.01116
12.86649
13.37595
12.39135
12.11488
12.91765
13.40176
13.20803
12.58159
12.29739
12.6905
12.36938
13.42029
13.47903
11.89964
12.7959
13.02578
12.90494
12.98294
11.64566
12.99708
12.51748
12.46758
11.5785
12.68114
12.24258
13.36048
12.20398
13.6287
12.27068
12.27786
13.2299
13.31987
13.90489
12.7673
12.20371
12.34811
12.93794
13.14924
12.15253
13.66718
12.00064
13.47231
12.59862
12.99143
11.93115
13.44813
12.30531
11.15548
13.91792
13.61578
12.44337
14.84946
12.33666
12.29608
11.79492
14.18245
13.018
12.86503
14.15617
12.63929
12.68521
13.41235
13.19678
12.86353
13.18611
14.38807
12.4972
12.34127
14.09234
13.99318
12.55598
13.69926
12.83791
12.66508
13.34016
12.91129
13.76129
14.08373
12.74161
12.2229
12.0598
12.48746
12.35024
14.46303
13.1406
13.54325
13.03864
12.68079
12.68504
12.69265
12.45906
13.00652
13.8498
13.60303
13.17234
12.44092
12.6404
12.95442
12.68881
11.56247
11.00943
12.42168
12.10051
12.67682
13.47095
11.96346
12.99719
12.84542
13.67298
13.40826
12.60278
12.36763
12.64847
13.08983
11.98048
14.07952
12.84451
13.60341
12.60879
12.1455
13.20892
13.77225
12.91452
12.24139
13.59121
11.34927
13.72864
13.77502
13.44648
11.81929
13.08544
13.05647
13.97563
12.88092
13.06168
12.78275
12.46994
11.75632
12.62669
11.54339
12.59744
12.52749
13.09758
13.53112
12.72798
13.62048
13.10557
13.0677
14.84014
13.36904
13.40367
13.58037
11.72538
13.78779
12.56041
12.31366
12.52313
13.20528
12.92437
12.38798
12.47152
13.21455
13.85269
12.38398
12.92919
13.02469
12.19691
13.40377
13.10034
13.26276
13.6333
13.254
12.69992
12.79148
13.16456
11.95155
12.02455
13.44527
12.15978
13.80718
13.33543
14.43579
12.91996
12.77955
12.84846
11.39474
13.42005
14.08673
12.97287
14.48509
12.59404
14.02449
13.26722
13.15046
12.93374
11.65281
12.39949
12.3907
12.57536
12.34841
12.38965
13.82493
13.05683
13.11042
13.72113
13.42689
12.80476
13.19578
12.51884
12.70866
13.61341
12.48601
11.78799
13.15716
12.1075
12.69342
13.32491
12.70707
14.11013
13.32801
13.07186
12.28596
14.07291
12.98356
13.8022
12.18139
12.49291
12.34634
13.05864
13.85054
11.86796
13.34159
12.46092
12.72899
13.31954
13.32392
13.37784
12.86932
13.18719
11.77269
13.35062
12.44101
12.72316
13.02676
13.27244
12.78145
13.86644
13.1981
13.948
12.33117
14.2162
12.42894
13.87389
12.87786
13.48276
13.09739
12.61799
12.43888
14.1914
13.41953
13.20091
13.55889
13.76895
12.97698
13.68746
12.51952
12.43522
13.70878
11.8886
13.27196
15.14421
14.03946
12.60376
13.63389
14.4747
13.16038
13.45445
12.77021
11.76598
12.75001
12.67485
13.01246
12.3149
12.88554
12.51317
12.85342
12.8363
12.72597
11.80341
12.8164
12.39537
12.79258
13.33708
13.26083
12.4772
13.14548
12.85977
14.31691
12.37802
13.50918
12.87931
11.96219
12.59763
13.43889
13.73525
13.71432
10.90062
12.28114
13.02138
12.21965
12.4611
11.94181
12.47951
12.92458
11.79022
13.56055
12.69764
11.306
12.64462
11.00414
11.03451
12.09983
11.64368
12.05043
10.99487
11.73245
13.15094
13.82687
12.88234
12.71326
12.46624
14.34184
12.35943
12.95782
11.60343
12.60967
12.63798
12.47171
12.04947
12.3404
12.11144
13.19496
13.41755
12.85592
12.47118
11.77176
11.89167
11.9299
13.3958
12.32871
13.15444
14.24287
13.08017
13.05089
12.08489
11.96351
11.92427
12.98283
13.16089
12.97357
12.53002
12.68408
12.26865
13.75584
12.00484
12.99936
12.79076
13.17219
12.67662
12.41796
11.23012
13.29958
14.10321
14.08911
12.14133
11.77506
12.96029
12.42082
12.97649
13.18845
11.70549
14.11194
13.19752
12.67551
14.59334
13.18525
13.1931
12.62812
12.12437
12.59608
13.4002
13.79454
12.7221
12.29399
11.91224
13.08203
13.53103
12.22534
