101.9409
102.0516
101.3505
100.6882
100.8227
100.3872
100.2044
99.41899
99.95382
100.9852
101.2952
100.6051
100.5248
99.42792
99.51631
99.10886
98.89253
99.20247
99.74895
99.14936
100.011
100.083
100.07
101.0858
100.2661
99.88059
100.3561
99.8182
99.80354
99.33323
99.64167
99.68189
99.3696
99.20773
100.0894
99.92527
99.98243
101.2967
100.7477
100.961
101.0202
100.3969
100.4018
101.1019
100.7058
99.26626
98.65479
98.25423
98.13102
98.213
98.53421
98.62314
98.55521
98.09318
98.17576
98.48547
99.05182
98.77677
98.78996
98.71565
98.01778
97.89202
97.81447
97.92745
97.93455
98.31457
99.1141
99.56141
100.034
99.75475
99.96343
99.81166
100.4626
101.352
102.2426
101.6308
101.4631
101.2828
101.0883
101.1928
100.5004
100.6107
99.89547
99.79985
100.4041
100.138
100.1299
100.092
100.2432
99.83998
100.3173
98.82181
98.16528
98.17487
97.81646
98.76963
98.15565
98.02348
98.1318
97.97905
98.41383
98.24372
98.04835
98.14512
96.98526
97.12782
97.84077
97.61839
98.31777
97.9748
98.61323
98.99576
98.74498
99.17209
99.04188
100.2039
99.72968
99.32957
99.74336
100.0059
99.42726
99.52849
99.85218
100.0908
99.19131
99.60422
99.10453
98.57958
98.50562
98.64162
98.55083
98.1948
98.57698
98.47509
98.23995
98.10351
98.92537
98.83668
99.46551
99.62394
99.24755
99.19071
99.19341
99.71121
100.3273
100.3764
99.90774
100.3612
101.0189
100.0425
99.29474
98.8693
99.23045
99.10295
99.56893
101.0584
100.1382
99.8517
99.26233
98.876
98.49827
98.86989
99.17159
99.25337
99.77109
100.2842
100.0596
100.0814
100.1892
100.8889
101.847
101.0775
101.1174
102.5381
102.6047
102.4051
102.2762
101.6963
100.461
100.5356
99.92282
100.0332
100.8386
100.3765
99.79532
100.3412
99.77866
100.6998
100.0904
100.2432
100.8165
100.6993
101.2177
100.7983
100.7303
100.0785
100.5664
99.83149
100.4275
99.90873
100.018
99.18516
97.96338
97.52089
98.42358
98.77893
98.9299
99.23393
98.32449
98.31303
98.49857
97.14882
97.29523
97.49177
98.03401
97.77453
97.43255
96.53354
97.0307
96.81879
97.05848
96.99924
96.99077
97.13218
97.41977
97.34959
96.7831
96.39544
97.49335
97.17709
98.26091
97.77877
97.76543
98.09031
98.41172
98.22056
98.45951
98.22299
98.31938
97.96027
98.44556
99.10578
98.89867
98.54938
98.31448
98.42457
98.15305
98.94044
98.86444
99.65161
99.08441
98.65144
98.90874
98.79078
98.7359
98.33567
98.49242
98.3963
98.65878
99.34989
100.029
100.5764
99.69992
100.0284
100.4262
99.74849
99.75984
100.228
100.5778
100.0253
99.29694
99.14491
98.44253
97.18254
98.12648
98.23185
98.78914
99.30678
98.57659
99.32312
99.59473
99.86
99.97692
100.1633
100.6579
101.0923
100.8126
100.8703
100.0504
100.1512
100.5888
101.2511
101.274
101.5899
101.3609
101.8234
102.759
103.3698
103.9785
103.642
104.1104
104.1247
104.5318
104.5442
105.1739
106.394
106.5463
106.7874
107.2058
107.3711
107.9219
108.2018
108.5758
109.512
109.4558
109.2806
110.1072
108.9811
108.7544
107.934
107.5125
107.2744
108.0166
108.3566
107.507
106.8152
105.8998
105.9622
105.968
105.2794
104.5279
104.7023
105.0649
105.3222
105.144
105.6888
105.1721
105.1803
105.841
106.6093
106.5568
106.3429
107.241
106.725
106.7013
107.2284
107.1199
106.7119
107.3639
107.182
107.7322
107.3799
106.9572
107.8455
107.967
108.0861
107.6056
107.4998
108.0322
107.9381
107.5705
106.5748
107.3616
107.1637
107.5356
106.9918
107.266
107.718
106.9809
107.4342
107.516
107.1752
106.8206
105.9369
106.5951
106.5438
106.6447
106.7857
107.1523
107.1629
107.2439
107.4861
107.214
107.1702
107.4759
106.2292
105.6808
104.9536
105.1933
105.999
106.1397
105.9183
105.3019
106.1102
105.4015
105.804
106.0494
105.8683
105.0335
104.6117
104.8095
104.9864
105.4927
106.1155
106.6048
107.1678
107.6221
108.0377
108.4406
109.4574
110.0455
110.224
110.397
110.7728
111.2444
111.2819
112.0736
112.6765
113.356
113.5793
114.6863
113.6251
113.5517
113.2275
111.9794
112.3034
111.9508
111.9682
111.8928
112.4071
112.5937
112.9171
112.4229
111.9628
111.7539
111.0198
111.2337
110.4014
110.2508
109.7974
109.0374
108.6365
109.713
109.5158
108.6125
108.0245
108.225
107.4831
107.056
106.8428
106.4842
106.5699
107.1135
106.8696
107.5038
108.2758
107.8228
106.9655
106.7518
106.181
107.221
106.7538
107.6034
108.0735
108.256
108.4162
108.6757
108.6237
109.2638
109.8104
109.8129
109.8708
110.2043
109.988
110.3164
110.7591
110.6828
110.4518
111.3719
112.1432
111.4862
111.6589
111.7708
111.185
110.5803
110.0012
110.1773
111.1036
110.673
110.6328
111.8436
112.6148
113.5584
113.2809
113.8813
114.4359
113.8341
113.6414
114.3679
115.4396
