38.65806
53.84257
110.4587
103.8815
94.47529
131.963
202.0215
246.9242
173.4056
190.4637
340.1424
483.2973
343.3203
674.5681
910.9808
1783.776
2488.548
8581.916
17668.44
11758.23
15473.7
19217.01
16360.47
18698.93
19698.6
20055.89
29859.7
20925.05
22676.57
22406.87
23512.75
12883.49
19368.94
36503.51
19942.47
19434.64
13372.23
11962.38
15168.04
16018.92
26067.81
20697.62
18531.99
19867.19
19745.87
19699.8
23655.89
28936.66
17018.63
22045.67
19557.19
16851.54
19180.39
28735.28
21197.83
33145.28
17024.17
16229.54
21958.9
18177.97
13612.28
13253.99
20633.81
21393.04
20978.13
14030.43
14742.83
23481.89
18967.66
13908.95
23537.97
25854.69
18520.17
25162.05
29433.98
26058.66
14838.07
18920.4
16696.41
29754.35
29344.06
21223.71
19559.56
12460.09
16510.42
18593.79
24505.26
16743.26
13773.38
12058.79
13242.7
17532.9
13114.3
8810.15
16938.51
20532.01
18395.55
15984.51
19334.18
11444.65
11714.65
16575.12
31439.53
22967.57
23306.57
34220.05
23150.3
17994.11
20777.77
19703.99
25719.44
17136.92
18110.53
23830.62
21392.13
20052.33
17181.25
18426.47
21317.81
23661.94
17573.87
19022.98
15554.73
22432.75
19192.73
13588.27
15627.79
11462.34
17271.32
15679.71
17072.7
16689.18
14687.28
16898.98
29841.3
32155.42
19183.83
16231.98
13284.46
13471.59
18346.98
18109.99
17623.58
16635.69
10947.17
21942.63
22624.73
17681.98
20054.34
11179.67
18263.73
18606.16
15032.21
21161.55
16277.99
14019.82
14095.09
29488.18
21621.07
23053.32
20914.67
26636.14
18639.57
12491.35
23543.91
24671.01
20858.21
16796.62
13149.49
19549.91
15783.72
17483.56
19495.37
18137.49
22295.17
19624.37
31733.15
26261.81
22847.82
21766.83
23806.85
19531.2
15697.48
9553.068
12139.46
8391.182
20914.36
21110.7
19544
19741.15
27662.55
22757.92
20922.27
16622.79
16270.67
14668.02
23679.71
26981.41
19824.65
20138.59
19837.29
21898.82
14318.81
20977.29
18972.26
17039.26
12529.21
13542.52
11134.06
18848.12
20456.46
16525.29
17467.1
19474.86
17536.51
17649.76
16421.2
15416.25
19272.65
19328.31
13305.44
24035.42
15886.55
26586.4
26071.69
19958.26
20239.68
15240.54
18079.25
18807.07
24201
15128.19
18709.72
19150.52
23294.37
21676.18
14945.33
16533.48
16085.31
16257.72
20706.1
17183.24
29409.78
18325.6
12848.75
23022.51
26011.9
25978.4
25906.49
19771.63
20691.18
25502.61
16102.22
15285.17
16168.63
21412.43
20846.24
21096.26
18567.61
30454.43
24851.48
16816.23
22587.75
19761.89
16583.14
22848.62
14445.81
20835.09
12577.09
16133.3
16198.23
16831.83
17067.43
20595.84
32915.66
21840.19
21849.97
19580.01
25086.55
20284.13
16885.86
19651.09
20423.22
20224.86
17976.88
18381.78
12357.38
12240.47
14714.42
14534.97
15292.53
20573.51
26110.39
18841.02
20322.55
15473.69
16246.45
18722.63
16748.3
25933.03
15182.73
21755.68
22578.53
20062.92
32311.07
23639.65
13264.46
15363.96
15511.27
16430.79
12183.37
21116.64
21890.43
17254.49
23959.78
19737.05
18254.16
11090.18
17825.07
23241.72
11289.27
18128.03
15339.01
27069.9
19504.77
14039.79
17878.26
22059.3
21015.13
27108.56
17783.57
19575.29
26862.35
35237.15
30573.17
24575.76
19302.05
18347.05
30161.4
20569.59
16944.61
11728.1
15682.17
13758.35
17830.37
15519.34
16420.57
22590.26
19197.6
21590.79
24655.95
17234.68
25676.29
14772.72
19792.4
19758.09
23333.81
26725.92
26332.89
21965.98
21218
22350.56
22729.2
22695.11
26146.01
26957.79
22764.93
17413.74
16838.09
18819.93
29426.76
22362.42
23694.68
17094.62
19458.7
19054.27
23859.31
23801.7
11774.25
15676.55
12544.5
24034.21
22858.28
21592.69
16767.96
12055.63
19994.73
24164.96
22764.22
23082.86
23260.16
22052.18
15913.93
16226.3
15932.61
17799.74
20095.07
16222.38
20389.54
16327.91
13860.95
14628.5
18591.45
21450.92
17205.86
19276.34
18265.99
12901.07
12616.19
19156.74
17432
13720.09
19003.33
15369.96
16199.87
19387.32
20413.01
20326.09
18534.78
16666.59
14999.26
15291.21
13455.01
13261.54
27012.98
27160.83
21125.46
18985.3
10662.3
21732.19
26051.01
28021.55
20908.28
18287.79
16114.75
15680.44
24211.49
36211.63
18984.59
11762.54
20641.97
16731.52
19889.75
14670.42
17950.1
11169
14755.6
21801.74
15795.72
19961.49
26894.38
13128.63
17038.53
17245.11
18802.18
17716.01
21210.97
25441.33
27477.01
16424.06
14564.05
13099.43
12894.68
17420.08
10611.23
13611.88
15113.43
15271
26388.32
17539.62
21395.43
11291.97
16849.29
20158.62
17915.27
20853.29
16776.39
17983.63
16796.27
13338.39
15298.99
13993.43
19904.22
19748.9
17943.6
25883.4
24853.41
29041.12
14648.26
15069.48
18054.65
22895.94
34416.76
25940.61
15821.42
22517.61
26236.16
27462.66
24894.82
28609.48
