84.89133
85.8912
85.52201
86.03665
87.72116
87.23083
89.11233
88.95776
87.4931
88.70522
88.54492
90.80828
89.81485
88.95595
90.24758
88.80513
89.9909
90.64135
91.53291
92.07754
92.42237
92.57708
92.58055
90.52803
90.5013
91.18644
92.8352
92.81144
94.45305
94.10706
94.35894
94.65062
94.47848
93.10397
93.33033
93.33056
93.49962
90.56472
92.24363
91.64143
92.90457
92.95705
93.27411
92.1263
92.04696
90.68901
91.78356
91.47469
92.67177
93.85681
93.6327
94.1282
94.37001
94.59016
93.00515
93.16136
92.57109
92.02769
91.84558
89.80596
90.38956
89.41843
89.39167
88.08945
87.17183
87.41491
88.34576
87.65022
87.62378
88.93224
88.38225
88.10192
89.01716
88.97193
89.31581
90.03816
90.80264
90.6619
91.16453
92.73702
93.57425
91.08009
90.41528
90.63038
89.72779
91.25621
93.70965
95.25897
95.50771
94.57867
93.66589
92.90771
92.40573
92.9145
94.45619
93.55766
93.21039
91.19073
91.54487
91.49554
91.7693
90.64746
91.54734
93.79429
94.98946
94.68799
95.90154
94.93354
95.81317
97.35231
96.26739
96.30178
97.28165
98.47366
97.86637
97.76463
98.41938
98.76736
98.63038
99.25887
100.3997
98.84818
98.1474
99.76129
98.97624
98.76785
97.91474
97.39157
99.40432
100.9046
100.5139
102.0767
100.6718
100.2703
100.6169
100.8004
100.1703
99.72363
101.3647
100.7767
98.15907
97.22038
97.56547
96.73769
96.45326
97.27734
97.1809
98.68165
97.28712
97.09226
98.13161
98.93604
98.52529
97.69973
99.69176
100.9258
101.7354
102.4369
104.7429
102.7747
103.6526
104.1
103.3664
102.547
103.0666
103.8213
102.9468
104.9184
104.3896
102.9377
104.0111
105.1962
106.0317
105.7696
104.4191
104.1172
103.9467
102.5321
104.7427
104.0783
101.9397
100.481
103.601
101.9827
102.5444
103.1302
101.7113
102.6887
103.4531
102.2863
101.7795
101.6214
100.8927
100.0615
98.10838
98.17325
98.04561
96.2616
96.02856
97.03976
95.93431
97.02272
96.10924
96.66718
95.35371
93.51007
93.6736
91.98025
91.20263
91.04131
90.78402
90.28953
91.39665
90.46255
90.88961
91.55225
91.75807
92.61073
94.01735
93.76486
93.00996
92.14353
93.00482
93.94175
95.52549
95.0813
95.41473
97.33765
98.32334
98.79172
97.33886
95.66746
95.30952
95.67261
95.16364
96.61294
96.1359
95.5079
95.33898
94.17266
94.21974
93.76029
92.60043
91.96783
91.7331
92.54766
93.00356
93.87399
94.18985
93.17013
93.97766
95.03882
94.60785
94.20961
91.34223
92.33733
90.98767
91.31191
91.20872
90.68446
91.843
92.42898
93.24222
93.94699
92.63858
91.74913
91.84577
92.24388
89.82048
89.48373
89.53575
88.44931
87.99219
86.96306
87.00955
86.12245
83.06658
82.73036
83.88452
83.47207
84.05113
82.40862
83.21816
84.20783
85.39675
85.72499
85.67993
85.37466
85.40498
85.41909
83.01694
83.05081
82.62596
82.57676
81.09212
81.76719
79.98441
80.53096
80.77979
79.52562
80.5512
80.39411
79.91504
79.80665
81.03199
80.89199
79.9063
81.17116
80.67284
80.28088
80.29921
79.43025
80.01884
79.24282
78.66813
78.0176
77.42305
76.8499
76.5512
76.49694
75.12546
75.33221
73.87415
74.56662
74.56973
73.47334
74.22476
73.91293
72.29483
72.24501
72.85348
73.89077
73.78267
74.18083
73.67054
73.19396
73.9732
72.71917
72.41084
71.18845
72.04616
72.23108
71.25945
70.83594
72.49262
72.12582
73.07755
75.68211
76.87374
76.39277
75.60267
75.85996
75.56307
74.86895
75.90929
78.38955
78.07963
78.47485
79.2681
78.92491
78.15861
78.58856
78.51176
78.34003
78.00467
77.99515
77.42227
77.86907
77.57752
77.95603
78.05978
77.64535
76.54712
77.18101
77.26954
76.85443
77.43045
76.01617
76.49094
77.21469
76.91985
77.61916
78.42881
78.74011
80.82387
81.3304
81.16788
79.81682
79.5367
79.96574
79.35699
79.72666
79.77029
79.3765
80.72142
81.22781
82.45677
81.54321
80.61891
80.08686
80.6799
80.6156
80.95083
82.24085
81.23882
79.12587
80.59689
80.26951
81.3473
78.93317
80.96275
82.41996
81.83699
80.23636
82.24077
82.11116
80.3488
80.10104
79.93063
81.97929
83.98241
83.62247
83.06733
82.26023
82.41002
82.0311
81.39666
81.27696
80.93616
81.1207
81.41668
80.53889
80.80408
81.6667
81.31933
80.88281
82.6598
82.72451
84.63635
82.84916
82.80134
83.13891
83.708
84.17489
83.77649
81.83262
80.17784
80.55295
81.54646
81.4083
82.62614
82.18651
83.87536
86.22678
87.80612
85.63684
85.15338
86.68332
86.59771
86.52875
88.36224
88.80787
87.85263
88.03189
87.075
88.09945
89.03412
89.90501
90.59008
88.76181
88.24549
88.84893
88.73964
90.05489
90.1349
89.83723
90.93862
90.24124
89.4815
88.26553
88.7756
87.9212
89.73329
89.04576
87.89483
88.93249
87.82178
87.43657
89.21905
88.65473
88.05556
87.37653
86.2138
86.09161
87.0197
88.55288
88.2697
87.08544
85.99277
87.02526
