82.11768
81.95132
82.23389
81.1296
81.67905
81.1847
82.0652
81.40256
79.4039
79.04284
78.56571
80.48581
82.35578
81.89732
81.39256
80.00204
79.97962
79.7491
81.00869
79.89888
79.0595
80.69381
80.68703
79.57803
79.5261
79.37137
78.98388
81.39543
82.82036
84.17499
81.80689
83.48749
85.04186
83.47254
82.13307
81.69205
81.05599
82.68238
82.05641
82.11915
81.42478
80.55806
82.063
82.03728
82.7704
81.84149
81.57222
81.22901
79.34876
80.39985
79.91457
80.82452
79.0048
78.60872
80.20563
79.38662
80.56111
80.07125
80.8956
80.22142
80.03411
81.12329
79.81934
80.41009
79.38793
79.92513
78.54204
78.62869
78.62725
79.52786
79.2482
78.25694
77.98066
78.03912
77.41755
78.28114
80.67732
80.28605
80.40461
79.26864
78.27911
78.9425
78.23193
76.8877
77.40692
77.44857
74.5691
75.05699
76.03843
75.52959
76.9662
79.37752
78.09928
79.58993
80.4709
79.39021
78.58932
79.37895
79.95993
79.36725
79.74832
81.12527
80.63364
82.44712
83.3664
84.56852
84.43492
85.61978
85.2169
86.33155
85.75558
84.73246
83.70812
83.98099
83.92716
83.77894
84.80331
86.469
87.71499
86.88019
87.49942
88.72186
89.69051
89.58318
88.38301
89.42388
89.36238
90.98393
90.76379
89.90091
90.81158
89.18531
87.14751
87.71405
87.18238
87.44459
87.27697
87.19801
87.2529
88.08874
88.88302
89.17153
89.75901
88.6174
91.256
90.25032
90.6986
90.2603
89.97702
88.8881
89.72964
88.74678
89.86495
90.58854
91.02148
91.16209
90.05988
89.90295
89.72675
89.05856
88.68397
89.3544
90.58214
90.35528
88.90963
89.64524
91.77692
90.24155
91.22171
92.84883
92.18975
92.5861
93.37939
94.38982
94.86967
97.15489
98.08095
99.29839
99.39346
98.86017
99.4995
100.089
100.121
100.3045
100.3309
99.64484
99.30683
98.42323
98.47653
99.20733
98.86336
98.3176
98.22806
99.21524
98.91581
99.44134
99.43693
98.52944
99.34003
98.46238
97.07634
97.93474
97.8943
97.97494
97.55315
97.2567
96.69041
97.65407
97.46215
98.07223
96.31181
95.80845
96.04061
97.72268
96.76351
97.71133
94.58991
92.91895
93.54264
93.7223
93.50486
93.38675
93.99938
93.80578
94.98524
95.6209
94.65655
93.69903
94.00764
93.82638
93.17187
94.52131
93.65135
93.14923
92.28411
91.27624
91.16732
91.2436
91.55484
89.8552
89.90919
90.0813
87.9558
89.22966
88.67171
87.79588
87.77553
87.4122
88.77233
89.56503
89.86663
88.00021
86.65321
87.47354
88.93346
88.12863
88.6813
88.48495
88.36143
88.73228
87.73648
87.75859
88.09742
89.86604
87.91105
87.43887
87.8897
87.50536
87.04796
87.00992
87.08952
86.37172
85.07344
83.20893
82.43441
83.20208
82.1524
82.21
82.03094
82.78639
82.36364
83.74814
83.03952
82.84362
83.40506
82.36142
81.91554
81.8143
81.02685
80.88284
79.72681
77.55807
77.95042
79.50637
79.45068
80.01876
78.06192
78.35225
78.39865
78.34804
76.068
74.77683
74.4109
75.58451
75.51674
75.63831
73.37288
73.2819
75.18796
75.42944
76.53043
77.31744
77.07519
76.10259
76.16437
75.12044
76.0977
75.47432
76.48527
75.44082
74.91386
73.1034
73.0195
71.53943
71.43536
71.54477
71.99344
71.53437
72.5052
72.03012
72.08784
70.80088
70.39831
70.71468
72.72945
71.59493
70.50683
71.71737
70.12029
70.08904
70.79678
71.25992
71.4287
73.18167
72.44827
72.10614
74.48424
73.77806
74.15818
73.50619
73.49654
74.37181
74.24188
74.24068
74.79556
74.9849
75.16341
75.90005
75.94176
76.02834
75.53442
75.77471
74.56442
74.60713
73.32936
72.48868
70.68272
71.8364
70.89169
71.90026
71.73587
72.13038
72.11562
73.53635
72.88066
74.37789
76.87818
75.89272
75.29492
74.75061
72.43696
71.26764
71.34185
71.9204
71.60091
71.55203
72.05163
73.02909
74.75052
75.47114
74.40392
74.35682
74.68307
73.9699
75.18037
75.81184
76.6057
76.51423
76.59131
76.4726
76.65669
76.17886
76.05209
77.65839
77.18578
78.49314
78.35211
77.648
77.9619
77.56905
79.27069
79.33548
79.77446
78.162
78.33182
79.60183
80.30873
80.08187
80.34013
79.91511
80.05957
80.54877
79.12549
78.47349
79.07806
77.49089
75.85361
74.92822
77.01713
76.58786
77.05872
77.85231
77.94402
79.5369
79.43793
79.29159
78.894
79.29148
77.33193
77.81344
77.93144
78.16885
77.68242
79.35952
80.67497
82.22036
80.88233
82.11175
83.38842
85.17557
84.66261
84.7945
83.90456
84.39519
85.95193
85.40664
86.32908
85.26237
84.28409
82.95883
82.07203
81.83866
82.0635
83.03867
84.38689
84.11933
85.86365
88.38863
89.97258
91.28765
91.41022
90.43128
90.71451
89.46299
90.11996
92.49486
92.83204
92.76497
92.83216
93.8483
92.69776
91.94244
93.02987
94.26908
94.65787
94.77394
93.6312
94.56151
94.33988
96.09965
95.59917
98.68689
100.6404
99.98865
100.1467
99.04519
98.36975
96.92757
98.88523
98.36773
