49.51625
25.76817
19.22009
17.1298
20.69261
16.80573
18.36402
15.28019
16.85961
15.38874
15.77885
18.39876
17.30011
13.56187
14.85166
13.86154
15.22455
22.20549
16.61247
17.29996
14.80568
14.91877
15.22306
15.53277
16.26083
14.73653
16.21474
16.98393
18.64118
19.51598
15.19666
13.63944
17.99768
17.74739
16.27199
15.76902
18.98321
17.30004
17.07738
15.05623
12.3098
13.24204
14.03936
13.24262
13.56424
15.13396
15.93583
16.50164
19.63439
15.16529
19.4746
13.89912
10.62225
13.60294
20.5498
17.90115
19.72154
16.41155
15.67141
16.30778
20.20591
17.27639
17.92362
16.18093
14.49797
20.76808
21.70031
18.28213
16.88211
17.80387
17.90342
12.27907
16.072
17.86532
21.61014
19.64816
19.00259
16.09861
16.78512
15.43377
15.90806
15.57014
18.98771
14.96709
12.77391
16.14267
15.92142
13.10656
12.82148
18.49141
16.40474
16.34211
17.79899
19.0116
18.41604
18.12815
17.14103
17.64927
16.02971
17.40544
15.20536
15.57246
16.3189
17.17633
15.97867
14.04955
14.20947
13.54851
10.80856
15.16286
16.07091
17.99952
17.28404
21.87906
21.49196
18.40402
21.05297
16.84716
20.78999
18.67865
19.39295
20.10684
13.15113
15.30235
15.39306
18.12626
17.71201
14.39948
14.3661
19.03612
20.62773
17.68961
14.03066
14.84161
12.75519
12.55273
14.2672
20.48586
14.58481
16.80235
15.02298
19.87819
17.47003
15.5756
14.83855
21.21912
13.47764
16.17606
17.80081
17.41381
17.47573
18.78532
17.25975
17.43185
17.56959
17.85661
15.20429
13.56969
14.7024
19.68253
18.72161
13.53784
14.54652
16.17808
16.59643
22.43128
17.19622
14.30507
12.87693
14.73686
15.91899
17.46104
15.45469
13.95928
12.66551
13.67904
13.16117
14.22262
17.07067
15.2429
18.47945
21.15285
15.77954
21.92009
17.39192
17.26169
19.42707
21.00065
17.75113
15.72304
15.57666
16.25991
14.34593
15.49964
16.1716
16.73145
16.45279
13.7197
13.42395
18.41613
13.76508
18.22122
18.20364
15.61615
16.73748
14.60391
13.69679
14.20215
16.35677
18.73024
19.36973
16.22403
17.85465
16.73878
17.89203
21.43844
24.88492
23.15115
18.14031
18.53109
18.6247
19.75462
17.93536
16.43401
19.11488
16.81845
16.42514
18.51471
15.02131
20.27903
18.12505
16.16524
17.81968
19.92144
17.01837
16.42355
24.06777
18.93796
16.23416
16.84128
17.75312
15.93291
19.89906
15.67028
13.42442
16.62019
15.46236
18.22843
18.58117
19.35142
14.63841
15.465
16.088
16.14548
18.00134
19.74387
20.02262
17.52614
16.75947
13.36428
14.22063
15.14969
20.18855
19.95811
16.74262
16.38734
15.34411
15.12964
18.61679
15.80295
18.28842
18.71698
15.4646
13.46531
16.36202
16.10206
17.62815
14.76535
13.90165
17.80375
18.468
18.29221
12.92249
13.99492
14.50912
15.13005
17.40203
15.79257
17.71666
16.69566
15.35918
18.69595
18.06128
17.66132
19.05123
18.40783
19.29621
17.3889
21.03183
20.35666
18.44074
16.88361
18.84948
16.75632
19.26652
17.64916
17.31528
11.20036
17.69376
16.23265
15.58881
18.25072
20.86648
17.15969
17.92968
27.06071
19.29194
18.5665
16.41598
17.09158
15.83301
13.1141
12.46616
11.49401
18.56593
18.00112
15.77299
18.84213
17.29149
18.73065
16.09697
16.9362
18.03032
18.51018
14.95099
18.10882
14.28195
17.46254
15.80837
15.80072
17.13949
17.17286
17.82456
16.64001
14.9307
15.80346
19.03777
17.80608
13.84547
18.34626
18.0273
18.80365
15.0146
15.4578
14.11646
15.03387
14.05735
13.55673
20.53017
18.68053
15.93032
18.52928
16.69006
17.08779
15.7616
16.89502
18.42132
17.41721
16.94397
15.93488
14.75041
21.33364
18.27643
17.70883
15.20759
13.89323
14.25649
18.36751
16.19968
19.03401
15.67272
18.91128
13.77039
17.58339
15.52913
19.68562
19.93082
18.82015
15.54057
13.36907
21.8541
18.54404
13.5141
13.10555
14.79968
13.29287
17.4401
17.7335
17.88377
16.65363
15.62596
16.75692
16.65437
17.53418
15.73756
12.6838
12.75775
17.54192
19.50534
18.80468
20.69683
22.45932
22.07327
20.0711
18.22756
17.63735
21.71694
18.39181
15.88056
17.43407
15.27901
18.77962
21.06543
18.2405
16.64483
21.79017
20.80435
17.98668
18.5881
20.83674
20.59604
14.97817
14.47992
14.59111
14.10118
16.94092
18.20344
17.07025
15.62517
16.56014
15.88047
18.67996
16.24311
20.17394
19.3015
20.92629
16.24946
16.25605
15.14901
14.17544
14.40117
14.82602
16.45322
18.1703
17.30114
19.51986
17.79029
16.82545
15.2117
17.36564
18.73753
20.33215
14.76183
17.28018
19.06002
15.90649
15.74708
14.82119
16.37565
18.10278
18.31552
19.51637
15.2807
15.82398
15.25307
15.96615
15.32849
16.15777
16.84499
19.60987
19.11967
17.1631
14.04397
13.80555
16.95276
18.74878
15.84345
14.84703
16.61264
16.97135
20.01122
18.04655
15.53178
12.36073
16.36689
19.42828
15.34137
12.52459
18.47114
16.80759
