3.308558
0.6454665
1.981163
3.440092
4.89746
0.6042071
4.001946
4.643416
0.8519241
1.787524
4.340488
1.439326
1.334202
4.335741
2.690009
3.257263
0.7481193
0.4176019
1.008069
2.563051
2.070214
1.131038
1.494571
4.676818
1.003274
2.33886
0.8137921
1.033704
1.619061
0.7610141
4.700626
3.199418
6.143621
8.217
19.33293
18.8426
24.79107
11.14155
2.969976
7.254907
1.72238
1.380623
1.019896
4.27678
2.897089
0.5494246
0.9981562
2.588999
1.385375
1.171018
2.31825
3.522577
0.6000507
1.824143
1.620151
0.8201961
1.238368
0.5349134
1.549122
3.247748
1.169058
3.725162
1.412872
3.502412
1.475265
4.315722
0.9581108
0.9253466
3.694534
1.399577
1.357859
2.019892
1.753982
0.7298547
2.628194
0.4728341
1.687742
0.9671086
2.330063
3.940465
1.147018
3.617987
3.698829
1.399654
1.547674
0.938219
4.058577
2.48353
2.854104
2.913625
1.818529
2.614706
3.077511
2.5148
1.621281
4.078731
0.8568739
2.227817
2.377424
0.6399619
1.378773
5.292985
3.278049
7.1483
1.261761
1.549624
0.8882439
1.093529
1.654606
1.436632
0.8931252
0.7008937
0.8216114
3.009007
0.7797351
4.18109
4.170454
1.602695
4.777522
1.602099
1.434493
2.20939
0.9056607
0.9383595
2.018998
1.361373
0.5181276
0.8909562
0.9379305
1.605524
3.262167
1.799502
1.422158
0.5697386
4.411325
1.591861
2.93838
0.8308065
10.43804
1.26476
0.8160668
0.7253047
3.367889
2.565329
3.938633
0.4855607
2.658063
1.956243
1.134395
0.4876741
0.6761868
3.13843
0.5037461
1.146123
0.6940497
1.375614
4.313952
2.446145
2.372343
1.305028
2.134078
5.161258
0.9611498
2.822811
0.8663877
0.7970684
2.518954
2.035265
4.124456
3.08882
0.7826075
1.869279
1.250654
3.351154
10.13667
0.5215592
2.543248
2.121664
3.838623
2.593549
1.085623
3.560844
0.5162019
0.5108477
1.372005
3.81589
1.080462
2.449015
2.740834
1.400677
1.65511
2.224112
4.109849
1.334631
0.6896016
2.381099
5.678033
1.360717
3.157636
4.234945
0.8324873
1.406178
3.584227
2.991067
3.787063
2.465874
2.136225
1.402147
1.403621
0.9145326
0.3107285
1.338245
6.21997
1.141775
3.146423
0.5918345
2.578786
0.8320098
1.329394
0.8701544
6.425986
0.8749642
2.391731
0.8401349
1.975533
2.014362
3.895156
3.52521
1.339525
1.486473
1.012811
1.614571
5.405653
1.574402
2.499902
0.6193096
0.8398521
2.815733
1.981716
2.960565
1.908169
0.9867949
0.721627
5.665052
4.211978
3.076329
15.35386
1.093706
3.398603
5.736589
1.621329
0.9981942
4.037859
2.254989
3.532312
1.960136
0.8966089
1.550309
1.210161
0.5886437
0.9436592
1.344931
0.772814
2.42695
0.7639678
0.8915583
2.283363
2.199073
1.139936
1.318468
3.247049
2.216577
2.009505
1.570322
7.312783
3.474588
5.432187
3.273131
0.8698706
1.031972
1.242671
2.584509
1.094973
1.40533
1.85459
0.5396048
1.156509
2.271502
1.541847
1.802763
1.234865
0.9347693
0.7792794
2.040056
1.81506
0.8700635
4.531197
15.08353
5.474578
2.177122
39.74081
8.058008
16.46547
4.184447
3.333935
1.201773
1.031639
2.772357
1.03433
0.7289166
1.328218
2.29086
0.7682312
2.301884
3.013066
0.8988027
2.205048
2.517589
1.860405
0.9574303
3.045788
2.410395
1.839284
0.9050683
2.66771
1.745778
3.294842
5.893278
0.6959734
3.15461
3.358654
7.118907
1.266951
0.8849685
6.927266
1.672191
0.8341123
1.512246
9.528628
2.342845
1.864026
3.061367
2.869399
3.142744
1.693599
0.7208906
4.176974
14.52634
1.651865
1.355212
4.266649
1.369963
2.747313
1.860929
2.014863
1.336432
1.974587
0.7504719
2.478252
2.815308
18.50119
2.214002
5.063309
3.898838
0.8834475
6.342908
2.153065
1.947542
1.830678
1.938471
3.432879
1.449242
4.990514
4.866492
1.022438
7.416341
2.161349
3.335281
2.703785
1.201014
0.9189408
1.263814
1.223115
2.20289
1.332721
2.280481
5.114957
0.8255834
3.019566
2.013774
0.4664386
1.594858
1.797176
2.359351
1.773322
1.108488
0.8519093
3.510319
2.764315
3.964145
0.8402789
0.996347
0.286611
1.769962
0.8302299
1.299187
0.7136259
3.610022
3.292423
0.5339614
1.522018
2.87481
2.086405
7.337122
1.422903
7.127055
42.16587
2.735971
3.222776
1.50573
1.975299
1.860843
3.207524
1.148557
2.595109
0.4644471
1.253545
2.207483
4.937521
1.548474
2.842582
6.001072
4.23695
1.776852
0.9881392
3.381489
2.641729
2.202885
1.325619
1.838056
0.8633637
1.175165
1.133564
1.373458
2.874797
5.567411
1.19312
2.298571
1.689369
1.378757
0.7480136
2.628103
1.618664
3.356673
5.575111
3.648554
4.397627
3.413678
2.656678
3.650879
0.8472346
0.7912795
3.89856
2.887827
0.9255406
3.028537
2.357771
1.478731
2.512746
0.9814822
1.719029
0.8101696
1.942432
1.160267
4.947119
1.468865
0.9313359
1.275823
1.868816
1.246039
2.826088
1.487014
1.561819
0.6262935
0.9654034
2.091832
0.5477206
4.704192
74.96366
7.966805
2.543924
3.088836
1.13647
3.557221
2.97005
1.472098
4.114873
2.074939
1.219435
0.7792911
