0.4380817
0.3559762
1.344124
0.4653165
0.5728947
0.8268889
0.8018188
0.3380874
0.8327547
0.8439293
0.4712352
0.6575849
1.883744
0.3276101
0.3175312
0.3432988
0.254451
0.3703365
0.3683115
0.4420166
0.633483
0.489995
0.2591789
0.2046565
2.250118
0.1730179
0.2963951
0.5068086
0.6425717
0.9252783
0.3021836
0.179368
0.7677229
0.4742148
0.9333718
0.3277081
0.1929732
0.3285109
0.3891833
0.3712454
0.3857758
0.1725932
0.2655903
0.5200073
0.5293571
0.4707891
0.5409563
0.7067845
0.4102926
0.3471
0.282785
0.5585742
0.367251
0.6459708
0.409958
0.7539891
0.6243777
0.3389939
0.4129921
0.771019
0.5364039
0.3506649
0.5167716
0.6830667
1.083183
0.1222509
0.7918841
0.4831808
1.167594
0.5409539
0.6703802
0.2065138
0.5418218
0.6600759
0.4151335
0.1462716
0.3940163
0.2400505
0.3046275
0.2027628
1.852917
0.2686012
0.2260391
0.3292189
0.5943815
0.5770544
0.2478906
0.6550863
0.1289378
0.2810263
0.4699104
0.508588
0.2585367
0.5864419
0.5111753
0.5813724
0.463057
0.1776335
0.2138818
0.8503701
0.3952569
2.050463
1.121454
0.3729934
0.4315781
0.5748908
1.388779
0.4683609
0.2432196
2.287064
0.4241355
1.268164
0.8697301
0.7114051
0.7996601
0.9290792
0.3655016
0.5154729
0.4935499
0.6683365
0.8264131
0.3544156
0.4739464
0.2047434
2.004598
0.2242911
0.3035046
0.7540874
0.7397204
0.6162337
0.457678
0.869684
0.3324312
0.3226852
0.4631399
0.2963088
0.3389568
0.5019422
0.3169094
1.051367
0.1344553
0.8349865
0.293357
0.09234381
0.1257413
0.1705204
0.5148762
0.942737
0.4241189
0.736536
0.2485844
0.6744474
0.996208
0.3680078
1.491966
0.1904095
0.4586294
0.244199
0.376625
1.278315
0.6888646
0.3160002
0.2792425
2.241429
0.178611
0.1694004
0.4154278
0.5837839
0.2692604
1.460801
0.7853828
0.9518681
0.4126994
0.353807
0.3322589
0.6632621
0.7973254
0.3737064
0.9510733
0.3636906
0.2543823
1.116337
0.309897
0.1161427
0.5828317
0.3020928
0.5278406
0.3018791
0.2316826
3.355798
0.5257589
0.6985357
1.692649
0.4526316
0.6180402
1.228917
0.6991057
1.009313
1.600833
0.3598384
1.911725
0.2907351
1.560876
0.2352008
0.4919159
2.126157
1.094968
0.1975205
0.2174139
0.5974342
0.759582
0.1464071
0.1952793
0.4650745
0.5558086
0.5675711
0.5587641
0.5536797
0.6956255
0.5544199
0.9628346
0.2127238
0.2963521
2.238738
0.4367672
0.8386466
0.3310036
0.2543321
0.3199455
0.6021027
0.183574
0.5888395
0.8407375
0.337958
0.438964
0.2410873
0.451439
0.3870165
0.1788837
0.549519
0.452989
0.6906075
0.3538781
0.4024387
0.3453741
0.3103292
2.724656
0.5502806
1.947085
0.4166201
0.3545132
0.6084526
0.2790426
0.7383585
1.223822
0.7643489
2.388657
0.5835059
0.510048
0.6741305
1.154695
1.501768
0.7901947
1.112418
0.8841345
0.8684315
0.2509458
0.5667073
0.5185149
0.5163837
0.2512516
0.4732872
0.2684827
0.1977916
0.3102186
0.5552691
0.6048865
0.4273115
0.2421575
0.3791801
1.124731
0.488694
1.290045
0.4307609
0.1675758
0.4541967
0.3991294
0.2621506
0.4062311
0.2619557
2.285745
0.3903315
0.3906169
0.8189886
0.4568005
0.3313828
0.2290116
0.2766235
0.6133023
1.928534
0.2858037
0.566817
0.3437749
0.55569
0.3513591
0.4012547
0.6476616
0.1992205
0.6588334
1.184365
1.179598
0.7657049
0.303983
0.3703102
0.6304271
0.2903729
2.161953
0.7954911
0.6180972
0.2267696
0.5698187
0.8939273
0.368238
0.5678004
1.062897
0.5808271
0.6699633
0.2172876
0.3555981
0.3800289
1.03243
0.2940105
0.3342045
0.6111074
0.673107
0.9626066
0.1123777
0.2991514
0.209064
0.7137673
0.5359628
0.2079183
0.8768824
0.4136313
1.843655
1.641803
3.331428
0.4019411
0.5452075
1.691697
0.315869
1.020882
0.1416758
0.2792011
0.8137533
0.486634
1.656999
0.3244295
0.4530056
0.6614108
0.5460313
0.2303127
0.2498865
0.2247014
0.910645
0.4392724
0.2064829
0.680932
0.9653618
1.325808
0.1978965
0.2293386
0.8771313
0.8768057
0.9507861
1.73376
1.315827
0.2453551
1.648542
0.4322101
0.814238
0.5601646
1.170388
0.162788
0.1690667
0.2010351
0.6630404
1.830927
0.2331274
0.6893865
0.465727
0.8092167
0.247041
1.541954
0.4633388
0.5971398
0.4960948
0.5284539
0.2760975
1.736156
0.2133426
0.2099042
0.2732576
0.2601946
0.3421266
0.6125592
0.2531275
1.050853
1.167835
0.7343971
0.4036572
0.6218529
0.3615562
1.165345
0.7854641
0.4131859
0.2760449
0.143224
0.656302
0.4791585
0.4412469
0.5761542
0.7766732
1.294588
0.5547208
0.4571363
0.110722
0.3732147
0.9157286
1.356586
0.2254753
0.530822
0.3425729
0.4015542
0.3094341
0.3297426
0.214891
4.311673
0.3287419
1.652331
0.9542557
1.067747
0.2632375
0.4161813
0.3291909
0.3311655
0.2657714
0.2155945
1.884243
0.3092648
2.168751
1.901513
0.4555396
0.2180272
0.6191509
0.6485489
0.2725025
0.809954
0.3101923
0.4209814
0.2880153
0.3140486
0.4047026
0.6057482
0.31013
2.764636
0.8191409
0.2913843
0.698168
1.474468
2.461027
0.444702
0.3428101
0.2415666
0.3611496
0.2469574
0.50078
0.6278509
0.512599
0.6997175
0.7089403
0.3943305
0.3461206
0.3353628
0.3382766
0.3701289
0.867569
0.3339916
0.3755857
0.5240704
0.3028377
1.301901
0.5939205
0.3440131
1.226011
0.3484293
1.817984
0.3830279
0.407533
0.1359593
