295.4553
284.89
281.356
298.3999
288.5288
271.031
285.0973
296.7461
270.2176
271.6296
287.0833
283.4853
283.7565
298.2279
273.6628
301.1593
299.3509
294.0735
281.2239
298.7733
281.5541
312.677
290.5982
281.6902
303.4284
288.5056
300.5964
275.5081
300.1235
268.7777
301.1887
279.0932
281.1978
298.7582
292.995
286.3804
299.3144
298.7273
296.5206
280.024
276.3732
303.1449
312.6197
311.8597
304.8036
290.9169
294.4614
310.6756
289.2574
289.4938
302.6525
307.3799
277.3316
278.7581
273.964
291.5491
308.6397
275.1214
258.4226
277.5577
288.6229
273.5207
285.2393
290.4312
301.5701
316.1997
292.6778
290.9989
307.1854
311.3581
278.0177
290.7627
283.682
296.76
286.5524
255.6223
291.9121
282.6307
284.5883
287.6098
294.5348
282.3488
306.2214
296.5701
274.2526
305.0216
273.2266
265.8883
282.8287
285.2543
293.3771
276.4872
290.4002
282.832
290.0863
303.656
282.7126
294.4924
295.0984
301.5463
281.9895
294.2484
301.3222
301.8978
290.272
307.4606
279.6846
291.3178
279.7632
284.5032
300.752
274.136
291.115
298.0556
277.8738
274.4966
272.2475
277.7923
314.4396
294.5451
294.6142
295.9161
296.5104
286.0189
286.3907
291.4293
281.7675
285.1963
288.4909
301.4263
282.6649
297.4137
279.0969
298.1929
304.9714
263.9467
279.5009
282.957
278.966
276.209
268.4319
281.1621
291.7585
300.3514
289.4802
298.3356
273.9102
304.3673
296.6762
278.4991
273.2817
291.3587
297.7933
294.4505
285.0837
299.6921
282.4377
279.0854
277.6743
294.8398
286.7802
281.6747
305.718
302.875
300.458
288.9865
285.0775
280.1477
284.1452
287.8986
271.0372
274.3381
269.8667
297.3279
297.5005
271.0078
289.096
294.3207
324.9946
295.2233
281.8739
275.6884
286.5736
280.2645
296.4154
295.7219
286.5848
299.1727
263.602
290.0159
260.659
293.841
296.9462
325.1877
294.4563
285.1925
297.2673
293.0495
267.7567
314.2403
291.1659
295.2798
301.4855
284.513
293.035
267.6621
280.6452
284.3502
277.3032
302.5847
299.3513
292.0073
273.0425
296.9102
293.1177
292.2429
286.5086
267.5947
299.4817
310.0196
299.2277
312.4062
309.0752
282.6657
298.3759
294.5962
282.4137
301.068
288.6067
295.9947
279.8155
281.1061
288.7061
283.28
293.8995
281.1303
271.7672
249.5907
304.5971
288.8462
279.8184
301.4376
304.1283
294.0006
296.9019
321.0587
301.0474
314.7619
315.326
279.0969
310.9455
280.5946
289.6851
278.7999
306.1616
289.9113
292.9007
265.5569
293.5584
291.342
285.8928
314.1145
290.9669
300.6556
264.8388
298.9768
281.8927
311.3896
305.0402
295.636
263.8899
289.9882
306.0893
291.4492
282.4168
302.363
276.2702
271.6112
278.3015
284.0086
293.6426
265.0555
288.5737
308.7897
299.2023
263.6247
283.1045
309.2624
305.9189
298.4942
283.7676
297.3087
298.7734
305.342
257.364
282.8791
279.768
309.8694
303.361
267.4618
301.2418
294.5491
302.3188
270.7669
302.2712
290.7733
276.1852
293.4166
294.3134
275.686
291.5809
280.2177
298.6384
275.8395
302.4669
293.8273
304.2303
294.6502
286.7936
288.6979
296.9363
285.5003
274.4829
281.6133
304.9341
282.7784
278.8085
289.9846
309.9223
289.4967
316.1864
278.114
294.7127
321.4058
302.264
289.9042
283.9519
291.6618
298.9952
301.8085
293.8405
280.789
287.0148
278.9792
297.015
282.6992
288.5979
288.5171
292.2197
283.3373
285.0994
289.9717
275.9414
289.2644
300.2837
317.9713
284.9473
295.5423
276.387
267.5334
289.2306
286.2845
276.7296
315.9581
321.0084
275.971
284.1308
274.978
299.1734
264.1753
309.4969
268.9424
278.0639
284.3545
270.5144
285.1752
285.0416
265.1921
280.328
291.4996
264.5034
289.7619
273.3791
302.3591
293.7422
285.5071
294.6287
320.7932
307.7893
283.1297
337.7208
306.0906
311.8905
301.166
286.3686
295.3309
266.549
309.9983
279.7689
282.1829
283.5731
279.326
286.8015
282.5578
295.2156
306.7793
297.6449
276.7717
281.9343
297.3735
305.4144
294.0335
305.294
288.0264
285.4
280.173
265.2804
288.1695
275.7558
272.0804
294.9173
292.9817
304.5724
274.605
288.4005
277.1814
280.8287
297.2075
279.1864
293.482
292.5669
281.0839
300.8724
294.0019
283.2102
305.8366
296.7027
281.341
286.6024
315.223
304.9032
258.2662
294.0048
281.2069
299.4118
286.4106
274.8015
307.9094
289.6019
274.8126
279.5649
287.9858
297.3464
295.4921
293.6467
321.3323
291.3701
301.8747
273.0622
272.1969
282.1602
287.9991
296.0663
306.622
273.1592
290.9785
263.2076
274.2687
302.0576
309.9316
287.831
294.576
291.7622
292.0391
291.1688
303.2628
303.5237
294.3893
290.0604
300.0189
298.6084
293.8441
266.3965
296.2875
287.4412
276.8813
269.7217
290.6517
284.2382
276.5497
315.8362
312.3522
283.2128
300.1564
290.6768
309.9043
292.4118
302.9031
286.1627
288.9642
