85.54803
86.65611
87.84026
91.43634
90.05352
91.43636
89.05117
88.5857
92.02362
94.04313
90.09444
89.6412
90.07973
89.03188
89.46415
90.77896
86.73169
80.46232
82.0718
77.79752
77.10384
78.61658
77.38204
77.579
75.36803
73.95083
74.23053
72.71258
72.14467
71.53966
72.06044
71.13696
72.51706
75.38249
77.27271
79.70477
86.26033
85.35767
81.9598
86.42585
85.70932
87.72126
92.11179
90.94449
91.55353
94.15072
97.58808
101.4053
100.4283
102.5505
98.99974
99.53816
103.9838
102.246
96.45119
96.78932
97.51397
96.74654
99.21822
100.5301
97.91394
94.55324
95.94788
92.46988
92.28801
91.5673
89.58573
96.14932
92.20388
93.59182
95.41824
97.57041
95.53017
94.51287
94.0643
94.85253
92.62262
90.36132
88.60575
88.16294
87.12929
86.59987
85.36169
85.81458
85.52277
87.02781
85.55009
85.97367
89.32892
91.59348
90.44125
96.37746
97.63095
97.746
98.30739
97.76364
102.5164
103.2137
99.07073
102.752
100.1048
94.77462
95.80508
97.15318
94.9006
96.28435
97.26191
97.56795
94.517
93.69249
94.24297
94.38872
92.8638
89.89986
88.76912
86.09679
85.03138
80.56437
78.69087
81.80208
83.20249
83.14264
87.24314
88.63957
91.28404
92.71501
93.51461
95.57324
94.74886
92.36403
89.14773
88.26597
89.15421
92.61736
87.62548
87.05673
88.5376
87.21989
86.7216
87.19747
88.24786
89.06563
87.92701
84.57797
87.64074
84.38507
81.44608
81.74048
83.05905
80.10662
84.59829
84.80082
84.90372
85.20506
82.71668
80.57877
82.16149
82.72686
82.46369
82.59235
82.6312
77.72092
78.49014
79.7214
83.91081
80.94509
81.82144
77.46474
77.74886
79.14634
77.66323
78.59384
80.09501
81.71498
87.61878
86.95741
91.28148
93.07662
92.20984
89.14872
91.08905
90.82317
90.33689
89.80611
91.0177
89.02061
91.62877
94.1219
92.41063
93.02127
88.81417
93.87455
91.66001
95.46332
92.46238
92.03115
91.4472
86.49876
84.83946
86.15671
89.51685
90.56713
90.01986
88.61949
88.65414
90.1306
85.69727
83.02374
84.45938
87.48736
85.92054
88.97298
88.1775
87.26187
86.61204
83.81238
84.49069
80.94225
82.64899
82.05654
83.35369
83.48375
82.854
82.05209
82.49161
79.80809
82.00136
80.82656
79.00422
79.04726
80.1967
76.67991
79.6222
82.55957
82.46175
84.13649
85.05464
88.02962
84.18295
83.78517
81.38077
81.01311
80.10878
76.45635
76.698
77.92597
77.3166
77.63168
82.642
81.90119
84.29532
81.61338
85.245
87.55822
88.40885
90.63159
92.35809
87.8664
89.77046
88.18711
89.59178
85.94143
86.68357
88.94323
85.50707
85.15199
82.52578
76.77857
76.67993
74.87792
74.33282
73.56214
74.87026
76.88523
73.90235
71.85409
73.74129
72.76274
69.96398
69.59575
71.69681
71.76222
69.92031
70.12068
70.94277
72.28158
76.55698
76.24371
80.19924
81.5276
83.17749
82.74085
81.02948
83.48349
81.98587
81.70245
80.99329
78.67402
77.66952
76.2711
78.8599
80.34172
80.616
86.66503
87.83447
88.18467
85.40076
82.08818
80.15467
78.90238
78.60704
82.57864
81.53509
81.96171
78.91735
77.1069
73.52925
76.3426
74.27581
74.75731
75.30925
74.48921
72.7482
70.66328
75.23373
71.67503
73.23818
73.9255
70.31315
73.61548
67.66617
69.42974
67.31222
63.23833
59.53123
59.46706
61.32997
62.30098
63.11693
62.83854
62.53556
62.80967
64.90179
65.20896
63.95268
61.77931
64.53117
64.29772
61.56834
62.3018
65.11096
61.91268
64.31447
59.84739
59.3815
60.26081
56.61146
59.1643
62.36508
65.89518
65.20582
64.29317
65.41622
65.75534
60.62479
60.97703
63.01155
65.35285
61.52808
59.17868
59.46536
58.58058
56.82722
51.31151
48.51904
52.32586
55.49144
54.61448
56.61807
58.32713
57.40166
57.0093
57.28719
58.09669
56.80805
51.64235
57.33687
57.76655
57.21672
62.31877
61.85409
65.2946
67.40727
68.09431
72.62271
76.50056
77.64717
81.43747
82.33878
82.46728
81.88121
83.29412
84.84472
80.73307
74.41327
74.46806
75.74062
78.3105
80.05795
81.52601
80.73335
83.57388
84.68764
82.23507
83.61469
86.91897
91.42914
91.4593
93.05944
96.85364
97.95509
96.58728
98.72187
100.7631
101.9951
102.2471
104.8593
106.8516
106.4121
104.5961
101.0479
100.8576
103.8747
105.0984
105.3226
105.4219
104.6797
107.3142
105.0556
99.07844
97.93613
101.1299
100.3936
103.1027
107.601
107.5273
109.0316
105.7353
104.3896
107.6176
108.387
108.6467
110.9229
108.0335
108.3994
105.8908
105.0411
105.3646
104.6088
103.8841
100.8557
103.1203
105.5146
105.0703
101.2145
100.0686
102.6286
102.4645
98.30437
102.0288
103.0189
99.78316
99.37034
100.5872
103.7477
104.1239
104.1259
102.4448
97.91033
95.23275
93.78335
95.81137
97.96146
96.07832
98.92785
99.21256
98.90839
101.1387
104.5199
108.4736
109.698
106.1172
104.2523
97.97964
99.13265
100.9175
102.5621
102.0649
96.84662
99.00827
