234.869
241.7881
252.4509
340.5402
437.0129
598.9233
730.483
797.0744
868.5187
879.816
898.4505
955.8912
1239.886
1651.886
2128.991
2392.003
2726.129
2564.771
2965.375
2879.689
3319.325
5906.523
7514.276
7688.188
10175.41
20308.53
38412.84
56193.04
80528.35
108658.3
126827.3
155091.8
237046.9
283922
565809.6
978453.8
1453241
1944503
2234242
4460611
7144544
12698507
23851036
69448249
133159250
138390229
147198684
137257747
148749014
121727374
151441973
161263615
135268453
124641517
138851892
132184725
126989022
122421291
117932805
124438241
131740468
125624466
135252146
131479422
129901962
129961457
133024279
121984519
145114565
147521135
140367599
128518156
137706554
138589574
137470656
122167534
131608416
132440170
172741065
136040765
144253066
130471276
133424709
136198173
120408671
158909389
126756837
126436402
130394222
138632422
129769538
134686588
163269123
152305141
128854264
128215663
155521654
139473571
172161292
151749476
131887055
133767882
128084449
119833574
144335725
127179314
119151464
130809313
146643654
135879178
144375047
129582938
139683464
137978145
120864270
121209280
146370410
142456105
158894631
123666574
121417336
137804519
143783682
146923438
146681430
128255856
138585336
145512036
137827813
144199087
142177248
146294492
142145980
130097079
153850782
120448490
96098023
137813457
133512000
119056075
140172275
129603059
140596179
116432715
134045410
146947437
170229809
126402438
123400386
129218238
136496507
139765938
154287096
144736714
115643562
127904031
151121400
132955122
129216879
149008022
142541241
146681647
127961779
146182471
130122228
122114890
146545958
126260829
139009533
115875185
144764307
138114904
129757269
122605843
148705769
126181870
124502886
142062501
147255206
130735258
130831606
146929331
124152403
105604925
118811885
130730625
137325567
137711798
140362371
124090839
144046120
170793540
120788493
111690587
134846992
119964926
137829284
149899529
176918873
160366877
142587648
140713974
151154563
150458944
151904210
156178865
129528077
149447344
141036885
133582077
153925226
145099497
125309236
150105755
126712385
111252655
131594464
146726752
149772346
148168730
144966321
137152447
130518945
134940915
125236118
135986082
133068191
147369402
132151032
140452432
134843712
122591856
142713632
126544735
119985032
164056513
120942167
139278793
125833098
142618000
126970656
140887598
118803414
122539724
114309061
134382281
127047667
133822907
120614177
120632300
130879115
152006184
149065764
128202751
135232872
131644700
122735047
134210428
135196749
139697371
154858744
128110107
141316919
148306477
159462691
149788540
126695307
140827685
136372375
124294062
157163185
126587802
117149441
142403748
153886158
160641474
138591102
142154718
130834728
139795184
105987993
119936298
139328890
129649718
136238744
139100036
138355247
132269958
140377343
146874387
115378799
116761664
127967137
115700256
112653325
146135344
128604387
122128436
115789062
125894324
136738489
132271131
141224588
132635052
127099608
140440366
126629792
136004727
146400656
137146993
123942921
127641884
144637756
136202571
114563128
136637300
136905670
136032118
134329911
161431598
140171015
134036901
137572955
149848370
133403042
140515665
119763360
131420761
113312118
146199115
121486209
156670197
150628683
140718966
110293354
127254946
111309513
111860533
114512831
132249782
130646010
115167512
131843437
134114255
150694101
122707568
119989782
141358925
148418913
155585873
131621032
131655413
121996817
137539604
118417521
140050705
168209545
142949738
116999309
137005489
118626297
148242811
122459649
130194669
127403165
152142871
135512704
127729877
151666260
164277520
141336770
118683072
129853707
129963386
126569896
122327140
155188395
107782923
119576865
142338925
124587973
131879385
138520811
123575461
155983304
150978215
138992895
164653657
132897297
129054857
141067365
137770084
128050195
139667317
147538056
132907996
136965305
145109403
135803171
142685880
138815386
150068458
160441715
142297883
138338343
114808413
161311509
134211146
170372434
130900383
136248821
113890336
148653342
144001111
121025932
120599971
119838458
139671699
122541718
133623528
124286634
135844551
142950921
135613745
121808630
114763131
123383981
145420175
138318908
146087930
133153953
130413704
118241693
132917876
141072224
137122084
136454083
110961489
128656428
122696384
129828624
141543428
122392596
139577364
136922259
126833460
130345223
127786175
130766520
126791289
114664988
127533619
152868485
126470898
119485868
116225791
139113460
127252124
137870767
136310344
135787485
125213941
143035889
127818436
136083635
145416522
128345127
127730266
133810983
129130527
126386982
136378039
136087190
124468900
134403947
118922648
156803331
127162791
137428701
140215381
121854288
138949267
145299979
135935985
137021056
128897863
115417572
126965216
137984212
120750872
127039145
140166228
139964643
109547778
145349066
132689142
134376799
139326031
118646893
125512881
