118.239
425.0265
377.3139
244.6296
78.99196
135.2338
246.7154
195.0595
170.8335
401.6277
205.4545
147.6577
65.0828
86.1955
77.59967
302.2537
255.1718
125.6737
140.1546
105.7957
302.5402
213.6682
231.921
65.47419
378.5997
149.3703
266.6889
108.3967
175.2572
73.50394
172.754
198.3446
125.8094
167.8826
174.4382
88.20844
79.78137
109.4359
176.1962
211.45
141.1677
183.7873
94.96912
71.04027
133.3249
229.7289
203.9315
110.7758
115.6319
56.68138
161.0914
150.7224
179.0896
135.3946
95.56307
261.2481
151.5188
234.306
136.9936
117.0701
90.30808
237.2259
131.0849
85.5186
143.6577
70.07846
110.8224
131.9869
332.3874
158.0071
62.10376
478.5384
77.82768
443.1413
175.8051
91.64366
251.7262
1067.851
220.2524
111.7201
99.80436
236.9557
108.8706
92.78392
289.2004
398.6415
437.3981
212.0194
247.5605
328.194
205.9663
300.5388
408.3507
180.3874
124.5656
498.2827
88.70053
202.3025
572.0402
4513.121
214.3303
133.6774
112.5341
67.41818
149.283
449.9533
146.0351
171.488
204.3394
453.8299
154.4619
120.312
136.6038
425.8511
301.4018
213.3587
90.48633
160.6037
59.82646
115.8174
166.7318
179.2988
221.7023
109.9736
103.7824
104.8659
106.4943
171.6447
368.5083
104.4948
72.13318
180.6795
145.068
109.4332
407.7634
130.4784
159.8769
189.5588
220.7177
162.1635
78.80401
127.5159
290.2874
225.1713
220.1442
110.9395
161.0614
105.9052
212.1066
547.3574
89.32461
96.47426
91.23623
245.1226
220.7516
143.5612
154.8321
96.06799
139.8177
93.99214
122.5883
276.1632
190.2322
102.2174
212.0818
164.4709
80.66248
379.6965
141.0457
64.98892
151.1672
101.12
100.4426
139.904
123.9662
77.53602
163.7237
316.2765
154.7389
304.2698
144.2287
192.0558
221.9412
153.0685
253.2466
157.3257
122.1503
171.0113
316.8721
290.0253
102.6085
483.684
217.4304
449.7645
131.088
228.3874
279.3427
587.7184
134.9984
122.1351
103.9281
707.6906
210.8392
151.5574
330.519
172.3654
258.9954
290.403
310.4012
2277.693
677.4351
333.8074
76.05255
238.0377
421.2301
121.8657
239.4875
203.5626
134.7928
246.3971
111.2032
110.8228
84.24023
106.1663
70.18416
118.5467
97.19141
274.1067
132.6527
35.95703
115.0601
76.98531
98.78134
248.288
175.1318
207.737
312.1762
264.7468
232.3438
378.2785
51.26871
323.8782
321.2776
130.0279
259.259
154.4873
405.2529
89.33024
137.5863
223.214
100.4188
214.7019
61.4084
159.3873
68.98671
143.708
90.37927
113.3326
152.9422
572.0121
211.0305
301.3423
165.9353
312.6126
327.6015
150.0834
177.062
225.1541
495.4932
175.9255
322.7122
139.4261
382.3852
87.77332
142.1873
134.5997
312.9488
176.5907
91.37572
186.7656
177.3752
84.4888
236.666
337.0131
308.9316
473.7511
163.6082
145.3379
796.6233
1106.033
609.6158
258.5334
189.4484
166.6051
839.8942
104.1288
81.6306
178.9998
101.429
255.1863
135.3416
181.5494
177.0964
148.8756
51.64953
159.5555
171.4823
116.0872
146.4055
123.9368
135.1299
174.0565
145.2223
116.1742
212.3067
202.4163
184.153
200.3736
315.893
371.8779
74.53338
154.8518
430.8737
278.2433
2185.876
235.1231
66.69214
444.9401
122.7209
58.74007
255.8596
403.3939
231.6188
286.3718
238.1782
128.9162
174.7245
131.3394
157.7282
208.952
93.13934
108.7338
241.3506
62.97433
269.5648
43.88952
133.8454
391.9834
120.9935
62.46418
71.22117
170.6572
57.38878
112.7955
211.3041
100.3901
134.9392
157.6826
69.30741
230.8216
67.20255
96.07599
188.2466
222.9351
156.7471
118.2379
124.9216
300.3549
167.3635
84.59712
183.1706
155.3476
324.0143
108.4998
120.3549
182.6819
176.5657
136.1186
74.55496
179.1393
86.02364
95.70405
121.5679
72.22483
142.7761
584.5451
132.3645
195.8956
211.4491
81.43673
92.79545
827.0238
108.508
195.0857
324.7532
118.5794
199.5847
176.8311
51.6877
99.59833
53.39795
85.0047
142.8586
233.4727
166.9304
102.9283
114.8639
139.3565
258.5126
433.4632
394.7895
825.5155
313.9294
173.9139
104.3664
129.8959
571.5494
528.442
261.6844
142.3652
231.4668
128.9591
158.2301
194.3437
297.3248
313.7955
279.3753
141.1675
81.94278
374.8939
419.8611
89.89136
62.75968
138.867
132.0719
101.6737
149.0337
191.1829
135.8242
132.7422
239.4332
137.3636
251.7674
152.545
77.58685
199.2909
143.9459
129.3407
150.7526
119.0957
174.4062
71.19916
93.64761
317.9624
194.1288
232.5297
91.41858
197.311
71.49329
79.18037
478.4081
169.3593
250.9381
175.3287
87.4684
158.9496
121.4718
113.2741
134.8075
182.5256
174.9668
75.04308
91.79109
130.288
403.3049
83.36932
261.8722
82.33013
61.74871
107.0828
741.7496
127.4377
104.6645
417.5813
50.98313
76.65719
836.991
182.2565
115.5996
127.2075
139.7768
146.0419
411.6449
88.60605
91.09359
448.6794
139.0473
158.9153
138.305
53.85118
