9.102793
6.499109
5.356515
4.835758
3.79953
3.22507
2.482567
3.164716
3.826947
2.773819
3.108474
2.539153
1.910858
1.529875
1.573217
2.302104
2.203687
2.328483
2.620716
2.707569
2.681899
2.674546
2.696712
2.360862
1.579117
1.826258
2.254959
2.431868
2.231702
2.886912
2.225192
2.159533
2.359679
2.179744
2.56841
2.458814
2.783622
2.548139
2.31258
2.042931
2.197728
2.227261
2.113837
3.675773
3.163106
2.883526
2.710283
2.613616
3.522115
5.337809
4.241717
3.326652
3.589128
3.362479
3.929514
4.523048
4.104307
4.702158
3.114995
2.639322
2.486364
2.282026
2.437284
2.362975
1.78021
2.003104
2.303262
2.553876
2.138837
2.171262
2.144241
1.91838
2.328083
2.546452
4.200155
3.449836
4.774312
3.391986
3.68814
3.35876
2.177902
2.066218
2.683446
2.453561
2.621218
2.825533
2.41208
2.760612
2.695308
2.661972
2.16052
1.926164
2.167054
2.869254
2.306484
2.817781
2.307604
2.711516
2.488654
2.153704
2.341877
2.528911
2.746511
2.374729
2.381521
2.361448
2.419775
3.019156
2.003168
2.417924
2.934178
2.328087
2.195352
1.956692
2.13251
1.938814
1.528226
2.320446
2.277764
2.097598
2.005627
2.717643
2.70279
2.600485
2.147512
2.074252
2.177104
2.043511
2.100099
1.884518
2.04274
2.687261
2.862546
2.554328
2.20101
2.285339
2.035451
1.848792
1.940504
2.369999
2.480402
3.068797
3.212698
2.716761
2.719442
2.550451
2.526113
2.492264
2.720568
3.494386
3.089652
3.010837
3.717848
3.523146
2.828707
2.704529
2.368796
2.516775
2.356532
3.17504
3.931939
2.274312
1.774295
1.560071
1.606467
2.113721
2.560298
2.716572
2.685677
3.137128
2.306639
2.488849
2.310071
1.909525
1.794004
1.643309
1.943636
2.192554
2.122219
2.396849
2.123361
1.795203
1.866937
2.626884
3.174947
3.141845
2.74442
2.929502
3.473884
3.001993
2.978937
3.129994
2.68464
3.832182
3.823898
2.167387
2.170141
1.733042
1.826389
2.080388
2.431747
3.706423
3.6847
4.142176
5.111195
4.35042
3.759176
3.702402
3.113189
2.199785
2.314474
2.278212
2.17841
2.279595
1.983622
2.550747
2.034342
1.811719
1.972615
1.945015
2.069948
2.128169
1.926162
2.346996
2.821042
2.12495
2.553176
2.382291
2.507075
2.420378
2.437635
1.679764
2.380415
2.411926
1.624503
1.423243
1.755123
2.404967
3.140722
2.294732
2.19631
1.965054
2.141504
2.385855
1.850518
2.4353
2.070221
2.200319
2.196807
2.618931
2.888484
2.657944
2.643595
3.307962
2.634204
3.343368
2.926705
2.682574
2.391419
3.066948
2.327614
2.888471
2.003833
1.517283
1.729005
2.498733
2.253776
2.573768
2.678657
2.53939
3.087081
3.205059
2.926836
2.35773
2.388725
2.756179
2.923683
2.465177
2.774958
2.622984
3.312002
4.007931
3.184377
2.723416
3.021
1.958209
1.782168
1.712937
2.1293
2.395278
2.44969
2.896681
2.661911
2.94728
2.763957
2.147816
2.762571
3.893399
4.957826
4.620238
5.422849
5.14037
4.281104
4.814679
4.913139
3.472539
2.763554
2.135916
2.289609
3.177764
3.173906
2.469909
3.012255
1.953039
1.997206
1.670032
1.222273
1.499294
1.666477
1.80912
2.386348
2.345492
2.478378
1.818246
1.748482
2.25636
1.881154
3.026578
2.075105
2.700529
3.171452
4.381398
3.780584
2.858361
2.688702
2.754574
2.99439
2.847152
2.801504
2.549684
2.841559
2.939912
2.594062
2.176877
2.921912
3.000998
2.604812
2.282194
2.310983
2.515935
1.645799
1.789653
2.168724
2.429714
2.504669
3.491305
3.414604
2.581045
2.860018
3.018667
2.93332
2.789882
2.711924
3.259559
2.905448
2.403869
2.547593
2.30453
2.018427
2.371668
1.763232
1.690622
1.077131
1.56842
1.755977
1.698327
1.927008
2.331207
2.990898
2.200115
2.506767
2.886445
2.552482
3.305736
3.051582
3.699276
3.271402
3.869003
4.137705
3.579272
3.658583
3.417113
3.407999
2.592578
2.286162
2.507801
2.42353
2.64025
3.395418
3.318448
2.263611
2.153182
2.146286
2.377812
2.092207
1.921235
1.724115
1.527731
1.367726
1.910524
2.637659
3.138832
2.927641
2.137487
2.013848
2.617025
3.224928
2.49062
3.132404
2.78168
2.880562
2.548694
2.507873
3.242962
3.678469
3.707471
2.629431
2.469945
2.034028
1.906052
2.075716
2.728797
3.387409
3.13163
4.390752
3.904103
3.88557
3.784923
3.424653
2.860172
3.112102
3.048278
2.218197
2.61755
2.728579
3.265825
3.890608
3.303733
2.551788
3.230285
3.843734
3.479383
2.949028
2.289465
2.339503
2.550619
2.304421
2.256667
1.624037
1.697569
2.239085
2.801324
2.558971
2.939502
2.177971
2.332111
2.24796
1.997003
2.369806
2.499871
2.839029
3.184715
3.101074
2.839082
2.497065
2.325074
2.571458
2.621722
2.515157
1.787492
1.916877
2.201904
2.060188
2.229249
2.1964
2.767556
2.139273
2.50362
2.49553
3.541727
2.750004
2.686006
3.290585
4.644156
4.159318
3.681081
2.931362
3.176224
1.992426
2.324359
