155.8305
163.3742
146.9287
149.2963
133.4924
156.4408
143.7214
141.9978
160.175
151.0747
144.7273
167.43
141.0093
143.5707
151.5839
146.1154
142.748
133.8463
147.7919
147.9362
149.7707
151.0159
140.1432
154.0091
155.7853
140.3765
148.3043
140.5178
157.0079
159.1777
138.7803
150.2828
143.4598
147.6049
149.777
143.4722
152.4798
138.6342
146.7753
157.5304
141.1102
142.1476
147.895
146.5294
147.113
157.6348
145.5622
145.2011
142.5533
152.5212
157.7092
143.9624
169.8827
142.22
136.5815
144.252
146.8634
145.1879
149.1202
147.9126
148.477
135.4461
148.4904
141.6814
142.8206
147.3622
147.9427
157.7733
138.8932
155.4667
151.7914
154.8342
137.565
154.9078
148.0942
136.7055
148.3297
149.6
163.0301
153.4314
147.8612
166.4876
155.2456
147.8796
143.9271
149.53
151.8236
145.6137
154.9865
148.0204
153.8131
146.3549
144.5284
144.9331
154.9061
154.3055
143.0477
142.3824
152.2985
148.3897
143.5243
145.1066
153.5835
140.0078
136.7617
145.9671
158.9527
139.2023
145.5005
145.8641
151.4627
133.5208
156.8616
141.2698
144.9162
161.8296
156.0655
152.1291
157.9221
152.3652
155.673
140.2318
147.5975
151.6604
143.0555
141.0054
154.0736
144.9772
140.0411
149.7934
139.8442
145.5091
143.486
144.6006
147.3439
129.0056
134.5414
150.5163
156.1507
144.0356
160.8166
157.2101
149.1417
140.4707
154.8787
157.1693
150.2704
161.0073
163.9076
145.2603
149.6176
136.4943
141.8315
153.0039
145.0093
143.9529
149.4702
160.6092
147.4849
140.9401
150.7425
152.1016
146.5576
142.4603
143.2586
140.0545
146.9816
145.5374
163.0915
143.7603
154.5592
147.9877
153.6175
146.8523
157.8545
143.0218
142.9034
151.4308
148.9922
152.0717
149.6314
156.8355
141.6729
134.8215
148.0171
144.6406
151.6733
149.4906
143.3452
140.9008
146.9863
144.153
139.2007
141.7435
139.4274
149.1867
142.8264
138.6222
143.1217
148.8515
150.0872
136.3859
143.0647
154.6902
142.4461
153.8212
134.2356
143.5185
153.1661
148.1979
156.0337
144.3174
155.1991
146.5833
137.6087
144.8663
149.7422
138.4573
154.4774
148.2658
160.2985
156.8027
158.9497
147.0173
151.7982
143.0231
161.8088
162.1844
140.9707
150.2513
157.638
137.6935
148.4886
139.7184
144.2447
142.598
149.2452
162.551
142.6706
146.9614
126.2174
167.5028
150.3336
137.4831
145.1196
137.5229
131.9645
139.7086
147.6213
143.0131
139.7338
148.4513
142.2495
141.0357
133.9946
134.4481
158.6994
137.9715
136.4798
141.4189
143.9166
159.1135
151.3314
152.2753
142.2014
160.5878
139.7649
139.6678
140.2252
149.8824
161.0216
156.2266
155.8808
140.2328
136.5852
145.8579
157.186
144.2466
139.3441
155.6893
144.5925
143.3768
153.6978
145.0499
149.5005
155.9639
144.5559
139.8259
139.0756
143.3458
156.3221
146.3287
148.5986
138.984
165.0322
155.6287
158.7426
174.9834
147.6931
138.1927
144.8789
153.6786
130.4491
138.2969
142.8181
152.2772
145.1243
144.6351
141.7817
158.0404
160.6469
144.8144
142.8399
134.316
136.616
156.8994
151.6934
144.7247
143.8247
154.562
145.6926
147.9619
142.5895
142.9324
145.1649
136.2155
132.053
135.6575
146.7069
148.1497
141.5461
148.7836
150.1002
144.9639
144.253
149.734
154.2858
143.4492
162.6427
137.6012
149.6073
148.2546
141.8262
153.191
139.2005
140.7453
150.525
149.1404
143.3619
142.1977
137.3198
136.0335
144.716
133.085
149.282
147.1003
145.7648
140.0011
142.9315
148.1445
147.9513
157.2853
146.2726
142.5894
160.2353
128.7767
137.6761
140.3781
143.8743
141.571
145.9355
146.8185
136.759
141.5956
138.6732
152.5297
147.382
142.5088
139.6801
142.3654
148.3217
163.1431
151.6373
153.1763
137.9152
139.16
151.4435
153.3895
143.1379
153.1731
141.3579
138.1094
153.4198
146.8782
156.3134
150.2588
148.8392
146.5005
150.0115
156.5236
151.0202
145.1766
150.1767
155.9402
148.6585
141.8673
164.1953
162.6563
150.2228
132.5718
143.0978
135.3734
142.2641
141.9137
148.379
146.0008
155.1551
139.7958
148.6523
162.4511
155.7401
147.022
151.9284
150.7728
138.9902
141.833
142.979
145.7003
152.0472
147.2073
155.1685
151.8575
158.1937
164.5863
151.1526
139.0286
147.4313
159.0381
151.2338
145.0362
152.4064
140.4022
141.9968
147.4082
140.9137
151.4022
146.9642
146.1207
136.1364
152.7893
136.5674
137.2089
152.1484
138.5632
135.9116
132.1876
135.543
145.2374
131.9455
159.4141
144.5391
142.72
147.6624
143.9704
138.2667
156.046
159.9253
147.6645
136.8356
131.5298
136.5578
144.8982
144.202
144.6832
151.3693
140.8084
146.668
130.7913
141.1788
142.9416
149.543
145.1398
155.8732
149.2111
137.2126
132.2343
149.0486
144.0696
143.1178
144.2162
146.6916
155.4839
146.5172
143.1799
154.8631
137.5175
147.1624
144.4364
142.0924
136.5464
