12.09096
12.91485
22.70656
20.58516
14.5207
11.10064
7.875385
6.490254
5.335764
6.14939
6.458567
9.026547
6.815577
4.092447
4.159995
4.55545
5.853221
5.819831
4.085607
3.384727
4.395244
3.055438
2.754666
4.906352
4.210791
4.679638
5.10555
4.42306
4.407739
3.330303
2.824742
2.615144
2.240806
3.299282
4.500459
5.041667
5.108211
7.433573
7.288754
9.301523
6.984752
7.346203
5.753756
4.183579
4.893856
7.321646
6.58799
4.760557
4.888772
4.255096
6.676791
7.163615
7.335232
8.408024
9.544202
9.632718
5.733237
3.774101
5.550539
6.55947
7.227023
4.396806
6.503802
5.018665
4.791296
3.215437
3.733187
3.147969
3.041505
3.514395
5.377137
4.090535
4.470262
5.236595
4.433619
5.859685
6.34998
5.463326
5.201332
4.957322
4.195236
4.156851
3.89946
4.596364
4.014728
5.48053
6.371183
7.601344
4.605522
5.034537
7.817904
6.982309
6.177077
4.259586
4.661701
6.212696
4.800633
5.550193
7.494725
8.192814
5.848821
7.17215
7.266169
10.21323
7.733008
6.945116
6.540346
6.625177
6.868132
8.460519
6.657897
5.895008
6.603794
5.581727
4.628249
5.323024
4.948513
5.300449
9.399147
7.84086
7.894955
8.484149
9.072259
8.301268
6.325991
5.453442
5.747077
3.921288
3.476206
3.426282
4.70664
3.40139
3.743888
6.981035
4.067317
6.047508
5.724668
7.457238
4.550403
5.715073
5.664897
6.316479
5.388463
4.838555
6.556545
5.713149
6.203168
5.888628
4.884964
5.300661
5.739966
4.076338
5.760587
7.425914
6.818889
6.5009
7.615797
6.619345
4.979826
6.257539
7.072153
4.567065
2.963147
2.653803
3.215252
4.232679
3.17748
3.223331
3.150348
5.738501
5.778178
5.809531
5.711031
6.451008
8.217138
5.823837
7.68622
8.319756
5.66672
5.137251
4.735348
5.14962
9.531339
8.805714
6.976442
6.622042
5.140335
4.468754
6.060212
7.488207
10.36505
11.19867
9.809978
8.256689
7.307823
7.699674
6.285827
7.461872
6.796379
5.967258
4.693629
5.292742
4.43502
4.500776
4.684331
4.858968
3.784152
4.05093
3.749952
2.715052
3.508249
3.062707
3.347937
4.302999
5.884092
4.328021
4.796881
7.44456
5.314179
5.30531
4.216846
3.341342
3.358042
4.875898
4.992002
5.793272
5.387749
5.789713
5.422305
5.337331
5.056853
4.601098
3.985871
4.640065
3.955772
4.210987
4.010364
4.913366
6.36334
7.430021
7.397642
5.263518
4.829373
6.169146
7.336477
6.394975
6.252793
7.309324
4.70685
5.86494
5.910684
5.849854
5.357919
5.420225
6.164704
5.221312
3.090818
4.044631
5.717451
5.5936
6.994322
6.359495
5.389563
4.485843
4.126184
3.335721
3.174418
3.909054
3.419429
4.22093
5.315783
5.319602
3.652304
4.125544
3.912983
3.600691
2.811238
3.646385
3.920044
4.868496
6.23902
6.692244
6.934097
7.991952
5.982823
6.215602
5.769902
6.825361
5.667727
6.780308
6.336583
5.850169
6.972311
6.868353
5.544904
6.180848
7.34873
5.584594
4.58841
5.034472
4.833128
5.979581
6.793752
4.410351
4.563029
4.856567
7.119934
6.330626
8.599953
6.66491
5.914209
7.030593
4.432944
3.216497
4.485789
4.424997
5.267057
4.697155
5.47509
7.515394
7.092312
7.005071
7.086189
6.643469
4.533112
5.144258
4.005018
4.161716
5.263525
5.423807
5.237078
9.924775
8.239796
6.747889
6.587864
5.300431
3.75295
4.944081
7.304937
5.02093
5.664837
4.176718
3.698994
3.775581
3.619345
3.489823
5.285672
5.217826
5.283765
5.996804
7.627019
7.537972
5.913029
5.73351
7.742431
6.671407
4.995132
6.576714
6.786124
3.902346
4.443605
6.489528
7.576718
5.642293
6.345958
5.653349
8.981255
8.565449
7.979314
5.964372
6.562588
5.811111
7.56239
6.465989
8.092614
5.733265
5.242933
6.30619
8.634661
11.53318
12.26294
14.86055
12.03209
9.50775
7.02396
11.54112
9.608718
8.404285
4.553039
5.360126
4.523573
3.827875
2.84732
3.741013
6.657149
7.109998
9.001343
5.556456
4.79468
4.726817
8.68004
5.505293
5.809314
7.232709
8.044343
4.823026
3.042176
4.173421
5.331489
5.656221
3.999678
3.236267
3.191719
3.201183
4.99927
5.598065
7.846159
5.78157
5.882786
4.776533
5.493701
4.464058
3.460331
4.128625
5.241338
9.658907
7.514988
9.013513
7.872102
4.781117
5.629636
5.928887
5.32875
7.621161
8.615694
5.238084
5.116803
5.760127
6.362751
6.527905
5.700144
4.156951
4.662025
4.867156
5.030574
7.51043
4.381363
3.840739
4.725561
7.638932
4.775937
2.841932
2.315325
2.51318
2.823025
3.237389
6.242153
4.738044
6.705999
8.330133
7.19845
4.939731
5.072223
3.670275
3.790129
4.243829
4.336344
4.585925
2.608904
3.125552
3.860789
5.820059
7.325436
7.651059
6.982157
5.480472
5.474021
5.93255
6.628339
9.083251
6.045417
4.820951
6.468951
4.287037
3.332696
3.17379
2.819049
3.236153
4.089967
4.653491
4.625107
4.807236
4.620367
5.384128
6.271782
7.02509
5.403648
5.524682
4.915066
4.217963
