83.39237
84.35639
85.92583
89.09047
89.35796
89.97851
91.48349
94.09325
93.43838
89.7943
88.55932
85.11006
84.94322
82.35417
80.2814
81.49319
80.94427
82.83408
82.05137
81.0973
83.68792
83.18869
81.00946
84.35984
86.00823
85.49572
84.94158
85.04401
83.79827
85.97041
90.13407
87.87166
85.41206
87.24566
87.60115
88.33074
90.01763
88.94967
91.8348
94.59134
93.99228
89.49337
90.39491
92.35955
88.32991
88.28294
86.94962
84.90185
87.70812
86.82678
89.45908
96.31499
95.95525
95.92739
96.00697
92.71625
91.25456
90.40705
88.44396
86.85309
88.14663
86.29342
87.01857
88.20219
90.0245
90.17339
87.41177
89.16725
93.1611
90.52358
87.23242
85.4925
90.01109
92.63578
93.95436
93.42158
93.38237
89.18547
90.52168
89.21668
90.30091
92.3406
95.25487
95.90758
98.91073
96.98015
95.68992
93.88165
91.46902
91.10393
92.20513
87.34071
88.36327
90.06702
88.97139
87.59888
84.093
83.66769
86.07874
86.39627
85.89965
88.53754
89.68076
95.80528
96.85218
99.95341
94.68882
93.30953
88.30855
84.81107
81.119
80.88531
80.63786
80.54581
82.24551
79.44111
81.30643
79.12563
82.38885
82.66701
81.14669
85.02127
86.55808
87.31033
89.52721
88.47949
90.84201
90.85051
93.00736
91.52064
87.64204
88.57654
89.35132
87.22737
90.16087
92.42633
91.17625
93.02102
95.32906
93.40047
93.10457
91.28466
92.02671
93.91067
91.6102
90.20026
91.58577
86.18229
87.58031
82.71811
83.24631
82.73235
81.82231
84.46457
85.90918
86.22783
86.61887
81.00994
85.28214
83.82168
82.07539
82.9127
87.41855
87.35019
87.41514
89.42389
91.0017
94.5089
97.18571
95.57237
95.44831
93.78719
97.63039
99.06021
99.20488
97.67997
99.19146
97.68198
98.46289
98.18659
101.8072
101.0487
99.81459
101.0031
100.3758
99.59862
100.9431
100.2811
97.17462
96.94872
97.66833
98.94511
99.09945
99.57231
99.34658
102.5162
100.4695
101.0175
100.6651
100.6506
103.259
106.9962
108.7218
107.7064
106.3709
104.8673
103.1216
100.1864
102.1608
100.303
100.8367
99.95038
98.3224
98.8009
100.9102
102.3451
100.4235
103.0903
103.2101
102.1174
103.4547
99.20161
100.7298
102.9976
105.4477
102.4248
98.72939
96.60564
94.78264
95.66805
93.61716
92.51607
90.49959
90.31615
88.46091
93.06113
94.05981
94.30996
94.99424
91.49462
91.13949
94.81377
90.04952
91.34342
94.94456
95.81196
93.46705
92.25849
93.07651
92.70639
93.20736
89.85821
86.96237
87.15917
81.7361
79.43596
78.54421
77.46996
73.74507
76.19778
72.64423
74.29224
76.54605
76.29642
82.15162
78.53212
76.02819
75.31662
76.66803
72.94528
73.98834
74.11907
74.14873
73.9179
68.79527
67.47605
66.87012
64.03438
66.79569
69.19163
66.32845
64.99128
65.55121
64.37321
64.29362
66.1501
65.13458
68.19327
64.17275
61.59711
58.60916
59.41412
63.47056
66.76041
70.59552
67.6819
67.33692
66.00569
65.43285
63.4316
66.4841
64.15875
64.35653
66.89705
70.15778
66.2874
68.02352
66.26562
65.04831
63.55816
66.20439
66.22389
69.46879
73.37038
69.50336
72.03343
75.95713
75.7339
77.47497
74.90977
73.03786
73.53416
76.32129
76.43331
81.11914
84.34031
80.54494
78.90016
78.58021
81.15269
81.71406
85.566
85.00596
85.36363
87.38868
87.69496
85.88408
86.11862
84.88929
84.41069
84.12349
89.25639
93.13912
98.47392
96.22519
99.29484
97.31451
97.20655
98.16996
95.70589
97.86457
100.1443
100.7881
100.852
98.03458
93.40174
88.3564
85.76935
92.02036
92.62002
89.28674
92.08939
89.56155
87.66515
83.14561
79.41816
80.98727
79.79747
80.9407
76.57268
74.71446
76.03228
76.99861
74.65215
74.27337
72.88433
76.32964
76.61433
79.75664
74.05528
73.337
68.91104
66.74715
62.53331
62.55166
59.36946
57.9466
57.88863
64.03085
64.03694
60.74025
61.0841
59.42024
57.56586
58.68665
59.58827
65.95507
66.15183
64.28915
68.41377
71.47112
74.42245
74.34986
73.56304
72.91399
78.29697
79.52535
79.81598
79.04246
83.50063
86.2054
83.81008
82.74509
82.74374
81.38632
77.58517
78.33892
81.76112
82.69133
80.56794
79.56745
79.74955
79.90811
78.20656
80.81405
82.51865
82.76414
85.74902
84.0648
85.00243
89.07473
86.40524
88.14411
84.07271
85.97201
83.98883
82.17299
85.84198
88.48802
87.13112
88.36691
87.01213
87.68988
86.15764
88.80916
88.69718
91.24508
89.96465
89.28702
87.55752
87.1215
86.48229
83.62278
79.25389
81.55044
86.94022
86.13328
83.84174
82.46699
80.94627
85.26828
89.50905
88.89677
89.77067
92.01218
92.23083
90.8407
89.43459
85.28126
86.08696
83.82463
80.56904
79.48614
78.73637
77.86142
78.74377
81.691
85.10312
84.03613
85.20257
81.90059
84.51868
79.69093
80.5158
80.18188
76.91871
75.38421
78.46904
76.80246
75.20993
71.96107
73.52208
75.7778
77.73283
78.11828
75.57352
72.96629
72.47671
74.06758
71.62481
