72.51468
125.6278
178.6466
246.182
439.6537
409.6172
713.3325
624.446
531.9146
696.652
511.2834
282.1595
193.8911
176.5936
189.8121
143.1262
225.1437
258.6302
282.9844
134.0343
125.3045
118.2339
152.6147
138.5361
155.1785
143.827
134.9063
132.1451
169.9946
137.8059
160.3599
374.0317
307.2656
515.6363
323.0861
155.1704
197.5408
100.4253
161.4128
111.0199
128.3218
160.9018
134.8376
122.4645
133.1283
167.9396
206.3815
135.7944
124.8233
128.655
113.0654
259.5888
225.7528
266.5594
120.8842
50.97302
75.43534
66.99267
63.47913
107.4054
166.0755
265.7451
245.6397
152.2833
125.8451
230.8205
169.8845
193.1395
181.315
153.6003
193.6112
256.1778
267.1551
181.0845
193.2657
273.153
281.3892
122.7272
118.1166
143.6076
98.07282
95.54201
112.1774
140.5476
144.3349
143.5577
156.1757
193.7393
246.8339
134.0373
198.3185
241.016
132.1729
80.01164
180.9709
317.5201
295.8059
256.4923
354.4782
346.0963
202.8104
333.1336
449.4297
395.4986
226.8623
119.4763
73.27729
96.30884
97.78491
169.7072
228.9901
393.2506
276.3327
349.7714
263.1687
203.2121
207.4778
171.1866
297.051
319.339
242.9923
288.526
259.9687
230.1895
260.6646
144.8044
147.4486
170.0108
117.0157
128.3
79.04576
86.36754
184.1575
225.9303
81.55695
147.0211
210.2538
105.7297
106.5241
129.8767
77.88897
73.90279
89.98299
123.8396
132.5515
92.38659
201.7338
126.9498
244.4838
257.2823
223.9316
177.3491
176.5464
171.6572
178.893
190.4063
226.3078
160.3143
135.237
166.7705
148.1896
57.8165
66.1592
57.71214
61.89777
103.1036
65.02191
118.8058
209.3829
345.283
140.1405
128.6512
139.0248
104.9217
69.79101
84.89261
56.18006
104.4354
111.696
145.3625
153.4534
200.9854
185.2062
103.457
81.76894
82.55593
162.4586
280.0119
322.6931
237.5076
175.3125
294.6945
296.6544
233.4284
210.2928
252.8979
125.1835
147.7557
132.6978
210.9183
214.8866
225.3322
189.817
204.9849
259.9965
308.294
394.9336
227.0806
341.0587
211.0056
271.0289
359.3391
282.0992
246.0581
273.2978
237.1061
217.5577
260.5617
284.7548
274.0262
301.7977
232.625
152.8689
114.9267
229.1954
197.9276
139.9998
107.2152
140.5553
159.9409
151.3007
141.5769
213.9758
251.537
199.5175
190.5024
295.4674
183.0267
133.4785
203.0412
120.1669
107.4709
212.3038
506.9333
236.7833
234.6668
313.0522
295.9203
302.4309
323.1223
133.2015
121.6923
79.27305
140.7886
273.5442
335.6375
411.1848
277.9969
192.3694
134.351
159.9426
202.6547
244.6502
333.7928
242.5346
112.9707
97.06345
117.009
99.43278
108.289
71.12212
66.74284
64.7604
105.7441
118.1588
276.0608
381.5123
271.2771
183.2252
207.3729
181.9402
210.1126
140.5425
148.0337
119.5019
120.8404
145.6396
118.1611
173.4017
193.0422
225.0283
168.4077
180.8435
66.54684
50.36637
63.49628
60.77495
79.40214
133.5853
165.806
167.0813
92.20786
309.2526
499.6922
393.8602
219.3294
162.4418
129.8858
78.05271
107.9344
254.0763
237.9606
126.1832
113.0986
77.22788
51.81782
107.6102
138.3734
127.5392
90.22828
72.62844
115.691
108.8548
184.1858
132.4746
190.5901
262.7177
241.0248
184.7303
133.4154
130.7291
98.0411
98.20506
99.20619
111.196
107.9006
90.41109
140.243
135.0628
201.4758
123.7818
122.8197
95.1867
177.4057
121.3681
135.9439
144.2694
284.2976
252.2193
142.8112
133.8423
118.1295
158.8477
152.4564
163.1346
124.0919
98.18192
129.3011
151.5565
154.46
92.35197
68.04544
133.1826
165.0369
157.2678
110.7186
62.36066
65.84092
137.8316
95.46171
102.4253
148.9828
160.4888
206.6772
193.5418
93.30683
74.53463
70.49798
91.36133
97.58034
118.0471
67.64521
133.5996
170.717
134.8353
151.0313
202.393
117.5349
166.4722
131.4632
214.1871
220.1272
357.5734
226.2392
153.0557
199.4468
243.3335
188.5466
188.0933
125.1251
200.9422
311.6136
460.1148
627.0573
640.8375
395.0534
253.1219
177.7819
257.0749
264.6674
299.7567
201.4198
146.1886
93.35112
169.558
146.5838
134.041
108.2557
77.14064
72.53298
102.8518
62.0421
56.42341
98.71561
93.08913
162.1149
236.932
298.912
113.7446
119.3075
92.1174
83.24887
88.94458
100.0055
51.95322
55.43168
64.048
62.01604
79.49851
117.2803
158.8761
200.8329
171.691
171.1534
177.7208
151.8656
113.9301
141.1944
225.9622
95.49594
76.83538
50.78426
65.96411
51.05781
68.98502
83.78795
110.2635
101.5943
109.9243
153.4416
105.0496
118.5997
107.2004
131.8278
157.3559
200.8412
229.0136
171.0246
189.6816
199.5827
231.6975
456.713
768.4335
714.0466
466.4078
490.166
359.386
345.0126
340.5729
264.1768
241.1515
370.3887
324.0693
226.8398
208.2216
154.4919
137.9549
199.7665
147.2471
154.8062
253.9405
202.4859
110.5894
185.2013
136.6794
161.7597
194.2888
169.7416
123.3158
70.99227
