12.48316
12.36514
10.96102
12.17135
13.14598
11.51776
11.50434
10.66193
11.5053
10.37548
11.97191
11.05358
10.25957
10.98825
12.45035
10.10344
10.2405
11.25976
12.18111
11.46119
11.60219
11.86511
10.70025
11.38823
10.94126
10.22666
11.28111
11.64694
13.06302
10.46468
11.0407
10.56282
11.6524
10.89373
10.21979
11.21636
12.18036
12.43162
11.69299
11.28475
12.467
12.29678
11.68182
11.36842
11.92495
11.64926
10.99872
11.94481
12.86494
13.06562
11.40786
11.13303
11.45359
11.92615
11.86132
11.1739
11.71605
10.33247
11.7231
11.75089
11.58486
12.43722
12.18426
12.8118
10.28214
10.61193
10.36951
13.07653
11.54637
11.23954
11.64698
10.72297
11.81856
10.98057
9.972919
11.28053
11.71611
10.78572
11.59772
11.73354
10.97574
10.7379
10.00299
11.68231
9.887446
12.30529
10.98256
11.34742
10.96464
10.83391
11.26199
10.97575
10.52215
10.86958
10.785
11.16293
12.7702
12.69527
13.00094
11.77217
12.48982
11.62831
11.7892
10.96453
11.43656
12.86983
11.00011
11.38486
9.793528
11.39962
12.14963
10.92186
11.99886
11.06238
10.7254
13.09165
12.42128
10.34027
9.881902
11.21449
11.55849
11.56527
10.84226
13.02711
11.89939
12.73905
10.69218
11.66464
11.33614
11.42785
10.8476
11.31086
9.942327
11.22566
11.3703
10.99755
11.17791
12.20453
10.94611
11.82423
12.05964
11.90368
10.24663
11.51161
12.2875
11.12118
10.15819
12.94574
13.03059
11.01689
12.20454
10.71051
11.37117
12.20211
11.6023
12.83888
11.5568
11.74243
11.89473
12.27724
10.66157
10.655
11.88646
9.729972
10.27485
11.07782
10.51766
11.68899
11.50321
12.14764
12.20429
10.81388
11.85574
11.7468
12.75499
10.32094
11.42905
11.82144
13.26367
11.357
11.00731
11.9655
11.4019
11.3377
11.19624
10.53304
10.71561
10.47201
9.766861
10.60098
11.20012
10.88267
10.45715
11.98137
11.96018
11.77791
11.212
11.63662
11.2227
10.83996
12.68437
12.4312
12.0904
11.40423
11.35679
11.73522
10.63755
12.28499
11.21923
11.66764
11.41335
10.94961
11.09141
9.603423
10.12551
10.23405
10.74537
11.07846
11.59452
11.62719
12.08501
10.34208
12.07004
11.80339
11.95196
10.48616
11.04328
11.09209
10.85645
10.82604
11.26452
10.93649
10.62818
11.31877
10.59346
11.4126
11.76044
11.42913
11.34733
11.49087
11.43881
13.05014
11.70625
11.61208
10.35274
10.82173
12.00198
11.53354
10.91522
10.40555
10.50142
11.51238
10.18474
11.05708
10.30956
11.07846
12.00509
11.19725
11.50537
10.31022
11.50747
12.77749
10.30838
11.56712
11.40366
10.55268
13.73007
11.40156
12.03145
10.63145
11.69628
11.63818
11.13362
11.97503
10.17646
10.8291
11.33663
11.83585
11.48727
11.84863
11.97334
12.72987
11.46679
11.65724
12.66498
11.14903
10.4938
11.4007
11.50741
11.90862
11.61777
10.94058
10.2532
10.56977
11.39283
12.68012
11.5011
12.12305
10.81373
10.74557
12.16439
12.50096
13.13545
11.09641
10.43379
10.92418
12.12076
11.6228
11.73665
11.00983
12.11576
10.34732
11.31197
10.50312
12.20584
12.28106
13.09236
11.82176
11.81235
11.34976
10.71653
10.91625
10.74033
11.38036
13.37555
10.82885
11.49235
11.55678
11.40202
10.38908
10.05454
10.9373
11.95334
11.41501
11.95196
11.16745
10.85727
12.72047
11.63647
10.66214
12.21256
11.22411
10.63076
12.33813
11.36078
12.15929
10.86809
12.38329
10.35096
12.03551
11.02649
13.1015
11.59728
10.49645
10.99839
10.51637
11.7466
11.08388
12.6675
11.91856
11.15311
10.26547
11.30855
11.94167
11.81454
11.34716
12.39511
11.6439
11.0621
10.48875
9.971883
10.5783
12.63459
10.37643
10.95172
11.45386
11.26215
11.12108
10.74012
11.38261
11.44965
12.73089
10.28519
11.30078
12.25765
12.73552
11.00736
12.00388
12.34896
12.2842
11.09339
10.52379
12.81207
12.65543
12.04154
10.89632
12.32911
10.33239
12.06377
11.19019
10.77931
11.73946
11.97243
11.0216
10.69304
11.15205
12.07939
11.48954
10.91956
11.20173
10.47123
11.14993
9.052897
10.98379
11.34543
10.78163
10.54101
12.30223
11.82639
10.44358
11.1743
11.92533
10.7867
11.17085
11.52254
9.958236
10.94165
11.97626
11.40806
11.08465
10.83022
10.98118
12.22097
10.55336
11.92448
12.17322
11.34608
11.51768
11.31981
11.44329
11.0422
11.7019
10.86257
9.913947
11.17818
10.53677
9.963247
10.60948
12.19491
11.96555
11.52242
10.19859
11.39595
11.28053
11.74206
11.65006
10.6945
10.30047
10.26896
11.66884
13.01158
10.86031
10.56112
11.7846
9.689922
10.61011
11.90727
11.59049
11.45865
11.29935
11.90648
11.8384
10.74619
11.29882
13.06605
11.51163
11.82813
10.9415
11.11791
11.19953
11.11903
12.09902
11.63524
12.63055
11.92822
11.42005
10.22133
11.47843
10.8328
13.0855
11.19221
11.93187
10.16306
10.38565
10.23635
10.66867
12.12974
12.29137
10.50425
11.14874
