93.4022
87.74979
82.99313
83.73956
86.83388
81.7035
81.65432
80.37635
83.15216
93.17478
92.2425
88.74714
88.41722
91.79976
100.1289
103.6245
95.65064
98.07433
103.7405
105.0082
106.9171
107.6138
101.4375
90.54073
96.4143
102.5667
105.0455
103.2995
95.54833
94.41654
100.263
99.07975
102.0113
96.40504
83.04507
82.80066
84.05323
77.63391
79.16513
79.41937
78.43144
72.74886
81.14816
70.26705
67.00233
60.33503
55.41835
58.46089
60.48891
65.25229
68.42904
63.55326
78.57628
74.93297
70.96803
74.2784
70.43225
63.03837
64.90439
65.8631
59.88194
56.88272
65.73239
58.44182
66.08444
62.6932
57.06016
49.34492
48.30672
52.87168
55.162
63.4898
63.2564
55.30016
49.9338
44.95148
51.39315
45.94535
43.79702
35.2495
35.03763
34.47006
28.11371
31.42046
26.73159
24.34561
19.08091
16.54906
5.259617
8.236511
5.715439
6.848846
5.002025
5.846254
4.415303
-3.842857
-2.243363
4.447866
8.092352
12.13157
12.74951
15.71034
11.79335
3.716262
3.894521
9.903503
10.18848
15.4341
27.09417
23.5534
30.32961
38.00647
44.36562
47.09961
45.892
46.6375
39.35754
36.6875
39.10875
45.9006
50.93249
49.88518
63.59378
60.95443
62.7328
61.82947
67.35271
67.92492
56.07877
61.49762
63.41945
70.03924
70.41395
78.87737
73.35848
75.8829
80.69401
89.85282
89.63657
92.87606
96.53695
111.3394
103.4774
109.9665
125.3617
126.3367
128.0834
130.2907
129.933
134.0301
141.8234
149.4541
146.8718
153.2186
146.6064
145.9095
136.4866
141.3059
137.4233
137.2292
136.7122
125.6738
128.3222
124.4533
115.107
111.8266
113.1579
104.5031
106.6294
105.9674
116.1173
105.3936
101.4765
108.654
97.97094
90.92813
89.08829
101.4689
97.70202
92.74198
98.74564
93.35995
88.37994
86.64878
84.42326
81.61829
78.04056
81.51306
79.74141
82.72238
82.78196
82.84737
76.54753
72.9057
78.58352
72.25465
68.99441
78.04208
77.72814
77.64477
74.28239
68.26584
71.30822
58.54711
69.02205
73.78914
79.29131
77.19641
73.67104
71.96717
67.04486
58.87284
54.62341
50.28042
53.66516
50.45324
44.54429
43.69915
39.91941
31.71095
25.8354
25.7678
26.83971
29.5363
18.3121
13.6714
16.26137
13.04078
20.18697
14.20984
15.59609
24.44156
23.43246
26.19459
8.893608
12.86999
9.477185
19.62185
22.20379
31.93973
19.53532
18.81631
9.999379
10.44986
6.2203
5.667843
0.695086
-1.210318
2.813147
5.98466
11.55944
14.54267
13.42474
19.17108
20.04632
30.15564
21.99584
24.33903
24.60039
18.49592
21.64635
11.68265
11.5198
7.042075
13.71154
21.56961
23.05663
15.23689
17.77148
16.99799
19.71825
27.77243
37.60564
45.86454
46.16673
49.57792
48.70244
46.04403
47.34301
48.03584
59.47772
61.92541
69.10742
68.03065
73.36622
78.12674
74.7113
73.26446
70.67439
71.65608
76.82884
73.41173
81.02756
81.97155
80.45164
76.69645
75.55727
74.463
77.82879
75.73535
74.49731
71.88915
74.56033
73.55691
58.90901
60.10247
57.52695
65.75781
63.67414
67.39563
60.38791
59.47156
64.53103
69.52431
67.99939
63.95887
65.3434
59.60693
60.82362
60.2739
65.28632
66.98344
73.13542
79.91003
83.00323
91.02353
91.31439
98.47273
95.96217
99.40069
101.0537
94.87762
93.26449
92.80636
87.81579
90.32322
93.88322
96.39268
94.26107
97.45986
94.93421
91.21283
90.61833
86.90225
73.08996
78.98807
77.62574
80.80175
88.90646
89.73731
95.50993
103.7369
107.8819
107.2177
111.3572
111.8142
105.2623
107.6428
106.3832
100.9226
104.7554
105.2565
104.9098
108.8184
115.125
119.4192
118.2754
111.2401
114.7413
117.4457
117.0013
116.6973
106.3604
101.9306
101.1135
102.5077
107.3275
96.67161
105.7726
95.73626
88.95748
89.32068
91.91273
91.65189
88.63549
87.97512
85.08187
98.93556
96.27058
97.64014
91.08219
95.28172
101.7248
100.1263
102.5469
104.6358
109.5825
105.7216
106.8028
107.4676
109.0076
114.2493
120.24
126.3245
118.6785
113.8855
115.4928
110.8317
110.0178
102.7416
109.1994
112.5232
107.9279
102.9463
103.2463
103.4524
106.5563
105.901
108.659
108.1676
102.9354
111.6414
112.868
106.3191
111.5639
117.2135
122.8709
120.9511
128.5823
133.6155
131.3595
137.6003
144.6154
144.8552
153.5387
156.1592
148.0169
150.1974
141.4804
135.1411
136.8283
145.7117
144.9799
148.5315
152.569
158.2934
165.9592
170.1401
170.4301
168.1667
169.382
184.224
178.5566
180.4624
190.3767
184.8333
186.4372
184.9746
181.3094
180.6093
173.0539
175.0531
181.6718
181.309
186.2622
186.4812
187.6615
192.0774
194.8256
202.9796
199.9485
204.0854
203.0307
214.9464
221.745
220.3274
218.3421
224.0107
229.7271
219.7035
212.5093
209.8867
203.4067
202.2693
197.8885
200.0651
193.6772
186.9542
192.8212
189.0192
192.0467
193.8477
189.4984
200.1302
201.0646
197.8659
201.5168
220.045
216.8931
210.0868
