107.3241
106.38
105.8601
106.7954
105.7279
106.7521
107.5587
104.2826
106.3378
104.7303
104.7861
106.0844
106.116
105.8832
106.3479
104.3167
103.0239
105.4158
106.9364
104.9476
102.5864
105.3485
103.8548
106.6376
106.4423
106.0516
106.2863
106.4933
106.9163
107.2349
105.8681
105.8512
107.4442
105.4676
106.584
107.7503
108.5668
106.5163
103.4115
104.6254
105.3016
104.0399
107.3533
103.7377
105.4009
107.3284
105.5428
104.8483
102.8122
105.1541
105.5883
105.9361
106.0724
107.3011
106.8443
105.9389
105.708
105.9041
107.4872
106.1234
106.0702
106.4262
105.8043
106.6876
106.3288
105.9118
104.8266
107.3167
104.8981
106.649
105.846
105.1317
105.7713
102.5256
104.1542
106.6869
105.8686
104.828
105.8198
105.9155
106.5193
104.9767
105.9594
105.3868
107.34
104.689
106.1643
106.3048
103.6662
106.4847
106.0951
106.9438
106.4372
104.6403
103.3865
105.6562
106.7214
107.3281
105.4361
106.541
105.8056
106.7861
107.022
105.1483
104.9736
105.3038
106.1077
103.4331
104.6681
106.374
105.5198
106.3166
107.4844
105.3935
105.0031
106.0734
104.9683
106.6588
105.5756
104.7977
104.9856
105.5543
103.6124
103.4487
103.6887
105.8146
107.3939
106.666
105.5692
106.1271
104.2399
106.2337
106.143
103.7114
107.1447
104.4204
106.4661
105.3045
106.4506
105.3455
104.3563
106.2303
105.4553
106.3112
104.9203
104.0197
104.3965
104.1747
107.5929
107.0488
104.6555
105.1418
107.648
103.8541
106.5441
105.9492
106.7883
106.1481
105.5357
104.3547
105.3748
106.5298
106.8699
105.7633
105.7704
104.9841
105.7572
107.0454
105.6293
103.854
105.9492
103.9118
105.7334
107.0762
104.0177
104.3039
104.5811
103.5656
104.8644
104.9801
107.002
106.9043
105.6241
104.3523
105.4671
108.7806
105.8572
105.4821
104.7851
105.3102
107.4762
107.1102
106.2315
106.4712
106.2978
105.514
106.7632
106.2848
106.8023
106.8321
105.5613
104.0768
104.8459
105.2899
105.1264
104.182
104.8766
103.655
106.4435
105.6956
104.5441
105.2925
103.7989
105.8279
107.2107
106.4733
107.1378
106.9193
105.5645
105.0831
105.7824
105.2213
103.862
107.5711
103.9117
104.7256
104.3657
106.7646
105.3344
105.1781
104.3566
102.7271
104.0433
106.4422
104.7665
103.6857
103.0768
105.8261
103.9542
107.5287
106.2138
103.8766
103.0671
105.8751
104.8787
105.6221
105.3803
105.4426
105.6931
105.1628
105.7892
105.7702
106.402
104.1318
106.3993
105.0099
106.578
106.0102
105.8892
106.3322
106.3104
106.5752
105.1732
105.5646
105.8687
108.5255
105.6907
104.1366
107.0196
106.0076
106.7485
106.2787
105.2234
104.5667
106.4619
105.8904
105.5448
107.3345
108.2182
105.7075
105.1623
106.664
105.5526
104.9807
108.4226
105.9947
105.3916
105.9262
105.0686
105.4039
107.0945
104.5804
103.4531
106.3951
107.7975
106.629
106.1885
105.2844
105.0216
105.119
106.0885
104.9628
103.5727
104.6465
106.4535
104.0203
105.3759
105.2346
106.6291
105.819
102.8299
106.1914
106.7564
105.581
103.8048
106.5995
106.4618
101.7932
106.1732
106.3507
106.7665
106.0691
103.8107
104.204
104.9604
107.3894
104.7039
105.5693
105.2271
107.4398
105.149
103.4429
104.798
104.8644
106.6013
106.1041
106.7871
106.2371
106.7014
106.1472
105.4896
104.6543
105.4345
105.2055
104.5124
105.7711
104.8883
105.6798
106.3223
105.2485
104.5789
105.7587
107.3918
106.4098
105.4733
104.8094
105.9878
105.395
106.6077
104.4731
103.1775
106.9495
104.9203
104.5387
103.3909
104.8913
106.2225
105.3178
107.8449
106.839
107.4096
107.9804
104.1866
104.6021
105.872
104.3187
106.3374
107.1872
106.3199
105.6384
105.3472
103.5277
106.1463
103.6381
104.7949
106.7867
105.0742
105.3036
104.2824
106.3237
104.807
104.8926
105.0702
104.4929
104.3788
106.9088
106.2637
106.1064
104.0977
107.8642
106.1341
106.1653
105.8567
108.1691
102.4698
104.0723
105.5957
104.8717
107.212
104.1225
104.5706
106.1297
104.9933
107.1697
106.2285
103.9562
103.797
107.1967
105.0679
104.2584
104.8837
103.7804
103.9761
106.147
106.2068
106.4328
105.9964
106.4615
106.2064
107.2545
107.2273
104.3286
105.0355
105.6322
106.3759
106.996
106.4526
106.6892
106.1754
104.3273
104.5682
104.9712
104.078
107.9526
106.0965
106.9214
104.1165
107.4771
104.7676
104.9738
106.5259
106.5685
105.0262
104.2351
103.5654
106.1871
107.7261
105.1058
105.327
107.9111
105.9732
104.794
105.311
105.2552
104.3925
107.7551
104.8371
106.4183
105.2976
105.9165
102.6087
106.0324
105.0774
105.2797
104.8871
104.4409
105.621
105.6935
105.5913
105.7372
106.7817
107.2812
105.4793
105.3007
106.8557
104.4463
106.1085
104.4682
106.4908
104.6916
106.9725
105.962
105.1973
105.3083
104.1933
107.5522
103.9822
104.9727
105.0449
104.9171
