49.96387
50.26534
46.20525
46.09187
41.57952
44.96564
49.70135
49.73809
45.59253
47.06446
48.28858
54.88013
46.11803
41.13814
47.90252
47.44624
42.59869
46.42558
45.50072
43.84802
48.32777
49.13086
46.74905
45.9482
38.79778
46.34747
51.06298
49.09266
52.18755
49.69504
46.02006
48.75416
45.19883
45.79551
47.6291
47.20612
45.49768
41.6864
43.94584
44.67539
46.84011
46.10255
48.72062
44.25504
49.37063
51.45276
47.43958
46.96865
50.50122
38.4694
47.91488
47.35546
46.16314
45.87136
48.16959
45.1928
43.34696
40.39858
49.0075
44.21154
39.62177
49.71023
43.29639
55.2408
45.16588
46.79403
46.18196
41.39879
49.34704
44.00724
47.87945
44.4704
46.57317
48.93821
41.24601
44.42874
45.2955
51.55183
48.96207
41.32731
59.26226
52.40908
51.25577
47.15736
46.17721
42.47208
44.61581
53.41499
46.59868
43.66825
36.18622
49.90989
45.69096
45.82317
50.84382
53.03918
42.40022
46.17926
43.61332
52.14482
52.04415
45.28948
48.12793
42.96338
46.76613
45.05598
53.37316
50.72029
46.52299
44.55782
44.76074
48.07791
48.87062
42.70576
49.55068
41.29262
48.01254
45.21588
49.72349
42.89909
43.19936
46.97724
41.35476
46.52781
45.82882
43.27674
45.49837
46.92067
49.83965
46.53801
49.90652
45.1967
45.28492
45.28315
58.33735
44.45997
43.21766
46.36356
44.08188
42.98889
46.97957
45.15701
47.53839
51.13956
51.52948
41.62518
47.12814
43.42034
41.50475
44.17932
42.89246
47.21788
45.55473
48.00323
49.93893
43.45619
48.32714
47.98832
45.8861
46.72385
44.08408
46.9873
49.0369
47.3668
47.78927
47.49384
51.16119
54.06907
52.90534
45.14291
46.56116
52.36736
42.98332
41.60563
35.98905
50.17547
44.74914
43.88488
41.93686
42.75303
47.68927
43.21207
45.13767
46.75259
51.30973
50.48084
46.2411
43.93677
41.7426
41.1333
38.13675
45.5857
48.40441
48.34928
43.09565
49.28868
41.81303
43.95216
50.13891
46.94768
45.89154
53.31877
50.36175
48.86746
46.9631
47.84991
46.54924
46.63652
50.69601
44.42039
53.34963
50.98175
45.79837
45.84641
50.86175
45.62389
52.44493
52.43037
47.3665
43.65015
47.88735
45.40161
42.51131
49.34765
43.27653
53.35692
49.36117
50.95332
46.60704
43.01362
46.02244
46.4211
53.71678
44.07352
47.57109
41.99663
46.83113
48.37935
47.14918
46.98714
44.50698
48.26875
50.73359
44.67444
48.20745
42.92739
47.51087
45.30091
50.01512
47.26607
43.98711
51.29481
45.37745
44.33561
45.88512
48.88515
51.04848
47.47267
47.57928
44.54467
44.90624
51.27836
49.96246
41.66737
44.86855
51.80064
51.1325
46.65509
48.10617
47.74074
42.2993
47.18808
48.24974
48.86695
42.63916
48.64081
45.66315
41.06303
40.01205
44.45131
45.9186
49.44226
49.10135
47.96742
48.45346
48.6564
47.08315
49.76962
45.53309
48.53829
42.65916
50.06639
46.4964
45.60849
46.88144
46.76029
51.41816
48.7157
51.51487
49.19685
47.58594
51.79184
43.02393
46.77687
40.17393
43.78203
46.31412
53.25216
41.49551
47.62591
47.15154
41.22826
47.12072
53.35934
49.69524
44.58259
42.84117
48.22713
45.72547
47.45145
43.87726
53.10931
47.28779
40.88231
43.91905
50.0205
48.26774
43.98164
49.49425
37.79102
47.26895
50.28747
46.11227
41.97605
53.91277
45.37095
52.72903
46.6301
43.45186
47.67208
49.3373
54.0679
48.79201
46.80547
43.50326
49.10471
42.15939
44.42879
47.10118
45.29556
44.0673
42.87495
49.35709
44.33996
42.9749
49.82106
45.66979
40.78851
45.82504
41.79177
44.20456
50.97547
50.27352
50.91836
45.35305
48.68461
48.88671
46.57965
48.65034
45.08722
49.07916
46.37757
52.14257
48.52444
48.68273
42.15741
42.39473
44.49399
44.3431
46.71048
48.26088
48.72809
51.03666
46.88846
48.24026
43.67254
41.92862
44.40575
38.91744
42.29252
45.11709
45.99164
53.8259
45.63864
47.81444
50.02192
47.884
48.6613
47.45672
49.78555
48.77481
44.11537
52.18479
47.31788
55.15011
54.79559
44.80831
49.97634
49.42401
46.75191
48.33699
47.46185
42.66367
45.54057
46.45602
43.7892
43.84617
42.43889
40.64599
50.13567
49.43403
50.77186
53.98401
45.58963
43.65767
44.82752
43.13494
46.14127
44.83386
43.46189
45.93569
50.74591
47.166
46.50905
58.39473
53.81245
45.20618
46.48363
52.08029
53.55344
44.58003
46.37917
40.40025
48.63489
47.31486
47.24346
46.85475
46.99651
49.36001
50.50379
48.21264
45.49276
45.41713
49.35203
46.0597
46.82639
49.06711
46.06059
45.83023
42.47998
45.56486
46.70492
48.31126
42.06947
43.16458
45.13381
45.12226
42.52385
50.74993
51.32694
54.43933
46.14765
42.79948
49.28117
40.08572
40.02606
48.6124
43.50196
46.73003
44.17132
41.99118
47.26298
49.32632
45.95661
42.67438
49.14808
46.42221
44.81637
41.05728
42.49623
42.98377
46.4213
42.81045
45.1009
42.49456
46.08028
42.17447
45.60538
51.5262
44.96968
