419.3999
656.7693
622.6152
594.8276
519.4728
646.8473
548.1844
700.5705
565.8468
577.2939
583.8446
649.3701
607.1639
571.8492
609.2085
595.2347
597.9562
512.0751
601.6003
546.3926
676.9478
681.171
596.9014
537.5582
524.1275
571.8471
588.2648
540.3485
558.4335
650.0335
561.7504
517.295
513.5506
603.3442
558.2082
545.582
564.892
495.9859
603.2259
543.0963
522.0347
570.8468
558.623
525.2506
502.9196
638.6538
654.542
655.9903
522.3691
579.0793
522.7996
615.1958
636.8784
600.8879
563.0219
577.3378
625.3124
534.1202
611.4053
596.7554
460.901
601.6953
618.2234
636.114
551.0615
552.6134
591.8953
557.9842
469.4973
576.4675
534.3536
627.9089
614.6077
580.5969
608.2559
560.5948
635.0555
682.736
571.9033
581.563
558.0854
615.9801
545.6378
511.0608
541.6959
611.5699
635.1994
532.0404
611.3966
602.3546
602.9204
546.0662
575.8238
625.815
581.7074
614.1212
669.0469
605.3157
481.7883
534.1837
635.1444
604.7714
540.0181
629.3749
588.2101
484.9437
542.3983
624.1795
660.1837
597.349
526.518
620.2115
633.6798
631.3154
534.4452
650.6411
480.6232
616.1421
707.009
582.7945
542.5028
497.3303
530.729
562.2287
502.6084
671.139
544.1261
554.9292
601.6902
628.7659
687.2928
676.4339
547.6722
557.4784
534.7603
530.5083
548.8686
506.3914
455.3606
477.5675
631.9268
694.6054
620.8986
733.2905
534.3137
634.8474
594.9875
598.673
525.9018
544.4963
575.6393
660.4271
560.3753
649.406
546.5171
682.4941
573.6909
529.7708
563.0954
449.3554
645.8354
585.2211
544.1067
699.9187
620.2154
628.7811
597.4924
562.3077
553.7406
568.0014
630.176
583.5898
546.1303
616.1885
555.7542
465.5327
568.9088
542.0944
593.5809
585.5665
514.2625
547.4561
561.2783
652.9059
545.6244
640.3916
556.4921
575.139
636.4055
703.2626
522.1398
507.4251
555.5318
588.3598
617.3523
562.4021
541.0132
641.4055
702.2461
510.3802
521.648
555.7353
558.4347
652.178
478.9078
613.5946
568.6159
627.8761
558.6074
523.9618
588.8852
680.4352
569.8791
569.983
545.8858
588.7883
658.8344
582.6516
655.2804
557.842
557.3005
680.8528
633.5
627.9681
602.677
602.411
548.3221
543.413
535.6686
636.091
533.3295
524.4793
591.538
616.7423
473.2135
613.8401
545.1555
497.3611
488.5189
542.7512
691.2645
577.4534
567.2227
647.0035
580.5405
538.5863
574.5448
545.0194
583.5705
602.8313
584.3907
530.9856
566.4443
577.8656
563.8
611.7809
487.822
630.202
623.0925
551.7755
553.8269
595.9393
532.5444
504.4528
552.9282
505.3247
602.9811
557.0702
523.7953
536.086
616.5387
583.0278
561.4788
577.0995
588.2949
567.4436
475.4677
530.6423
667.009
626.5189
627.8535
671.6504
522.7735
565.9297
519.7069
569.7166
509.4764
682.0345
502.5155
619.7349
515.7295
678.8523
562.2628
574.1067
619.1635
581.2939
606.0621
569.7542
549.2329
569.0636
566.939
563.9277
529.8732
534.6151
561.6833
633.7815
596.7849
660.9597
535.1815
563.6383
564.2544
575.089
585.629
565.6869
471.732
580.5184
600.4325
537.6816
507.5339
570.9575
532.4778
605.9413
578.8745
607.8262
532.1315
559.2864
564.8881
565.9811
663.6362
633.3429
586.9966
550.9779
569.0778
535.8285
605.8708
614.5333
564.7543
639.8687
540.8711
598.4189
474.8901
587.5127
629.513
619.3324
530.3732
648.9674
527.0325
524.2979
575.6515
593.1238
499.127
596.4211
541.0131
501.7431
631.7136
567.3476
589.0561
534.5897
617.9626
597.0048
611.2735
576.5257
542.8548
579.3538
555.9004
563.8157
599.4884
566.7964
558.1356
514.9237
561.6744
550.2853
497.6966
565.1678
537.2441
584.2329
588.449
565.7172
626.9667
540.2003
569.2901
608.8898
524.7229
523.4054
537.2289
569.2878
576.9628
642.6328
629.4275
576.6854
599.9143
591.3932
624.3673
571.2898
506.2187
513.5527
615.7379
588.0778
496.183
616.6648
549.8138
525.9802
627.6974
569.7676
631.7309
598.1253
524.3768
567.981
534.9595
554.1966
547.2637
690.8716
640.5939
655.6468
531.9459
510.4983
545.9795
600.5348
619.6594
727.8843
597.9749
604.5891
560.1718
586.7271
678.0685
616.8313
637.8711
662.8143
591.1882
553.1587
556.3357
596.7329
616.3433
581.9805
488.9468
564.5791
716.0133
610.496
688.4496
656.1661
581.8772
578.5528
634.5051
527.3881
545.5774
574.8034
563.8225
562.0208
689.2349
575.3368
507.5411
557.9785
529.0447
636.9406
680.8096
556.7989
479.5864
676.8584
497.592
629.2688
613.0975
578.1495
533.6529
524.4258
580.6191
555.7627
657.9136
578.3555
633.8338
558.2061
619.9216
663.1476
567.3102
520.6961
627.0517
587.9364
522.8704
539.8247
562.1976
576.8518
534.7359
554.4503
573.646
598.59
538.2037
507.7923
626.3193
646.816
562.8245
580.6912
608.295
595.9216
557.4786
598.2423
568.4475
549.2571
525.148
557.3299
589.1362
600.5249
