41.44838
24.45193
15.36125
17.4591
16.0335
17.82572
24.22557
17.92406
19.16132
23.28951
16.27447
20.84298
14.66036
14.41745
13.92226
14.73346
12.07592
10.5104
10.56382
12.36882
11.65732
17.1699
14.75487
17.84785
20.50426
16.42164
13.80451
14.19121
12.03489
14.32966
12.69159
17.35508
20.87539
16.80267
22.13419
14.55733
11.97338
14.79755
17.85441
17.50795
17.00506
15.70378
12.53441
15.27649
19.08865
12.34517
13.06127
17.57646
22.34856
22.07497
14.61096
13.73485
12.473
12.44529
15.49852
10.65187
13.56002
13.23108
14.16592
9.230431
11.75797
18.10118
19.5832
11.29756
14.96847
11.96665
13.47283
17.72573
11.61353
15.37805
18.02666
16.19487
15.78696
17.19774
12.45894
12.16674
13.84621
10.12668
14.50675
15.06803
14.96371
15.12485
19.00188
13.26209
13.8624
15.61531
13.9494
16.35389
14.54567
13.2058
14.28203
15.38681
12.89974
11.17735
13.11342
15.27418
13.11443
11.02325
13.65789
16.73221
14.64905
12.72959
13.42881
18.08885
13.80167
14.15094
13.26245
14.81308
17.89842
13.31878
15.53451
15.48623
11.19808
9.067744
10.16282
11.36933
13.49101
14.92878
14.07661
15.16893
18.24687
17.96444
14.38274
16.53158
14.10147
11.93113
13.85169
14.09126
16.4279
10.27283
13.10845
12.00534
11.50594
11.94093
13.11438
17.67134
14.77337
18.38215
16.62254
12.45249
14.22682
15.45587
15.10607
12.48553
12.72419
9.703341
16.67083
15.15083
17.70378
13.69413
10.74521
15.65648
15.60414
21.70603
18.57853
13.61791
16.23396
13.81803
12.15517
10.78027
12.59935
13.24
11.97901
13.75828
14.5017
16.45595
13.56664
14.9804
24.52204
23.7723
22.01543
17.51614
13.92496
15.1962
14.46341
16.1469
15.34902
15.62977
13.48657
11.13912
12.2544
13.21419
13.89007
14.98225
14.27677
13.53399
11.37003
13.72896
18.24402
18.28575
18.08212
16.81081
15.22923
13.86878
14.63799
18.5102
14.07522
14.9532
12.38569
12.2387
10.88768
12.43753
14.59455
15.10026
16.45633
12.253
11.6988
11.34489
15.51178
13.9072
14.31779
15.70977
15.97371
15.78426
16.80119
13.38133
13.83583
17.34984
15.55083
11.24196
8.260637
11.64875
13.14571
13.02772
17.50541
16.27838
16.98474
14.4953
17.10258
14.46172
10.2355
13.52233
11.48786
13.57202
10.49305
13.38086
19.38422
19.43311
17.54282
15.47907
13.65814
13.11001
11.43521
13.77537
16.66715
17.11801
15.60117
14.69792
16.44441
20.42039
17.70305
14.76833
19.27836
17.5093
16.68611
14.13638
12.4665
14.94483
14.99993
13.11289
13.10005
15.47675
15.91563
14.81103
16.61811
18.66113
15.9005
16.20401
16.4828
22.38726
17.09453
14.59939
16.4922
17.69761
16.62254
15.77909
14.46938
16.799
15.84694
17.64069
17.4121
19.0478
14.20757
13.52621
13.6423
14.80775
11.59089
14.55436
12.32574
13.17547
13.56489
17.66069
12.68433
12.6049
14.24268
17.07837
18.45658
17.58103
17.30569
15.99833
17.96144
13.25898
11.79436
13.66939
14.52826
18.70647
18.44641
16.11611
18.24639
14.48949
14.05899
11.81201
15.18578
15.2361
13.59951
15.81622
10.40013
12.41361
15.59191
19.16313
15.94412
12.99405
15.36403
10.69603
10.36514
11.79634
16.08461
12.79781
16.17188
18.12035
13.747
12.26916
13.57656
14.48447
13.09097
12.54166
14.94573
13.00584
13.41521
13.94056
12.49078
11.06231
10.65473
16.25288
19.50154
16.23396
19.93369
16.90145
14.38877
15.21275
15.46223
15.39791
14.04574
13.09511
16.28507
18.12485
19.47524
17.76973
20.37034
19.86698
16.33412
17.85731
14.04048
19.49396
20.29841
23.11389
19.23986
18.43831
14.12564
12.98695
15.25454
17.50014
19.1003
21.03984
19.94662
18.77759
22.40244
21.48313
23.38298
17.16476
20.97642
22.23662
23.61572
19.92545
21.64657
20.0818
21.45215
19.33132
20.08435
17.57744
16.89908
14.48568
17.0798
18.97784
17.53624
15.91672
13.15417
12.24476
9.840917
10.59016
12.51023
12.33627
12.38372
13.55665
10.77885
10.95588
12.67978
15.75866
18.03417
17.15806
19.28975
14.544
13.07269
12.18855
11.36159
13.90378
10.81602
10.51386
12.32309
13.28913
10.82535
14.059
17.51041
18.5122
17.15802
19.25305
18.37151
16.08712
13.51835
10.82154
14.7223
18.30569
14.98595
13.94007
12.76477
10.46079
9.734397
9.785396
10.08149
11.70846
10.01372
11.81321
15.85358
16.63875
14.93927
16.40683
15.10038
14.33482
16.57291
14.93525
15.59963
17.34235
13.33572
14.81394
15.39316
12.59043
15.43878
16.12818
12.66723
18.2916
13.77094
13.81622
12.94677
14.95008
14.82716
13.66982
17.08421
16.36346
16.25403
16.99734
13.88925
17.56644
21.94808
19.67294
18.23631
18.9546
20.36797
18.41488
21.23159
20.44227
15.04965
14.98911
12.14039
16.39863
16.5762
15.21626
12.66402
11.87044
13.1321
14.56366
16.70518
11.85996
13.4002
11.04209
10.37455
14.04453
14.9303
16.75183
18.60364
19.1978
