76.46829
63.91727
56.87189
40.45384
46.56623
46.51944
49.70471
40.67026
42.11072
56.57092
56.99861
55.87392
45.82886
43.83896
40.38449
52.47245
53.4496
53.25929
48.43491
41.49992
36.32395
41.22443
49.97846
56.86833
42.56861
52.61315
48.82413
49.44735
50.05939
52.25294
56.98342
56.86488
58.92045
44.2591
40.98554
45.49383
40.84208
33.74113
43.79659
41.58577
37.45657
50.50469
57.78962
45.69751
47.12609
48.54925
42.32698
40.01769
41.6974
43.02769
56.27666
48.46358
40.62439
41.84398
55.69354
42.22283
37.068
34.46117
48.13973
54.28055
59.94962
63.29435
65.73655
49.50791
46.52724
59.11938
45.83432
53.13054
56.3948
49.10058
54.89135
56.68851
54.93871
55.52414
56.9558
56.27759
55.43479
57.69615
54.97551
51.1418
38.11617
51.05882
46.86583
41.64429
48.57403
40.1407
49.76664
31.36364
38.70916
39.75066
36.94189
39.47827
33.9101
37.00841
49.03807
54.31143
60.99544
57.68637
51.01049
46.45405
41.62459
46.91545
49.67487
50.9452
51.33007
50.48423
47.07301
56.51436
47.88237
41.38814
53.22373
41.57401
40.71012
41.52607
52.62226
42.23258
39.24752
53.16566
40.55379
53.42872
42.78699
45.00996
51.11768
41.62254
35.05509
55.74927
44.11102
44.38407
44.2269
39.37277
42.40006
40.95326
46.4983
43.26988
41.18235
50.00933
61.23369
48.84033
58.45187
37.55913
42.03857
46.91189
33.94661
39.05033
40.19377
56.43419
38.48767
34.89444
43.66996
50.12858
51.49626
54.27418
51.5624
39.20249
40.20353
34.56418
38.88261
48.58277
62.39578
59.83666
51.95024
51.84891
52.43989
55.64331
64.73487
42.94976
45.09594
47.7853
56.30707
45.25216
68.95912
53.20635
40.87976
44.08852
51.55402
43.46754
42.7704
44.46493
42.70118
48.62055
58.43292
52.63509
50.41946
41.07239
41.95325
42.28096
48.184
54.85803
48.44436
34.80848
39.93482
44.8521
44.66193
51.99608
53.68746
49.00811
40.04432
44.71043
42.90852
42.17203
46.10564
47.99747
41.29173
36.98266
39.4631
41.4615
45.97609
37.71661
47.21445
42.32313
34.15833
42.79788
34.9639
37.88699
39.01067
37.65687
48.76132
44.01196
52.69554
42.33986
58.08463
58.65038
49.86941
42.14645
56.46115
56.07447
55.15059
45.27967
40.24297
48.80867
41.50201
61.07309
61.52158
55.61827
50.89049
46.5638
42.58904
45.21776
43.14833
40.09012
35.86497
48.84686
47.024
52.23786
56.83619
60.2938
60.01949
58.58419
47.6215
47.11349
45.9963
37.50161
50.42022
44.68718
45.50084
61.21578
44.38299
55.58702
46.93889
53.29118
53.92948
37.42919
46.92029
50.16251
42.47447
49.38296
64.47835
54.82675
43.93032
61.50801
44.52177
59.41112
57.8207
62.23381
58.76205
48.26727
44.0957
51.80889
51.6448
49.90547
53.84608
53.52035
43.06086
47.82984
40.25779
45.32919
51.09229
43.91707
42.9793
44.83971
44.63936
51.44348
54.46144
42.49975
45.03175
36.0126
49.2912
46.43748
42.41322
40.873
43.21676
52.29867
63.21239
51.69352
49.92679
53.93833
53.01082
63.6598
47.77298
41.13482
48.81285
53.64754
53.41955
39.41679
43.69666
50.70233
53.34265
58.26854
42.03168
44.06142
44.70122
48.49844
46.67826
43.21382
40.79203
47.18717
44.50535
46.00652
42.34291
47.09351
60.60647
41.92164
56.74323
38.16515
54.20081
38.78045
39.72626
45.48551
52.7092
45.54727
49.57464
46.56015
60.00557
58.25326
51.45881
48.91135
47.63761
44.60338
44.78589
50.68949
43.76801
45.98824
46.17996
53.55715
61.40271
63.33628
49.7085
46.5133
47.14504
48.86609
46.1971
55.11991
49.76484
52.41524
53.98362
53.66618
48.08152
55.96991
48.96757
39.03034
35.53075
42.19994
42.96913
56.83457
49.31032
43.9612
36.23403
44.1184
36.95924
51.53458
54.79191
50.6559
56.25057
46.35341
44.86841
45.23589
47.54867
42.71221
47.95987
54.44608
41.05754
39.80592
54.75842
44.0279
35.90022
36.69691
44.50057
46.35014
35.74335
51.29261
51.31889
49.0774
43.82314
36.44865
45.71782
55.941
53.69309
52.30228
47.46028
53.8722
58.58175
60.31033
49.49515
50.23727
50.64481
39.55275
41.54912
43.26696
41.48566
39.07219
45.88593
59.60723
42.23841
51.36623
42.32185
54.34287
53.2242
41.31676
45.60236
48.52291
45.68932
40.02465
48.1097
52.02071
51.64492
70.13943
62.82345
47.46046
51.8445
44.29192
52.66913
55.94193
40.55067
41.89426
38.83563
39.49384
35.4176
38.27244
49.65822
46.77274
36.77331
35.49412
38.68512
44.33472
55.09452
54.46862
78.08831
55.52852
58.96903
51.01496
44.1241
39.01063
38.68962
43.06927
46.65709
56.248
45.34844
74.14453
57.92408
47.80844
44.5622
44.23474
47.59452
36.43536
37.22792
44.3434
47.65144
45.34484
47.54697
60.78823
47.41091
37.90476
47.38072
55.61214
61.9129
46.00345
41.36921
58.55939
49.46767
48.01028
59.49081
44.71364
58.07396
69.78125
57.30429
48.85727
46.13143
45.6876
51.23922
48.41652
