58.34456
54.48985
54.08106
60.32173
51.1807
48.45639
47.75532
52.82556
47.54562
46.09609
51.86949
59.54614
51.11888
49.20309
48.49174
46.87228
57.79257
50.24796
43.62182
35.67856
41.8399
54.86624
43.58328
38.83643
42.53446
33.06445
44.12773
53.54316
57.42918
49.36793
39.49647
36.54824
56.27711
53.75016
55.92478
51.79861
53.27507
48.60682
60.548
50.6171
45.08238
61.80105
41.90034
54.44773
51.2445
64.11492
46.41843
40.38079
39.31118
51.86981
50.42439
55.749
49.78728
55.64428
48.513
55.29724
46.39799
44.27126
48.38338
42.48212
42.58158
39.59921
38.5571
49.18529
46.6827
48.14602
50.47659
49.44135
46.83567
60.36988
54.17384
58.41584
52.00929
45.36104
39.18243
33.52998
40.47899
38.14369
54.30385
39.37615
49.25681
50.93044
50.73186
48.38763
38.82604
45.21464
54.71452
45.51322
49.53817
60.2644
44.8343
47.43569
36.64893
48.55649
54.27858
40.71315
53.20245
58.96918
74.1376
67.19956
56.4594
66.79997
56.12985
43.89718
54.67519
56.67837
49.23268
53.50783
56.34891
49.30103
50.46164
51.95952
48.41871
43.52908
39.32124
40.78056
39.95115
55.89365
54.57699
48.44451
56.67365
52.33828
40.8952
46.80213
51.87781
41.63021
45.59024
52.3976
47.31878
48.78509
61.34998
40.41997
52.36494
50.67283
58.09786
48.29138
49.58161
65.83367
51.23095
44.94921
44.88826
41.52619
41.70433
50.80064
51.45558
53.33465
48.02868
61.02051
48.88463
39.10245
49.06248
42.19431
46.35634
53.63262
49.59364
42.40516
35.07594
45.93153
46.43858
47.18459
45.94821
35.77942
43.91786
50.70674
39.29333
52.40732
49.0156
56.83136
46.22696
41.62374
57.50194
55.08741
50.2233
52.12324
50.41711
54.54156
66.28659
53.48694
64.27127
56.21186
60.94906
59.05549
59.78156
41.80155
49.504
41.54462
51.3474
40.69991
42.12146
44.48398
36.77913
32.7825
52.34969
50.73077
54.32926
47.10979
53.55086
52.969
55.7916
54.34028
46.61095
43.02899
39.56206
45.13574
44.51675
39.63259
49.35487
44.21825
44.15727
41.76952
35.53686
45.96718
54.31406
48.82622
49.20231
47.70092
44.40008
66.50372
50.31165
47.19683
42.16076
51.73169
57.08967
59.91592
55.10733
55.0231
52.10204
48.62728
41.44665
41.77557
37.53396
46.7612
47.035
53.91074
45.14042
44.9205
46.76467
52.15014
52.36672
48.49056
51.87542
42.2494
44.26056
46.62619
43.51554
54.30028
53.48524
46.73989
66.28423
53.85252
47.5025
52.54312
56.42795
47.72546
51.90088
47.37446
44.35565
40.83189
42.71322
42.29062
45.99328
40.17993
46.8024
40.87831
51.98256
48.31473
57.05305
44.94218
45.5692
37.34044
44.79559
61.68057
49.21401
47.25949
49.84925
52.63526
48.66126
37.75884
45.3911
38.87137
40.51262
58.61311
58.54597
46.23126
47.33683
57.23962
44.55235
39.80141
43.12179
40.96675
47.52708
44.39429
32.60059
40.224
44.74616
46.66975
45.01278
41.3886
38.27193
46.58247
44.25141
44.92352
44.51827
44.65494
51.28116
64.73156
60.12261
54.6813
51.86805
58.74491
63.63544
49.61821
37.13313
39.37649
41.28289
47.24537
52.19699
44.96809
47.65002
57.35289
49.11864
59.82848
58.61148
56.30119
53.34645
41.35254
45.25512
42.23194
57.66157
54.69857
43.45468
54.99043
53.81674
57.34509
52.76494
36.7583
38.96178
44.12001
40.09459
52.2119
45.74348
38.81451
48.7866
54.40484
64.25233
49.06447
50.01859
48.00451
49.42111
50.27109
47.78182
36.74898
39.50693
49.56736
44.94012
46.05096
56.49235
42.16339
45.59894
66.00906
48.53842
41.6383
55.08606
42.13876
51.55784
52.7259
49.27426
49.33628
46.37229
51.02902
50.56719
36.86449
42.55521
47.14541
57.4001
52.97545
45.01874
48.84063
52.05765
50.35966
40.39272
38.22386
40.39564
53.78413
54.51508
50.78147
37.89606
36.53039
47.60614
51.58437
53.42639
48.22618
47.6381
45.94364
42.77169
54.54563
51.16919
58.40638
51.81122
44.33115
52.83192
44.43148
38.41517
39.13781
52.54353
48.84526
38.98501
44.03388
53.4364
35.33259
51.42483
56.05125
44.91368
45.93838
33.85613
58.47822
57.32639
52.69582
47.25752
53.83436
63.45665
45.20069
50.67539
48.90293
53.99775
65.62067
57.00208
49.46478
50.08551
51.72352
46.50776
56.97899
55.00163
64.20168
41.90768
49.27326
49.03078
45.87199
49.59871
48.32984
37.88964
35.14262
44.16665
47.01856
45.98911
49.90392
46.58769
56.66673
60.19063
56.27227
54.32025
51.56085
47.33719
44.98319
48.61526
47.83648
46.80228
37.36408
38.36127
43.77008
45.52654
46.77143
41.03192
52.05735
55.62005
47.29147
55.14706
48.68299
38.54393
49.70345
50.39863
40.79089
48.02549
59.28834
52.2373
59.77915
46.82914
43.95821
45.52267
42.00275
46.06772
40.60171
46.31833
43.39961
53.9006
58.524
49.34505
55.12789
56.75744
50.90968
50.91995
49.96076
58.59161
47.88017
58.33133
67.17749
49.97493
51.04893
53.09582
51.3157
