84.18335
86.70736
87.8719
86.92476
84.9397
86.20139
84.32226
85.39594
84.7585
84.52242
80.48652
77.67083
77.26283
78.35589
75.2378
85.79325
88.71433
91.24782
89.29434
85.25805
78.57677
86.29667
88.2852
85.72005
83.52344
86.57736
84.50191
84.31252
84.43819
86.01125
81.68289
81.21653
86.06348
85.82001
85.59339
82.58883
80.67556
80.49873
78.85847
72.67641
69.07769
69.03087
75.25451
71.89057
70.43138
68.30263
64.93282
64.47722
68.90807
63.34076
68.31374
66.11321
64.07344
64.3566
63.53665
67.72601
75.54523
80.13692
79.23358
82.88787
86.17355
84.9519
85.16433
82.5033
79.91397
84.0648
80.66363
77.72996
74.92771
77.09128
70.49677
69.58744
67.72826
68.69646
69.46566
66.79912
66.73282
71.4355
72.0607
72.87446
75.80125
80.03924
79.0283
79.19622
80.71781
81.36258
80.08807
81.68315
83.66117
85.27622
80.70408
80.41708
77.41885
75.26127
70.11713
69.93338
66.12275
62.11485
62.26259
68.84861
64.43022
66.95607
64.81603
69.53315
70.59266
70.77219
67.63638
69.07746
71.4034
74.18927
73.02861
72.74474
73.75883
71.94812
70.32089
68.20945
66.76745
61.98018
64.62661
59.09364
63.99937
60.86215
65.88068
60.62587
58.81131
66.0968
64.57845
72.47638
71.25564
74.45704
78.50751
81.67288
79.35971
80.29819
82.71916
85.42579
81.09714
80.2079
85.17724
89.10414
88.47925
87.11819
86.26757
88.85675
86.15545
83.21727
82.46614
78.25551
75.38401
75.8576
72.65927
72.89468
73.04603
75.66957
71.45651
75.07059
68.77425
61.24053
58.91504
62.89781
70.20953
77.24231
75.71174
83.87262
84.89241
83.62154
87.98188
85.26353
83.96988
82.86198
83.82988
82.85412
84.45194
83.35221
81.29164
84.83475
87.66589
87.06223
88.81692
91.97332
94.37196
91.21781
85.47787
90.26455
87.90758
96.84885
93.08968
98.31242
103.1792
95.26423
89.311
88.18652
83.62691
83.3135
87.27985
90.95857
91.94562
91.22324
93.10726
95.24788
95.62115
97.1751
96.32892
100.5247
98.10228
94.98292
90.63505
94.2302
95.61193
90.67613
89.20815
88.71017
88.73064
85.12628
85.5564
87.18723
82.37278
86.34115
85.40265
79.74529
78.8392
80.50791
78.5213
80.045
80.24065
83.39225
78.65535
79.02489
83.92605
81.24927
76.38617
76.19125
80.82539
77.33082
75.16758
78.77688
80.00896
75.99798
78.75037
76.95232
79.53547
79.16663
78.25094
72.60093
78.22465
74.85076
75.09806
79.32234
79.56731
82.10141
84.29035
90.63934
91.20136
96.36017
99.29755
89.77029
89.32587
91.01486
90.94274
87.61448
89.22821
84.49281
77.0116
80.26217
75.50479
75.2947
74.39986
79.45845
81.28938
81.3689
83.24934
85.54917
81.10544
84.5276
76.60794
76.79946
76.91331
77.44704
75.56184
80.88961
79.39706
81.10654
83.14966
83.93197
88.63674
84.99506
83.91443
80.46373
76.73157
77.006
76.94982
69.59648
70.69571
70.71152
70.60704
75.78639
75.26383
75.11423
75.29959
75.94189
75.27174
74.20128
78.75886
79.86701
77.33468
74.05436
78.04929
77.04264
77.38176
76.32087
69.93832
69.03636
71.03056
71.30491
74.32044
76.7484
76.39859
78.1334
79.00591
76.97567
76.70695
79.25955
74.40435
71.68593
72.70186
74.89616
75.35614
71.01366
69.65353
68.02342
71.53801
77.16459
74.31254
70.63295
71.62999
70.35825
77.1432
79.57657
81.96013
85.68764
88.92287
87.51366
88.64024
89.46537
80.68812
85.54512
83.40437
86.02719
82.66983
84.86824
88.13588
84.79444
82.94953
84.92481
87.19236
87.88109
89.21567
90.39406
84.33382
84.70541
85.09478
88.96081
92.13122
94.86356
93.29093
101.669
108.6472
105.9998
100.4186
98.79424
100.6369
96.35158
90.98583
91.40972
97.132
97.66416
96.44131
93.83787
88.51016
87.90262
84.93819
89.58893
89.44474
86.106
87.92026
88.16076
91.21844
94.28042
99.26445
99.15274
96.97516
94.84462
95.26603
99.1055
106.555
104.7522
97.63952
98.80558
97.59978
95.26026
97.09278
95.3024
96.31288
94.3901
99.50263
99.73165
97.03912
90.64133
97.47257
98.11906
93.52543
97.28861
93.65507
93.81527
92.15439
100.4394
99.4739
104.6341
100.4101
101.1985
103.8028
101.1888
98.18497
98.30312
96.14699
95.86479
97.81948
99.04935
104.4727
100.1122
99.02653
105.5979
102.7733
100.7024
99.15185
95.06552
91.47296
91.52745
92.43738
89.99902
85.82743
85.84207
80.15885
73.44019
68.04598
66.74124
74.68441
71.99769
73.15358
66.73337
68.48822
71.74208
80.30503
79.05661
77.97356
78.52192
76.0655
73.37161
72.07305
73.28987
79.61765
79.0889
77.27111
77.61036
75.14229
79.36248
74.35787
73.50096
76.42113
72.19113
69.20406
67.90159
68.20783
68.2573
62.50213
69.43798
67.69005
67.29506
66.51956
68.45254
69.87817
66.15706
57.69252
62.30874
62.7301
64.55541
63.64881
60.9105
63.09638
60.15613
55.94618
55.69251
56.04404
47.59753
46.20125
46.61599
47.83073
52.7457
54.40928
59.29855
