0.4824492
0.5596129
0.8534751
0.3635066
0.5269752
3.268605
1.207265
0.4766876
1.221181
0.7884242
2.430255
1.00718
2.301869
2.94223
1.678168
1.235598
2.603172
0.3799008
0.4290434
5.820758
6.330291
2.195331
1.938085
2.196995
18.04179
2.16445
0.7048214
2.007286
0.5883913
1.887483
2.381585
1.590991
2.004951
2.721684
2.669128
3.455565
2.526719
1.364137
1.364579
1.05919
7.36323
1.812432
3.686475
1.12286
1.00426
0.9782769
4.193908
5.375726
1.703798
0.461841
1.068255
3.383023
0.8080534
1.707656
1.588173
3.720355
3.739303
8.653636
4.046911
6.437457
2.160617
1.947651
1.494203
1.013349
1.160387
0.5745807
1.581389
1.139552
0.619884
0.902264
0.4849283
1.638563
1.002973
4.315763
1.798585
1.117462
0.5396417
0.6251478
1.059747
1.753865
0.6028852
2.1014
3.150997
1.445464
0.3913881
8.405009
1.589688
0.6386875
2.033628
1.695101
2.288461
1.546338
2.292146
2.525904
1.891331
0.6551867
1.413743
1.180721
0.869625
1.121173
1.434524
0.6562169
1.077401
1.348287
1.551871
1.690729
1.47479
3.431869
0.99635
2.147393
0.6952751
2.340032
1.572796
1.062316
1.606956
18.50612
0.4034699
1.017447
1.026164
2.216611
1.059627
1.795563
1.529823
1.995464
0.8428765
0.6151875
1.443833
0.9712343
2.015796
1.278395
3.531201
1.20015
15.98962
2.105029
0.9769201
1.589612
0.9308493
2.42189
1.65601
6.563508
1.032595
1.190482
3.242675
0.8186122
0.7555504
0.7460068
1.458731
1.027242
1.468124
2.572052
1.432153
0.8692405
0.8310606
1.690725
1.15454
0.7455218
0.8521016
2.959883
1.528808
1.514307
1.207655
0.9035671
4.125039
1.183192
0.6602937
0.6923732
1.384222
2.972965
0.8890371
5.417866
1.177425
2.120032
2.774864
1.625226
1.896004
3.665298
2.385692
0.7813139
0.9584297
0.8915197
1.245966
0.7906899
1.094697
0.3682204
3.203999
3.233735
1.363118
2.87599
0.6129471
5.265475
1.060432
1.697454
1.461567
2.881928
1.841766
1.217678
1.277526
3.611844
2.521287
3.487731
1.567923
0.4922166
10.78673
1.670868
0.7687174
0.911159
1.524273
3.174646
1.68498
1.529092
1.935341
0.6224255
1.203686
8.675216
2.301309
5.09725
1.768261
4.755495
0.6608477
1.017005
1.143264
0.6083086
7.445274
5.733607
18.03749
23.18962
13.77459
31.10602
13.48257
15.26221
4.717554
5.308454
4.22417
3.394934
6.697916
2.280354
1.001184
0.6242615
0.633026
0.8467484
0.6073586
0.9693721
0.9092861
1.905438
0.7211064
2.046063
1.366671
1.623779
3.81079
1.370314
2.421739
0.7762082
0.9860254
0.9672915
2.529516
2.188266
3.17855
1.389412
4.544166
2.969007
1.599696
0.8606453
1.465103
3.152669
1.12731
1.83763
1.114371
2.512171
1.215272
0.7458619
0.7400423
0.8430048
6.006859
0.8972968
0.5205667
1.851223
2.922081
1.051485
0.8661302
0.9348012
0.599082
0.6557612
0.6278483
1.111883
1.961444
1.367456
2.237141
0.9853008
2.121854
0.7060836
0.6478931
1.220259
1.639089
0.4425898
2.762952
0.6575398
3.659539
0.5517612
0.3690725
4.587082
0.690009
0.6547501
1.436766
0.4441262
2.813544
0.8040189
1.583619
1.381977
1.498193
7.997257
3.353203
1.449675
2.43946
2.807162
2.071963
0.7639062
1.623619
0.5713479
0.8510097
1.285212
1.189228
1.45099
1.657454
0.896656
1.151508
1.317108
1.7871
1.195278
1.332434
1.504854
3.490545
2.992795
6.354587
1.203375
2.083491
1.237112
1.87277
3.172876
2.191064
1.204564
1.039298
1.321186
0.7411561
2.629379
1.336675
1.785602
1.129815
1.008337
2.820267
6.169729
0.997469
1.167931
1.486309
1.239431
4.827697
1.313267
0.4905542
0.5905903
1.236568
0.5454993
1.238403
0.924516
3.096816
1.878946
0.7704847
3.754955
2.383564
3.392686
0.9786314
1.924887
1.990721
2.759662
4.38268
1.026227
1.192135
1.013567
0.4434471
1.712739
1.113408
0.7319905
2.405363
1.090918
1.471967
3.247644
0.3535926
0.6595395
2.002636
2.877036
3.211065
0.4936385
6.330071
3.076592
1.436547
1.531549
1.96798
1.122024
3.917792
0.4581705
1.603585
0.7645852
0.8427491
3.077797
1.566347
3.337591
1.611122
2.963098
1.284298
1.882639
1.111863
0.4964893
0.8586156
0.4850147
5.16655
0.8602344
2.623298
2.6453
1.757247
1.363769
5.803024
0.5920425
0.9003936
0.8951422
0.8279852
1.273124
1.695653
1.70367
1.14602
1.308989
3.754844
1.316276
0.9194073
0.8232552
1.003229
0.840276
0.8025584
1.696172
1.356928
1.105368
0.9953904
1.376876
0.9084847
0.5503227
1.620167
1.707286
0.8362034
0.6757864
1.331467
2.382651
0.8577142
1.013054
0.816573
1.344581
2.072596
0.6916759
2.282086
0.8072275
0.5681596
1.314543
1.48221
2.347025
3.445466
0.9432416
0.7281063
2.094595
2.069981
2.922697
1.652158
1.244299
0.3005465
0.5840248
2.334655
2.047935
2.824882
0.7277134
0.5515002
1.580579
1.843716
3.117928
0.723745
0.3787879
2.265434
0.9555988
0.6373225
1.627502
0.7516401
0.9462658
0.8186874
0.6930865
0.9907194
0.5680688
1.252065
1.854058
1.804167
0.708762
1.159387
0.2939029
1.565565
4.328496
0.9219438
2.454965
