50.10378
60.11945
58.59985
59.89126
73.11081
77.34911
45.43551
34.91687
37.81924
44.46237
78.89461
116.3212
119.8686
138.537
113.8256
130.4722
150.8049
113.2474
64.92198
67.16276
88.74842
57.69145
59.28111
61.66249
32.30633
30.79559
37.76293
45.27529
65.48384
87.57944
127.5224
150.2048
150.827
142.3828
192.8405
175.0291
179.4316
122.1556
117.9436
100.2272
99.06271
78.91735
75.45841
57.36655
52.01097
58.76528
63.28588
85.20776
83.03834
97.05208
90.97904
97.04802
111.4227
101.7202
98.65204
63.31365
57.43513
38.0076
55.65241
54.95457
66.63807
116.2868
112.5341
129.6471
149.538
173.8042
168.3384
152.8264
174.1586
126.3604
94.13436
65.69735
52.39358
46.03025
51.35415
57.55739
60.50636
51.38994
59.36424
80.14811
50.0911
41.63608
40.50604
50.11925
64.62984
50.06696
30.72166
38.41989
26.49503
41.85201
40.26769
53.25486
53.53255
64.84084
75.45619
73.12735
110.4002
121.8115
119.2185
77.59245
95.26467
84.25337
111.69
100.2737
106.8036
112.815
126.1083
88.7578
102.7965
89.29556
131.0199
130.4395
154.9921
168.3318
157.1009
154.1667
165.4954
92.54777
76.24413
65.35328
67.72636
43.63755
42.6832
71.25742
40.48561
42.4115
53.11373
69.91894
81.08852
85.7125
85.06621
82.8034
96.6822
115.1624
119.3238
111.0145
75.90168
102.8639
118.0283
189.3159
256.9268
184.1415
204.8574
208.5729
230.5141
144.9525
134.3622
108.4657
96.50839
71.72499
57.91056
55.47838
57.97053
91.23949
113.628
116.9127
180.7468
227.6723
153.5311
86.28793
129.985
156.5009
120.4892
93.31447
83.94274
115.7138
97.98856
83.20683
95.6922
98.93442
108.4186
113.1083
119.1958
142.3805
95.45624
85.0176
91.14204
53.2801
41.11453
40.20576
50.62356
78.72806
82.64483
114.2542
98.38045
71.1079
101.6086
88.86338
111.5141
65.76312
87.75025
77.34433
71.69936
70.44795
65.95603
64.07615
58.61516
46.74506
26.66966
29.89894
42.61196
32.08234
28.2354
38.98207
41.03457
47.96834
38.99217
43.04966
37.33677
49.17273
59.36817
69.56896
69.95331
81.44592
77.72598
107.1325
221.9794
204.7792
186.9873
210.6246
244.5282
213.5999
157.9583
122.2061
80.27484
65.23928
70.03922
28.53791
26.41683
46.36295
46.14285
90.79614
63.20158
44.21688
71.67506
68.84121
70.68151
89.80021
70.53765
69.60768
112.1587
125.7311
112.6654
135.052
141.5346
128.1746
114.7301
166.3777
119.1911
118.7689
103.0274
137.589
130.3023
112.6337
126.6656
128.9404
85.10619
126.9364
158.5058
75.40624
99.20862
70.47305
60.60879
83.70357
72.345
69.42273
94.46482
117.2621
128.218
173.9248
214.1844
181.1339
188.783
190.11
185.8236
220.7484
121.8026
106.0358
101.0992
111.9159
149.3815
107.1244
140.0825
181.6718
257.7813
136.906
150.2906
162.0486
127.1405
107.3253
140.438
135.2611
138.6942
61.32226
65.21557
87.84197
55.37325
43.9755
46.81996
32.98886
38.86006
39.59996
35.10701
31.40201
38.5514
59.04707
47.49263
83.13106
73.07696
104.0143
131.7987
136.3577
130.4633
127.3273
87.74137
97.81141
134.6812
127.5859
153.1572
180.8253
171.6036
123.8643
184.1087
115.4904
154.0234
154.8158
113.392
99.70788
81.97329
85.17797
109.6036
90.62605
65.70636
71.13836
90.20383
127.3139
100.8799
57.1169
73.04173
60.14155
75.64688
137.0045
153.3256
156.1521
201.3388
174.6471
187.1431
132.4037
120.8783
106.8544
96.93558
110.7912
99.87394
80.98171
79.60794
117.233
85.29391
102.5875
122.2815
125.7607
97.02182
89.62609
92.64775
71.28733
84.88138
71.5142
62.48281
82.29807
81.27747
78.02601
82.5301
93.21208
86.61432
100.452
92.91367
101.3783
113.7013
160.9305
145.3203
219.5181
250.7507
240.8381
360.8247
309.2473
316.5368
344.0405
313.6305
313.7647
409.3386
405.2695
295.5522
269.0158
207.7982
199.7257
288.35
351.6007
366.063
340.7321
304.1844
175.4584
147.1442
155.7956
208.5568
186.5334
118.9392
98.22906
115.2752
113.7687
134.2167
109.2759
84.98955
127.0539
144.262
180.6816
244.3424
344.5354
397.6488
348.2267
388.7474
305.6281
228.7896
158.4357
152.4126
144.1138
115.5362
208.9424
180.0823
149.4647
104.5464
145.5042
151.5627
197.7502
192.0599
186.6922
131.6477
169.9634
169.5459
138.678
267.9831
257.8475
196.6496
148.2765
154.7013
114.1939
176.1747
131.5589
162.0061
168.9453
173.3361
119.9192
134.4903
136.1396
134.3028
109.1922
107.4309
83.85665
68.67961
84.65503
104.7749
121.8653
154.675
190.2692
190.2693
192.0932
268.3986
264.2361
290.5605
407.9569
352.6908
307.7038
255.1403
315.7616
348.051
384.3097
255.6347
213.3957
118.1324
97.47786
90.69201
117.7291
96.23868
103.2712
109.1624
140.26
76.32664
83.60083
84.94054
71.76531
68.44761
89.12934
107.5472
118.4044
129.3716
105.7511
124.2206
76.46916
71.14205
40.61118
56.21634
42.35472
