102.851
103.7085
105.3248
106.4583
107.5477
105.7483
103.8531
103.9142
103.719
103.1681
102.7153
103.8059
104.6185
104.8829
105.5695
106.0618
106.1894
105.816
106.0274
105.858
105.6519
104.5741
105.1242
104.2436
105.0284
104.9195
104.67
103.9755
104.657
106.4511
105.4921
105.8979
105.6218
104.5431
104.2159
104.4128
104.505
105.0997
104.9871
105.9411
105.4043
105.9927
106.6278
106.8847
106.1194
104.6476
104.0191
103.3814
102.8399
102.9038
102.0121
102.7888
102.0604
100.9609
100.4228
99.89472
100.2184
99.8403
100.7307
100.9253
100.2398
100.0147
99.81522
99.59208
99.26084
98.95899
99.48697
100.2989
100.7206
100.9577
101.3849
101.554
101.8608
101.7378
102.0125
101.4783
101.9165
102.4484
101.8191
103.3038
104.2261
104.4216
103.9399
103.7001
104.9955
105.6679
104.3862
103.5586
102.8589
103.5487
102.6503
102.5069
102.2976
101.1878
101.9596
102.9651
102.6884
103.2774
102.5984
102.4082
101.1952
100.7915
100.8859
101.1791
101.1706
101.508
101.8572
103.0017
101.556
102.6237
102.1208
100.7608
100.6068
101.2288
101.9589
101.5504
101.812
101.6321
100.5211
101.3215
101.8741
100.7306
100.1593
99.57432
99.60405
99.37956
98.86241
99.43142
100.41
99.66695
100.0722
99.78439
100.1951
100.035
100.4594
99.89293
99.27924
99.99418
99.33775
99.90093
100.263
99.44537
99.78211
99.72273
101.1962
100.632
101.604
101.0559
100.789
100.4512
99.7457
100.8468
101.4338
101.9146
102.0332
101.4497
101.3193
101.8223
101.4214
101.3906
100.4236
100.227
100.0142
100.6258
99.40705
98.91749
98.67519
99.16127
99.1041
99.4768
100.9029
101.3905
101.8352
102.5195
102.7404
102.6839
103.8807
103.3071
103.599
102.9665
102.0199
102.2238
101.163
101.1344
101.3846
100.9226
102.0638
100.8784
100.4498
100.938
99.86056
100.339
99.62035
99.24798
98.92785
98.04683
98.34037
98.6703
98.14587
98.75965
99.25007
100.1229
99.63279
99.12372
98.9827
99.1752
100.1557
100.5646
101.5849
100.843
101.4981
100.6803
101.0506
101.4395
101.24
101.3001
100.9515
100.6329
100.8732
101.4749
101.6096
102.2655
102.0796
102.9124
102.4528
101.4308
101.0765
101.3466
101.9709
101.1618
101.2772
101.134
101.9782
101.9291
102.1851
102.4771
102.4662
101.3712
101.3076
101.0783
102.26
102.5513
102.4285
101.6723
101.3145
101.0066
100.992
102.1086
101.4597
101.2215
101.4277
102.0483
103.1526
102.1564
101.5365
100.5834
101.0986
102.3054
101.9204
102.3477
103.4896
104.4969
106.1285
106.5104
108.861
109.1922
108.6722
108.6319
109.0974
109.6146
109.0244
107.1478
106.9304
106.5352
106.5558
106.8163
107.43
108.3417
108.8246
108.1652
108.1739
108.7949
108.9831
109.3981
109.5162
109.8384
110.4406
110.6
110.6116
111.2741
110.5206
109.1544
108.9639
107.8061
106.9307
107.5734
107.504
107.5786
107.8128
107.9193
106.9302
106.8198
106.4973
106.8032
107.5516
107.5221
107.5313
108.9529
110.284
110.7266
111.1575
109.8406
109.8009
110.6325
110.6202
110.6145
110.237
111.2995
112.4092
113.8327
114.2256
114.2955
114.0949
113.3715
113.0491
114.0192
114.8014
114.5678
113.5874
113.9321
113.4421
113.6186
112.6941
112.6998
112.9225
113.1931
112.9199
112.7654
113.4182
112.9678
112.1541
111.8928
111.8294
111.5503
110.465
110.4244
110.403
110.1906
109.5384
109.2142
109.2875
109.2532
109.3454
109.3664
109.0488
109.8931
110.457
110.5551
110.3896
109.624
110.252
110.3315
110.9302
110.8083
110.32
110.3857
110.5728
110.4568
111.2583
111.6486
111.5801
111.8087
111.1552
111.1983
111.7606
111.0007
111.5467
111.599
111.1203
110.5837
109.7496
110.3089
110.2416
109.6792
109.2125
108.3451
108.447
107.7703
107.5715
107.4163
105.8554
106.1935
105.1408
105.1989
104.1457
103.093
103.1492
103.3374
103.219
103.1962
102.0133
101.8641
102.5215
102.156
102.6618
102.7333
101.5399
101.6069
101.4469
102.4389
102.513
103.2786
102.5767
103.2169
104.1537
104.7806
104.9078
105.8839
106.0601
105.8664
105.7176
105.8797
105.7014
104.9149
104.7568
104.1648
103.4315
102.6897
102.9751
104.1673
105.7106
105.3808
105.4996
106.2471
106.8492
107.0253
107.1137
106.2779
106.0407
105.5357
105.7402
105.2181
105.3098
105.019
104.8688
104.8498
105.9128
106.2229
106.4181
106.6159
107.3986
106.8627
106.6909
105.3351
104.9236
104.6187
104.2236
104.2474
105.145
105.3326
105.28
105.8251
105.7415
105.0119
104.9783
104.4196
103.8833
104.8306
104.4441
104.8422
105.4415
105.8104
106.3124
105.8869
105.559
105.9053
105.0065
104.3562
105.7369
105.1206
103.9446
102.7382
102.5547
102.6558
103.7896
105.5456
105.1359
105.4549
105.5666
105.4209
105.385
105.9827
105.2015
104.7642
104.8771
104.6716
105.6781
105.038
104.8469
105.1258
