103.5914
102.0223
100.0157
99.64071
96.92514
96.06828
95.19982
94.0559
95.5018
95.27319
96.28663
97.32771
96.88717
98.53637
95.35555
93.50927
92.89363
93.87625
95.0891
95.52316
96.95628
97.95263
96.63569
96.59858
97.86455
99.13528
97.16254
98.56578
99.82895
98.19624
98.90212
98.87066
100.1153
99.54822
97.80216
97.78341
98.32912
97.45352
97.82576
96.58803
98.17405
98.57442
97.49592
97.49139
96.4627
96.81672
96.47786
96.13779
96.15536
95.72093
97.06794
95.08626
93.91432
93.30493
92.90463
94.43004
96.17232
96.96936
95.74855
94.51131
96.55633
96.18661
94.84816
93.85313
94.4729
93.99586
94.17858
94.71136
93.09003
90.3548
90.2845
89.84644
92.58842
92.71917
91.34139
93.88877
92.83791
93.03401
88.99073
89.60436
90.53935
91.42775
90.80799
91.71778
94.82922
93.78469
94.28918
92.74093
95.19644
95.37202
93.30902
94.08228
94.19264
94.93127
94.90575
94.43086
95.17483
93.83343
94.82446
95.90387
95.78952
94.60932
96.82826
96.31359
96.22731
96.16582
95.44336
96.47821
96.46113
94.12307
94.22138
92.71561
91.55542
92.87379
93.15785
93.0536
93.45591
95.37126
96.02386
95.72749
96.43225
95.0443
95.39313
96.37103
96.78468
97.1025
96.24224
97.48171
97.58199
97.57953
96.60328
95.27692
95.99364
96.18805
96.79478
96.81248
94.61309
94.55926
94.40736
94.4283
93.07301
91.50088
91.98498
91.34963
92.53253
93.27876
92.75464
92.77124
90.63336
90.90045
92.18077
90.74744
91.46019
91.57581
90.21062
89.64884
89.22686
89.52283
86.98188
86.96082
86.46765
88.50946
87.02578
88.50591
91.33235
92.07484
90.10844
88.0851
87.65225
88.58695
88.87005
88.39176
87.45581
89.05136
89.6601
90.56461
90.2353
91.23659
91.36025
94.10187
92.94734
94.66749
93.94049
92.59176
92.44842
89.93756
90.73452
91.71578
90.5507
89.91081
89.10295
89.60076
89.47594
87.87565
88.3427
88.93777
89.92629
90.63517
91.77154
94.01266
92.61908
93.03464
93.94574
95.68327
97.1068
97.17974
98.19609
98.62633
99.10118
98.22595
99.2767
98.92774
98.32523
98.14757
96.37622
94.3447
96.47211
98.21824
96.60105
99.40975
99.73374
100.0103
100.6966
102.326
102.607
103.2415
102.0174
103.5684
102.8534
103.6001
103.3897
102.9102
103.5068
102.6851
102.7668
103.7912
104.7462
105.8442
105.4218
105.0199
104.6098
103.7313
104.8282
107.1196
106.8185
107.2551
106.0302
106.3908
107.0543
105.0164
106.272
105.4478
105.2916
103.5336
103.0287
102.4672
101.0322
100.7307
102.1793
101.6461
100.0229
99.87843
100.5374
100.8337
101.5847
100.5652
100.7974
101.2201
101.2125
100.9696
100.7126
101.1199
101.0808
102.1834
101.5632
102.8341
102.8267
104.237
103.079
103.8158
103.8269
103.0169
103.2272
101.9295
101.9416
100.7935
102.3893
103.1135
102.1076
101.2157
101.6004
102.3443
100.923
100.8624
101.1218
98.84941
100.0357
100.9599
99.71529
100.3445
100.1169
100.0968
101.3801
101.1741
100.9061
102.5604
104.1607
105.2627
105.7401
105.9097
105.0149
104.0579
104.3469
104.4888
104.7034
104.3211
105.7117
107.0732
107.8936
106.7801
107.98
107.8143
106.4692
106.7637
107.2945
106.913
109.1973
107.3711
106.0245
105.064
105.0238
103.4392
104.4863
103.3076
103.1351
102.775
103.5568
103.1432
102.5321
103.663
104.1496
105.3102
106.3461
106.7517
108.1823
109.2207
108.8258
107.6329
107.5911
108.6671
107.0539
107.8291
107.5464
110.2598
111.1549
111.2517
111.4971
110.9876
109.1384
109.4814
108.9036
109.0784
108.3675
109.3947
107.5762
108.0839
108.9406
108.3356
107.1348
107.4266
108.3522
110.0561
109.4825
107.5342
107.9309
106.92
107.4369
105.6812
106.5561
107.6806
106.9432
107.2173
106.1593
106.0174
105.7017
105.8477
106.9549
107.7455
108.2224
109.1189
108.2317
108.9071
108.3579
108.4486
108.6801
108.8334
106.7267
107.3711
106.8556
107.9211
107.6429
108.2009
107.316
108.0286
108.0465
108.624
108.1586
107.6017
107.9128
107.2222
107.6333
108.5018
108.1924
106.835
107.5766
106.0951
106.0895
104.964
104.2426
103.2297
101.405
102.0318
99.9916
100.0511
100.9556
99.29299
99.82878
99.58511
99.958
98.96531
98.13657
99.2427
100.5883
99.78873
99.77962
97.98186
98.01087
98.7428
98.74095
97.82939
97.45899
97.75795
97.88826
98.16391
97.16326
97.44648
98.42371
97.81917
95.77858
96.32061
96.61937
96.04532
97.17281
98.17819
97.63521
97.53146
98.71962
99.15233
99.7046
99.93809
100.6668
101.5784
102.3602
104.0848
103.9707
104.3387
103.2279
103.3304
104.6084
104.2186
105.2199
104.4262
104.6218
104.1425
105.8342
106.584
105.1894
106.8652
106.2047
105.5924
107.3509
107.4267
108.0107
109.9156
110.1676
109.3736
107.774
106.1672
106.5431
105.3807
106.4437
106.7925
108.2712
107.4986
106.5983
107.2504
108.1824
107.5429
107.0239
109.0067
