418.5448
486.8015
357.0517
145.3756
264.6662
231.152
249.4302
355.9876
349.6313
257.1438
257.9045
269.664
174.2351
442.4566
350.1107
356.8961
279.7128
125.7121
281.2155
235.5669
345.2706
435.1512
192.8447
691.9718
166.0123
350.688
229.7649
238.8989
231.8521
242.5767
676.1593
266.4658
126.7259
333.8011
287.9967
1253.8
284.8649
685.0744
225.4739
236.8559
259.8128
207.3599
446.4213
223.1141
350.8802
618.534
405.4703
368.739
96.81881
396.2365
331.9492
132.3087
210.8318
223.6303
239.6716
152.0264
311.2511
207.9046
141.6291
143.4911
244.6917
1398.358
520.0185
224.3308
488.2145
152.2463
266.4334
201.2231
435.9318
145.9324
276.1054
315.7827
342.6327
304.6113
291.2495
229.5164
139.4483
638.9729
245.6162
258.7549
121.4834
110.2918
102.2409
482.8765
132.9788
214.3141
322.8391
406.4554
226.1022
191.4983
264.745
531.8805
317.4594
396.9991
263.2321
386.7268
152.1275
367.2545
301.8222
129.9398
252.0862
392.9022
135.1325
247.3082
297.6095
268.0639
472.4646
426.4095
312.4262
98.15994
162.694
154.9314
224.1908
263.6045
445.2642
231.901
208.0708
853.6227
319.3181
259.1086
273.74
204.1312
311.9073
292.5271
263.7484
405.772
1322.344
164.0406
602.2328
226.8901
224.1947
153.3487
307.6556
239.6683
425.2687
796.8039
212.0828
269.4295
218.3407
208.4905
258.2946
363.5788
510.8495
379.1783
169.2738
651.4157
415.0821
265.3433
365.873
376.4605
242.427
391.4478
619.8653
267.3308
129.7451
206.8803
452.1155
174.3877
126.2253
585.0372
325.4034
241.4073
155.541
187.9905
728.2432
302.4826
391.0237
436.892
121.586
261.6377
354.0121
417.8448
145.4094
177.2034
234.0467
1376.932
334.7575
472.9155
576.2481
239.5928
570.8385
219.7324
264.2505
194.934
362.7277
187.4633
336.9385
368.4234
278.3115
636.3948
690.4981
225.7613
116.0805
138.8523
270.455
319.8442
337.2093
143.9509
423.9464
195.2547
146.4406
365.0035
300.2687
410.0383
242.9435
424.6648
1561.382
73.38126
183.0039
206.5254
181.5241
490.5585
320.6111
369.1103
370.0266
251.3383
182.2667
313.0781
210.3205
508.4975
223.4338
165.1296
198.3713
733.033
262.7979
165.8752
306.2755
134.5707
181.0159
121.6917
393.9493
246.6435
401.3456
143.0873
139.8442
661.4828
628.6501
254.0334
1057.518
463.8378
211.2997
162.6192
846.3977
571.9862
371.3577
344.2247
183.4465
184.7119
1285.896
278.9868
133.294
230.8409
483.4545
505.8445
104.4703
888.5888
295.7868
389.5803
391.6043
136.9736
505.9782
297.5592
258.2879
199.3588
425.6574
231.7406
151.2859
338.0222
134.0662
318.2082
142.2916
299.0608
167.9327
202.4908
289.3446
1048.895
334.7295
1025.995
197.3728
299.5624
220.6519
143.5185
683.4841
156.7305
325.9834
826.5294
468.801
207.8641
877.1069
756.4978
225.5736
453.9202
241.042
697.0839
238.5472
489.6794
245.7371
340.7219
329.3675
229.8358
484.7093
387.6127
486.2192
250.438
687.0718
265.662
231.5333
209.4264
424.5136
381.2103
301.2959
272.6445
280.1988
484.6439
851.079
666.0854
708.5676
279.2694
311.8
437.7642
869.5493
355.927
183.0258
311.182
144.8966
193.9061
362.5241
327.9006
245.1679
175.9467
697.6457
141.7011
648.838
97.49524
321.0197
276.3711
286.5765
233.0238
222.9165
321.3178
305.2884
275.473
638.1663
578.7327
385.2218
362.2719
335.1451
605.9179
516.0835
91.50459
116.2346
250.9903
185.3774
734.1444
150.8777
190.0358
201.8817
182.9566
398.2693
319.4715
337.8055
149.3606
340.0535
258.6219
482.8155
175.9628
177.0163
170.1959
979.2298
150.1895
128.378
129.8276
405.083
110.177
631.0908
275.0216
376.1539
197.5709
329.2254
168.1464
249.2801
178.5509
258.5652
287.8497
127.0542
223.4877
440.8226
370.7691
268.0364
416.2997
657.7032
474.5693
581.7703
1179.432
456.2205
409.9997
636.7039
145.0248
235.496
395.9088
270.1431
1214.594
600.5032
338.065
540.6141
467.1195
276.583
229.4818
542.5187
216.7343
386.8342
394.0626
493.809
150.782
261.1405
209.0946
358.0462
270.8652
244.9406
325.3359
524.7454
832.8263
235.2251
281.2565
194.1761
727.6035
304.0676
226.2619
113.4363
204.3762
379.0778
2379.591
151.3047
373.6543
594.113
424.2308
229.4683
185.28
371.6383
588.4699
608.2867
190.3128
234.2936
351.467
107.7828
124.8861
293.3284
220.375
265.2175
189.6123
411.9927
255.0205
373.693
390.0597
156.3336
343.2254
250.5042
293.7953
267.68
442.6767
276.1607
232.7433
334.3879
188.9713
461.5414
312.1824
144.2828
197.3697
203.4936
377.6169
289.5971
84.3615
766.0271
259.2566
235.6209
196.9889
102.2265
266.7926
242.0315
291.0129
145.5139
243.6258
154.5456
261.7298
438.7759
175.5305
384.9494
232.0313
237.3156
255.137
177.1541
220.15
172.9079
89.95369
493.1424
862.3613
375.2199
124.3205
245.0756
402.6055
