72.75401
68.79347
66.02772
79.29562
76.88531
91.64284
96.35601
72.53252
82.68406
86.17149
99.77222
87.95829
96.73708
109.2389
111.3769
155.5477
160.4706
146.4495
151.576
165.9227
125.933
137.2293
122.5996
119.2931
137.6264
169.1598
165.4906
273.4795
369.8448
366.5865
365.2759
398.5113
488.8502
302.3539
341.9329
400.8758
481.8064
512.6051
616.6748
703.2563
680.2573
672.5773
732.8259
1041.39
1328.646
1158.362
1332.275
1324.64
1153.788
1548.873
1685.146
2440.28
3746.398
5954.688
6013.859
7474.872
8268.334
15607.81
18618.06
21117.68
29634.41
35049.68
64819.03
79216.92
84770.06
98309.68
95431.26
169510.9
207212.2
229796.7
357748.3
651904.2
2164249
6839148
33145629
46329227
43043059
42970731
40026188
42537183
38471863
38892104
41751686
40371402
40277578
37063569
45729226
39519022
39344275
39672324
44984027
37826055
45315830
43480147
46204417
40625153
46425786
42008534
42437743
40524603
39713142
37510437
43236547
38949121
39110830
45723000
43656116
38286346
37513608
41083770
41999129
39874246
41964452
41509449
41441441
38552532
41352859
47319171
36132788
48058898
42342407
34768299
35565346
45824387
39258366
42126700
48561578
39056174
47521619
42400600
40636517
40166580
42473124
42829281
41824710
42986895
34910867
39235836
45107877
46780221
37613324
38804628
36543970
38363143
47277411
42940103
42672043
40869896
43507137
40021913
42944522
34421426
42364883
41566169
46279484
39863120
41414456
33106088
36566823
42146321
40983589
42923788
42427389
40228669
50904622
42926431
43330739
40861331
44844104
43056735
40290390
42830814
47633822
37668323
46194595
37622983
38044801
45248247
47072782
43871874
43341248
43183859
38840765
39511302
38720941
42804733
42628088
39398624
38929021
43534175
39000903
41133175
40393631
41536921
40557523
44717059
40147873
47201025
45019726
44448702
42551883
46187554
43657948
41949778
43994913
43043220
42029047
41259456
38280757
40590575
42448951
41566969
43904361
40140274
37279021
47805935
42252373
43001482
40183314
43417827
41667332
42339496
42972142
43528732
40831307
40865741
39205120
43642454
41717115
37924026
44983787
38403952
40375887
46305293
38282105
40253236
42897180
41058080
40379153
43174674
39771183
41033573
34183314
41748435
40515635
47113668
36373754
42634278
39505882
38497557
40625180
41122575
42448532
43917086
40923664
40261498
38390854
31070159
45151744
46611762
38875618
42709524
37204705
36498753
38547074
39539204
39778106
38102658
38271057
36543469
37189543
43327498
43931587
39482027
43040127
39937938
44493308
43814922
46401044
34547077
44048114
43018269
38997607
45019050
41508579
41761331
35802960
39948360
41116953
45747616
41132430
43890220
53385960
34109485
39110365
43349252
40783031
38902916
34460677
48949850
41038167
42306599
42867739
43471072
38674639
38489350
43114597
40031580
41542883
37712075
41192354
38986529
37322146
42461578
45909937
44794516
44059436
41941658
42975469
41325352
40504393
41188118
37886895
43702711
39699662
37446704
43909613
47405563
44075831
39294966
41065662
41596331
39264018
42159430
47540329
36459185
37976306
41860587
37142043
42560748
42475485
43543416
39580264
41508946
35330273
40271465
40501467
40743724
49854524
37856689
40919044
45410757
38231678
39267192
41322834
40461827
42742643
38641345
39980937
42045792
46597636
42495651
39699204
38465459
40662858
38649273
46389864
39538243
43466588
39466651
43786877
40022156
41127298
39871549
38758906
38954845
41385117
39568946
44112928
40064697
39726221
45018002
37593386
35589286
43767009
40008481
44097566
42007041
39883788
39001089
48642280
39731736
41027429
43662786
40952530
45558130
38491154
42670647
41107846
45553329
40454345
45401681
42408870
42794901
41140252
39254643
41514508
41868222
40589855
50459593
41905590
36976416
32783600
38613990
40600131
44325958
41603849
49196832
44029041
37300346
44923030
46680375
37905579
41512151
36753043
42711994
42218286
47168114
35377599
39834172
38866647
34457336
46787543
39143819
42523112
42592832
38863813
42337774
41817997
42814990
40302153
45837843
41421610
43679965
40961950
37810021
49455216
40999290
36257795
39299843
39369567
37518215
37114550
39135998
45185427
40737721
40405162
35694930
37327132
43225497
43818563
42573662
41527887
38126227
36326334
43239454
46859941
44014636
39652883
48631357
41405999
42291001
43445286
34760474
40753023
37819936
44146229
40930503
42673930
38967865
41012721
48318170
48092429
46334367
42901826
45151437
41254806
49874978
44308521
44802739
46758706
34296412
41074634
42268803
35935053
37685952
40745140
42625759
47852716
43003476
