1097.123
651.8792
1788.308
716.9813
1805.197
3713.247
1722
1281.924
830.9654
957.7771
1586.53
993.0042
1049.609
1213.125
396.124
2610.213
775.1297
1091.676
699.383
926.9028
707.0425
912.9686
405.5566
1219.89
860.0174
660.9433
1188.054
3922.488
918.773
348.2189
738.8077
1692.688
933.0738
1948.987
487.9171
762.4818
696.7033
874.7535
674.6565
640.5197
1115.592
679.4316
503.1739
754.648
1420.466
678.147
1315.64
509.9302
411.0645
440.4479
525.3483
665.3747
419.836
638.6617
1418.616
485.5699
518.6231
590.4174
2298.042
922.3292
831.6893
1048.599
1123.169
1637.506
490.7856
342.4767
989.8351
838.6584
558.0568
1243.872
690.4495
1166.645
505.246
1184.817
916.7326
774.3689
1180.006
1504.908
834.4638
710.2668
1034.367
1547.57
898.4029
1188.124
962.2413
552.0723
1352.123
1337.329
819.0614
269.6942
557.9877
592.3014
4430.319
702.7964
945.2344
873.2961
542.6112
503.4603
1289.505
1283.474
1411.915
1587.042
2455.682
822.0103
1359.268
554.9687
489.8352
1345.953
1821.076
1017.929
1012.861
1017.986
1035.797
1505.211
1216.584
1527.295
2074.787
841.7779
1546.926
1656.939
1326.412
822.6731
879.2084
622.8524
1866.859
1243.33
1182.818
923.5437
648.0319
342.4178
705.6322
1820.094
555.1768
885.0332
700.2479
1267.493
2132.162
426.9829
602.4747
1075.056
713.7
4397.959
1965.737
1252.044
993.5701
851.6606
645.8114
873.9492
932.6358
1078.465
2817.439
1097.461
716.8554
1020.294
601.1827
741.6051
749.0009
881.2872
910.7504
1141.413
1297.135
646.1715
1818.259
1416.698
357.9304
1720.186
732.2778
623.5369
2303.688
981.9264
1120.558
1597.129
710.5812
916.9237
1445.578
943.6613
3033.74
514.2332
509.4462
544.2979
1331.604
1526.421
820.1106
586.7549
760.4383
740.4279
951.4305
2129.433
587.1562
2615.831
719.626
741.3748
397.8162
765.8211
547.9162
246.7151
2929.475
800.3773
341.5746
374.3516
801.2661
1006.663
1897.515
1414.579
2245.64
999.6617
1362.024
1155.091
1600.788
1952.262
1184.881
1848.68
746.8326
457.5801
1125.98
681.2129
358.6699
704.2748
1172.739
3154.183
1803.317
573.2968
3286.09
762.5096
649.2068
1150.567
745.1243
793.1279
691.8345
1077.387
3204.998
925.3228
1554.294
1069.353
1487.862
1406.423
845.7677
2884.343
908.9679
1658.535
1070.384
1415.972
1101.034
697.1411
2034
867.3765
746.0219
1804.801
1178.783
1968.606
697.6167
545.0793
780.7593
981.306
1901.158
1763.072
1721.458
399.043
5281.837
840.4601
825.8824
1915.896
910.6799
1267.068
2200.393
1296.752
14491.06
720.1551
1890.018
2001.967
1574.578
1701.756
1593.551
1036.303
982.5572
586.6811
1386.758
1940.083
874.3432
528.5035
1133.321
1289.02
1197.667
770.5452
1695.715
881.7978
2156.303
1088.827
557.5756
1252.032
375.3491
520.9497
799.1336
1493.921
579.1547
1522.154
730.8513
448.5106
2591.783
716.7481
1527.737
1086.335
711.0863
3249.12
957.4231
1469.063
1207.043
1527.917
5154.319
5027.939
942.946
1426.138
1445.066
2368.163
580.7559
871.7755
1633.81
1264.106
1664.24
489.5959
818.4871
583.2433
682.6448
2544.999
1004.925
796.1367
1193.648
745.9927
1428.632
658.046
768.4726
1250.497
487.2379
1002.091
985.4976
1248.175
505.5552
558.1937
674.2328
747.9608
1441.459
1404.209
703.0675
1416.229
616.9587
722.2123
1150.053
654.1898
1464.783
3103.162
728.0917
430.4539
915.1602
562.9093
1605.241
815.6944
748.2799
1870.332
1211.794
1116.88
1046.947
1128.402
2615.084
1237.268
1455.172
931.0022
876.0369
775.1265
1109.282
1037.079
1004.431
1510.645
784.017
1742.775
1681.399
425.9515
1600.895
940.3661
766.0362
2884.963
1111.892
3127.395
1252.851
886.1317
793.1601
883.9329
1203.739
749.9982
689.4005
744.4942
998.3365
1258.465
1455.921
926.4931
1572.336
1309.184
920.253
2408.093
1456.743
1402.417
1337.994
1947.756
616.1998
811.1487
817.3863
748.0521
2449.621
2421.402
1874.017
969.1121
1859.611
368.0313
655.4781
1265.007
461.3813
1681.37
777.7108
597.2108
454.9158
574.9467
932.4958
773.8211
462.9723
547.5221
480.7658
757.7338
676.2241
1512.749
1253.64
860.3854
732.0371
1353.278
934.4
625.9673
1368.623
726.5402
2351.76
1404.829
923.3991
1207.547
717.1057
1226.987
887.5228
468.3848
2755.343
841.4947
2126.887
814.2949
902.1585
1465.553
1027.388
2468.603
401.3635
1647.583
1057.937
589.8088
483.6923
1301.762
1777.316
504.434
1316.846
723.1912
1938.691
860.7359
1203.386
603.0659
643.1861
1259.85
989.0638
697.5158
4493.833
1051.49
1398.814
1024.466
4353.134
2061.509
8244.984
1778.819
2065.956
1077.602
1760.984
747.105
2251.88
766.9565
1576.284
911.9256
7852.78
1321.968
1516.973
1724.756
960.415
840.0798
1182.752
4979.376
959.2291
1475.37
1592.594
4036.176
1234.735
2793.306
