188.94
193.4193
164.0349
227.3132
196.4316
202.489
208.9576
198.4975
191.0678
167.0482
179.7479
162.6056
155.2433
186.181
176.028
193.0771
213.0735
168.3473
203.0256
171.0041
186.8266
174.5479
198.4118
168.2558
174.638
202.5447
216.0427
177.0812
190.7961
206.8493
156.2046
215.7962
209.4029
231.5425
171.1718
183.3552
206.6931
169.9794
174.3741
161.2181
186.358
175.2988
189.2719
187.6112
186.1317
187.8558
166.4122
167.8299
205.0661
180.4379
171.4694
154.9699
187.1266
190.7835
153.2875
205.3937
160.3019
169.2953
163.8923
219.7376
188.2275
221.2424
154.1133
169.6083
204.1555
204.3065
180.3616
191.042
188.8545
190.9114
213.0397
201.8049
201.5246
186.0916
191.5499
189.9069
218.3191
229.533
195.1214
171.9946
175.4901
181.9055
167.5426
165.7473
202.3141
181.1287
167.9422
198.3843
182.194
194.9137
186.9181
171.1787
158.042
171.4247
199.3985
218.4355
188.9167
226.5727
172.0419
212.2588
171.6599
168.596
184.1785
178.7167
176.5609
169.1261
178.1906
170.7018
197.3116
171.6477
206.4332
173.9506
149.8031
173.7391
203.6356
170.4737
183.2438
159.6551
178.612
200.1248
168.9695
180.0888
186.4937
174.8955
181.0283
184.3913
164.5345
231.8822
200.5827
187.6033
181.3235
158.9966
174.8089
197.7938
204.2309
167.1287
164.0654
183.3518
186.2304
177.298
270.0047
230.122
223.4657
171.6275
171.9144
157.029
167.4094
206.8077
216.3561
202.5862
197.0759
169.7124
203.3575
189.5163
165.8713
193.1961
159.3934
178.9577
184.3713
197.6653
212.6677
202.4744
179.2898
158.0285
181.0311
148.7661
169.0927
175.5456
191.4543
174.6269
180.5656
223.5152
205.4764
201.4478
166.783
177.3116
175.0931
187.0566
145.5629
183.4678
163.4331
228.6367
180.6721
186.787
183.4773
204.8693
216.9906
194.4298
215.5336
188.4949
174.2696
207.4763
168.2459
185.0166
180.8741
195.4799
160.9463
177.6735
174.3906
180.9628
179.4891
170.8506
192.386
198.8833
233.6373
180.3431
225.0373
171.6798
195.1435
154.7812
165.464
227.4725
186.354
198.6542
188.7434
169.2092
165.1806
201.1854
184.3688
207.2821
178.3893
215.9832
150.8175
205.9921
189.1764
149.9393
186.3934
191.9482
184.7068
178.3331
167.0198
209.8197
150.8376
174.8344
221.1657
197.599
191.3299
170.8437
161.6174
222.3565
155.0545
193.062
180.6912
187.7114
161.1478
172.433
181.8736
169.5398
189.8287
182.767
197.4596
191.7845
202.9905
185.7846
191.6889
195.0564
171.387
188.4519
199.9985
189.4437
218.4306
202.1733
224.2166
179.3405
203.0274
169.5457
198.7027
201.6297
166.3358
187.5022
136.5318
164.0855
182.8473
193.5551
196.89
201.5378
186.2987
190.7603
212.6067
186.2898
191.5096
203.1452
199.5226
176.7142
202.5744
191.6184
181.7252
150.6829
178.82
178.5792
195.5852
181.9971
172.205
160.4063
209.6419
193.3237
190.7471
217.9971
195.7172
238.7566
202.4173
159.0925
192.6735
189.7009
169.9503
190.3205
144.2326
181.3918
187.1265
157.885
209.5216
180.8172
203.3957
190.9725
183.8247
188.3138
195.2291
164.6526
220.6588
188.428
172.0561
225.9924
204.7605
165.446
152.9077
185.6849
178.6299
207.3937
198.0221
225.0895
199.6164
177.089
183.1242
208.318
236.0924
173.9371
199.1992
219.8637
191.5945
216.5262
216.2254
187.7182
170.0937
214.2353
173.8098
178.4682
163.8252
213.5619
175.7047
189.5346
188.7765
162.3665
181.6066
184.9384
201.9296
213.6391
165.7394
192.1442
196.4245
193.7801
166.7506
176.3026
176.4412
173.0737
196.1664
215.0244
191.7436
161.6276
153.0638
162.0116
200.7284
197.1292
193.3663
192.0796
169.6694
180.47
208.819
194.8718
203.069
170.6789
220.6466
207.838
229.5208
206.9156
178.9451
177.7106
205.4252
199.8675
201.7968
201.4886
186.4518
174.8843
198.2773
217.6557
194.962
163.6332
157.1976
205.8694
168.5261
171.3179
182.6669
157.4545
147.1199
186.9266
216.0376
222.4826
192.6578
178.1642
154.1231
187.1693
151.8385
189.4028
186.5296
169.3545
183.3565
183.4793
217.3943
220.0283
209.0853
198.3711
186.3546
202.4424
193.0027
183.2961
178.6699
208.781
183.6954
166.0684
166.2644
182.6215
197.5549
240.0169
183.3145
186.3801
172.8807
173.1649
171.7779
171.5306
170.7731
186.0774
140.6067
178.5038
189.2903
206.2259
195.403
184.6945
168.0231
158.6476
150.268
198.4941
153.9169
188.4078
206.8493
194.964
184.8266
222.0399
175.4705
207.7093
196.7851
193.9095
176.4041
192.8635
217.6372
158.6479
199.4536
196.3017
203.5469
205.7109
177.8788
179.3213
154.8805
157.1465
193.4296
192.9802
212.5621
172.7563
181.1357
183.1628
197.0035
190
158.3591
174.7245
171.9803
219.7431
212.9114
190.2988
164.4946
197.2546
236.6977
172.2096
198.1167
187.4204
188.6095
209.9609
198.4682
160.758
213.6146
151.9311
205.5707
178.6518
