47.88686
48.17781
41.67561
43.82129
44.88516
44.01348
47.42448
51.23849
41.04808
37.01835
47.98316
41.88435
46.72247
48.31606
47.8667
50.03255
49.22285
45.48406
48.26446
45.9797
42.55798
48.23411
49.28586
49.89028
45.99386
49.302
45.0591
46.80935
50.43597
43.21445
46.22131
50.22013
53.04914
47.43751
46.021
45.35915
44.51581
51.38348
48.24936
44.50002
46.96212
50.94222
53.51787
44.09743
45.89719
47.22849
44.22083
48.10546
44.17434
46.52241
45.75136
48.44769
49.54957
43.59458
45.42497
46.70609
50.54975
53.97096
50.54898
50.21562
47.9959
48.33087
50.3952
43.79372
42.59428
43.10259
53.99362
46.63795
52.87342
43.73891
45.19718
42.918
51.35599
47.22348
46.64921
47.07194
52.96162
47.46257
47.75698
45.03683
50.95521
43.52645
44.81705
45.92381
41.44267
48.01966
42.96088
51.51675
46.44938
48.70579
42.89097
45.2858
45.55101
42.86193
51.69692
43.0103
43.34914
41.40092
50.26241
47.00914
54.39677
54.53483
49.97204
46.48242
45.1025
46.28771
44.99291
45.10154
52.32346
52.02758
43.59103
53.367
46.17687
46.27816
43.13591
44.16218
50.30477
47.23666
41.89419
42.08513
48.16823
53.38077
44.14256
45.30646
55.16611
49.10798
42.27841
48.29289
46.16486
48.42742
46.5881
50.01621
52.67486
48.32044
46.69563
40.64731
48.51003
51.42568
43.88605
39.3574
45.32299
40.0165
48.19273
46.42835
45.26899
46.8644
49.76767
45.22985
51.05711
42.31263
45.91947
49.33943
42.99552
53.56148
49.0841
43.66367
47.35018
53.74629
47.40688
47.36994
44.65239
43.50284
49.01736
52.22136
42.74051
46.57653
42.78101
46.53755
50.70738
48.51579
51.6024
47.99766
46.85356
45.9945
40.54969
47.52647
42.73359
44.79012
45.57864
44.20889
44.96452
51.76141
43.87142
45.85105
38.54053
45.0316
45.5551
49.64985
45.25006
54.42812
43.08836
46.22397
48.44807
44.94486
45.2584
47.06764
44.45928
47.34647
45.34227
46.27016
46.93249
47.57066
45.96986
44.66756
44.31202
52.41507
44.27613
50.9535
43.41024
44.31929
40.32238
54.04162
53.92981
47.40544
55.15373
49.70843
46.59706
44.92157
44.63953
47.51026
52.96744
49.91631
43.91501
44.47473
52.08042
50.12844
46.3395
44.59347
43.52574
47.20775
44.92239
43.79874
45.43013
50.17003
46.5691
46.25176
52.32686
48.23038
48.38857
54.20333
51.09682
50.65255
44.71494
54.73756
44.06042
44.71534
48.36024
45.16995
41.79677
48.42239
47.57727
45.6155
50.57939
45.96768
48.35467
46.80582
47.91959
48.70613
44.2052
50.54489
41.72748
43.62571
53.17531
45.90527
41.42503
41.94929
45.74387
51.4567
46.99869
46.39515
42.64568
50.09321
46.4625
51.63169
49.23737
46.58489
49.75565
44.54175
54.81065
46.17695
47.98759
48.54087
46.45863
48.27809
48.7956
42.60388
49.11291
48.59541
48.81165
51.49347
50.57729
45.05817
48.79149
43.89739
49.08058
48.59691
54.45612
41.45656
43.84299
48.20461
38.65913
46.6139
50.24643
44.36076
47.12233
42.7964
41.54107
41.93161
53.09475
46.76878
46.19826
46.84077
48.13921
49.62212
48.96293
47.9166
42.25333
46.23053
55.48929
45.93498
53.61036
48.69744
49.18952
46.06623
46.47289
51.35551
45.63276
42.745
48.3357
46.37362
42.4301
44.75393
46.17083
42.20338
42.38588
40.28938
45.26967
45.51056
47.66489
50.47835
40.41212
42.49447
55.52517
50.33875
48.00071
52.38993
44.14895
39.20803
46.05334
47.91931
49.23838
48.52129
47.15543
45.15844
48.04263
54.77063
48.44374
49.74228
45.73043
44.92984
44.38699
45.88792
45.25793
46.49504
48.61763
47.36072
49.28938
46.28934
46.53103
42.6861
49.52326
50.36986
48.65141
43.91756
44.47014
44.52783
41.86009
43.57627
47.18299
44.59303
49.21997
47.87479
44.82145
46.37655
43.61825
45.5403
48.47029
44.80083
49.9682
46.73992
48.5407
45.59371
47.22042
44.98147
41.38209
44.47416
45.34199
42.55745
48.25942
47.04881
53.83033
47.13832
43.17402
49.82738
44.86076
42.91467
46.73108
47.40292
51.37287
45.04255
45.16576
46.87059
46.50057
50.63368
49.2874
53.54577
44.15639
46.22056
39.07516
43.9668
46.63967
45.76279
53.10669
46.61296
49.89401
49.41059
49.89734
44.52492
46.81235
47.56644
43.42322
49.35179
48.81634
43.51829
43.08712
46.19216
51.41781
43.23163
46.48021
49.08564
50.71999
45.68619
45.77753
41.87081
41.56566
46.66784
47.08102
44.31431
49.25216
47.90228
48.63708
49.25654
56.18485
44.86408
43.80416
48.86302
46.62802
50.33444
46.46048
43.00087
52.45444
53.77209
44.50925
49.65178
48.47595
43.20321
43.45974
47.09478
44.87528
45.38013
42.03267
46.8574
46.14177
42.10376
43.62967
49.96979
46.629
37.85411
44.00718
46.14827
47.61301
42.84714
45.23724
49.48292
44.3013
45.68615
46.79554
45.31237
46.67824
50.10062
46.32295
50.20836
51.38667
48.30312
45.82817
50.48297
47.66421
50.649
49.42843
47.04722
