190.8993
119.2756
88.34827
75.30561
60.32341
70.58398
60.06248
59.38493
60.47324
68.04048
69.72967
56.51742
65.79753
68.29662
61.42524
69.15561
58.82885
43.5704
49.86896
48.98679
44.9476
33.18991
35.68028
32.40995
32.05275
40.84823
66.16479
51.39879
37.42856
41.70703
64.61427
67.05947
61.26728
77.05625
89.80793
88.88392
82.77927
57.00244
35.3701
55.12063
43.88376
56.84291
57.94094
64.8111
59.01242
44.95136
44.61957
45.49662
62.48037
61.70083
52.42607
60.84141
65.7625
61.46507
60.16036
56.51732
58.29169
68.64425
67.94947
57.25668
55.61608
47.83108
47.63617
41.61221
44.25832
54.18602
64.23424
70.63734
93.17711
68.2273
120.007
97.53055
96.15587
83.42679
71.27309
70.95606
66.17684
65.28277
50.16246
41.46294
55.59102
69.3423
75.13595
81.03915
78.75135
118.4487
95.7021
90.02474
66.69849
80.85944
69.82144
53.27765
49.76356
62.10997
79.65108
62.33249
65.35806
66.9162
68.08225
64.15568
48.71201
44.68038
56.89254
42.70934
52.73483
52.35263
50.40088
34.50411
37.67701
49.58914
38.44193
49.36274
56.26736
55.64795
50.92822
46.43648
67.06084
63.41852
57.4142
46.49593
52.27521
52.58227
43.06414
50.90333
38.96632
41.4746
37.48245
41.54658
41.11656
34.47552
38.0035
40.78717
35.46056
49.8942
57.18085
45.03221
40.73869
45.91948
40.1875
67.91317
46.43144
59.47869
46.95887
40.44148
27.85954
39.28356
47.20136
33.29166
30.88909
49.75907
45.12555
53.90685
61.90861
59.646
42.87914
41.76643
28.9594
38.55327
56.11741
78.92013
52.65549
52.74101
60.44319
46.78577
40.57437
59.92118
69.87333
70.79991
59.64092
73.30788
54.4637
65.5205
46.02581
63.81157
59.9382
53.61748
64.24175
53.40057
51.53221
46.14472
48.78668
52.8353
48.92533
48.54863
43.18156
41.91305
38.83538
55.64585
61.50585
48.52614
63.98881
77.24279
57.14357
52.54164
51.27027
52.83918
57.4628
67.74425
60.71542
73.71048
86.39106
103.195
115.6647
75.95567
59.419
73.77958
65.3376
56.87211
59.29882
75.42667
57.86575
45.06583
50.42522
48.08203
47.44564
46.50802
51.76597
71.64122
67.15398
58.72856
87.56476
98.08843
76.67063
74.39299
73.28823
77.94539
67.75457
44.58181
52.33862
60.61284
59.73912
62.44543
75.76873
78.47567
60.73451
47.33281
50.99206
57.27565
53.0842
45.35462
49.67399
38.4975
36.58844
36.38872
37.91753
34.92386
28.35745
37.58782
36.01496
34.73632
30.0719
41.44964
36.00019
45.62409
53.22863
62.49188
74.71567
78.03329
57.76121
53.73005
50.90939
49.89775
50.01865
59.89443
52.98121
70.35783
50.0843
62.7115
77.53043
65.40423
57.81373
59.81876
78.28815
56.44738
44.06171
43.56126
37.0207
39.65634
33.71619
40.35523
46.50596
53.03035
37.75685
35.74763
41.99152
42.23186
49.37418
50.4595
57.88313
52.7214
73.16247
43.94173
43.76107
47.40314
53.34063
60.91009
62.54281
71.77584
71.60943
77.60184
65.64486
49.04404
43.73825
61.378
53.02642
53.13081
41.919
37.96065
61.45194
54.56854
50.08622
52.26455
64.22634
56.47621
74.68273
65.60098
56.58994
65.08697
49.93352
45.27119
46.50739
50.05142
49.52431
49.97022
41.13829
47.06674
72.60631
55.4259
52.32288
67.74837
62.73585
72.41022
70.6312
59.51335
52.18938
57.34456
61.80854
60.35286
42.40887
46.65851
64.65738
63.63029
52.07243
70.43016
48.58605
40.76397
38.74671
54.71631
37.93325
35.01379
47.79627
59.81148
55.99077
49.54272
42.69345
47.29932
49.10712
53.09897
36.06687
56.54606
86.39051
101.5192
101.7395
91.27884
85.48905
96.6577
83.196
77.51093
65.39377
64.19251
51.50421
41.86513
45.79055
57.81499
48.08804
44.88377
44.44728
66.0537
77.82484
76.6657
73.62125
66.69715
66.52075
50.99971
62.53707
51.9677
52.26869
54.0465
53.85715
59.99551
51.89261
48.46536
38.86704
53.94677
52.44859
46.31602
42.52418
43.37379
47.21731
42.72444
42.87452
41.22572
43.08468
32.05059
30.69343
42.05841
51.37186
59.49266
59.48475
70.55357
62.49973
67.69708
54.51343
41.97598
43.70076
68.53824
81.99468
77.05039
54.59746
50.92079
60.93889
47.11816
56.78431
70.76181
70.68675
73.44502
59.40551
47.00658
40.16864
47.14958
40.02914
32.94831
44.99017
46.99838
57.00879
60.91579
54.38845
60.10511
42.23325
39.64174
56.38159
52.83667
54.54411
38.73056
58.6812
70.69789
60.36893
84.80017
59.69588
53.79215
48.82921
48.63874
53.00878
69.95228
70.30274
84.94714
61.55146
50.45199
45.16849
36.62465
39.93452
38.94084
51.45238
84.38796
70.71672
44.90682
49.94679
55.35282
70.33037
73.88306
69.7321
78.39258
62.39307
66.39297
57.21568
43.94696
48.10864
54.3741
53.03563
46.60225
42.51001
63.88564
75.17437
70.09412
58.99364
53.09679
49.49167
52.67015
56.81951
48.96666
34.20526
46.29561
56.33426
45.92904
47.53413
59.7917
64.21634
46.26072
31.68663
37.86596
