85.90491
84.13678
85.60356
83.31586
83.919
85.79855
82.54698
85.567
85.11367
83.42111
86.24835
86.65894
84.90018
85.3306
85.63277
84.30177
85.26886
84.517
85.97103
84.87699
88.2961
86.29094
84.58041
84.69913
84.77643
84.41788
84.46516
83.54002
85.73576
87.33267
83.32664
83.64636
84.7077
85.74717
84.6298
83.53269
85.77412
85.52769
86.76866
85.79903
85.72957
84.12393
85.08615
86.94149
85.8844
84.41293
85.69588
84.06847
87.98956
86.09415
85.63074
86.43282
86.0737
82.70244
85.55048
85.57056
85.52038
85.83301
82.97432
86.7988
86.38074
84.63041
85.62208
84.84163
83.64795
85.45387
85.014
85.79715
83.3179
85.7781
83.59881
85.74396
87.51912
84.45669
85.32166
82.54361
86.09099
85.62468
84.69659
86.25522
82.64076
84.04764
84.46978
86.79714
84.33579
85.96185
84.91211
83.21344
87.04414
85.0004
84.44725
84.07898
85.75797
87.58756
85.13401
82.59762
85.23842
86.63403
83.59777
84.23153
83.8641
86.62728
84.88639
85.95535
84.68495
86.9422
84.64101
86.9369
86.74467
83.66438
88.38469
85.89453
84.4996
84.95934
87.89632
84.73148
85.929
87.98094
84.88995
86.99298
84.07468
86.20545
84.9825
83.00457
86.05153
84.8228
87.27393
84.91573
86.04026
83.07711
84.05638
86.66391
86.89342
84.84474
85.13239
83.18393
83.48189
86.2716
85.85036
84.85233
84.01254
84.55983
82.76413
85.43107
85.18864
85.0428
86.05129
86.01448
85.08698
84.61713
84.57846
86.12456
83.39081
84.19908
83.88592
86.4424
84.78011
86.6038
84.84157
84.83572
84.08156
83.94738
85.82641
84.99149
83.61574
85.72002
86.53534
83.63236
83.91447
84.74155
83.80922
85.7342
84.98561
84.22107
85.21458
85.49303
86.90329
82.05247
85.36834
85.80593
84.46108
84.49153
85.11116
85.1856
85.3694
84.05859
85.32229
83.72658
85.3504
86.19859
83.4714
85.93223
84.58011
84.96104
84.22419
85.0558
84.42339
85.50217
85.40455
82.34304
88.79119
84.41551
84.84416
85.68246
85.43897
85.07669
84.17353
83.95159
85.30996
87.63943
86.3882
85.43246
85.09029
83.84927
87.27963
85.37517
83.97837
87.36648
85.81963
83.75103
85.30157
84.11719
85.55009
86.12435
83.05726
84.06659
84.5449
85.13426
86.21619
86.11557
86.46422
84.43115
86.26443
84.49668
86.3871
84.64075
83.59191
85.8951
85.84635
84.13846
82.99259
85.11769
83.22698
84.89119
84.54517
83.59708
85.7153
86.36708
84.45831
84.3122
83.25427
86.93601
84.36834
83.91023
87.35421
85.58414
84.40216
82.39581
84.76228
87.33878
84.0414
85.67995
84.36129
86.14703
85.35785
85.7694
84.04944
86.26869
82.57236
86.84228
83.44168
85.44781
85.2299
84.09764
88.18434
85.18546
84.97977
85.16818
84.35542
88.33562
84.5161
85.90291
82.09741
86.67308
86.20459
83.36663
84.7156
81.46968
86.39839
85.93509
83.92159
86.40238
84.25244
84.83817
86.0253
86.21521
84.64375
85.41794
84.01209
84.72225
85.50906
85.73099
83.47532
87.52945
86.56608
84.4912
85.54243
84.94245
84.73531
83.27832
85.75416
85.47654
82.3556
86.74929
84.82793
86.6997
84.20657
85.39254
84.85426
87.23313
84.54957
86.18827
84.2627
83.72295
85.74291
86.85612
85.06276
84.75717
84.16142
81.51231
82.12692
83.97863
86.50274
84.33781
83.73924
84.61971
83.16387
84.3446
83.07437
83.25815
85.02038
83.28186
84.02676
85.10436
82.42527
84.99656
85.12279
86.09184
83.41504
84.57587
85.18897
85.07931
84.35701
85.09029
86.90385
83.69146
85.89447
87.05207
86.53115
84.14444
83.40039
84.45726
85.78249
84.34819
82.74776
85.62665
86.1554
86.52442
86.37922
87.56696
85.43869
83.71014
84.6394
86.96846
84.30133
83.16332
87.44438
84.4447
86.33415
85.40612
87.56913
85.31227
84.51344
85.72756
85.76565
86.19174
85.70595
81.8364
84.3653
84.6006
84.49787
85.57693
83.84166
85.5098
83.91601
84.77776
83.72354
84.26405
85.08926
85.94777
85.47983
85.58804
85.85678
83.41864
86.03513
86.58947
84.55882
86.67527
86.56498
85.17341
85.05917
82.87078
84.45967
82.81939
84.32985
83.93801
85.0894
82.49534
84.55578
84.9163
83.1106
82.52515
85.24409
83.956
86.40482
85.04713
83.62612
86.76542
86.61935
88.23809
85.16116
84.81746
82.11429
85.44995
84.45263
84.62301
86.06108
86.72393
85.12314
84.68943
86.53165
86.49094
85.31242
85.38861
86.54346
83.44372
83.99421
87.95345
87.62653
86.18321
86.49653
83.94644
86.89189
86.29118
85.69141
83.93014
85.18199
82.86701
83.12298
83.07881
86.12752
87.63189
85.8051
83.78512
85.04669
84.19407
84.207
88.19077
83.33299
85.35585
83.95655
86.31403
84.91664
84.80719
86.62469
86.9083
86.31185
85.76237
83.97522
87.19397
86.73768
82.55595
85.85494
83.80965
83.06128
87.02004
86.41421
84.90365
84.72037
84.66429
85.01777
85.91642
85.8826
84.36913
84.21776
84.56082
84.6727
82.78385
84.42531
85.19785
