3.42641
7.702779
17.50246
31.59362
49.82899
163.2806
468.3741
1301.829
2091.78
6444.645
25784.97
41777.3
32944.66
37701.04
46177.5
41002.83
36746.39
41362.35
48468.36
36201.69
44818.69
47308.55
41605.73
41372.73
44012.7
46903.86
33816.1
32584.42
34382.97
34517.59
30714.93
43380.22
45414.18
41534.49
32738.32
39461
47642.58
49204.46
40464.71
44729.93
38971.38
49929.81
32530.47
36410.4
37364
42144.33
31164.95
35984.22
39389.82
38262.1
40289.52
36326.81
40130
39426.12
50235.04
45482.74
38214.82
36703.27
38874.57
42028.49
25853.29
59769.25
41580.04
34892.78
44456.92
40300.94
31597.4
41645.43
33539.43
31934.67
38748.89
39527.22
34335.18
29313.45
43882.64
36117.02
32498.39
43879.93
37609.22
38278.91
42390.57
38000.57
40707.01
31361.19
34664.35
38525.46
36005.93
48238.01
45603.61
39000
46631.39
35539.03
45762.17
40882.96
37009.64
41755.05
40776.54
40449.65
44980.29
52937.89
37194.8
40912.68
35229.18
34788.37
44715.33
51261.17
35308.77
33594.18
39917.63
38583.55
56761.23
39385.21
43930.98
42581.53
44237.83
43223.45
53846.16
30939.15
42339.45
40274.97
32132.39
35753.8
36160.88
36260.61
32432.04
36969.8
39506.03
42711.13
39370.91
40415.39
33622.78
36819.75
32948.74
39660.37
49505.08
36544.92
49059.67
41459.28
54520.12
46171.1
45997.45
30297.86
32966.66
39256.47
40716.04
39836.75
44281.65
38188.72
48318.19
39976.38
36326.97
34610.51
38190.25
38874.73
34926.82
34627.04
37050.79
42816.87
36208.08
38185.86
44058.51
44482.15
45636.67
38929.98
36798.41
41604.87
45563.16
39589.1
42118.7
40736.46
41437.48
30201.76
45139.57
39879.47
47741.01
54902.96
37298.31
50829.85
41686.14
33726.49
43579.67
45906.06
32248.45
39455.22
35507.05
40645.13
41416.32
40246.46
32700.63
39195.81
34897.94
35183.76
40293.72
28530.18
40512.23
31624.6
39996.29
47016.91
39075.32
37231.53
38925.84
31504.61
38348.03
43375.86
47361.87
33324.53
39652.11
55843.22
36678.05
33974.92
36155.97
36586.88
48117.8
29813.97
46707.97
37637.3
48145.89
32971.1
39230.68
47654.09
36679.36
44413.07
41929.56
37864.42
34466.21
34342.94
35618.9
55446.83
38590.11
31195.21
42062.68
38912.57
34029.41
36490.02
46705.57
44704.04
47765.45
37924.77
41243.32
35283.58
30302.74
44226.78
44916.31
36370.85
41593.53
50229.26
40350.47
44779.95
38792.68
49830.21
36103.64
42970.26
41559.18
44649.66
35207.97
32834.12
39037.62
36709.35
34494.64
40215.6
45356.92
41594.23
35825.11
45579.74
34502.52
41801.93
35817.09
40513.19
40150.9
43130.52
40171
38485.76
48485.39
45731.62
33559.22
40568.88
32148.36
50566.18
33086.41
32178.93
36642.64
33724.25
33559.12
33860.83
42175.15
35053.52
41682.6
39079.64
37218.09
32522.51
33121.79
37944.22
31708
34237.62
31711.24
34474.98
30746.53
39782.12
49653.86
47191.98
45441.98
33914.63
42167.15
38346.29
40073.67
30159.14
50644.77
37337.7
40372.91
42076.93
38705.15
33097.88
29647.11
32037.96
41120.58
38788.44
45074.43
50066.07
41001.92
47113.59
52882.85
38285.43
41720.75
50749.4
41555.91
38253.37
32137.04
41258.4
42033.85
37102.79
39925.02
27645.2
34458.12
42916.41
48404.42
43138.06
44991.36
37021.4
40222.85
40670.29
25104.46
36342.44
51031.01
39392.66
29914.15
46091.54
40811.06
33187.16
36624.85
39309.77
38586.91
34608.94
38318.15
39737.18
35326.23
39837.64
33738.5
50188.36
37741.48
39869.89
37553.45
38592.2
45677.41
36016.31
43963.97
41267.44
44772.1
40187.84
34680.06
40693.75
36338.36
45821.96
36716.73
35793.69
42910.92
46053.44
39431.42
34791.86
33876.48
34273.59
46069.06
35131.01
36529.44
40242.09
48839.43
33155.57
42745.65
43167.68
46913.37
41807.76
39691.07
40633.93
42996.26
36596.28
37705.15
51912.61
51064.74
36990.41
46990.37
38368.22
43335.24
38613.53
43518.16
43403.35
46394.6
43198.33
41840.65
36897.54
37132.59
38873.98
31017.86
35869.78
35225.02
44996.72
39788.98
37295.71
53502.42
36742.59
48345.28
36636.33
33964.92
39673.1
38339.49
36510.88
38539.77
39867.71
40400.53
33255.02
43740.14
37950.12
40704.82
38217.5
36492.26
50041.48
47675.86
45949.73
40151.6
42470.41
43333.27
35207.05
46540.34
43427.13
40770.05
48607.44
38478.43
33698.86
41604.96
44486.76
33071.96
36512.63
49137.57
32615.86
37675.6
38252.79
43930.47
34310.13
40631.6
41765.01
38792.12
41728.7
46173.98
39619.33
34146.86
43821.41
41781.38
34125.19
46118.97
43493.14
40974.05
38825.95
48014.42
38101.09
32670.29
52811.45
45745.69
36837.37
39785.16
37205.45
40651.62
41046.92
31516.12
40843.12
40394.12
33785.39
41353.43
35002
36073.17
31836.33
42729.47
44243.43
33562.55
41822.86
37807.16
42658.99
39721.06
49533.56
31891.56
34982.85
36127.65
40851.98
