102.7929
111.5632
97.94093
91.45612
90.06621
83.09929
72.04279
63.15952
56.36465
44.86624
27.30095
21.05312
23.22775
21.3002
20.82229
22.05036
20.66486
21.97975
21.05705
24.42431
22.98606
20.60501
22.45437
20.13869
19.7787
21.34925
22.96849
23.93646
23.03591
22.80236
22.89566
21.29297
20.5791
20.86866
25.02804
21.50856
19.35706
21.2547
20.73109
23.00949
21.44509
24.09528
23.03672
24.8651
21.91962
20.78702
26.05092
20.99514
23.32509
21.58586
21.47036
20.0275
24.8072
21.19568
22.33375
20.7828
22.20212
24.7175
20.26901
22.5769
22.9216
19.97165
21.02094
23.4388
21.9505
23.59272
21.84012
20.44494
25.37248
22.13722
22.47803
21.89883
21.66526
25.94461
20.71079
23.41014
24.47759
23.34092
21.02269
22.08443
23.34994
23.18878
24.37291
21.2299
22.61269
21.44764
22.04345
20.22929
22.87458
22.00312
21.63175
22.20477
21.53696
21.52995
20.96623
21.8709
20.38836
19.52403
18.91933
23.27058
21.8073
22.31114
23.03919
22.08279
19.97759
20.09654
20.82399
21.17026
24.64
24.10454
21.65324
20.20137
20.89856
19.78555
19.85772
22.0932
21.76243
21.11198
23.63736
22.77214
24.58104
21.27076
21.12016
21.85809
23.4811
20.44253
20.70239
19.70721
20.72714
24.05458
24.03766
20.63868
25.43997
19.66643
19.38458
23.56602
21.05665
23.1651
20.97668
21.53606
20.1994
21.81543
22.18096
23.47823
22.79858
22.14331
21.55343
20.45423
20.72704
20.39003
22.87162
19.40183
24.64848
22.57114
23.96224
23.4566
25.33377
21.05041
21.36032
20.30245
23.04507
23.37591
20.30423
20.8499
22.17185
20.97614
19.2251
20.0659
20.51905
21.22574
24.68919
24.27155
24.36499
24.83038
19.84761
20.16797
22.0696
19.73835
22.49214
23.37771
21.70175
22.63084
22.12969
20.56642
25.82907
21.85543
19.66845
22.0632
24.95248
22.67148
20.75211
22.16874
22.57551
20.99551
21.09498
20.21374
21.99805
20.42541
22.9963
22.03966
22.26866
22.56436
23.60822
20.14457
21.53301
23.51108
22.28077
21.09012
23.66212
21.0668
24.7481
22.27198
20.038
22.48269
20.78015
21.41161
20.28007
21.63956
22.19378
21.1895
22.48632
22.87621
21.06619
21.95311
23.29851
23.40402
24.84657
20.71639
21.62776
20.19861
20.96016
22.51062
24.85455
21.48208
21.57523
21.72961
21.17329
20.94815
21.98218
23.21263
21.37966
21.03682
20.45587
21.34159
21.09279
18.80885
21.42101
22.3045
20.74835
19.85226
23.41869
21.36682
23.89244
20.38804
22.61272
22.53524
21.66557
21.95722
21.6494
23.5115
21.64953
22.25846
21.12257
20.70195
21.56258
22.74826
21.50158
21.40203
21.41648
24.13698
21.53944
22.90975
20.10797
21.71032
22.59387
23.90705
24.41744
20.0091
23.50708
23.24409
22.96536
22.7682
25.32815
25.33549
22.50042
20.08201
21.61831
22.67072
25.56296
23.60864
23.75897
20.90634
22.48417
20.51438
23.14222
23.16528
22.31213
23.29075
20.6268
18.54793
22.31948
23.1409
21.17354
22.77881
21.73146
27.10759
20.3079
22.53556
20.1534
21.29584
23.24596
21.73402
23.85343
23.07848
22.23917
22.85812
22.70378
18.35168
23.77797
21.83191
21.5104
23.68408
21.15889
20.46962
19.7213
21.27122
22.53328
23.10019
22.81318
22.11298
20.75554
23.01607
23.4012
22.66314
20.60123
20.64259
20.82662
23.97564
22.13006
20.64525
24.4488
25.83524
21.25395
23.62947
25.80889
20.90363
22.44569
20.68534
21.38349
23.46732
23.63199
24.23797
22.22642
21.34687
22.89479
20.45021
23.53739
19.85195
21.98186
20.82478
22.16523
21.21899
20.36938
21.16306
22.36799
22.2319
20.4457
18.81092
22.8145
22.10076
20.43773
21.13375
23.65681
22.5964
21.67391
22.19574
23.57437
21.38522
23.34101
23.53361
22.27199
22.91501
24.68694
22.56905
20.50642
23.00116
21.56476
18.85253
21.07597
22.23269
20.91293
21.79779
24.72936
22.09921
22.98716
18.70715
21.50018
22.70087
20.65782
21.38366
21.56629
24.15852
21.9564
19.58285
19.82198
21.82554
21.02638
23.86398
22.90492
22.48292
21.25191
22.83386
21.37922
23.6905
20.44615
22.54456
21.31117
23.72437
23.15145
22.93928
21.0637
23.08682
22.44037
23.61578
21.48663
22.96007
21.94469
23.35878
18.75045
23.5364
22.57313
22.7383
22.86462
20.77519
20.40703
20.51809
22.79039
21.88805
22.35189
23.0106
24.34455
21.2666
22.81218
19.91097
22.13591
23.87633
21.73463
22.88172
19.95439
22.53191
21.92653
21.92533
23.78792
23.01782
20.58078
23.03748
19.46233
20.80911
22.95412
23.35448
20.33653
20.73508
22.67717
21.83006
23.35122
26.96674
20.1107
20.03879
21.03441
22.50743
18.90095
21.64791
22.50308
20.23155
20.8513
21.29054
21.95063
22.26372
22.17587
21.68962
22.93408
20.17071
23.04904
23.4662
20.02372
22.69234
22.2736
22.21504
21.21418
22.20004
25.40889
20.63279
23.70621
20.57874
23.89023
22.05777
24.31228
21.5722
21.62463
20.20917
