69.08316
87.26712
126.1714
294.0376
131.7594
145.2719
127.5237
195.4888
95.51331
143.1001
85.0406
158.4975
229.9631
177.5592
257.0899
262.3582
184.2646
156.2098
236.929
216.6037
263.7152
323.431
212.4375
364.4999
185.9439
110.5395
143.7588
155.3642
149.2348
111.195
147.5072
105.2863
136.1064
113.7145
118.5212
117.5981
94.23601
150.4695
164.3581
184.7879
107.6523
112.6774
152.5409
141.1945
161.9201
106.5855
118.7417
94.12367
157.2411
331.8243
473.0712
210.2557
191.9253
164.8319
188.5404
245.4908
244.901
210.9881
212.9174
187.9733
156.9367
218.2094
323.4458
320.9892
291.3196
400.1474
464.3169
623.106
986.4994
671.0227
1296.982
880.2142
448.5193
443.6777
411.2924
207.3889
227.5661
244.6551
215.7931
235.3722
154.1099
206.237
271.3425
404.7236
402.5152
294.6819
308.4054
405.4875
220.4526
160.2478
128.3753
155.8052
235.9592
229.7342
199.5858
192.3195
237.0161
193.2236
214.1378
226.6334
237.0216
189.4127
122.9673
168.3739
225.9756
235.3982
205.0437
165.5808
386.514
485.4397
575.3155
409.7328
277.9567
183.6998
427.3334
335.9066
127.5107
170.2826
206.9524
216.1199
199.3392
334.323
228.399
222.8672
378.1821
563.7206
579.6677
401.7077
224.8825
106.9777
96.63488
102.9428
174.3374
373.7322
257.2227
378.4702
187.3392
197.6537
229.3456
289.1813
415.2919
527.7701
271.4585
287.1715
259.2892
350.9861
147.836
192.4707
213.4356
185.4307
163.1574
193.7758
179.7148
185.1572
149.0217
100.9298
117.9673
130.6299
112.4904
167.2772
202.9976
224.2643
206.6522
321.3038
232.9492
274.9722
106.3602
174.7555
158.9719
123.6583
163.2849
217.542
181.1097
476.7741
211.9865
245.2163
265.2639
182.6875
116.223
135.3006
139.0442
85.75543
195.8941
235.4743
320.2226
517.9815
394.3945
332.3591
235.2824
262.1663
179.6491
163.7434
136.7453
130.5568
204.1358
248.9646
155.7462
162.4978
233.2641
383.5332
235.9403
194.9135
190.2379
111.9158
133.4856
141.3664
170.5979
181.0185
235.6429
207.3234
169.2684
259.8225
131.2721
136.142
257.3259
160.4534
145.3376
206.2237
373.7905
370.5362
337.8209
247.4915
292.0909
216.0153
210.4911
117.1362
155.642
107.8272
132.3938
121.6894
119.6196
179.2991
211.5152
313.5093
199.5197
180.6218
240.4772
375.2085
242.7135
229.0395
305.1254
158.9369
204.0004
145.072
168.8676
188.5955
153.8038
198.9609
122.9731
119.6003
79.23853
92.23311
155.4829
211.2703
300.4752
323.7328
820.3741
548.3083
289.9308
382.8816
791.4599
350.8151
183.7744
241.2462
259.6313
260.0766
383.3381
384.1946
292.9431
226.507
194.2949
216.0658
215.3063
232.5794
220.9198
230.8527
151.6865
105.9636
144.8164
237.7976
174.4314
103.7498
155.4972
137.8131
182.7939
213.4906
271.5838
239.5298
286.4531
172.4433
162.8212
345.0046
241.1669
303.4516
207.6772
142.7558
194.0903
204.7741
406.3751
370.7059
452.7578
361.8937
248.9481
225.1772
150.6219
94.81622
107.8788
125.4096
175.3894
181.2615
196.9127
298.3603
174.7133
155.2158
173.1671
187.2729
174.2108
295.1833
446.1992
304.2361
301.773
322.8681
109.7069
164.6353
111.4872
196.6014
203.6427
109.8012
91.35976
159.4246
153.0392
192.0059
164.9682
285.8405
406.1868
527.9039
221.1121
257.4955
301.3033
121.239
124.8473
84.72183
179.2676
343.0749
408.7837
236.1185
217.0207
176.7589
190.2792
205.7511
213.3391
161.889
98.98195
168.4205
218.6728
302.0372
480.55
295.5016
275.089
389.6945
433.3417
596.3771
553.5404
501.085
424.6788
362.6741
139.8263
125.1553
169.8575
169.2957
114.1397
268.1342
203.2135
85.4202
187.0961
266.6122
188.0933
463.0633
222.9205
135.5556
133.2992
189.3378
287.0851
253.4331
209.8016
144.8308
143.4165
225.1635
198.8094
279.6942
289.7798
278.4484
730.0243
287.7802
520.8767
301.9036
205.0435
143.8133
124.233
121.187
135.2071
207.4665
140.8314
226.5189
310.2754
317.6261
360.852
489.0569
248.4781
163.9057
201.9679
121.4877
271.912
220.7915
326.7771
486.6652
482.8634
538.8428
382.8425
203.55
141.1797
160.283
129.3952
74.8368
102.8013
217.6737
137.7132
79.01042
137.6031
270.951
229.3155
115.6374
130.8795
151.0229
119.3348
136.597
53.73793
101.5825
175.4025
131.2423
180.6184
141.0243
135.62
195.8114
171.7519
218.4913
375.0817
198.9376
188.4832
244.6026
481.747
271.495
434.2173
328.5237
311.7249
339.1796
278.3639
215.6817
326.8303
190.7809
103.3833
192.9944
178.5326
322.99
207.3513
379.3031
438.2215
328.3308
315.6102
152.8844
304.104
275.777
240.6129
230.315
295.2737
485.4496
371.2277
522.3935
366.2487
250.7283
227.7062
218.0903
171.4893
237.7745
306.2335
231.141
429.2267
950.9568
646.8879
657.6657
505.61
410.7671
278.9203
345.6274
337.2728
277.004
261.355
196.6306
143.9656
197.1011
