290.3859
308.9468
276.6638
291.2985
271.4118
281.6844
276.123
316.6537
293.7207
310.0998
272.9128
294.092
294.2309
279.0469
294.4699
287.1691
302.4581
286.8506
296.8068
262.3982
310.961
265.648
320.7161
288.357
299.3181
298.5022
279.4912
290.3565
269.8348
312.7514
302.5261
293.7678
304.0508
293.5308
287.4954
292.9873
292.7947
279.529
260.5533
265.7814
306.0275
270.0543
311.2152
285.1927
286.912
300.5664
287.4174
301.2963
279.6902
270.4662
286.2349
308.0194
287.4029
300.4364
283.1926
289.3728
290.0939
295.5329
271.0276
296.6812
273.4439
288.6068
268.8648
281.5445
264.8814
290.8971
288.6771
261.8536
290.007
285.5678
269.7494
288.5452
269.4753
295.5457
259.4291
295.5669
292.7925
306.3907
272.9332
279.2309
284.5793
294.4269
293.9918
291.3905
260.9647
280.739
294.6509
302.4094
279.479
280.2575
281.3068
290.2371
296.4346
278.0013
304.1233
276.9423
277.9037
316.1078
284.2397
284.4992
275.259
301.6825
318.9682
294.1966
273.5664
279.1048
286.309
293.5743
281.5103
277.5683
288.6529
279.4956
305.9692
297.0254
295.313
282.3072
289.5347
323.8252
298.3836
311.4863
279.086
272.9939
286.662
304.7999
277.0212
311.0901
286.6769
300.3146
291.2163
282.0955
294.527
293.4228
280.89
291.246
293.149
291.1895
323.7937
272.2645
304.7419
293.541
246.5654
281.9698
280.1407
290.8977
260.7154
300.7538
284.2547
288.9951
281.7936
279.219
278.8704
300.7684
301.8208
301.2591
274.6133
268.0574
300.0516
303.6684
290.942
293.9266
286.4798
281.3334
296.6916
281.3728
301.9359
277.394
251.719
289.1234
287.983
289.4529
291.7903
312.2117
300.8887
285.3172
269.0024
306.2433
282.0502
304.0704
272.6978
312.7854
295.839
268.9282
315.899
283.7391
287.3424
300.815
289.3429
296.3355
262.3221
312.7517
274.3274
288.5263
305.1658
291.8735
262.1336
263.8424
300.2722
285.2623
286.3979
277.6099
300.1462
274.5538
303.0635
280.6382
285.271
277.1073
280.8139
293.4842
292.7455
284.3018
317.3887
292.2063
265.2015
277.2979
287.0845
287.1025
321.5916
306.213
292.7471
266.4503
269.4637
296.498
280.8794
280.398
291.509
292.193
268.9625
298.5585
288.6438
314.6763
285.9624
314.7581
281.6484
281.9463
284.4642
317.8804
299.1429
286.1406
277.5499
304.4114
272.3285
298.6958
288.5889
297.7697
271.8872
276.6007
285.0014
299.5823
300.2778
293.1173
293.3748
293.9063
298.0486
294.9452
268.2364
267.7741
283.6596
259.2324
279.6891
292.0505
274.1755
282.5428
293.5746
260.432
289.074
283.1955
279.5589
296.7812
283.0458
298.2492
312.1736
307.0008
292.832
279.2163
303.3961
273.1318
264.6853
278.3858
279.0294
291.6867
290.146
306.2713
306.8292
273.0352
286.6557
300.8006
277.2928
301.7949
315.4329
285.9924
279.4188
267.3138
290.7263
259.7713
281.0118
321.5683
282.0521
291.4825
295.5221
267.6782
270.7089
293.7975
285.4846
296.902
300.8583
292.297
310.6272
293.6388
292.7215
306.3632
279.5142
268.5267
300.8934
268.2625
280.4034
304.8439
295.7736
288.8572
277.763
288.9007
290.7573
304.7328
291.1074
305.8747
280.8099
277.5582
266.4599
285.638
285.488
303.5732
290.9633
271.3211
294.1266
301.6968
296.5323
270.1046
304.4715
278.0263
311.7702
307.4521
321.2886
272.8662
304.0036
291.8669
279.2578
304.7154
269.2681
258.1553
305.2404
270.4274
280.7316
283.463
286.1435
303.9356
294.0876
281.1506
291.3684
290.0314
299.0128
271.669
259.7149
293.3792
274.4524
293.3374
284.293
308.6863
285.8802
322.3313
303.4458
305.0164
319.9839
286.2825
283.2847
283.1449
295.2456
288.0286
291.5148
290.7285
268.7244
284.1181
293.4549
287.3979
312.2838
285.7795
268.6758
287.228
300.4805
288.1423
276.789
291.5656
290.7942
292.9617
286.42
296.1621
268.2828
274.6993
277.6966
272.6019
283.905
283.4908
269.6196
292.0069
339.2985
280.5277
283.2233
282.1099
296.097
294.09
266.0978
281.3545
288.5099
305.3245
286.9043
268.4709
292.0979
274.6804
281.7397
287.693
287.2363
300.0948
285.3671
304.1939
301.9369
311.7218
291.1215
278.1319
298.111
280.7319
278.2949
301.0884
284.7586
290.8485
260.5157
278.6022
287.6895
301.9809
286.5752
304.6262
265.4901
277.2752
297.5038
280.8337
295.0217
297.1489
299.947
304.6021
300.6936
284.2082
308.2804
289.6232
296.2583
284.2672
277.2737
297.6635
268.5398
270.7115
296.6617
293.304
279.0705
285.7975
292.0508
288.6485
290.4668
274.6768
303.2529
284.0454
295.755
279.8159
292.3377
289.894
296.8882
308.0603
314.3231
286.5275
287.4518
294.9489
273.5375
285.3997
257.9313
286.1908
288.3526
285.8607
293.3768
309.1929
302.2547
268.2319
272.1833
290.1286
282.079
293.3916
280.9126
278.3498
281.4504
299.4253
283.2839
273.7074
295.6869
304.197
292.3081
309.9471
