1062.894
1413.513
1097.246
976.8302
601.9242
1430.691
669.6125
563.133
651.9608
444.3747
674.7662
650.4626
585.4717
1258.058
601.6701
797.5384
884.0869
1361.271
932.6803
443.1219
1431.087
2188.245
1246.316
575.4051
1521.353
1106.939
871.9299
1381.032
1160.045
1115.152
762.7837
1336.743
852.5818
590.6794
1013.121
864.8225
520.1797
792.9787
2322.175
1934.377
1854.327
618.3452
702.9939
1786.917
1365.406
658.0782
620.6881
939.1547
1257.035
599.3404
1548.893
614.214
961.6064
634.5648
882.9556
1377.194
694.5
1069.899
1278.991
712.9898
691.0925
1576.486
1006.777
871.7886
656.6556
1471.014
1361.389
740.538
1043.786
774.5349
1084.134
1412.708
736.4244
1242.6
1254.206
652.8635
1595.258
1029.335
867.7948
1213.035
1809.051
875.167
6728.152
961.2006
1159.701
394.2285
1554.132
763.9355
701.0179
937.0655
1240.864
924.6282
1376.504
1099.712
598.9179
424.2812
873.7138
769.0598
969.0557
2496.142
480.5347
502.5044
623.3587
1890.629
1154.969
2055.151
919.6379
855.7841
970.7216
950.1196
901.6476
1500.694
928.0968
702.988
615.5618
379.4577
903.5168
954.756
1307.46
567.0009
647.2691
710.1468
790.9198
2641.33
1081.25
905.2794
968.1519
583.7564
741.9326
974.9547
908.9178
1520.689
871.4231
3604.03
735.198
1931.664
1136.424
1308.335
2561.404
1057.228
1573.948
628.3016
507.8655
1938.486
814.6696
764.7564
903.614
534.5831
1100.344
702.981
368.5625
706.317
946.0945
1811.785
515.2663
347.5099
1371.928
1413.013
904.5176
1106.429
740.1904
804.9181
881.5084
672.5404
1731.619
1390.847
1692.039
1611.182
785.9379
850.3482
425.7427
1476.936
1220.171
693.1622
1650.398
2232.793
2430.852
1203.612
866.9565
707.048
939.2194
485.8831
1316.709
778.0549
550.2795
838.3439
1417.633
1047.856
891.116
2175.363
808.8949
476.8337
1614.327
1545.702
1209.164
510.6962
727.9185
1242.569
901.1316
1584.228
781.4166
2308.699
1244.45
1188.716
830.5651
979.7402
1840.646
582.3304
917.7432
1749.762
936.4898
1005.495
1204.969
1005.946
780.9191
1895.322
606.1544
2022.008
3238.334
1169.079
1548.493
738.0939
1164.697
1330.643
564.7483
1345.663
579.1702
1157.261
994.03
688.9832
783.5118
999.1679
1244.592
1644.224
910.3105
532.8242
845.8571
3766.483
2773.658
1945.497
883.7443
512.6988
1625.221
1385.678
1211.725
988.6225
1308.187
654.6334
694.4378
1448.352
1252.112
720.5707
1902.316
666.1045
1065.879
652.7732
1161.279
708.5783
1496.008
2294.77
1051.523
932.4178
919.6421
1158.666
1058.12
1141.14
4476.841
2089.03
999.7258
1105.435
499.4273
1584.934
544.8803
1429.415
886.8459
654.997
802.5492
2073.89
858.1106
2329.575
2465.477
792.0618
1347.928
582.9745
594.4473
500.5193
2011.336
587.6771
877.819
875.7428
681.4611
759.3362
1682.211
1124.865
835.3271
780.4328
1046.74
1086.692
1154.224
888.975
924.4454
637.6576
2605.246
667.6114
1375.571
665.3616
457.7815
1502.623
384.2777
1183.774
1365.149
1362.147
712.573
823.9703
499.0777
3379.185
883.329
1533.567
835.6138
1593.559
999.643
824.6375
530.7773
1423.05
743.9362
1443.282
869.1267
810.5174
468.9276
849.4532
1000.424
851.9008
610.2899
1066.524
578.224
3015.167
536.4244
3281.128
571.3095
1188.407
2052.219
894.2101
598.5356
965.3825
278.2189
735.8622
1301.043
1047.585
905.8658
670.3561
843.5862
781.9763
571.2737
513.7992
835.1153
1789.026
1249.926
972.302
593.7377
1776.727
1812.703
980.4197
1313.411
1119.37
878.6254
1478.186
1128.103
1145.967
657.936
1781.044
918.4105
838.654
1039.464
982.9637
742.6497
912.7977
663.8069
486.9364
962.8072
1050
1023.381
1333.799
1331.529
1146.549
2937.084
1794.137
688.3656
816.4637
1789.063
733.0639
845.5851
1166.69
1770.921
899.2326
931.3256
1123.254
1567.424
1957.789
1016.673
1122.526
1101.501
813.2783
818.0336
1212.16
1985.021
696.2887
1768.157
621.8303
1789.132
1098.061
533.1414
616.6053
702.1551
1188.982
632.4108
730.8477
648.7154
853.6541
1494.825
1754.849
2006.229
1143.327
1020.782
1906.71
535.1419
539.7139
480.9261
1230.743
1176.779
932.4782
2645.001
900.2991
1206.613
1050.287
795.0731
587.134
413.5335
302.8447
798.808
1634.085
2157.571
962.4602
2198.461
2573.017
1869.739
1421.693
578.1456
1489.695
1947.768
1310.221
2693.802
1228.345
647.2282
350.3311
649.4348
741.8491
787.2642
1290.279
713.3376
634.6371
410.7069
893.1111
664.6728
2695.459
960.0543
1257.384
1590.517
477.7145
664.5581
295.1563
696.9216
2191.977
1591.745
932.2351
1282.574
1889.919
2113.048
434.4405
844.4641
789.7002
1734.203
1607.177
691.6738
975.1611
1093.826
1643.016
1130.663
1332.296
2253.22
660.4936
1387.979
1956.604
1137.894
1355.224
1018.1
883.7815
577.6096
1153.718
1141.444
629.2478
