57.63047
47.81265
58.18651
66.20019
93.09488
108.377
126.6845
202.0693
235.3687
241.805
324.6175
331.1679
350.2118
323.8752
274.557
251.7919
259.6683
390.0313
437.7184
360.9094
320.1597
338.7625
379.3694
392.9945
337.125
405.1173
337.1318
392.1438
559.6067
631.64
748.5139
838.2788
994.5925
832.0803
890.939
1159.116
1170.352
1136.365
1625.884
2057.453
3876.382
4287.51
5235.161
6825.233
6293.307
6228.836
7098.894
13680.81
16978.44
34290.91
52298.59
61089.26
79082.66
67106.38
75532.99
96576.42
100031.7
251426
490897.2
953097.7
3038369
6667592
31640401
39337670
45124495
42578316
37649236
44732084
42161349
41105326
41972930
40237729
44047371
36943014
43280893
39677957
41037149
41506754
40535402
38479059
44487025
43493648
43281446
42265636
42029022
40902030
38540980
37115473
36684201
42754183
34469851
47464286
43867304
41500554
39318723
37299794
36699186
46815182
47112743
38834876
44265757
37092140
41786847
38150840
38099464
37966567
43214307
42861815
39301458
35026262
37701002
42918386
36016431
39277397
40165679
42695509
42898330
41130869
38365438
39719238
44651683
42951054
42311401
42363418
36923838
43230284
43345456
41073966
37651631
43589234
37663407
44423831
44741035
40477120
39241865
42740429
41493045
44562343
37342133
44244536
43864327
42527098
38099314
38063728
43264263
43365397
38172402
40090095
42401153
41128568
38333165
42944207
40817120
43761181
40075670
42312287
47097555
40394666
39606446
45291927
36737083
36459590
41487511
40932162
38475737
37702393
43873203
42450328
34807093
38742550
44404432
41277104
41822494
39369172
46441132
42643466
40371237
44239221
49036037
46877451
41936873
44531639
44063104
39570860
45327612
41931266
42909971
42772122
44202445
37171963
42431070
42720494
44463566
40020815
44034493
36161202
39257181
41257847
43602954
42571860
40226042
43039193
43901139
43039285
42378610
41666840
43842905
42788299
40457812
35943513
33753894
41653803
40607591
35789380
39252106
40584292
42256829
34671260
45618977
40701213
39628035
42359113
38633554
49447394
37225960
39796022
44486943
41019450
41744047
42188433
47051821
45496595
35485259
43660510
47372515
39306458
43451099
40406149
42693537
42727467
40222777
39521178
49025950
39193703
46143461
36497827
44261660
40388460
44554503
44431672
38215415
37889806
44065597
44365779
39635981
43824734
41863173
40624917
40363408
42515529
33474386
38892654
41353102
37857118
42008635
46450036
38652698
39407759
39892432
42199033
42191083
47715718
43936470
47170626
42818642
41364923
53063127
44606316
41326078
41261790
44214658
38558900
39832941
43083413
43646816
44164929
35736242
41929668
36685333
39556143
42613433
38967857
41542188
40569971
43486478
35738956
38528515
36442282
37770734
42058836
41230333
41197858
46462856
40888413
41227530
41584282
41490090
47117704
34867220
41474553
43800923
35127675
41093357
38801315
39219490
38185055
47658682
45164452
41856171
37706906
44424829
44760210
47184105
39176244
43273227
42817829
45626013
42699353
43934243
49841969
48675887
39755106
38248113
35534364
37902092
38888278
40515210
40470034
47669896
44423022
43335429
45292879
44307127
44008196
36764973
40584715
36966988
41950359
42190244
40504378
41789720
43162338
38876324
44853708
47043004
42570550
43253704
42729430
52479102
46953160
39605296
43266815
44361460
39575797
39425831
38321830
46735754
40223526
39033056
35939995
44457528
40919806
40896918
39442818
39121184
48425522
43099185
45172434
37499671
46156536
40325956
42227863
38536785
47969354
39617578
36747525
35477348
38389375
36508070
35143944
46885971
44803857
46957666
39221063
44472103
42440210
44648205
46675235
40757933
43996773
40762375
39269844
42694376
38163577
37546936
42717184
41056492
43578996
47564615
35367117
37412455
45953834
43692410
38390441
39361914
40450689
45233238
38132677
39845135
41486247
44217015
38024929
40920783
38522879
46514030
43180623
41691097
34169215
44267673
41944800
39759983
38379095
43437376
42042368
40666992
37951599
40680414
37125535
46021297
34410204
36269250
43355118
44897612
38448307
38991262
38790166
37600180
49021809
47027526
44994294
38712762
42558220
39416371
39660453
39047057
41195046
43309368
41230236
42682862
40320212
41054622
35136185
38157387
32108392
39758930
41433150
49738512
44093491
42435312
37476054
41216057
39290724
35478188
40250992
46407446
43408295
41300336
47604906
44226696
42130174
35772910
40306499
38945538
40964726
40469269
34897330
38028104
45498985
39193989
37139403
48396667
41790955
42048048
40514881
39713037
38320680
44159985
39122573
42507633
39053638
