321.8507
1072.076
305.3926
701.6798
289.6753
375.6266
474.6771
415.4944
453.2194
617.8833
834.7231
422.8239
330.2122
355.5903
554.3667
1201.475
663.814
428.8184
547.3045
393.271
548.8142
755.571
632.4542
410.3074
787.6077
400.166
1035.028
428.6719
241.3311
202.0264
389.9141
746.8007
386.4469
249.5785
183.3269
399.0588
302.4252
612.8687
715.8444
417.3411
315.4129
314.5434
839.2607
408.8562
430.84
936.4379
640.8263
353.4144
548.7248
804.1226
339.5387
599.0557
847.1166
878.6983
637.6168
378.5049
253.0314
628.218
920.8627
207.3852
582.0325
343.9682
213.7298
741.1048
371.7729
444.0322
687.5004
291.3048
972.456
1016.662
726.8793
486.8957
404.3408
351.0293
307.3712
459.1511
205.1753
288.388
460.4023
355.6045
544.4851
321.1553
387.1552
456.7993
247.9877
369.8653
1269.924
601.0293
546.4992
184.6307
370.7103
369.7007
1168.196
424.9542
968.7821
370.2712
845.2489
679.2379
1892.42
362.6689
563.5566
1037.558
730.2772
1052.039
362.0088
1082.336
1421.119
624.3886
735.4546
218.6237
530.0148
735.0412
466.4492
177.6134
408.9315
327.5041
374.069
918.4599
292.0239
465.5206
2056.519
669.5044
737.5359
161.7292
340.3908
1498.884
491.4961
528.7897
526.195
585.8486
591.1784
1037.816
283.3776
633.6981
673.4558
387.2487
930.7335
255.9076
251.5781
741.3644
350.1576
234.7464
220.1256
210.9989
253.4112
231.5205
404.2227
835.8691
515.4593
202.5274
857.5638
848.0418
831.6328
737.6758
419.6494
361.6027
347.2571
165.796
1235.62
1864.908
1006.674
271.5015
291.0603
467.8893
437.6104
323.2115
1061.434
589.9662
597.254
325.8251
435.2415
584.6737
411.1401
740.2149
416.7894
374.5905
804.9849
230.8544
488.9183
907.5659
312.6125
745.5933
237.0721
661.3829
558.0978
397.8421
158.2953
460.0838
593.9306
295.1836
171.992
277.8059
499.264
541.7395
350.1495
763.8422
377.465
1081.522
447.2587
225.186
702.9766
375.0759
464.1522
960.6628
242.8813
356.87
477.9589
270.1648
470.7613
510.8651
760.5306
629.5702
635.4456
747.9969
333.6809
575.4085
797.1159
637.5209
342.7041
258.3581
1440.739
593.0225
440.3865
983.7738
221.6803
379.4947
372.7434
283.3743
485.1104
839.708
675.3864
865.3061
540.5947
964.7854
1014.345
822.7921
997.9186
584.6043
711.1819
1059.054
425.5062
1199.023
476.6785
616.3565
625.4591
603.5522
563.2879
1168.33
1885.759
335.4401
1058.473
549.2691
1711.809
337.2803
952.4969
1480.862
320.7326
993.5768
474.6727
489.3821
382.5765
903.1011
184.7356
166.7918
267.9019
225.3338
752.5245
1355.463
291.715
836.7146
571.8334
581.7835
898.354
836.6743
472.6089
463.9437
427.5606
519.6643
345.6863
427.746
291.9919
306.8853
484.8382
302.7906
308.0067
288.6544
555.2866
606.4442
403.0234
407.6883
385.0138
1597.677
363.015
253.8081
374.1077
323.0895
398.3236
466.0459
338.4962
278.9511
621.0098
261.5408
878.6023
814.6128
486.0946
452.9021
434.2209
1443.529
466.2363
321.6497
527.4688
398.5611
1096.363
740.2443
300.0777
407.9367
699.2524
573.5774
461.2075
371.6783
444.4779
710.8963
338.1235
472.0737
1001.399
1035.633
374.8036
424.6153
691.4833
872.5212
453.1401
620.0075
534.4879
1698.169
415.7891
409.2384
381.8452
789.8724
439.1258
240.0317
542.309
1050.989
637.474
335.0696
662.9731
440.1777
483.7041
968.5779
2182.525
1144.855
604.4358
534.8278
601.9487
357.5992
282.2312
488.4456
185.6142
1998.887
476.5
678.7537
1183.098
551.8403
767.6987
518.6901
598.4724
574.887
545.7345
817.8079
497.6514
277.7639
327.7622
209.0721
419.985
433.0623
469.7658
730.5924
476.0302
346.7679
399.6332
218.5582
579.2189
678.459
418.4806
339.2303
354.6355
327.9287
520.1452
816.7153
290.6191
503.2212
220.5499
404.4683
732.9523
436.2514
1153.481
523.4426
1496.941
210.9954
497.0559
287.7502
576.8466
550.7274
526.6952
1163.458
533.0895
592.0041
424.0253
429.7849
411.9799
359.1115
513.8772
610.6994
3255.752
554.9982
251.7366
375.2518
350.9798
212.2644
747.4136
475.8705
348.7862
525.7369
525.7398
564.2063
246.7929
768.3397
393.5727
578.1326
714.1155
1016.017
313.7169
355.9835
315.3381
999.6775
1419.028
567.1052
463.6479
488.226
394.1442
698.234
1103.634
415.8827
559.2153
282.7214
378.3179
443.3504
456.0398
480.7341
223.4812
247.572
1308.44
881.5604
456.3015
860.9562
324.2548
439.6682
1382.572
312.0743
1539.697
289.9322
673.416
644.3167
224.5074
291.5643
510.4936
382.5428
539.4813
297.232
377.9736
716.8476
525.5738
417.4559
710.228
281.8564
233.6538
342.8987
598.2129
362.9058
418.8779
505.4858
857.9879
496.6811
308.5109
238.7342
821.6878
693.1058
263.5802
787.8686
581.2131
362.6834
1303.716
544.6954
495.7915
415.5928
475.3398
458.3464
331.6125
346.996
596.6781
365.0457
