84.70516
85.63817
87.16026
87.31026
87.01865
87.35993
88.55556
88.11993
88.4971
89.7209
89.08314
90.80765
90.17822
92.42333
91.30127
90.98777
91.81186
91.81581
90.97414
91.67877
90.55836
90.02779
91.66688
90.82456
88.87827
89.41504
90.92231
91.63293
93.044
89.51037
91.18759
92.99913
94.74038
94.55764
94.22871
96.70674
97.34918
98.51941
96.88225
96.40167
98.91069
98.64888
97.36737
97.40815
95.32771
95.65255
95.30527
95.52672
95.20548
94.83137
92.81323
92.01478
92.4052
91.96804
92.43942
91.05556
90.36187
89.24122
90.87807
90.72749
90.80226
92.97109
91.20121
91.66328
92.40378
92.26909
91.84292
91.68757
92.9926
92.70788
91.99552
91.71285
91.82208
91.77687
92.08976
92.42919
90.91968
91.32918
92.50687
92.48634
91.02877
91.56103
91.09088
91.65519
93.07049
92.79172
93.82352
94.57644
94.4826
94.44391
95.04785
95.84773
95.46673
95.05984
94.54059
96.47697
96.03542
94.67482
94.12573
93.92987
94.6805
94.74984
94.89352
93.39993
93.69465
95.32867
96.01951
94.42556
96.01339
97.16935
96.03856
96.27673
95.46904
96.52492
96.30026
97.48764
97.84067
96.28062
96.72464
94.57276
93.80865
92.37496
94.07789
94.50199
96.34439
97.0233
97.0101
97.36183
95.99136
95.89752
96.13614
95.96127
97.63786
97.69105
97.35422
94.90564
94.88575
95.59046
94.23334
94.94519
94.47491
92.95932
94.18348
95.56733
95.21849
98.2284
99.27901
100.4017
100.0016
98.04471
100.0179
98.49652
99.06591
97.57742
96.58778
97.11104
96.82862
96.3523
96.62642
96.57289
96.02314
94.83081
95.34925
94.87094
95.49233
93.79437
94.18134
96.39669
94.88467
95.27201
96.74042
95.91686
96.70218
96.39473
96.99555
95.33098
96.35068
96.56905
94.86067
95.45526
95.84255
97.14624
94.8511
95.84275
97.36815
96.67886
95.58779
94.38598
94.62913
95.56891
95.74043
95.3546
96.14068
96.82797
96.51243
96.29312
95.6186
97.13454
98.81987
99.10606
100.5558
99.72732
97.8141
98.54029
96.43528
97.74274
97.94792
97.78461
99.44934
99.57749
99.40321
99.24785
98.73103
99.14521
99.84749
101.163
100.2096
99.87511
100.2421
99.46301
100.7937
100.8154
101.208
100.392
101.8564
103.1896
104.1187
104.172
103.966
103.3264
102.9126
104.5107
105.4669
106.2105
107.6266
108.367
109.4038
110.2358
110.2242
109.8195
111.1667
111.0167
111.0946
110.4313
110.6704
109.4861
110.2511
110.1132
110.5452
111.7171
109.9392
109.3711
109.3235
108.6848
110.6635
109.4108
111.0338
112.3476
112.2856
110.5441
109.58
109.9012
109.3327
109.6409
111.9345
112.6032
112.0498
110.7972
112.1024
112.7589
112.5668
111.0375
113.3661
113.5968
113.3405
114.4891
112.4358
113.739
113.8199
112.9716
111.6835
112.7954
112.4414
112.3355
112.1978
113.3351
114.9601
115.9595
115.5985
114.249
113.8413
114.018
113.4385
114.5734
115.0701
116.3706
116.7866
114.5415
113.6278
115.4308
116.5677
115.3627
114.7633
115.3768
114.9989
115.7599
115.0386
113.6629
113.6352
113.2313
112.7202
111.8791
113.2158
114.0769
113.6214
115.0512
114.458
115.5379
114.1754
113.4518
113.7081
113.6668
113.2917
115.2721
116.1706
116.3024
117.3637
116.5089
117.763
118.8646
119.0316
117.3383
117.6791
117.8228
116.7568
116.5775
115.6596
114.3456
112.2455
112.6027
113.6057
113.3929
114.5963
113.4677
113.0942
112.1442
111.6687
110.7699
110.1958
109.4989
109.7037
110.3471
111.444
111.2326
111.3589
109.1402
110.7123
111.7769
111.4197
109.7426
108.4361
108.829
109.6862
109.2436
109.0399
109.965
108.6441
107.3207
107.736
107.2336
105.7157
107.1417
108.1448
107.6321
106.7631
107.4303
107.4027
108.4462
110.7025
110.1595
111.0276
108.6489
107.5651
107.3147
106.5879
106.4951
106.7598
106.2741
105.6704
106.5084
106.2988
106.9746
106.9692
106.848
105.8666
103.3914
103.9343
105.7451
107.1615
106.1321
105.9795
105.8945
105.6228
105.2348
103.7598
103.0933
104.7971
105.4638
104.449
104.6156
104.5126
103.0221
101.7817
103.4199
104.3246
103.7083
103.6285
104.7421
104.628
104.3227
104.1053
104.6356
105.5894
104.0858
103.1666
104.6629
104.4215
103.4272
102.7073
102.9756
103.1009
105.2321
106.0655
107.2161
108.3145
110.1718
108.9232
109.5385
108.5259
110.3372
109.5102
108.607
107.9238
106.7326
106.8963
106.4521
109.3822
107.4555
107.0862
107.2802
106.9635
106.4268
106.3633
105.5448
106.6452
106.8441
106.3273
104.833
105.741
105.78
106.4006
105.9174
105.6536
106.5235
107.4144
107.1941
106.4185
107.1934
106.994
107.8366
108.1942
109.5785
110.6677
110.4053
110.2546
109.8206
109.9806
109.8094
108.6572
108.815
107.939
107.6348
108.5036
106.0511
104.5599
103.5264
105.0305
105.0166
102.4469
102.3205
103.852
105.6844
104.8081
105.2635
105.9227
105.073
105.6438
107.0237
107.6023
105.8479
