12.5985
49.64849
174.6099
140.6339
78.91616
43.95058
27.10923
26.25419
11.33008
6.616985
6.069879
8.251772
5.492048
5.342544
6.42311
5.383893
6.769842
6.708939
10.29436
10.92369
9.918217
11.74308
13.72551
15.51481
8.392635
10.24073
12.76528
8.642446
7.9584
4.225335
4.976125
6.251166
4.908141
5.186056
8.895467
5.207765
3.872388
3.487255
2.906578
2.81244
4.096789
3.968231
3.190645
4.872922
6.771844
12.6411
9.462213
5.747896
6.72992
7.249536
4.747944
3.005508
5.243952
8.91924
10.78346
8.6027
9.050086
9.104822
6.632936
4.894216
9.086315
7.767813
8.7497
7.768131
4.137386
2.029983
2.900957
3.34319
4.340692
2.870781
2.491079
4.063067
4.403738
4.239488
5.214119
4.517269
5.67808
4.332182
3.817114
4.289902
7.897234
6.380533
7.482459
5.062201
5.787183
9.081072
4.880615
3.768729
3.021539
4.980211
6.490183
4.446589
4.492985
3.787742
3.943776
3.96195
3.890291
4.096474
4.054406
6.1884
5.175423
7.274949
6.095265
7.216824
6.895803
4.232354
4.402836
3.345654
4.072219
6.921322
6.375057
4.368046
5.216564
4.095118
4.66015
4.350635
5.741224
5.255371
6.76737
5.34008
4.9044
3.61404
6.091796
6.551393
4.583171
4.08978
3.926711
3.183671
4.317566
3.829247
4.679838
6.238583
5.555006
4.867471
2.901537
3.669403
5.097107
5.575631
3.060598
2.511059
4.08765
3.224412
3.838682
4.261082
3.557132
5.923
6.504834
6.452385
8.974872
5.089127
9.16838
6.927349
4.538341
5.555016
5.661192
5.191121
3.146538
2.243441
3.060794
4.056556
3.502659
3.494676
4.638557
4.859493
3.289303
5.329604
5.988894
4.077434
4.05843
2.650085
2.48476
2.464908
3.405356
4.423211
5.552625
6.250488
4.280896
5.67437
5.873562
4.056505
4.076803
6.973516
5.293999
4.718617
6.903079
5.100596
4.061072
3.82997
5.257715
8.022763
8.218005
8.708108
7.682452
6.127523
4.33276
3.764461
3.381396
6.355137
4.945172
5.325325
12.72538
12.05442
9.426366
5.587923
5.967654
4.835551
5.7153
4.713461
6.352009
4.428431
5.282357
5.429451
8.359338
9.845908
9.380121
11.20599
9.979316
4.394723
3.004647
4.729397
3.922261
5.635254
5.376782
5.370908
3.641835
3.881097
3.485867
4.865979
9.069661
8.060422
16.57712
12.66997
13.46979
12.28526
11.84473
8.473062
6.648167
6.856362
4.098142
5.517521
4.443243
5.441382
4.881455
2.78618
3.793674
4.535153
3.192658
3.49358
2.703246
2.988584
2.312538
2.338646
2.618745
2.107271
2.748099
2.710847
3.658432
5.714522
6.537618
6.443909
5.24315
6.643603
7.804561
6.806718
4.829221
7.391113
6.307238
5.362845
5.136867
6.201003
7.94484
6.574583
7.744168
5.645102
8.383602
4.619662
4.141231
3.844107
2.77706
2.384271
2.858834
3.627546
3.482894
2.78475
3.991742
4.756722
6.261614
9.124197
6.488598
6.089025
6.135387
10.2165
10.96582
7.073855
6.036827
4.479492
3.491285
4.918616
5.701878
4.63387
5.07309
4.420621
3.369082
4.656339
3.911552
4.029246
5.441821
5.042018
6.42214
4.324922
5.050191
6.024985
6.860223
5.673546
7.244064
10.31358
5.466039
5.016728
6.469577
4.855886
4.475975
6.055346
5.853147
6.66611
4.979836
5.23445
5.697437
3.828881
3.769094
6.680899
5.976961
7.273466
8.803197
8.903621
6.331983
8.823697
5.569302
5.52157
4.444062
3.311379
3.387239
5.191423
3.326206
4.902585
6.468429
5.542205
5.976602
5.431792
5.18119
6.022763
4.646465
11.31634
8.687238
5.722555
7.08377
5.70213
7.657325
8.783434
6.429368
6.229476
6.221147
6.687183
10.37309
8.515689
6.558312
6.935289
4.979801
6.486987
4.804925
4.921162
3.351302
1.955372
2.371373
2.748446
3.535671
2.845871
4.090155
4.221111
4.075612
2.165368
2.273833
3.527077
4.882373
3.303199
4.332444
4.226686
5.827315
4.044587
5.970889
5.633174
3.539083
3.586456
3.922262
5.486988
4.986902
3.755815
3.612299
2.068396
4.934614
4.810858
5.557932
12.35379
10.40371
4.931941
9.005131
8.681325
5.914023
5.663196
4.091837
4.883395
3.87737
3.871798
6.599195
6.80462
5.408247
6.549877
6.254182
4.026046
3.85739
3.521658
2.904066
2.599385
4.249392
4.006834
7.825298
4.830111
4.22065
4.352593
6.314604
7.511159
7.08999
8.13393
5.027536
3.572025
4.581173
7.045432
7.340538
6.322395
9.561784
5.749203
6.142477
3.784278
2.764492
2.198473
2.288578
3.465595
6.862325
7.174328
7.852659
7.034385
7.996617
5.092009
7.78755
9.16885
6.476879
7.57152
5.017687
6.865726
5.780463
5.456754
7.004534
5.590484
4.15754
3.179799
2.871647
3.874635
4.434653
5.399576
5.808415
3.987566
3.426264
3.374721
3.780167
3.975674
4.107286
4.130297
4.564572
4.280681
3.018989
4.238391
4.787373
4.367694
3.927252
3.912535
4.344539
5.140731
5.797837
6.66418
3.277863
5.694864
7.041389
9.134833
8.617598
5.798143
9.175725
9.615766
11.00872
11.13498
7.789122
3.938068
