57.59195
38.9253
32.81372
42.07068
52.17318
36.52272
33.94559
19.95914
27.43892
24.76652
24.69874
23.43094
27.27568
22.16101
26.79605
28.85436
31.93833
32.59905
34.01246
24.87723
30.25821
47.23036
27.60847
29.81715
37.32831
24.01396
21.48255
19.33096
23.32854
28.71438
26.252
21.10309
41.13369
27.61911
26.84603
19.17064
13.89517
15.7006
18.05679
26.17715
28.32658
28.51948
27.53932
36.76297
30.96854
31.92395
43.26705
44.66669
36.60259
30.43365
22.11154
26.04248
22.66193
19.03536
26.50205
27.02864
42.12374
32.56549
24.85705
21.74462
21.39006
31.78772
31.42882
24.40116
18.16239
13.57194
19.15772
26.98901
27.78439
22.96685
27.90372
34.70188
24.58034
31.69498
32.92789
34.58517
22.40998
26.82903
21.40391
21.42857
22.20161
20.05659
19.80597
31.11784
25.15983
23.64122
24.528
46.83996
48.48064
47.66812
27.84556
33.64044
43.58202
49.92806
46.3739
36.05339
29.64596
38.79633
33.05311
21.80688
29.0602
24.03801
26.19492
35.75747
42.10251
37.99107
34.32587
21.91498
17.55192
26.93854
33.71808
28.30206
25.31581
36.48446
34.6473
33.97577
25.65436
29.95166
24.59319
31.04419
33.29311
24.20015
26.40038
33.78021
19.29534
23.9354
22.48456
26.16093
20.38305
23.5112
29.91116
23.87688
24.61967
24.60514
26.09405
21.23075
30.91327
30.68413
24.77017
26.35502
39.07933
34.67782
28.44388
34.52537
40.92797
45.84324
26.31116
23.21467
20.516
18.70208
17.70862
15.50486
14.95018
11.86466
18.66407
23.64031
36.90099
38.41432
21.04217
15.07407
21.13228
16.60743
24.64316
16.1111
18.52516
20.91944
16.47239
23.9857
19.91187
25.35136
22.69881
13.99598
21.53527
19.189
22.76732
18.30645
19.91467
25.98357
31.94967
33.68787
27.96692
26.29496
24.42615
15.90196
18.08012
32.77597
20.33292
19.99648
19.16759
19.62709
16.96678
26.73539
14.94569
16.00544
16.59301
28.83213
16.72674
24.48908
21.28145
19.13789
20.81096
21.15199
13.82228
16.62292
31.64636
25.86322
21.33776
37.85125
24.98952
16.76311
24.19515
20.97689
25.40544
26.27098
26.53596
20.89617
24.70334
23.65769
25.78769
28.44398
27.4668
37.82956
41.10115
24.57087
23.47525
28.06464
49.72695
56.69149
30.43583
24.99153
24.59978
20.80468
25.01164
32.03983
18.01236
27.43236
25.53343
21.54569
26.83087
24.58005
22.29881
28.15319
23.83264
29.0252
27.1029
25.7412
33.06311
37.68369
34.18185
23.23458
24.86438
25.4096
32.43537
28.00853
31.43156
30.11503
45.02703
25.79186
29.66212
23.16379
21.33455
27.85195
34.25888
32.03614
27.78119
29.27868
31.23218
25.06647
30.48458
26.12601
27.97961
31.20418
39.37397
31.40864
27.77789
27.12609
19.68821
23.88637
28.70622
27.04077
24.88633
28.72695
28.5492
26.89779
32.57534
23.94385
39.00321
47.94733
51.96975
47.40303
39.75622
22.11883
27.95466
27.61698
17.70434
20.04436
30.74683
26.57264
21.19098
32.58137
36.23399
50.46791
51.48051
30.58409
26.97868
31.33325
36.96938
37.1165
24.77823
29.92415
33.07049
35.03716
32.10759
33.65888
25.2433
27.14824
24.12429
27.72607
44.25036
36.63162
31.34539
26.52351
23.13618
32.08193
28.22267
21.00954
20.20932
35.70155
31.67334
40.00557
30.69712
29.64793
24.83672
28.62853
34.50493
32.45167
24.38477
31.09364
42.1732
36.50644
33.1807
31.66428
21.94475
15.90404
21.44
18.86054
32.61817
30.47278
27.75266
18.21862
16.27456
17.54861
19.76036
21.54155
22.99515
30.52269
27.06275
25.39253
17.06618
16.19877
17.83165
17.631
25.27118
30.76191
26.25011
17.98139
18.95551
20.20398
19.58608
18.01471
23.58721
26.9027
24.95364
26.58093
44.71574
28.60798
31.66075
26.06077
20.80214
20.18881
14.15487
14.91049
27.5522
25.35932
30.07858
31.00417
23.2764
21.77638
17.24046
19.64283
20.76863
19.10065
24.64868
24.40643
18.60833
19.12355
33.29316
31.67412
35.79148
23.14139
20.73357
14.91405
22.27887
32.58387
31.91296
24.0269
26.96258
24.61659
21.36701
30.819
30.82657
20.64899
29.2553
39.20877
38.87648
33.55764
34.58185
32.68332
31.47021
28.96135
34.63852
27.2698
40.09648
35.38398
33.11608
32.01879
27.01169
33.57547
27.30274
24.54191
26.39409
32.24669
32.74706
30.70508
22.67051
21.68714
23.45901
25.26368
21.58886
24.20284
26.44674
22.76868
19.73501
22.42002
25.46513
37.56508
31.50128
31.09482
32.32949
33.91712
32.04888
24.41406
34.97873
27.2805
34.98883
38.40025
32.91316
36.57688
20.19139
18.58805
29.33541
18.90249
21.70575
29.0945
28.21569
47.40372
57.39438
26.8194
29.32298
23.91183
32.18455
28.26674
28.71215
30.47934
27.49142
29.91894
33.04029
25.05682
26.84605
24.95795
24.30449
28.90218
22.34429
20.61041
22.57827
33.47304
30.25249
66.21362
41.11361
30.27363
20.87797
13.88456
13.76658
19.30145
20.80948
14.98449
22.60274
24.22408
16.11536
16.43709
