24.60293
13.76322
12.06275
12.67727
12.48858
11.68672
11.37721
13.30575
11.03614
12.79632
12.57328
13.01594
11.57388
12.39232
11.70027
11.07593
13.08714
11.80359
13.96267
11.3735
12.24765
13.01235
11.90586
13.1529
11.61289
12.46429
12.58699
11.10324
11.75653
12.33104
12.89084
12.62017
11.78369
12.35199
13.74469
12.37266
13.0659
12.04124
14.61927
10.67493
11.83367
13.26059
11.62738
12.54184
11.76684
12.75411
11.69469
11.03584
11.8247
11.78029
12.32084
11.62292
13.84725
13.83825
13.9375
12.79711
11.52732
12.62814
11.93651
12.22233
14.53345
11.32271
10.53196
12.6305
12.87174
12.55247
14.12754
12.80559
12.4135
12.30711
12.35839
11.44573
11.78261
12.86373
11.75303
13.83958
10.82306
11.56173
12.13608
13.37047
12.65444
12.79351
12.16137
12.66029
12.56433
13.12481
13.20439
12.35858
12.13869
14.21761
11.31625
12.45508
11.45633
11.87581
12.48258
12.75117
12.51443
12.22681
12.47919
12.33428
12.05897
12.33323
10.50884
12.73916
13.01893
12.60312
11.83823
12.23803
13.30918
11.61933
11.5954
10.8063
11.73455
11.92571
12.10761
11.64502
12.30647
12.44091
13.45719
12.98551
12.74386
10.78572
12.4906
12.24893
12.82714
12.16278
13.04845
12.25217
11.74887
11.9241
11.32516
12.1299
11.75851
13.15478
11.69334
13.17036
12.24493
13.12225
13.89377
12.71634
13.9216
10.93329
12.44057
10.80035
12.11725
12.22026
11.54908
12.38003
12.57399
12.51493
11.98321
13.24504
12.27871
12.92486
12.78612
11.49117
12.19183
12.15696
11.60745
12.18756
12.90876
12.72488
10.65796
13.79569
12.18885
12.78512
12.80059
11.21045
12.0098
12.11072
11.32019
12.27876
12.43093
12.27253
13.35878
13.56396
11.5984
11.63924
11.93256
12.436
11.76577
12.11602
11.65138
11.87849
12.68941
11.66514
11.52742
12.11016
13.06807
12.7918
12.61308
12.0388
12.617
12.37713
13.11373
12.10045
12.22398
12.4857
12.92199
13.07197
11.85471
12.43124
11.84034
11.71391
13.49872
11.4111
12.48428
12.04907
12.27122
11.2973
12.55653
12.90454
12.12919
13.2491
12.38097
13.87471
12.30802
12.90938
12.25515
13.17105
12.42286
11.45435
11.99158
11.64254
13.25747
11.78222
11.43159
11.89981
12.52318
12.38269
11.79163
12.38812
12.28866
11.30953
12.53542
13.01839
13.22137
11.73963
12.87143
13.0973
11.90175
11.51827
12.81084
11.31259
12.37738
11.65888
13.11639
10.9072
12.16989
11.07967
12.6054
12.32854
12.44245
12.24106
12.32826
12.04783
12.62026
12.01176
12.12414
11.90762
12.57596
11.80774
12.77561
12.09108
11.99579
11.9756
12.97536
13.07363
12.96109
12.13219
12.20761
11.94036
11.57529
12.89614
12.67841
12.60324
13.32836
13.3481
13.28426
13.0779
12.56499
12.98597
12.24531
13.20772
13.37019
12.5136
13.1513
10.91593
11.86117
11.7853
12.77073
11.98474
13.30948
12.51173
12.3173
13.55688
11.7485
14.04271
12.87488
11.93166
12.10351
12.32168
11.07541
13.4963
12.40865
13.86264
12.99971
12.45936
12.2315
11.92608
12.1477
11.9932
11.90845
11.92162
13.25308
12.43467
11.81401
12.32203
11.9833
12.41411
11.20337
11.84631
12.43333
12.04145
12.30215
12.60644
12.0493
12.32743
11.67038
11.72654
11.96519
13.87788
11.67901
12.06661
11.01499
12.0415
11.01224
12.70353
12.64808
12.43194
11.93128
13.28313
13.6347
13.16271
12.91391
12.2478
10.84027
12.82613
12.06391
12.46436
13.99116
13.34108
11.92904
13.0495
10.11825
11.7719
13.06472
13.3547
12.81718
12.68317
13.03445
12.89405
11.8133
12.81283
13.60586
12.54441
13.70087
12.22768
13.17592
12.00675
11.86348
12.10217
11.52725
13.34847
12.54548
11.05467
13.08611
12.68782
12.0767
12.37603
11.4981
14.29619
12.66325
11.77436
12.15521
11.97507
12.23359
13.05646
12.9333
13.04121
12.47731
13.09433
13.47952
11.73566
11.67475
13.68345
11.65693
13.14035
12.20728
12.04888
13.6272
13.04564
10.94253
13.94224
12.14209
12.84412
10.98273
12.73895
12.17202
11.32339
11.71892
12.79943
11.52987
10.97503
12.06373
12.1533
12.17425
11.73613
12.33464
11.30062
10.7342
12.7113
12.0734
12.28599
11.80266
13.46651
12.53196
12.32737
12.18066
12.33346
11.32324
12.24375
13.65699
11.59407
13.42611
12.04573
11.87667
11.70661
11.08725
12.95755
13.07913
12.58052
12.36621
12.3108
11.31337
12.28512
12.4562
12.46731
12.70238
11.37482
12.79683
11.96556
13.02215
12.33813
12.75053
13.27007
12.52158
11.8023
12.65037
12.73549
11.25972
12.55648
11.9469
12.32045
12.93611
13.69197
12.23061
13.67445
12.67598
12.92606
11.34763
12.56615
12.4902
12.26834
12.69555
11.70543
11.77631
12.75235
10.70621
12.2376
11.49085
13.42059
11.643
13.18224
11.70507
11.63083
12.69839
10.90807
11.79126
12.49647
13.02213
12.01506
12.28862
12.62443
12.6577
13.24237
12.52347
11.92751
13.16471
12.08831
