0.08222729
0.342856
0.5064658
0.5575823
0.2155203
0.584076
0.148284
0.2649279
0.1225192
0.3482342
0.5093166
0.09339238
0.1449944
0.2835259
0.3999719
0.6665556
0.2648531
0.6613877
0.2147369
0.2776797
0.1124764
0.1350765
0.7854672
0.2779461
0.1671654
0.2235863
1.445257
0.2614114
0.2035077
0.5211876
0.09917284
0.2868017
0.3343328
0.9608958
0.237221
0.6648912
0.1597793
0.1466291
0.09965795
0.1935967
0.1633885
0.5521354
0.3996034
0.2420123
0.3431579
0.2173613
0.1148833
0.207246
0.5078508
0.1684449
0.217625
0.3815003
0.2846217
0.3552599
0.2899066
0.2239799
0.3799722
0.158313
0.1248995
0.2888187
0.4969866
0.1708029
0.1774241
0.3526974
2.923136
0.05858802
0.3598403
0.1829423
0.09148631
0.7941501
0.5297091
0.1426888
0.1635442
0.1424673
0.1486969
0.20569
0.2403233
0.1081376
0.1547865
1.253124
0.09195046
0.2593299
0.4055267
0.10102
0.1136828
0.1259502
0.2795111
0.09030579
0.3994481
0.09531532
0.8484055
0.2264996
0.1269612
0.3348969
0.1415603
0.1461668
0.316828
0.1979641
0.1450389
0.1747288
0.2345963
1.156583
0.144604
0.1851195
0.3064205
0.3139318
0.3494374
0.5794899
0.2465268
0.4450232
0.6225866
0.3499316
0.2434367
0.1937375
0.09796407
0.2112039
0.1663622
0.264356
0.1090426
0.3097241
0.5235132
0.2931872
0.06786198
0.2897911
0.2452291
0.20869
0.2887416
0.4588626
0.1348213
0.675569
0.2471363
0.1510518
0.623985
0.3958781
1.927469
0.5395575
0.3073568
0.1651388
0.1560272
0.3830262
0.1234051
0.7829655
0.3428371
0.5770551
0.04743745
0.1268395
0.08585577
0.2451436
0.2304912
0.1995877
0.09294095
0.1492997
0.2639239
0.2694743
0.1286507
0.1496828
0.1293591
0.4588412
0.1814362
0.1901198
0.1013717
0.2831795
0.2974205
0.2106187
0.3825772
0.2439449
0.2208529
0.1369673
0.1834439
0.1797775
0.1483588
0.4476836
0.3933391
0.4075048
0.3695648
0.1721046
0.07737751
0.3215461
0.3942777
0.2562612
0.2059884
0.218701
0.3568846
0.274048
0.1006423
0.1201051
0.18406
0.2338798
0.725936
0.5645281
0.2553393
0.2896634
0.2786908
0.1311957
0.1413152
0.4232147
0.5852931
0.2619562
0.1564569
0.3328242
0.1867088
0.3557126
0.1751072
0.2118513
0.1223252
0.2358963
0.2278321
0.1528561
0.1600235
0.237052
0.8052891
0.3300331
0.1725562
0.1332965
0.5656595
0.1625137
0.4166144
1.130674
0.5478724
0.2666947
0.1113185
0.1014878
0.2558122
0.2609057
0.4546689
0.2186731
0.1517983
0.08831196
0.2029835
0.08172534
0.4146798
0.2029827
0.6144014
0.9100725
0.2497059
0.3068661
0.3126878
0.2694241
1.416068
0.1065047
0.4948858
0.1920075
0.1184486
0.1580057
0.5037175
0.1401212
0.08974607
0.08710006
0.2729017
0.1224405
0.3436556
0.3519881
0.2553622
0.118075
0.1885875
0.3387698
0.09787688
0.2894332
0.2084899
0.1333143
2.147199
0.08534736
0.5240134
0.112804
0.3756524
0.3883492
0.3955906
0.2273997
0.1786415
0.2229541
0.2959925
1.301716
0.3064098
0.3912525
0.09142127
0.4070553
0.2511064
0.2563173
0.3732708
0.2403875
0.2029681
0.2130878
0.2111992
0.2369789
0.1322317
0.3550384
0.190964
0.1680297
0.1503133
0.07202387
0.2189448
0.210296
0.09634817
0.2004821
0.08876961
0.4066263
0.7477304
0.5699751
0.2327638
0.2043266
0.253074
0.4044841
0.2975652
0.2904909
0.1243604
0.6558175
0.1922814
0.2721718
0.2136806
0.2364329
0.12365
0.7015314
0.347154
0.1702016
0.1270705
1.257165
0.7685399
0.1920919
0.1165042
0.9915256
0.4118768
0.1528588
0.1207407
0.254565
0.3690747
1.422462
0.2845997
0.1660369
0.5562245
0.1307059
0.1147379
0.1466783
0.2496992
0.1252794
0.766172
0.1805034
0.6269321
0.08408573
0.09507345
0.4046827
0.2803545
0.5208647
0.259647
0.1322611
0.09303706
0.5260119
0.7338163
0.532507
0.246602
0.08528196
0.2874006
0.2834767
0.1741407
0.2553949
0.742077
0.5210061
0.1538203
0.1421768
0.7539695
1.059122
0.3457227
0.1442352
0.3907151
0.09937778
0.8792308
0.3226564
0.2389752
0.3247627
0.2333883
0.46865
0.1099319
0.211198
0.5325512
0.1625459
0.4864722
0.5540301
0.4096583
0.5271975
0.2083929
0.2177202
0.1527904
0.7250578
0.07344233
0.2000002
0.1369856
0.2204235
0.1110257
0.4623146
0.3457348
0.238622
0.1439411
1.287475
0.1248083
0.5012689
0.1003495
0.3518714
0.1857226
0.353726
0.281927
0.5884745
0.5856941
0.3686301
0.2138379
0.08328101
0.3753468
0.1729497
0.3627611
0.308221
0.434935
0.4370215
0.1410477
0.5221985
0.1894558
0.2049475
0.212882
0.2476713
0.2974962
0.3836538
0.299719
0.1782288
0.0689471
0.1548656
0.6251141
0.3490744
0.2577339
0.1000631
0.3499473
0.1967271
0.4074271
0.4009046
0.08939547
0.2765966
0.193981
0.1937995
0.1501778
0.1652402
0.1108625
0.1894896
0.06680926
0.2815328
0.1347659
0.1378366
0.250474
0.1015354
0.3595792
1.235864
2.344884
0.4550932
0.2015572
0.2602683
0.1179013
0.3862945
0.3241603
0.2685376
0.1939516
0.2576573
0.2770355
0.3997213
0.174526
0.1202195
0.3520702
0.9684339
0.2199802
0.293654
0.1149202
0.2476121
0.8064791
0.3812091
0.6398129
0.08519092
0.444741
0.2614928
0.3187101
0.1317933
0.3957895
0.2137283
0.1063182
0.4136313
0.6577241
0.1423591
0.1882577
0.182768
0.2347866
1.359418
1.228184
0.1589773
0.2907752
0.1582876
0.2903295
0.4252325
0.2020074
0.1445991
0.7749975
0.3116863
0.2108654
0.4789684
0.2461475
0.1919104
0.1254924
0.1707678
