37.81008
19.89516
29.21087
39.60882
48.73662
60.69067
51.41908
46.64896
39.33452
28.98505
19.68065
17.1163
13.88144
21.76652
31.99099
62.80232
35.18672
41.64768
66.06117
59.03136
87.3063
33.72368
50.97981
39.85036
51.02204
37.67323
77.77784
52.01555
27.89145
20.4029
27.8668
25.84592
40.17811
26.55312
17.66445
29.50155
17.83724
15.97796
18.387
31.71651
45.51906
36.72056
37.42188
20.85034
18.86972
19.18014
23.20435
21.37178
30.02373
27.42473
37.80388
29.83274
18.16515
36.66684
29.6737
19.63868
34.35497
45.66837
38.33049
38.46352
27.00103
19.26518
23.45549
17.24788
23.9156
20.95066
16.08662
21.72805
26.90602
29.99715
29.9547
34.4432
41.22047
38.99191
33.12806
32.46591
31.00838
35.86936
25.57737
35.07766
50.5133
70.57354
123.1035
84.66612
72.98054
41.70696
19.09084
18.39957
23.3659
18.33963
11.07406
16.51884
16.16331
19.29531
39.7131
25.61701
44.86354
33.86482
30.89901
38.05938
67.65568
88.3052
78.951
36.26901
51.43325
35.61533
58.75915
42.62296
32.52913
29.46264
29.75348
18.87415
16.47125
11.46202
19.54794
20.39227
20.68511
21.60254
17.52748
20.58552
33.48851
22.13225
21.09422
32.81842
35.88525
45.06865
79.00835
59.41928
87.70695
38.17821
26.41152
42.27808
42.23163
40.82319
35.659
23.86315
19.61575
24.49803
14.95545
25.05537
65.20389
48.06932
23.3667
23.89921
49.69602
66.62838
74.13238
89.53529
34.75278
26.40432
20.61432
31.25559
30.38882
32.89526
42.4016
53.39985
42.561
29.53749
30.21807
32.15303
29.7417
55.46463
33.19395
26.16702
18.58464
32.71856
35.62432
52.68006
41.42999
48.26344
77.21864
64.51798
69.40005
35.72068
45.69265
28.13864
30.95236
43.35395
38.38421
44.83456
32.47857
51.62132
62.30278
37.7266
48.35963
33.15709
51.97166
48.12256
39.86382
51.0199
33.3966
17.80303
25.85405
28.28361
25.61772
34.91764
47.26929
26.43591
33.05488
33.66674
41.30646
34.45125
28.00576
14.10029
15.59987
12.11685
21.93881
39.44547
48.71615
55.6057
65.78492
34.65474
27.76408
20.66669
18.35011
20.2866
25.39614
16.67093
22.07711
42.57078
35.35715
37.80499
40.09452
45.45959
33.93834
37.49962
18.22257
19.80099
45.86488
73.87664
61.13074
86.62652
95.72288
134.7041
107.1741
61.02763
38.23387
45.23233
27.83741
43.36979
35.75629
28.83161
40.62216
28.52845
27.04937
27.34761
49.97869
26.44979
23.49026
15.88729
16.27494
13.63731
17.72033
22.53637
26.03304
30.63257
22.38597
24.65954
56.23051
84.58783
60.43331
81.08265
41.60265
38.12722
25.62426
38.20325
41.1738
45.49654
53.03983
35.21438
40.35864
31.29585
50.41766
38.07723
43.89932
73.40372
55.11476
52.21806
59.16144
34.28032
25.85154
24.63012
16.80007
47.0522
28.74218
47.6101
52.67158
64.78955
73.9458
49.96157
34.27229
27.99063
26.05286
19.46702
21.3972
23.69739
28.12559
58.87389
47.15994
51.48951
63.95305
65.19913
89.03274
77.22405
84.5031
44.45896
61.76442
62.22948
43.60122
25.46413
50.49433
34.441
63.31167
62.9707
45.21248
48.29781
52.1226
81.22423
91.66138
43.04897
41.24315
36.41401
44.00306
63.50581
32.8634
58.38256
51.84123
45.92611
34.80229
49.9233
54.48769
58.56417
38.81774
35.69908
38.08384
42.08113
33.66657
16.56271
16.52434
18.40562
43.62755
34.13056
20.04397
18.14723
18.01555
34.87713
40.04908
30.94983
30.94755
38.67221
37.83342
23.32289
36.30518
23.95797
22.96506
18.45767
24.87843
27.66667
26.98808
26.81559
34.22644
28.01009
37.33028
29.44752
32.1549
42.36562
41.70461
32.49921
23.77558
27.23031
29.79166
45.55634
23.11364
22.10359
23.66752
21.39631
26.43253
31.0958
35.76985
23.96622
36.49357
35.49709
30.19683
25.11452
34.67238
28.54127
20.88209
46.81386
23.77332
39.36553
35.80879
28.85438
48.12319
47.50357
69.48597
115.528
123.0975
132.6038
58.60307
58.15527
65.96439
40.16768
24.27876
19.49158
27.26878
24.96991
28.21145
46.29275
51.35382
68.93617
61.7348
44.56466
38.05488
30.5266
49.19636
50.10691
26.58343
37.12016
35.29742
37.56521
56.95783
45.8144
44.39596
52.72707
60.97443
20.84349
18.58703
20.31438
14.98467
10.69597
8.42028
12.36538
16.56966
15.8946
16.9933
17.84027
16.56599
17.67968
24.18295
16.51392
16.8936
20.38529
14.05546
17.35092
41.28305
37.50184
19.62099
23.63067
28.15026
55.40271
53.80186
66.77631
72.68069
47.21039
39.26681
37.15465
38.9317
56.62875
30.59643
25.42428
29.26519
38.79788
25.61106
22.93013
20.21483
17.03187
17.63959
14.87297
14.97717
13.53309
14.76272
24.87759
20.39858
23.82495
43.22296
50.92769
38.65174
38.99111
33.89533
33.97431
23.83159
28.89734
31.38721
14.32652
12.35748
13.47576
28.22128
33.53795
40.23974
66.33088
24.17489
15.1888
23.27556
24.1676
25.85478
21.69643
25.56094
31.52338
36.39195
28.68863
