0.7136515
0.5482096
0.7043818
0.2091963
1.16787
1.348445
0.7139324
0.8455349
0.5275691
0.6405377
0.4293572
0.6559143
0.8850094
0.6126136
0.7368452
0.4964866
0.6145457
0.5678203
1.859943
4.175421
0.6534831
0.573874
0.7838584
0.9297169
0.8199025
3.440888
0.4396084
0.5781891
0.7176466
3.42084
0.8050876
1.742704
0.7029231
1.873409
2.732072
0.772238
0.4392155
0.4921609
2.071002
0.9911519
4.05104
4.511234
0.2247622
2.057951
1.132565
0.4603154
2.690667
1.161822
1.767148
0.6975535
0.3482099
0.6204214
1.093218
0.755297
2.63475
0.5216692
3.195903
3.218347
0.6936407
0.6750527
1.609409
2.151432
0.7713112
0.9186447
0.6303969
1.053822
0.2589923
0.7219197
1.198103
1.38435
0.7860818
0.3894095
0.4519531
0.4658672
0.8472004
1.461825
1.134024
10.02412
2.604858
1.267426
0.7954775
1.930338
1.882611
1.989073
0.5737997
1.057412
0.2869688
2.522641
0.5688548
0.4759693
0.543112
1.034683
1.042478
0.3172084
0.7973824
1.338091
2.513614
2.825845
2.337491
0.6392978
1.095776
1.084331
1.958667
3.943979
0.6027039
1.224019
0.6611804
1.125204
2.004461
0.4284855
0.5839965
0.5286104
0.7913411
0.4754967
0.4202623
1.274298
0.58625
0.8682792
3.482925
0.5096624
1.636496
0.4373466
0.4454986
0.4789536
0.8112876
0.7930952
0.3684332
0.5970587
1.006297
0.5867708
0.844507
1.811053
1.509025
1.547144
0.5553698
0.8466118
1.263221
1.599165
1.300155
3.23279
1.159577
0.3331539
1.179768
0.5678467
1.801711
0.6348347
0.4975906
0.9165606
0.4364215
0.9479083
2.203891
0.3847192
0.5990596
1.422766
0.5553918
0.9495846
0.9948732
0.3812316
0.9011356
1.087727
0.6875905
0.5888528
0.5599652
1.105419
0.3257414
0.7133004
0.5979525
1.130083
0.5279424
0.7268703
1.026087
0.5322323
0.7432979
0.8036533
1.134941
0.7881822
0.4095034
0.3355445
1.34404
1.276024
2.194263
1.141253
1.168914
2.671594
5.112039
6.016795
0.5851648
0.7897825
1.056895
0.4507026
0.5997575
2.342694
0.5873418
1.201824
0.6103282
2.111254
0.5224151
1.72896
0.6516111
0.5899104
0.4686076
0.8713812
2.027369
1.500218
0.7848176
2.769475
0.4320354
1.542523
0.5383219
1.402758
0.5610873
4.55144
1.226727
0.8003034
0.2901458
0.2734845
1.634782
1.089089
1.765711
1.15034
0.9223174
0.4370704
4.244134
2.635947
4.647459
0.6929279
0.381552
0.4876647
0.7116851
0.4934627
2.082952
1.347045
0.7401327
1.986672
3.763984
3.029719
0.6916646
2.31697
0.5701226
0.5176507
0.7387381
0.5458862
0.4213929
0.2587865
0.5855799
0.4450507
0.9389771
1.063765
0.9958463
1.495226
0.4024193
0.7572785
0.6382285
0.3584795
0.6546015
0.9325149
1.363164
2.761348
1.622308
5.997583
1.588825
0.6858392
2.370307
0.311944
0.4772335
0.6924376
1.459639
1.644993
0.5154101
1.355659
0.6665667
0.8572476
0.8962612
0.8798391
0.6104028
0.2351021
1.610175
0.8964208
0.4554632
1.322192
1.02808
1.006904
0.8780369
1.388295
2.356927
0.512132
1.272908
1.724203
1.066301
0.7610288
3.092425
1.125007
0.3949056
1.761486
0.321191
0.5460357
0.847408
0.4915834
1.094606
9.040901
2.13468
1.001224
1.522308
0.5579333
1.069965
0.4463923
0.5844425
0.8866668
2.882833
1.035511
0.4812695
0.3353045
0.5622601
0.9177454
1.051927
0.6110475
0.3464772
2.566368
0.4314937
1.777035
1.685151
8.555068
2.244586
0.4403456
1.264036
19.63165
0.5942988
1.186231
4.033198
0.5663115
0.6497261
1.270001
0.3711201
0.3211
1.158957
0.6552896
0.4087901
0.8959406
0.5879224
1.222308
0.2799005
1.244256
0.6565512
1.369151
0.6099876
2.245093
0.5244624
0.443018
1.32338
0.4352312
5.125911
0.7469138
1.230408
0.7304957
1.29874
1.441657
0.9337386
0.4454118
0.630396
0.7792609
0.8444338
0.676734
0.8740997
0.8867689
0.2787193
0.3458062
0.4626202
0.9490784
1.339877
0.7737375
1.178065
1.146507
0.6191892
0.6008018
0.5690678
0.8240246
1.67633
1.270358
1.780845
1.849934
0.7506763
0.8990053
0.9319687
0.5851945
2.446585
0.7027013
0.5631341
0.8430406
0.5199976
0.4936764
0.3301878
0.9729688
1.147757
1.192469
1.684847
2.826054
1.842479
1.436951
0.5921321
0.4120205
0.8411197
0.9159513
0.7753729
1.606491
7.058161
1.166496
1.024264
0.6196797
0.4957937
0.6600527
2.71081
1.180075
1.352338
1.363841
1.231438
1.249873
1.089395
0.3748942
0.9966064
0.5679016
1.222355
1.230046
1.165559
1.731941
1.190283
2.063449
1.465479
0.4807532
1.009247
2.70775
0.9678412
0.8263461
1.462361
1.029147
0.4324315
1.022471
0.8368473
1.112647
1.625356
0.3881185
0.3225406
0.6645442
0.811518
0.2005315
1.0647
3.220238
2.121614
0.9115886
3.155515
2.124099
1.223787
1.189266
0.9546941
1.214751
0.5243678
1.193532
1.156317
0.1758533
1.32346
2.440333
0.7735172
3.486829
0.8058124
0.7078641
0.5671864
1.43847
1.49101
0.4121345
2.008747
0.4536889
0.6476778
0.8165149
0.357135
0.6493343
1.229494
0.9524945
0.5154402
0.3378047
0.497657
0.4828489
7.32751
1.104889
1.423447
0.5974526
0.9617377
0.4132341
1.811407
1.445398
0.7060407
0.8029961
1.041419
0.3486042
1.067079
6.672417
0.9910101
1.505536
0.845273
4.635293
1.742708
1.518556
