103.0278
103.3399
102.1147
102.3215
102.6062
103.125
103.828
103.5926
103.2646
102.584
102.5717
102.4974
103.0055
102.6279
102.3249
101.9799
101.4557
101.3873
101.3992
100.6885
100.5925
101.186
100.6699
99.80144
99.54162
98.49249
98.57619
98.83779
98.67475
98.21188
97.50662
97.30077
98.38695
99.37662
99.42812
99.81296
100.015
99.24999
99.61357
98.80517
98.34889
98.6583
98.69731
98.68116
99.40564
99.80067
99.57066
99.48111
99.59392
99.37069
99.43283
99.47589
99.39202
98.92875
98.47996
98.88801
98.24181
98.84382
99.10605
100.0968
100.5067
100.2945
99.83397
99.45844
98.93495
97.47978
97.5804
98.16265
97.39872
96.46571
96.65291
96.98743
96.69828
96.94392
97.58466
98.13009
97.9265
98.3077
97.50439
97.57267
97.30365
97.44184
97.61581
96.90248
97.68096
98.73888
98.46311
98.96994
99.09387
98.69975
98.9546
98.743
98.56909
98.25522
98.18217
97.2675
97.49994
97.74433
97.05285
96.89944
96.79275
96.76966
97.0863
97.71708
97.57232
97.01508
96.21875
96.37723
96.67478
96.72924
97.40267
97.59808
97.55959
96.47668
96.53702
96.46765
97.02128
97.51049
96.97271
96.70235
97.10045
97.12927
97.05444
97.70567
97.66238
97.78423
97.21101
96.83187
97.01857
97.55348
97.23438
97.37526
97.75331
98.03372
98.37319
97.34515
97.72692
98.01039
98.0723
97.98338
97.72067
98.13889
98.67829
98.80026
100.5585
100.1825
100.1339
100.7232
101.1689
100.8085
101.0829
101.6152
101.3102
100.9606
101.5265
101.2095
101.3543
100.9151
100.4136
100.4898
100.0721
99.55931
98.73622
98.29996
98.72641
98.1059
98.14263
98.06305
98.21943
97.75558
97.49109
97.42706
97.23233
97.27258
97.53757
96.34703
96.501
95.89425
96.15531
96.63877
96.07143
96.5257
96.68346
97.39784
97.60231
97.74257
97.73451
97.82915
98.48839
98.3255
98.01433
98.10662
97.79925
97.26729
97.43564
97.39686
96.87698
96.7701
98.3053
97.49265
98.09009
98.44276
98.79428
98.83113
98.92431
99.30343
98.72816
99.40439
99.57096
99.732
99.49658
99.62002
99.23406
98.511
98.70611
99.1889
98.35138
97.66457
97.57682
97.82496
97.58432
97.47916
96.17489
95.95158
96.59533
96.58452
96.53479
96.72367
97.18945
96.29357
96.79321
97.17876
96.41466
96.41893
96.39534
96.87151
97.46453
98.42737
98.14363
98.689
98.58616
98.48202
98.39145
98.29623
98.46068
98.39797
98.42127
98.56764
98.63179
97.86467
97.50926
97.42798
97.87273
97.74868
98.35658
98.27939
97.9807
97.54989
97.68778
96.78932
97.53772
97.15216
97.02371
97.30447
97.18839
96.96022
97.06779
96.93901
96.97155
97.16883
96.46752
96.3352
96.72429
96.73365
97.44804
98.41855
98.20175
98.72405
98.73087
97.86544
98.01089
98.01613
97.54209
97.4944
98.09113
97.48415
96.77102
96.94655
97.06787
97.19043
97.1596
97.21384
96.44678
96.81637
96.44435
96.43651
96.98508
96.71234
96.24699
96.45906
96.58505
96.25665
96.53641
97.2211
96.953
97.26045
97.24288
97.38817
97.52591
97.71015
97.60187
97.97056
98.1037
98.39513
98.99116
98.65315
97.99894
98.17278
98.48079
98.57978
98.12235
97.73068
97.02954
97.42799
96.78854
95.88317
96.16319
95.27677
94.98565
95.20113
94.84085
94.80124
94.52266
94.52222
95.68687
96.03137
95.79989
95.326
95.59012
96.19204
96.50215
97.23631
97.93361
98.49082
98.09851
98.47563
98.43498
97.84139
97.8144
98.61009
99.87941
100.3194
100.5166
99.9871
99.48085
98.70922
98.16022
98.78332
99.04414
99.71338
100.3457
100.9524
101.2558
101.6489
101.3436
100.6208
100.6141
100.7294
101.3525
101.7184
101.0103
101.4489
101.9969
102.1157
102.0496
101.9228
102.54
102.0958
102.1231
102.1378
101.8702
101.4953
101.3041
101.498
101.6077
102.5103
103.2954
103.8559
103.6926
103.0595
103.55
104.105
103.6836
104.7357
104.6479
104.2775
104.8775
104.4252
104.6503
104.0706
104.55
105.0151
105.8078
106.0069
105.0694
105.1088
105.6458
106.1431
106.1973
106.2483
105.611
105.7347
105.5627
105.4014
105.7352
105.6087
105.5383
105.1578
105.4353
106.8438
106.0056
106.3096
105.6971
105.1825
105.9194
106.1287
105.947
105.9012
105.5636
105.3816
105.541
105.6205
105.0534
105.282
106.0029
106.1813
105.9571
105.8634
105.68
106.4742
106.3331
106.1451
105.6933
104.5779
105.2688
104.9918
105.5719
105.1858
105.6243
106.5861
106.6649
107.0617
106.8702
106.1103
105.46
104.8601
105.495
106.3882
106.1776
106.1992
106.3736
106.8215
107.3231
107.1421
106.5217
106.3832
106.8427
106.3865
106.5092
105.7734
105.836
105.6075
105.5794
105.8947
105.7035
105.45
105.5509
105.6131
106.7472
107.2172
106.7305
106.3778
106.4475
106.4401
106.3119
105.9637
105.7232
105.7615
106.0705
105.7301
106.035
105.911
106.571
106.7675
106.8197
106.8094
106.3077
106.0745
107.1065
107.3281
