8.070049
7.005657
6.531673
3.797426
3.136822
2.680232
2.902505
1.831746
1.754035
2.049726
2.845058
2.944627
2.652681
2.724987
2.076923
2.147713
1.719067
2.082744
1.901517
2.354871
2.71934
2.557362
1.954772
2.086598
2.753722
2.553984
2.451555
2.258933
1.930961
2.372792
2.00993
2.382858
2.731526
3.733033
3.992736
3.69913
2.644701
3.118393
2.960419
3.209784
2.672825
2.370591
2.193587
2.044212
2.291948
2.70225
2.540015
3.474185
2.890353
4.173549
2.612199
2.464351
3.73095
2.491791
2.702291
2.977558
2.284606
2.154621
2.082676
2.881253
3.697256
2.83438
2.290623
2.577613
2.530913
2.710893
2.401287
2.502804
2.814055
2.797754
2.899103
2.851373
2.767856
2.047889
2.041629
2.44803
3.696289
2.810332
2.688092
2.450442
2.612179
2.687424
3.572014
2.768186
3.535408
3.446441
3.283791
3.084082
2.351195
2.400581
3.06612
2.848382
2.38918
2.437562
2.464115
2.89434
2.494091
2.279904
2.835994
2.776736
2.189657
1.723139
2.161483
2.2114
1.701167
1.60588
1.596888
1.69871
2.17016
2.748578
1.971573
1.965959
2.202783
2.847507
2.731128
3.101035
3.39222
3.519243
2.874063
2.598554
2.264087
2.78161
2.550665
2.899498
3.109664
4.548068
3.600252
2.849442
3.722112
4.367549
4.058832
4.572371
5.3016
4.878712
3.390251
2.975561
3.164397
3.331362
2.40409
2.432948
2.664649
2.814231
3.456539
4.283664
2.980296
3.413634
2.90667
2.612837
2.179073
2.668102
2.857162
2.509396
2.695045
2.633452
1.96433
1.900874
2.635224
2.385055
2.510222
3.405585
3.694471
2.539195
1.647157
2.152622
2.468759
3.184329
2.764467
2.189928
2.688289
3.021141
3.083038
3.202313
3.559265
3.366671
3.38569
3.978922
4.893539
4.348916
3.987396
4.872899
3.693796
4.578262
3.635794
3.165354
2.958422
3.549417
3.25674
3.36346
4.382046
4.001937
4.843332
5.118665
6.028466
6.347532
5.771211
5.020118
4.562705
4.000998
2.385886
3.503225
3.033926
3.514931
2.414628
2.678506
2.176193
2.392387
2.46143
3.262183
2.629002
2.389814
2.222788
1.944742
2.147752
2.424808
2.267195
2.639948
2.898939
2.664692
2.265218
1.757578
2.658671
2.757086
3.420944
2.869818
2.916187
2.416196
1.960605
1.933977
2.695187
2.435376
2.284988
2.531836
2.366974
2.058869
2.306584
3.614463
2.527381
3.055125
3.565478
2.437558
2.839114
3.941192
4.992426
4.486921
4.157959
3.824924
2.821858
2.600494
2.933441
2.698965
2.024273
1.999853
1.870238
2.390257
2.411229
2.582498
2.540487
2.406263
2.288204
2.615783
2.549138
3.576612
3.712731
2.745923
2.591467
2.383632
2.854346
2.431829
2.366982
2.493026
2.119065
3.068703
4.075985
4.515257
3.774547
2.624294
3.510653
2.930423
2.792268
2.918639
3.196911
2.429157
2.608487
2.258619
2.1997
2.232495
2.277123
2.364948
2.482415
2.489383
2.329946
2.40071
3.610103
2.551822
1.77878
1.858681
2.30871
2.682488
2.987079
2.169141
1.965713
1.645046
1.871171
2.414031
1.900415
2.054178
2.231998
2.346887
2.193771
2.35347
2.540037
1.997979
2.370324
2.376004
2.493022
2.03279
2.717768
2.221667
2.368285
2.048762
2.724396
2.931119
3.488555
2.745727
2.583071
2.376822
2.846372
3.621379
3.462632
4.920353
3.901156
3.532112
3.702448
3.62419
4.775782
3.081961
2.842659
3.256921
2.496632
2.752143
4.134125
2.984588
2.650222
2.549976
2.384065
2.185716
1.830069
1.642987
1.801037
1.731198
1.90386
2.294805
2.383725
3.135673
2.851815
3.803678
3.344813
2.533808
1.661998
2.220431
2.973737
1.912163
2.506738
2.731393
3.254416
3.412073
4.858468
3.998779
3.114528
2.626245
1.976639
2.310841
2.263873
2.551677
3.244314
2.669195
2.590772
2.193723
1.83835
1.792724
1.416514
1.721666
1.859487
2.263818
1.889226
2.110252
2.291333
1.860431
2.677974
1.944058
1.916434
1.665908
1.490273
1.577054
2.0685
2.165082
2.071397
1.704669
1.645422
1.429603
1.313433
1.65819
2.371201
2.802354
2.070077
2.27068
2.316022
1.824175
2.372242
2.519739
2.0631
2.238253
1.888207
2.02904
2.014293
2.050664
1.602702
1.575193
2.090361
2.502721
2.27377
2.314405
2.090735
1.989829
2.619249
2.335488
2.208949
1.960986
1.854152
2.352053
2.2135
2.017261
2.77598
3.128723
2.527066
2.377777
2.748409
2.652484
2.414865
2.015656
1.877456
2.323769
2.296709
2.167129
2.893068
3.702263
3.373556
3.959045
4.360552
3.765395
2.995215
2.630773
2.761185
2.356533
2.822458
2.59995
3.779243
3.622424
3.983764
4.988549
3.20725
2.555565
3.221816
3.150281
2.818392
3.227528
3.688833
4.256472
3.261183
2.604187
3.726156
3.909751
3.131061
2.302164
2.107686
1.882784
2.826889
2.232794
2.234759
2.654972
2.223307
1.849632
1.490343
1.972123
1.972045
2.392238
3.371251
3.063797
1.883322
1.820635
2.085288
2.190358
2.15335
1.934669
1.773876
1.667789
1.42379
1.81868
2.124481
2.342978
