19.13787
11.91648
12.01741
12.32107
11.00796
12.58853
13.28513
12.89228
12.58755
13.24799
12.42466
12.0453
12.69149
12.82202
12.02222
14.2297
11.48136
12.29668
13.76979
11.08985
11.01075
13.18263
12.55506
12.99555
13.20534
11.83966
13.23082
12.56608
14.12165
12.04012
10.28441
11.17447
11.16035
12.18173
13.5888
13.255
12.37489
11.39772
11.54993
13.55363
14.12796
12.95086
11.11867
12.67361
12.06882
12.96505
11.26824
12.27699
11.15069
13.94591
10.81639
12.36128
10.87969
10.4993
12.01453
10.5156
11.84798
12.76941
11.06966
12.88881
12.259
11.63777
11.06798
12.29166
12.08555
12.22418
12.85826
12.13558
11.54714
11.45434
11.63463
11.46437
13.72891
14.50322
12.66003
11.38275
11.80895
12.79007
12.75969
11.01222
12.42241
12.2031
13.36206
14.19509
11.24259
10.92037
14.28278
12.63458
11.63357
11.39449
10.93841
12.66612
12.41076
12.08336
11.82817
13.29737
13.62191
12.93691
11.97888
11.53385
12.24733
12.38783
12.65482
10.91793
11.39873
13.49318
13.92885
13.80094
12.17046
12.69644
11.5768
11.9356
11.23689
12.30587
12.89663
13.13333
14.07519
11.91229
11.93293
11.43337
12.48756
12.28383
12.24611
12.71497
13.85864
12.63731
12.97879
11.89006
12.0528
12.54354
10.64202
13.19173
12.12816
11.48304
12.04359
13.02307
12.95578
13.90289
11.34868
11.21615
12.59264
10.67501
11.31745
12.00762
11.96444
11.68
11.72433
11.4441
13.62012
13.12561
13.00595
13.50588
12.85395
10.13637
13.16574
15.53147
13.21594
11.44421
13.50777
12.79287
11.35954
13.38367
12.29412
11.62511
12.74495
11.9719
11.2975
11.09702
11.34322
11.72032
11.38244
12.88125
13.42971
12.35649
14.04894
12.88785
10.66962
12.04057
12.43499
10.77899
13.05107
13.10983
13.66894
11.48939
11.82215
13.59767
13.85105
14.08989
12.32665
13.31004
12.64056
14.19125
12.41496
12.39867
11.93077
12.34248
13.29472
13.33427
12.14877
13.89391
13.32938
11.80152
13.69954
11.44278
10.65093
11.3379
12.13107
12.82946
14.03747
12.72834
11.01888
13.32838
11.096
12.36949
11.95986
12.32923
13.43392
12.34131
11.55371
11.8759
13.90922
11.49526
12.90782
11.75264
13.71827
12.64217
13.32294
12.82694
14.12165
13.09153
11.55026
12.38657
12.5297
12.62249
12.44332
11.03114
11.846
13.25058
12.32527
11.87054
12.3049
11.1182
12.33461
11.33877
11.39007
13.80978
10.92919
11.38631
12.59575
14.39545
12.00607
12.00017
11.74983
11.12727
13.44917
11.60015
12.36647
14.36541
13.71992
13.71304
11.02061
12.69682
10.04799
13.95611
11.97068
12.56174
12.04386
12.74204
12.18024
12.72615
12.6728
12.54034
11.86165
12.93017
11.58269
13.15691
13.49023
12.36523
12.16516
12.64879
11.35197
12.78112
11.03313
13.17968
12.97952
13.43816
11.10456
10.68648
11.97999
11.3273
10.61046
10.80037
11.66168
11.91042
13.50996
14.49933
12.99437
11.65257
11.62879
10.77634
13.64252
11.64214
12.7306
13.03478
12.39301
11.84592
13.17008
13.6863
12.90308
12.21499
12.58
13.87641
12.93146
10.94929
12.33885
11.0262
13.95577
12.07828
13.78375
11.92653
11.77931
12.79613
10.80156
13.2981
12.55761
11.73389
11.54202
12.48675
12.90698
12.17119
9.986271
10.22372
11.41376
13.1753
12.01161
11.52425
12.47068
10.60841
11.9935
12.64533
11.73703
11.94244
11.70803
13.25293
11.45228
11.04103
12.83899
12.18072
12.16487
11.37127
13.88798
13.06977
12.97208
11.70497
11.48752
11.63857
13.05361
12.84359
11.17547
11.96075
13.37229
12.49529
11.95349
12.40152
12.60181
11.03012
12.8991
11.49354
10.69796
12.03912
12.75043
12.13439
13.07867
12.64494
11.05594
10.18813
12.04116
12.84193
11.75023
12.0973
12.52431
12.57688
12.41576
13.65339
10.02376
14.56975
12.11317
13.91856
13.26017
12.97726
12.77147
13.25801
11.60523
11.85134
12.01391
12.85279
11.53884
13.0302
10.49331
12.54334
12.41012
13.26972
12.06053
11.55312
13.25398
12.7495
10.83864
11.84896
12.11294
11.99372
14.41979
11.59684
10.87867
12.95961
12.17103
12.11934
10.48708
11.2736
13.65516
12.84379
12.0118
12.13742
11.69222
12.36948
12.69728
12.51741
12.11856
12.61212
12.79783
11.45969
12.74966
10.77416
12.15912
13.15765
10.94593
12.53258
12.07439
13.26206
14.11773
10.43187
10.6429
12.89216
12.97531
12.02777
13.02136
10.84695
12.47938
13.69913
12.2801
13.53707
14.00416
11.72973
12.04069
10.97962
11.58306
11.7765
12.72584
11.59173
11.84488
12.3512
12.74474
12.44417
13.48287
12.16562
11.79063
11.32339
11.50949
12.18358
11.39338
12.64922
12.61173
11.9677
13.03184
12.06558
14.31948
11.78423
12.02005
11.63585
12.01015
12.86715
12.68494
12.21784
11.15393
12.39213
11.56056
12.11591
14.29891
10.8887
10.64751
12.55987
13.07854
14.96191
13.70925
12.93804
11.87116
12.4895
11.83989
11.81667
12.92398
13.5668
