102.9286
102.5071
103.1843
103.7615
103.7337
103.1041
103.0933
102.5939
102.8355
102.0722
102.1082
101.9273
102.5809
102.295
101.8509
100.8986
100.9722
101.4681
100.7968
100.7993
100.3142
100.2478
99.79602
100.1499
99.9779
99.62508
99.29111
98.63819
98.24716
98.46317
98.95049
98.89067
99.56286
98.83756
99.18899
99.73461
99.41749
99.87494
99.59928
100.0963
99.82416
99.18882
99.05433
98.54367
99.2609
98.4278
98.64754
98.92122
99.14074
98.77171
98.74791
98.89636
99.87122
100.0266
100.0369
99.05904
99.68232
99.69824
99.84232
99.56109
100.14
99.95186
99.34158
99.50655
99.5709
99.73985
99.14886
99.35384
99.58296
99.64869
99.86489
99.75239
99.69703
98.71012
99.73544
99.04624
99.39695
99.91111
99.87518
99.76779
99.00985
99.28568
99.07173
98.23004
97.6756
98.41618
98.6872
98.92064
98.62269
99.04843
98.56215
98.91548
100.6621
100.1779
100.6265
101.2261
101.3044
101.7006
101.7447
101.6671
101.5418
101.26
101.1704
101.5506
101.2562
101.3521
101.1823
101.6773
101.1037
102.2033
102.2752
102.2251
102.8935
102.928
102.6166
102.6084
103.0471
103.3349
103.5629
103.2484
103.4678
103.553
103.1903
102.5886
102.5298
102.7579
102.6152
102.4852
102.4131
102.1466
101.7824
102.4752
103.5355
104.198
104.5534
104.9253
104.5609
104.8535
105.544
105.2917
106.2814
106.9607
106.8358
106.7906
107.4452
107.5046
107.4074
106.9608
107.4489
107.426
107.375
108.0586
107.5101
107.0324
106.7831
106.858
106.4017
105.9738
105.9813
105.7407
105.6367
105.1145
105.5065
104.6621
104.0415
103.7656
104.8852
103.9084
103.4815
103.485
103.8422
104.3372
104.8941
105.1588
104.7855
104.6161
104.9075
105.0824
104.6711
104.0437
104.6283
104.0522
104.1344
104.0494
102.8093
102.9996
103.585
103.3391
103.0682
103.1863
103.2179
103.6268
103.8096
104.4545
104.0151
105.0605
104.6233
104.5019
104.2176
104.1009
104.6527
104.8972
104.4499
105.4207
104.5535
104.8804
105.5477
106.3324
106.4345
105.1702
104.9256
104.6291
105.2397
104.9547
105.0269
104.4944
105.0245
105.5086
105.5696
105.4189
104.6604
104.9757
104.6509
104.4703
104.3665
104.7222
105.2423
105.3711
104.3644
104.4509
103.5226
103.145
103.5813
102.4201
102.4309
102.3111
101.5946
101.771
101.5567
102.1794
101.3217
100.4288
100.8279
101.0481
100.0767
100.0123
100.0211
100.2424
100.6942
100.3011
100.1183
100.6665
100.7832
99.93723
100.0984
100.8622
101.0724
101.5626
100.9403
100.9124
101.6283
100.3785
101.408
101.9106
101.7788
101.0464
100.7184
99.77079
99.57231
99.5106
98.85459
99.00104
99.35493
99.41934
99.15394
99.28357
99.09333
98.86316
99.56692
99.17825
99.10644
98.28055
98.30097
97.92506
97.78347
98.67228
98.10349
98.19333
98.16646
97.71245
97.58764
96.45756
96.33207
96.4131
96.07501
95.65247
96.5312
96.20529
96.86643
97.11674
96.28176
96.18607
96.73881
96.36672
96.63945
95.45283
95.15553
94.34097
94.26872
94.20286
94.63304
94.67119
94.64935
94.58838
95.19388
94.89248
95.55238
95.57018
94.81881
94.75029
93.68041
93.83196
94.05775
94.27223
94.75887
93.95801
94.18866
92.797
92.20083
91.956
91.29305
91.7655
92.12413
93.19754
92.65257
93.12622
93.36864
95.19306
94.40443
94.0162
93.65108
93.15637
93.27418
94.10968
94.21735
94.47615
95.16492
94.56286
94.41154
93.98829
94.42842
94.53865
95.12973
96.0019
95.84097
96.30845
95.73232
96.32757
97.00524
96.16822
95.89935
96.03616
95.21814
94.52807
94.83053
95.13668
94.82661
95.80273
94.93065
94.657
94.60834
94.91916
96.27735
95.89292
95.99713
95.99835
98.41754
98.1433
97.70287
98.04641
97.88156
98.21182
97.59771
97.28544
97.57971
97.94275
98.17582
98.18988
98.52305
97.4345
98.00457
98.5295
98.38249
98.04277
96.78316
96.24416
95.7522
96.81003
96.80636
96.8266
96.59668
96.97123
95.99147
94.88831
94.96743
95.36039
95.62187
94.97943
94.63575
94.07564
94.5056
94.5974
94.75128
94.33887
94.31494
94.67314
95.10693
95.24271
95.25115
94.84066
94.98794
95.13496
94.79342
94.17059
94.04057
93.73819
94.44166
94.71676
95.46538
95.5694
95.2613
95.12436
94.94672
94.43865
94.15678
93.59374
94.10651
93.92993
94.66334
93.60979
93.43936
93.14095
93.26407
93.84926
93.07686
92.67661
92.72062
92.70791
93.44348
93.81511
94.23971
94.52166
94.56829
94.19327
94.41482
94.73038
95.28001
94.87001
95.57686
95.33854
95.20888
96.07231
96.32431
95.52579
96.52015
96.53857
96.66614
96.67183
96.87496
97.20779
96.49478
96.95718
96.60308
96.94108
96.32513
96.82304
97.27455
98.10987
98.27551
97.91222
98.27863
98.96414
99.2699
99.82277
99.96829
100.349
100.9707
100.1759
101.383
102.1562
102.8074
102.6077
101.9633
102.7266
102.2782
103.1605
102.8009
101.9455
102.4776
102.6857
