38.67259
162.2892
147.3518
182.3685
180.5035
376.0137
868.5158
3010.765
8865.045
16423.92
22383.84
20696.72
18493.22
21103.53
10142.38
21915.12
30145.85
19607.92
16908.54
15192.47
12118.23
16905.97
11729.88
12450.55
28829.88
30848.52
33597.89
17905.32
22523.26
21410.22
17122.52
12070.51
15574.69
13576.81
17836.3
21778.61
19238.03
25484.5
26622.37
20007.25
22658.01
19716.44
22868.11
23146.11
17302.89
22103.38
17385.75
17536.09
14955.79
22626.01
17239.23
14404.4
25369.53
11570.21
15926.76
15952.91
28580.8
32705.05
29808.71
21725
44189.44
26772.77
23251.85
25527.69
19821.83
17473.1
23448.22
29233.94
19111.4
16217.56
18689.89
19205.26
19298.72
18134.3
20337.27
25538.14
14252.56
25033.08
36892.71
27056.02
20405.41
13695.63
15001.12
16469.85
24100.53
25790.75
14847.51
22919.16
19549.99
23905.01
22199.47
30025.94
36372.46
20281.87
16361.11
14218.24
20205.14
18327.96
20297.58
23012.84
17019.24
16684.59
32050.78
23607.21
14430.77
13553.11
21206.2
25647.07
25343.57
29929.19
18862.31
20141.75
15560.16
25733.58
26384.23
28626.67
25962.48
23307.15
20611.62
18449.49
19811.95
25866.54
18597.84
15592.55
19729.87
17318.72
20954.03
23121.25
26505.54
22024.55
33177.76
11548.13
12548.78
17993.93
17438.62
20560.92
21070.12
15007.3
21074.62
26620.36
16846.08
12741.73
26376.74
15116.77
24212.11
14837.5
20834.7
17384.43
12284.77
16661.09
20484.25
27430.18
22476.62
14128.87
12449.01
12029.65
15637.08
17353.48
14236.39
12485.76
18078.78
16421.5
25560.6
26937.94
19608.82
18463.82
21630.11
31321.01
29104.2
18519.54
21683.82
19278.16
17952.98
30479.57
23800.41
16884
18225.61
17200.79
24568.9
24066.68
26277.3
36980.68
11760
9793.065
16044.28
16396.84
16966.37
23627.62
14759.37
18502.9
13029.98
16978.24
21715.7
26574.57
17920.69
20792.65
30423.29
17567.03
18802.8
21293.38
27722.14
21858.87
28108.75
19463.27
18902.63
18046.27
23008.55
14700.9
12549.29
21297.02
18497.6
14666.89
20980.9
19456.62
18561.84
15935.39
18799.66
23448.01
25285.35
14949.05
23948.86
22169.36
19808.48
20839.36
20298.71
15900.62
13665.61
14354.88
19056.55
13566.9
19867.99
15002.63
14520.88
12205.84
17090.41
27131.57
18878.61
14356.3
14732.9
19914.99
28937.76
25231.47
29473.1
29870.21
24471.3
23712.28
21800.14
14950.6
22058.76
20188.71
28233.14
33148.27
17596.62
19588.53
23236.2
26252.44
21882.69
19561.69
18186.89
22684.98
24151.9
27275.22
26789.04
21761.83
26914.32
25186.57
12854.93
11078.07
10432.84
17462.86
20112.52
21189.6
22489.98
22777.61
15103.86
21334.55
34766.36
19683.39
39385.97
28191.71
28994.7
21659.21
27499.32
20723.12
26702.76
21248.28
23599.13
17620.24
16580.49
21106.7
16790.91
15662.84
28786.13
19557.94
20593.57
19129.57
38463.26
36411.38
21218.68
17709.1
27097.85
18926.56
24492.26
20883.2
20986.93
24690.63
16508.59
26315.47
18948.14
22141.1
15099.63
10084.79
15943.53
18957.9
13427.5
28944.94
14697.49
15673.77
17914.56
31129.82
22131.29
25332.55
29785.58
17069.43
17483.98
16435.51
11738.17
13433.61
19733.47
19131
15693.11
19442.38
19410.09
19221.18
14645.13
20633.91
34402.85
39927.66
37243.02
15592.28
23944.01
19713.08
29783.84
24290.36
26740.62
22403.01
21119.01
25053.48
21471.72
19476.95
18428
16207.97
22675.2
19793.35
13817.86
15363.83
14400.73
21805.01
21376.11
21944.17
18801.14
24051.16
13838.86
14837.95
18482.7
11849.14
12747.55
14426.53
9726.818
14925.44
15580.35
29504.21
18511.55
14153.96
12621.48
22535.78
19376.74
23173.25
22384.51
26572.76
31765.36
25182.96
12176.84
14042.41
17488.49
28321.4
16892.36
27242.14
16928.81
15669.81
16533.6
13095.38
11462.6
18206.28
27075.83
15283.33
26263.52
25526.73
19782.5
17223.83
13049.5
15283.76
13958.53
19446.15
13326.97
28129.82
17866.24
12105.49
23058.9
18477.95
21206.56
17169.73
24286.16
17912.87
23766.65
18214.48
17915.48
17814.7
17977.15
22054.27
22485.29
27990.57
35114.18
15606.4
18678.31
15354.31
20281.92
15189.74
14331.87
20857.54
37361.88
19469.65
12524.85
11733.97
24013.55
30390.46
19891.54
20924.28
29307.85
26507.69
21036.03
18841.54
20954.63
22451.17
26335.2
16286.47
25973.98
20927.47
24527.01
43463.38
20693.5
21066.15
18097.63
21159.04
20544.7
15003.13
21999.66
22575.03
19995.4
17559.39
22569.74
42291.13
22911.8
25562.47
25096.45
25487.47
26665.96
16657.53
17192.49
15771.24
18513.16
16563.44
25633.43
19863.2
14928.13
19895.09
21945.33
23871.42
14990.98
13132.58
12109.71
21896.01
22491.41
22186.72
25816.65
17058.59
15088.76
14532.33
13728.52
16409.36
16203.8
19863.89
16302.17
22750.85
12867.56
16351.63
16802.22
10904.05
15410.02
23956.95
