105.1555
104.5333
105.3054
105.2411
105.5222
106.2121
105.8152
105.3655
104.7765
104.5909
105.2908
104.6913
105.7399
105.4728
105.9087
106.2933
106.5147
105.5429
104.7939
104.8642
104.3339
104.1862
103.8612
104.7464
104.9821
104.9499
104.5333
104.8157
105.4201
104.7325
104.208
104.8606
105.2304
106.0196
105.6925
105.9931
106.0711
105.6943
105.3273
105.4771
105.4109
106.6184
106.571
106.9912
107.0175
107.2653
107.1936
106.6493
107.3535
107.5387
106.9861
107.0715
106.7793
106.8741
106.8609
106.8268
106.4882
106.4983
105.6793
105.0137
106.0324
106.6091
105.4246
105.0663
104.7206
104.6493
104.3678
104.3438
104.6803
104.9176
105.6127
105.1632
105.4971
105.1616
105.2009
105.6626
105.6611
106.1724
105.9503
105.8358
105.1556
105.1317
104.7962
103.8726
103.4674
103.8225
104.9474
104.8195
103.9841
103.806
104.0349
104.0639
103.7694
103.9133
103.7392
103.9062
103.9783
103.7001
103.6689
103.0983
102.6344
102.8384
102.6619
102.9351
101.3164
100.6927
100.9619
100.9109
100.3578
100.3706
100.3804
99.54551
99.84091
98.59653
98.86926
99.46744
99.18288
98.63019
99.8028
100.7248
100.9478
101.1941
101.1626
101.2174
101.9066
101.6154
101.2547
101.8003
102.1328
101.4033
101.0427
101.0401
100.712
100.6939
100.3056
101.2569
101.1149
101.4012
101.0223
101.3159
101.2395
101.7039
101.1801
100.94
101.0138
100.0552
99.2767
99.68318
99.78127
99.71454
99.5316
100.3351
100.0052
99.93598
99.43498
99.38602
99.25571
99.09731
99.0295
99.00989
98.61254
98.68584
99.79172
100.1575
100.2218
99.87746
100.139
99.5446
99.3236
99.50377
99.76627
99.94928
99.41235
99.73955
99.86328
100.3149
100.4164
101.1753
100.617
100.5996
101.2847
101.3377
100.3815
101.1817
100.2978
100.6415
99.96409
100.0213
99.39965
99.51289
99.1389
99.32131
99.13734
98.69682
98.95008
98.95762
99.09028
99.33182
99.31788
99.05661
99.07851
98.36119
98.12711
98.2952
97.96152
98.42577
98.65442
99.12407
99.25353
99.49934
99.89456
99.26417
100.1956
100.4748
100.95
100.8589
100.3777
99.92631
99.39129
100.1211
100.7036
101.0381
101.0937
100.7616
100.5214
101.0029
102.6174
102.4128
103.2829
103.5861
103.7271
103.9666
103.7253
103.1771
103.7223
104.3413
104.5222
103.9807
104.6324
104.6978
105.1476
105.3037
104.7834
104.2865
103.533
104.7075
104.5573
104.5564
104.0566
104.465
104.428
104.432
104.2152
104.8585
105.2655
105.6128
105.6911
106.0164
106.1825
106.0781
105.9959
105.5534
105.7861
105.7067
104.9352
105.5351
105.532
105.2725
104.9997
105.4611
104.9336
104.1133
104.0846
104.3792
103.9802
103.9471
103.9204
103.8122
103.2647
103.3858
103.2836
103.3356
103.3209
104.016
103.622
103.2963
102.6272
102.3993
102.0134
101.3012
101.8333
101.9328
102.3619
103.3865
103.6037
103.7483
103.3254
102.8759
102.6859
102.7338
103.5166
103.7129
104.0305
103.3909
102.751
102.8217
102.9623
102.8397
102.8299
103.2664
102.6439
103.0148
103.2086
102.9998
102.3039
101.2939
102.3925
102.8794
102.6929
102.9399
102.8873
103.2084
103.9482
104.4305
104.3147
104.4397
103.6852
103.7688
103.4233
103.7245
104.067
103.3972
102.907
103.4371
103.4828
103.3661
103.3497
104.1758
104.2632
103.8698
103.8421
103.7676
103.2154
103.9401
103.6699
103.6529
103.6474
104.2485
103.7814
103.9267
104.98
105.1785
104.8441
105.0093
104.3258
104.8984
104.6239
103.9342
103.569
103.7957
103.4379
103.0406
102.3714
102.3653
102.9929
102.6305
102.1179
101.8806
102.1472
101.1756
101.8053
100.8874
102.2291
101.7665
102.569
102.1743
101.4778
102.1131
100.3803
99.65294
99.26307
100.2404
100.2241
99.66208
100.3187
100.3646
99.11966
99.07661
99.42591
99.44961
100.254
101.2386
101.428
100.313
100.5413
99.34623
99.5246
99.44828
99.84145
99.19867
99.21292
99.38251
98.97377
98.54338
98.62686
98.34296
97.67535
98.21383
98.39459
98.52246
99.81575
100.7105
101.2506
101.6358
101.0681
101.6277
100.695
100.7142
100.9065
101.0749
101.5491
101.8769
101.7771
103.4663
103.1902
103.863
103.4971
102.9471
102.9121
102.8491
102.6175
102.2038
102.7041
102.7102
103.0649
103.1639
102.3958
102.1698
101.7435
101.454
101.9051
101.4835
100.439
100.7698
100.6038
100.7584
100.7122
101.3465
101.836
102.1417
101.9564
102.594
103.5794
102.6762
102.6552
101.9615
101.0609
101.0373
101.1915
100.9002
100.613
99.95078
100.9649
100.7485
99.99137
100.1045
99.71158
100.3692
99.72709
98.79422
98.59466
97.68281
97.43391
98.08474
98.02405
98.82006
98.97545
99.56585
99.65519
98.81435
99.15562
99.92629
100.408
99.7904
99.85395
98.97672
99.26424
99.03209
98.55867
98.52437
97.98068
98.21579
98.56159
99.69053
100.2168
99.24008
98.94201
99.47093
98.16681
98.62055
