86.03579
83.72504
85.60095
85.16777
83.15149
88.95384
84.1965
83.2057
83.61618
84.77267
87.95024
86.52725
81.81405
83.23465
83.66918
86.86312
85.64288
85.53201
81.69661
75.95019
77.94827
78.98186
82.34967
83.63752
81.05315
79.92034
79.56625
79.40963
79.50834
79.16593
79.47461
77.50973
79.23458
82.9274
82.61241
82.39612
79.57485
75.04442
76.28995
74.42051
74.95434
76.19074
77.16365
78.19606
77.69453
78.16555
77.88643
80.35391
80.57728
80.43863
79.88834
79.76609
80.95475
80.17816
80.67182
81.40526
83.42149
83.96954
83.01594
83.52019
83.52919
83.42365
84.95277
84.76385
83.40398
82.1296
81.6015
81.1536
82.63687
82.1776
82.79137
85.03935
86.51133
86.40113
85.55563
85.08386
85.17344
84.51757
83.51443
83.13553
84.10368
85.12318
84.46344
83.17535
82.15996
80.94279
79.21449
78.77232
78.40135
77.41722
77.97475
77.57042
78.59267
77.47422
76.39141
75.70247
76.3345
78.10439
77.50737
78.54836
79.97501
82.24252
82.79793
83.47653
84.60961
84.24229
83.68216
83.94371
83.41075
84.27256
85.73092
86.12603
86.38041
84.87858
85.8789
85.88495
85.37746
85.06139
84.77478
84.69065
85.12912
85.13985
85.27621
83.94654
84.79824
84.05099
84.39128
84.78685
83.02129
82.12178
81.07523
82.15148
82.56065
83.20097
82.90543
81.67679
82.92312
82.67419
82.71624
82.97757
82.75932
83.21592
84.35203
83.80432
84.86006
86.59484
86.94198
86.75258
86.6939
87.14701
88.41492
86.83276
86.98187
87.66808
88.13296
88.606
87.4141
87.94834
86.68371
86.8302
85.67163
87.34577
87.6867
89.39916
91.45628
91.76791
90.27459
92.03571
93.60146
94.45906
93.65395
92.46021
92.59682
92.68601
92.68101
93.8709
92.79842
93.71653
94.50233
96.03193
96.93824
96.1227
94.97943
94.95165
94.66352
92.96713
93.20083
91.66931
91.85365
92.31621
92.48897
92.36716
93.56143
90.69778
91.73438
91.93253
91.13346
94.54703
93.54362
93.73176
95.61814
95.2158
95.0518
93.67833
92.51798
92.96858
92.38083
90.85457
91.94828
91.87104
90.75925
90.48682
92.27917
91.88084
93.3062
94.17271
94.499
94.94568
95.64726
97.1578
98.29314
98.62255
98.27943
99.32355
99.2854
100.7211
101.1412
102.0668
102.558
102.5772
104.5583
105.6307
105.7298
103.9855
104.6666
104.9629
104.8035
104.4515
106.2798
106.553
107.3112
106.6103
106.0055
109.5553
109.5244
110.9014
110.6856
112.0526
111.8753
112.3532
112.3157
113.9204
113.4951
112.3699
111.6559
112.2563
112.1523
113.3913
113.0479
113.1427
113.8562
113.3937
112.9165
113.4118
112.3659
111.7408
111.1934
111.4723
111.3383
110.0828
109.9622
108.2171
107.7591
108.9204
108.5515
108.8276
110.2609
109.2881
109.8721
111.5964
111.3245
112.5508
111.1135
113.2984
113.4448
113.0998
112.7674
112.7281
114.2464
114.5846
115.4669
115.641
114.9727
114.9565
114.5336
113.546
113.7821
114.1311
112.4598
112.6574
113.6674
112.4086
112.0339
111.062
109.0445
109.1153
109.5403
108.6546
110.0965
109.7585
110.2211
111.0139
110.5541
109.5159
109.7163
108.4333
109.7531
108.523
108.7587
108.294
109.6492
109.0928
109.6854
110.9537
110.4556
110.6594
110.0168
110.2832
110.0502
110.8922
110.7238
112.2935
113.491
113.0583
112.4404
112.7239
113.4699
112.7126
110.7008
112.3543
109.8716
107.8329
107.9092
107.0632
106.9512
107.7505
105.9507
105.3117
105.5401
106.7114
104.6575
105.3599
105.8477
105.4108
103.9184
101.182
99.7016
100.4956
100.1859
100.3484
100.7768
99.28967
98.83588
98.54445
101.093
101.2048
101.2308
101.208
101.2996
100.9863
100.7066
103.0928
102.5185
102.6101
102.798
101.966
102.7011
102.892
101.5927
102.0423
100.7222
101.0262
100.2466
97.89426
95.92438
95.44745
95.17604
96.95426
96.12179
96.1656
97.10671
95.94003
97.87543
99.91028
100.7967
99.28094
98.63391
97.70692
98.06897
97.94111
96.95071
96.86812
97.68346
99.76243
99.93411
99.56161
99.63072
98.78172
98.56318
96.33171
95.03885
93.6461
95.64783
95.22953
96.88492
95.05308
97.05532
95.51481
96.3087
94.97574
94.52286
92.91594
93.28757
93.86523
93.19974
91.92084
93.13652
94.19674
95.97301
96.57581
96.98636
96.53685
95.93277
95.5159
94.18526
94.91821
93.95273
92.10827
92.28073
92.31561
91.97309
93.37034
93.7234
95.02525
93.75978
93.62845
95.79804
94.10092
94.71739
96.87178
98.39219
98.87308
97.9204
97.37566
97.93594
97.94166
95.75816
96.42811
94.49051
94.63087
95.12729
96.31041
95.52358
94.08587
93.05429
91.3062
90.4932
90.01983
86.58853
88.00667
89.41645
89.85338
88.56848
86.90564
84.68054
85.45151
84.44607
83.27642
83.47433
83.62833
82.06901
83.28598
83.79508
84.90953
83.68473
82.97891
82.65857
81.48811
81.78412
81.30095
82.72412
81.93382
83.09241
82.05869
81.22173
82.37439
82.4075
84.00529
82.09026
82.46323
