19.39483
11.03414
17.61585
35.33787
28.42976
34.81941
41.65103
49.52935
90.56783
58.91147
71.79056
40.46318
36.43026
35.92254
27.38891
28.43087
34.83783
17.13291
17.26849
13.76668
14.62229
14.05743
21.36346
24.54696
19.71902
14.25735
13.51578
24.8026
16.81303
19.49664
19.71626
17.49067
18.62894
12.68629
25.82924
14.94056
19.54922
21.1302
21.06324
15.40825
15.60917
15.77341
14.29056
13.49485
31.2284
30.7796
21.22552
15.46757
19.06159
36.03146
45.37963
44.20351
47.29625
59.93137
60.65019
29.99529
27.84041
14.40556
15.70032
16.68843
17.57937
15.50011
17.22286
13.82802
16.64688
16.30901
20.20147
17.42952
17.50269
13.65664
22.78293
14.79522
23.84974
15.1399
15.63486
18.2131
17.69696
21.2522
13.14426
12.46397
15.60551
24.55955
28.29977
23.80155
36.07835
19.78775
13.82109
10.83005
16.73034
21.08146
20.74748
17.37248
18.93658
12.48019
15.72118
25.2559
18.88892
25.83631
15.46925
24.4612
31.32771
14.32625
10.35115
11.19396
10.53037
15.4718
15.89858
13.06829
14.64273
11.30895
10.6998
10.59815
13.88894
8.857298
8.756934
10.10556
14.73628
20.43176
11.55214
15.00951
13.87134
15.05327
20.92521
23.61268
21.02686
16.84345
11.24985
15.10809
10.92139
11.25651
15.2946
17.39911
14.71703
15.19651
14.03756
18.56544
31.80655
20.97949
17.2695
14.05661
15.87313
14.29639
23.05867
21.91534
20.78439
18.18245
29.22785
54.72132
32.19159
35.83554
33.32397
40.39506
41.93125
57.23736
33.13551
16.65023
18.41074
30.2576
36.79586
28.75693
22.12915
20.56505
15.46222
9.758813
7.419231
5.345799
7.85153
11.13415
19.24298
26.01594
31.48463
33.49361
19.4802
15.68571
15.10057
17.3479
28.3238
29.71568
24.51505
30.73838
25.08436
18.72921
27.71119
33.51887
38.40598
25.722
32.95165
27.21629
42.06942
41.3092
35.5187
29.67297
43.69177
59.05356
73.28947
51.56477
41.49354
29.90715
27.54159
14.24579
10.39389
9.073738
12.39892
21.11165
25.47556
33.97508
33.35775
73.73106
42.84811
24.22644
40.33844
31.43779
27.47374
15.74781
14.51301
16.5366
14.26986
12.80534
11.88824
21.87066
19.54878
13.8767
19.65349
13.73684
6.459053
11.58204
8.392803
13.32702
29.97672
23.94975
19.44301
19.44242
26.10659
34.60221
24.48835
19.26025
24.95969
21.67282
20.15179
21.51984
17.93957
25.7118
35.93634
32.38436
15.05828
14.56685
15.15128
14.27277
15.45163
12.15957
22.18111
30.00492
9.055381
10.16633
18.40001
20.34947
31.371
25.70184
15.17206
13.86158
18.70801
18.25034
14.44333
8.397878
16.43356
13.11197
13.36918
16.66481
10.75462
25.93805
19.14355
17.67044
17.34199
10.18869
7.852922
7.196725
11.50827
16.22304
17.49286
30.29092
16.34912
18.53267
18.16265
36.81356
30.82256
21.90119
13.98141
15.14904
24.28125
23.21718
22.90045
20.7138
23.36753
19.63754
24.01853
18.70265
14.65452
19.7006
11.65105
17.25111
17.59624
17.28523
27.40429
19.67065
11.19355
9.830264
12.9146
11.98528
14.85459
26.597
29.60391
26.41301
27.7815
15.49293
12.31286
11.88016
13.6619
15.2785
21.69372
19.18943
20.08699
21.32514
25.27169
28.66187
32.14538
46.01316
27.1498
24.35191
25.07274
14.36627
27.96633
17.81518
15.75284
15.65797
33.54134
36.72635
21.30334
18.19984
14.47211
16.5824
24.81973
27.03998
28.91869
34.6722
41.4595
31.71911
27.43303
22.33844
29.89641
35.82868
30.98958
38.10533
34.70676
35.34007
27.4518
23.68813
12.6985
15.43565
14.86653
10.77049
16.57335
18.43127
14.738
13.22516
13.18956
12.63393
19.80997
24.6544
25.7704
27.0408
18.12752
12.72664
16.06786
17.65511
14.76726
13.5321
16.50776
15.95123
23.71813
21.22989
18.47009
17.28289
16.9189
19.19302
20.20247
11.90746
13.96663
23.34065
20.50605
20.63166
15.62299
15.28375
13.42394
22.56142
21.80486
41.71071
21.62425
18.7947
21.56379
14.99722
32.35829
29.47055
22.41363
21.09224
39.64091
33.67555
13.7728
13.90213
14.39758
16.93091
19.29151
18.8855
19.71457
25.30244
28.5006
28.61674
14.87841
11.92928
10.64361
8.958488
13.43716
12.79629
11.83656
13.49117
18.80201
23.92982
20.01098
33.49334
19.61886
37.64047
29.16163
21.39719
17.05652
15.61198
14.4365
13.2505
13.24894
7.577151
5.06703
8.674935
13.96758
17.41289
32.10751
30.1945
17.50918
33.77303
33.83615
24.41465
13.16433
15.4958
21.39835
15.56829
32.69543
34.51693
41.8074
38.33161
23.51456
16.11305
15.01525
23.19752
22.86747
24.70759
17.72058
18.41204
16.62922
19.76245
34.27143
36.06491
41.4565
33.37718
29.35677
24.92391
18.6633
22.74756
30.11875
36.3509
25.18619
19.30808
18.00526
17.70908
10.96039
13.35292
12.12217
8.349715
9.691128
9.116121
15.98296
14.89993
22.68944
35.11786
11.77384
13.63874
29.67992
25.67192
21.99177
25.88699
28.55127
37.0948
28.87916
17.52461
