1248.789
1589.845
854.4522
2636.323
3198.184
1755.346
1478.145
821.4894
5598.699
1913.875
1127.5
1091.575
835.7402
1087.918
714.6862
1055.248
2520.99
972.0452
839.9981
1889.72
2388.912
1830.166
2248.04
749.8681
692.0585
1100.377
1166.118
1088.295
1420.551
812.7515
780.8359
1172.799
981.7006
647.836
817.9058
930.6741
929.5143
1288.643
649.4518
732.7726
1253.559
2790.179
1055.567
1963.84
1032.477
1784.411
3420.149
940.2068
1387.433
942.8836
2113.991
1608.368
1303.988
742.3971
3604.861
1262.145
4520.157
647.011
896.9169
3139.419
747.0314
1051.641
2164.773
2590.477
927.428
934.1113
3201.919
729.9003
764.1057
1266.104
950.8969
1261.476
873.4564
427.3771
1216.066
4510.78
657.0802
1107.244
1226.151
1657.058
631.9924
1129.086
3938.613
1172.741
1418.312
1267.7
843.0737
867.0383
2492.31
935.6559
1886.347
1797.007
1349.009
1607.991
786.138
929.1876
1116.862
2251.653
1029.076
1220.885
1958.648
1313.337
1077.855
1280.049
621.0214
2781.441
2686.984
996.2228
1244.565
3211.669
784.6181
1616.628
984.3374
1141.527
980.4058
1811.981
1156.51
1212.97
1012.937
1030.245
2303.002
1052.06
797.7835
2524.621
2292.308
1521.46
2040.568
9016.185
1697.528
862.105
6144.266
2249.478
1562.964
1410.66
954.0386
1053.033
788.967
702.971
1599.494
1517.177
876.2031
1599.846
2459.179
2167.47
1714.984
1136.694
1392.193
585.1887
2649.848
1151.321
1722.319
1362.68
2228.873
748.7133
1479.674
807.9838
1731.798
1069.119
892.3872
1411.328
2282.366
776.1751
1164.231
952.4361
949.2813
857.5438
1082.513
934.6432
1380.199
1618.397
2257.609
972.4656
1632.99
1184.001
956.0849
4090.805
2485.162
1237.363
1361.899
1527.817
1235.671
1361.085
3403.771
1459.761
889.9204
1345.483
1251.651
2006.723
2065.454
1322.197
1549.139
1534.415
1456.194
1527.157
1218.133
1276.333
1030.908
2108.991
1171.346
2016.466
1562.624
2306.152
683.0296
2251.268
2295.109
1327.497
1131.719
2242.288
922.2978
2269.45
7268.639
783.4536
2154.563
860.2579
1260.834
1221.457
2663.756
1795.295
1279.673
3642.961
855.8316
1230.492
1236.382
1181.444
718.0453
1081.208
444.9735
1116.639
2281.665
1881.541
2120.787
864.4755
4841.967
684.4961
2172.915
649.8898
675.4091
1429.808
2124.652
789.9696
907.7455
1118.743
1889.874
1893.354
1206.237
1089.43
1043.798
1287.184
748.6106
327.583
1281.978
2380.392
2013.81
2140.123
973.3795
665.8937
967.0038
1259.69
1733.842
1586.981
1239.571
3984.472
481.408
1302.723
2476.103
1630.493
8430.733
634.6679
861.024
1749.289
5613.636
1840.757
1186.154
1431.708
926.7726
1530.617
1534.725
978.7759
1165.856
2695.827
1185.344
1393.403
1568.683
745.4281
1241.177
1220.964
1116.595
933.0222
948.4332
1848.403
1327.313
2938.544
5903.695
1573.686
1645.51
3129.172
925.1581
1522.121
1588.163
1402.965
1003.368
1026.179
2103.269
837.9516
1203.224
4191.224
1797.729
1036.118
1320.644
899.9168
2797.018
869.722
1911.761
1765.584
1328.567
3068.938
2393.78
1280.989
1298.765
1840.139
1551.119
1531.388
1536.7
1708.402
1245.881
1724.575
1387.028
1329.626
1407.678
704.9464
728.1938
2612.792
641.7733
2157.151
1218.242
740.9314
1275.743
1509.311
1748.977
958.8381
1180.797
2548.578
1742.286
3209.931
870.7703
1089.383
1866.052
1481.833
494.4393
1293.433
977.2488
3002.941
1174.115
779.1334
2583.145
800.5547
839.5883
1616.77
1235.775
1412.253
2893.503
1591.623
1260.856
2085.542
17056.84
1635.987
620.9705
1498.246
3547.24
1234.147
1112.312
935.8738
1561.977
3180.448
2326.523
1363.719
1033.858
3393.485
2201.575
2011.474
1339.136
1483.397
4244.084
3613.463
4417.495
1438.88
1408.684
1029.113
943.7847
1022.003
2565.469
2172.631
2234.531
2580.613
527.5056
1006.634
1612.035
2582.27
1668.265
1422.821
950.5867
1362.808
748.1359
2358.368
1230.152
2740.048
1475.948
3669.222
1044.992
1141.172
786.4693
2894.928
963.6245
665.2837
5846.207
3187.465
2451.411
1337.063
2660.104
1314.963
2288.018
1531.964
1511.808
1254.4
3793.786
3340.547
1006.178
2040.95
2406.689
980.3876
1353.906
3141.172
1198.977
2600.798
2127.285
2279.103
2034.534
2915.05
2488.95
4681.021
1122.934
1374.453
1707.682
2184.296
3010.814
1646.584
1035.157
2035.587
917.1865
2314.562
4338.612
2034.523
1383.263
1281.829
1433.5
1663.431
2294.956
3845.508
2043.888
1559.317
2389.877
719.8351
1232.214
1815.823
2000.054
930.3444
3304.56
2156.895
749.1176
759.9286
1052.349
2874.605
1694.619
1842.232
3405.417
1269.971
1138.923
2301.991
1804.38
1324.671
2210.206
1922.007
925.3832
1355.961
884.4265
1992.468
1338.989
2169.552
845.3447
1819.034
1911.151
1181.724
2665.117
1992.358
1256.115
2215.462
1523.06
1214.437
1226.456
1634.926
