140.5645
130.0107
110.2773
86.23176
77.49126
70.94352
73.71225
73.1294
87.59993
103.0994
96.66355
126.9563
61.36145
60.13742
56.37491
64.21324
73.67649
79.49815
72.85652
55.44242
82.76009
97.88625
87.10944
73.82413
82.71358
74.42988
63.23423
56.42207
39.09587
54.12669
68.33606
68.67148
58.71567
66.14904
58.83224
59.34458
67.23464
76.27294
79.27853
81.10746
64.03556
50.34095
66.61069
90.13351
78.02027
75.33279
75.56815
82.2787
79.60749
83.35167
90.04656
86.03455
89.89089
80.32418
91.87486
73.82574
74.43206
75.95159
70.49336
55.97333
53.09465
54.35905
65.87917
48.04816
58.32238
55.06897
68.16361
62.81767
87.03419
78.90838
62.44142
76.34083
78.4541
81.71866
91.01402
77.36721
81.35923
69.37037
66.67382
60.37106
67.12516
78.07925
78.65936
83.94187
75.95793
69.72558
68.03712
65.94576
90.36703
84.46274
91.1815
82.6624
90.38427
85.60529
81.49343
66.43214
83.04437
93.29842
85.28003
72.26854
96.21128
147.2994
113.8018
81.45901
94.40268
57.83264
77.0817
75.40948
65.5246
70.78761
51.12936
63.8405
73.62077
74.8425
74.17754
73.68583
60.21951
43.68974
55.28229
74.65946
92.47064
69.82207
67.51248
60.18011
73.61781
53.91323
68.29588
86.63988
109.4639
89.90414
110.7365
105.2596
105.7287
63.97506
94.15735
88.53668
91.67277
104.8391
89.31781
69.43601
59.6259
94.91817
93.2881
119.2095
76.6443
68.97501
76.98905
83.18298
59.31178
64.23054
59.11256
43.99326
51.61769
70.91733
76.37386
79.99605
80.60375
106.9157
87.71602
94.45488
90.30586
79.07557
87.48196
58.14496
69.95161
84.6914
81.26476
76.68815
60.14123
51.64159
72.67567
75.27698
64.68184
66.72155
70.00401
66.71655
64.51892
63.55751
62.15512
73.77089
83.98035
93.70704
77.31654
74.0195
65.61776
55.15643
47.76912
43.15679
55.37262
50.9348
39.99247
54.20475
57.96399
75.32642
57.72137
58.16078
60.97129
56.17449
64.51737
65.12412
72.34147
68.73795
66.97646
76.36245
59.5095
78.58027
85.23589
63.15833
51.50033
49.79743
53.84484
59.64169
68.75084
69.26073
60.48197
95.54427
98.48256
84.04035
93.63935
83.60268
86.78283
75.36051
50.88934
68.95684
82.8009
77.81742
54.86712
59.82502
67.03284
48.7989
70.25195
70.2759
65.12532
77.36153
78.87565
81.69969
84.20385
76.37708
102.344
94.62348
107.3563
101.7577
110.028
99.64157
61.10509
87.9073
73.89762
74.56141
75.42235
88.58875
95.21079
99.5805
110.0954
84.48851
73.9568
92.961
106.2234
86.48388
100.9501
110.3687
110.6406
97.20873
69.93584
78.25102
92.44603
107.0286
76.2718
61.79224
68.41321
62.98963
70.79114
74.67249
71.17698
70.46559
60.06063
59.17364
70.03794
58.68355
68.55079
67.9785
71.80809
78.03278
68.88261
85.92732
81.68751
60.18067
51.72114
68.72563
59.99634
45.71999
50.23262
59.79651
73.82387
70.62071
67.45123
66.96446
88.64706
92.20939
77.59509
85.10617
86.72565
74.22182
61.24143
50.40874
69.19468
68.00184
58.94528
54.9949
54.41333
63.76949
75.05569
83.02159
79.65836
73.29674
89.55431
90.04672
83.19151
101.7691
81.49493
68.6915
71.81522
102.1328
75.55202
78.63026
87.47759
102.6639
112.1147
73.01076
74.86716
77.30327
68.02879
56.76197
59.17803
58.95175
73.23929
85.79546
86.76391
70.465
91.7381
91.58078
93.60102
55.67578
67.75934
72.72304
84.22829
78.00776
84.23694
96.98612
81.63611
92.32335
72.78905
76.60573
102.7741
98.58549
89.86973
94.99668
101.9278
91.99349
94.12415
79.15237
73.07081
83.21749
79.7358
59.60769
60.69789
67.18221
74.99384
57.4635
63.75659
70.35813
78.78307
85.7892
98.94731
87.23108
106.4415
101.1354
84.17539
80.49285
77.4614
75.52745
82.56869
91.75762
80.86787
112.4153
92.23878
114.798
94.14391
92.33911
69.36963
77.65778
78.99135
67.03653
75.03644
69.26276
93.53546
72.9146
96.19515
93.70674
81.20622
76.0011
63.05844
62.46753
94.69756
102.3856
77.26364
86.91878
57.60737
68.26093
57.24846
61.06582
61.92942
83.18453
92.63144
89.51244
81.97089
91.91359
75.73449
82.19149
68.89414
65.56451
64.94057
84.53813
92.52024
85.59244
71.03841
66.45371
65.72188
81.27707
88.0053
91.59252
95.0121
103.5956
102.0271
76.66749
91.65609
68.90435
100.9975
121.2811
139.3362
88.56226
99.45642
97.04039
89.85948
92.14081
88.09026
115.1804
97.7767
104.3691
88.53594
85.6067
95.96625
116.7527
105.7673
89.447
100.7575
104.3555
102.0089
118.74
102.8864
87.70997
66.4933
70.44179
97.83417
77.25869
77.00745
86.99965
89.29753
68.84708
51.72253
63.44295
81.75492
92.7745
74.95899
55.63463
57.96696
70.81758
82.07766
85.63826
85.2417
86.78445
76.22349
67.80427
81.7655
58.57343
58.41434
46.66174
48.93237
61.38393
80.67674
72.55024
61.53886
64.38022
82.83491
55.89413
62.02466
48.91483
52.1542
49.84799
47.24818
51.43562
