24.95081
17.56433
8.871923
6.933253
8.510009
8.288912
7.428157
7.904154
10.75423
8.425285
11.06547
9.312048
11.2157
8.388759
5.659416
6.847004
5.488753
7.031295
9.105284
10.37717
6.952423
5.518126
5.525302
6.528158
7.965031
6.906742
7.480532
7.043519
5.72841
7.232016
6.867826
8.868464
10.69027
11.60639
14.95591
14.75451
16.29574
10.25317
10.59505
12.03185
9.174837
8.907421
6.677945
9.916122
10.4285
14.26867
13.38282
13.54041
10.56875
9.473915
7.587905
6.784901
6.284359
6.961827
7.176731
7.624187
9.303717
9.453379
12.53324
11.25549
9.519725
9.52208
8.562454
6.278739
7.216523
7.566988
11.61831
12.82315
8.455865
11.26342
13.69676
13.94677
7.879584
6.473177
7.047282
7.320746
6.616369
6.439559
7.212051
6.918334
6.492257
5.699056
8.424666
7.910148
7.904884
9.088061
8.589476
9.467685
8.051138
9.613503
9.300472
10.11086
14.52153
10.98685
10.7109
10.20661
8.901077
8.160835
10.02502
8.60465
11.02334
8.582033
7.528807
7.47527
10.40923
9.503182
7.338976
7.026849
8.345426
7.55728
10.64016
11.73874
8.788536
9.314695
11.58296
10.63227
11.00976
11.7064
8.575355
6.656136
8.206322
9.380946
11.16248
10.60587
8.857729
8.549867
13.10099
13.41061
13.83724
11.84795
7.92698
8.897369
8.67262
7.472939
9.360022
6.723471
10.10955
12.49892
10.9448
9.982544
9.79563
8.953095
6.920239
6.337852
6.925686
6.874233
6.638875
7.987086
8.260592
12.29322
10.91608
6.171394
6.001258
8.174526
6.646742
7.100369
8.924984
7.566247
7.825716
7.094476
6.966958
8.918825
9.343663
8.027295
7.153893
6.304838
5.995169
4.450078
5.090237
6.337594
7.987956
6.327011
9.494536
10.00158
10.2472
8.008909
7.425092
7.668999
6.378234
6.390016
6.964228
9.328584
8.317034
8.634387
5.914489
8.128885
6.8701
6.429509
7.501045
7.958947
7.85443
8.651614
8.181684
5.569847
9.858428
6.740193
6.401403
6.360665
9.612686
10.30345
7.694787
6.778217
8.714761
6.25488
5.706287
6.592362
7.19472
10.03133
9.303447
6.123495
8.283905
6.862076
11.11439
10.38963
10.67673
9.982731
9.637486
10.43543
7.52797
5.334259
6.877381
6.477106
6.365255
10.63534
9.437679
10.31707
8.870513
7.322663
6.290201
6.407451
6.995675
7.570855
9.382848
8.390826
10.59602
9.391792
8.186073
9.038411
7.906408
8.393564
9.355581
7.948856
7.516202
8.554157
10.84286
7.05636
7.654721
8.388406
8.64923
7.516851
7.221841
7.077828
8.063484
7.225595
9.64156
10.50015
7.976451
10.46439
8.142084
9.03393
10.40396
11.02279
10.37376
10.34381
11.71853
10.7428
7.762961
7.807325
8.390535
9.372038
9.21252
9.787524
8.36405
7.87186
6.549619
5.808139
7.916087
7.863604
7.535829
7.034419
8.051181
7.843064
7.711805
8.02259
9.457505
9.010176
7.127502
7.94764
5.269561
8.891889
6.695447
8.191389
8.553093
7.680644
9.12102
7.660502
5.559563
9.668596
9.966757
9.148748
8.516578
10.888
9.659598
7.829573
7.894561
8.271902
7.261592
6.88686
5.984277
5.463076
6.215239
8.9032
8.493434
12.50053
14.78985
12.0586
11.16893
7.497563
6.658107
6.765042
8.270099
9.595479
8.742701
9.029419
7.911258
7.830853
7.656905
5.697389
4.344958
7.840444
10.49918
10.90366
13.6702
10.03042
10.80666
9.684266
11.25367
9.233233
9.977517
7.023726
7.347115
8.315113
8.192503
9.825165
10.91482
17.83571
19.73158
16.39692
9.693829
11.97092
9.770038
13.02439
9.319818
8.41151
8.59911
7.362193
9.224723
10.10163
12.01753
10.43537
9.95938
11.36033
8.731508
6.910995
5.955332
7.246277
7.633505
8.04279
9.235225
9.278965
8.388946
8.26859
8.26778
7.375149
7.55083
6.884872
8.437606
6.223815
6.242045
9.166561
7.130813
8.847591
9.25174
9.721034
6.534424
6.782614
5.787102
8.727356
6.05124
4.929207
6.176311
5.179822
7.103497
6.329864
7.590052
9.72487
8.054846
8.000113
7.92382
7.796477
9.78263
11.94698
11.70871
13.44462
10.90097
14.47233
14.54353
22.40219
14.97214
12.73425
12.74323
10.5706
12.72672
9.544532
8.906133
7.744835
9.853155
9.141118
11.98157
11.32736
12.92536
14.36179
11.66518
10.46271
10.02018
10.48653
8.125987
14.51493
11.06685
11.67391
9.066473
8.463131
8.637553
7.060358
9.220542
7.922607
7.090512
9.69066
7.766219
7.163733
11.3352
10.929
7.982343
6.925652
6.576833
8.40787
9.831621
9.807123
6.47427
8.032132
8.556018
6.525383
7.496765
7.104469
8.152321
7.992745
7.318746
6.593347
7.440958
7.227289
8.076321
8.257596
7.112513
7.852409
9.574635
11.09076
10.70191
12.36607
7.293959
9.077222
7.615058
7.261567
7.916746
9.296948
9.548626
6.20221
9.86227
10.07013
9.006261
8.51683
8.505597
8.672805
7.132486
7.046402
7.107589
6.215094
6.90563
6.582067
6.171388
7.940227
8.111855
8.570726
10.78708
9.932271
8.686302
7.941018
7.140771
6.480058
6.695006
8.238334
