87.02805
87.2099
86.01957
85.5622
87.02329
86.59468
85.53868
86.28937
85.51039
85.33627
84.42953
84.37468
84.46815
84.19422
82.77732
83.4282
83.7735
83.74736
83.01501
83.86874
83.81805
82.04334
83.15161
81.51026
82.80502
81.67648
81.94739
82.43974
82.30248
82.47416
83.59716
82.26673
83.30033
81.78401
81.6559
82.25794
82.43629
82.19459
82.43834
81.60184
79.64993
79.80507
80.0828
81.03213
82.01522
80.88403
78.93849
78.78789
79.04127
78.61236
78.91172
78.51502
78.12546
77.56666
79.03729
80.24157
78.81109
78.25229
78.60467
79.12751
79.77988
79.79906
80.79818
79.83907
81.11661
80.78339
80.41705
81.1671
82.39128
82.38029
83.3024
82.20022
81.44963
81.72308
82.48884
82.46791
84.8726
83.42645
82.50103
83.95916
85.51075
86.95059
86.19864
88.27739
88.4524
88.57589
89.50642
88.01465
88.8
89.45739
88.79429
90.04005
91.22336
90.82014
90.70798
90.19091
89.75493
89.87119
89.46568
90.60308
89.12541
89.05349
89.84418
90.32056
90.96805
90.31062
89.19917
89.05546
89.19484
88.83883
89.78033
88.53346
87.64254
87.64338
87.43273
88.17574
89.10867
87.13586
87.15458
88.39378
88.07373
87.83376
87.72476
87.43057
87.74825
87.7864
85.90532
86.54783
87.94663
89.56143
90.67568
88.09064
88.45732
88.21607
90.12866
89.69446
88.63161
89.28735
89.95816
90.66352
90.72051
90.24524
91.48875
90.92324
90.85279
91.63125
89.66214
90.2682
88.73716
88.10415
89.42831
88.41928
89.04819
89.33234
89.3462
91.27447
90.47054
91.21427
90.22989
90.18812
91.11583
89.43084
89.39825
90.32443
89.98367
88.81902
88.71931
89.217
90.18173
91.32874
91.28079
89.98536
89.51458
89.89358
90.78229
90.16319
89.32114
89.14726
88.82145
89.94801
90.77619
91.92628
92.60821
93.26776
93.3117
92.6203
91.73349
92.32447
91.78744
92.80703
92.22249
92.35569
90.36372
91.77913
91.83849
92.66937
93.35798
92.23657
88.9921
89.00148
90.25521
89.1187
86.66774
87.61867
86.47772
86.31609
86.99987
86.76896
88.76174
87.30171
86.71483
87.3558
86.53415
86.19058
86.50208
86.71654
86.77558
85.52754
84.90023
85.22086
84.9899
83.75335
84.45024
84.78997
84.69701
83.89921
84.23735
83.97934
85.1411
83.16387
84.16337
82.53293
83.44802
83.43947
83.11965
84.04522
85.79438
85.93667
85.68576
85.23564
86.01455
84.43202
84.48661
85.41723
84.22631
83.26302
81.36073
79.08111
78.84987
79.15284
78.91342
79.03986
81.16092
79.3323
78.48149
78.37524
78.53244
77.69783
76.20429
75.38975
76.17718
77.49338
77.35459
77.03177
75.95532
74.14386
73.51786
76.38439
76.76319
77.58039
76.94197
78.14255
77.57382
78.84941
77.65702
78.01734
78.18434
79.96797
79.02924
79.53551
77.91376
76.64649
75.59421
75.41534
75.42584
76.46552
76.60423
76.41393
76.14238
78.61144
78.9338
78.78523
79.19836
78.24878
79.29439
79.47981
80.08136
79.62715
78.48101
78.9615
78.44463
78.0636
79.17071
78.14995
77.82471
77.18934
76.97506
77.96403
77.44204
77.70314
77.63639
79.99899
80.80291
81.83477
82.41128
81.31083
82.1302
83.4648
84.38302
84.20858
84.61083
84.27064
82.35213
81.53787
80.20274
80.24741
80.26782
80.78526
79.39404
79.38232
78.64262
77.30353
78.18471
78.89068
79.53243
78.9057
78.64192
77.46527
76.63219
76.51568
74.02024
73.36198
73.06382
73.37613
73.78229
72.89367
72.79912
74.04666
73.73632
73.83313
73.42766
72.54478
72.25759
71.40571
72.61962
72.45757
74.86764
74.21313
73.68843
75.283
75.98968
75.45782
74.68519
75.17013
76.92459
77.75186
76.81883
75.90483
76.71454
76.61656
77.16226
78.44401
81.31162
82.0151
81.54775
79.83099
79.27142
79.75199
80.53056
81.11644
81.63816
79.40718
80.31478
81.30204
81.77064
80.12945
80.40856
81.1015
81.24228
80.0819
79.97743
79.86211
80.02027
80.6362
79.61327
79.04197
80.30984
80.15087
80.37816
80.00085
77.90793
77.75758
78.38246
78.64713
79.77236
79.32735
78.15399
77.61405
76.75319
76.10912
77.08811
78.57478
79.25672
79.31115
77.83879
78.56343
79.06395
79.06689
78.71738
79.14922
80.51227
79.6152
80.61857
81.40002
81.62424
83.50202
83.08058
83.06427
84.93931
85.2642
85.48585
84.66526
85.10266
84.56602
85.28963
86.1187
86.68246
85.18487
85.152
84.77305
85.68869
85.84589
85.09371
82.74789
82.81123
83.19627
82.31546
81.89011
81.32675
81.77
80.00842
81.05547
81.08933
79.74043
80.76054
81.28436
81.7151
82.10231
83.92688
83.65152
83.41406
83.34936
83.42012
83.53112
83.49358
83.58167
84.89149
84.52376
84.22615
84.58764
84.81348
82.74614
82.41957
82.02226
82.4726
83.05775
83.62093
83.43441
83.29499
82.3505
83.18931
84.2007
81.12146
82.1265
80.7282
80.69469
79.62114
80.33712
79.1071
78.13841
78.73775
77.98677
77.98434
79.26576
80.5289
82.11623
81.03155
83.20041
82.05361
81.89817
