90.32477
93.6134
96.39803
101.5122
98.73292
98.84286
97.32005
97.23902
101.5663
104.6017
99.8028
103.4507
100.2734
96.0534
95.51934
94.63921
92.74114
94.64964
93.43354
94.14024
89.38834
91.84901
95.49819
97.13119
92.38477
92.52947
99.72681
103.7183
101.2839
101.1624
100.2623
102.4165
108.9127
101.6104
99.08428
101.6369
95.73976
89.77967
97.06154
93.10979
100.7983
94.56549
94.585
89.02546
94.5697
89.8889
89.35263
85.88358
81.68232
80.66695
81.36222
75.6007
77.47476
79.74067
82.34968
83.41867
83.4765
83.51987
86.81891
89.08487
85.09315
90.85497
93.49588
94.16578
90.04252
94.58038
92.36619
90.85622
94.39168
90.24455
88.2422
88.51451
87.01293
89.50153
92.16555
90.42681
89.17874
90.21535
90.54131
89.60211
86.96985
83.7734
85.35014
92.55647
94.24896
99.17384
102.4068
99.18829
104.3109
110.1385
110.8234
109.4242
106.1085
102.8185
98.84928
96.52501
96.46599
92.22116
97.08182
96.30664
98.12517
98.92858
103.6827
100.7077
99.70175
101.3611
96.56138
102.7911
100.005
105.9306
105.4118
106.7402
110.0595
114.6875
114.7841
108.6716
104.7834
100.5389
94.23504
94.89904
90.58853
88.42665
86.67093
81.41767
82.50388
92.1248
90.30721
85.60916
81.17853
85.91707
83.02077
79.90502
75.7807
77.92956
82.5808
80.66209
79.48782
82.31683
76.54175
81.31377
76.31053
84.61821
88.99349
91.34145
88.77509
89.21883
88.58823
87.70933
88.87395
93.35029
92.84734
91.62824
92.42825
94.74087
90.69821
93.37258
89.28609
84.68444
81.80174
79.43219
73.32911
73.49284
66.41966
69.29488
65.68456
61.80436
64.64726
67.33584
66.59769
73.98549
74.5505
76.79234
84.71593
81.40481
80.91615
80.20574
78.61037
77.55084
76.6108
74.27826
71.60861
74.43247
78.25036
82.19435
80.04398
86.88779
86.1315
88.71379
88.16511
86.84733
89.94171
82.84623
85.78565
83.073
87.85599
87.12382
85.98556
84.742
79.13665
77.11874
73.73904
75.94698
72.09667
67.05355
61.72705
66.065
71.08573
71.7054
69.49725
68.33547
66.1554
65.9503
69.20324
66.53945
71.11209
71.53407
76.61307
81.42115
73.50173
68.48854
70.59847
76.00041
77.57037
73.84678
71.09908
71.5048
74.09029
71.33664
67.93379
71.16752
70.11086
69.63694
69.81238
74.91633
74.82494
77.54931
73.81641
72.81083
70.61723
69.37578
77.04305
79.77683
77.92905
80.41793
81.70651
83.20873
81.74302
80.43052
81.49348
80.09612
78.15321
79.34659
85.70232
80.50583
82.46586
83.93635
83.68617
81.38215
80.64754
81.28395
81.07171
76.8476
77.3058
79.60166
80.40978
80.57834
76.85578
75.86293
76.73712
72.78198
77.33618
77.73532
76.38562
76.25433
77.03445
75.11858
72.69671
69.51053
68.07899
69.20689
67.34718
61.18447
63.71252
63.52053
66.8342
68.14775
71.62811
72.53111
73.32206
70.12183
69.80644
73.91767
80.76761
79.93998
79.15512
78.13596
72.45975
76.47219
78.61843
76.42057
71.48864
75.3454
76.97313
72.98914
77.60474
81.7205
85.19962
86.70082
83.68977
83.54533
87.91034
92.51754
95.60629
96.59591
93.24446
95.9908
98.38086
101.3975
98.86955
93.50939
93.44015
96.21744
99.14552
94.29314
96.3517
92.84011
92.22491
96.19575
94.0434
93.33621
91.91395
87.52903
85.31569
84.81157
86.80933
86.08545
78.72292
78.79907
80.7429
84.45806
84.79135
85.31165
82.82959
85.13141
86.16741
85.12031
89.83081
92.24131
88.3894
87.01206
83.87619
86.23782
90.32332
86.67626
87.83515
89.90518
89.36305
91.66132
92.14493
90.81411
92.3292
90.53864
92.5083
92.64446
88.8119
90.23417
93.74327
96.80309
90.24711
95.56165
92.02767
91.73721
87.20022
81.6136
83.47163
86.60029
88.17261
87.63694
87.18402
88.71576
91.58097
88.88238
86.84153
89.51507
93.31879
93.02365
92.22356
89.42618
94.31533
93.03385
91.43293
88.23675
90.9937
90.53131
87.32758
88.30441
87.87586
87.28957
85.17873
88.67674
87.8978
89.18516
88.93343
85.31652
86.81419
90.12338
92.23618
93.96955
92.88154
91.8767
86.037
83.55187
80.26908
79.06186
79.2102
81.6961
80.93528
86.69959
87.13337
85.44121
87.17672
83.55269
80.23152
78.67633
78.51905
78.16156
77.20509
75.88211
79.48978
77.82008
80.20349
85.0488
86.59448
81.42876
79.10505
79.01105
75.80793
80.51514
86.18633
84.81802
85.7476
84.53701
86.39203
91.27858
90.89093
91.28345
87.02534
88.31244
83.14486
84.75756
80.40267
74.87412
74.89898
81.21745
87.46331
96.51644
95.45597
93.6482
94.10257
98.33468
93.513
91.46217
87.31723
83.91426
84.55171
83.24409
86.01536
85.13948
80.71587
77.37947
78.43994
76.31765
79.08192
73.46137
77.98246
77.18092
77.72155
82.04259
82.72507
80.07866
74.2346
71.9244
71.78986
77.22607
72.73632
75.64727
78.10666
81.28166
81.06436
80.79125
78.27449
75.20104
75.93496
70.84763
74.97414
74.72879
74.6843
70.61991
68.88108
72.28737
