102.1173
106
104.2615
106.7099
107.8568
108.0634
108.9629
107.4831
108.8701
106.8582
109.2702
109.2545
108.1867
106.5136
105.4608
105.8338
105.7124
104.1657
103.8226
107.2862
105.7711
106.2203
104.4353
105.933
102.7165
104.0457
105.2623
101.6373
100.4597
102.3748
102.6617
100.4849
99.38349
101.1843
101.5814
102.1839
101.5457
101.4636
101.5948
99.46894
102.1713
104.6846
105.9473
110.429
110.1974
109.2645
113.1121
111.1281
110.8084
112.8961
114.0164
114.0754
112.1893
112.3412
114.9575
115.6503
114.4585
115.8766
117.2154
118.2334
116.2402
114.2294
110.294
110.5248
113.6923
113.7551
115.4021
114.3596
110.8682
108.8634
106.6519
106.5118
106.8303
107.3786
108.6761
110.5235
109.7968
111.5186
117.1426
115.2791
114.9696
113.4049
114.9846
115.7093
114.8211
112.2827
113.4712
113.251
107.0292
104.978
105.2716
106.1615
108.3769
111.7832
110.1921
111.0609
107.3197
108.7897
112.5581
114.8937
115.4502
114.7135
118.6117
118.0408
116.8771
115.3172
118.4738
116.9812
115.6053
113.2346
112.8057
112.3586
110.8799
111.9759
114.0957
111.5488
112.8667
112.8551
116.8127
112.63
114.5054
116.1552
113.1921
113.9143
113.9028
118.6319
118.274
116.0054
114.3744
115.5826
116.756
115.0765
117.8595
118.6653
115.6838
115.8237
115.5004
117.2976
117.6222
114.415
113.0294
111.2328
109.7568
110.8486
112.4362
110.5563
111.2177
111.8402
113.8458
113.2054
109.2526
107.7141
111.3832
111.6765
106.4539
104.0772
104.4076
104.5324
107.5487
110.9874
109.5289
109.4692
106.9865
107.9134
104.9429
108.1376
107.7373
110.371
109.9274
109.7193
109.7153
107.127
107.7998
108.3783
107.1557
110.4009
108.5651
108.0993
108.2344
107.1883
106.4122
105.014
107.5036
104.5909
102.9754
102.4401
103.2838
102.8927
104.5267
106.7357
107.1448
108.815
110.9186
107.5519
104.9593
101.4782
101.4112
101.0293
102.1544
104.4166
105.8084
104.058
100.6858
102.4468
99.49665
101.0348
104.9259
103.009
103.7167
102.9056
98.47865
97.25842
99.85844
98.74417
100.8971
105.4371
106.3332
104.3578
105.3643
107.1638
103.4647
100.9749
100.4199
102.5646
101.7478
103.1161
103.187
105.2198
104.1138
103.9043
106.928
102.9042
101.53
101.5505
104.2218
103.1128
102.9158
101.5996
101.8221
100.359
100.3289
97.6385
98.57564
99.82544
96.32981
100.4374
99.49947
103.2532
103.3901
103.318
107.4942
107.8374
107.8784
106.5602
108.3852
107.5704
103.7064
102.3741
104.5971
103.5056
101.0737
96.22672
97.58732
97.70831
96.2432
96.36201
96.10562
92.71909
91.9053
90.51495
89.75644
89.53659
93.58766
92.74409
92.83139
92.54661
95.39377
92.61706
89.46639
90.68726
90.28536
91.0133
91.0147
89.80619
87.58717
88.3474
93.6318
93.9203
94.09215
93.36193
93.87387
94.65521
92.6214
92.58767
88.54954
90.25733
87.70714
87.58416
88.05612
86.63522
88.82481
87.60542
87.7672
85.99488
84.88499
86.71918
84.87635
84.4289
86.52965
88.36599
88.5849
89.66097
88.4676
88.65318
87.38601
87.92385
87.24219
90.29977
89.67531
90.00868
91.66379
91.90118
94.36829
94.70208
96.73533
96.30895
99.43171
102.5203
105.3103
105.7806
103.9416
103.5277
103.7874
101.008
100.605
103.2222
101.2675
102.9203
102.1657
95.09717
94.00261
93.93443
93.66253
92.8781
91.42188
90.2966
90.84062
89.00374
91.70633
89.39128
89.15657
90.37584
92.45521
93.76948
95.94531
95.90369
96.47471
95.87047
95.26262
93.4563
93.28025
95.18706
94.80595
94.13107
96.65555
95.65646
92.4482
95.15443
94.25189
93.22712
96.00983
93.24961
92.44665
94.04998
95.73935
95.64989
92.25157
90.6956
95.14767
98.9973
99.80698
101.3412
104.3269
105.5905
106.0537
105.4367
103.7807
104.4816
101.8902
103.9987
101.1807
101.9864
106.3608
108.5332
108.663
108.2763
107.297
107.1142
109.6289
110.1877
112.7255
115.6668
116.6059
114.4573
115.2088
113.7423
115.1717
118.2689
116.0696
113.9414
109.7944
112.5349
110.6811
109.3231
108.9055
110.1354
110.8246
108.6141
109.6175
110.3338
110.1005
109.0176
107.4591
107.4813
105.1372
105.4461
103.8082
108.0824
111.6122
109.8346
109.6103
109.0991
110.4072
108.4172
108.0215
108.0854
108.5434
109.6627
110.7592
111.9
113.8247
114.3778
114.5637
115.5215
112.6038
112.5205
113.0235
113.8784
113.7238
113.551
113.5337
112.9019
110.2646
109.7738
114.8738
119.6331
116.3876
114.3917
111.6824
111.1104
111.269
110.0095
110.5238
109.7989
108.2906
110.204
108.8198
109.3785
111.7609
111.5396
109.1176
111.8436
111.0411
109.0597
108.188
105.7912
109.4254
109.7273
110.4875
112.1322
110.3015
109.6187
105.7851
104.0647
102.5742
103.6242
103.6169
101.6924
101.475
104.5117
104.4461
104.4522
104.989
105.0015
102.8895
101.138
101.3932
98.82981
99.35005
103.1994
