215.0329
525.2014
624.5702
497.8269
686.0047
620.1848
525.7782
655.0615
598.463
716.7088
535.0465
660.7032
551.2882
658.8146
620.8994
586.8242
576.643
611.4381
508.542
582.0341
607.7431
629.8149
618.5683
589.8209
570.0633
559.2105
519.7899
652.7556
592.5312
586.3539
529.9502
562.9904
542.4822
581.7298
548.1492
627.8181
516.472
526.644
607.3636
517.8049
608.6438
713.4178
570.9549
494.2389
510.3449
543.172
610.5467
555.7884
528.206
588.391
556.9981
587.7683
669.1824
628.132
584.8239
589.0811
626.8543
582.6611
561.4227
559.8172
637.0588
610.1565
611.5341
498.3619
620.3037
658.2697
710.7088
608.0751
612.6343
549.0631
499.6995
514.2986
570.7944
634.2523
647.9157
617.1761
571.4048
580.0641
682.7686
780.2356
536.7054
586.0648
603.155
507.9403
615.4444
560.6036
576.6711
570.0191
671.6749
605.0944
637.8922
542.7035
520.8907
506.4511
625.9184
547.7263
504.7193
522.33
597.7642
618.6686
604.9395
563.797
546.2546
661.1496
543.8178
581.1167
599.0718
620.658
542.6658
543.5421
555.1933
605.3169
629.6544
591.2272
561.2771
522.2654
566.1922
531.5295
615.6724
656.4473
545.7506
644.8818
543.962
629.4665
570.3201
528.0304
623.4768
578.9377
531.8259
620.4793
578.4876
607.1389
678.7218
630.183
600.4868
555.0312
510.4008
588.3372
560.9661
607.267
548.3039
558.4348
495.4252
500.4447
555.4711
567.2334
683.9337
539.8122
539.1749
531.286
628.0215
719.3039
614.3501
525.7444
539.5502
562.3481
557.7132
632.074
591.5482
665.1691
538.7971
546.013
594.0071
577.9996
518.0977
535.0776
634.2486
572.7887
579.1539
548.7862
597.2376
620.8366
616.0534
626.0205
648.7662
540.6319
607.5025
664.0172
610.9601
615.7935
580.6318
530.5467
540.9373
613.5178
619.1772
589.7484
607.7447
584.6247
541.656
679.0213
528.9086
668.0186
548.739
605.7588
620.5828
549.1157
660.563
599.0656
525.3309
618.0984
581.2617
547.9909
620.015
597.94
532.7535
542.0087
521.5341
615.5238
594.9161
437.2587
589.8724
545.4325
618.8165
543.8789
570.168
628.3216
516.5687
598.4081
573.2693
603.4349
527.7048
528.4736
492.945
623.3062
594.0259
529.6015
588.8605
602.0959
563.7575
615.4533
562.514
617.7239
522.0836
606.9931
586.9503
560.8682
615.4106
569.3991
682.1838
647.1435
627.9808
594.7734
571.3898
621.731
480.0228
546.7821
561.3035
585.6923
606.8991
647.6279
533.0105
598.7026
538.7937
570.5812
569.9303
559.8359
605.356
495.2867
617.6472
579.6436
555.1264
614.8134
546.5248
610.5591
578.9547
517.6181
593.531
602.7464
580.3633
538.1962
507.0109
575.4912
618.5821
618.279
594.3405
584.5873
562.2633
593.2182
568.3862
515.4687
591.2343
524.9211
590.5281
726.9905
618.7832
567.318
515.2176
518.7254
673.0253
569.9591
629.1904
490.6315
638.9009
547.291
635.4739
515.4953
554.9025
550.3209
574.7129
550.1354
594.9206
551.4295
544.2964
559.9066
586.1884
596.1354
687.3698
600.0105
585.7245
673.6432
525.5879
527.9574
546.9307
529.5033
486.7617
582.6562
624.9744
487.0735
619.8183
639.5987
604.9188
608.4019
715.1419
563.925
533.8624
667.0912
513.9275
585.5515
565.4637
636.4136
565.9582
595.3134
599.3042
567.6063
539.6474
680.6039
628.6848
643.6789
540.5461
596.6394
541.33
510.9434
667.7983
626.2076
557.9385
581.2177
559.0968
701.9275
537.3625
639.7364
686.3011
596.1554
548.0124
522.5592
571.6164
542.1271
645.0495
686.5001
528.3526
519.4839
710.8131
588.5182
541.9666
618.0569
538.927
594.1746
562.5388
569.8369
513.0741
627.2686
523.5675
635.2021
594.4282
608.7726
556.3695
520.0886
604.0621
628.8787
666.181
655.0179
613.0884
556.1821
634.2364
542.9033
560.5048
523.3011
538.2741
616.6343
612.3312
647.6096
599.3067
542.0433
704.2086
544.0409
548.0055
613.7342
578.8789
608.8433
591.3269
560.6267
641.3467
513.3565
595.9399
614.6357
511.8278
482.4293
659.6689
550.8192
524.0794
489.3944
544.9737
612.5297
542.4018
674.7027
586.7132
517.1825
509.4484
522.0146
592.8135
505.6624
609.9594
575.5544
545.2538
651.7293
572.3603
565.3618
568.7198
618.6986
542.1704
594.1712
579.8348
516.1011
611.4478
527.991
589.8721
516.7122
540.5466
607.8296
567.3163
641.9129
659.508
673.4188
579.6676
526.1918
546.9624
637.6739
627.1131
617.6339
656.2716
499.0812
523.1778
558.0911
594.9246
611.5394
486.2226
522.8637
526.2349
575.4884
585.9098
599.3489
613.8399
599.5844
567.3083
607.2112
589.2439
617.5096
514.2553
523.1914
622.0809
535.6137
583.9594
634.2833
578.189
603.9504
627.2231
585.1838
602.267
503.732
626.0583
604.0519
646.0749
548.4606
558.6018
549.0005
580.4308
637.1574
645.7075
561.3407
530.9897
528.0319
546.3829
581.8483
556.5718
622.9348
567.452
574.9252
595.7685
561.1423
541.0357
569.615
