18.36988
30.88591
53.81396
170.7527
686.9964
1883.144
8209.028
33457.89
61442.11
60348.38
79628.97
88183.93
57771.81
59474.71
79218.97
72254.42
83116.6
87087.24
92037.84
106916.2
110617.3
97759.19
110305.7
79301.35
92347.12
90347.33
95609.7
58446.18
73531.94
87241.59
66128.01
71177.77
99441.15
88385.65
92802.99
79754.8
78835.08
89786.95
98544.93
78968.59
76360.74
67426.71
85230.23
76439.62
75781.28
94546.03
84747.76
99354.31
97525.48
73341.44
96253.07
93178.99
88467.44
82626.22
68821.7
78823.55
90448.73
98408.99
82538.05
82022.54
69682.1
89486.43
76382.27
87549.07
86956.56
125813.7
65126.53
70812.86
96564.21
89969.6
87090.12
100601.4
94649.27
87090.22
87180.83
83907.13
86942.19
80039.36
73285.3
74313.78
84989.37
103408.5
94855.44
104872.5
68225.68
78281.31
109202.9
66630.75
103611.3
95424.95
64261.16
67181.88
82018.98
74169.93
95442.24
99254.49
104881.2
98118.47
117496
88053.2
70292.4
116837.3
72559.53
85177.71
74463.48
77674.62
76759.22
80045.31
72649.17
88932.02
79908.56
79272.77
73447.18
63348.4
62018.38
69350.04
82835.4
93010.69
74344.87
85014.24
90430.58
73731.99
87870.37
92291.56
79918.58
77067.52
90602.72
73622.21
78530.4
64381.63
69593.9
70291.54
70819.53
97912.95
102092.6
85008.41
89184.77
67530.46
78248.07
66561.63
74885.38
69819.19
67720.61
97957.06
98348.09
89479.45
63248.49
65638.88
70289.82
73569.67
68566.42
88212.44
85066.38
73813.31
82067.5
79231.52
81655.76
72703.99
72572.88
98929.65
114036.2
77057.28
82728.79
93159.73
73371.58
76815.44
91469.79
56112.63
80777.42
79338.34
85858.04
80020.33
65049.6
57244.85
67229.06
74739.67
73075.11
74055.97
83138.22
89041.53
62884.24
76857.35
71520.74
59700.87
78191.32
81876.7
51918.9
74847.54
78606
107416.1
69901.35
70955.22
97028.66
109210.8
78916.17
85095.53
87788.6
66928.19
86672.65
84901.26
78203.25
93916.49
92468.58
86958.18
93278.78
95398.08
81751.55
75091.95
75960.92
115722.8
54915.65
106662.5
95016.64
77234.12
79932.79
91554.48
101469
100518.7
72389.31
95808.64
75579.29
84613.04
67433.82
71766.16
81149.02
66771.98
66579.92
89907.64
111270.3
92970.08
77201.35
56127.06
98080.68
89295.34
88377.91
89270.29
86107.82
93866.56
102480.9
87318.83
63112.17
105633.8
82667.07
80539.01
63082.99
78786.68
86321.35
70508.43
75706.92
115221.1
96998.69
64357.54
72978.43
72565.4
69284.09
75516.74
82078.45
85935.7
85909.14
74148.39
70902.71
102481.5
101218.8
86050.96
69607.57
69907.38
74900.86
84372.7
120182
92351.84
66645.91
85656.02
92695.16
90902.95
90064.36
66836.08
91940.5
88291.96
71213.46
94994.89
63622.26
66937.52
72721.09
68121.41
87500.21
98367.75
84642.68
76454.15
88517.96
103327.7
64254.8
103445.4
96493.98
94950.47
88860.38
85284.23
63995.69
70714.86
89743.38
76495.86
85348.93
83908.46
93182.85
90482.54
72093.21
97932.59
77387.05
82499.66
83114.71
74355.76
77471.67
98016.85
99764.69
64797.63
69686.52
106710.7
83024.75
98192.94
104889.6
78381.19
90283.36
89782.75
85817.21
72923.36
79266.77
72602.46
83048.68
121552.8
79051.4
72556.19
80545.97
73847.91
83711.4
82511.48
81915.02
75305.65
75497.83
65088.52
99172.38
79388.62
88482.47
90286.22
83400.62
78926.87
107209.7
82124.92
78855.35
77104.61
87651.75
64279.12
114525.9
79377.51
63693.61
95129.21
75701.79
93930.91
102180.7
84401.37
73591.31
71618.65
98258.93
89428.96
87838.26
77735.24
81970.96
79649.2
85716.31
101776.9
86240.42
76190.17
89017.65
83769.15
89010.28
93395.52
102967.4
62463.83
75888.2
64562.88
74014.67
70118.89
95428.6
102768.9
73950.22
100261.1
81101.93
72711.74
73975.33
88196.54
78655.72
89162.59
74863.65
99682.15
69274.78
65277.07
87336.87
95220.84
81210.44
67296.39
67612.16
75758.24
78650.67
85769.18
83681.59
71695.61
65461.44
74809.11
84687.56
106440.3
118921.2
74966.64
77478.62
93549.83
105153.8
87347.46
60334.88
64529.41
65152.85
122231
89851.41
87720.18
85040.8
87521.85
75432.15
94060.72
75760.61
92228.38
74636.68
72016.5
80282.16
70342.72
75070.38
78752.49
73492.75
86138.83
93252.52
88057.06
71525.98
79064.46
94195.26
118809.4
89002.04
96783.51
72623.54
99569.62
88686.66
67124.83
91794.71
81268.41
92180.55
73623.99
95677.22
89324.75
89807.02
80726.61
112309.4
87865.09
84124.11
92406.46
98201.45
70493.02
85982.45
86009.06
90145.83
88786.44
115493.8
85499.9
59546.55
94976.22
76581.22
88009.14
71849.58
104873.5
85912.41
81182.94
105998
64972.86
81012.29
115077.1
94990.17
83660.19
86715.91
79213
70291.97
53529.72
82069.07
87523.39
90308.87
74130.64
89726.18
75611.2
85558.66
103564.7
113649.4
79040.37
101592.6
77831.33
59266.23
69562.77
98967.97
95972.73
