1.533639
0.9714364
2.110113
1.474512
0.7051522
0.5047121
0.4451946
1.017949
3.691206
1.48762
1.432053
1.234018
0.6814123
1.074798
2.277106
0.7996505
2.897126
1.442405
2.781007
0.8802069
2.423641
2.074223
0.7096729
1.339581
0.7634817
0.5901617
2.032487
0.8167618
1.051178
1.051928
1.479022
1.409443
1.917835
0.6850687
1.086393
0.361931
3.277358
2.470499
2.937252
0.9533288
1.221701
1.355038
0.9251158
2.779244
1.036498
0.5387634
3.086527
0.636799
2.478281
0.6792801
0.9762495
1.841939
0.9615635
1.060552
0.7200181
1.191947
0.5218893
1.277688
0.4285317
5.635458
0.6390625
0.8201587
1.392219
0.6607373
0.5763378
2.883919
1.46985
0.8078512
1.75936
4.658238
0.4523413
4.056652
0.5112584
1.690815
0.9440841
0.6402346
4.095682
3.810596
3.253515
0.6534065
1.528365
0.6166808
3.240422
1.848518
2.77291
0.7594569
1.517026
1.806421
1.837078
1.492861
0.8766833
1.339617
1.048056
0.7479449
1.439593
5.382711
0.6334147
5.812637
1.233112
1.070024
1.643775
1.865807
1.537698
0.8990006
0.7140285
2.598596
0.6264648
0.3690219
0.7551466
1.254999
1.568271
1.117135
4.871384
15.77793
1.263123
1.023044
3.462838
0.9088157
3.401867
0.7780173
0.5626143
1.619552
2.983524
3.677914
2.622353
4.612256
1.074721
1.617695
0.4657675
3.579837
0.7749971
0.4514966
1.085028
1.645456
1.070816
0.5311531
5.456675
1.641501
1.330812
1.312639
0.4386197
1.519495
0.6976959
0.407845
4.114446
1.000877
0.5233256
1.218997
0.4972233
0.7547556
7.896969
2.447923
0.9164349
2.274118
2.261514
1.096759
1.378446
2.151978
0.6456012
1.695382
0.5338764
1.381729
3.409293
5.339991
1.296039
0.3407781
1.359844
0.8819895
0.5711883
1.094797
6.0747
0.8578262
1.045183
5.008565
0.7413992
1.192884
2.126358
1.486599
0.4597161
0.8949462
3.867821
0.6249302
1.405805
1.401051
1.291785
2.039728
2.005382
2.375814
0.5907895
1.96199
15.63912
0.923047
0.6182365
0.9150712
0.3921644
0.8786204
1.139915
1.452831
1.789847
0.7565181
1.136847
1.130249
0.5313391
0.4724107
1.281214
0.9364281
0.8613385
1.005528
2.089443
2.371665
0.5799554
1.134548
0.7219397
2.615902
0.524397
2.950969
5.127445
2.036111
6.177639
1.162975
1.065552
1.152461
0.5503674
0.4994005
1.062176
1.692776
1.661486
6.632103
0.7921183
0.7489651
3.088579
0.9165257
0.8937405
3.80043
0.7556728
1.521107
1.15762
1.23642
1.255675
0.7584822
2.70148
3.776972
2.26387
1.219107
3.199721
0.6403177
1.074672
1.581848
0.6188732
1.450374
0.6186238
0.7561706
1.692535
1.493462
0.886676
1.259277
1.280778
0.633933
1.192371
1.633779
1.925182
17.63893
1.590121
5.427722
5.434163
1.364409
1.354073
0.6678661
1.584215
1.5057
1.550447
1.390767
1.613155
2.178814
0.9126921
0.5470425
1.41377
1.064165
1.16799
1.252767
2.718732
0.7736195
1.067198
1.307696
3.358768
0.6777814
0.4521252
1.284451
0.8821875
0.4327136
1.250172
0.7557125
1.155038
0.6964457
0.9177905
1.902344
1.441252
0.4418843
1.318514
2.06768
3.12952
1.010017
9.090804
0.9336902
1.256534
0.599301
0.2730678
0.7160429
1.518766
1.153092
2.688026
0.9211167
8.614768
2.573596
0.8000954
0.6009753
0.9875904
0.9118377
1.367196
2.563706
1.310196
2.421578
0.4647759
1.288598
0.4485554
3.864374
1.22005
0.7777207
1.589024
0.9540789
1.909815
1.030167
0.9955367
1.165138
3.310324
3.708267
1.07608
1.055134
2.512312
0.3851987
2.689087
4.142194
0.9755719
0.8595324
0.575636
0.8446692
1.070104
1.10076
1.022574
1.66343
0.8220203
1.290308
1.732887
2.258846
1.33033
0.523286
2.159293
1.157092
1.972364
1.440941
1.307991
0.9197887
0.5943294
2.420646
1.231557
1.197639
1.863784
1.115507
2.468432
0.7239577
0.868997
5.02868
2.809968
1.145984
1.069421
3.513939
1.068056
0.7195368
1.903
6.420693
1.356968
0.5886863
0.6833243
1.001914
3.622006
0.9459401
1.14754
2.067248
3.558038
1.132609
2.990025
1.072221
1.566115
1.80059
1.144706
0.4508335
2.902207
1.938636
1.182265
0.5759987
3.489848
1.612078
1.559256
1.497131
1.239989
0.5809758
0.5175331
1.104507
0.5998052
0.7715212
2.554632
0.432374
0.6028786
0.5667212
0.9129118
0.6827706
0.3928003
1.273107
1.462257
0.7799944
1.413514
4.884771
5.988625
2.208768
1.117641
3.655839
0.6105526
1.539185
3.751342
1.431719
1.55772
1.399205
0.7623729
2.084917
1.629178
0.5060568
3.249846
4.6259
1.731856
1.869614
1.068696
1.443572
2.029187
2.390976
6.42928
7.175831
5.293272
4.113236
6.140177
3.34621
0.5683585
4.083607
1.047822
2.275421
1.511734
1.598942
2.264965
1.556042
1.953656
0.80535
1.559965
1.613859
1.191417
1.215856
2.483663
1.390747
3.782711
1.992555
1.819423
0.6980423
0.9023262
1.694973
1.109889
0.7194809
2.498232
1.085498
1.40653
0.7405093
1.045159
1.295779
0.7094816
1.501928
2.864113
6.784152
1.957307
0.7659554
0.7522108
1.515434
4.779091
1.326854
1.185297
1.177144
0.4925058
0.6960776
2.281006
2.271216
0.7908059
1.493959
0.876912
1.2274
