38.42376
19.37336
17.16207
17.78279
15.37657
16.02703
13.46758
15.55793
14.21254
15.91572
20.12695
17.624
16.97903
17.44621
16.15402
15.95324
14.82953
16.50682
24.09489
21.25001
19.98229
18.29736
15.42179
13.84975
10.01131
11.6277
15.04207
19.80473
16.72286
17.73319
18.85997
14.12011
13.86801
19.30966
17.85614
19.18106
17.50629
20.19745
20.6035
16.6169
17.07465
19.34055
21.24782
18.41983
16.87648
14.92286
14.84659
16.98568
17.80879
20.04128
13.33008
14.47911
16.91894
17.46047
16.05236
16.39985
18.27603
15.52749
13.23269
17.49891
14.16527
17.69429
17.71908
16.71527
13.05659
14.69623
15.82491
17.09977
19.87105
16.78553
14.43998
13.73928
18.71928
19.65504
16.57398
18.50844
18.01299
15.79633
16.77742
19.24639
16.56747
14.93425
17.08036
17.91843
19.7782
18.77878
17.8025
15.23499
14.74863
14.30618
16.76186
19.62374
18.16725
17.09721
19.10571
18.08322
14.30169
14.01644
17.214
13.03385
18.54162
19.95176
18.38419
23.96643
20.01579
15.77345
16.32559
15.17912
18.16958
17.27238
13.90669
15.10515
14.71809
16.36438
12.7414
12.87837
15.62288
13.19359
17.14649
18.74138
14.64811
16.27489
13.88081
14.95583
19.01843
20.62508
18.87003
17.24582
17.05394
16.47506
13.54585
12.577
13.16741
17.95204
14.1406
16.51273
18.80196
17.3185
18.19015
15.61314
14.8076
19.80375
19.07159
20.47811
25.58228
17.09978
14.83304
16.44603
17.67165
20.22542
16.81955
14.58849
15.60902
18.46986
17.18617
16.56759
15.27855
14.5238
17.26506
16.1268
20.07394
16.10656
14.77515
16.1773
16.53086
18.83225
20.74516
18.73536
20.63958
20.67279
23.22239
21.00979
21.86072
18.98744
14.61079
13.75773
13.8434
15.14148
17.46449
12.92135
16.52742
16.01527
13.22257
11.31803
11.83035
13.99291
14.70658
19.26923
19.79922
16.57774
14.52172
10.78768
14.68661
18.43907
17.43252
18.08806
17.09248
15.63869
14.2138
12.86864
14.54197
15.85083
17.20433
17.99418
20.09484
15.27227
17.73241
21.51574
16.21391
16.49927
18.05889
19.10755
17.0061
16.04134
18.83675
19.17712
19.34053
16.89627
18.11315
18.70028
18.68632
20.03872
21.55877
16.77139
19.36509
16.47889
15.95307
23.23055
17.53955
16.19379
17.39132
19.06364
25.5175
19.61819
16.63987
14.74755
17.43223
19.45421
16.8742
18.38372
17.8324
16.64908
15.06484
16.23738
17.49985
18.5418
15.75929
18.27945
16.4839
18.16234
17.42772
16.41089
18.33583
22.36387
20.34067
16.82195
20.38925
20.83974
17.26926
16.07011
15.17791
16.88797
14.34801
17.7462
17.72514
16.02269
17.41115
14.0783
15.34081
13.92844
14.40581
17.55221
16.2091
16.53579
16.13759
13.4539
14.56601
20.43487
18.3812
15.2242
19.85179
18.16009
17.80843
18.47963
17.79878
19.78749
16.12552
18.5057
16.95954
14.03077
15.76419
14.59774
16.88851
15.1584
18.25513
18.97921
14.67591
17.99095
18.16597
17.57163
16.89526
19.05194
15.15094
18.72322
17.5386
13.77234
16.09265
13.41803
14.81997
18.68147
18.24066
14.43081
12.49565
13.72707
13.3164
15.3512
17.86535
23.29064
21.52475
21.36292
13.96169
16.49892
18.05093
20.32724
22.77237
24.75965
16.85661
16.82455
16.85021
14.55708
16.52878
17.05852
16.73356
18.2578
16.76034
15.30123
18.64991
18.45074
18.82681
15.21641
21.64437
16.34285
15.78323
20.94868
15.58033
18.66618
17.49864
14.36129
19.08968
20.57199
19.24708
13.82639
16.95094
18.66361
16.8318
18.28532
18.54475
18.19121
11.30706
14.53694
16.08802
13.81055
14.59585
18.03476
15.93829
15.2226
20.36196
18.24186
16.91506
16.92906
18.47212
18.01877
18.10883
16.12159
15.92592
13.50114
18.00328
21.14454
27.87257
19.82342
17.50015
16.43404
17.59291
18.36009
16.68261
16.84879
20.74932
18.16845
16.70893
16.59902
16.86116
19.23851
19.41418
17.36296
17.65976
14.55107
13.85431
15.7131
13.89853
13.03878
14.83857
15.64308
17.13478
17.51886
15.78007
16.07614
15.32534
16.58388
17.87348
14.75388
20.19972
17.10907
13.24607
15.76844
20.60958
18.10596
19.22997
17.99611
16.6447
13.73385
14.64313
14.75174
13.04881
21.98525
17.25761
16.77664
15.00207
17.21755
15.95867
13.30503
18.11767
14.21169
16.5466
14.77898
16.40465
19.00721
21.83613
19.61246
16.82023
17.43037
19.89399
18.49357
17.10691
18.59427
17.42112
17.83236
17.54819
18.24421
18.8018
18.10101
17.12773
19.79796
16.22704
14.74847
12.31725
19.20545
17.74016
15.79092
14.62537
15.62176
15.89652
19.47579
23.31187
22.07213
17.69112
20.01712
19.04441
21.56237
15.48836
18.45463
17.39876
19.62348
13.86338
16.88203
17.26981
18.77554
17.02965
17.10704
20.33842
21.39735
22.28813
17.5202
15.87904
16.25653
14.96117
12.29837
11.28873
12.59797
18.13666
17.43245
19.59426
16.09028
16.42315
12.54618
15.14404
14.54979
15.00035
16.40775
13.63155
14.53498
