1015.635
1200.715
655.249
887.1886
1880.659
425.0816
895.2787
418.1795
431.5402
983.704
775.5962
1286.248
720.5811
854.1033
1020.505
1736.778
1116.86
977.9284
2518.047
453.2659
727.9344
610.8749
2567.11
1245.555
2828.644
650.587
1153.035
2844.804
2300.208
511.9514
1276.699
1714.301
1168.093
1821.381
531.6006
1074.556
434.5971
940.0684
1070.583
1849.888
1034.453
721.3142
1750.191
900.4897
912.5058
653.5073
506.7805
941.4398
643.6792
481.146
754.2368
973.2371
792.5201
552.5922
810.7211
1062.836
1865.173
2090.875
744.1756
1339.697
2721.903
849.3926
1155.059
1172.743
1830.027
462.1871
680.9098
688.2545
2244.383
556.594
1994.065
704.0204
1990.714
4482.984
703.7392
788.8634
609.8611
1909.896
497.2604
1603.542
994.0001
469.8875
1609.274
1484.017
2501.301
901.5037
674.24
1270.787
1477.252
1083.829
1931.405
1161.927
997.0394
2050.995
768.6838
1109.422
1693.137
728.0714
596.7047
768.8591
864.324
1280.661
1468.759
617.3506
652.7021
987.8905
681.0639
853.2296
633.2918
1622.202
745.7977
1902.116
591.0225
1310.741
650.4509
1096.369
615.1946
924.2861
875.3581
1488.337
808.6979
634.127
1047.984
1092.691
544.9034
4443.854
1057.992
1275.116
1422.031
1478.161
695.8152
2756.838
1720.935
809.0419
2857.493
2755.453
796.9768
755.5775
1337.191
1737.063
487.3732
935.9387
1819.136
888.7089
784.035
465.7371
529.0825
1783.94
751.0588
1344.579
421.5039
653.5786
1148.331
1316.538
711.9806
511.437
343.3422
647.7444
1171.431
2149.325
394.0013
2385.609
654.465
354.6093
2564.703
2105.514
1090.183
648.0583
850.3891
754.7309
733.7526
828.9565
794.3345
423.2577
610.9256
935.0142
1589.062
753.3518
650.3246
1103.046
1044.536
498.4193
897.8123
1333.056
1351.311
1188.316
2085.508
1120.88
1393.026
491.0756
936.1561
2725.322
1925.672
874.1556
891.7264
1104.021
510.6195
345.7086
924.553
1329.914
1495.883
733.3644
1375.329
445.2794
1808.63
399.4791
525.6412
1039.248
3827.834
666.6835
1556.404
700.5426
804.2512
966.4614
920.4517
814.3065
1140.404
1239.92
451.7544
2383.149
1943.319
836.1715
963.3732
1460.334
1699.796
737.1061
895.1795
1078.055
1035.5
700.5038
955.2527
468.7374
379.9469
1043.135
734.1362
701.5859
907.4676
1506.312
1915.515
534.6583
914.3459
844.9741
930.1384
924.8424
796.1509
1798.95
1113.125
1393.699
1372.309
1037.561
1387.948
1048.687
1310.86
758.006
1675.256
1576.572
620.7821
623.4196
974.6603
1423.75
1238.143
1350.827
1018.463
905.448
554.512
783.7117
1670.073
584.8245
692.0151
970.0341
596.7526
1812.442
788.7193
968.204
778.193
1011.8
885.924
1771.824
1020.395
2082.273
1196.815
2626.283
1118.706
1684.867
726.9963
985.7682
1196.285
2153.297
1146.323
989.8101
1312.372
1180.867
877.224
854.2392
1265.376
656.8346
1612.843
398.8814
817.8096
555.603
542.6266
800.1201
2291.918
1679.185
1307.388
1602.88
1042.095
2321.672
588.9587
1180.176
979.0995
568.9039
501.0176
6858.218
763.259
1262.008
2015.089
1474.246
747.0245
697.8166
1828.783
1000.502
705.2737
863.2508
928.148
1091.923
3097.071
905.7516
575.8713
918.1162
2179.377
1402.894
708.0675
1185.6
1310.215
2287.194
1382.192
1419
1343.977
1313.924
700.0817
949.657
1291.778
936.5038
1668.212
738.8499
600.1069
3322.338
1078.517
1642.305
1009.001
1185.018
797.6835
1070.221
996.3295
1835.91
707.8813
882.3497
362.4757
906.3063
571.9751
641.2723
871.1118
1458.929
604.2164
1259.63
1591.688
1257.479
540.5364
635.5504
1009.545
821.8417
1072.453
2561.858
1251.621
871.7186
713.8312
870.6239
498.3378
888.4971
882.0881
1623.25
441.5025
4203.243
1025.945
894.7932
3722.24
3603.992
1203.247
1951.262
2160.831
664.2819
517.9435
525.3897
1851.413
999.3011
419.289
1792.78
576.767
717.3524
1690.931
1014.893
645.8821
2077.933
598.4023
545.3312
1013.891
1676.082
1316.507
944.2472
660.0579
1876.549
2202.109
884.3426
1187.776
627.7201
455.0185
965.9615
525.7103
832.0073
573.5645
2091.587
1009.502
1110.71
1170.576
513.7273
1166.393
1531.618
1085.301
584.3809
547.7525
834.5968
694.6731
867.1302
859.2971
894.5478
752.8413
618.3147
890.5546
2758.197
2676.095
2337.016
1210.522
663.0435
630.3939
1073.615
770.0453
1362.989
1009.672
1817.535
356.259
1839.524
2504.276
690.2185
357.5644
537.541
690.0157
1692.359
1305.765
1103.187
1358.086
607.9935
1021.266
873.9242
1613.619
772.0468
520.6907
328.8908
791.3705
1132.536
511.0845
1260.833
628.2312
2611.914
1092.24
1057.819
1491.203
570.3994
1123.507
611.224
1258.684
1000.963
564.8902
599.3088
686.63
827.3462
854.5949
2660.986
3762.061
670.8786
1250.974
897.5729
1162.944
976.9265
1645.9
1346.639
569.4528
710.5138
528.1741
2183.558
