0.8802653
0.3987949
2.400934
0.9707532
0.5195529
0.9146703
1.344002
1.448497
1.472784
0.7552857
2.730842
0.4278207
1.324451
0.4080111
1.062598
0.4513969
1.896097
1.178976
1.193012
0.8441686
2.895854
1.610353
0.8987994
1.434381
1.183056
2.497312
1.630478
1.548692
0.497187
1.070505
2.587205
3.910859
0.7074247
0.9796759
2.116943
0.8023369
3.290728
0.5819176
2.52745
0.6769029
0.8949998
4.746601
2.40649
0.8095857
4.467366
1.103771
11.43563
3.435899
3.298879
12.28826
5.144757
22.23315
7.600129
4.456162
3.813068
0.947358
0.9888312
12.08346
4.667427
1.138862
0.9594299
2.512387
1.50202
0.8487339
1.752413
1.626925
1.179772
1.116417
1.112845
1.299808
1.314035
1.194374
2.556013
1.057692
0.6328397
1.277004
2.789807
1.585271
0.9613115
1.03255
0.7930004
0.6031976
0.5788437
2.12288
1.262496
1.324376
4.012628
0.6889064
0.5810094
0.9443011
0.9253011
5.473281
1.609462
2.741103
1.42982
1.088816
1.411531
2.904199
6.447981
5.246368
0.706802
1.449332
1.151819
3.777292
2.965774
1.848927
1.854994
1.178611
3.429393
1.710233
0.614076
0.7821667
0.4601717
0.759238
2.636126
1.745709
7.247713
0.7071676
1.291568
1.246839
1.186832
1.470366
3.737839
1.78454
0.5933996
1.444537
1.732692
1.736948
0.8850398
3.35644
1.34573
0.8749047
0.7807909
4.088352
3.695838
0.6533889
0.3941191
1.546767
1.650856
1.41868
5.318368
0.8716253
2.309153
0.9621491
1.311519
0.8744429
0.8511961
0.9781641
0.5760221
0.4849904
1.382213
0.6876846
2.919866
0.930713
13.92826
0.3489446
2.144128
1.747759
1.691782
0.7130575
1.185499
0.7073475
0.4568308
1.683591
0.6530545
0.5512431
0.6798388
1.261572
3.146444
2.318656
6.018367
8.527976
0.7003861
2.931282
1.509428
0.4873109
2.023774
0.6756064
1.029025
1.888901
0.5160619
1.923118
1.308283
0.5856872
1.219766
0.816077
1.638578
1.454503
2.217488
1.324493
0.4715834
1.151867
0.4390762
0.8382582
0.7618911
1.919933
0.7226262
4.550934
1.631498
0.8419586
0.3014969
2.451039
4.674635
0.3597864
0.5424292
1.540032
2.006637
1.852612
2.163177
3.223566
3.511362
24.32224
2.358456
1.548328
0.6608036
0.8247602
1.447265
1.460706
1.342623
1.463827
1.430203
9.874513
2.345495
5.718477
1.784449
0.7746989
1.443408
1.65974
1.61875
1.235185
1.571962
1.731504
1.203662
1.091083
1.13956
0.7655529
0.6573991
0.9184186
0.316533
1.853382
2.484544
0.385559
0.9633975
1.241399
1.66086
0.9373853
0.5912749
3.024905
1.050587
1.74871
2.1751
2.163152
0.7719984
3.929462
1.039919
0.5886669
0.7437277
3.859661
1.329538
0.5735912
1.03358
1.051351
0.8851287
1.328156
0.984343
1.556752
1.116066
1.5535
2.083972
4.386608
1.725901
0.459153
1.924016
0.6911295
1.379447
0.860162
1.395828
2.842529
2.107876
1.947129
1.294067
0.862546
3.686038
1.033256
1.827847
0.9712124
0.6918354
2.287679
1.693323
2.670365
0.7335138
3.539437
1.902272
0.7216431
0.751345
1.571495
0.7438336
1.352489
1.279519
1.78264
8.657112
2.162083
1.231381
0.4786918
1.40978
1.447859
2.051294
0.7761993
1.006236
1.055775
2.109262
0.996124
1.015164
1.625553
1.975529
0.7361669
4.249636
6.747155
0.7624166
1.279388
0.6587409
1.296937
0.6290746
2.58166
2.587612
2.342574
9.547304
3.054366
1.881461
0.7490022
1.640425
1.106402
2.469229
1.127806
0.5322292
0.7160501
1.263058
0.644565
0.7403115
1.053213
0.6557131
1.955317
3.62479
1.070068
0.7701185
1.22012
0.8187428
1.892662
3.853726
1.623125
2.732126
1.012368
1.630262
0.4884148
0.6584931
3.429126
0.9099794
0.5156046
1.906899
0.514502
1.362165
4.323525
1.78147
1.281391
1.450141
2.263405
1.51638
8.177831
2.699171
0.6986249
1.483828
1.427214
2.438241
0.708958
0.5608963
0.9998255
1.696751
2.119335
0.7428932
2.204635
1.56875
0.85777
0.9078736
0.9751203
1.405591
0.7303295
0.4429114
0.6006978
5.435574
0.3593812
1.108794
0.6684182
1.722885
2.085301
2.177653
0.984354
0.654688
1.97557
1.231248
1.184978
0.6273004
2.048869
1.431638
2.127079
1.013192
2.811404
0.9015681
0.7007141
0.8341426
0.6546274
0.5529397
8.118653
1.052861
3.508734
3.299424
0.6646636
0.5282376
2.846043
1.520875
6.186312
3.902185
0.748304
0.8606001
1.638838
0.563989
1.764004
0.7279584
1.753559
0.6798264
1.419675
1.497241
1.733353
0.4534656
4.043561
1.873205
0.6940864
1.453205
16.18171
0.8068543
8.883946
1.970263
3.069231
4.284175
1.044515
1.202929
1.18052
1.596151
1.661962
7.617928
1.19201
0.7625529
0.7544163
0.956287
1.083513
1.877515
1.383084
0.8845525
1.564344
1.075487
1.056651
2.150792
1.478482
0.7075329
2.682516
1.477743
0.968074
0.6981365
0.4721051
1.01114
1.574927
1.000683
0.7824739
0.3030999
1.213871
0.6207813
1.919284
1.803645
0.7872297
0.7008749
1.043324
1.134981
0.6963954
2.003211
1.21506
1.556469
0.8546468
0.7171741
2.147802
2.142501
2.467537
2.504724
0.5579147
2.506972
1.082776
1.110087
1.920895
2.271534
1.017749
1.506045
2.351824
