0.3066221
0.4220262
0.4638816
0.3102957
0.2481506
1.012179
0.1930301
0.2010725
0.5070262
0.9171082
0.6529284
0.1185131
1.549337
0.1365697
0.224897
0.1435084
0.5438344
0.7663054
0.115943
0.4611736
0.9033668
0.4933418
0.5466827
0.2005264
0.4353742
0.5099976
0.2809609
0.300905
0.5388977
0.9694725
0.2235158
0.1483829
0.4721616
0.2410251
0.1720051
0.1104543
0.2148448
0.341421
0.3400745
0.4770011
0.2383783
0.4329287
0.3112522
1.801342
0.4624301
0.383649
0.3787096
0.2960622
0.3479345
0.2103833
0.6042075
0.4722252
0.1738816
0.3526932
0.134368
0.4041841
0.8355095
0.5310963
0.1732873
0.2448533
0.3618879
0.3469397
0.2440184
0.5861445
0.3785269
0.3788572
0.3614417
0.6582087
0.3009229
0.5016652
0.101797
0.8989793
0.4265629
0.2627127
0.1680261
0.1692885
0.4163195
0.2488531
0.1669026
0.3057573
0.8300224
0.1929962
0.3675272
0.2705981
0.7866332
1.840314
0.6917211
0.4923358
0.5895711
0.7107269
0.4095899
0.1553191
0.3379259
0.399339
0.2072256
0.5368787
0.2304246
0.2429493
0.2134316
0.3131042
0.1408832
0.151485
0.5008078
0.3165901
0.726889
0.2189343
0.2721449
0.7081997
0.3052859
0.2038851
1.073633
1.738952
0.7052738
0.1562686
0.5076199
0.2011508
0.2814024
0.3249189
0.2838777
0.1861053
0.2266502
0.2175574
0.2985353
0.1222148
0.8609724
0.3186947
0.4037245
0.4087408
0.2556667
1.453721
1.740686
0.1854479
0.2237008
0.2484223
0.2378625
0.4012804
0.4477472
1.367827
1.149366
0.2007832
0.4807696
0.7810772
0.1931073
0.5099741
0.1458828
0.1224125
0.6922125
0.2794136
0.3521639
1.08055
1.28582
0.6413362
0.2645242
0.1634831
0.3640653
0.3570921
0.2322932
2.002979
0.7351448
0.4920645
0.2342125
0.2761575
0.4143697
0.1531532
0.1400686
0.3490236
0.1541878
0.3096102
0.3547506
0.2910067
1.860535
0.4393763
0.2691216
0.4951155
0.1639283
0.3652391
1.197488
0.1612049
0.210389
0.2055288
0.500231
0.7977416
0.9877888
0.3620395
0.7527604
0.08831827
0.3533644
0.1341421
0.8532957
0.1183057
0.3297453
0.4917093
0.3369615
0.3213655
0.2530223
1.070805
0.1452803
0.4355013
0.2764084
0.3468555
0.2299986
0.3785026
0.1222585
0.1890625
0.1629412
0.2095015
0.2296124
0.6041658
1.762657
0.1708048
0.434149
0.4957283
0.2654356
0.3120695
0.292367
0.2076028
0.2945469
0.1913674
0.5396251
0.3134936
0.3367283
0.1760386
0.3559051
0.2092856
0.6185144
0.1580116
0.3415561
0.3922438
0.701787
0.4408871
0.1944832
0.6360531
0.4504793
0.302146
0.1817322
0.908592
0.1449713
0.1841259
0.1940071
0.2247982
0.6538271
0.200807
0.1855129
0.397496
0.4197168
1.150974
0.2019609
2.163229
0.5896044
0.2707264
0.1066786
0.2821925
0.1545819
0.7080941
0.2884193
0.3264542
0.3757203
0.1844668
0.1324198
0.1898929
0.1036982
0.227354
0.2880285
0.2971374
0.2715788
0.1952706
0.4649985
0.2915832
0.5447554
0.2488289
0.4664273
0.3515133
0.6559805
0.1939689
0.3467683
0.9323016
0.9819041
0.2322252
0.4198801
0.8162909
0.593119
0.23628
0.315785
0.5160314
0.382633
1.624351
1.313228
0.4900737
1.501593
0.3667919
0.3051342
0.1614261
0.3500474
0.2897363
0.4455908
0.1574393
0.1807139
0.4061068
0.2806382
0.2295224
0.2115889
0.3941953
0.7039484
0.2371618
0.7521825
0.315334
0.5367954
0.2916398
0.3235023
0.4438347
0.1907695
0.2948751
0.2523293
0.1958653
0.4472072
0.3907336
0.3241378
1.086747
0.1899502
0.6831624
0.8242236
1.580835
0.2699285
0.3376825
0.5687863
2.63721
0.1408028
0.6237356
0.09812442
0.5411832
0.4017211
0.1877869
1.404823
0.3776705
0.3741183
0.1629589
0.3565796
3.292854
0.1413275
0.367135
0.7276403
0.3298636
0.2472561
0.3452634
0.1971585
0.4087201
0.3783803
1.362749
1.618524
0.5034401
0.6160605
0.3480478
0.3300063
0.1897601
0.5917374
0.136899
0.1930022
0.3455434
0.2394943
0.238275
0.9795966
0.2191714
0.3792419
1.161455
0.689412
0.5264219
0.3265477
0.4031823
0.3109343
0.680053
0.1369609
0.2285018
0.2385183
0.12158
0.1614005
0.1039927
0.199345
0.1710322
0.4510637
0.6469831
0.3678943
0.2648728
0.2453224
0.3011138
0.4861537
0.5376387
0.1897535
0.3100421
0.3998622
0.1751638
0.2115285
0.5992913
0.1820187
0.4129841
0.8860686
0.5796441
0.2105249
0.9343299
0.2347352
0.3939405
2.339852
0.1381924
0.1846823
0.4397705
0.4766921
0.2357727
0.2440541
0.6453141
0.5010924
2.824128
0.1963287
0.2350888
0.3250304
0.2022906
0.2629699
0.2039673
0.6452156
0.4311304
1.411086
0.5543318
0.2601077
0.2145254
0.3751634
0.2264263
0.2863959
0.899963
0.4249137
0.5067417
0.2188187
0.2883572
0.5657044
0.2696643
0.3321073
0.2410237
0.2898442
0.2022732
0.2462929
0.8107845
0.7738107
0.310486
0.1492314
0.1330946
0.6619521
0.473315
0.3367089
0.4357538
1.041801
0.5358907
0.4993213
0.3181202
2.418092
0.5264264
0.8463117
0.3894355
0.2956721
0.2369643
0.6747202
0.3263596
0.716399
0.258346
0.9070317
0.1937026
0.223402
0.6938175
0.3363903
0.2696604
0.1836636
0.2203057
0.7839474
0.2972985
0.7116863
0.998407
0.1472883
0.3846595
0.1730757
0.6298743
0.3597944
0.461806
0.4978394
1.034147
0.1530458
0.3340867
0.2401454
0.2428152
0.197179
0.4171133
0.2584911
0.1786705
0.3202054
0.1025889
0.134707
0.6938451
0.273694
0.8793469
0.3283948
0.1488369
2.559831
0.4296315
0.9497835
0.2301439
