588.5269
1686.728
493.26
680.6793
877.2751
2626.024
504.1344
2226.102
814.8895
935.4647
503.2243
1008.188
1614.592
617.9718
449.9492
1009.868
1294.308
466.8033
877.5858
1092.851
935.9348
1599.862
1452.951
1219.539
1085.195
709.4167
1217.754
512.8999
1127.215
1502.758
1412.166
661.5738
1285.144
283.3027
754.3493
1202.331
689.5979
748.5874
955.46
902.2645
1267.248
680.0546
1126.799
461.505
1933.238
1308.054
567.0531
315.2686
790.3122
307.125
446.3134
790.3754
889.2667
1682.907
937.0119
905.6986
679.5893
673.6655
3580.02
868.2495
1334.354
1259.36
1154.118
2056.768
2933.612
1519.772
657.9434
1128.766
1161.277
810.4641
573.869
524.8087
832.6717
1305.821
766.6525
1820.97
1567.01
1001.245
510.3451
636.5586
624.5882
922.7295
1258.856
436.184
666.7066
1084.505
1125.012
725.3937
1049.807
691.7909
788.8988
1123.608
568.4327
2509.637
548.3499
1026.412
723.9979
1801.259
1198.215
664.6847
462.914
1005.335
2106.652
472.1824
416.9749
1038.147
698.105
2502.491
2029.424
752.9874
625.456
1217.605
717.181
567.4596
691.7693
1018.404
1710.395
1049.754
1070.966
675.3523
800.5493
821.1367
994.2736
619.0765
721.279
673.1745
937.9567
1445.86
2198.694
610.8552
1059.055
1008.118
677.5281
790.1373
954.624
790.3225
485.5787
470.8222
1248.154
963.7196
889.0162
858.6297
1195.087
1870.286
788.1847
998.0072
634.0778
1010.563
1178.495
1534.595
638.4999
516.0295
935.5987
999.2454
622.9562
721.8014
591.2447
373.2773
807.7004
440.2883
983.13
612.2287
510.1135
911.9576
1643.207
713.9818
2923.614
1453.348
686.9302
971.9418
1272.709
651.4359
1492.125
2340.562
3476.94
1176.278
1154.479
1776.498
572.8762
603.9259
861.5081
781.5376
856.8771
1051.519
1066.623
1414.403
1085.961
2056.616
776.551
653.2009
952.8388
567.5906
478.7418
1138.633
1021.279
1277.553
1085.639
1335.996
399.7959
492.531
609.9096
2660.027
1214.803
937.5308
994.322
963.7626
1204.882
1137.097
836.3151
852.5215
514.1265
541.5356
961.2114
783.3052
1139.222
535.1085
1149.419
1067.056
621.425
1152.656
421.0696
488.8047
3801.879
2757.686
1020.896
1195.501
1047.241
1421.177
1025.714
988.7363
786.1092
795.5457
862.187
1447.944
1070.753
1642.173
3240.472
1737.491
1671.118
704.4105
1871.086
929.0422
631.5056
871.8892
1084.436
1496.073
885.9594
1430.18
665.2954
785.2019
480.125
2621.36
583.0136
1298.034
1922.193
916.3073
3263.865
756.0618
3053.116
457.5787
881.8357
2618.498
1833.016
872.3355
513.9786
475.7129
1211.586
1796.663
652.1301
1459.849
557.0454
639.0597
919.1506
1821.401
950.5591
1349.401
650.183
1760.554
1917.07
1319.068
1446.853
889.9756
641.0075
867.1426
1392.197
979.0643
899.5469
548.7596
667.2009
2964.063
784.7133
2032.925
1513.472
2091.573
2484.114
843.7166
1622.434
1867.915
2012.47
911.0885
1805.332
1024.648
1213.674
1363.186
3036.926
600.1264
825.6248
2239.383
1652.625
821.2582
2082.887
940.6168
1529.117
1271.537
627.8506
1437.297
1352.281
1550.368
1083.143
1344.468
2051.729
1689.088
582.4956
1216.202
582.5327
907.7567
1652.094
4679.045
1300.097
2292.995
1125.087
1072.562
574.8304
980.2818
1053.136
1380.473
924.1808
2210.058
1179.307
1758.255
1024.372
1281.585
1233.219
1615.086
686.8058
1249.996
526.9923
1754.26
931.9345
1969.373
963.819
1488.404
692.4291
746.2349
922.4614
1146.143
1634.497
524.3704
1559.751
709.1013
1041.733
841.41
1060.593
704.317
1646.925
1108.069
1876.515
1075.519
404.8879
919.8416
1582.846
737.944
840.199
1208.274
2170.406
470.6994
909.6554
944.8952
1058.686
2026.85
471.9679
1555.43
643.723
1332.622
1515.462
1104.674
1440.395
901.7164
2773.315
471.1019
303.357
1529.612
1949.65
980.1255
1552.989
681.2086
640.038
619.9684
825.8193
1074.568
1653.573
795.4113
468.7042
915.0895
953.5407
836.3728
1187.051
2025.148
1271.737
1419.773
1147.989
761.588
1001.706
694.9373
554.0836
1641.681
938.3378
1504.772
916.9213
500.3097
879.3875
766.7226
1301.12
838.0017
1091.792
1516.934
1254.158
659.2869
1060.532
1469.48
690.0898
1225.045
933.787
2986.695
1111.517
973.1679
1257.295
688.7908
569.8022
1274.878
1174.371
1250.886
1186.327
1866.622
3029.701
1607.999
775.895
708.8761
2085.722
2197.898
620.468
1286.699
1144.914
669.3701
725.5922
2392.267
562.9764
630.1883
2408.49
1224.471
2030.413
847.7796
977.3899
1021.015
1354.016
1137.693
667.6522
1226.309
851.6279
748.5531
721.8116
1877.544
1936.34
1399.01
1446.154
2730.459
1095.999
568.0375
2406.412
1639.986
918.7908
734.5713
595.2074
1933.152
799.4945
2954.779
2013.41
3592.53
1064.784
836.4721
1470.758
634.5981
872.9501
651.2581
1822.194
1131.25
1301.385
1130.633
750.5782
745.4425
