71.20783
75.87487
91.96355
88.16127
86.94745
79.6643
82.84047
91.94578
86.57214
89.74745
85.85928
78.22449
92.30833
99.52361
78.70377
72.71923
89.39764
72.25578
80.51547
83.7019
78.86686
91.5299
65.84019
85.30933
86.20883
99.96856
88.71712
84.09448
75.21228
73.81427
91.52631
94.10949
70.47933
87.58713
84.12249
76.23459
91.21499
95.17756
78.60552
64.23704
95.81814
65.71385
92.77962
86.47779
90.87358
86.77563
85.03874
86.14744
78.62807
82.94559
80.70305
90.03153
89.62185
101.0207
79.01471
87.72942
82.0184
93.06396
83.6298
99.72805
81.86001
103.1008
92.12856
77.25228
74.86923
81.9438
85.71314
81.2036
79.18279
83.25395
76.94917
82.49829
83.98973
76.87711
96.33567
79.04344
79.23711
73.89428
74.46779
81.39793
97.72076
73.0436
96.288
85.20267
77.31109
85.31074
88.51333
88.84296
86.73522
74.01718
84.9352
83.36217
80.40796
78.88928
88.53635
87.68827
90.2801
84.05057
80.75523
85.17028
75.74283
76.11437
95.35836
87.69192
91.15098
80.3982
81.86725
82.74001
80.69042
68.05947
89.5171
77.13863
85.14534
93.05682
90.42648
91.81606
76.88771
78.65674
85.82513
69.97355
79.08637
87.10418
75.24721
76.91976
91.70268
76.51677
97.86604
91.54489
84.6435
87.47106
86.37485
94.91809
88.3354
86.51373
94.18442
86.06844
76.85886
84.22337
82.60545
96.24625
80.77993
85.66296
93.41344
89.45916
95.42894
103.4777
86.04908
85.12297
90.09322
82.13145
82.2558
89.86793
74.63299
84.65018
92.24774
78.38292
76.26567
78.13801
89.90032
98.15012
77.86824
95.17152
96.55837
83.03763
90.91122
86.25097
80.47696
90.16794
83.83497
75.56853
93.74386
95.18382
82.50417
77.93371
78.20441
85.72683
92.55705
89.14465
83.87966
80.93869
72.53745
80.91312
86.92039
89.19883
87.96226
84.0812
85.74384
100.8837
89.50127
74.65991
89.96433
83.58328
83.64582
87.72878
88.53529
106.2908
73.7461
88.97657
89.07489
90.76716
84.77863
93.32745
99.26265
80.01966
95.83975
83.02631
91.70207
95.54812
78.632
84.0495
71.36678
86.08591
84.69987
82.64092
90.31889
76.0669
99.63384
82.24847
73.54579
86.19257
70.483
92.80771
76.91197
79.56324
101.8163
91.17503
67.22075
73.87765
66.03824
73.42361
80.2961
85.04975
76.86282
68.40332
78.28126
63.46614
64.51188
73.88256
66.30851
70.9798
62.10839
61.37214
61.40963
78.52886
68.3213
79.04165
75.06831
66.55538
71.1263
68.27533
65.99612
74.8134
65.55467
69.65025
59.42809
56.99151
81.05877
62.9742
57.67983
65.38989
56.48676
67.03646
64.61116
69.22256
74.17939
54.34417
61.24665
56.79308
60.52227
55.39248
84.3221
60.8833
57.98631
59.14184
69.65127
59.12349
58.47622
62.56375
63.37162
70.3195
62.31038
69.41449
68.99926
60.13985
73.52033
61.62348
62.8266
64.17879
69.63448
63.17251
66.38633
66.62681
59.4539
69.16414
55.6024
68.91529
58.48868
60.29129
59.51746
65.53121
70.11537
61.79384
76.24128
70.22453
77.75652
58.87389
62.21883
73.95338
61.75031
65.27926
67.58019
55.64851
61.06634
61.26349
62.85916
71.6815
53.77832
62.20825
57.51018
63.77276
54.33943
55.00741
60.98147
57.05937
61.93848
53.74692
59.98944
59.28634
67.0463
69.81714
67.20852
66.12208
67.841
69.53752
55.23708
63.41845
66.07463
56.81139
59.07437
56.57418
59.82025
58.05123
60.91097
63.85476
57.71217
66.36178
63.40894
67.01195
59.16704
77.59981
57.56141
59.73635
56.74643
47.69275
58.40429
69.06761
77.00865
60.55609
67.27338
63.02637
67.5735
60.02235
62.00167
61.24424
50.83833
51.78676
63.30222
69.10387
62.39985
59.34639
56.72381
58.33703
57.49433
53.65703
67.82193
62.10331
62.45825
66.71574
55.77773
55.25592
67.96118
56.71363
60.96514
60.11054
72.03464
64.66774
58.56714
59.26329
65.48628
54.3754
57.26983
56.42999
52.32446
73.13435
59.44968
62.00805
53.46874
58.90362
53.68994
55.39566
60.06023
60.08707
55.70254
61.76526
75.18633
74.87053
66.26464
66.89414
64.2115
57.91567
54.4254
65.50281
65.70638
71.52531
65.56118
69.49073
61.46062
59.56939
68.00791
59.99913
64.52894
71.81913
63.34108
56.39905
68.43049
64.03489
66.10161
66.07217
75.37441
68.79302
67.39783
67.10452
56.84771
61.8943
63.4744
62.40107
64.81716
55.82723
64.93008
64.65381
60.91961
55.25371
60.28514
55.42582
54.46242
56.40716
63.30018
65.08864
54.90865
48.84799
63.61867
47.85942
78.97861
66.14559
62.28599
58.09177
58.41893
56.96334
59.69432
63.54143
66.21851
56.45961
58.38542
64.50751
68.72318
66.25535
65.69209
57.17535
75.48595
68.13537
58.06312
72.57776
74.0215
60.42313
64.68142
58.27899
57.85648
78.45388
66.27622
63.02099
73.2816
62.48182
70.22229
63.2843
54.47746
65.53376
56.17358
59.36076
60.43916
61.30446
57.5835
63.22064
58.52674
56.83071
59.51421
56.27481
58.11414
67.57647
52.5017
51.87549
