496.0204
375.3805
631.4736
326.765
878.4722
458.4427
557.1747
598.8936
692.8464
465.5683
2774.124
230.7882
372.7446
535.1936
539.1266
454.7023
797.4021
758.2726
797.0867
896.2218
767.7553
345.8779
591.6985
275.6858
559.1462
525.7427
795.7077
755.9008
793.4385
797.2187
803.376
1769.256
1339.243
942.7675
2038.219
4592.575
1318.629
1011.237
3295.726
587.2515
1779.051
661.4144
3278.11
2065.483
3343.435
623.4716
1649.588
3584.97
2181.137
816.5827
3333.198
955.6382
1114.314
1579.967
641.5466
957.341
860.5484
939.6175
910.6071
3036.541
1112.948
1287.711
581.7601
3172.889
691.5105
843.6243
2840.296
1838.753
1360.102
1457.645
630.5827
530.1184
942.2619
2665.843
1327.49
1226.562
477.7892
2998.349
296.6723
997.4866
1242.94
285.6749
453.5271
334.0633
479.1485
276.9672
594.764
675.3042
299.005
532.2633
1889.754
1063.567
392.2712
392.4344
511.2959
1053.641
873.6612
813.3639
324.457
1685.919
558.6723
379.934
526.5477
414.4991
447.9955
997.0414
227.3429
1152.815
277.4371
536.5778
1188.206
291.7351
2506.093
763.9431
632.3685
984.1533
407.8643
495.7009
458.3172
555.9912
345.2813
176.6755
407.9792
1299.285
283.9362
577.4158
1083.729
1048.764
303.6576
1267.112
659.3938
519.8473
691.8739
397.9243
210.6576
1410.396
756.361
1617.175
267.248
990.658
438.8658
684.317
185.8563
530.7443
244.3854
670.1509
809.4439
853.0724
167.035
628.3948
333.9995
417.4544
480.7813
612.8755
276.3251
705.6946
559.5682
523.5236
1023.945
814.9309
1732.228
639.3258
385.7059
541.7398
784.5324
528.7306
833.2073
370.7294
732.9041
1734.135
1020.619
328.0296
570.3008
515.676
510.2746
519.0999
493.9217
574.6903
284.7464
564.1835
455.0461
290.5314
222.2002
718.5799
361.422
677.8649
1996.462
231.3185
346.2092
495.363
605.0945
623.2781
445.4222
576.7188
771.2066
2759.029
612.1343
379.9878
1169.154
616.4804
1308.272
390.4677
372.0088
805.3348
543.5311
564.5391
449.6845
703.1115
463.27
583.1356
560.7105
803.5387
776.212
3990.365
1259.722
844.714
1009.209
1436.359
374.3107
410.8619
1158.732
528.7082
1358.614
524.4967
851.5581
447.6504
1189.993
766.0432
628.2547
518.7968
726.8851
449.1716
1240.655
470.7611
1118.64
1746.923
843.2965
1303.865
640.1665
504.5324
1608.666
659.9721
675.5522
614.6817
959.9469
293.0383
871.2792
506.9912
187.6516
428.1273
947.5647
673.8406
535.8373
2185.852
1458.266
601.1926
2894.644
3099.716
307.2247
523.0154
402.5651
436.137
528.2217
952.7493
1140.777
443.0861
666.9806
392.0815
593.6674
336.9176
405.4039
344.4119
248.3283
581.7215
617.2174
430.859
490.7691
451.7911
750.9952
393.7429
499.6458
2940.281
887.765
760.5246
205.6704
598.404
663.0548
840.0327
646.4194
1723.693
1593.637
543.0508
650.9879
287.1639
261.6492
357.2707
2586.933
679.5785
2542.814
335.5039
749.2703
341.408
431.5204
341.5241
814.1658
641.8877
546.432
290.1925
582.8122
775.0875
1188.264
2310.341
654.0442
548.1241
229.464
499.8334
246.2601
700.4578
1296.901
714.8921
291.2926
599.2026
215.1153
156.5292
1105.664
498.0052
257.6443
834.9773
536.8878
737.0912
2607.289
902.3532
2310.889
324.7509
1132.882
673.226
555.2333
1168.083
425.3012
643.8258
359.7598
458.3842
407.129
921.691
291.4422
383.5539
2204.173
313.8443
1202.945
474.5391
656.4697
267.9847
541.3758
696.2283
517.6947
732.1339
683.3178
725.8349
415.5789
1159.996
175.739
712.6501
717.7178
1088.15
1098.869
449.5902
1092.156
1792.329
2775.538
759.0556
575.4715
552.4941
1758.089
552.4332
1386.538
908.9349
1093.922
728.1718
957.8726
621.2181
2112.167
1355.168
815.2464
572.1955
536.475
824.7279
489.9186
199.4895
2081.833
1061.516
284.3241
259.5372
580.8918
487.4344
203.4793
255.6435
491.0998
428.1938
221.3851
632.7446
463.0302
1349.117
673.9866
937.2875
368.2086
378.6154
473.5252
940.1719
398.8767
354.2205
1200.709
357.5711
966.3226
206.9689
768.4973
207.5145
1438.215
819.8189
659.6252
719.9979
737.8743
1261.973
617.6842
892.9459
441.396
1454.026
1528.884
754.5148
1420.485
517.5114
190.9484
808.2859
258.4141
885.7863
992.4552
348.7231
464.5784
421.6457
589.1597
170.8598
494.8044
449.3191
515.6699
323.1397
279.6142
362.9094
1163.448
376.2527
476.2492
389.5038
447.1904
457.1485
655.1872
610.0033
645.8372
283.186
1396.615
896.5549
1228.553
1706.779
288.4422
693.8296
481.9074
6920.107
270.5406
655.6373
968.8733
683.5038
518.8068
687.4425
579.1299
1064.801
594.2916
433.2066
532.5804
710.5637
538.0898
842.1122
573.2261
670.7974
1084.994
445.1687
664.5044
357.1452
220.9994
547.7855
786.0992
1273.35
486.7455
1110.944
456.8382
457.857
630.5051
1440.51
299.1102
355.3109
594.427
809.4235
695.79
302.1374
