83.36923
82.24954
81.56471
82.03951
82.16935
82.07983
80.60563
77.48121
75.60833
75.44339
74.50641
72.79313
71.30451
73.17827
72.72006
73.38325
73.89698
74.07424
74.11096
75.54403
75.63357
76.22094
74.40457
75.49827
75.76778
75.3988
76.52665
75.69775
74.90427
74.53774
73.86964
74.3069
73.3487
73.86727
74.97804
75.71503
76.89805
78.34295
79.64116
78.97235
78.19376
78.77749
77.70884
78.31289
78.89013
80.27378
81.30354
81.31683
84.29025
84.10799
81.47537
82.28495
83.79219
84.16688
83.72372
84.81313
83.99639
83.20222
82.40076
82.34404
82.19501
81.14478
81.97052
81.44392
81.99817
82.22936
82.7276
84.1985
84.87742
85.43053
84.0645
84.07553
85.26092
84.50837
84.42545
82.67661
83.87202
84.18322
84.43122
85.21318
86.24952
86.92101
87.14542
85.37619
85.06026
85.75994
87.03352
89.19259
89.02238
89.25233
88.32167
89.0744
87.64253
87.08796
87.94824
88.79593
89.26141
89.4444
89.81431
89.4395
89.7973
90.32915
89.54006
88.69924
88.53064
88.78555
89.26918
89.5327
90.62393
90.32375
89.75716
89.92713
88.35333
87.19046
87.85271
86.11847
86.22725
86.03141
86.10406
85.22626
86.20661
85.81365
85.16856
85.59076
84.58593
83.98057
83.92702
84.77005
85.41255
86.83561
87.15913
86.64709
86.66774
87.04247
85.83708
85.47859
84.90865
85.45468
84.05438
83.61991
85.32687
84.34116
84.1871
86.23041
86.08461
85.13954
84.27342
84.73022
86.54723
85.14947
85.11105
84.45974
85.32494
85.26549
85.6879
84.35603
85.23931
83.36828
83.61096
81.14532
81.58313
81.80888
80.66444
80.66222
81.77664
81.96658
81.09121
81.96189
84.21099
85.95787
85.45502
86.73908
87.74716
87.8061
87.93917
86.71098
87.41073
87.16676
88.14802
87.56664
87.44227
88.03252
90.15147
89.99576
89.00162
90.26988
89.74599
89.18868
89.86226
89.93482
90.03146
90.25418
90.42354
89.45407
89.2704
91.23075
91.70021
91.42675
90.57814
91.22041
90.00291
89.52713
90.43433
90.67175
90.60688
90.64084
90.31804
91.52633
91.4344
91.12557
93.18225
92.70117
92.85898
92.46904
91.56322
90.77618
91.24753
91.70913
93.52373
93.85849
93.98838
95.19815
94.6713
94.93188
96.07529
96.81201
96.81564
97.79363
97.99199
98.39019
98.28264
97.97454
98.01299
97.91825
97.06598
97.72682
98.23675
97.94881
96.59512
96.64467
96.87953
96.68584
96.56713
95.99884
96.02183
97.09341
97.49864
96.97319
96.05945
97.69119
96.78454
95.95211
95.99506
97.51254
95.78278
94.21658
94.97766
95.15889
95.05323
94.67274
95.13192
96.91912
96.39617
95.2228
95.2993
94.49581
93.40859
93.09823
93.48112
92.29591
92.01699
89.95918
87.90876
87.85185
87.36629
87.60801
88.36265
86.55578
86.82244
87.41839
87.80402
88.33619
88.29887
87.9272
86.42205
86.30415
86.53177
86.60993
85.25445
85.91441
86.02335
87.72294
88.16173
88.99508
90.17341
90.15978
89.07433
87.35817
87.20568
86.41583
86.2726
86.19879
87.70069
88.84569
87.61703
87.12167
85.79321
86.12908
86.29617
85.92256
87.5921
87.27271
88.07782
86.64451
86.46778
86.26235
86.21585
86.12845
86.35853
85.63813
85.67976
84.70533
84.64267
85.11528
83.7627
83.17835
83.49906
83.48401
84.10234
82.979
82.23825
82.05565
80.14406
78.75647
78.8435
80.29261
80.88586
78.98378
77.72825
77.83909
78.87603
78.21612
78.07297
77.80467
77.41919
77.40579
77.66207
78.36488
78.95428
79.25802
77.62742
78.66871
78.86264
80.08532
80.33427
78.8763
79.99398
79.70048
80.5713
81.38908
80.86325
80.76675
80.84222
81.17411
80.12435
81.53877
80.65506
78.98878
80.43476
80.77923
79.65776
78.81511
78.61614
78.8503
78.25026
77.69448
78.73756
78.80864
79.30655
80.64497
80.4599
79.78571
79.28297
80.40674
81.031
81.64172
81.36947
81.81862
81.12177
82.14659
84.17083
83.39614
83.03378
83.77058
85.39295
85.0723
85.66207
84.12826
83.89256
84.40896
84.2632
83.33837
83.6283
84.16242
85.70401
84.8572
84.48029
83.81735
83.32965
82.51679
83.48199
83.49639
83.00224
85.39869
85.6882
84.9384
83.94339
82.95681
83.19754
84.83177
84.91729
85.52874
85.9033
86.86322
87.65011
88.4222
90.15206
90.23624
89.88123
89.09435
89.85194
90.69075
90.52638
91.02603
89.33712
89.45424
89.39855
89.97464
91.13859
88.43524
87.74312
87.33698
87.03048
87.23374
88.30465
87.6631
87.66722
86.71548
86.3495
86.10118
85.85472
86.0093
85.72778
86.64881
86.37219
86.16058
84.26114
83.37311
83.83654
83.95805
82.3748
82.94742
82.48152
81.77373
80.23604
80.53461
80.34751
79.65032
79.71173
79.47218
77.75615
79.38049
79.53315
79.09441
78.57155
80.82161
80.34203
80.36753
80.48975
80.25809
77.89991
77.46796
76.92114
77.2958
78.94971
79.64355
80.09236
80.30522
80.40181
79.16404
78.39563
79.57365
77.9024
78.21638
78.88736
78.59844
80.44944
80.32742
79.23137
78.26871
