211.0228
108.7741
304.6754
303.182
112.0388
122.2776
187.3279
95.00762
96.3357
252.2686
187.8368
90.83503
521.5576
161.8735
354.3305
119.3556
157.1112
142.3901
468.715
144.0024
351.8054
337.5688
249.7915
219.0909
330.7195
183.0555
280.5217
102.1473
211.1029
398.0192
233.3259
183.2425
202.641
304.5026
163.4977
176.8426
227.3965
214.1323
202.0144
239.6441
103.0487
164.6366
144.6395
126.1367
85.07142
186.6959
259.7433
180.025
127.5274
126.5436
98.57955
122.4547
241.489
177.806
69.6633
154.0098
214.2726
124.1489
332.3984
171.4493
129.0165
230.5157
388.9395
150.9119
96.26097
173.5126
290.4406
760.0845
851.8558
96.55751
268.8135
91.17958
682.8854
101.9104
113.4661
164.7851
250.3038
123.125
212.3359
250.3471
168.8434
76.29503
135.9202
144.503
113.5155
93.78188
123.7685
48.57532
139.5035
189.3752
194.0986
292.3874
268.6787
205.7623
211.5058
300.369
163.5989
181.682
168.397
177.5789
227.9153
255.0789
176.3837
114.26
162.2431
400.5821
322.9542
305.7024
180.1176
242.3316
124.7535
87.21752
135.2069
162.7555
172.2007
101.2255
218.5122
202.3541
164.5499
212.6711
212.7207
327.7553
424.2081
135.7576
259.218
843.7099
83.87191
303.2223
128.4032
176.7532
314.5391
132.9833
120.0136
182.69
208.6548
145.1052
110.3502
145.3942
201.9398
186.1741
83.46898
148.8472
301.1375
119.003
138.9182
211.4621
137.6217
547.3638
90.85598
93.91792
315.3463
114.7661
206.7359
189.9421
287.2444
167.1828
433.8288
473.3112
227.5997
338.8119
175.8039
669.0396
330.0957
299.4154
271.4752
244.2648
579.3387
271.7235
237.4587
181.3419
301.0195
180.1965
476.498
230.393
304.4852
341.3953
279.8505
81.47711
708.7669
385.9742
171.9145
284.9388
312.3857
433.4113
109.9364
647.7798
129.7004
274.9793
758.1674
319.9207
405.9587
369.0336
561.2648
168.8627
172.9359
466.14
254.2271
212.7831
310.1974
279.1539
127.0614
310.203
258.7995
225.1502
275.5398
303.0504
1042.83
419.5275
320.7646
792.1763
532.6717
293.2246
370.9526
285.3721
248.4857
200.1497
497.0545
234.6014
132.5623
171.7649
714.6148
179.6706
753.418
160.5448
314.4124
351.8279
194.6233
256.0999
734.0397
305.5612
235.2206
581.6727
226.4881
289.6934
410.2251
421.7401
372.0708
275.3909
274.6123
246.2337
575.0908
821.3098
215.8694
156.8666
322.0781
230.1263
269.1695
423.0457
567.2328
198.9423
120.0364
249.0943
220.1994
756.3879
199.167
130.8189
278.1614
448.2054
405.3476
352.6433
252.1253
418.6528
129.6027
288.9706
405.7649
284.7532
295.1239
320.4002
382.3528
165.2214
499.0665
445.7132
193.2754
171.9788
186.5083
365.6596
143.3598
193.5327
223.0567
404.1907
169.9673
374.7778
737.449
380.7466
359.0201
249.8835
142.5426
285.0586
255.5132
559.7605
428.3485
616.6131
176.9848
332.8688
283.9837
154.1018
396.95
189.7633
183.1331
217.9205
196.8486
760.4484
172.5353
256.0793
188.702
146.7907
134.1066
208.2913
425.5744
210.4237
243.228
234.4951
178.44
171.6057
296.6821
227.6575
143.3504
603.6039
146.8391
113.2549
216.5094
187.976
154.0413
187.4075
151.573
229.2442
195.1384
129.153
241.4091
139.574
277.8975
393.7205
202.2335
146.0846
265.4683
181.8377
149.4168
118.7764
129.7797
108.2288
285.4271
77.48944
126.4335
346.8491
225.7986
234.6383
118.3739
105.2703
162.4919
44.04566
338.8732
54.98959
71.96592
96.28198
77.09267
93.51795
70.26694
237.0173
148.7897
212.0172
319.1263
169.7031
206.0856
179.3778
299.2874
88.46713
118.0548
356.9963
303.0118
117.0092
131.086
136.2088
174.8622
109.3204
126.8534
166.9775
323.6675
187.2042
140.1304
224.1778
180.1216
136.3935
354.8578
143.1044
53.47674
271.5719
80.7317
402.7476
92.00778
203.941
207.1604
168.9295
214.7257
224.9933
196.9566
682.7068
159.1668
119.6859
350.0872
253.9856
178.252
185.3655
154.7544
288.15
193.2083
254.8932
88.98832
262.9889
161.8725
111.5571
154.9736
213.3367
176.1003
167.0882
505.6908
163.3831
323.8043
157.1827
149.9211
397.9461
279.1432
204.0618
329.6778
506.0594
538.3839
397.2909
366.1849
645.7909
478.4611
265.97
335.9453
331.8209
300.0899
674.1443
180.1378
162.2938
214.0099
401.9486
127.5661
208.0135
149.661
184.2439
586.4512
156.4536
165.7647
299.2443
502.6977
182.3639
659.1041
179.129
660.338
189.5351
273.2964
381.7734
171.8984
424.7901
656.4143
229.8181
357.9823
662.7793
127.3278
130.4559
160.7358
225.4494
343.457
138.4935
250.5234
311.7285
102.8415
98.67812
564.2198
332.782
328.4412
256.739
211.6124
137.6568
163.0024
371.1171
365.1227
472.2094
312.603
161.514
204.5503
306.5362
164.9425
421.1959
276.5904
120.0059
718.8294
184.0847
612.381
131.1122
194.7383
218.3728
371.3507
417.7825
261.6005
324.3233
298.7309
317.818
