345.2173
169.4537
147.4299
339.2768
97.38476
109.4179
393.3136
178.3419
196.5878
426.6283
194.456
260.8475
276.7482
259.8359
446.1038
128.9741
253.4502
911.619
173.5871
239.1465
188.9285
633.9505
430.7384
171.3686
213.6309
536.882
415.8612
550.8749
329.0072
232.9212
248.483
229.0609
142.0553
198.2727
248.5613
107.0517
465.8909
127.9193
175.8174
181.777
318.6652
256.5294
226.5026
121.2434
374.384
91.54625
219.8922
237.1559
227.7293
123.885
244.4137
320.7429
237.4552
203.4181
135.9151
328.884
432.9913
227.4486
187.3152
100.5998
126.8833
317.9777
337.8587
250.1215
198.6823
285.0939
163.2714
140.3245
188.6532
174.5866
223.0241
284.0064
155.5643
299.1726
109.3112
159.1015
157.409
142.1297
110.0268
284.6403
121.7759
181.2667
239.8664
99.53036
210.7261
118.4747
104.5412
183.2871
258.666
170.4082
187.3049
261.8018
388.0367
117.6302
148.7941
106.1507
140.9664
212.5166
148.9195
420.4447
123.8792
120.5869
290.7692
133.6738
250.0035
439.659
344.8575
87.53443
545.6732
424.4844
301.7864
132.0589
163.7716
515.3325
253.8839
293.1493
144.547
105.2588
177.2022
279.9555
332.9923
226.9467
929.0772
222.1831
115.0714
169.4378
227.0844
153.0468
208.0229
288.978
224.809
278.5254
206.498
105.8428
197.9698
178.7041
251.4379
293.2911
179.6338
289.897
319.0637
218.2639
145.449
176.3826
184.4576
181.8807
206.2029
547.4179
436.8524
357.664
176.1495
103.767
109.0525
115.819
230.733
385.5328
219.1909
334.5692
396.8937
114.7387
350.4644
169.8298
224.1865
108.5098
176.0662
228.3539
393.3599
404.8834
302.8489
204.4638
156.0467
239.6933
190.5884
774.7691
316.6293
369.9806
256.4055
296.0649
755.2613
478.4033
493.7367
318.9732
191.8232
355.2014
485.2087
230.0949
314.48
341.567
135.63
309.7593
395.6456
328.1814
198.663
352.1714
734.4864
379.888
154.9796
164.966
232.3126
139.8019
276.87
180.0484
543.9317
314.4208
132.0311
623.5365
227.5692
182.8023
160.7118
482.7473
164.7696
195.8246
178.9173
213.2991
194.4676
303.5456
166.334
408.8084
329.8331
248.3444
206.3087
905.2776
215.2043
182.0748
406.3904
204.8719
311.2587
219.6395
151.4882
136.3507
78.85461
317.3219
625.3721
280.6606
318.2857
422.4971
500.0091
413.6408
355.0266
348.4246
188.8135
354.409
321.7235
425.4334
339.5582
409.2892
371.2196
208.5568
761.2881
194.7802
226.4564
137.9728
353.4286
314.6588
124.4136
156.5332
131.2429
542.5494
485.7303
322.1444
416.3819
114.1693
438.5469
150.3106
213.5534
795.0904
394.4719
351.6368
288.9972
197.8034
159.0783
112.1419
357.9113
809.815
173.9404
173.7902
145.677
229.8891
408.2208
316.571
519.0255
241.8903
425.7773
513.1556
557.0847
197.2853
507.394
173.2317
641.9267
424.8003
221.6562
103.7958
381.5134
191.8185
296.3136
124.7347
323.7016
499.3637
309.9108
286.194
299.7048
713.2525
588.2413
726.7393
242.3049
332.8218
320.2538
524.6723
140.6733
308.0083
318.1738
356.8771
337.7141
374.4205
267.1263
189.9182
535.0971
267.1488
722.6586
167.7483
285.4916
448.9677
298.2556
156.292
390.7389
268.7805
255.793
222.2068
553.4652
314.0926
363.8381
247.0216
553.9492
696.758
310.3795
760.9388
204.8649
221.3469
307.1945
190.1507
167.0543
485.5916
340.505
1259.861
415.1129
398.5141
412.7018
233.4759
237.852
175.4696
627.8064
467.7798
285.5301
431.933
298.6132
395.0144
373.9006
254.5192
235.5644
410.8275
354.2629
109.6239
476.0671
173.0897
293.1783
333.9478
310.3239
499.2669
599.2226
242.6394
557.418
234.1436
270.4299
369.2447
210.7574
268.1305
124.8541
144.9657
146.7336
391.1967
193.5795
263.9171
399.5745
164.7739
234.2508
207.9792
221.3034
258.9267
233.7904
146.5452
135.7873
96.06467
441.3507
164.1046
406.7401
152.9101
156.0677
234.5549
334.9008
312.865
280.0641
159.4108
184.8118
180.4561
175.108
134.9704
86.20365
209.4785
279.355
216.0207
423.3559
213.9728
158.1581
934.8048
79.55678
111.9774
259.8974
161.3468
247.9754
369.9925
262.6827
201.3802
181.479
337.9101
269.9359
260.1897
146.24
226.8394
135.331
233.8467
219.3476
291.812
409.5744
129.1149
205.3776
263.7592
339.4989
217.2372
341.7317
303.7394
294.0749
231.6036
162.6219
118.6521
98.08033
127.4796
116.9203
274.1512
354.7253
134.5503
170.4384
210.7664
240.4378
249.181
168.6256
139.3268
284.8127
185.958
202.304
147.8927
166.2583
213.3453
155.7213
348.9159
298.2984
255.1688
229.2546
119.8126
308.6948
492.615
424.9581
166.2057
445.489
118.1868
280.1319
257.1401
384.4674
269.5478
524.527
371.9163
357.3234
439.0301
322.9505
476.2518
528.8133
187.9351
543.6839
256.7182
294.9037
189.6838
118.9227
206.7635
273.0414
242.0205
1404.705
140.0473
262.5008
363.2471
133.1051
93.16555
