424.8658
218.3359
125.7831
167.5069
272.5845
365.8853
204.5907
371.2805
141.4752
187.9607
370.4269
317.019
191.2263
587.4277
400.47
164.0992
593.4874
492.8152
634.7332
206.1426
361.0709
132.3368
264.9318
379.8208
352.3424
119.0382
186.9179
261.1528
365.1273
442.8262
143.2634
331.9097
326.7387
176.9585
156.1103
223.7272
275.9429
199.8087
298.8005
278.4223
1120.336
286.2482
476.3372
667.6499
234.6808
310.6202
130.4348
390.3059
421.3394
235.3069
102.719
509.6481
272.9707
191.1525
240.5609
263.4853
438.4396
388.3785
306.6651
188.3697
164.2513
251.6506
382.7379
388.133
308.3479
285.5658
193.2326
382.7525
330.1991
384.2557
143.2789
428.5385
123.6589
340.9638
864.1046
440.6371
232.7663
453.8608
547.4638
341.142
535.4012
190.5269
111.0237
328.3315
485.1362
234.3582
201.5397
119.0382
365.7801
1433.507
244.0435
242.0054
397.3879
233.4953
615.0806
184.9246
228.4
146.9872
393.3426
485.9528
161.7459
187.0581
242.4558
437.9065
521.3527
277.2825
131.5521
230.1274
154.7814
184.8964
331.6209
337.3461
149.4592
226.3663
418.7174
173.4356
328.3897
266.7453
230.1725
389.2036
453.1085
437.931
547.2113
192.5837
205.3419
549.2521
284.5237
324.2068
568.0934
313.2658
229.3774
140.8694
206.8541
253.6816
636.8699
285.5242
333.5155
272.5883
622.3953
265.0697
327.4043
498.6222
118.856
279.3879
160.8351
704.603
206.8813
286.2062
603.5204
198.3882
272.7973
1071.106
187.3158
641.0016
405.4378
481.5607
1353.582
145.092
86.96419
78.10861
327.5232
105.8528
170.7039
795.8848
383.7031
179.1856
185.3542
604.4791
309.8713
398.7763
398.6465
464.8453
271.2143
251.2057
266.3653
188.0244
366.5626
274.4038
356.6769
458.5353
294.4126
194.0026
642.0185
615.9941
146.2252
444.1112
266.4096
273.5632
98.37112
259.5398
155.048
115.1655
382.5409
149.7233
593.711
1468
217.8256
188.6161
171.3099
334.0758
182.4767
593.0258
228.4569
222.3387
246.5822
152.4317
435.3808
518.9926
382.4211
260.227
374.5618
247.1786
138.8487
409.4429
699.6462
262.7984
316.2135
263.3819
187.8264
107.4852
133.6546
283.7361
222.4839
226.4994
305.8555
177.8625
143.2842
319.1179
325.7042
139.9643
447.2844
248.2289
288.153
129.1524
619.5521
353.6541
339.1734
239.5313
205.1787
166.1289
436.6659
465.7878
440.9735
181.8235
606.1324
173.2952
921.4812
182.8013
198.9141
195.0821
357.8297
240.539
118.4109
1094.502
642.3521
134.2997
229.3397
299.2772
252.0374
285.3121
318.5255
128.6115
190.8318
238.1267
556.5276
390.3654
173.0636
889.8264
916.3048
215.2394
217.9323
530.6918
347.6388
620.2473
364.1331
474.0619
286.1645
319.7643
557.2493
139.6461
200.6466
272.6918
126.5437
625.9545
466.1198
235.8828
644.7758
219.2617
237.1492
397.5827
279.5737
246.1523
172.0354
417.9896
212.5076
214.258
224.4545
239.1511
237.6104
104.9049
196.2297
155.3549
238.488
197.1826
294.8097
161.6518
263.3364
162.4043
783.5923
393.0537
229.3195
211.8232
221.7783
218.8169
456.8035
377.8428
434.2189
180.6405
282.3909
431.8319
254.8919
220.7184
236.5118
537.9837
236.9873
100.3016
213.3451
274.5766
470.9589
833.2763
151.9356
905.3844
278.6461
312.7153
136.5915
216.2164
372.8997
405.6512
626.0516
542.0658
294.2418
228.9606
386.1997
157.2625
238.9056
171.5122
297.5559
278.7728
234.5862
341.3257
265.9087
273.6568
489.0969
220.9353
285.2185
177.9757
222.6458
230.9388
428.7571
284.5979
170.3707
343.4741
167.6031
362.4257
224.6261
313.943
405.5184
322.1259
359.4427
195.5014
253.1898
183.4825
279.1937
297.606
259.5088
482.7639
224.7189
168.3908
227.6317
528.7692
225.4822
701.8432
377.4112
491.6013
213.0189
451.0654
242.728
249.0573
348.3486
161.6173
89.65118
90.3782
195.8913
299.6437
180.8409
298.7043
314.1701
172.9687
216.6522
518.6189
199.0349
270.4222
278.033
298.9501
369.4103
1470.033
293.8757
386.1738
116.4893
572.6068
205.748
1228.879
270.8596
375.8802
258.568
202.1521
596.7706
384.4706
324.459
307.7378
91.70622
160.0579
189.7241
363.1257
147.9777
233.7812
208.8174
245.4413
242.1346
264.4045
290.3592
315.6692
206.7571
347.7157
176.9393
174.7707
409.1488
399.406
244.9369
344.8807
301.1259
228.6993
334.7417
271.6561
260.5276
644.8783
494.6809
443.6809
221.0449
493.2642
295.8018
274.6111
479.0689
214.8648
215.871
306.507
190.5422
387.196
237.5833
238.1859
245.402
259.1726
210.8006
282.4501
220.6364
258.7459
201.5497
394.8722
200.163
211.7725
159.6116
193.1748
107.3738
174.3956
364.2278
469.3298
941.315
377.7686
155.4637
388.5956
642.8948
165.1121
422.0333
248.1894
718.1173
966.1032
211.5655
268.0841
198.9163
138.5731
371.5045
178.1087
116.2336
261.7636
242.2306
516.0542
217.3679
349.9195
260.2752
165.3959
