1047.203
1378.321
612.817
406.7453
1403.357
779.9431
1561.39
1168.102
851.3036
1441.072
1052.337
795.8434
2028.56
682.1439
2587.954
1730.064
977.7967
2159.129
482.0341
1785.021
1853.489
1428.902
1400.788
1547.996
1573.911
1194.633
2590.061
1388.87
663.758
612.1527
946.5757
1723.935
603.3359
2132.825
1367.581
1551.431
803.4432
1816.445
971.7725
573.2832
820.9012
1542.866
2015.013
950.6491
2264.659
1039.033
1585.419
687.2994
1133.937
2679.958
780.1779
1579.558
1312.396
1371.968
2639.666
2523.901
840.9816
1109.666
1331.742
1321.567
802.9944
836.9547
1101.92
1789.841
3260.614
1653.392
623.2471
2094.371
1429.026
1135.765
1443.497
964.5996
1047.615
2190.992
2210.678
1770.363
1080.486
1412.141
1056.331
1593.145
1428.795
1379.769
707.5256
1601.633
532.4233
1532.676
2856.704
1100.654
1862.979
1023.743
1134.202
638.2299
3574.163
497.0838
2672.148
1112.236
905.0295
1226.523
779.8733
6188.025
2304.75
1543.95
1619.481
1919.828
2192.769
1633.847
815.5416
1473.369
2318.378
878.2592
747.191
1794.982
787.9343
1229.391
1748.04
1324.695
1368.411
1026.329
1340.442
1132.1
1537.096
3897.468
2761.313
1372.244
4454.769
811.6337
1774.316
1233.572
7952.295
1500.553
3027.188
2303.636
1703.091
2655.064
548.6909
921.7885
1585.055
1341.043
908.719
611.1035
1036.251
2155.631
2020.007
905.195
1091.616
1651.34
1049.037
2225.953
607.0674
571.6878
3554.525
1907.939
957.2934
1566.392
1514.624
577.8029
1039.111
1210.511
3939.418
3274.354
342.0642
1245.157
2656.348
794.1194
1736.842
1695.228
2204.178
450.95
2206.066
828.0705
1066.871
3054.564
1971.245
1049.414
721.3057
5894.773
970.1495
1674.571
827.527
1149.665
827.209
2056.275
2400.991
1779.606
1559.323
758.621
955.5915
1201.917
740.8839
1255.512
1712.201
1804.007
2082.541
3594.445
2128.142
2297.658
3258.371
1673.892
3587.012
1183.527
1526.424
940.542
990.864
2211.472
2554.933
1233.386
2845.41
4184.757
722.7078
2230.881
791.5464
1133.45
4014.393
1338.723
979.9872
1789.891
783.335
1224.417
1641.596
827.0332
1454.771
2306.571
960.0848
752.0656
1024.906
1627.012
1402.451
1553.185
1378.008
1212.308
573.3628
2515.492
907.9254
443.9131
789.7491
2445.17
2061.856
855.5158
1036.575
1200.954
688.4844
586.7928
901.5181
1701.75
1304.466
1176.861
2734.89
1158.817
1313.42
1043.633
2461.47
616.7929
2235.722
1577.66
845.9665
2291.046
820.0836
2149.748
2690.723
1676.21
3593.567
1991.537
809.5968
384.2937
1621.263
2841.852
705.4121
2121.829
708.9154
823.3825
727.9871
5726.28
1037.166
1873.126
849.1643
1042.369
651.4854
1233.848
790.6573
643.8847
1230.336
842.4342
826.7284
2749.485
1695.191
4115.614
1409.524
1016.745
610.1516
749.0676
859.5771
1053.903
882.4516
1872.921
1503.638
673.809
648.135
1006.766
1006.862
768.8502
586.7776
912.704
1821.936
1520.244
808.7771
1188.176
817.3486
1787.771
1363.47
752.9764
718.675
1236.566
1669.178
2417.555
972.8408
876.1943
1073.862
2763.974
1160.8
2367.989
846.256
1624.567
664.6297
1402.93
1251.725
886.1849
1212.808
2173.842
2794.214
1232.592
1663.755
1024.406
1344.59
575.0658
1349.848
1014.112
1731.648
1640.992
1268.425
787.6347
1083.13
1257.884
842.5542
1038.322
613.4746
1334.32
880.2896
996.4602
964.9445
1110.088
1633.019
976.7198
872.5542
1069.179
884.0604
939.5786
1027.075
1265.406
737.9825
808.026
804.7352
741.4524
456.4612
2449.528
2625.912
542.444
1528.443
955.2459
1364.869
1831.183
1100.818
1431.982
1139.627
1739.848
1310.416
1254.743
1113.944
1671.537
6555.128
1721.252
2597.443
1015.293
557.7172
1319.396
1002.122
2125.331
2165.381
2038.236
954.5812
2116.575
684.1889
1792.13
1096.174
536.5945
1565.507
2002.284
2414.204
1107.995
1302.416
498.3017
1209.47
1047.879
1011.047
1763.735
2184.214
914.5907
1359.98
1644.221
1211.997
908.7371
2022.696
1171.904
2128.593
919.1188
1003.696
1250.09
2195.845
1642.237
1643.885
898.2833
1024.516
5772.464
2215.167
1052.398
945.0811
758.6014
1928.764
929.7347
487.6724
2177.775
907.3024
1104.681
1431.444
1035.241
1182.961
929.8854
1596.563
1414.201
2022.957
2011.418
753.8647
1637.523
538.7369
629.3495
856.5874
772.2268
1856.742
1412.84
735.1755
3284.676
800.6497
579.733
1828.79
1803.952
1760.769
821.8541
1152.323
1000.026
1025.133
927.1121
1102.843
1084.91
2785.344
1049.575
2702.92
1070.203
1294.943
2931.574
1039.626
2376.535
1459.266
738.747
1621.501
3419.878
1259.796
826.4469
1063.068
1772.926
434.822
2460.788
1819.533
1313.25
1449.405
881.4199
3623.471
4631.626
1234.225
838.2916
3160.112
717.2946
1091.085
1364.011
1801.153
1656.831
2105.983
2283.875
838.3125
1496.426
1005.461
955.5906
