1058.136
158.1869
386.8466
224.6356
277.3494
291.8408
361.2478
151.4309
869.9955
319.9543
183.4337
263.6835
191.6208
243.0978
482.9376
469.58
567.1136
390.1482
285.9107
396.5587
492.6842
324.6053
291.9653
297.5674
335.8933
150.985
291.729
650.7854
259.6006
332.4771
259.1315
975.009
344.5097
495.2776
228.9288
185.2489
110.1028
154.0516
1459.846
305.6467
404.7745
220.2384
268.1288
441.0635
171.0597
217.0215
191.0716
487.4504
171.6741
251.5948
256.2971
1393.19
175.5916
361.7168
165.3401
239.3234
318.1445
271.5587
118.8988
214.3108
338.2399
741.858
276.8147
304.0425
220.3694
438.9201
208.053
164.6579
105.4161
125.1469
244.5402
158.4458
292.8825
436.4909
815.7953
475.9024
280.7417
313.0187
314.4566
313.4756
218.9808
578.5592
339.021
571.7805
425.3098
418.4392
220.9242
298.1707
254.1005
414.4235
365.8308
140.2719
319.5257
140.4466
232.9365
181.2071
180.3592
324.9389
299.1663
449.1425
1737.232
328.4126
341.5332
258.1999
498.7352
327.8423
303.1924
216.8992
664.8732
297.9239
246.0726
347.6594
430.4842
620.892
467.2742
464.5722
264.9359
244.6625
447.1886
176.1181
246.9274
191.2683
212.6476
301.3988
224.1594
246.9747
749.5162
191.2865
452.9191
553.5432
922.2384
165.804
159.3517
692.9571
328.7814
532.4178
317.8374
318.1854
367.6812
456.4345
749.5617
190.6112
354.1563
781.1225
182.3544
302.5715
158.3698
129.0576
176.2888
195.5015
339.6882
190.3453
653.7543
452.7519
573.4773
633.8066
297.7386
234.8814
528.9363
285.4456
249.0059
261.8249
679.84
398.4297
227.7666
251.9465
172.727
402.8024
462.4906
179.9421
436.8797
301.9604
264.076
243.7504
318.6251
208.9418
598.712
237.9268
181.1838
583.194
369.3101
285.4434
198.3227
177.3236
2134.564
735.92
179.7634
791.57
179.0542
177.0234
135.0334
140.7875
363.4269
217.9163
1083.617
137.9902
275.7943
809.1803
222.417
277.7498
272.2844
330.1965
151.3754
265.4084
182.8359
305.7721
533.6553
205.5902
191.0625
335.6211
330.307
363.3643
216.8576
171.4178
169.142
331.3534
209.5553
287.2341
271.8564
216.0856
692.0164
293.8026
462.6015
311.5428
288.9029
244.5805
702.9032
208.249
499.7122
155.3578
460.7093
93.99432
207.343
416.1569
130.7419
164.3722
499.2228
294.3163
467.6548
250.7562
291.4974
188.9969
181.1655
351.5722
141.4622
521.5345
276.924
435.389
306.7319
678.1509
174.3798
376.3904
197.5968
271.9763
333.4124
237.7702
366.9985
230.8839
272.1323
189.8446
179.4041
173.3012
439.8321
397.6616
417.3907
271.4778
200.4766
220.5316
144.0506
208.2421
327.033
519.5943
491.7883
363.4829
325.8236
203.2216
193.6728
249.6888
291.9294
258.1632
662.5111
288.1486
1319.48
438.142
332.6234
420.0422
499.4518
221.3651
256.396
309.0367
400.754
316.8508
314.3585
207.2625
210.1956
376.2135
211.3222
447.5271
1192.994
106.9802
210.9495
350.1774
326.6751
254.1732
538.3524
218.0162
546.7641
224.0539
208.2523
228.2947
215.6487
257.8383
262.2673
357.009
362.244
343.7015
994.6663
197.6548
381.9746
244.6484
168.2281
1054.153
316.6771
312.1095
384.4686
189.2998
356.2005
229.903
513.968
206.2337
127.7876
266.4054
236.4606
137.2467
202.1722
366.2894
314.9185
215.5687
375.5122
1357.285
238.8925
196.6704
158.6341
215.6055
203.9622
1364.918
245.7491
185.8998
738.7943
203.8847
151.2429
406.1676
730.8471
800.0296
899.6075
394.552
419.3835
407.5968
265.9838
392.9237
441.4933
322.683
486.8738
363.3624
195.6292
126.0947
781.815
200.915
477.0976
386.433
225.588
158.7829
160.7602
180.2168
168.5758
146.4433
400.5284
729.99
338.6198
188.743
404.7464
229.1665
309.5762
222.7577
434.7721
205.9901
940.8822
285.1323
177.35
343.0533
517.3745
200.6107
1560.977
505.1898
272.9838
156.0256
365.339
303.1734
714.6216
397.6356
304.7496
129.8823
448.287
224.7027
796.8933
475.3609
201.8373
694.0966
159.5245
361.3535
422.7723
337.2835
489.7929
255.5403
500.7702
329.173
272.3831
226.4751
302.1123
483.5292
672.2867
579.1266
387.2481
353.0569
416.1801
378.2608
456.9315
924.1721
281.5616
228.2328
411.5297
740.1284
345.9987
253.6276
235.2577
316.2243
181.0731
155.1313
288.1341
585.0779
139.0964
285.8478
214.3527
260.4243
237.8786
1191.655
164.3095
245.5619
343.6579
145.7519
243.4246
188.7026
430.9149
340.843
413.1705
204.7905
201.4059
341.3954
239.4682
524.4081
312.6972
356.7019
174.6256
333.0435
357.0949
584.8806
378.277
237.3434
660.73
321.4566
152.3249
167.284
305.7838
326.287
245.0644
180.0431
345.9771
206.6692
561.5161
222.3261
313.529
195.9265
393.6737
484.3119
773.9178
1045.29
202.4273
240.7132
392.6099
306.8026
712.9111
507.4781
297.0833
216.4077
349.296
191.8455
194.3741
121.8666
423.1118
186.5126
