88.76225
89.80936
90.62183
90.68477
88.84371
90.39101
91.30959
91.49769
91.97895
92.31238
92.04063
92.27048
90.54269
90.04588
89.93902
91.39655
92.26381
92.75192
92.27064
92.08902
91.0683
90.77382
90.55316
91.33442
89.35564
88.95625
87.19264
86.29813
87.08929
87.98807
87.40109
86.91867
86.36687
85.07813
84.78441
86.27781
85.02671
85.911
87.09318
86.10336
86.695
86.35665
85.41023
86.13684
85.01345
84.7969
83.79624
84.8083
82.97863
82.30898
81.23719
80.9459
81.04153
80.77189
81.70039
80.76317
82.47535
82.60874
82.24985
83.53099
85.47057
85.07733
84.98249
84.69542
85.45185
83.87751
84.19002
84.45591
84.87749
85.97495
85.69769
85.93383
86.84795
85.5925
85.86346
89.07528
89.21685
89.65116
89.94415
89.74224
88.82628
89.00803
88.59632
87.65325
87.3528
88.25067
89.94565
88.85687
89.1542
89.98913
90.42882
89.05318
86.92075
87.52497
87.69502
88.71884
88.081
88.81839
90.08244
91.86563
91.60707
92.11171
93.0116
94.00422
93.93249
93.56064
92.00789
91.70952
90.51869
91.05345
92.07179
92.97848
94.16712
95.28004
96.06193
96.02201
96.68996
96.69929
95.20951
93.98529
94.86496
95.78236
96.03846
96.07027
95.89278
93.50705
93.54947
92.69428
93.05051
93.46294
94.86897
95.44356
96.12692
95.48493
94.54518
94.81531
96.03813
96.58356
95.94863
95.98772
96.42153
96.22594
96.01858
95.10398
97.26336
97.6976
98.55451
97.91404
99.79668
99.83255
98.09731
98.0484
98.12016
97.24058
99.39835
100.3808
100.4362
99.86409
98.86578
98.93642
96.95039
96.9935
96.20211
97.40301
97.30616
98.38912
98.8317
97.51632
96.96915
96.97726
96.75209
96.77561
95.94903
95.98782
96.63858
95.3214
93.6776
94.23067
94.91332
94.88382
94.60888
93.6153
93.92917
93.01814
93.17373
92.50123
92.40274
93.57364
92.04806
93.38822
91.78608
93.04296
93.58176
92.79908
92.70817
91.65831
93.29436
92.54643
93.26276
94.57498
94.49086
95.508
95.2161
94.70656
95.05127
93.98547
93.44145
95.3273
95.53995
96.38563
95.34617
96.24844
94.99183
92.75123
94.0962
93.79726
91.93312
91.9537
91.55543
90.18386
89.91944
91.25299
90.83393
89.97826
89.64205
87.94151
89.44379
90.54027
89.77589
90.78884
92.63848
92.78445
92.31059
93.03471
94.32447
94.65103
94.92352
94.72962
94.79099
92.35604
91.2763
91.44666
93.09683
91.34557
90.17814
90.0782
89.57084
87.84123
87.65004
87.51685
87.918
88.99865
89.15473
88.42087
88.79554
88.55096
87.68151
87.02845
88.38188
90.23347
91.12159
90.09714
89.87704
88.21112
88.5295
89.49747
90.57778
91.75739
91.89176
91.62977
90.971
92.58537
93.652
94.19252
93.05233
94.00422
92.33673
92.27931
90.78348
91.58745
91.99294
92.12686
92.32826
93.40001
95.86619
95.81756
97.18973
96.0523
96.71706
95.66486
96.84961
96.18139
95.23515
95.5978
94.51339
93.12729
92.23199
91.53017
89.68844
88.31126
87.04238
89.19513
88.80968
89.22491
89.304
87.57358
87.56032
86.95569
87.21697
88.25279
86.73727
87.72603
89.05015
90.17033
89.60816
86.76504
87.21852
86.08941
86.69082
88.24449
87.56652
88.09934
86.7443
84.95024
84.13672
84.10804
84.71438
86.01955
87.28038
89.01221
88.60857
87.33998
85.81768
86.42456
85.29737
83.98424
82.8709
82.37841
80.88589
79.88629
80.72279
80.37774
79.9794
79.38648
78.63475
78.1963
81.29754
82.18392
80.00509
81.95939
82.11243
84.29635
85.60808
86.55089
83.65288
82.68453
83.80063
84.01706
83.36066
82.45449
82.77263
81.75355
82.85307
84.11224
83.83421
85.15454
83.79625
84.70199
86.93708
88.86704
88.57849
87.93294
88.89984
90.47098
89.88304
88.51598
89.39186
89.33158
88.75161
88.42031
90.07497
91.56051
90.54881
92.37452
92.87789
93.34301
90.48229
90.08583
90.38255
90.7604
89.49716
90.10744
90.25884
91.82239
90.8772
91.23203
91.36817
92.47314
93.2129
90.59474
89.09386
89.50361
89.62998
90.2305
91.93289
91.7379
92.86064
93.08506
92.93573
94.19185
95.80093
94.77632
94.07138
95.54783
94.35038
94.48296
94.76937
95.69294
95.70781
95.72191
95.28808
96.11623
94.81014
95.8503
93.52618
93.74391
91.48014
92.72604
92.85032
92.63886
92.64774
91.74432
93.81714
92.58931
92.66121
93.10253
93.11362
92.95572
92.24305
93.57987
92.94343
93.37535
94.19064
94.42962
94.89789
94.66239
94.46297
94.09045
94.6172
93.21857
92.27346
92.17006
90.97472
92.33159
90.1197
91.40762
93.41988
92.7959
92.11929
92.23747
92.77667
94.33711
94.86079
95.97072
97.4979
97.49124
97.31774
98.00395
97.41492
97.62217
98.65322
97.99862
98.03587
97.67083
97.39152
97.1415
97.12223
96.35869
94.52899
95.50184
94.83569
94.18583
95.75722
95.86315
94.9822
95.92368
97.38369
97.13169
98.0363
98.0652
97.00631
96.96283
96.97343
95.6882
96.88643
97.68913
99.88484
100.1356
100.9747
101.6855
