726.1478
694.5759
1316.063
1445.71
925.7421
926.5255
1849.51
1061.052
940.1513
1128.928
1923.968
537.1411
1945.676
1137.546
3339.506
922.841
1183.984
887.493
1562.06
1470.214
1549.989
2868.053
698.4222
1748.814
1115.865
747.8002
678.785
1991.311
528.9092
1638.297
2299.681
792.3736
1093.303
728.4842
746.5851
1538.61
643.6903
1381.693
750.436
1474.027
1704.731
719.0774
1536.864
1312.209
598.761
1801.337
652.7103
372.8524
572.4847
2217.177
1001.442
897.9816
1278.123
1834.26
1099.534
2307.58
952.9677
1159.97
753.9383
1598.694
1745.901
795.6894
763.8218
474.9806
950.8716
549.2299
849.7235
1150.306
1074.738
625.3171
1398.004
2241.747
1669.317
7755.803
1281.378
1120.007
849.7657
958.7235
621.7167
1107.921
853.3041
1051.336
1116.556
756.0807
484.74
937.378
1108.212
915.4827
955.9389
1520.576
467.738
1169.398
710.2205
1970.715
1913.822
799.1595
1339.614
1553.614
414.5765
1451.676
728.2627
1075.034
2279.958
1135.555
792.7781
738.5312
1087.521
708.3097
1201.214
1285.48
1012.37
3506
1190.221
3393.348
970.968
1608.055
1241.65
1248.555
1333.275
435.0894
755.9177
1270.39
1008.995
692.6176
561.5645
1160.186
1039.343
1414.626
625.2977
1643.502
742.572
806.0258
590.6904
1102.374
1589.294
961.6631
1525.293
699.3251
604.8669
1433.514
906.6217
912.4905
2857.675
892.4531
626.6622
1996.371
789.2433
1145.25
764.0318
862.7722
1027.329
1595.93
1359.393
1354.96
1082.504
415.625
594.1913
2051.448
1493.178
1184.129
788.1943
6023.628
1799.135
1739.048
665.6572
3490.986
532.6484
2323.448
759.3628
1027.461
809.1351
1100.621
869.0775
3045.793
719.4469
1403.277
1141.213
1585.131
552.6809
2969.974
866.2221
1173.691
536.0225
981.9118
452.3385
684.1635
1153.191
570.5122
851.7026
453.2328
4352.558
465.1115
453.9079
1159.173
535.8676
585.0697
594.7194
6379.752
2394.926
2172.333
652.1705
931.5561
1083.31
883.4693
1048.148
1030.684
2492.863
465.0206
942.162
995.1377
2412.448
772.1241
631.5544
4348.006
1438.539
737.7261
1390.336
1472.929
891.0879
1026.192
1106.85
1520.302
2378.704
1153.325
1440.949
652.4904
690.6106
940.7865
1267.4
739.3578
1392.591
1178.177
1200.844
1723.717
1810.929
3864.254
1875.636
1443.429
1832.833
1395.292
1498.885
2687.621
928.9901
842.1864
883.5058
968.5879
1523.87
1147.259
1186.14
935.5141
1009.363
1441.637
2426.7
1026.03
669.7886
1391.957
1086.842
1941.511
987.7847
665.3127
865.794
2683.573
1813.33
1397.372
2476.344
2847.093
2572.864
997.8821
1031.607
2017.376
667.4727
2995.772
919.9018
757.7205
3094.174
3740.991
864.5483
1054.223
372.7179
918.325
805.7997
773.467
863.9944
1781.232
797.1324
1548.92
822.7497
1285.972
1025.795
1562.062
732.5095
1183.592
486.9476
2323.24
772.9851
722.625
398.0611
1890.16
879.52
1267.424
1606.343
683.6943
984.747
1437.748
522.6
1158.844
1180.568
1349.454
1853.417
712.0172
1473.648
521.3397
2756.695
1454.568
1096.634
801.9079
596.1093
792.4233
935.41
432.3139
2824.421
719.0452
781.4458
1327.652
779.0021
842.6424
798.8931
1365.375
3213.909
1629.448
738.0309
617
1064.797
576.6299
960.8314
990.8945
868.1838
1495.817
946.9639
654.0012
948.7331
1080.09
427.5982
782.617
1205.77
1079.54
2724.465
670.7805
689.6502
755.0968
1159.601
614.9305
706.1827
1106.617
1588.607
1078.834
1369.599
812.9218
427.3093
999.9441
1464.778
1068.744
1588.54
3603.969
635.0214
840.8543
2110.88
841.5875
1789.093
519.7183
535.8687
2943.91
289.041
1106.144
589.5355
874.2472
1525.001
1253.696
5808.093
1246.013
470.6808
612.5274
654.6493
1753.109
1231.241
625.1638
742.2111
714.555
1623.637
630.6134
549.3536
408.4022
1262.874
730.1394
421.4289
938.9025
1219.142
712.3875
1585.265
921.9106
1328.306
1184.853
748.8363
478.2953
1416.948
1324.06
544.1685
1325.408
1319.909
673.1009
1660.209
644.7145
1064.665
1735.318
1833.827
467.4314
597.9675
565.0028
589.1677
462.7276
1090.23
499.5891
668.2964
513.57
774.7169
886.7146
1104.405
495.3969
1378.311
325.955
476.4346
1770.496
1281.377
830.9608
2980.618
2924.916
871.1941
927.2073
762.9202
596.2204
878.1678
1818.532
1828.027
1396.34
1247.211
899.2162
1157.882
1279.616
629.9666
1505.149
578.8937
2165.505
1560.077
987.034
870.3991
1795.027
799.9404
1295.931
1022.4
399.9698
731.2517
953.4692
1401.622
3270.873
812.2396
556.0752
1177.569
480.4217
1447.155
736.6176
828.9181
588.3566
3755.742
1749.815
773.407
814.6999
693.6055
1867.198
1325.452
748.3005
3318.737
1563.365
1274.627
552.8246
1295.78
848.0158
753.9656
1261.3
459.0554
1207.059
482.5112
773.8563
2886.082
944.8113
1579.7
1703.007
1263.323
1218.445
1719.586
673.587
