191.5576
486.2424
108.8363
288.9782
111.8187
223.6572
133.1714
144.786
447.3187
176.2616
480.5149
274.9047
420.0907
347.1573
180.5714
224.877
243.2345
233.9567
341.872
351.4054
689.4203
387.0836
527.6125
143.1589
249.6165
316.9585
232.4524
275.5431
306.8287
152.8274
150.558
277.5478
144.001
786.9523
201.5796
162.2831
102.8552
194.0392
208.4039
240.6715
705.472
166.2339
315.6147
331.5933
227.422
124.0403
129.4595
347.7022
612.4937
391.9849
141.7051
150.8085
241.2105
134.6825
118.2026
276.6784
236.4201
71.47283
166.3352
158.5724
345.7193
160.4218
250.6825
365.873
214.1088
223.7331
416.4287
124.4206
376.3881
202.9542
111.5648
106.4996
78.24295
156.156
170.4181
356.1951
247.9416
335.4308
110.9122
428.9264
200.1927
265.3645
259.9523
145.0021
260.8853
139.625
262.3456
433.0577
229.4644
150.8638
868.3548
358.9642
281.0386
139.3112
251.2076
147.1946
125.582
356.4188
484.5804
1017.391
144.341
262.5849
137.5133
1343.154
221.9949
375.2155
933.2577
317.8353
265.329
116.0668
273.8405
349.1489
307.283
455.3677
170.6152
222.2025
344.266
260.5599
153.312
387.4071
398.6877
216.448
432.8677
121.3409
201.0679
1042.058
1381.528
295.8605
357.3087
238.4241
538.9045
270.5254
246.3667
691.8306
264.4293
282.9657
556.5359
134.5985
154.057
210.4999
165.7474
232.5671
557.2923
615.5709
360.7839
123.5603
301.5149
174.2107
286.2409
282.3251
261.2185
169.8392
212.7299
621.4634
304.7748
154.8491
439.0422
150.2814
120.0183
385.6768
137.717
292.0363
230.7382
144.8651
215.4474
128.9341
297.3321
84.06911
247.4336
1069.597
112.3525
407.8326
153.1667
79.40893
178.3262
220.756
442.5133
177.8531
253.0511
758.062
663.8901
249.3826
371.8461
443.6254
230.7275
337.0035
408.9006
149.1837
407.695
260.351
325.5782
185.4953
272.0362
145.6147
187.5595
375.2327
545.3292
269.8734
279.9843
166.6231
283.2897
698.52
177.9853
270.1003
452.4816
170.0902
188.6824
112.4564
451.9742
309.3779
346.9445
365.3354
236.2292
217.9122
177.0362
208.8352
242.8268
204.8723
203.1411
108.3256
98.45562
187.9902
244.0116
128.8653
226.5752
210.7633
167.3204
149.0786
151.9944
143.4785
330.74
191.9978
143.2963
221.57
874.4879
295.0578
133.0856
352.0573
266.3719
370.2109
195.1994
224.6399
263.4854
171.982
174.1189
236.663
233.2762
176.0812
107.4134
255.1363
289.7504
118.3423
115.4134
303.5832
404.0698
125.1679
143.1077
185.4723
632.3681
218.6861
114.1734
207.2085
120.6236
460.4879
199.9137
74.36707
124.6465
597.0617
338.7237
201.8344
209.5223
245.327
116.7962
166.3076
181.1817
434.4021
213.3535
174.9178
107.0593
155.7111
119.2837
278.8461
178.8032
250.6464
192.299
226.2597
266.1953
188.2674
118.9485
108.0445
506.1112
305.6919
100.79
252.8544
354.8647
98.19231
213.6767
221.9724
279.5472
320.1818
182.0379
131.589
271.6134
354.9101
119.4953
192.4726
180.7452
415.3199
210.8472
235.1042
253.8725
128.479
153.0887
348.7479
181.395
180.0026
141.4926
138.2603
296.8548
307.3062
234.0416
416.7719
147.0283
157.9545
145.5721
289.1709
260.7987
407.8824
222.9169
122.5653
204.1923
404.2866
336.0596
501.3918
210.3207
232.441
181.5877
349.6986
284.6948
204.6592
125.2833
258.4659
166.956
201.3181
284.1624
361.9592
210.1491
178.79
144.8312
229.2816
191.7566
171.4814
226.2438
118.7501
176.8687
187.5012
166.7948
238.0215
149.8879
366.7764
100.7053
82.94698
528.1093
260.1119
198.3015
187.988
227.9362
175.5807
182.2014
212.084
140.2374
337.4265
252.9694
369.2798
291.5544
173.306
516.3388
613.9033
224.4912
177.2542
219.0829
173.4081
257.287
893.6604
181.966
182.4297
173.1526
680.927
483.0314
164.0605
196.4086
245.8293
150.1731
260.2761
285.0328
924.7311
280.8416
298.1273
247.5221
335.6313
195.4509
214.4089
626.9936
201.6547
559.2431
237.287
319.4239
310.1448
162.9999
152.4554
510.7116
358.5496
334.7087
275.269
190.0246
142.1478
681.142
143.0227
203.7965
611.2014
299.7054
650.3891
233.0168
169.8186
386.2974
340.5506
674.3579
227.1101
79.88845
273.375
280.583
352.5594
802.9313
242.4589
194.6452
336.6221
139.5554
636.9911
474.9885
272.2119
395.1037
247.4104
267.8263
371.3859
244.5835
638.8479
141.0863
335.8528
92.52541
183.8226
90.54172
253.3549
103.0077
269.374
365.5835
109.8034
156.0173
357.4163
165.113
344.4456
266.5465
130.1049
172.8644
259.8
259.6875
222.7003
191.9512
422.0213
231.9136
234.1377
193.274
258.1988
123.3433
85.94704
163.2345
228.1165
115.9093
159.9696
358.3016
288.9582
273.0779
112.1433
138.0638
149.3407
335.6587
230.2371
102.5934
359.4325
181.2787
305.2324
98.30061
177.7713
261.6245
325.2925
245.8987
299.0287
107.2288
95.31398
220.9599
202.5111
