29.47922
21.37132
24.94141
18.72638
23.84484
21.29844
18.14122
22.32595
19.62107
15.79195
13.94013
18.81272
11.85016
12.10282
11.599
12.63386
14.57119
19.16264
16.04585
18.1374
18.10988
20.31551
20.28504
17.09971
19.82548
19.43115
18.85861
17.44018
16.64645
13.05422
12.00656
11.28025
12.97698
11.30165
13.055
14.81705
13.90002
11.21846
16.23133
10.93301
10.92197
10.51505
10.92537
13.28858
13.86464
10.80792
9.877148
13.08088
11.6403
13.66012
12.63624
13.21213
12.98894
14.94819
17.82236
15.66767
16.8828
17.43456
13.66649
9.841559
11.43234
12.1189
12.88748
14.39645
14.83991
12.10231
11.28616
14.20627
17.33361
13.09605
12.60778
16.15047
17.53558
21.95529
17.0646
16.65023
15.40295
14.90552
15.61937
17.66645
14.20632
11.76619
12.6408
10.93089
14.4796
16.14887
17.37719
13.7846
12.02039
8.0089
11.66511
12.25864
14.10345
12.59466
14.24924
12.06107
15.60406
12.02985
13.36421
11.67835
16.19802
15.88242
15.07298
16.71607
16.66061
12.99301
9.171174
15.39172
14.28651
13.63935
14.57955
11.03839
8.457269
9.874367
11.27344
10.27384
9.410939
12.25643
14.02762
11.43508
8.337229
9.758076
11.22705
12.07482
13.31532
12.10539
12.63283
15.45053
15.15624
14.65365
8.638806
13.21842
13.47259
14.51903
15.46569
12.49914
13.33505
15.85747
17.37173
18.70614
18.62183
17.36666
16.05802
24.20325
27.13482
21.18532
15.18144
12.78642
14.41712
15.54157
13.74541
12.47977
10.97825
11.35748
12.62729
11.12194
13.32588
14.02272
12.05182
14.1117
16.2506
16.42996
15.31288
12.97725
13.72655
13.96766
15.03114
15.21478
12.88388
18.34129
14.08832
14.95538
15.2905
11.42599
9.478069
8.906114
11.7665
12.72728
7.187122
9.571708
9.122541
11.42825
12.83535
13.18122
21.23574
19.787
18.02641
17.81213
14.85746
13.73653
16.97555
20.49007
14.08758
16.57453
14.3632
10.37327
14.46892
13.59022
14.64942
17.97463
18.91813
17.42563
14.91374
15.77018
14.70147
14.30835
20.17518
20.20954
19.94276
17.2387
14.62864
13.92902
19.95912
25.66857
15.94345
14.44728
11.10495
11.10648
17.0465
21.28702
16.24237
14.60293
17.26712
15.20424
16.46386
13.06844
15.71449
21.91672
24.18295
19.0021
13.45275
9.362517
9.857573
12.5874
15.09306
18.80693
17.76609
15.05169
15.72765
13.45762
18.63186
17.97701
11.48745
11.43726
10.53694
10.0344
12.00637
13.367
14.03928
15.0451
13.43878
12.50671
15.31017
16.84946
16.46303
15.73531
19.25194
24.21272
19.64942
15.01117
17.83799
19.4066
17.78983
12.18528
9.65701
11.34622
11.67415
11.66761
11.69691
13.32681
11.93175
17.18012
16.65838
17.60088
16.53311
19.48978
17.0829
19.10988
21.41364
17.80369
13.1216
12.01823
12.61382
13.19201
15.34665
12.12707
10.40414
12.24743
14.06882
19.00565
26.09737
19.60984
22.4123
20.7816
22.61275
17.26941
18.71484
11.05861
14.34375
14.34044
15.76525
15.12404
18.38227
11.16639
11.21212
8.844959
11.3549
12.56336
11.0065
11.92667
14.50799
15.93218
15.85351
15.9788
13.24223
12.99014
15.04001
17.21405
14.22255
13.78229
11.29979
9.524059
10.38483
11.05016
11.09677
11.31114
12.48156
13.46282
14.66994
11.08796
11.88502
15.78928
18.42681
18.91208
13.41185
15.17972
14.40613
17.26043
14.47292
12.6103
18.34438
14.43701
12.72614
14.46303
14.49266
15.67506
18.12134
24.79312
21.62627
14.94507
15.07572
12.8561
16.46946
15.49064
14.61165
14.24825
17.52895
21.00567
14.44257
12.83859
11.43784
16.82597
21.39456
22.83193
15.18299
11.93794
12.24358
13.88293
12.67229
10.76121
9.630472
12.30185
14.6283
13.13235
15.42691
12.64878
10.58548
14.44075
17.28626
16.26427
15.8814
14.13692
13.60084
12.54909
16.44385
16.21241
19.73934
15.18333
16.77797
14.40553
12.54901
13.75713
14.99504
14.12061
13.65989
14.33847
10.67288
13.25849
19.84157
20.98792
17.25924
11.68042
14.20515
14.92111
20.0258
16.49309
15.66533
11.20185
11.03929
16.86072
14.26697
14.08838
10.05474
13.46723
13.08828
11.89457
14.43017
15.72575
14.93454
12.70502
14.13559
12.9174
11.42874
10.3437
9.653643
6.542109
7.737562
8.98475
8.977899
10.71947
9.919398
10.73505
14.3418
13.3989
10.39936
15.07709
13.35185
11.6674
12.04624
15.25339
17.91319
17.63434
15.84138
10.02238
10.28405
15.33783
13.18743
14.39931
12.77255
14.05511
12.15967
11.17897
14.29068
11.97942
11.70396
13.16394
11.21417
10.16221
9.387828
9.866956
10.34011
13.74526
15.20483
14.39347
14.00633
16.70173
18.11453
16.62197
13.15716
11.29991
12.32921
14.00905
10.81466
12.03665
13.53803
14.30646
16.35119
16.44299
16.81808
13.81622
12.97675
17.81494
9.773651
11.5153
10.4138
13.52615
14.98539
15.5526
15.84293
14.89817
13.78889
13.63479
15.77766
15.31246
15.96274
24.07944
26.02684
20.32025
23.64814
20.27381
