155.2035
84.15611
62.35369
62.60409
61.08441
67.24881
58.23154
50.57352
44.98459
71.80994
57.22214
55.38432
77.79369
63.42687
60.04424
79.73102
69.31503
87.49209
111.383
105.9601
98.83915
101.0117
76.63161
81.03978
77.93523
78.92236
73.29849
95.53844
119.2566
86.09802
66.55156
72.57962
76.28107
89.06939
82.18898
62.2404
67.00022
66.89392
61.38624
63.01668
55.02135
42.33286
58.42288
44.89648
57.81737
68.69783
80.91995
77.06214
57.85951
61.57887
59.60183
70.14113
98.26792
88.73673
86.0747
82.81053
73.77313
75.36802
75.9755
76.76112
87.83592
85.3397
85.28054
78.60841
92.74896
70.18527
73.64463
73.31771
67.73541
64.03822
75.38217
87.15343
77.52238
116.2801
94.56346
73.80342
67.06951
69.92963
60.74758
66.87124
59.68013
64.2487
69.63531
73.27367
58.90799
56.10537
50.9388
53.25143
55.79677
78.03253
61.11456
64.01217
75.65356
79.34085
84.88491
74.20657
74.46604
90.63697
66.99205
79.37175
77.98017
77.39003
69.52123
83.67327
66.76472
75.32546
81.83088
84.50692
89.55942
90.16423
82.01148
65.08614
57.32689
100.6948
98.05294
110.7878
99.16724
78.53809
86.04041
76.44672
55.16116
56.94148
55.98499
60.5087
71.36148
63.88286
54.24468
43.44221
38.41409
49.32964
52.76709
73.9928
90.58311
69.9973
68.33411
67.42607
64.14347
52.07208
60.49659
63.74995
69.96316
82.53484
93.47341
93.43308
94.64379
97.97063
87.82306
105.4568
80.38079
74.04576
70.31898
51.11157
45.19344
60.64179
67.50359
64.65679
99.13509
61.3341
57.17858
56.12809
46.86711
69.6081
83.70522
73.3033
75.85892
74.42328
66.15375
70.89225
78.22106
73.80864
76.53258
82.95184
95.75517
98.64369
80.99952
87.8094
77.53638
80.48558
94.98017
77.41983
73.07231
102.4243
96.39434
94.75914
97.18952
66.40628
85.37244
66.85702
62.96229
66.77157
82.10125
102.6492
83.79022
75.88315
82.27363
129.3232
100.0488
66.88656
77.28132
86.53024
86.96961
85.93708
86.85878
75.56132
89.39209
71.09365
89.67794
74.46543
65.15891
71.76213
62.38249
57.15851
65.92661
62.23608
43.9949
39.06924
51.12775
60.80458
64.98176
50.72557
56.83326
78.7887
49.46766
63.61775
52.80501
50.55876
52.90312
62.10643
49.33409
43.65223
50.8924
44.83144
44.31898
47.37346
44.01019
49.12207
49.77487
43.0212
53.2238
45.86689
43.63128
36.32667
47.30615
42.75644
51.27856
57.18578
49.31462
64.2224
54.40818
51.90648
43.34442
53.09487
64.43654
53.9082
54.18525
45.36215
40.52799
62.68353
58.01508
45.80695
41.19455
51.09668
52.0758
51.84452
50.53664
49.81997
71.48467
71.12606
70.80584
75.69825
83.51122
77.9377
58.8893
60.95935
66.16871
60.17615
52.34166
71.78598
67.41056
59.35954
78.49213
83.36484
91.39186
76.32675
75.17974
79.5399
63.05675
86.16853
68.24357
88.72545
82.8416
83.28378
58.4623
50.3569
58.89612
61.08938
75.52361
58.34865
54.42066
50.92324
54.84927
58.58394
55.08911
46.4256
46.29144
54.84039
70.42133
51.83219
59.0156
70.63974
78.70513
73.34132
69.70875
62.23536
77.29376
81.55302
80.49376
72.13266
62.59416
77.73893
82.27465
67.2331
67.50605
85.17834
75.93319
70.29458
64.02444
58.61622
68.65821
75.79667
67.98572
79.6572
67.09394
84.10636
71.84994
88.89949
85.22533
71.91139
99.08578
98.64918
82.70471
61.87362
58.40212
54.16755
71.91858
67.66584
71.99816
85.01544
73.02709
60.27403
67.24502
74.95637
65.69973
52.3399
44.72272
49.88683
74.65923
52.42548
55.68327
57.67666
53.62487
57.98465
64.54831
59.57187
67.00623
68.72639
58.96661
50.20961
57.33445
63.94534
71.43231
64.80951
67.88456
66.14925
55.47183
57.60648
59.37441
64.11338
113.6592
83.34245
65.42574
66.68389
52.62443
56.08106
45.36048
50.86648
72.49031
76.49117
65.08384
66.37474
65.39947
65.7042
71.29335
65.93562
61.69739
55.63026
57.38517
46.13928
59.47911
51.34691
37.29
37.66103
52.47022
57.67221
45.45669
39.7412
49.23728
59.84204
61.55145
80.61961
87.54628
89.39114
100.8867
93.92626
91.57486
73.20911
56.86279
58.0527
55.90717
61.04758
76.14517
83.94022
66.74046
48.78342
40.41373
43.96919
48.03985
52.36149
89.41167
76.85636
65.56551
76.055
68.31661
92.82349
114.7177
92.48365
78.683
74.87539
53.40635
56.35359
72.77538
71.46047
73.55952
79.92364
81.50929
70.20559
69.01493
65.39604
75.79852
61.98085
77.88407
113.163
71.17036
50.36722
55.25505
64.26562
59.54567
75.7551
63.14231
86.5866
94.51517
80.89096
86.81391
74.77758
72.47929
68.7291
63.59907
81.26845
81.28792
81.87941
76.05859
90.84702
75.00497
80.61468
83.45403
111.4493
122.6226
119.2765
123.4357
94.21997
76.84028
82.55955
68.72299
82.80808
102.3234
112.0155
81.64663
90.72096
96.09866
75.05241
51.57661
79.28795
80.59637
80.30111
66.96897
67.65847
81.43625
92.1138
71.52279
83.87628
