104.7497
105.0334
104.8911
105.4556
104.9279
104.0741
105.0253
105.3569
104.8533
105.2141
105.1376
106.1641
105.1965
104.2491
104.2914
104.1287
103.7795
103.5152
102.8488
103.2142
103.4018
103.8569
104.3671
104.4008
103.7366
104.1179
103.7778
103.302
103.1551
101.9319
101.8051
102.0436
102.4379
103.4034
103.122
103.1695
103.7436
102.9107
102.8412
102.8874
102.446
102.4327
101.718
102.6078
101.8953
102.3426
101.5719
101.1199
101.0707
101.035
101.1772
101.6115
101.2318
101.609
101.5763
101.6924
101.3919
101.4258
102.0532
102.0411
102.4188
103.2324
102.4957
102.2839
101.8173
101.7445
101.5905
101.0319
100.4112
100.6257
100.5543
99.71824
99.29902
99.48023
99.17069
99.42261
100.0415
99.99007
99.7594
99.13668
98.47994
98.21342
98.21847
98.94565
98.9964
99.50804
99.25691
98.92946
98.16795
99.47813
99.23932
98.94702
100.0463
99.61942
100.5665
100.9429
100.989
101.2634
101.7091
101.9302
101.9575
101.2833
101.2628
101.1446
100.6214
100.4494
100.8371
100.3985
101.0676
100.8357
100.4783
100.8485
100.1493
100.2568
100.0138
99.98438
99.90456
100.2232
100.261
100.3485
100.1977
99.7871
99.76046
99.62016
100.0262
100.9793
100.7932
100.6267
100.4475
99.97939
99.70921
99.51027
99.83143
99.15509
99.69049
101.3803
100.6523
100.5913
100.1397
100.3725
99.62073
99.57251
98.62482
98.66911
98.961
98.85114
99.58304
99.43828
99.35147
99.15088
98.73196
97.67823
97.5814
97.92901
97.99955
98.09903
97.74556
97.84177
98.14649
98.27356
98.42226
98.89994
98.11663
97.73556
97.47459
97.35195
98.12177
98.32385
98.77506
97.97907
98.5729
97.90635
97.59709
96.70172
96.69122
96.60718
96.44908
95.94066
95.06117
93.93851
94.53358
95.03728
95.11629
96.05831
96.42341
96.32722
96.65072
97.16615
97.75444
97.74762
97.28591
97.74807
97.57682
97.73917
97.77733
98.16445
98.32297
98.24764
97.72092
98.37913
97.80789
97.9779
98.24116
97.91805
97.90107
97.45691
97.27478
97.38827
97.29405
97.99997
97.6901
97.02662
96.76133
96.82317
97.05446
97.82739
98.41342
98.33659
98.56012
97.81414
97.45821
97.7603
98.05874
97.52294
96.75412
96.7844
97.04789
96.59839
97.06765
97.15847
97.84488
97.48541
98.51529
98.27145
98.18859
98.03269
98.28677
97.48449
96.93771
97.11587
97.16533
97.25225
96.92825
96.59764
96.4947
96.69145
95.97578
96.01898
96.17392
96.16515
96.42742
96.39233
96.27416
95.99367
96.12782
95.93237
95.64928
96.08652
95.95598
95.30762
96.10541
94.99761
94.98607
95.07206
95.01686
94.91951
93.78758
94.01409
94.31289
94.66027
94.34077
94.182
94.65312
93.70989
93.55582
93.98298
94.2444
93.32391
93.4851
92.90521
93.44476
93.54234
93.93124
92.99792
93.25648
92.4885
92.66578
91.8006
92.49097
91.68627
91.39734
91.7025
92.47399
92.7103
92.60292
93.0453
93.53706
93.25625
93.82063
93.82432
94.55433
94.52956
94.57493
94.14273
93.97831
93.92629
93.3713
93.88378
93.9814
93.64839
93.20536
92.98691
93.41671
93.28114
92.88948
91.57359
91.9213
91.49342
91.57798
91.52342
92.37553
92.74685
92.24049
93.07855
92.95793
93.42422
93.25539
93.39583
93.5708
93.68984
93.74646
93.62698
94.23634
94.83938
95.01377
94.87675
94.56066
94.08984
94.70565
94.40075
94.51045
94.10264
94.55439
94.73802
94.5046
93.60965
93.75881
93.74648
93.22624
92.57003
91.8104
92.18011
91.76351
92.05685
92.13957
92.38814
92.94704
92.80624
93.58964
93.8243
93.84057
93.37175
92.79269
93.14627
93.26116
93.94945
94.029
94.14824
93.94904
93.46194
92.80683
92.25703
92.5132
92.60626
93.54685
92.66218
92.25603
91.02349
91.41746
91.03632
91.11874
91.11036
91.6796
91.81472
91.53196
91.29819
91.40766
92.11537
91.95552
91.99236
91.9407
91.87074
92.0989
91.71074
93.16043
92.87683
92.6391
92.54642
92.61771
92.8938
94.02947
93.52777
93.06177
93.20673
93.67452
93.11678
92.64804
91.93314
91.68388
91.3554
91.92824
92.15215
91.5892
92.17831
92.00148
91.79936
91.75539
92.35336
93.08013
93.60023
93.81948
93.23047
93.71157
93.52627
93.12479
93.12725
92.39949
92.44149
92.96387
92.41944
92.18735
92.2123
91.99858
92.21755
92.45279
92.37415
92.82641
94.56068
94.85273
95.43294
94.65813
94.11673
93.2124
92.54403
92.53192
93.05724
93.91158
94.24553
93.79926
93.27226
93.67349
94.1041
94.46883
93.85374
93.80301
93.65015
93.86975
93.72562
93.73517
93.81762
93.34247
92.74774
92.33736
93.06485
93.39232
93.72582
93.58505
93.92289
93.54448
94.64285
94.51687
94.24365
94.1368
94.35457
94.09939
93.88762
93.70487
93.23836
92.75881
91.9896
91.67726
91.55896
91.47731
91.24774
91.17337
90.65546
89.96759
89.62736
89.44885
89.33147
87.58938
86.62565
86.7057
86.23492
86.15637
85.71073
86.01807
86.26723
86.53922
86.79004
