644.292
661.4821
1455.745
731.6761
886.7815
649.2017
1026.395
3893.446
2539.985
846.822
934.06
1605.98
1251.823
705.6363
429.5137
1818.394
626.7457
771.1509
662.5148
1149.323
861.4498
821.1119
892.9972
1450.244
6975.758
1431.326
762.4682
1133.871
1617.272
895.5279
1272.375
3846.621
3222.886
1186.317
2376.854
908.7677
1691.192
871.3063
1169.079
1206.154
621.2162
1937.606
794.4777
835.775
1601.295
1080.329
660.0623
2590.9
1209.822
1343.292
1097.132
1190.887
1885.554
644.8497
1894.122
1176.05
511.5689
1977.734
1057.486
1112.845
994.5393
1135.241
1092.09
2427.505
1801.745
759.2632
1060.264
795.4587
851.0808
901.5768
772.092
1171.33
1891.334
451.4217
815.4377
2096.837
856.358
1439.877
1105.408
795.7559
628.2623
667.4524
578.6334
888.5088
914.4547
693.0676
885.6818
2420.158
857.8301
1043.139
6471.227
904.8237
2040.16
594.6173
705.232
6792.86
1691.98
996.9405
644.954
1206.93
800.1881
1177.669
462.9438
1140.17
407.1147
607.3645
728.3611
1618.486
652.0791
683.458
668.6488
686.8108
596.063
1046.501
1296.673
1375.907
1880.119
497.6842
800.6587
624.9513
1191.059
751.1725
791.4788
1705.473
887.5505
1002.435
920.1021
966.4505
2515.789
2326.558
1265.364
608.6542
9636.036
567.4263
973.0757
1049.479
1747.966
868.4488
422.6161
1113.639
1188.197
1310.347
1129.552
1259.211
867.4158
574.3504
657.3257
2300.066
2650.534
1099.154
853.4689
577.6265
499.8033
910.9576
781.3878
763.9788
348.1478
486.4425
1137.755
929.1968
1327.868
520.8142
1748.558
877.2823
2074.673
1663.108
840.049
423.6538
507.5468
963.8773
2325.876
1508.199
779.7896
1244.207
635.1904
1671.003
751.3861
1023.966
1388.967
877.1204
1229.367
521.7757
874.1974
859.2837
1512.311
666.8686
1216.696
556.2192
1263.657
1431.261
1303.363
1234.98
1028.532
661.0408
4228.843
544.6952
903.2006
1617.649
886.8249
1120.22
1064.768
671.0177
599.037
930.1596
815.7105
992.9084
626.375
1508.474
2317.55
1633.915
640.8525
835.1854
1463.328
1599.513
2758.65
1375.727
702.1803
633.7313
1017.761
1140.021
878.8211
739.0687
708.7464
710.7763
2351.144
366.9536
986.5598
683.5357
654.1479
3196.84
782.4367
2770.124
1003.441
2885.553
1641.702
1212.489
1111.3
1273.595
1373.506
781.9087
928.4096
4076.187
1184.735
763.6688
902.8075
1174.602
1280.509
461.2803
1454.836
1001.05
768.2149
733.9139
435.3443
676.7689
509.6134
830.7731
1711.08
1843.515
898.3915
1029.787
997.9491
1033.136
832.1278
3422.327
800.6074
481.3353
1121.608
2468.864
1294.465
797.3439
553.0677
1064.731
2508.095
964.6249
4203.543
1616.394
523.8554
2593.333
1910.626
547.2004
1002.687
727.9546
3216.649
526.2346
850.7875
1035.041
969.6459
1464.038
1201.097
789.9728
1396.982
2251.584
2442.418
710.5139
984.7226
1377.994
1254.819
2285.045
2636.275
2458.43
1940.034
798.8471
626.0095
967.8424
1093.71
636.9413
623.0663
1551.892
700.4915
779.7006
676.685
1515.333
779.0366
536.1907
902.492
670.4081
734.1915
613.041
718.1512
802.8725
1610.656
1234.361
1945.751
723.9516
885.05
611.0351
1283.744
2044.083
913.6851
1666.68
596.2615
1246.11
1525.217
1012.392
1133.334
2588.637
1096.142
729.585
1752.28
1325.265
1767.427
594.3234
4582.388
795.4653
1796.098
2533.587
1783.263
1487.536
740.5203
1189.175
865.6511
552.3198
1048.747
1096.24
950.2263
936.1294
864.0681
691.6724
701.9646
375.2861
894.1867
1327.796
615.9779
706.0232
1837.066
631.8537
739.3448
1341.233
884.7786
1428.78
4989.12
787.5031
1180.38
1216.227
933.7158
685.0559
670.7046
667.8763
1325.953
2592.428
1035.727
1408.044
1202.534
3437.754
617.3675
1270.636
1844.388
964.5213
711.8193
844.4211
1049.574
4229.833
1361.356
2881.215
645.0183
601.6852
1411.539
910.4105
911.5468
2243.582
793.9609
5025.874
1430.936
773.9764
777.7979
1777.838
1881.968
1022.989
996.9014
966.0085
631.8155
1490.072
1219.245
1367.543
700.7325
2314.272
844.4863
1782.872
1040.593
1101.168
1674.367
1408.33
1574.329
497.6883
1124.667
667.633
505.6344
1419.306
624.4562
1820.053
1617.618
608.2322
1130.532
706.9415
725.6828
615.2966
700.6006
369.838
1520.357
1402.351
1104.57
737.9102
1295.257
1496.534
847.2478
1913.884
1766.932
749.4477
1243.473
2661.097
2169.861
1456.868
815.7386
778.6532
857.5212
1505.509
2065.209
479.785
1123.253
2250.138
934.5844
1347.31
568.1373
711.1885
1910.731
637.1807
1328.703
1139.377
982.5635
781.6559
1348.114
1134.824
591.7288
1088.554
498.1339
524.4204
1503.102
747.1459
765.3961
803.7899
950.0957
540.6977
1581.362
1349.92
2242.813
2261.207
374.3129
768.3064
1570.868
613.9561
730.7484
843.2711
1143.142
1579.673
1480.705
812.8833
1094.761
1603.671
1393.512
869.7674
