389.8343
272.5951
161.0469
179.1205
241.9858
130.7497
281.2361
249.6195
111.5288
106.8282
129.9334
192.9284
203.249
285.094
259.6009
386.5427
603.8176
479.4771
298.5427
286.8177
246.7308
114.4042
128.2546
157.4436
299.6534
225.4461
240.7542
214.233
154.5242
223.1127
215.723
139.5128
151.0002
238.2364
280.7372
235.7257
191.1928
258.9046
222.1356
159.9216
163.3471
253.2236
160.8768
153.5607
177.7052
294.9432
210.6082
164.1335
301.6086
145.3148
126.3033
235.7741
199.6133
157.7151
112.1512
145.764
172.2753
98.64748
214.9696
187.9732
192.1675
194.3146
168.4896
352.7222
525.2209
319.8681
264.7656
132.1264
302.407
347.7373
207.6308
179.5671
220.7085
113.2467
217.1178
215.1734
167.9335
216.2013
106.8147
210.4829
254.438
309.8123
405.1857
230.443
160.2654
108.1589
114.074
101.5428
185.9516
112.9247
91.49555
91.36197
113.0203
146.1534
102.5383
141.5424
191.6519
143.1487
194.9034
168.4663
290.2497
204.0263
220.4455
209.8704
142.7061
245.6589
191.0027
139.6984
170.2137
186.1707
348.4256
421.5557
292.673
187.2244
143.9362
172.1358
103.6808
159.3693
184.5454
179.6518
138.0805
91.75286
197.1403
120.3732
138.0959
160.7149
152.4984
96.50421
68.88019
99.60589
148.4225
141.9771
111.215
112.3058
90.21334
124.5508
187.5399
206.7433
92.48508
143.685
125.6894
177.8001
288.2827
274.9203
315.2993
353.761
374.5987
306.9786
380.3793
261.7032
225.6807
211.2289
146.119
141.8857
209.3132
253.3794
260.9906
236.1743
164.7598
201.8894
227.9898
126.7397
116.3043
222.8691
200.2895
151.176
188.5331
226.2865
174.8308
186.4919
225.4777
172.234
156.4851
145.7765
131.4687
168.1025
127.8381
122.6834
233.9966
215.1428
135.703
135.44
279.0638
326.338
162.4407
111.9446
102.2625
175.6656
141.5041
141.5669
256.4896
225.112
243.871
177.1037
154.3463
119.0658
258.0289
295.975
181.9838
185.0721
141.0144
259.3198
268.0427
153.4108
149.3356
166.4602
94.05189
131.4709
217.4771
233.6133
133.8356
142.0418
156.1886
150.6502
196.965
245.8233
221.5879
169.6475
133.3859
145.5993
185.1749
165.075
192.5055
175.7938
264.5826
191.3493
194.2008
152.346
209.4827
279.9982
297.3778
172.111
122.4248
258.4501
172.0386
167.5676
175.995
129.7298
129.1779
270.3342
122.1215
162.285
145.0025
241.7028
194.6279
136.6853
173.3221
154.1831
126.3831
152.3211
205.857
187.4683
301.2399
267.4031
268.9625
235.5113
212.2555
147.5737
165.7352
151.6876
163.8047
154.3529
261.8421
255.5813
325.6547
310.8397
202.0939
87.61791
86.69811
172.4058
247.4081
196.4046
163.7225
167.5643
134.7301
180.4493
238.8781
181.4696
249.903
241.3588
429.6108
223.551
210.5561
256.4413
171.4723
361.9833
278.1924
343.0829
215.8811
162.2149
105.5601
99.18264
105.7881
94.15449
119.1697
131.024
182.7517
166.887
117.9993
108.7789
74.04103
109.8683
88.45266
175.1829
200.9944
151.5541
140.7802
261.7795
183.9305
149.3657
93.77556
220.6092
259.1517
233.8247
122.582
116.2281
194.7507
157.67
236.9937
240.4672
211.5393
226.4226
171.7446
290.8312
320.2505
129.7981
123.0032
167.162
172.1493
200.7654
187.8078
175.8575
145.363
132.1833
113.0435
126.2799
173.5471
109.3649
79.1261
133.879
129.6627
101.5762
80.51676
125.6766
94.71048
110.1425
91.15131
87.1058
119.2767
108.7574
169.2613
236.7012
367.4776
270.8172
177.9256
161.9045
209.219
161.8194
108.4686
98.93923
101.5935
159.5389
99.27269
149.6747
165.8248
191.5109
99.4644
132.9896
196.3565
185.8669
170.0629
115.6538
146.6229
122.8339
86.80653
104.7157
102.4872
80.49045
146.1794
144.1874
131.1585
219.3394
107.9964
106.0213
155.3984
184.1236
173.454
142.088
166.1965
213.4448
109.4947
222.0929
228.4713
288.0826
236.2963
129
174.9531
179.4206
195.1688
329.3388
207.9281
220.4865
172.4956
97.85097
117.3446
98.53878
125.0138
129.9621
121.8347
157.1213
216.5421
170.6566
230.5516
376.8758
182.934
121.4112
194.8436
285.096
289.1433
224.1284
174.3611
151.5511
140.0592
150.7791
235.755
178.7694
170.0626
193.9462
113.0926
154.5776
101.8209
171.9713
137.8346
116.851
115.4804
122.7201
134.4933
190.8292
189.7142
149.4324
106.4037
131.0168
153.7557
201.8614
141.1995
147.0488
129.3613
115.2406
122.951
130.2372
139.8134
135.4674
132.3708
132.1442
211.2545
290.8812
329.7277
229.197
152.4139
172.1091
137.0488
174.7599
197.8293
184.3645
150.9842
222.1058
288.6482
405.8109
467.0677
212.7496
120.8654
138.4626
91.96391
167.8003
224.5931
317.9469
185.5692
136.175
100.691
98.01706
111.2112
166.155
158.013
140.5718
122.3916
185.562
154.6097
194.7925
227.6963
137.7999
198.7215
234.3088
107.7211
101.3473
88.89964
81.73361
69.00401
128.7815
234.7796
134.8802
