21.52599
20.3156
42.94772
91.62072
155.9621
953.838
5116.004
5964.932
6084.92
7744.349
6629.313
6496.91
7833.767
8467.863
7673.767
7909.35
8630.916
6534.26
8333.77
8050.931
7128.053
9148.834
7577.843
8244.664
7010.151
8051.843
8096.153
6261.197
7001.011
8188.39
7989.062
7000.379
7364.825
8359.803
7528.828
7587.582
8411.775
7822.032
7598.122
7475.7
6953.641
7545.589
7060.091
6515.991
7818.122
6888.716
7405.911
8383.374
7386.747
7898.648
7515.178
6858.535
6945.933
6634.179
8377.564
6699.025
6695.579
6608.05
7489.199
6754.072
8440.727
7734.445
8014.527
7320.624
7638.617
7237.672
9429.499
6537.435
8127.882
6772.827
8235.855
6936.586
7221.172
7444.048
7211.928
6249.078
7542.931
8447.33
7909.27
8430.585
7531.273
8382.122
7448.444
6521.173
7574.85
7009.827
7195.135
7608.459
8042.021
7706.553
7737.743
9096.155
7777.601
8028.745
8345.389
7672.283
6768.88
8258.98
7295.897
7200.027
6688.165
7082.392
6106.685
7520.475
6664.397
8311.748
7333.162
7549.458
7167.447
7841.444
7463.041
7065.521
8240.002
6772.488
8041.299
7244.45
8236.493
7733.184
7898.616
7696.166
7262.094
7114.41
7895.158
7629.02
7943.541
8004.305
7693.268
6680.131
8963.692
6971.532
7463.725
7847.687
8067.474
8694.249
8305.608
7372.704
7094.052
7183.618
7357.854
7841.914
6834.237
7855.109
7195.554
7618.016
7194.923
7023.895
6817.331
8271.39
7012.611
6853.144
7411.771
7061.192
8252.726
7944.02
6921.288
7903.692
7411.417
7697.279
6200.466
6851.954
8278.84
8015.469
7360.907
8303.511
7190.533
7398.725
9537.376
7421.173
6891.699
6206.768
6342.414
8755.685
6811.859
8256.553
6325.57
7414.398
7659.982
6558.146
7637.66
7808.205
7165.366
8161.847
7623.683
7171.906
8348.208
7305.572
7765.261
7082.347
7658.845
7655.381
7327.931
9230.688
7585.799
8988.254
7471.856
8851.76
7025.276
7047.481
7963.463
7813.573
7647.217
7451.758
8012.468
8281.599
7852.184
6941.471
7233.025
7835.577
8167.341
7786.159
7387.481
7329.256
8078.354
7565.999
8155.553
9090.442
8191.872
7305.793
8774.913
6112.75
7288.429
7310.135
6453.816
7800.925
8076.42
7756.847
7640.489
6864.239
7279.753
7083.895
8184.652
9357.772
7800.024
7559.198
7213.351
7008.792
7913.086
7241.672
7063.353
7656.522
7004.097
7137.294
7975.291
7746.821
7784.333
7190.266
7800.166
6492.267
8686.331
6820.766
7210.535
8278.403
6515.509
7139.116
7973.913
8089.88
9146.155
7551.561
7477.828
7226.966
7037.864
8363.403
8238.984
8366.301
6734.146
7843.078
8385.538
6685.147
8314.392
8812.434
7510.831
7188.943
6568.173
7524.216
8764.131
7695.979
6575.777
7105.451
8280.72
6585.53
7313.266
6919.387
7338.061
8177.621
6626.632
7237.497
7053.465
8063.174
7599.303
7147.968
8006.534
6787.686
6615.907
7198.774
7933.13
8739.627
6679.342
7849.704
6917.425
7946.792
7635.48
6941.442
7391.972
7391.145
7951.863
7516.783
6445.835
7527.985
7749.151
6919.714
8388.007
8088.601
7105.695
8162.092
7552.881
7972.859
6461.312
6966.826
6668.505
7243.164
7352.912
7410.491
8179.408
9201.777
7511.57
7359.564
8007.277
6813.522
7655.067
6863.593
6900.91
7198.11
7471.534
7470.333
8476.568
7976.694
6645.368
6923.611
7225.235
7061.362
7834.278
8346.584
8483.963
8516.174
6714.116
7189.584
7979.024
7109.11
7776.127
7680.989
6913.284
6731.022
7595.29
9010.694
7584.746
6814.301
7269.839
7917.843
7930.117
6574.876
7580.386
8187.849
7033.996
7045.171
6590.203
7583.081
7739.472
7970.263
6893.14
7896.337
7121.424
8604.571
7083.852
8363.386
7743.392
7873.465
8728.589
7490.894
8006.666
8433.352
7395.347
7471.212
7945.385
7469.674
7258.927
7006.746
9086.949
7427.908
7512.072
7112.002
7132.245
6834.87
7291.497
7908.888
7423.899
7866.721
7409.819
7391.066
6611.825
6982.23
6922.257
8071.225
7263.118
7580.67
8281.106
7735.778
6987.934
5965.319
7951.568
6838.304
8159.959
8219.192
7558.497
7470.992
7639.07
8531.109
6391.333
6955.296
8602.171
6651.585
7626.003
8535.804
7598.247
7516.237
7037.44
7643.551
8170.506
7097.366
8181.389
7371.473
7612.911
7457.813
7502.618
7035.035
7489.692
8076.699
7063.17
8225.666
8356.003
8143.636
7942.279
7673.982
6705.478
6888.446
8858.116
7142.633
7407.368
7660.414
7396.82
8096.874
6801.072
7500.202
7056.387
8539.1
8084.819
9133.057
8625.016
6886.725
6792.482
7416.979
7558.905
7383.669
8559.831
8468.917
7096.431
7147.145
8501.099
7099.478
7888.513
7595.063
7705.089
8602.11
8015.322
7394.085
7223.939
7217.965
8211.33
7558.593
8090.9
8491.586
6785.359
7185.981
8534.988
7909.84
7490.957
8106.352
8080.085
6929.897
7929.825
7474.39
7295.868
8549.725
7608.512
8928.185
7563.349
6616.22
8311.766
6769.461
6744.202
7984.987
