38.34087
26.00811
21.52313
24.18896
23.38963
24.98428
21.99136
20.17628
24.94335
18.51792
18.76521
19.45646
16.0872
18.00023
14.74378
12.78289
15.10507
17.31112
16.20415
16.62843
23.10818
22.42607
23.70642
25.40685
18.7154
13.56379
12.73789
14.67914
15.08731
12.19703
14.82243
15.47363
17.07638
22.87212
21.58495
20.28737
15.63709
15.55367
21.98678
16.00413
21.87178
19.19544
14.81836
14.17958
12.70831
12.12507
18.92625
16.04041
20.64405
13.12803
12.29926
17.08846
18.41773
16.03193
17.03579
17.52597
18.48095
20.96612
16.96565
18.878
17.58012
15.7346
13.61776
17.24038
17.44302
12.54269
18.71674
20.00389
15.67596
19.43479
13.78363
15.46765
17.22003
15.03727
10.0847
12.70204
14.45532
17.33404
15.46914
12.22504
10.30073
12.34123
10.89606
12.82112
19.8152
12.3217
10.57084
10.30242
14.96985
16.2601
13.45919
19.95623
19.20233
16.72185
14.85807
15.69856
12.91772
19.86392
15.58712
15.3065
13.68595
17.4119
24.08388
13.85134
15.40087
16.18402
13.58053
14.64621
15.57638
13.91023
14.65838
13.53747
16.99619
19.90973
26.58367
25.03147
26.57773
18.90265
20.20549
26.8463
17.18128
16.0126
15.99964
14.75349
16.84976
16.48918
14.37655
11.45997
15.91451
15.3559
16.0356
16.98109
12.72056
11.12784
12.24859
15.05159
11.21108
12.73414
13.27429
15.86769
11.48709
10.99425
16.43983
27.97473
20.72327
19.60363
14.84597
18.24196
11.4651
11.89317
16.41204
16.67861
18.11955
17.33532
16.21796
14.71805
17.84863
24.74878
16.66353
14.62667
21.3945
17.63875
20.96606
22.61674
20.09768
17.15904
10.61136
16.43402
16.51076
17.58031
18.75433
17.12221
16.88322
17.83021
18.16954
16.18014
13.68068
16.71204
11.53064
16.31656
16.64996
14.36733
12.40924
13.58986
13.32905
12.51022
15.64647
17.80382
15.8131
15.07676
15.74442
21.23425
20.34213
15.72395
19.73606
12.62018
16.84311
14.1291
16.11971
16.33569
16.01671
13.51921
10.48196
14.92838
14.68939
16.57806
19.94915
22.83358
18.02086
20.32469
13.47804
14.67553
19.78178
14.94967
17.40937
15.07717
14.67349
15.78677
20.44556
28.35659
28.90297
24.98953
18.67766
23.32902
15.6868
16.16827
16.0795
11.96234
14.85918
11.63113
12.08255
13.33729
15.68327
14.00531
14.05559
12.91806
11.31029
22.49991
22.36674
18.10526
17.51125
13.9226
15.93926
13.7015
13.98882
14.54008
19.22396
20.03873
22.92822
28.19385
29.03972
18.19069
24.55084
23.22732
16.07004
15.46245
11.61939
11.33208
16.32498
17.93444
12.56419
13.90252
16.87682
23.0976
21.7295
19.74955
18.66833
14.0994
17.5057
14.84677
15.6444
12.22066
13.04794
12.84755
12.9266
15.38656
12.03255
11.03986
15.59791
14.53479
10.65768
11.80521
15.69455
21.19725
17.874
15.64493
17.25367
17.07718
12.82964
15.32477
15.60119
13.61904
14.09219
14.29391
18.37918
23.68281
28.17803
22.86079
16.20079
10.53294
13.51749
11.97708
11.81415
12.69646
14.00058
13.6862
15.85064
15.03809
11.66
12.07914
12.88549
20.35669
16.97732
23.44069
23.17092
23.72162
21.07782
13.22594
16.29061
18.42162
18.96527
21.64187
23.24133
21.61666
15.81956
16.43437
18.03206
13.05706
14.03238
12.07725
12.12416
8.431755
9.313699
13.31651
11.35965
13.66888
14.81875
10.87736
9.74159
11.78033
11.17621
13.06132
12.04243
21.37544
22.27553
18.45865
19.94276
14.11094
14.61503
12.53675
21.30693
20.20815
14.88047
13.6081
20.01225
19.47392
15.8667
21.73312
18.42361
18.44568
14.66345
18.90169
16.43465
17.04466
23.14333
19.33695
17.51178
17.50236
13.87799
13.16364
18.98101
21.33783
18.94393
16.29167
14.42591
20.1278
23.6482
23.15554
16.13215
20.39304
13.69308
12.31296
11.69676
23.34483
24.45201
24.2309
25.50338
18.86875
18.65637
18.983
19.42106
18.32371
15.70124
17.67107
20.46527
17.44462
21.53228
18.8256
18.64167
23.90134
23.31664
14.05007
15.95389
17.51121
16.73499
18.85177
13.06584
12.89333
12.37046
12.0051
9.473397
10.39484
10.63165
11.34352
18.08345
23.98778
26.46641
20.8863
25.5828
22.39149
18.56165
15.06027
10.97511
15.6232
18.11706
21.75844
18.69613
11.83905
13.13864
18.44816
12.97762
10.0583
13.18959
18.67952
22.8716
24.07124
18.43923
18.8056
15.56713
16.88057
16.23987
14.08496
15.74235
15.75774
18.63747
17.08358
21.39309
20.62177
18.31006
16.39626
14.56452
17.71393
18.12214
14.34007
12.69105
15.46299
16.46392
14.83533
15.04561
12.19426
14.21547
15.4232
18.19078
19.62383
18.64483
20.62982
19.30113
17.58619
21.92545
19.80157
24.97052
21.72122
21.56671
27.90655
17.00283
21.00442
21.18109
20.55714
26.74827
24.47375
20.12004
17.77738
12.49718
14.00627
8.376915
10.81797
11.32412
11.70753
13.11332
15.31291
14.62943
16.20924
19.41483
22.29315
19.43405
9.330558
13.31166
13.38797
12.87451
12.79744
