39.69542
50.72506
56.13645
98.21163
70.66383
134.9961
184.3052
169.9476
201.8965
228.9941
278.0972
268.2538
284.412
215.2564
200.9205
128.8622
160.7088
132.3517
80.96157
75.38427
74.60558
55.22239
50.56707
52.61326
48.43414
24.38301
23.45289
28.20404
45.65492
38.35921
29.55845
29.36133
33.60676
30.17996
31.19552
33.13889
22.58815
19.33473
17.92469
20.29407
32.22076
45.05045
35.69993
57.77269
60.2682
61.51325
70.79598
62.04457
98.33954
69.79325
55.39626
50.18421
61.81837
51.20229
40.58354
42.41459
58.40527
40.98651
29.48309
24.1143
19.56313
17.7777
14.79994
19.04111
28.21855
28.86338
33.12814
28.61436
34.69132
36.46153
25.24114
42.37583
47.5882
53.60681
86.23287
56.68533
39.1043
53.91421
52.3589
66.72092
70.56752
74.43587
66.3294
38.40567
43.75178
53.86721
37.26907
30.31769
29.13324
32.8428
37.52274
53.68878
45.99144
48.79058
44.82822
50.9741
31.87898
29.55485
42.34253
39.69572
46.41673
47.78621
45.74847
45.22265
37.80627
46.75903
35.83915
30.55127
26.7431
24.28374
22.49433
25.60887
23.6403
25.08289
36.54021
42.22618
50.56262
47.5898
37.91932
31.80119
31.74527
34.43551
36.90791
40.04251
41.23188
55.78077
47.73972
42.82662
36.28904
24.4559
28.98557
27.41171
29.00881
26.82016
32.88717
58.49116
84.37454
43.44101
33.83313
43.39728
53.50389
70.55019
67.05486
44.51405
55.41156
61.81578
72.5548
93.96699
104.0064
93.14367
67.89366
73.34074
72.68273
60.64996
40.80375
56.38175
64.40707
50.11855
55.64554
55.73212
67.17753
47.67095
36.63902
38.64866
41.13232
49.15319
71.35872
63.27964
78.22756
61.92376
68.54579
72.21524
77.70392
103.7657
126.9119
96.50344
83.84792
82.11803
76.90546
70.93341
71.72286
57.37175
52.49701
55.68418
62.57313
55.24783
33.49937
33.20171
33.44186
35.95363
26.60409
19.16249
20.28879
28.48875
33.75079
30.81311
23.82763
23.28002
16.35953
25.6868
21.49877
19.75985
23.55472
25.49537
38.6413
47.07894
49.46967
42.9384
31.90389
49.80406
54.51448
43.31143
45.8233
35.78101
38.91329
39.01203
34.63182
34.19608
29.38812
20.19294
27.67061
22.70768
22.47402
22.38809
33.16989
32.55708
49.67511
48.49953
50.85075
45.18566
69.22538
55.08973
49.20334
40.10186
26.38003
26.97628
45.48298
29.8343
36.35502
42.02898
39.6675
46.10439
50.57435
46.53707
63.45935
84.89077
78.56947
47.42306
36.1653
49.4915
48.75169
57.14729
67.91205
69.22456
52.70211
31.88082
28.47845
36.35961
35.94752
48.77399
54.34042
55.64188
69.92875
75.64059
64.78095
77.40589
85.9793
127.2116
114.5992
112.549
138.2546
163.9945
146.7467
157.8166
144.8869
148.1494
99.14753
66.34816
56.10093
44.84711
74.92284
76.50333
51.32847
45.93825
48.08219
56.97865
52.65327
44.29447
44.87851
46.49794
37.05087
42.54889
58.11239
56.74879
67.79048
54.36907
66.32846
78.11469
70.11172
86.48103
59.82057
46.27012
45.30771
46.27978
37.50444
28.87784
31.08984
30.86671
46.51182
44.68269
41.65793
51.58814
47.39114
93.67545
76.54756
49.04819
39.72666
34.05637
49.93905
37.31349
28.42868
22.87789
29.83629
21.9582
15.30889
10.39686
14.44542
16.66978
13.97783
14.87031
21.73344
29.60802
22.25647
28.70263
27.78627
35.92296
34.95987
28.84578
36.51321
20.2437
29.71644
37.24565
32.85863
36.17871
37.96223
42.72433
53.79228
76.58633
100.1961
88.26553
124.4882
99.68448
93.23862
60.51751
36.79611
40.77294
44.06187
51.69331
62.63251
82.25985
75.14879
41.85179
31.1875
25.66551
26.00404
34.09241
36.10325
37.7603
45.28249
41.93943
32.70001
32.60046
21.854
25.83269
30.44008
53.36601
51.83591
52.39247
51.20386
47.51814
42.32034
33.25222
37.15501
41.67777
36.69556
36.83136
35.11034
39.0904
63.81353
70.70037
46.27108
37.15968
27.7182
21.50268
30.94735
29.86362
31.65684
46.25652
34.63008
26.82774
33.16946
40.40667
41.40411
28.46332
44.06033
55.95949
49.10833
70.56138
74.94904
59.88258
65.31353
58.36677
72.04518
58.97925
51.71559
77.79954
92.58213
65.85189
49.87409
38.69881
38.62676
39.67503
31.79448
41.45428
73.91365
86.68977
67.18023
57.37674
44.5695
38.62186
39.13414
27.91646
19.93872
16.27137
25.66308
32.96736
34.57669
45.75074
49.04089
32.83299
42.19243
38.66445
24.68989
27.23315
22.11863
29.48448
38.44138
49.07285
40.24474
56.58374
69.13273
55.24921
37.31164
46.67661
39.62188
33.79398
53.15168
45.88693
63.7997
59.17744
64.15732
40.68303
28.29013
23.13738
26.51406
38.81161
48.57943
44.93786
37.43839
32.97721
36.0257
25.31524
27.30165
30.14962
31.99868
21.14662
22.08914
21.23872
20.01323
19.10637
26.71456
28.94412
24.87663
24.42803
21.3412
17.03763
20.73017
23.90081
33.17072
32.54085
39.07899
29.59926
28.00622
35.53365
29.77702
20.85214
28.03348
27.02715
23.42725
28.68725
