63.69498
61.22685
57.64749
59.95017
63.14663
57.8217
63.89376
61.08193
62.04057
66.39864
63.74713
60.28364
61.40796
56.83487
61.44501
57.43276
69.48227
67.52788
59.38167
57.17639
62.25724
60.5755
61.74168
68.26566
58.34124
60.38308
53.83374
62.14642
59.62352
58.26851
67.14594
61.64342
61.12202
62.21002
58.44362
64.22028
66.69594
67.35142
55.75445
60.38441
57.34996
63.99504
61.88629
54.92151
58.45715
54.13522
63.81621
69.23974
57.62171
60.76634
64.3144
62.71026
61.15807
60.15398
58.17885
61.93295
59.37371
61.64442
61.27113
62.3189
61.48891
58.25404
56.97098
54.25717
59.97365
63.26077
66.77957
62.01964
63.01831
63.36561
54.42137
63.8924
65.21847
61.41573
62.50778
58.24376
59.8722
59.22307
64.55795
66.14843
64.74576
57.3942
68.501
62.09471
60.58314
57.64521
65.83788
61.95709
65.59082
58.73834
63.11709
62.39332
59.79246
56.95145
57.79131
65.59031
68.3195
59.19016
64.47249
57.52824
56.66084
61.93813
65.70957
56.32598
63.45621
65.27775
62.29872
58.97413
56.66775
59.13565
61.13676
67.43248
59.32487
63.55941
58.94457
65.8943
65.37379
52.39601
66.40727
61.45842
63.3197
61.49836
59.19326
61.2474
59.51011
62.56986
60.55826
63.02942
60.71351
62.11496
62.05895
57.00329
64.6624
59.2748
67.23318
68.05859
63.64881
60.71289
60.95839
53.52714
54.04539
58.13848
56.85935
67.07787
63.86709
59.36303
61.58875
62.99913
59.86247
61.74245
62.54227
61.23149
61.56358
62.40089
55.47538
58.55821
64.57247
63.75337
61.28784
62.20682
64.12925
57.24348
59.44738
55.7453
64.77287
64.40984
57.92053
55.05938
61.68855
57.94658
62.64151
58.14847
60.3197
59.80654
65.95974
58.18948
65.76543
64.09246
65.40067
63.01122
61.0597
57.89506
66.19572
57.83135
61.73913
61.38897
59.42843
59.79523
61.87194
61.60348
60.33109
64.88614
62.75019
68.35455
60.43871
60.92129
71.42859
65.15214
56.96554
60.63297
57.66298
63.34537
65.67236
62.55482
64.22552
59.75443
58.5276
71.2021
63.9313
64.84353
65.41026
64.47
63.32228
59.19256
62.43499
58.19268
65.43213
57.0817
57.98729
60.73067
61.97168
56.43131
66.18115
65.00961
58.36334
64.33516
65.11374
65.18301
61.97841
54.35106
63.4382
66.98975
64.95514
64.75329
60.60694
63.1554
60.43542
61.74156
55.67063
65.37534
67.26921
63.09866
61.44546
61.38044
61.17312
62.30358
61.20476
55.98124
64.3457
61.08513
72.35586
61.77545
60.23776
61.19634
59.57402
59.84359
58.65616
64.81726
64.7242
59.5818
66.88774
60.78656
62.63553
59.76845
63.87225
61.13022
55.26782
58.57255
59.40645
65.80081
61.01255
62.16091
61.91253
62.29732
60.16235
61.15058
61.5745
62.6302
61.43702
59.27081
63.11104
57.97333
59.1513
63.33881
57.45354
63.94036
61.54015
61.13156
58.53077
68.28288
63.72788
61.78294
64.45521
59.88562
63.2162
57.5633
58.31972
63.28455
60.13751
51.88247
65.6328
57.84175
59.23719
62.50613
62.87586
64.76856
64.47429
63.32252
58.90719
63.19311
66.5733
68.79466
54.82113
59.95959
52.03742
64.21929
64.59583
58.38915
61.09807
58.2674
61.65752
61.14732
64.83544
58.61862
59.55589
66.56611
59.00303
64.06477
62.39709
55.8306
58.93439
57.86322
59.37227
66.27746
63.03678
62.46611
67.57875
65.77944
60.36315
51.82487
58.4023
59.06282
62.11099
56.526
62.22617
61.8685
59.1933
54.92263
56.4617
57.19106
62.4212
60.04981
60.10387
59.80101
58.14505
53.59558
55.52791
62.46706
61.61055
61.49646
60.13583
54.93241
57.45316
59.17752
54.51716
56.68101
58.93849
56.76873
51.78737
55.04263
61.01045
58.25176
63.23003
54.07921
51.37786
58.22098
58.62987
54.3957
55.12473
58.46577
59.49409
57.69778
55.48461
57.63134
58.18309
55.60919
55.85639
60.81198
57.794
58.93856
53.16083
55.10148
60.6311
62.98252
63.6002
58.43355
55.03144
56.09606
60.08962
56.62529
58.7779
54.65392
56.97384
57.52179
58.33618
55.14351
59.29999
55.04304
53.54351
54.46706
51.53146
51.11923
51.87548
54.96595
53.37823
58.95677
58.29797
59.74098
55.0865
61.99412
56.61279
59.52437
60.07398
57.63206
51.27622
54.66032
55.91319
56.94309
58.61341
56.49196
57.4293
63.41991
50.51895
55.24842
51.64738
55.61345
57.38261
58.40297
50.71629
57.07285
54.97935
47.70495
57.33631
52.56279
53.05497
57.41704
52.97456
51.79709
58.07994
51.8678
54.54875
53.51551
52.72407
54.86169
55.22353
55.35
61.43639
59.60266
53.4187
58.29255
61.68164
56.06126
56.17699
57.89833
50.45994
53.24149
58.73198
54.78547
56.50833
57.20528
53.09026
57.76471
60.51649
64.922
59.97096
57.06213
64.03449
59.27957
59.53282
54.67385
57.77675
51.20618
57.77327
54.26049
52.18864
56.66445
52.63135
58.84034
58.28012
59.39089
61.94303
51.00869
55.50259
53.89297
53.58935
53.00175
56.68864
56.47601
60.91373
62.43516
