1143.213
1203.281
797.2729
3134.945
723.1707
939.7015
1732.01
2581.1
714.7145
719.731
1191.796
671.3462
888.1413
1144.979
853.3173
670.0609
852.6152
1409.088
1101.979
1633.839
1001.027
597.671
2966.424
2095.694
468.388
1149.172
820.0841
1457.793
1717.071
830.5273
4891.842
1050.805
1893.821
626.3728
2044.357
2082.069
1713.095
1334.324
325.2638
1224.171
961.6834
773.3935
1791.255
2171.861
387.2037
292.6931
1190.445
871.3965
1605.15
1952.269
1255.935
383.3602
2518.177
1260.454
1186.249
1147.14
611.2359
830.7478
881.3573
1076.419
885.0523
461.8552
789.3725
538.1007
976.7565
1311.053
749.041
1027.527
2330.532
1036.954
1132.126
2352.146
2570.567
1687.831
623.3933
813.5588
2107.452
833.8528
1010.962
830.3692
1858.283
554.9519
843.4893
1583.727
796.5621
1031.775
601.4049
517.3893
1268.973
957.5519
948.2252
665.1185
2385.163
1672.06
1372.442
780.9601
1044.551
482.878
1391.068
911.5602
487.579
460.7086
702.4953
649.2261
656.4716
1127.083
3167.626
848.8069
1761.656
2916.393
811.901
918.3464
980.4607
1194.256
674.7484
1652.802
2018.165
475.2161
1772.865
603.6345
841.0601
921.8967
1939.31
1059.198
536.4683
1357.579
453.1852
701.4545
1694.623
1593.682
876.0723
1290.613
1329.559
1345.695
945.3662
1380.526
797.3688
1406.701
1482.306
1064.652
1075.864
711.0735
754.3837
2174.816
1593.605
1120.451
1658.415
1120.846
851.7485
3211.907
2946.149
572.6762
2141.423
636.9816
816.6648
1053.301
979.744
1571.401
1810.12
613.8176
1632.373
1664.296
2880.842
615.0587
340.5154
861.1663
1003.164
1818.751
1626.485
936.269
437.8395
1538.095
1336.367
1799.865
1219.107
978.2781
3393.081
483.6355
1826.888
465.0308
981.0276
895.1999
877.574
1838.401
1505.734
1603.121
757.8115
1634.05
2467.718
1087.861
3520.442
635.05
1166.677
1628.333
956.0936
452.9856
1283.837
988.4267
1738.416
1987.629
1106.455
1468.89
1018.602
791.1243
1370.811
1708.741
468.1904
1124.282
1002.018
1117.284
723.8514
601.7007
846.5011
1902.608
656.0835
569.8429
714.6566
609.5777
826.344
812.0925
1625.837
491.9657
1048.062
1206.303
562.2329
3142.795
2260.27
2024.017
1210.856
1029.075
955.6892
758.4277
1252.613
2634.743
1372.226
3263.15
685.6912
781.2245
667.3116
995.0315
1143.359
824.5381
1422.88
2005.541
4301.907
4949.095
582.7393
565.4228
648.629
2785.303
884.6675
777.5402
1448.219
717.9193
1568.789
985.7418
1310.668
976.2929
781.0102
667.8057
1730.378
1082.884
2061.93
1166.775
1230.618
958.3906
2578.299
949.1196
1900.307
1873.166
675.8483
1279.41
1518.711
1078.121
1258.5
1559.108
929.5194
1565.324
3280.838
1172.744
1480.566
2509.659
490.3232
679.0444
569.004
812.387
757.2799
869.7664
851.3052
1038.302
540.7252
941.6434
712.6267
1543.819
826.7601
588.7533
865.7816
1029.244
1032.859
1113.334
1760.338
1328.781
2168.368
1332.53
1126.443
837.4716
1001.476
1141.399
2463.561
1534.177
1066.436
810.2659
845.2296
1509.841
856.6913
1008.169
1620.112
1277.593
789.5572
687.8354
703.9429
1366.384
467.1444
1078.898
834.8984
576.9372
1190.221
829.0248
1394.627
1689.388
1489.128
2316.535
1931.004
776.1563
884.1622
1342.714
668.4323
1567.6
617.7127
749.2573
464.9266
915.0239
944.4893
390.8834
1399.912
1358.255
540.1001
841.0261
1958.468
847.3463
909.8051
804.5773
791.7416
990.4294
549.8634
846.9149
2748.892
1317.527
401.0409
2894.018
1707.011
762.566
2633.457
945.6963
866.9066
897.2815
809.7761
1716.06
1820.441
712.046
545.0565
1124.263
2055.922
1316.538
1729.906
570.3707
553.0514
1584.663
631.7148
1164.543
1172.807
719.8831
1017.475
1346.129
686.262
944.3397
1289.289
1675.936
1291.159
947.7221
1726.537
1146.812
886.4636
975.654
987.2543
963.2875
801.6655
604.6152
787.579
850.7992
1247.541
1051.69
498.2197
555.9323
1381.232
943.986
983.3452
601.7215
682.3449
1045.156
1721.085
934.3882
452.6947
1951.987
1069.608
577.5028
1061.744
893.2255
2230.382
985.5182
492.2082
739.8833
2411.318
544.9376
951.3843
1104.459
1265.818
1378.677
1516.507
1123.322
766.6915
1452.53
1250.207
1635.416
510.0392
975.8572
932.5984
875.5377
1372.024
929.2662
1286.711
831.3183
1449.578
1002.199
1142.461
1364.411
940.5961
1535.413
999.1037
1717.565
687.4752
1334.121
638.5544
1189.29
501.6061
987.3673
916.0538
1724.643
2157.031
808.6051
2138.741
603.739
1068.579
1285.554
1051.583
3172.589
694.6732
938.2827
674.6057
1123.78
1279.263
1809.917
752.2221
829.5841
1795.032
727.5962
1338.955
2073.46
996.8726
1770.501
1331.338
820.4465
883.5805
3974.602
1591.588
1594.314
1308.821
592.4444
5145.282
2217.514
723.6183
546.3979
1132.892
531.706
805.3773
1129.306
1328.721
1060.203
418.2157
1292.93
