153.7749
175.593
124.9081
137.7194
145.8332
125.7323
146.3958
210.2673
172.6893
170.9843
99.03071
97.53244
93.13602
90.98432
97.07938
90.34897
75.30743
73.92345
91.50585
99.47047
97.30392
82.43176
78.31168
82.2486
64.57083
78.30695
99.75667
109.9158
98.6613
95.69353
90.93377
82.24809
83.74755
77.85534
92.36187
89.19749
98.03888
93.19587
81.60735
52.64402
59.6133
68.02815
85.30244
89.374
87.38495
104.3895
100.6626
82.87445
79.60026
84.83273
106.4758
89.05166
88.05431
60.54109
84.30174
67.37734
70.30781
61.99398
67.06779
82.02802
108.2219
81.0101
104.2766
93.48156
103.1354
81.81644
112.6036
98.08752
90.26153
93.5
114.2536
102.5506
60.34435
56.44328
67.40085
96.34943
87.99162
97.09533
72.58338
88.32148
88.32502
95.13714
121.049
105.6177
172.1044
221.0838
193.1295
159.315
130.8497
187.0223
158.5024
122.2634
92.78431
127.0238
186.5536
210.0827
202.577
150.4316
129.9869
158.5497
154.367
131.6267
172.6667
166.3654
136.2171
109.8584
139.5271
124.4539
88.87289
97.52548
85.18545
95.09316
108.7687
92.86121
106.744
113.2061
116.7846
99.10101
137.6597
138.5907
93.79153
111.1583
124.5438
89.48281
64.17538
82.84755
95.69894
87.73589
91.84404
107.3328
181.031
164.9525
172.0352
178.2325
188.7953
263.4789
233.6135
143.5785
178.3126
160.8165
197.1004
135.8713
155.1399
172.0026
143.0306
146.189
111.4407
107.2668
108.6025
101.7156
100.6146
101.3535
75.91053
86.13098
116.481
120.3514
94.54469
67.68486
74.43561
72.63056
76.95969
75.54932
81.16536
133.5245
117.8438
147.1636
211.4305
185.2194
179.7078
138.0464
143.619
122.8525
117.26
130.4319
95.44567
80.55572
99.00782
77.80735
71.7035
71.58232
69.53739
89.71752
85.80845
91.75867
98.47686
112.4661
120.8557
126.9011
114.339
173.6619
89.31105
74.03493
95.17063
108.0642
100.0821
109.8926
109.4742
102.9889
125.7549
122.508
141.8822
187.3263
236.7292
221.1783
180.8612
199.0156
277.8091
246.0271
220.4722
267.1175
237.4831
178.9877
148.149
184.6748
254.5543
292.9638
302.7738
302.3086
287.6297
304.728
397.2429
400.7006
312.3352
242.3358
300.3775
219.7686
175.7555
161.4506
148.6841
126.9081
111.9908
93.86464
87.35887
69.08043
76.07178
79.18481
71.78741
94.55789
76.01497
88.61397
77.62633
58.09327
69.1136
79.50973
79.46447
88.36173
107.2783
101.8077
80.42498
74.89735
68.37216
89.34867
64.50913
49.11859
57.40204
57.91385
70.81891
72.00308
83.64817
93.848
84.38837
74.46259
91.35751
78.67053
91.36476
74.40134
60.51866
55.26953
62.01546
63.80572
67.74287
63.25334
89.18063
87.87082
75.28314
91.36597
78.46788
74.28519
85.60334
110.5947
97.64746
132.352
137.9774
95.22831
95.46271
82.26175
65.13346
79.14655
82.51803
74.46225
88.14521
84.15529
81.35776
109.7886
91.84548
108.185
131.3572
103.9077
95.62702
70.18714
74.78532
64.38035
69.89952
103.2005
105.6989
88.06559
86.96423
65.86828
94.6777
93.6148
104.6475
99.07232
118.127
105.0888
101.3638
136.3579
119.0535
105.8622
105.8542
105.8003
99.88202
92.58204
71.852
57.83155
50.8935
44.81272
88.21602
105.9554
135.1596
110.3432
148.035
153.9038
120.4299
139.594
120.2417
179.1988
204.998
198.7118
143.8915
139.9555
146.9661
85.86599
102.2863
119.5513
122.25
135.8497
146.1946
133.3648
78.42751
60.52288
64.82735
53.3643
54.88468
71.23972
88.43839
94.7971
73.3907
68.44985
99.42209
75.50904
96.84138
86.93658
49.9167
48.19603
58.34842
53.4374
68.34559
70.32908
58.16848
96.64299
73.71445
94.98017
116.608
116.8111
101.5455
100.6616
105.7536
100.8424
88.05827
101.0623
81.67376
73.55556
96.80481
96.88072
136.8113
74.3964
77.17856
88.70158
80.98516
84.89379
129.7467
124.7596
146.2158
162.0022
153.8023
165.698
106.29
91.35427
98.67748
135.2388
149.1098
109.6277
127.0582
103.9744
96.81037
83.67309
101.8756
99.73739
66.75478
76.20287
93.77645
79.39037
77.02887
84.47543
88.75542
108.3899
102.5123
113.8141
128.4341
120.9541
105.6603
87.04662
82.49884
104.2077
149.479
190.0251
226.9799
119.0658
142.0238
122.2934
164.5207
211.4045
149.0057
129.8651
136.7214
117.0945
90.75921
68.04075
62.12492
57.35241
64.31445
71.77706
75.92323
87.85381
93.79458
96.64409
115.4177
153.6309
129.7949
141.7082
186.7114
174.9177
136.1345
119.0739
114.9844
113.8703
121.9949
142.8248
204.6537
208.6162
145.694
109.9224
117.5898
120.0019
131.6079
204.0547
205.9153
157.566
142.6192
132.6882
111.9204
111.6327
83.40997
98.90822
98.44679
138.6431
110.345
126.5929
116.1698
188.5505
224.0784
307.0457
315.9882
279.9726
219.3863
204.2972
298.0601
406.5402
318.0498
281.3596
214.9352
225.5098
187.8415
249.8182
182.5094
173.2418
190.4457
176.4211
173.7729
143.6653
