578.5544
1210.802
2314.827
788.8329
1043.298
1122.529
1201.793
636.0322
816.2489
804.1563
659.6636
980.9537
3242.976
751.3529
838.4425
1576.6
1287.528
1102.627
1563.821
524.8649
1873.83
1044.313
652.9681
1087.769
1332.76
908.8427
2021.204
1886.866
569.0863
1777.304
1175.822
1399.398
1116.77
872.1591
1165.073
853.9685
598.0388
1430.349
1239.956
976.9466
3106.686
1027.194
1114.392
808.0459
628.6313
557.0844
566.079
1533.767
327.5176
904.1439
789.6708
1078.4
2476.722
1396.326
402.0026
546.1996
1340.583
1821.634
1002.532
592.6658
728.5117
842.6552
1061.655
1218.423
1191.719
1051.803
1052.658
785.2823
599.7318
994.0698
492.0284
589.8838
428.4123
1672.095
971.8001
1195.278
885.0098
1171.621
1157.128
596.8425
1124.744
4063.527
1218.737
1025.872
846.9624
880.4065
864.5212
1196.237
1462.502
853.3301
1483.69
871.5234
3693.149
1142.177
790.7031
1318.164
618.0571
2083.069
829.2901
1679.539
1778.752
4180.438
866.5326
2204.997
1055.419
841.7156
1460.675
528.0148
1351.264
829.7479
1636.825
1413.961
551.7554
688.1641
1225.237
893.4222
2089.494
562.1563
575.37
537.4665
2137.532
536.0225
842.9142
1122.406
1354.687
1701.713
428.9632
1420.549
702.3601
2083.47
2019.284
1346.642
717.7072
1316.288
892.7074
432.9655
1528.737
1152.264
1238.106
780.5012
907.5173
2239.308
869.8796
1837.231
1531.327
692.5123
966.6883
647.0092
1602.918
2836.127
1951.868
1287.965
607.3586
559.2138
862.2042
1842.158
763.672
995.0392
1057.054
1153.605
2465.39
1312.859
728.9755
1338.231
1296.524
1828.462
812.0944
826.6139
1151.865
873.1307
598.9056
1236.951
1833.398
888.553
802.5683
1257.351
1091.701
1241.845
3834.237
872.0426
1370.094
2064.303
575.3357
1067.892
1004.34
1528.323
1741.947
1607.259
2942.586
3398.62
837.5121
1951.481
957.1212
490.8697
844.3586
1317.86
1069.839
706.2201
1255.091
867.1723
1001.147
1127.523
1262.859
1185.615
1511.965
880.385
665.1668
1512.386
1072.874
1131.084
1368.525
1584.479
2471.918
2209.235
515.5809
1007.667
1403.463
1841.998
5156.734
830.1776
1059.78
986.3725
899.9647
1797.764
1209.287
625.4421
1371.603
1879.245
1284.159
1151.911
1371.791
1251.679
1402.324
934.6418
1768.914
642.5487
1969.354
382.7032
1349.68
1143.01
1411.639
1713.016
781.9987
1263.473
1360.871
654.9992
1416.981
555.5029
897.3339
942.8733
806.7195
1692.715
844.9917
574.9773
668.8095
636.8539
2166.417
1159.493
1111.088
1327.775
2362.823
1567.299
866.3268
1256.512
761.8932
541.1671
568.782
810.2973
3436.556
1135.073
2788.716
819.2537
926.564
1471.042
707.5189
1096.812
1278.197
454.7934
1520.912
1810.358
1294.907
1347.163
898.1726
1437.326
1638.402
928.364
797.8141
899.888
2309.566
513.2064
1035.544
727.6663
1310.301
998.773
1415.125
3497.881
1342.611
741.1166
604.1871
1249.736
601.406
1159.106
552.857
1934.47
1801.551
388.8085
678.8233
851.6922
880.2828
1300.726
1153.876
1578.683
866.9935
900.9246
1343.088
477.1788
495.1145
837.1302
864.4142
2292.063
644.2197
1210.196
792.3975
661.9785
761.6911
819.3391
667.9169
1150.299
1100.513
2236.332
997.6736
535.2541
1251.514
447.6662
814.4039
918.2124
1008.391
1209.739
645.4798
914.5005
1245.631
1057.544
1155.5
823.1814
580.2089
1486.148
1104.892
798.5641
933.7516
1085.953
1054.718
585.6079
1887.906
749.2242
449.2736
1403.383
589.9619
455.3585
732.5629
1486.212
723.6109
1412.804
986.336
2524.684
780.9625
551.8389
2211.648
1350.495
682.481
438.4434
877.1169
586.3889
990.873
2672.101
2374.465
1107.466
489.4336
983.681
1212.878
3999.24
1339.608
914.6101
925.5926
517.3672
1851.143
947.4629
2322.876
1672.672
486.9399
618.9466
1403.212
1194.262
784.9636
1761.078
1252.387
715.528
1164.797
977.4325
859.8242
873.9775
942.589
481.5697
1167.345
1445.598
927.1333
1006.497
1311.663
1229.254
883.3071
848.6962
1379.082
1419.596
648.0867
313.7688
952.1316
1121.336
611.0702
1202.68
647.3745
2461.788
977.5878
1222.217
2908.697
716.533
620.915
1559.999
1061.574
741.6989
1570.514
1429.039
3166.614
734.0848
596.0361
819.2148
562.5072
818.6347
1383.474
1340.3
1416.552
937.2503
625.4125
1084.599
3027.186
1794.885
789.6406
786.6634
1385.94
316.0939
2550.32
2810.093
1371.73
1800.378
680.9187
423.5524
539.3625
1067.667
1073.475
840.6419
881.8817
1375.481
1115.271
972.2483
1553.98
1252.626
1109.538
1005.842
808.9237
716.7122
531.866
835.6228
648.1581
2273.278
720.3079
649.9489
981.7498
1019.743
766.2113
1313.621
3381.18
446.9308
955.0212
430.9123
1238.285
1540.775
1121.795
2328.719
1147.853
1997.358
2497.136
749.8789
1122.453
1289.845
707.787
856.1102
1869.519
606.4537
1113.423
411.6425
479.4316
646.1479
