45.39632
36.25261
30.67346
35.54255
35.63107
46.10318
62.60189
49.8746
58.96096
46.10206
57.5519
52.64498
60.52725
57.77002
52.91427
43.91403
42.14628
33.56827
24.76592
34.90522
36.36223
38.91977
50.9043
48.16497
38.16291
31.05166
34.80583
34.87434
30.02551
23.81168
24.06066
25.70049
25.13364
20.56348
27.64387
27.89944
38.16449
33.45605
24.5709
29.38213
28.14359
30.53508
42.18154
41.78521
42.22105
33.06333
38.35114
22.97583
20.68439
20.79849
34.02466
31.12678
37.72971
53.51507
55.02895
56.21734
59.16392
42.54261
34.61991
37.66131
41.04802
35.10767
54.22071
33.40769
36.68456
27.20643
24.21949
20.81741
18.83548
24.19644
20.66066
25.87738
32.65216
25.47579
26.95217
26.51125
24.07077
19.19955
18.7428
20.41588
19.0594
20.48316
24.62749
28.13421
27.06353
27.80204
34.67421
34.85143
29.67941
31.37741
35.48353
30.14567
30.63445
29.15625
26.773
28.77495
30.64573
26.25801
30.46588
26.91808
23.36209
23.0799
25.07257
35.03173
31.98961
26.03997
28.74622
33.06084
27.91905
31.2686
27.0472
34.31826
37.16927
39.01068
56.74833
41.88249
39.24895
34.80873
35.71179
39.65086
35.0658
31.67845
42.69988
47.83071
38.92847
35.58683
39.02092
24.32607
29.00148
31.00872
36.50443
47.93113
36.76207
37.33275
38.12595
36.09905
39.84486
46.00199
46.65699
38.48083
36.18036
29.94117
24.79517
23.75188
40.8319
31.54108
20.89114
27.79472
29.20353
34.09447
29.63367
35.16085
39.01799
46.53615
44.02365
49.46001
44.15212
52.22073
51.42197
64.49141
54.01161
41.10798
37.17656
44.83392
38.8387
32.44035
31.95775
33.52228
32.01148
45.4014
56.74756
59.7041
54.55136
50.11609
48.15968
65.97731
73.99749
61.92709
44.76319
55.06572
64.06705
85.73577
73.63544
54.79762
59.43647
62.26907
55.2387
38.4472
32.93788
42.15361
49.88052
54.05568
54.21729
54.16938
45.14372
37.81357
30.22405
27.25458
30.7325
34.59383
47.02917
56.55035
67.86917
66.25061
76.15212
70.62506
47.00958
43.0523
50.07563
57.10322
70.36056
71.97668
55.96129
57.24418
72.92231
83.87711
80.921
79.83102
84.57248
75.33908
75.53026
61.90089
54.29046
41.62263
46.69191
41.8215
34.08765
39.68219
53.83428
67.92984
70.06768
64.13334
63.29704
51.01111
49.99424
47.10956
52.12074
49.95641
54.31206
45.97607
43.20842
38.92894
29.30955
24.23466
27.84619
33.86502
34.4892
27.16568
41.26838
36.78956
33.70216
20.74636
21.96922
34.58504
28.84571
23.80213
21.80793
24.6717
24.9825
20.43919
20.99997
23.78688
32.48887
32.72541
28.10571
31.36454
33.3874
28.91725
37.91632
45.86488
35.5965
48.74188
42.72968
45.44128
33.8511
30.03698
32.02486
27.06538
27.7787
34.7324
26.8239
26.50787
33.31592
35.4081
29.54754
24.89828
32.68671
34.30051
32.62854
37.70236
42.344
43.48232
26.84693
29.92152
30.91749
29.71436
35.65494
45.93931
50.1946
47.73513
42.78917
36.88976
38.79427
35.02269
31.1372
30.68843
32.03854
34.67833
44.69818
54.61365
60.92127
42.06415
39.05805
32.08093
38.4117
28.48049
24.33861
18.31115
17.12893
18.28073
27.35691
27.68375
24.53802
27.86309
39.25511
45.85222
51.74954
49.88499
46.49717
46.30413
33.48645
33.71453
39.69994
36.27563
33.61132
42.27496
43.50182
39.97365
28.05389
31.55923
26.95289
29.74292
23.23582
26.79113
25.82345
30.42664
32.49028
25.3422
25.95021
28.86321
35.79263
32.94345
28.05037
29.78619
31.61554
24.0372
24.5565
17.5046
17.32522
17.63285
23.60196
22.42839
27.09589
22.02063
23.52573
26.88065
23.70028
35.34018
38.93586
49.37581
46.81529
47.4142
44.56847
58.10908
49.14945
58.06961
56.29907
58.92799
62.51621
45.3654
42.51592
37.26546
32.48535
38.11201
30.90994
35.56382
28.98686
30.14468
31.98923
37.22775
29.01465
25.22502
26.62918
31.69779
33.55122
52.79746
43.76825
60.48157
49.1116
57.04795
58.91018
51.28573
54.70366
51.18948
32.09438
41.55753
37.41814
32.45789
27.64456
34.23656
33.39218
34.83001
34.75252
30.53082
29.10359
25.05755
21.86664
21.63814
22.62488
16.01462
14.52517
21.03063
19.79302
24.18276
25.75179
26.65351
25.96469
35.76119
47.52914
44.27489
32.69009
36.73885
41.67455
30.20949
30.708
26.7021
36.70821
36.16707
32.53579
39.5031
39.28838
44.83808
44.71628
29.35744
20.09971
26.77345
32.04519
30.05487
41.66583
48.6605
63.6852
51.64063
50.26151
62.91635
41.34318
38.82534
31.44415
28.5352
23.82137
21.90066
20.8056
23.51505
21.44611
20.82539
25.31715
27.5997
31.82895
42.7024
37.62474
34.78662
32.58438
37.40636
34.02247
30.27313
27.26908
31.74583
27.7606
28.5319
33.19798
30.32634
28.23725
27.56145
30.18568
34.30842
42.56334
36.55025
33.28077
29.86157
31.29383
32.34698
34.61289
40.41646
42.19671
39.71542
35.13024
34.42023
35.641
39.2095
38.47196
28.7281
