97.36259
94.0279
99.69415
93.78708
88.09609
97.2115
97.04293
98.87189
94.10307
93.51664
96.39351
87.183
95.67289
90.41908
101.3924
104.183
93.86733
98.28484
101.9222
95.10113
81.38652
92.30498
87.99186
87.4219
90.64432
96.13396
96.4557
97.18088
91.63413
88.65436
87.90405
98.73748
100.4292
112.4101
113.1218
95.32607
103.3952
110.0283
103.5414
99.70837
99.15301
84.8218
106.6782
90.39405
98.6071
89.91182
96.64449
129.1526
100.3032
98.88027
104.7927
88.98026
96.99256
90.17116
92.16414
79.36748
97.09574
91.48554
99.53634
100.094
97.52206
100.9716
92.36557
93.59466
104.297
110.1636
96.73098
94.14805
89.01077
93.56132
88.0073
105.3254
95.46802
102.9078
86.32059
96.81511
94.00515
90.30316
100.271
101.704
100.6962
103.7243
94.29592
106.5297
105.5079
88.37321
88.6531
97.78932
106.9152
99.1766
95.63803
91.15861
86.21271
99.57275
95.63873
97.04962
90.37375
100.3908
104.5763
99.03148
94.21028
85.09827
85.90503
106.8199
104.3806
107.2227
116.3261
92.01474
101.5906
91.73629
89.80863
92.40754
89.96381
97.29818
83.89758
95.75113
84.63327
86.3659
99.20587
97.35737
95.05338
122.699
97.40543
99.25836
92.10223
90.30366
97.11968
93.00306
93.10755
117.5474
96.19966
99.16646
96.03601
100.4498
95.26372
93.30037
96.4129
98.06633
88.71067
94.68833
92.043
97.38663
97.38788
105.3592
93.74613
88.64703
86.39468
103.2761
92.68979
95.3745
97.46923
97.08069
98.84526
104.8596
102.5165
82.72986
93.14102
92.47166
93.88638
95.30929
90.38306
87.06997
81.87355
87.83127
88.06879
92.45355
86.49116
88.46139
112.0891
104.2183
88.71802
83.15094
88.66062
92.40218
90.02228
101.4232
83.15162
103.0703
121.6839
111.623
95.70145
89.86488
88.58349
111.238
84.75651
93.04839
99.84594
91.49344
90.238
95.86976
93.69001
102.7535
97.22596
110.6174
90.95886
99.0885
101.6827
105.9051
107.2883
105.3
98.13209
102.2772
87.39987
86.67366
109.1956
86.98886
107.9607
86.47091
93.09505
101.213
93.21838
92.58552
89.194
92.86734
94.11884
90.6882
95.51075
91.51036
85.16437
92.05776
99.71243
85.36931
99.76967
103.702
78.39632
93.73348
109.3373
91.88345
106.3946
121.0149
95.12029
87.70415
77.74839
103.854
98.86466
92.10623
91.50786
91.1554
101.7326
99.87649
94.20608
107.9399
95.78044
102.2378
107.5953
89.49926
97.12652
95.64355
99.05671
100.5351
93.48422
98.39136
101.9568
90.83895
86.8151
112.2569
94.89444
94.92532
101.2841
86.26609
93.63188
103.3229
92.74151
95.45191
96.64516
95.11241
107.4339
86.40631
93.91899
84.69066
102.5535
92.56848
100.9131
93.75435
79.44995
90.80977
97.90934
90.72215
92.40569
96.10866
110.0428
93.98722
81.52334
93.14475
102.8784
84.23898
93.48453
92.29539
103.4978
83.88696
100.6234
89.6059
116.747
97.50725
101.2795
97.62477
90.24397
100.9593
98.64797
86.6627
89.4021
90.62085
86.02913
118.1183
105.0351
93.05412
102.7445
94.39399
95.40292
101.9256
86.31277
93.3728
96.55745
82.97645
84.70857
97.73449
99.76574
109.2179
86.02813
81.97302
83.49881
110.7672
98.25853
102.3471
82.80347
100.4157
98.9827
103.8942
91.70213
95.02307
96.71699
95.53227
84.73089
102.7644
101.2603
112.2427
99.63562
106.2477
86.21493
94.61044
96.91179
93.75717
83.28383
97.41098
102.2165
89.79398
89.19986
99.21864
89.08413
99.47907
85.62967
87.09482
78.01832
80.30736
88.28544
93.69653
77.63318
85.20086
102.4528
118.5607
103.8842
89.75172
100.3753
114.1262
90.5648
86.67527
96.32691
97.81165
112.0952
84.33165
94.21333
92.21789
93.33412
100.786
107.0738
99.9476
94.87614
89.72212
95.76932
108.9003
87.08208
89.17163
89.26901
108.5649
103.8513
113.3356
95.64914
90.21971
99.65699
89.83834
104.3425
107.3142
107.4987
89.88571
114.1538
105.5565
86.07117
113.9719
98.98928
89.85748
95.7352
93.82044
93.2204
91.45494
89.84111
102.4148
106.8521
103.1827
119.5069
116.9551
98.9754
89.96478
94.10465
105.5902
111.9981
96.92603
101.3168
95.59978
99.79972
114.0349
85.45845
102.27
87.17141
107.5506
105.1292
99.00499
99.29332
87.86071
95.22825
121.8162
106.3163
113.3934
93.01663
102.7557
116.9437
101.2351
100.3539
92.37726
96.60154
98.16207
107.2599
95.87527
107.8097
85.10865
111.5786
90.44069
84.89661
88.50033
102.0109
99.52994
90.64237
93.33983
88.45417
100.2242
92.42633
105.4514
104.4401
97.90599
92.88381
105.0965
109.924
79.33518
95.64407
83.3837
105.0092
88.318
108.3959
103.9331
104.2767
89.01414
93.02919
88.73311
94.85471
89.12609
105.7491
96.71266
94.47624
89.38935
100.415
92.8699
105.1451
89.95719
102.0014
97.25118
98.27239
85.38855
98.33881
101.5252
88.90906
91.14955
101.9826
90.09199
89.73454
94.77777
109.6561
101.7743
104.7313
88.36269
88.83132
84.78768
