116.6789
120.2561
127.2939
110.1762
109.6234
99.6884
14.57137
13.9485
11.48846
12.33716
12.68266
11.76654
12.52123
12.34787
12.58446
12.01797
12.59266
14.59477
12.24004
12.18801
12.6171
11.99314
12.9369
14.68505
14.64504
13.96423
11.95713
13.28708
13.52376
12.71848
13.64105
13.60652
13.79654
13.35943
13.13492
12.13487
11.80712
13.21901
12.27658
12.03256
12.39894
13.04017
12.33126
12.02445
10.70471
12.3039
11.7269
12.45169
12.49891
13.00626
12.95636
12.40148
12.41542
12.76573
13.7196
12.75985
13.3361
12.99808
12.26179
12.56753
14.03741
12.3896
12.51329
13.18058
12.64765
12.36479
11.98087
13.71075
12.60054
12.73081
13.08729
12.76911
12.01264
12.44155
13.74079
13.10181
13.0824
13.71645
12.79918
12.17716
11.70312
12.45836
13.41023
11.95678
14.19525
13.36353
12.84238
12.19928
13.04253
11.80066
12.82061
13.16724
13.08421
12.99941
13.43514
13.28553
12.2791
12.42602
12.99278
13.10139
12.13713
12.86399
15.10633
12.36595
12.99374
12.70195
13.74658
10.83891
13.48207
12.87027
13.25784
12.99893
13.79869
13.95022
11.92024
13.28668
12.16392
12.75891
11.19743
13.57363
12.17269
13.01629
14.33142
11.70904
12.31247
12.90508
12.83267
11.75574
12.37015
11.87789
12.50254
13.43768
13.09084
12.74151
14.55309
12.21134
12.59461
13.09003
12.99323
13.39866
13.37837
13.43902
13.19805
13.33059
13.68583
13.40223
12.62558
13.43166
12.41165
12.8177
13.15246
12.10005
12.77199
12.44375
12.02677
13.00329
13.03903
11.75456
13.13836
13.33352
12.33756
12.40592
13.19655
12.19322
11.87333
12.55577
13.58599
13.10578
12.3601
13.86892
14.24851
15.05919
12.66129
12.53214
12.0361
13.284
11.66299
14.0614
13.6168
12.39446
12.54982
12.58284
12.37434
12.37181
11.64988
15.07439
12.94652
12.83799
13.23557
12.5024
13.18309
11.94072
12.04598
13.01731
12.45878
12.3594
14.29639
14.07659
13.63041
13.30831
12.36077
11.85136
11.12959
13.57485
11.94141
13.25463
12.79279
13.2052
12.71772
12.80998
12.83841
13.05217
13.05244
12.84149
13.41497
12.91018
13.02908
12.23366
11.91217
13.04985
15.20445
12.3372
12.81119
13.65241
12.99241
11.61611
11.83086
12.37027
11.515
12.21223
12.71106
12.36505
12.69369
11.6678
13.17129
11.94097
13.21342
12.44867
13.85415
14.80531
12.55014
11.61542
11.64923
13.28704
12.7145
13.04907
13.60986
13.02999
12.28464
12.79279
12.82082
11.90059
13.66894
12.7835
12.29295
12.63718
12.50276
12.60553
11.44957
13.31454
12.50362
12.16897
13.02551
12.52804
13.19925
13.10786
12.56736
11.82877
12.29517
12.49402
12.74702
12.44346
11.94202
12.79413
12.61831
12.78761
12.80379
13.26081
13.35146
12.73603
13.41267
11.7276
11.85001
12.80828
11.53482
14.98296
12.55872
11.8406
12.80732
13.08543
13.14133
14.50115
12.79753
12.03569
11.95962
12.8023
12.73899
12.52037
13.97164
13.53169
12.74934
13.10988
14.0173
14.37385
12.7428
11.98205
12.38701
12.85668
14.82646
12.92095
13.10966
12.0945
13.18885
13.32557
12.15338
12.74384
11.87265
12.61333
12.91744
12.1353
11.68559
12.50622
13.62526
12.41362
12.36915
13.20294
12.69682
12.32623
13.33276
13.64382
12.83134
12.27089
14.1922
13.7833
12.37513
13.94661
13.6729
12.57971
12.78874
13.06947
12.51636
11.38248
11.9957
12.90592
13.5135
13.47484
12.48774
13.63083
13.98859
12.89999
13.22403
13.31491
13.06267
12.79341
13.16406
14.05353
12.61402
13.33069
13.96349
12.59913
13.86255
13.82642
12.85976
13.54252
12.35824
13.71857
13.26169
12.82081
13.49541
11.75076
12.80211
14.35239
13.73862
12.7339
13.38331
12.04943
13.49904
12.44356
13.24456
14.83289
12.47691
12.68576
14.49537
14.97829
13.9299
13.22873
12.99838
13.27548
12.81754
13.08809
12.38429
11.31072
12.71229
12.08078
12.92159
15.19947
11.61737
13.49112
12.65646
14.35616
13.36873
13.34309
12.29169
12.91629
13.19413
12.91069
12.63004
11.99756
12.41926
13.33446
13.34783
12.66494
12.99212
12.50716
12.42666
13.24485
13.22587
13.97806
12.67986
12.82518
13.71884
11.95589
13.13969
13.18355
12.02942
12.39678
12.27778
12.88407
12.56342
13.09885
12.23788
12.90073
12.83996
13.53606
13.39696
11.85619
12.65981
13.42531
12.45513
12.76067
12.82222
15.41844
12.73996
11.77349
12.65606
13.86248
12.02066
13.04334
11.43137
12.53599
12.05065
14.25344
13.31989
11.99148
12.14578
12.05517
13.13692
11.90127
13.14664
13.06917
13.28322
12.96989
12.2671
12.03284
14.37022
13.47653
13.1918
14.1714
13.16054
13.42668
12.01026
13.79404
13.73383
14.45744
13.67928
14.33654
11.92382
13.89229
12.7374
12.37211
14.23428
12.45462
13.25692
13.49857
12.08982
12.14634
11.94335
13.51409
12.48935
13.32117
13.34186
13.19564
12.71932
12.8098
13.6033
13.61376
12.66347
12.06442
13.16441
12.33805
