375.7505
80.03618
103.8103
131.0406
168.3639
262.2075
156.9813
394.1135
60.11901
98.77471
78.17589
96.96769
119.3551
108.5389
87.58525
215.9615
247.9076
74.15157
101.2189
178.2615
374.4198
173.0882
118.6979
147.3767
135.7106
284.9615
229.3125
351.8278
106.8961
95.35863
106.063
244.5053
128.8117
153.7174
349.0597
64.36128
283.6246
79.83411
98.21301
235.7309
198.9378
115.1175
163.0756
194.8039
189.138
202.8476
219.3504
106.927
57.92509
69.69952
90.98036
205.4183
174.8826
117.9486
106.6164
279.6201
83.19476
147.7679
83.33866
102.4453
853.9507
101.6698
138.6442
199.2168
118.6412
292.3978
283.4984
76.08449
234.7597
229.7263
156.2002
71.83711
210.2966
292.5861
131.3639
203.4475
190.2191
238.9677
155.9964
1964.7
172.4176
183.2526
431.5052
159.0524
233.4661
228.0072
245.9425
201.6541
127.2092
142.931
191.033
122.1409
95.97743
71.21021
286.2709
179.0008
76.93912
155.5481
112.0916
189.4191
273.5365
166.4464
292.1402
177.457
116.5054
379.6896
171.7269
107.6685
223.9664
302.7841
175.571
304.908
542.9743
393.8721
241.6595
572.555
293.5467
645.8828
222.2497
131.5663
208.0903
540.0145
267.2835
394.2203
220.6023
126.8718
331.6626
151.594
295.7013
765.7891
71.59232
247.1727
407.3508
164.6373
175.3937
437.39
80.63498
201.7458
94.52899
87.03997
73.70871
209.7797
80.72015
134.6657
337.1125
459.5712
418.1875
338.4827
88.06328
125.9408
123.209
244.4917
365.2498
400.6759
123.0666
199.0821
137.1465
389.0676
133.8561
326.1089
88.9875
103.289
176.3798
126.4095
86.66765
143.1454
72.24465
147.0611
100.3036
387.1707
108.4829
215.6284
112.216
98.47832
91.95421
175.9588
167.0461
250.8857
273.7261
96.60062
262.6746
61.10109
216.6526
52.75267
117.5779
216.8418
184.4785
114.4583
129.9086
82.1383
347.0887
309.892
374.5051
126.8894
199.881
76.68734
185.1085
238.222
88.71825
308.5515
129.7392
144.6723
230.2193
85.83659
105.8186
67.27484
278.9999
114.7091
659.7723
173.6066
131.3976
159.2938
336.8034
217.7494
150.4288
346.1087
179.9939
117.8411
242.9977
450.6486
196.5814
108.8046
98.7508
112.1579
139.2526
160.6088
104.4212
290.755
114.6512
276.6442
317.1654
111.0118
136.7717
111.5912
265.4635
161.5939
116.0615
113.2858
93.37837
146.5653
117.2085
83.61204
296.0164
102.0094
340.6365
195.8657
86.36742
167.0893
272.6055
125.4992
287.6615
129.0639
62.00672
262.7454
69.05474
82.56432
166.1294
107.9896
383.9049
112.352
292.018
291.7047
187.4181
104.0879
435.8916
533.7401
68.88761
180.1682
141.0424
141.1745
125.4553
103.707
301.1661
197.3077
110.3877
88.40933
289.0743
98.19698
189.1196
154.5107
82.9837
78.4013
320.0062
70.87365
109.1265
428.0583
333.4177
83.0943
152.906
582.6193
154.5997
155.5033
198.393
120.5121
145.8808
311.5052
74.94802
119.2471
67.25165
173.5326
242.6969
128.135
152.071
100.3918
129.3816
93.87678
66.94151
206.771
156.9508
132.3488
132.251
120.6889
344.0913
104.7448
93.39845
221.1062
120.3297
172.2488
86.56375
56.00484
131.9758
876.4765
60.90644
4065.474
99.45108
231.9818
71.87892
73.24384
194.1559
98.58984
83.01794
128.6979
221.851
163.915
91.52123
129.9549
257.3077
225.1012
90.99234
181.843
146.1943
95.28889
323.3975
372.4553
185.0519
93.50893
323.8589
133.6288
156.4018
190.1129
136.5662
369.4609
163.9978
313.0651
174.6724
194.152
151.4148
307.7176
130.4775
99.55016
184.6563
138.694
153.3636
91.79052
167.669
1155.65
151.571
248.8656
199.7523
140.6831
370.7949
68.50687
331.8303
196.4115
163.0669
221.0029
211.6689
421.2666
133.6886
367.8465
194.9732
151.0666
216.3883
166.6542
159.2289
204.224
1844.182
649.2915
388.989
144.0632
1127.095
162.905
270.1118
89.47216
209.225
132.7458
233.298
656.4927
341.4846
152.2291
381.0439
284.6154
344.3647
80.10385
150.0237
57.58669
206.7203
93.6724
185.9304
218.8811
156.0191
171.0741
87.05785
128.1475
113.684
159.9715
230.8276
66.57741
42.07032
100.5365
144.6134
293.2241
257.6878
170.7551
307.7747
471.7057
189.7328
39.02774
206.0353
108.4998
159.3561
134.7825
186.5545
220.4942
101.8827
114.8282
170.2574
88.25971
208.0764
165.7181
65.95547
77.02757
61.83842
130.8499
315.7598
53.78543
201.5425
540.9555
143.6926
174.9134
95.94204
210.5067
89.63823
125.4436
249.2104
112.16
154.5929
295.77
208.332
126.6691
72.20432
150.4183
82.98491
223.6271
79.65842
137.7145
108.3588
166.7914
75.21457
218.9923
126.1555
96.6233
125.6699
178.1903
70.33261
140.2015
94.45075
108.9344
235.2043
147.8049
206.0341
192.8698
109.4377
173.2192
161.1907
436.2397
193.5762
127.0509
192.5988
184.6145
858.2953
216.065
851.5116
356.2971
64.26062
240.0984
99.40356
282.356
88.9741
129.7189
