326.0817
565.2721
654.8317
639.5707
970.8885
637.4602
477.6674
462.0663
403.5793
778.1882
638.4256
715.8118
869.8914
854.3753
783.4368
741.5802
789.6692
613.0618
598.0233
652.2188
709.2391
690.1253
705.5718
694.9027
564.8173
567.4964
560.3773
827.4603
633.1804
744.6673
703.2138
668.1595
815.6855
576.9675
707.08
627.7008
703.3737
629.0704
616.7591
490.9186
664.8658
638.8384
553.3079
544.6828
718.5357
546.2306
675.5418
869.8353
643.6859
762.1295
725.3784
548.7189
604.1765
559.3921
637.2989
615.7113
542.4177
619.0062
678.0389
589.9933
609.0894
701.512
493.2633
635.8719
443.5344
796.6203
820.7225
551.3458
973.3005
809.579
581.3831
674.8907
659.284
731.4095
771.655
512.3712
565.0531
830.6015
676.4203
807.9169
678.6451
952.9529
491.0614
802.4781
718.0558
820.556
687.3589
545.3068
580.9581
606.754
464.8524
717.9763
590.9668
749.788
572.9669
688.0071
613.9385
609.2621
672.9916
621.5044
600.8511
703.8024
583.272
850.0738
593.6078
595.7278
741.2405
731.1297
644.7828
893.7487
720.6352
781.8076
854.5319
740.0471
573.3341
730.0548
714.0745
469.1348
552.7678
689.248
712.6926
653.499
616.0635
889.4802
829.7297
963.7224
763.3944
566.2779
768.7601
499.9659
724.7425
615.011
760.9527
575.3173
641.858
715.4608
772.6052
529.3289
596.7763
695.4776
593.1495
1100.196
710.3154
601.8882
857.5585
772.824
417.3062
645.0038
474.8972
536.7774
690.763
676.1664
673.1659
616.2237
714.5929
532.6133
567.5626
796.9603
853.0087
738.6138
654.4565
684.133
702.2107
886.2995
733.4474
721.3305
739.4862
541.7388
845.441
571.4336
618.5698
615.4702
551.1243
765.7568
578.2281
748.9028
605.9946
541.7166
623.8689
542.4099
566.3481
825.0872
800.5718
613.1587
764.8148
726.4634
669.4856
761.6203
842.3448
955.9524
616.8897
695.9296
706.4847
581.1638
764.8012
750.5269
652.4798
684.1347
806.4256
669.6702
564.6818
781.8814
814.6089
817.6963
644.4785
633.1186
583.4682
730.5028
758.7447
605.1621
537.6709
823.9105
543.9447
580.2529
975.776
882.0364
755.2034
776.3066
775.722
640.2106
660.2512
724.7794
825.5382
614.7678
520.3969
647.1236
592.4235
720.8298
775.5235
646.6229
715.8596
863.5982
648.0901
794.0239
833.3956
603.3556
659.1448
578.9057
600.133
845.9349
646.4755
789.9815
620.1958
696.0403
876.7338
571.7136
736.8495
707.8438
526.866
716.1502
533.8408
662.9252
822.0617
714.1217
689.2409
658.7277
689.4833
729.2836
919.6265
661.9062
677.8406
501.9846
645.2525
781.0974
886.7081
806.7668
689.6429
598.1235
646.1987
757.5644
444.1913
717.5256
734.3101
589.2119
693.2586
913.412
778.5651
431.3637
470.4152
764.6513
361.2482
756.1809
903.3516
953.5111
652.0104
792.9607
709.207
547.7606
543.5207
604.6236
522.6538
770.6986
523.2181
696.0043
515.7114
764.0381
622.0122
782.0179
778.2989
696.3045
501.8593
586.4903
702.9663
637.7949
532.3229
610.6906
657.6354
675.2522
650.3773
662.22
705.1208
806.2519
482.4465
472.5673
638.4218
645.7171
819.3765
637.9808
889.7467
570.3807
873.7079
741.391
745.1685
758.6205
728.6663
560.0183
716.7692
633.6274
637.0577
712.2377
661.8014
575.9608
522.1821
687.2865
654.4805
656.8526
572.3997
500.4781
587.6192
766.7796
581.6105
686.6617
607.1893
623.4077
683.2354
807.4368
584.6387
483.6804
762.0104
572.6892
493.0184
633.8453
548.0804
770.5242
673.2192
625.0237
573.7304
662.6387
722.912
651.7216
542.5454
762.216
694.2361
755.4926
745.7726
634.0218
698.5345
842.3549
672.6194
915.9179
611.1946
522.4656
596.5396
571.6265
590.9407
438.8138
569.9193
636.8724
530.7222
624.362
858.0982
629.1735
553.7655
716.4574
431.202
683.874
1080.601
674.5926
829.025
983.1016
767.3408
777.669
758.8037
645.4925
572.7703
581.0461
567.2215
816.2639
749.8425
550.0777
540.9212
616.8017
898.2257
656.0621
838.6298
552.1471
838.7598
552.9987
771.1624
507.6445
496.0907
607.4589
624.9952
546.5915
759.7781
591.1855
533.0561
622.4157
797.4735
634.7968
540.3867
796.1951
664.6952
855.0671
682.387
680.0915
696.8062
583.1691
518.7033
798.5008
823.5007
942.6964
606.0497
415.1574
626.2835
586.6218
722.9814
606.3051
512.24
939.9007
744.376
841.6014
652.9194
689.2237
806.4995
605.2498
619.2496
536.7129
565.3649
574.7737
691.6174
586.801
479.846
569.0447
733.1473
670.7917
545.116
524.9631
707.8342
631.0769
797.7011
716.463
573.4201
631.2341
511.6659
571.864
584.2291
653.5703
545.3689
770.4687
712.3963
783.7507
908.331
615.1355
547.0266
689.6975
708.193
498.0743
722.5152
729.3415
585.2176
752.2105
933.0808
794.8924
701.7757
627.4189
790.7507
937.1053
751.6637
653.5059
655.1394
791.2207
881.3635
650.7242
751.1613
547.1288
705.7149
714.4928
668.4736
637.1913
