523.9908
2753.626
778.5532
567.7268
1131.375
1068.631
1070.782
1022.779
989.6707
1506.623
1663.426
1596.649
698.0567
1090.028
1042.56
1517.273
1912.452
832.9775
1216.264
2016.396
1003.258
3830.182
433.0718
2419.121
1166.612
2057.312
2175.354
1447.399
991.0316
1146.045
1167.925
614.8163
1200.897
432.14
2812.841
1971.368
1770.579
2131.139
1177.064
1182.821
1215.601
2113.537
1096.18
1607.443
1051.777
1468.116
743.3757
960.3563
675.709
1125.17
632.5388
636.9664
2317.94
890.8621
2767.433
981.4011
2405.673
1047.275
1642.848
2158.713
1165.347
1072.273
1120.148
1724.353
915.869
1137.107
879.7703
1557.322
1052.605
1243.76
848.315
1347.445
1473.298
968.3139
1161.131
2090.285
2779.741
1856.805
1023.63
2146.41
2034.386
2083.597
1768.777
1641.717
1027.974
1188.464
1333.901
1162.713
1054.594
848.7116
3859.781
949.1915
693.5963
3169.256
787.2949
3277.23
1459.191
1116.359
2109.212
621.4623
4010.922
1200.612
1300.528
2042.766
1170.394
652.6592
942.6277
1307.775
1589.093
1530.85
2557.188
1146.009
813.8197
680.9041
1439.146
1669.364
977.9856
2036.524
1467.939
759.2097
1831.022
1240.238
852.8803
2088.772
961.7825
948.4486
800.7997
1898.004
3197.137
1005.544
1232.896
832.7525
897.0691
719.2742
3222.685
944.9555
1478.876
1350.39
870.1366
1200.237
1257.557
1823.067
1533.576
624.9988
1268.026
779.2773
594.3659
986.4374
1047.437
3712.526
1971.917
4297.063
951.0217
506.6676
1198.814
617.4688
1888.68
798.5866
1054.144
1189.41
787.462
801.6112
2144.677
570.223
1809.774
1003.528
630.3615
1692.758
3153.053
510.7709
1152
1654.77
3230.536
1388.135
1594.489
2636.507
2260.102
2032.516
2128.993
3427.204
1409.25
643.7156
562.3292
1829.254
2487.383
1801.95
2316.625
1244.245
450.6751
559.0427
1413.699
1555.668
1422.431
800.6474
750.9677
1155.007
1445.489
2276.472
1165.407
1712.829
1896.365
1701.546
1129.386
1248.818
1389.067
990.9461
1558.297
5134.086
1256.237
1092.726
1837.209
1032.167
717.668
1150.636
928.8598
833.0299
605.6346
790.8134
610.5618
1757.729
2274.699
1065.506
1285.358
821.6297
1096.547
701.9203
1850.366
687.7609
986.4217
1352.242
572.5259
2441.776
933.1593
722.2676
1072.474
1768.071
986.6124
1380.692
1780.085
721.5944
841.2107
760.9199
1932.383
2018.105
3270.703
1545.791
1367.445
856.5387
1019.106
1871.064
660.2919
533.2969
2071.439
1245.82
1193.517
1826.814
1117.678
1351.342
832.5178
688.3358
844.4868
946.5506
1784.408
1071.103
1567.596
1148.522
1403.013
783.6647
1894.042
1239.801
2046.147
1381.319
819.812
798.2489
2690.671
1200.812
1235.439
1031.164
1982.689
1411.072
908.3228
1260.505
691.5417
3419.506
456.9429
1304.556
1045.778
1150.735
601.3851
1692.672
1162.681
950.7649
1046.069
612.3829
2158.071
1166.519
1158.124
938.5665
1099.653
1347.922
730.6289
1229.307
599.8217
2738.118
672.0817
1106.762
1063.53
1174.12
1540.829
1055.043
1433.992
698.1891
973.9468
1241.474
798.1251
950.3013
887.1031
2117.384
1243.729
2872.496
881.3531
862.0652
1994.8
560.1109
1094.573
2186.549
554.3918
1738.039
1156.452
643.9255
1239.959
976.0211
686.5622
1650.001
1645.717
879.7371
1084.011
777.4753
969.7462
1030.141
2498.911
2421.615
787.289
1010.597
1027.576
1610.239
1050.79
869.2897
1063.163
1482.901
2283.194
1738.301
2373.257
1915.492
1291.901
1147.741
1945.624
1683.79
2009.81
1277.077
1937.164
403.0971
1021.744
1176.295
544.5255
823.1372
758.066
793.0604
1529.321
1476.026
757.5382
507.2506
1339.48
2055.458
879.8831
1010.013
1041.205
1077.631
1980.526
1292.643
592.0827
1287.473
2418.35
1593.899
1397.086
774.1344
839.5836
933.5071
1061.181
1789.115
1254.909
673.3974
1727.144
927.9917
1543.384
2235.286
1904.726
3706.344
1078.285
825.0911
2245.288
1056.182
1154.052
858.9803
1134.175
2087.074
1137.791
638.3732
1336.639
2067.252
1017.809
929.2748
1227.57
1572.469
862.4114
2758.951
914.7741
1822.868
716.1181
1441.091
1238.633
913.6686
480.6504
1155.015
1492.427
877.2608
1137.536
1629.17
3987.802
777.4578
1603.283
988.647
1047.844
1838.58
1169.864
1352.5
551.4413
679.7298
3084.818
1589.778
1245.452
1272.022
3884.421
1808.674
1570.662
542.2777
667.3953
1813.521
969.8878
1834.751
3404.538
1963.391
2161.263
1026.947
1496.687
789.9373
929.1218
1933.015
2811.064
554.4151
1838.4
806.2606
1539.67
1239.483
986.9212
1501.891
2364.766
1775.098
716.4266
1699.875
801.7234
2275.912
1934.179
2258.389
647.7751
512.3226
745.3663
7001.972
713.1563
1596.764
558.4563
759.6443
988.2521
2788.445
1425.927
2527.32
1527.174
1575.903
1401.764
895.7415
1744.108
541.7215
1025.88
682.9453
853.4285
702.0164
1500.58
1152.596
1159.175
877.0415
