140.4967
145.9644
217.927
209.8133
265.7765
224.4541
150.9616
145.5343
185.0879
259.3688
221.8562
168.445
114.2827
139.9942
128.126
219.9868
200.8234
193.2358
226.7227
269.8686
259.9826
196.3428
262.2585
363.3255
217.1646
241.7192
197.2437
149.4756
219.5616
283.7444
172.6664
213.6925
199.4264
244.256
288.0857
258.5535
207.9186
190.0608
158.3744
181.8372
168.3064
180.2064
183.8093
148.0112
328.2051
232.865
154.1838
145.79
173.0172
239.31
232.9888
187.9566
224.5523
247.8956
395.4443
181.9906
141.2078
179.778
273.729
311.3043
209.4393
154.9879
186.5211
316.8418
213.4581
228.7394
279.7749
393.2355
190.5988
148.3674
216.9779
222.7829
197.3606
165.2452
189.9821
223.1611
149.2009
161.2378
224.842
292.5116
191.0285
216.3174
188.2765
268.9714
202.133
186.7814
172.9764
198.0755
239.5675
239.086
186.1447
230.6824
231.0913
196.1118
230.0935
251.2335
188.6683
150.8187
228.9872
253.2583
192.8601
298.6371
287.2113
226.2658
289.7109
382.9602
196.8969
315.0572
146.3489
183.551
193.8262
149.0317
279.5432
353.3466
340.3793
239.9043
284.1926
148.7438
163.7803
323.8795
315.9716
380.7321
291.7121
166.017
199.4622
222.5847
232.6227
354.1722
265.1151
166.5615
289.5048
221.7501
247.9073
304.1671
185.2801
226.1402
237.6324
291.5027
278.1085
209.4109
216.6231
237.2092
237.1836
228.5021
173.9835
283.2238
250.8819
325.0894
250.3777
289.3944
198.7669
234.165
260.8955
215.6502
246.8488
281.4833
221.3467
191.6633
165.3739
199.3895
257.1963
210.5869
212.3787
174.7748
173.7168
167.9233
337.7151
260.3713
220.9166
173.716
391.9387
239.4767
194.0525
212.7867
205.993
202.0671
255.893
259.4626
210.5736
327.1265
229.6647
244.5069
235.9857
204.906
188.6468
288.901
325.439
164.9599
175.5894
160.3511
126.3672
191.7469
290.6199
214.2177
277.0766
339.9637
321.604
173.5421
138.1239
154.1912
186.5991
184.2555
193.0803
166.0985
183.3678
214.5177
192.5253
210.0932
258.2467
271.2781
329.0306
153.9092
187.8302
216.9645
207.5474
164.9425
266.1078
281.8828
223.4185
381.5692
251.8505
229.6908
245.9641
202.9363
182.2688
140.342
207.8936
182.98
264.9458
193.3375
154.3435
127.5791
94.62897
220.5455
121.6298
253.2633
244.7772
195.4127
211.533
140.1449
202.618
164.2156
201.9735
147.1626
110.1523
217.2326
173.4699
145.9001
241.0945
230.1376
173.2874
187.3605
166.9116
241.8192
323.9296
307.5786
173.4943
244.3885
189.3084
202.0305
198.2229
146.5032
185.4086
144.7248
189.5034
160.2534
223.0516
223.239
291.3466
218.4079
187.3904
158.818
133.5185
186.0604
120.5985
98.16318
164.2457
129.8107
184.841
144.3931
234.8837
149.2717
120.2238
178.0008
188.7122
183.5165
211.6044
177.7089
255.8421
210.6308
228.0578
225.0309
222.3144
209.1855
259.0104
276.9351
264.749
183.0156
287.5574
234.0369
184.484
161.8566
280.82
167.4155
206.2719
216.809
270.1817
224.1285
195.7337
320.8194
303.1374
192.1393
224.7048
184.4186
235.4538
291.4611
334.4498
243.2633
285.3765
189.4503
159.1039
241.1957
169.0908
161.7247
111.3555
189.6851
233.3605
296.7927
203.6467
300.1667
267.4017
198.8104
193.056
149.5614
218.569
156.0635
199.1514
148.9284
206.9946
272.4315
254.2323
243.1584
188.6944
299.8824
259.8126
228.2463
224.041
183.9359
183.8828
314.7697
318.7409
412.3946
223.968
180.6896
177.6546
248.1067
191.3173
154.532
175.4713
249.0263
162.4373
157.5823
211.2972
266.5446
257.9577
184.29
232.1634
115.7059
139.0755
206.6521
198.4319
269.6074
282.8972
182.8898
168.5939
165.3748
217.6714
202.3084
215.138
247.318
300.9129
223.1605
247.559
231.3083
248.5889
371.0648
401.3231
253.4274
173.5532
162.8376
239.0144
238.4921
231.3408
225.6393
149.5631
142.8177
173.509
230.1743
227.5069
230.5384
216.7871
270.1807
226.4325
277.5986
228.3809
309.1361
278.7802
198.2279
184.9812
210.8482
302.4737
291.7429
224.8074
166.1886
225.82
188.0033
240.9003
223.345
276.7473
257.1714
205.3997
296.5616
321.5988
221.5521
315.1191
282.5776
211.4318
252.1505
181.1794
119.6452
118.9374
143.8249
194.4021
191.7803
236.2526
263.4507
167.7201
157.9282
255.714
285.6683
157.7382
134.2835
174.2153
209.3535
200.3896
173.7926
141.1259
171.7702
157.7945
138.3885
270.9264
315.6583
218.7192
256.4141
138.9752
183.9718
192.9564
150.0381
237.5533
278.0661
248.2614
331.426
211.9419
212.2894
298.7042
277.9527
252.9975
246.4379
291.7148
258.5673
170.7427
174.7978
186.3981
141.1798
94.56054
177.99
260.7393
245.0976
251.695
281.9411
254.5611
208.9681
377.0167
240.2247
310.2062
291.8677
247.8241
168.713
172.7568
162.5113
215.1987
149.3407
191.3779
182.084
159.8636
215.1165
275.5009
345.4552
300.1644
226.5035
