0.3902421
0.20007
0.1728743
0.339406
0.2766791
1.041928
0.5807554
0.2988271
0.4412842
0.2719503
0.5711115
0.5224155
0.5285412
0.6627321
0.2983669
1.4824
0.2444507
0.1513905
0.1586572
0.5863363
0.3880366
0.1191363
0.1760774
0.5301528
0.1644184
0.08163062
0.1411869
0.1540536
0.5208679
0.3295658
0.1954735
0.3961199
0.3105668
0.1165408
0.6251799
1.265806
1.215955
0.2999904
0.3571436
0.6196652
0.2563355
0.1262828
0.2260895
0.4855406
0.3667377
0.458962
0.7247699
0.2404648
0.4876443
0.1462955
0.5943856
0.2271834
0.288232
0.2328628
0.2581435
2.304011
0.1664079
0.2758684
0.2019336
0.320071
1.146136
0.8869611
0.2076491
0.3017243
0.2980999
0.202365
0.5727942
0.2779601
0.2686184
1.170265
0.3871838
0.3074477
0.3904069
1.185645
0.1052361
0.2902554
0.5280419
0.3742651
1.017813
0.5443532
0.7706129
0.5923518
0.3296858
1.180859
0.1243624
0.3028023
0.5273058
0.1648756
0.1810866
0.2943758
0.4572824
0.3096546
0.3295915
0.3797294
0.2100751
0.1707867
0.8330803
0.5520907
0.1645719
0.3029698
0.2444261
0.6460009
0.229164
0.1471132
0.5246254
0.2095756
0.6989392
0.3976201
0.4882521
0.7939483
0.4660371
0.4308815
0.2423979
0.3213451
0.7614917
0.6575949
0.4740156
0.5258682
0.3085084
0.3287244
0.3327607
0.4263248
0.26662
0.3300556
0.3779588
0.6955231
0.6328339
0.4518734
0.455208
0.2412696
0.1703601
0.219488
0.682962
0.2361199
0.4278917
0.349061
0.9903943
0.1760075
0.1437804
0.85074
0.5958614
0.2432844
0.3578025
0.3097037
1.12058
0.8098863
0.2670071
0.677956
0.7380826
0.2381631
0.6610433
0.5428733
0.3244957
0.1534339
0.263268
0.727043
0.21393
0.3188066
0.1296534
0.6248711
0.2286575
0.4828229
0.4391415
0.414893
0.2266215
0.6168841
0.2650411
1.047533
0.3969683
0.4784237
0.2287331
0.7233064
0.5227484
0.1333605
0.1986851
0.1778582
2.319747
0.7252705
0.4200419
0.3149733
0.1918966
0.3463245
0.4898211
0.6104151
0.3413138
1.288924
1.096172
0.1357973
0.5019671
0.2828582
0.3197217
0.346551
0.3594554
0.1900187
0.2927695
0.8125389
0.2324914
0.1458135
0.3584744
0.5630619
0.41972
0.2405685
0.9740198
0.3474462
0.601447
0.4680139
0.4143534
0.3254373
0.2024191
0.2530453
0.410553
0.4735698
0.7737224
1.109849
0.1888821
0.1769202
0.2220136
0.2742002
0.2781682
0.2709054
0.3038923
0.5799632
1.27803
0.5295063
0.1666101
0.1115014
0.3951553
0.2265938
0.1819477
1.399665
0.4311723
0.6525168
0.2692447
0.7285207
1.007442
0.6077888
0.1952161
0.7752505
0.4317764
0.14076
0.408308
0.2297736
0.3080231
0.2343311
0.6317922
0.1295908
0.2646646
0.3440441
0.2648327
0.6439456
0.9219879
0.2389921
0.2342101
0.5154114
0.2218992
0.2572311
0.4636175
0.2861539
0.286233
0.1895324
0.3291693
0.2643484
0.2924225
0.3867925
0.7257855
0.1272287
0.5545715
1.760371
0.1308395
0.5167122
0.462899
0.2226553
0.3785541
0.1289205
0.2451169
0.323001
0.1535174
0.5172206
0.5590623
0.3821496
0.1042018
0.4260464
0.251748
0.2734982
0.2305089
0.3401351
0.1739945
0.6356478
0.1366509
0.1806929
1.931487
0.1933605
0.3896425
0.4058316
1.611922
1.472698
3.647434
1.084376
0.1755287
0.1179275
0.1374836
1.276486
0.7371285
0.7627327
0.1344801
0.113901
0.4152728
0.9107441
0.621288
0.4680054
0.2720448
0.1693839
0.3195104
0.4546653
0.4853777
1.267126
0.2768706
0.2576937
0.6628122
0.4751484
0.206114
0.2926882
0.1889362
0.2557936
0.4553587
1.893428
0.3029645
0.2204427
0.4234746
0.3580094
0.2473303
0.7165249
1.010427
0.9937831
1.782316
1.037885
0.2219516
0.5176476
0.6163033
0.7980824
0.2897394
0.7373626
0.3238684
0.2345075
0.3991573
1.667982
0.8312379
0.3527746
0.2580787
0.2568152
0.233523
0.1503172
0.1513678
0.4559745
0.1343532
0.4015951
0.1440194
0.2819393
1.219888
1.978039
3.289096
3.288413
0.9074944
1.323522
0.4151263
0.183827
0.6758554
0.3324341
1.007324
0.2497256
0.6881546
0.6866711
0.5496483
1.005838
0.6531498
0.2979405
1.51172
0.3455982
0.3686625
0.2820607
0.3176652
0.393687
0.1945772
0.452876
0.1616185
0.4862246
0.2368419
0.1991245
0.2437741
0.2019411
0.3398732
0.7641244
0.3297389
1.111932
0.1360482
0.7516456
0.9740671
0.7326082
1.226133
0.6552925
0.1914709
0.4082246
0.3025711
0.2391135
0.1458699
0.1337117
0.5665547
0.2100758
0.6718738
0.3183898
0.4394559
3.145582
0.1864018
0.6731236
0.3210467
0.1321388
1.045132
0.1733861
0.1703844
0.6042142
0.6274765
0.4683611
1.147194
0.389881
1.015209
0.2674477
0.4032467
0.5169991
0.2032445
0.3304559
0.1947782
0.1801044
0.635789
0.2479992
0.228801
0.6729067
0.3061749
0.1858168
0.2764241
0.9967041
0.1861571
0.4344315
0.7581413
0.2282335
0.1237924
0.2304292
0.3775101
0.2038528
0.4442231
0.3565766
0.2950698
0.5347772
0.3372333
0.2470215
0.4014714
0.7582431
0.608994
0.1726536
0.1205083
0.3402476
2.129799
0.5408105
0.1619154
0.3462711
0.6169577
0.4807708
0.1851475
0.3214414
0.5563348
0.6623075
1.647781
0.7264801
0.2714106
0.2349678
0.2791773
0.4146319
0.8093423
0.6980864
0.1943924
0.7622436
0.2513073
0.2171388
0.2650051
0.6143681
0.4555175
0.3290798
0.3868919
0.4355331
0.2942306
0.4319932
0.1554331
2.256767
0.4472635
0.3129283
1.388374
0.1057884
0.1450626
0.2847033
0.4183264
0.6465817
