471.6622
572.6345
559.1511
487.5936
630.2692
605.5958
546.3713
545.6321
567.5653
603.4262
503.6801
457.4208
490.3774
684.3455
559.5405
585.4211
649.5476
646.493
529.062
541.187
650.0827
611.4238
660.3057
607.9721
538.7077
518.3315
562.5224
619.7679
560.7074
562.8428
523.1595
677.7804
623.537
489.0778
565.281
547.9326
533.5121
534.0322
613.9223
656.497
545.3752
560.1524
595.8102
551.1618
627.6303
643.9416
545.4205
632.4373
566.9641
518.7006
556.8205
664.5196
624.5166
583.7782
583.3774
590.6082
584.7785
576.9216
515.5456
549.9183
652.7342
592.0106
543.7295
535.1649
581.3836
581.6244
553.7751
547.4475
588.1365
512.713
605.3105
530.256
567.4597
522.8614
582.6763
674.5921
593.1262
604.1884
593.2015
585.3812
537.6497
645.8249
596.2591
575.847
590.9094
526.3582
550.0661
567.0864
613.0184
610.9341
500.8042
579.7918
603.286
545.9597
586.8534
556.1353
535.8126
603.5776
601.8913
623.1194
488.5677
575.9686
622.8384
554.4085
544.9571
503.1678
568.789
583.1011
651.9988
558.8513
626.3968
553.8688
562.1064
621.9602
619.7552
607.5171
718.8582
607.0312
598.9803
661.7772
561.6906
492.8803
644.2145
571.076
643.5994
515.8471
549.245
588.4888
639.4888
583.8547
637.8134
537.4846
605.6625
527.3877
625.391
570.1623
621.8582
587.9618
519.3856
540.4
569.3341
507.5183
552.5325
542.5676
502.8362
627.6096
501.8063
611.0423
625.9517
596.1306
624.5113
610.0061
541.3395
656.592
563.0441
579.1342
633.8097
524.0485
507.6055
574.1381
522.4616
584.6055
540.4427
719.0646
579.2765
604.0291
579.1241
622.4666
555.0452
535.394
617.6324
625.0744
640.7306
506.2689
531.6714
658.9531
512.541
616.6831
573.3675
520.4591
461.2292
539.4472
594.936
578.4139
565.0745
561.8857
635.2628
530.8301
582.8093
656.7289
457.2217
526.9601
527.4063
514.2062
539.578
603.34
658.5287
621.4752
629.6959
609.7111
606.0782
620.1204
579.281
524.8123
652.0013
554.1939
602.2022
618.6125
575.3501
675.5414
602.8849
536.8073
549.4402
577.383
670.7459
517.9539
631.5237
494.4222
589.9959
652.4414
582.3357
507.9213
494.3312
627.5857
581.0016
614.8708
539.392
644.5766
550.5059
552.8483
647.632
783.8307
568.3964
510.7286
504.3793
641.8336
538.4124
606.3815
556.4136
513.2005
645.2044
572.3169
503.8708
572.8426
573.5585
736.8346
616.8804
499.469
663.2501
573.4591
527.6374
496.1593
520.4107
488.5469
534.5773
610.5971
641.2328
700.2518
598.2889
591.6654
569.1153
635.8265
715.8057
580.4155
480.1596
516.6378
551.0038
641.3108
570.4795
679.6592
665.2848
501.2625
588.7699
652.3984
559.8799
675.1652
616.3142
560.9606
554.0552
581.2684
644.653
606.095
548.2944
583.6973
670.2244
605.2655
515.3246
572.6968
519.2972
538.916
610.9116
570.5497
603.181
660.7663
537.4527
628.1817
578.4848
572.4179
599.521
507.7769
605.252
612.3166
605.9642
576.0956
533.2098
595.571
551.9887
527.0472
678.4513
603.9181
558.4932
570.3728
594.8389
538.1096
563.4827
584.9678
579.8371
588.2041
595.9056
637.728
611.0378
533.4437
580.6196
595.8209
557.4899
592.8369
605.2029
507.6268
619.4537
596.4917
600.8067
514.8699
514.8316
542.8932
544.3294
521.6824
552.2996
562.0679
553.5325
489.5555
578.9228
589.5395
558.1383
537.6225
651.7696
499.5266
471.8398
560.471
622.5965
621.364
623.3911
497.6766
476.7311
648.3897
613.3601
544.7389
524.4994
509.1189
560.0088
589.6773
459.9708
488.4488
612.3376
603.7684
443.0451
560.4911
577.7317
770.609
713.6042
623.2988
503.5538
594.2531
548.9865
526.6252
534.5662
577.6196
617.6968
563.597
700.3604
475.3923
577.3748
579.8875
553.102
636.1093
597.2628
618.9249
590.8556
656.0872
569.5212
656.434
610.4496
606.0514
532.8175
570.8423
598.0042
560.221
640.0448
580.1624
515.398
649.3418
530.568
575.3984
548.2503
590.242
607.9442
515.9535
527.9645
607.8949
602.6212
615.8427
628.2094
560.9998
653.0877
766.6955
705.9258
589.7088
549.5289
578.5923
590.9713
615.5104
526.1871
555.82
602.7392
598.6967
650.0107
630.7285
669.7081
605.3055
546.3731
582.6248
578.1394
563.9458
615.7274
589.7084
537.0646
538.0427
552.9909
567.4495
598.7921
612.9676
592.8358
642.3921
553.5593
581.1596
539.5717
596.7089
603.7757
623.2179
677.6584
649.7796
659.8446
571.5088
574.3096
571.1078
578.7393
613.4097
568.9342
525.966
556.6243
601.0665
621.3486
504.3786
538.5565
589.86
536.7671
558.3254
585.0699
590.9319
622.3012
521.4823
523.5848
547.6132
622.0276
545.5092
604.4943
601.3416
554.6056
560.0595
643.6463
677.2664
669.8718
651.0379
659.7652
595.3535
572.8873
529.9889
556.9818
548.2515
634.5729
598.3171
631.5875
576.0925
637.2432
597.7406
720.8439
589.7007
672.0818
489.1544
554.4061
493.6328
