0.1278309
0.2760217
0.5241547
0.2378632
0.1349113
0.3882775
0.1834984
1.236442
0.2555605
0.1984294
3.881112
0.3148701
0.8284112
0.4610515
0.8240263
0.2299621
0.3824076
0.3431843
0.4785037
0.8241473
0.3187809
0.4441407
0.242066
0.6161293
1.034568
1.75919
0.4242467
0.2534769
1.734261
0.2946902
0.2939662
0.6023222
0.4464949
1.92298
0.569563
0.9668919
0.3842845
0.2872216
0.9403577
0.5876335
0.2518691
0.4011133
0.1147289
0.5931985
0.2757324
0.260983
0.2742801
0.3211182
0.2164602
0.2022463
0.2871013
0.1856017
0.09789889
0.2177162
1.159403
0.4139134
2.296892
0.7055347
0.3159878
0.2933526
0.2925466
0.1696622
0.3230722
0.4706536
0.4291188
0.6330542
0.315405
0.4526961
0.3401861
0.7425819
0.5179265
0.2652463
0.254986
0.222382
0.1458407
0.4456503
0.6349222
0.3387697
0.9151735
0.08481243
0.2000587
0.4964818
0.5241065
0.1266815
0.7945428
0.4343666
0.2682975
0.1507535
1.611744
0.2310953
0.2915048
0.2094266
0.5051397
0.2131355
0.5495773
0.2412715
0.249325
0.2932713
0.4511317
0.6462376
0.2005196
0.420179
0.5321657
0.4274273
0.3721654
0.1694076
0.4975213
0.08921241
0.9785625
0.1505344
0.5313278
0.4209906
0.2225661
0.2982133
0.1511007
0.153796
0.6371769
0.936871
0.2800681
0.5014496
0.8975767
1.481146
0.4267973
0.9259982
0.2840665
0.4749285
0.200761
0.2431603
0.09377278
0.1626361
0.2375783
0.3762302
0.4298671
0.2195895
0.5076142
0.7294506
0.7280535
0.2643005
0.130046
0.2868486
0.2622522
0.266073
0.4318368
0.5084765
0.1697528
1.820158
1.244748
0.1149748
0.4163895
0.9002296
0.2119143
3.237201
0.3478085
0.2654195
0.3712137
0.1604555
0.4148794
0.1660824
0.190195
0.3730082
0.4664176
0.2128945
0.6587765
2.532796
0.2713376
0.1511082
0.6109154
0.3288566
0.1777421
0.323207
0.486828
0.2708302
0.2628618
0.4604968
0.4510856
0.4246133
0.9568196
0.2855619
0.399313
0.1257317
0.1085947
0.3236935
0.7931013
0.2421342
0.2532796
0.3749441
3.131899
0.3518637
0.2106808
0.3129543
0.2118803
0.3216514
0.2323396
0.1549251
0.2015309
0.2624297
0.3813118
1.310201
0.1777421
0.183669
0.217731
0.7239225
0.6267411
0.6320439
0.6214594
3.222209
0.4370254
0.16709
0.2888183
0.1444002
0.5665762
0.5366244
0.5211608
0.286202
0.7702874
0.2748761
0.4951746
0.2325425
0.6264587
2.454095
0.6495968
0.3584103
0.1861444
0.3345709
0.7032223
0.354923
0.479359
0.3448075
0.1842705
0.2377733
0.6284619
0.3362728
0.1337943
0.2534397
0.5068669
0.2533973
0.3343101
0.3750324
0.4348368
0.206951
0.3783001
0.5032929
0.5135172
0.2185605
1.145459
0.371889
0.9215319
0.1845027
0.565571
2.005477
0.4100392
0.8595448
0.6763222
0.2310617
0.4955892
0.1619412
0.2246957
0.2303116
0.6349023
0.4945935
0.2421956
0.8520227
0.8495675
0.1291282
0.7773852
0.5756851
0.5673037
0.481582
0.1757057
0.4610679
0.4321834
0.5689834
0.4084221
0.1725351
0.5635227
1.187973
0.3407527
0.2634357
0.2652567
0.22206
0.3967855
0.1989343
0.5200097
0.5525125
0.2517954
0.2695729
0.1874643
0.1683905
1.288383
0.197843
0.2585567
0.3587475
0.5279176
0.1605746
0.3265077
0.3360541
0.3423312
0.6401521
0.810694
0.6576351
0.8816725
0.4900574
0.3914869
0.1404539
0.3437009
0.5714945
2.629984
4.418998
0.4794509
0.2160952
0.8289798
0.4029303
0.2853937
1.252094
0.7061138
0.1909957
0.503852
0.5708771
1.184888
0.4047521
1.086512
0.625405
0.5218458
0.7397709
0.3665227
0.6196299
0.2417681
0.2192669
1.018559
0.8594074
0.8284704
0.3858217
0.2937998
0.2394729
0.2291243
0.4204579
0.167622
0.4037374
0.7155463
0.5592767
0.4641897
0.3105712
0.4484587
0.3111811
0.1710449
0.1132371
0.2427325
0.2899623
0.4559547
0.2054317
0.2618369
0.2218036
0.3272574
0.2066564
0.1960981
0.9688578
0.4945562
0.2749818
0.2056797
0.2876447
0.5340378
0.2220329
0.2267635
0.2735436
0.2152292
0.3908764
0.1947941
0.3580882
0.5996282
0.3615721
0.3555587
0.352483
0.3194099
0.270984
0.1055998
1.479895
0.3983727
0.2638826
0.2659377
0.2717495
0.5531882
0.1719568
0.4249541
0.1691044
0.4707676
0.1991227
0.7713727
0.178299
0.4770809
0.6477498
0.4317868
0.1679808
0.5062632
0.1967457
0.7794343
0.3059087
0.8086167
0.2263147
0.1447478
0.8441473
0.1693146
0.2346519
0.3701794
0.2626777
0.4614489
0.3782218
0.5683393
0.18512
1.00527
0.3110462
0.1703694
0.4500346
0.3364353
0.2644955
0.6091265
0.6963397
0.5318842
0.4535526
0.6332254
0.2831025
0.9654881
0.1282137
0.2297347
0.4087362
0.2650632
0.1332907
0.2514723
0.2653281
0.3003155
0.1537048
0.2117591
0.3345028
1.058216
0.8213029
0.8338245
0.9954714
0.766487
0.3325256
0.1538677
0.541605
0.5559049
0.2482482
0.1744023
0.2633807
0.1966516
0.3399043
0.3061115
0.9918128
2.848824
0.5462397
0.2439328
0.1764985
0.160132
0.1895277
0.3369378
0.5302931
0.3397336
0.2431035
1.135674
0.4121737
0.3704875
0.1784149
0.329457
0.5553362
0.2324045
0.2339712
0.3219331
0.4654384
0.279094
0.5501105
0.215941
0.2760664
0.6788749
0.5207682
0.17886
0.2264417
0.1959231
0.266259
0.2569627
0.5456712
0.3245573
0.6772952
0.1980248
0.1873491
0.1658618
0.2300655
0.6760701
1.332061
0.5178064
0.1478395
0.3169557
0.569857
0.9153876
2.166439
0.2002238
0.3758658
0.3680362
0.396129
0.394258
0.3121733
