62.2886
46.91725
42.83477
34.80435
47.71724
42.66027
38.16187
55.09602
46.93175
50.16143
47.8446
51.21866
46.89983
49.5982
46.98433
50.51245
51.14829
47.84678
45.04426
38.68418
44.52703
34.45318
26.3638
34.70356
37.73625
49.71173
40.89834
46.17972
51.60979
54.13726
47.02099
49.99478
43.98803
43.00669
46.56874
46.07967
48.66999
55.15775
56.75482
51.88107
43.62523
45.68766
47.91316
51.63736
47.18174
43.39098
43.13359
52.75202
50.71401
53.0437
60.96857
54.76714
56.41451
54.33432
54.67351
51.11174
47.44879
46.76147
41.27848
47.03906
49.36854
51.15882
52.63837
53.45011
53.15196
48.09186
37.13199
43.86626
50.33267
70.41969
62.31697
41.31094
41.59378
43.89825
44.58726
44.43531
39.59603
34.39616
52.14328
44.35783
51.55655
41.4528
44.84805
37.91187
36.58734
51.36562
65.76433
64.22658
49.04668
55.0459
61.10553
52.35971
49.94648
47.20069
47.39485
42.94324
37.39471
47.48866
56.12031
37.56393
44.41418
42.49793
44.79903
41.43018
37.43504
42.75507
34.49194
49.20238
59.77271
56.64148
54.8227
42.60179
43.91539
49.77304
62.81887
54.63322
43.13487
62.65868
54.76862
43.72963
45.41315
49.64987
42.89534
48.37672
47.30968
49.68186
50.24393
49.59555
61.70756
52.55107
37.38909
42.68125
39.94312
56.22297
44.64103
44.5252
46.49796
38.10442
46.26778
38.99959
44.25788
34.57864
42.37954
33.06624
32.57387
51.67799
40.67183
32.24192
38.15381
48.70187
37.6615
41.32247
50.40091
46.57751
44.97492
39.55388
45.48348
50.98045
55.09905
64.98168
44.21638
53.95638
47.85698
36.0814
44.99157
49.18347
47.56405
50.15805
46.62066
54.31759
46.20483
56.83283
63.88541
52.29851
43.41396
43.55962
55.86244
51.41432
46.61259
54.35229
46.48443
50.58957
44.57111
44.28469
55.24606
37.37846
39.53899
38.61294
46.6557
44.17947
52.8597
50.04589
43.53065
47.39727
48.27102
53.07723
46.7407
46.29908
36.91541
41.73837
47.03791
52.28231
53.92524
44.73828
40.40081
42.2814
53.5109
55.9848
47.72539
45.89754
56.2405
53.5553
68.73546
49.52167
45.86581
44.31708
44.92365
50.09155
45.44006
48.31797
42.30196
52.53853
41.15662
46.23583
47.93184
46.98803
47.60116
51.07597
52.86365
37.56465
47.00919
39.73557
44.71692
51.01481
45.31528
57.05077
47.23649
43.71425
45.28312
54.11037
48.15901
54.59255
48.02582
49.72027
45.61594
53.22075
51.56994
63.02945
43.54037
42.90678
51.45512
43.42909
43.9638
50.07013
52.77167
52.52845
51.2444
50.5408
56.58286
55.68845
53.15569
47.24378
47.81887
51.99043
52.37611
41.54418
45.32856
48.53044
47.68166
54.71858
49.23866
52.86943
36.6918
51.25148
48.1931
61.27186
52.51949
41.31154
43.69785
47.1935
55.59362
49.9766
48.52883
42.89466
49.00435
62.64277
60.12215
41.90196
43.41608
46.07362
47.68132
49.3017
52.9787
47.91511
44.47686
44.14221
47.06403
64.47673
57.34908
49.89969
54.7668
40.17198
46.65242
46.4338
48.8725
53.10168
43.00124
44.3273
37.34385
50.97093
45.84079
35.04303
36.25306
44.70162
49.05137
48.82142
44.52088
46.27326
43.07125
35.28713
48.78805
51.45921
50.81695
51.34405
47.0939
45.06128
51.41324
50.41429
66.04402
38.22832
35.21791
42.98135
44.99563
42.95584
50.26093
49.12378
50.28664
48.53972
53.13769
45.49814
40.93224
41.49247
46.60206
41.28321
45.46384
52.67866
48.44922
54.25142
56.3621
40.73206
42.05803
42.76395
41.82726
52.61346
41.23218
38.21555
41.17585
44.14627
53.2656
53.79669
51.5851
55.91913
40.85163
41.51153
45.69667
37.98758
48.55628
56.44042
48.37551
48.45734
37.02292
51.12099
39.80952
42.21831
43.89744
51.0688
49.80021
44.10158
50.39802
48.17668
36.96678
51.15918
44.51174
55.34907
44.50788
53.00614
40.89948
47.3409
45.03571
50.39673
43.67119
54.6194
53.9172
45.27732
50.57856
53.70987
47.29015
54.46946
63.60287
47.61985
65.47942
48.27702
40.39229
55.21685
49.26343
44.03427
49.88687
46.05241
43.64616
42.56521
46.9527
40.63698
44.78605
45.67274
33.21287
42.50718
41.36929
43.45141
33.41095
49.11739
48.06736
55.036
52.1768
61.13643
52.89782
52.62081
47.26203
39.39245
32.46867
41.4691
38.79111
41.52012
47.15202
46.11257
52.13817
47.47544
43.01165
38.93228
42.54393
38.89766
44.6168
51.96154
49.89975
37.4859
45.31656
52.54942
43.33141
42.18907
59.39062
62.206
58.43276
48.71825
52.57128
47.67611
38.12561
48.69073
44.93713
56.46866
63.71524
75.35554
58.87357
64.39685
50.65311
47.50527
42.24118
48.17248
59.77666
53.14242
48.57609
46.74502
45.92535
50.31579
49.63196
49.93805
44.92988
37.9386
43.84423
45.05319
36.06811
47.89558
56.74017
50.87751
48.11164
55.56901
47.7639
47.55995
44.7105
52.38435
50.80415
46.46045
48.07921
48.66128
39.80884
42.60104
43.84722
48.46862
50.9521
48.59374
52.13277
47.65142
