300.2507
217.4517
172.6258
125.2009
135.305
188.9721
164.7502
154.6532
154.1628
196.585
158.3132
173.5105
164.6692
134.0766
186.0222
153.3678
134.7412
139.8017
153.5605
148.537
123.5741
120.9348
144.3147
131.9712
119.6085
130.1547
113.5075
135.2794
138.718
112.0575
112.4827
134.975
160.3976
145.7508
134.8863
135.7121
134.2501
154.1955
132.0875
192.5172
181.3895
165.2103
154.7067
172.0127
141.5072
146.7212
131.4427
127.8859
122.9005
115.8444
126.2284
154.9393
198.3255
169.7645
139.1169
131.173
159.6364
165.586
147.01
168.6808
145.6849
149.6155
128.1985
158.0281
164.2974
116.8885
125.6397
122.3346
149.5298
136.4739
144.1965
132.7416
158.1513
152.3526
132.6657
121.0338
106.7113
132.8076
132.2667
163.4143
100.9194
130.9594
138.8397
128.995
126.6763
171.5935
141.0677
165.7599
163.9328
191.5399
174.3042
157.5361
223.1105
182.6264
200.4443
153.6822
143.4579
152.7194
139.458
133.2574
108.3113
150.8967
114.3714
115.384
142.873
132.5456
168.5705
141.5632
208.9318
161.9886
199.4323
142.9094
123.6615
126.4996
116.8783
174.3217
149.1183
160.831
158.0594
178.6992
158.5842
169.632
131.1992
175.7961
148.9175
153.2243
163.1229
148.8791
128.3666
150.5659
156.338
148.771
147.7029
166.9423
163.3241
129.725
123.8628
121.1128
123.8384
146.2466
138.7997
138.5008
178.5099
195.5279
153.5458
118.5161
126.9841
163.724
201.5438
192.3005
175.9377
170.0305
204.483
150.7268
125.5861
174.1665
170.5792
141.3019
141.3233
150.7518
160.1442
180.6202
152.6172
105.8416
155.5607
137.24
128.6609
167.3222
162.1285
164.0574
155.1603
129.5113
136.9583
155.3236
155.058
156.0617
127.4587
113.5813
153.2169
188.8424
154.6943
123.4093
150.4796
137.8633
171.9902
153.7385
142.0996
144.5733
140.407
162.5053
166.9014
127.856
124.6622
131.4211
156.4257
173.574
150.8616
185.0201
149.7445
158.3823
168.7078
152.1223
160.2139
157.8286
145.3272
156.2133
170.9047
134.8602
124.0565
149.1731
163.346
143.3172
182.5321
131.6761
113.0192
155.0606
165.8937
147.3699
133.7092
138.4901
146.8866
179.836
165.4186
152.6041
153.5571
214.0675
174.303
159.5279
135.0105
148.5613
133.9199
109.0269
110.4865
113.1519
99.02576
107.3043
141.6735
166.0915
144.8813
189.0977
217.399
170.6701
142.6264
126.7303
164.1624
177.5286
135.2575
151.8508
176.5479
141.5471
212.6577
189.9129
193.0838
146.4878
147.7432
167.8039
147.7394
143.9723
113.9855
132.5936
102.0897
140.388
133.0954
145.7967
125.5998
125.7609
157.6056
160.0615
153.0976
185.296
159.7604
152.263
120.3761
129.3991
168.0239
151.7873
165.909
149.4488
198.3225
184.1635
163.4568
134.6908
139.8053
149.3837
158.2798
168.001
140.8062
146.3683
158.4538
147.0526
163.7483
219.2985
150.4295
141.6527
143.2211
183.2659
143.1793
124.9531
153.1613
170.7601
170.3566
209.3703
186.7367
159.4946
141.5467
133.3222
131.0165
186.9836
138.8429
160.6398
156.7379
160.6168
149.9721
130.0607
152.5333
163.1735
138.227
105.5287
108.7625
171.541
178.5387
159.9905
162.5367
166.9152
166.2378
150.0132
143.5179
145.673
168.5338
133.2266
141.5544
147.5699
153.1296
185.1457
217.0997
159.9201
161.7909
123.2984
159.3549
149.1658
132.4375
113.393
131.3788
129.6661
123.9138
154.8321
148.7621
128.0513
125.6015
128.5848
162.9496
154.2661
135.3106
134.1906
143.7483
131.3413
154.9487
175.3748
188.3195
181.0984
172.2102
166.9963
171.272
184.8192
175.6025
151.5745
171.3506
177.8142
174.5865
204.1322
144.5392
158.6911
142.0979
166.7586
149.0031
190.1564
142.0767
146.941
166.9526
141.603
162.2027
142.4331
137.1403
132.2292
149.2946
135.2185
154.6883
147.5855
147.2238
167.1369
182.8037
164.2645
124.8533
163.5019
107.0352
138.8846
157.6336
149.4893
157.0169
139.1636
99.60928
123.1785
113.2635
122.8724
105.5152
122.381
113.1288
123.3527
136.2659
131.8609
177.7845
144.2374
184.3321
160.2648
198.7463
189.2964
158.392
172.5354
150.9771
175.3586
170.8911
128.5239
138.2778
166.1874
177.146
149.5595
169.9679
173.7133
171.1387
149.5781
139.7918
173.0386
142.4789
173.1251
136.5386
130.9279
139.6065
129.7458
160.3856
187.8428
210.049
203.5
144.3963
140.5685
146.0009
127.3346
148.4543
156.7895
141.1929
156.9996
137.0217
137.672
156.3303
161.5153
178.8335
133.6537
114.0485
126.6495
112.2766
159.2671
172.0286
144.052
128.3806
127.5656
125.939
172.6681
150.241
140.2906
128.5126
133.8485
117.115
132.0415
124.6217
130.6674
190.7979
140.4243
166.524
158.9988
154.0661
172.6179
168.1221
168.9397
127.5833
153.689
213.6621
160.7199
155.1082
154.1396
173.2471
126.6782
175.1916
186.5084
126.2049
134.575
126.1305
123.3509
158.4635
105.648
105.8623
142.6038
