276.8809
126.7577
590.4776
92.05553
209.6675
86.32984
126.5741
572.3907
52.46613
137.8155
396.6206
70.83248
89.65775
114.163
174.1685
200.4713
125.5041
71.59001
108.1934
243.359
454.6383
181.4202
83.68231
254.1346
635.9858
219.3954
87.64755
166.9148
77.37388
179.3328
180.4313
152.2699
122.4219
77.04719
105.3013
772.055
146.3928
186.8388
430.7994
196.4619
82.43823
146.249
130.7953
155.4258
88.10234
101.4249
132.2091
201.7847
196.2076
114.9265
139.2578
237.8018
116.202
296.7251
220.6447
183.2281
119.1428
153.949
154.6487
90.64115
146.7747
143.9166
167.2539
204.7157
139.0566
107.5852
63.32316
220.6811
180.1546
1189.823
104.9054
102.0495
311.2365
104.2032
54.05197
125.2542
269.4485
292.0392
185.7042
122.9674
240.1657
137.3625
145.0317
195.8604
132.9971
343.885
258.1651
130.0338
189.8649
114.1472
212.4945
117.2602
82.30184
231.4495
58.61105
296.0208
128.302
121.9716
99.94208
102.0875
175.2361
121.4085
156.2586
205.6157
70.39642
106.5201
208.6037
137.227
108.9672
188.0614
432.3313
141.3292
168.3112
224.8425
1039.021
207.1998
218.7268
281.3116
160.6506
220.7999
263.2693
183.6719
250.1104
238.0114
446.1578
433.676
138.8102
330.3124
160.4776
96.7744
232.8219
135.5846
235.2913
177.8609
222.9418
238.292
250.9568
210.5054
163.3638
360.4414
491.5266
164.8689
151.257
241.2092
388.9006
189.2619
258.4319
291.1594
339.6643
192.9392
283.7509
201.4869
135.0514
230.773
372.1908
194.1662
318.2554
582.6294
818.694
157.478
165.3933
127.945
400.8044
315.0397
258.2675
165.599
160.168
164.9005
262.1336
208.2219
187.857
295.5263
432.6055
183.1639
149.1555
449.8189
246.7446
284.7127
158.8683
256.2016
177.263
328.1208
126.7018
175.386
320.4317
1112.989
215.4966
2045.136
265.8896
230.1951
443.8391
185.5899
160.1313
119.3893
636.0794
653.2665
269.4885
185.9618
146.0262
500.7747
214.9335
418.6598
213.6364
224.2729
756.2404
330.3988
345.9058
205.3704
396.5952
172.7877
292.2424
269.248
124.2177
451.5116
282.2034
572.281
141.5972
328.7232
219.9524
201.4581
575.2504
211.9536
185.9389
212.4118
236.0883
230.4402
169.5365
211.1816
311.1578
243.3485
377.8797
309.6813
378.9011
367.8205
277.0265
481.068
189.628
389.8284
316.7324
426.166
192.1898
170.3759
152.342
172.2889
197.7958
187.2854
374.2462
232.8011
173.3243
193.021
559.2659
205.5003
661.1081
563.7947
238.413
244.738
517.2375
266.1984
490.653
129.0419
491.6633
348.9042
177.5973
176.8544
239.3704
411.8815
167.0437
109.5969
250.3512
268.0979
306.1328
316.1004
439.6049
276.7295
307.8836
124.7787
387.4755
107.6193
392.3249
200.3411
276.1327
112.8975
210.2196
123.2262
148.6903
78.20476
113.2204
137.962
349.6652
164.4644
142.2201
196.9888
200.5848
106.1061
117.5589
198.4057
388.9162
175.1434
92.68543
80.62901
293.0783
347.6281
149.8413
147.752
232.0133
231.4951
552.6436
234.1193
141.8117
292.2687
154.8113
229.3075
201.2634
404.0093
1039.674
216.2808
701.023
272.1584
244.5166
328.0063
295.3015
299.629
307.0013
286.6345
177.3722
512.8245
419.9946
670.9497
833.5776
395.1028
186.1473
243.8868
206.5241
796.2299
338.1477
199.6833
495.8514
398.3956
176.7656
532.8504
273.1137
413.7653
307.8206
1186.836
781.2939
212.2672
318.7325
317.8875
224.369
365.3641
182.9216
179.8123
247.31
460.7859
307.7091
247.8692
307.6988
232.0047
453.6415
230.3606
270.3641
142.3837
254.4901
227.8663
812.4311
1199.757
139.8827
275.1515
858.0078
191.716
344.2242
274.6878
181.491
147.011
364.3493
229.7756
177.2699
327.8552
268.7692
180.7258
277.0124
148.3202
189.1798
142.8648
236.1753
262.0933
291.9291
531.5002
174.2257
356.6884
311.7052
399.3175
186.3435
118.0456
225.0637
370.4068
384.7832
235.9523
395.4784
203.9305
116.5908
162.3001
477.4083
196.4361
185.9992
595.0195
194.9887
250.6937
788.5618
469.2626
356.4175
146.4437
295.7856
423.3227
740.5846
294
257.668
861.7239
262.469
447.9696
182.2234
525.1896
446.2492
304.0832
374.8679
481.6325
438.8052
564.4627
373.1319
353.2494
221.043
456.319
503.5488
383.6536
326.4458
277.8973
313.5198
245.0028
437.9265
520.1462
288.4293
609.8384
232.8847
470.2054
379.8481
288.2754
239.1729
206.4553
287.7532
631.9535
256.963
271.1104
393.2923
134.5087
179.1051
114.3173
307.8206
315.1989
462.9221
261.0095
186.6478
255.2047
233.9483
611.9572
251.4349
408.0557
156.7053
343.8303
345.4951
170.6198
374.2496
216.4845
704.9643
687.3992
799.7185
637.0531
561.7982
639.6169
303.6855
300.5993
276.6211
263.4669
839.1287
604.5944
362.1698
323.0863
272.2674
232.7209
176.0077
208.7146
476.2926
221.4964
191.1698
584.4558
310.4455
307.0785
514.2661
556.867
297.8378
640.9263
