37.45265
27.04424
21.0343
18.24573
14.96961
14.6853
12.08752
11.74067
13.49908
14.77092
12.25495
14.49733
17.22654
20.02264
11.9185
15.04989
15.62763
13.43774
12.9881
13.32562
14.39619
17.19576
16.78042
22.98585
21.15907
17.51019
19.75761
20.69733
16.00882
15.80647
20.33634
15.73877
17.11482
16.78992
15.02228
11.7433
13.90649
18.56062
13.3005
12.55253
17.94021
15.18076
13.72458
13.70859
10.51975
13.05164
12.70688
16.07942
15.42935
15.38471
16.69993
20.74764
18.86724
15.38249
14.24049
12.38674
14.06092
13.63082
14.39652
17.89926
16.44268
17.32963
15.79736
13.58281
13.73673
16.01014
16.31298
19.19953
17.36728
18.05055
17.58203
15.8083
15.90638
14.9736
20.57075
15.50764
21.96115
18.03735
18.61238
18.42897
16.32598
15.47817
10.50155
9.359563
11.54104
10.16373
12.23242
9.882306
11.69146
15.66013
16.5528
16.28388
16.18023
15.45391
16.34209
12.41335
10.96165
18.66721
17.36333
17.11178
19.53026
14.34964
16.16122
14.53648
14.42311
12.21201
13.31044
12.64404
14.81871
12.65835
16.97925
17.2434
16.72426
16.21873
11.41068
15.02379
13.53669
12.7011
9.237304
11.27864
10.66839
12.7951
16.81832
9.666266
12.67064
14.67652
16.20971
17.13078
15.28243
13.26789
12.96998
12.7076
12.81876
13.37855
15.45618
15.82877
13.99423
13.19275
17.11352
15.1177
11.11724
13.9719
11.48722
10.02633
13.41383
13.07137
7.53034
9.155739
11.47141
11.402
10.1602
9.893968
8.180444
10.03472
13.07793
13.2225
13.26816
19.23994
14.48308
11.34311
9.806641
9.551005
13.08095
13.13023
13.28103
11.88158
15.14488
17.13227
11.7514
12.5573
13.39524
10.65036
9.505665
14.75837
18.08498
20.00437
26.11875
18.03343
15.51619
17.76629
20.38498
20.52439
20.78866
18.93553
13.99053
13.72343
14.36323
14.60354
13.38136
14.74663
18.14994
20.54646
12.53394
11.31644
12.98337
16.50297
12.55547
17.01578
16.80968
14.35411
16.69172
16.14414
13.04585
16.35069
13.68215
11.97209
10.9192
16.51728
13.54295
15.2335
13.64874
15.0258
13.15165
13.20674
12.21492
12.92046
13.98776
15.46049
18.55246
18.93412
19.95583
19.16848
15.98836
14.91905
14.44798
11.31673
11.46316
12.57492
13.61239
16.36689
16.39328
15.9375
15.77836
16.72819
14.31169
17.62778
14.5325
16.22709
16.78747
15.98022
17.75515
20.4452
14.60452
17.71021
13.84347
16.44368
17.38083
21.31686
19.33014
18.43168
20.87977
21.4503
15.14471
13.13483
15.06964
18.75946
19.49813
18.00976
17.63742
13.99665
14.08529
15.35731
20.77075
19.2037
14.16334
14.97106
14.63362
11.54066
13.39808
17.08034
18.49135
16.32802
17.99788
15.21343
14.36032
14.71301
14.62823
15.1463
13.23943
11.52249
15.60657
14.68615
16.64408
17.59858
13.13753
14.39838
11.36455
10.67562
15.1818
15.43517
12.11586
12.94712
14.5853
13.71096
10.47722
9.92768
8.713455
11.23303
13.73594
11.14076
11.28735
8.676375
10.02706
12.034
13.45144
9.201132
8.559664
10.5797
13.02594
14.14012
10.97291
11.4898
16.23548
16.02463
15.48629
14.90971
12.58927
14.28802
11.43615
12.63512
15.66701
13.54179
12.88264
10.51698
10.90428
13.88767
12.91159
13.92856
10.51126
11.41172
12.23705
12.40253
11.9842
12.30119
13.04325
13.96764
16.20567
19.19282
16.56134
15.74334
12.99475
13.93777
13.66607
12.72943
11.27404
10.66319
9.252549
11.94582
14.71636
15.60536
12.39089
15.0643
16.26322
18.64952
17.85964
15.19699
17.32441
13.68579
12.20658
10.94864
11.84725
18.46176
14.90341
12.00526
9.407191
10.53771
14.00569
12.37699
14.40999
10.65102
12.73301
12.66634
11.29733
9.843666
12.17641
12.08715
12.73933
9.783104
7.47271
7.729538
10.40953
11.78549
15.79052
15.48703
17.60075
13.92352
17.90023
19.33009
14.32942
11.34655
12.10691
15.68541
16.14323
16.68286
16.77395
16.27934
16.95963
20.61779
13.82234
15.849
19.17025
19.68736
17.95652
17.33373
16.79097
19.83165
14.68959
13.2157
17.43319
23.22659
23.01983
14.21697
14.21857
10.28673
9.256411
13.45774
11.92512
12.31408
11.3086
13.4638
17.20458
17.80185
16.66628
14.17374
10.56206
11.3577
14.50547
10.62995
13.77637
10.02591
10.63508
12.04113
12.23819
10.30799
14.34782
14.48963
13.65275
13.40722
14.76828
14.00406
17.17473
12.81644
13.01386
9.334174
10.07438
8.781597
10.70924
10.43549
10.14888
11.35392
10.91759
11.10601
15.96438
16.61417
19.76451
18.30576
14.2122
13.43953
16.1796
11.35198
15.98715
17.34758
16.2841
13.37331
11.69939
9.740006
11.93634
13.14168
12.60174
13.58914
9.836716
15.49009
15.31323
14.36366
15.23402
14.41638
10.54495
9.98448
12.31209
14.67403
15.75473
14.74432
14.58077
15.5267
15.51794
16.6422
12.05086
10.84631
10.71233
10.64085
9.151457
13.33364
16.08667
13.3307
12.28381
10.7043
13.05535
13.47065
12.09135
11.04144
