82.24835
81.92939
81.46927
83.26196
84.36441
84.58065
84.90442
83.98323
85.38711
86.9564
87.41179
86.37332
86.21337
86.43312
86.26958
85.98466
87.39293
87.83154
85.89198
86.47097
84.3204
84.42953
84.19304
83.65727
82.81972
84.38453
83.25422
81.5538
80.99578
80.85663
82.01049
81.16294
80.23149
80.81854
82.05917
81.90349
82.56048
82.0814
81.46086
80.47097
79.20718
79.60289
80.28334
80.08637
79.2115
78.30948
78.11012
76.83036
77.16459
76.90758
76.97138
76.98156
79.3957
78.97078
78.94481
78.45049
77.66895
77.2355
77.93955
78.01619
78.70271
79.38848
80.14897
80.62955
79.85814
80.96016
79.78569
78.87204
76.67725
77.74297
77.31969
76.36223
76.2041
76.50737
76.55589
76.64779
77.22932
78.18701
77.60186
78.28788
78.09212
78.59826
78.32557
78.93916
79.00633
77.97907
77.83569
76.03855
76.45162
77.6995
78.65974
79.16794
78.25007
77.97801
76.52741
75.28481
75.44293
74.61801
75.25332
75.29563
76.63342
77.57717
79.14439
80.17308
80.49482
81.72485
81.02521
79.40735
80.40558
80.12998
81.68582
80.77502
80.38185
80.57191
81.68434
81.26833
82.67381
83.5575
84.15576
86.27208
85.9232
84.6545
85.28864
85.21489
85.66493
85.26521
83.53442
83.65903
82.47524
81.25928
81.7597
82.12781
80.78873
81.26916
82.12575
82.43005
83.14013
83.51682
83.85587
85.47715
84.4995
83.23795
81.6434
82.06814
81.18787
79.94529
78.15628
78.07953
77.99731
78.63569
77.74723
78.9195
78.6006
79.41474
81.98703
82.05172
82.53375
83.28373
83.38389
83.95577
84.3563
82.97968
83.85464
83.79151
84.21814
85.1821
84.46643
83.68552
83.69644
83.08495
81.80704
82.14124
82.24898
82.66761
82.74653
81.54228
82.43637
82.72454
82.91656
84.46035
86.92025
87.51486
88.08728
88.89749
90.9256
90.70663
91.5674
92.39233
94.1764
93.76148
94.17559
92.9614
94.31869
95.6437
95.28087
94.542
92.36027
91.82321
91.69538
91.39386
92.44381
93.79781
94.82448
95.62554
97.76258
97.79344
98.25358
97.84084
96.10736
96.10338
95.56342
97.49439
96.85238
96.5956
96.42559
97.25717
96.7557
96.06502
93.82967
91.58065
91.35873
89.58147
88.5625
88.87566
88.76591
89.76084
88.7012
87.01459
87.527
86.78465
85.57267
84.27736
85.28561
85.53056
84.599
85.99787
87.70091
88.92492
87.74185
87.20343
87.97913
88.94653
88.485
88.91412
88.29209
88.02757
86.33802
86.16053
83.30221
83.89625
83.32799
83.56103
83.10296
79.94859
78.68734
79.63466
80.09187
78.84424
76.36201
77.67814
76.63467
75.94121
76.31565
77.65784
76.64271
78.29427
78.88487
79.63232
79.651
79.67638
79.16709
79.28109
78.87426
79.45621
79.59291
77.45963
76.33659
76.90729
76.3036
75.73911
74.24153
75.28361
74.60038
75.76768
74.48778
74.41215
73.92923
74.06615
73.54584
74.47376
73.42833
73.70629
71.73918
73.40797
72.91483
73.70961
72.69344
72.11962
72.93926
72.70809
72.20249
70.9298
69.7788
69.56592
69.81684
68.93225
69.2062
68.06987
66.22643
67.03035
66.26374
67.27914
65.3073
63.76013
63.20079
63.34414
64.94204
64.26822
65.76242
64.46767
63.23218
63.35162
64.625
64.61873
63.85856
64.36227
65.89268
65.11064
66.61543
65.79024
66.104
65.62111
66.51071
67.12067
69.42321
69.42984
69.20157
71.07234
69.90419
68.91795
69.41862
70.97345
70.76684
71.07856
71.23563
71.19188
72.49608
71.91779
70.91419
72.33843
71.61788
70.80061
70.95506
72.37629
73.21368
72.69121
73.99811
74.33101
74.54744
74.61462
75.37175
75.33972
75.96955
77.05752
79.01335
79.0721
78.82306
78.85579
79.59887
80.87989
81.41619
79.01178
79.15962
79.81819
80.79714
79.70141
80.06666
81.6196
82.65242
83.70679
83.89917
82.75532
83.97144
85.55521
85.21269
86.5125
86.42056
87.24257
87.47896
87.90742
88.68241
87.69888
88.91221
91.20586
91.25925
89.48335
90.29714
91.06247
91.17116
91.58736
92.50506
93.55567
95.4253
97.02775
98.0569
97.99059
97.67204
95.56244
94.02317
92.58032
92.55034
92.31188
91.09444
91.30066
91.92304
91.21896
90.97836
92.58839
90.99163
91.01217
92.92755
91.83696
93.41185
93.62437
93.44984
93.12838
91.76213
91.65497
93.60216
94.31259
93.49774
94.23011
93.13592
95.40955
94.88157
95.72066
94.96854
94.87902
94.64103
93.15231
93.25893
94.64669
96.21273
96.94971
97.14741
97.76221
97.67109
98.63164
98.76306
100.0844
101.8561
100.5371
100.0221
101.2797
100.5146
101.1629
101.2969
102.7695
104.6704
104.7362
105.2248
106.5042
105.1763
104.6658
102.0444
102.899
102.6124
101.7911
101.2484
101.5941
103.0666
102.2893
98.82271
99.44686
99.14458
98.7845
97.80903
97.15483
98.09276
98.67737
98.56751
99.40667
98.44323
98.42758
97.65093
96.57349
97.64001
96.95753
97.46292
98.24612
98.29212
97.95404
98.75979
97.97706
99.90147
101.2882
99.59783
99.37615
98.82121
99.51134
