0.1716923
1.699622
0.4295
0.1918623
0.1809422
0.2192495
2.810398
0.1497935
0.9629357
0.5028775
0.2025855
0.3695357
0.6815482
0.1657523
0.2856364
1.581955
0.7112685
0.693072
0.4748857
0.2761831
0.2871076
0.2286653
0.3711019
0.1895083
0.3087541
0.3865595
0.1435537
0.3011534
0.2701574
0.2907938
0.7587944
0.2725945
0.173849
0.4541665
2.019959
1.062084
0.5664735
0.1770312
0.1569079
0.1552097
0.295015
0.7217416
0.241874
0.488957
0.3764513
0.2804394
0.3115305
0.7451622
0.16008
0.4382679
0.4161203
0.1954343
0.1988252
0.1747146
0.5534129
0.3470285
0.5413531
0.4399222
0.2367096
1.286433
0.1267507
0.7262648
1.571061
0.1725722
0.2016677
0.1748815
1.258806
0.3183058
0.6822291
0.1818977
0.2140066
0.1792563
0.3039509
0.3818994
0.3305904
0.3103639
0.2165834
0.8840112
0.2680407
0.1807925
0.3503193
0.2676878
0.7315387
0.9906689
0.2475836
0.5839034
0.6872415
0.5643601
0.8855777
0.8826208
0.2841604
0.3410047
0.287435
0.579302
0.4311747
0.1532057
0.2318153
0.2420436
0.457042
0.7828719
0.6330887
1.356043
0.1524438
0.1445116
0.5220625
0.2726422
0.2410745
0.2273731
0.1534701
1.477405
0.5508968
0.2312267
0.100404
1.572329
0.5698213
0.2330807
0.140237
0.9561542
0.4783295
0.289452
0.6292954
0.2113835
0.2229735
0.1657834
0.3173599
0.6131881
0.625522
0.2401996
0.660332
0.366695
0.9662131
0.3678338
0.07507818
0.2794847
0.7192732
0.3121942
0.4836038
0.4249133
0.2978578
1.082297
0.3664454
0.2244165
2.593092
0.3187003
0.2825625
0.9727856
0.1267438
0.2955486
0.2696277
0.4533343
0.2888067
0.2085866
0.3111419
0.1923382
0.1607876
0.2870032
1.083341
0.4482299
0.3525231
0.3487329
0.6965403
0.2549167
0.1781709
0.4134621
0.2294116
0.8946952
1.083044
0.7411445
0.229828
0.3330018
0.6649139
0.3896984
0.2996258
0.6394723
0.6908665
1.491797
0.1483183
0.2446961
0.1929197
0.2299204
1.648071
0.3054952
0.6808433
0.2375102
0.5434243
0.342865
0.3414406
0.8907245
0.4000983
0.5035511
0.1651322
0.2615294
0.4325527
4.504475
1.611687
0.2095228
0.1870588
0.1929657
0.2674889
0.4626163
0.3897569
0.274231
0.3856036
0.1698441
0.3145764
2.151428
0.9648597
0.5714374
0.5777012
0.1698346
0.2318413
0.9035698
0.4079615
0.3058788
0.7535981
0.5677879
0.4031344
0.5855643
0.1723806
0.1692159
0.2774106
0.363269
0.2514263
0.2247296
0.4948257
0.2801219
0.2820885
0.3461006
0.1636966
0.330496
0.3628273
1.360428
0.1661142
0.2117453
0.8901439
1.572525
0.1328772
0.6356345
0.2036725
0.2876023
0.4106303
0.1972068
0.4034166
0.2767005
0.1224337
0.5038432
0.8361379
0.120722
0.3020538
0.3392858
0.3636243
0.5327097
0.1337107
0.2566671
2.110316
0.3035093
0.9877709
0.3639785
0.3331222
0.2629238
0.3285191
0.1689823
0.1607209
1.55213
0.2983179
0.7240235
0.2876498
0.3193827
0.224916
0.2260986
0.4109301
0.3973314
0.87429
0.5470924
0.2548194
0.3476632
0.4702607
0.2639057
1.051453
0.1963524
0.1733958
0.8117647
0.20675
0.3592563
0.7688496
0.8336449
0.161431
0.2385711
0.1937142
0.1477162
0.7328783
1.190122
2.286022
1.375436
0.6386155
0.4225565
0.1483821
0.1391202
0.1974589
0.3646103
0.3040223
0.6622272
0.4753005
0.09783627
2.529632
0.2404153
0.2077137
0.2092314
0.1016674
0.3440684
0.2696212
0.3991959
0.2487028
0.3170036
0.689105
0.3182465
0.1109433
0.7995454
0.4397166
0.458378
0.169469
0.2197095
0.312895
0.9818362
0.3446714
0.20448
0.2060182
0.7092605
0.1699278
0.2563366
0.2695553
0.5108413
0.7147033
0.2272375
0.2058499
0.4398955
0.1407935
0.3175887
0.4045334
0.3117617
0.5317966
0.2715403
0.483411
0.202152
0.7328723
0.1622135
0.2148405
0.3226853
0.1100368
0.2096697
0.3317035
0.2125913
0.2294543
0.2731304
0.1369889
2.176361
0.3259103
0.3093058
0.5124118
0.1651504
0.1928564
0.4966381
0.1576143
0.1683544
0.2849289
1.474869
0.6113473
0.6766157
0.4088323
0.1959417
0.2627292
0.149419
0.3808442
0.5095353
0.2911185
0.2778749
0.1457252
0.2302016
0.1237572
0.2599428
0.3181527
0.2670981
0.6655242
1.005941
0.2580134
3.426323
0.9458174
1.076989
0.3752095
1.452644
1.482123
0.5306505
0.7961931
0.1055903
0.7046033
0.2171389
0.2181641
0.6950977
0.1892408
0.3409554
1.055624
0.4237236
0.1709862
1.26315
0.1797756
0.346502
1.091742
1.346722
2.302825
1.21578
0.4037738
0.9107404
1.356507
3.005027
0.3859434
0.4272012
0.3458352
0.7236558
0.2557657
0.925998
0.2366861
0.333309
0.06648987
0.2431261
0.6045746
0.07359225
0.8054905
1.902278
0.7387086
0.3352318
0.3496767
0.1975122
0.422391
0.3638761
0.2923235
0.4254961
0.2729279
0.2889621
0.3633312
0.8809473
2.152162
1.037273
1.667479
0.1675175
0.3658831
0.1911242
3.523931
0.4440581
0.1848638
0.1321637
0.319484
5.568646
1.116243
0.2937699
1.022907
0.5166537
0.4626824
0.3134844
0.1612866
0.176014
0.4563591
0.2660206
0.2164613
0.2267054
0.2590719
0.2497976
0.2526811
0.1733748
0.1588042
0.3283397
0.4126861
0.9739169
0.4175011
0.2896316
0.9860592
0.1792183
0.3427933
0.8254914
0.5778136
0.3304345
0.2897931
0.9460969
0.3171284
0.3229777
0.4942143
0.2535077
0.2097946
0.5485689
0.3692568
0.2981161
0.4681632
0.3725998
0.8182166
1.725164
1.062595
1.628071
1.06322
0.6428442
0.621017
1.777143
