48.61699
47.66232
44.59679
49.60598
48.42275
42.14964
44.12457
43.64941
48.08088
42.87318
49.67331
45.91994
46.70088
45.43112
43.56875
50.15269
47.31292
48.88029
53.69967
42.35017
50.26673
43.95552
46.39875
39.99373
45.96586
43.25811
45.49643
48.27396
53.84109
40.75561
37.98207
47.38885
44.42057
49.16982
43.32716
37.43091
40.74426
44.14965
44.85938
42.09485
39.61344
39.58318
51.05922
50.72753
47.9474
48.5709
45.19767
50.00636
45.97652
50.06
42.56813
47.93
48.86538
45.70979
48.57767
43.69937
46.79882
43.92959
49.77777
46.00554
44.08733
46.73048
47.79099
49.21931
47.00556
39.26059
38.95266
44.53322
46.46625
46.34981
43.65748
44.45879
48.54872
50.05445
48.62085
51.03994
47.21649
50.51857
44.23746
49.50245
56.34638
51.32704
49.33905
41.49709
48.83174
46.5114
43.88424
46.24209
42.72572
49.77621
44.05781
48.10005
46.71834
43.97073
41.66311
44.89643
50.67147
46.31397
49.42527
45.70505
44.661
46.4378
48.54836
47.15374
47.43852
40.83472
45.9269
42.80082
40.34417
44.43887
46.04855
42.91178
42.2476
44.9767
49.48023
45.55732
48.14543
52.19764
45.91924
49.25611
52.9099
48.6316
44.28365
47.33317
45.90147
52.86399
49.07428
44.44707
46.90681
47.04272
59.8047
46.94477
46.78563
47.16911
50.76811
46.73927
41.28223
47.1183
46.0369
43.49512
49.86529
48.84932
42.8154
46.40873
44.81449
45.29081
50.54841
47.45543
46.89796
42.95503
45.18921
46.17082
43.92274
44.33784
49.91525
44.89471
49.20736
49.94868
47.60406
42.83854
47.54781
44.26274
46.82064
53.32754
44.24571
53.56849
46.69064
45.40197
45.44066
52.15707
43.99066
45.3413
44.29722
46.11025
49.55647
40.64219
47.05684
44.5678
47.29983
46.78113
42.2645
44.80156
50.11391
43.32847
52.72523
48.49374
51.7593
47.43194
41.9498
47.46649
50.0919
53.07024
51.47404
52.33228
49.49511
44.30127
44.6266
47.67234
42.58055
44.4831
43.348
42.86428
46.47667
49.42606
42.84664
51.69584
46.35683
46.21646
50.35835
48.14021
49.89449
47.0504
47.79234
48.69027
48.96629
47.23989
41.70864
47.10025
42.6916
44.03603
50.35616
48.05243
41.88669
53.3193
51.73223
46.25869
49.46859
45.47805
51.82363
50.10674
39.46076
46.37824
49.30631
47.89162
48.89648
48.07143
43.53272
45.9004
50.4234
46.19398
42.86355
45.25586
47.2014
51.85132
47.00098
46.39889
49.94337
50.84618
48.31378
48.97464
52.65192
46.66783
50.18602
43.3282
42.55638
48.0376
48.16555
52.60758
52.7473
46.397
52.99204
42.62319
45.86152
44.62825
42.87019
50.91426
40.26974
51.05087
48.47266
44.54511
54.17406
55.42783
50.88247
53.08012
47.84884
44.6833
43.8398
47.03668
48.67026
43.05181
48.91689
51.19322
43.35394
48.941
47.47073
47.03506
47.12836
51.50825
49.71446
45.58565
45.46996
43.6108
40.70695
42.82997
45.56212
42.1633
50.75559
43.744
47.41636
45.80973
49.16154
46.7432
43.69193
42.33255
45.84174
47.16621
47.58625
39.81505
45.30457
51.9234
45.69778
49.30213
51.27324
44.52435
49.19317
43.42493
46.03307
46.70746
47.59163
51.0654
43.59954
51.31158
41.75272
53.33447
47.47055
47.79548
42.99845
44.81397
44.03822
50.84322
47.32245
46.38203
49.7319
49.3972
46.2912
48.7367
45.13234
55.43089
51.82076
48.41949
49.7104
41.76167
48.24187
48.41205
42.81569
43.09507
50.99585
40.11246
46.53914
44.79534
47.52349
49.22242
43.52864
46.00361
53.18315
50.85317
44.52996
48.15081
46.29454
43.32953
44.45623
48.02142
46.88898
49.33218
45.94772
38.74717
42.0857
49.84046
47.44585
47.35383
43.892
54.50127
48.54074
43.57424
47.35569
54.65266
49.03001
51.35865
44.8772
48.59822
42.25508
41.30386
51.75487
49.01506
52.83706
49.80043
45.33587
46.85296
47.66274
46.44047
49.64201
45.91591
50.6112
52.9664
44.976
46.95887
47.51719
45.26611
45.88329
44.47153
47.42293
46.01558
38.66533
41.591
45.25976
43.41182
51.02702
47.98264
42.24888
44.44433
49.27582
48.30904
48.2179
55.08418
48.61898
42.41105
46.62774
49.2479
44.50497
46.63327
49.81286
45.74876
42.87033
44.43851
42.64338
47.54587
47.07774
47.38187
47.83925
45.26944
46.88088
43.58135
45.0031
44.16252
50.35582
44.16405
46.01205
48.76977
41.51703
42.94025
44.36951
47.32104
50.339
52.76973
48.93998
44.72798
48.68483
46.48825
48.29908
40.8297
47.49253
50.54467
46.30445
45.89609
39.84516
48.88347
49.28571
52.90534
48.90763
46.36635
46.53886
43.43672
45.17979
48.17711
50.95873
54.93989
42.87583
45.82017
48.69648
47.75116
47.35516
46.57103
46.74579
41.6541
40.91858
50.07714
47.52081
50.98689
43.71531
52.41958
39.95041
43.10177
46.47897
48.19064
40.58943
47.82592
47.89314
44.86097
40.16053
46.31401
46.37547
47.49746
48.62831
50.28071
46.94698
44.89144
54.69827
43.24442
47.47499
48.38296
