85.14606
84.97923
85.42213
85.53064
85.6635
87.29357
87.42357
88.40918
89.40847
90.32455
89.85182
89.25749
88.53469
88.35721
87.14947
86.64582
86.54039
87.97054
89.38609
89.1613
89.96081
90.56515
90.8528
91.55667
90.26986
89.84641
90.36558
91.49819
91.12326
90.90831
90.73279
90.98232
90.66058
91.26449
90.37419
90.20097
91.23029
90.62305
90.00205
89.2956
88.66591
86.42115
87.13206
87.49195
86.97251
86.84059
86.48604
85.49182
84.7334
85.75169
85.87644
85.1792
87.2823
86.86725
85.37093
85.34338
85.81242
85.28557
85.92214
85.63169
85.59961
85.95604
85.26483
84.38449
84.80276
85.99292
86.85476
88.48911
89.20315
88.69206
89.6905
88.93347
88.51345
89.1749
88.83343
89.84016
90.77411
90.31437
89.15258
89.71266
90.05091
91.21885
91.97269
90.86315
89.45017
88.51531
87.89793
84.86685
85.55051
83.09859
83.11269
84.94978
85.40279
83.86532
83.99755
85.85031
86.05091
83.0572
83.94572
84.44278
82.96702
82.73018
81.57016
81.30749
81.19135
80.58981
80.30272
80.86543
81.18969
80.54444
81.99964
80.51084
79.94544
80.06168
80.60297
80.1511
79.88569
77.75847
78.71134
78.92215
78.6214
77.81263
78.59142
77.11842
77.28388
76.80467
76.28439
75.9431
75.70615
75.53697
75.88382
76.07216
73.5694
73.51838
74.32505
73.76627
73.29962
73.9623
75.16038
74.17681
72.89521
72.54467
72.9587
73.56423
73.91107
74.1468
72.96518
72.62156
72.29377
72.93386
73.36697
74.49315
73.65423
73.5227
73.82726
75.19672
77.00154
79.25533
78.01404
78.14161
77.9984
78.87508
77.0888
75.34542
75.24924
76.2027
76.97817
77.57039
78.00624
77.36605
77.44723
74.89256
73.67998
72.65283
71.02759
72.62517
71.01694
71.39055
72.4958
72.89587
73.70179
73.92189
73.4089
72.91475
73.09788
74.04989
73.15958
76.06627
76.36296
74.91971
75.57177
74.92585
72.90579
72.87494
73.08929
73.31235
72.67464
72.26539
70.39956
71.14831
70.05496
71.776
71.37047
70.14468
69.38432
69.81933
71.75573
71.56287
71.2335
71.7037
72.12222
73.01859
73.25602
73.33344
73.52791
74.02795
73.31362
74.02841
74.20403
73.94314
73.35234
72.96132
72.60643
73.90519
75.26018
74.4836
72.97974
71.8184
70.96156
71.44505
69.79324
69.32781
69.66163
70.26185
71.1488
69.68724
68.82052
68.54292
68.60364
67.42422
66.55811
66.45837
66.67189
67.70248
66.917
68.41612
67.78928
66.21938
65.96467
66.52476
66.42852
65.78603
65.22028
65.24739
62.91492
63.41433
63.26896
65.01531
65.58579
66.05103
65.4679
64.71092
67.70918
68.53257
69.22597
69.77669
70.63332
69.81207
69.28467
70.78783
70.04089
70.46969
71.80697
71.9068
70.98025
72.76207
70.82029
70.54126
71.7311
72.50975
73.06711
72.46867
72.61395
74.31819
76.48309
76.02976
76.91812
77.24964
76.93785
76.70642
76.58842
74.99425
75.30546
76.16015
75.98333
77.34519
77.59716
77.38582
76.53004
76.17965
77.45367
76.96844
77.38037
77.5716
77.50033
78.37106
77.65784
78.95448
78.40573
77.52074
76.85174
76.85361
75.73707
75.15027
74.92234
74.69697
75.25186
76.82578
76.47133
75.37764
76.47476
77.82068
76.26955
76.33133
75.18613
75.90474
75.35242
76.09593
76.22263
75.50753
75.36649
75.5792
76.17994
75.06882
74.92358
74.01386
74.51269
74.22938
74.58987
74.21253
74.81635
74.24721
74.39671
72.63491
72.33853
72.94779
75.0462
73.11131
76.37405
77.47866
77.76863
76.97442
76.79864
76.79429
79.282
80.29253
80.6339
80.66007
81.47997
82.32103
84.02448
83.49571
84.79354
83.77022
86.08855
84.76677
84.51647
84.7745
84.5638
86.33226
86.07739
86.69421
85.46898
85.08572
83.94686
82.90362
83.89346
84.34097
83.528
81.72899
83.51919
84.24807
85.117
83.44449
83.78701
83.06949
83.56073
83.59798
83.23126
82.68754
82.6915
82.20889
82.82219
85.08875
85.66941
84.29826
82.09711
82.76245
81.30747
81.53635
82.21242
84.239
85.96481
86.0911
87.70872
88.01575
87.55334
87.21204
86.57239
84.89694
85.14094
84.23947
86.01724
84.81185
84.45875
83.78894
83.25437
83.70683
84.29263
85.40017
84.14052
84.66958
84.54068
83.80326
83.64353
83.77416
84.4232
84.63331
85.41083
84.52457
85.11336
85.16612
86.44134
85.63132
85.72692
85.02055
84.18853
84.02568
85.77464
85.3437
85.09439
85.51478
86.45372
84.51767
84.33489
84.13319
83.3374
83.09467
83.46225
81.12735
80.92892
81.59925
81.48217
80.25634
77.75557
77.57321
77.33129
77.9364
77.19358
76.698
77.40673
76.38779
75.84233
76.69294
76.55928
76.01022
76.74445
78.1201
78.49761
78.33784
78.73634
79.34253
79.84432
80.63574
80.32096
81.60552
81.48047
80.44702
80.6049
80.44644
81.45702
80.72981
79.95017
80.7044
80.20919
81.48679
83.32565
84.31415
82.14694
81.01459
80.35913
80.34974
80.44341
79.95284
78.60005
81.3726
81.20561
80.03587
80.10289
80.50786
