2483.434
1756.09
707.1024
1824.295
503.8046
592.2188
1595.501
731.4314
1300.811
916.1485
1219.314
1125.278
1196.84
705.1714
589.7061
767.6092
795.0359
1093.274
2285.984
615.4998
1253.978
736.709
871.3689
1201.813
1030.842
357.7159
665.5539
1870.806
1318.224
2036.235
1306.095
1351.172
2146.061
797.1104
975.3697
1836.557
1706.548
2050.541
712.2758
796.1037
573.4469
1129.296
2261.356
1120.604
1140.387
754.3838
1268.52
1145.819
1591.152
1615.006
712.9122
446.0185
1032.07
674.0571
763.6233
1021.491
1114.706
2033.35
793.4456
1043.656
934.2344
1077.271
1574.091
718.2368
1547.059
623.9617
1078.286
561.6931
982.1038
2599.607
1002.027
1836.869
1217.22
667.2932
3245.019
1345.948
938.6495
865.8665
1412.233
719.3817
648.6838
1352.05
1914.646
1887.221
1463.563
1272.937
1000.501
1331.682
1987.671
1240.216
3513.866
992.2827
700.1629
847.5933
1277.179
1323.163
1459.601
1454.977
605.6551
1826.175
520.0704
1858.238
867.3923
1207.811
1217.845
688.5801
544.9472
1598.998
649.5551
790.9678
851.7953
1443.71
1267.94
904.0853
921.6002
1114.785
1360.238
881.9662
1295.612
2248.997
454.3104
790.549
1373.483
1017.893
1775.372
1910.435
1316.653
1144.442
1644.999
592.289
1384.522
1412.065
1441.104
781.186
743.1081
999.2789
1842.597
1636.333
822.3077
500.4216
795.3484
1865.025
1917.418
1658.599
1169.889
922.2508
815.3823
2937.081
719.2571
733.6339
2206.19
1130.045
1021.748
1144.539
1127.489
685.0218
1061.718
1130.781
632.7626
564.4959
2309.504
1216.023
737.8617
1349.936
1100.02
666.0408
1035.623
639.0453
1753.368
1243.135
2711.56
1658.709
2190.224
4614.099
515.2905
909.2956
2135.146
569.2802
2290.356
2790.635
1745.194
1350.026
1420.003
1457.916
1683.198
474.8074
1386.855
1445.309
469.9945
2327.306
7581.875
822.8738
458.9599
1420.702
1052.809
477.3035
737.4959
1215.656
1957.066
1231.389
1227.69
983.0829
1945.806
1846.803
1107.931
842.2945
3044.67
1072.267
1116.937
1337.153
3143.792
1258.763
3152.824
523.3842
890.4736
1796.249
986.7877
697.0872
1267.303
1266.456
916.0053
1201.156
941.6594
1142.622
1972.676
827.2268
512.6986
789.3784
697.1317
994.7928
1015.372
552.9351
888.4032
722.9708
684.3283
1258.422
1849.32
967.9261
2701.36
2974.428
743.8086
1704.084
3161.395
1436.35
919.5508
1584.589
1370.4
2195.462
3674.928
2160.05
740.133
493.7843
961.7781
888.8173
873.5296
448.2615
1842.347
1118.41
1471.599
636.6968
872.5918
414.501
850.1898
869.7248
781.2186
402.9735
1430.578
1542.976
875.7964
983.1832
743.6497
899.6419
1315.98
987.5983
1103.07
1044.486
821.276
1548.114
1570.26
846.3765
2530.889
1022.016
1047.196
1037.384
1250.15
1593.044
1057.532
821.9644
4768.66
411.1742
1516.428
688.2149
1276.49
673.3295
2659.253
928.1846
687.5882
771.454
1414.916
738.8424
954.339
1945.896
2125.048
586.6301
1213.359
1641.055
607.9803
540.5621
2376.245
750.2748
568.4753
960.7173
785.6257
1235.35
1110.558
630.84
646.8558
1487.413
1388.117
962.0215
721.3639
3929.089
1766.225
798.3043
990.7636
493.2892
3229.238
803.889
621.0659
1123.488
1500.503
948.4496
1757.782
1953.82
802.887
343.311
731.1204
581.411
1149.69
1120.314
955.7868
1935.418
1919.012
709.8609
8909.3
1788.775
1988.206
418.6417
795.8393
1582.156
1354.688
805.2799
775.2761
3191.056
958.4165
972.8953
1697.092
712.7539
920.229
1458.542
670.24
977.354
1417.049
943.307
820.924
7035.885
839.3704
1745.421
1128.837
736.9834
647.3188
668.7288
1974.151
1447.149
3276.111
1352.963
554.0124
1011.122
388.4339
1202.296
1296.517
321.7681
1790.246
849.7025
5723.329
1049.642
610.4839
916.7922
536.5473
571.7621
979.3429
656.3772
701.5534
853.6326
750.8661
566.4514
1927.3
828.6402
1402.178
1450.627
2995.1
1562.911
949.3417
1289.909
1226.389
587.2489
1499.299
1890.661
2492.216
533.6549
949.7654
476.6065
2596.69
1264.369
1033.794
1543.898
897.3576
1024.533
702.2667
1212.238
643.8533
2807.73
954.721
850.8634
1047.331
1210.487
3783.153
1352.092
1049.33
1707.721
714.5049
1089.666
1184.906
3779.449
1269.007
750.6135
692.2522
1741.796
1128.84
1181.766
528.6673
1208.318
2645.066
865.1258
2062.026
916.1113
1506.89
932.7184
1713.429
704.8208
608.064
775.4827
2308.207
848.3893
2608.476
681.8504
992.8217
1561.297
1188.392
1923.339
1128.7
752.4994
940.4535
600.3899
1277.005
1186.929
1471.585
761.8434
1108.266
2147.93
635.9266
797.1749
890.9278
1200.617
697.3772
4903.037
1103.236
3373.185
579.8574
1442.889
1752.337
1305.947
1039.388
611.7297
1128.194
3193.086
568.897
1965.871
1749.007
1358.285
1029.239
1416.313
1314.418
990.8338
1361.316
603.3212
1100.741
569.8556
2860.705
709.0686
