213.428
136.0427
282.679
188.2862
152.123
579.7432
931.8173
644.6372
105.2537
191.9399
349.2039
270.9879
154.9833
364.8237
348.3812
332.8406
128.8015
1018.158
176.3259
320.9612
263.9975
336.7928
340.837
263.6074
108.4194
697.3841
249.7099
322.4718
247.4119
344.0259
276.5449
226.867
279.951
214.4797
428.688
378.702
209.7541
269.3568
309.5404
164.2927
208.8746
297.61
415.0775
436.883
450.768
923.0293
170.7713
251.1131
178.2268
612.7799
189.1264
189.8127
737.9571
312.4233
210.7522
279.5924
256.1603
290.4025
218.171
166.5043
325.7356
363.0893
200.1585
125.7581
716.598
170.9615
403.7646
298.0575
190.7487
488.7475
340.0027
210.9703
755.1125
396.9317
318.5405
301.0394
433.9298
166.0867
112.4899
180.6884
124.6571
243.9432
331.3255
201.9457
243.5331
153.5283
1074.01
113.7591
632.9035
136.5162
394.385
240.0948
169.1759
249.5859
353.0861
327.6097
165.6935
426.6302
255.0952
171.7025
540.4818
224.3307
423.8638
161.5202
300.5597
231.008
249.298
325.7445
371.3811
381.4073
214.2656
106.671
543.7004
69.75551
372.9324
211.9429
265.1718
251.3009
177.0359
135.0535
99.92022
172.0827
337.1243
281.8007
233.9842
154.2789
195.5168
502.6522
292.8898
144.9793
334.1323
362.2551
163.819
247.4078
240.9216
165.2787
386.0933
177.6038
206.9747
102.5397
334.4689
183.7353
156.1733
238.1285
224.4508
260.536
179.4948
363.1434
256.2004
176.3696
215.7939
240.5287
547.0031
336.9664
588.6612
446.9892
190.0597
213.9606
200.4939
362.1731
115.2981
131.3561
135.3145
233.1341
367.0354
288.7148
239.1863
542.4381
465.5114
485.0327
447.8401
152.863
160.5018
401.5324
576.3513
230.4144
226.1402
186.8864
127.2247
175.795
250.7342
218.7757
136.0973
204.0074
327.8972
300.4366
310.1685
204.6575
284.5277
231.6216
404.9546
187.341
166.1833
906.7352
463.9223
251.3718
129.8739
202.7211
395.0092
217.846
170.4692
286.2926
93.03046
161.9049
212.1906
193.0771
118.6193
176.1051
169.3121
247.2285
238.7676
375.4693
166.5405
662.5676
255.0779
208.3539
252.0405
190.1191
230.1262
317.6888
674.5872
131.1253
501.8391
345.0788
391.4548
393.6356
437.9477
255.6828
737.9004
235.4331
175.512
201.9594
366.9579
244.3655
140.8903
107.1171
137.2473
342.2108
543.2268
222.358
141.8349
295.3155
163.3622
358.1877
202.5342
219.6343
336.6135
63.86336
96.0686
143.1031
248.5178
390.6705
255.6691
134.215
524.1863
263.1385
330.6885
147.502
233.5918
520.401
183.7874
223.5721
320.3434
199.2438
132.5495
274.8867
288.0497
208.7385
694.4378
338.2497
397.9699
277.2012
165.6987
169.2823
347.624
247.0357
207.9129
482.7495
167.8688
216.3055
162.4001
387.9262
421.2855
283.1842
377.2713
177.0385
238.3315
497.1421
269.7409
190.3687
164.6233
168.288
279.8415
253.9621
331.1224
326.2321
372.4379
490.6155
290.4115
226.5961
223.1618
176.1446
278.1314
232.4754
541.7064
644.2225
952.1643
313.1144
194.3982
345.537
246.771
391.9828
1505.763
179.0507
157.9687
240.2586
432.2837
288.0555
599.4704
354.7881
178.1584
328.0116
163.2059
130.9725
283.255
246.5142
347.9593
560.1854
678.2215
149.6979
203.0267
319.5807
729.9722
456.0461
191.4048
346.3942
808.0839
1031.193
351.5752
141.8821
120.6206
203.3832
427.3873
373.7683
190.8154
554.1906
531.6739
284.3283
258.6589
747.2428
339.8185
224.1956
115.282
110.4285
296.007
478.4013
292.1217
303.1283
179.5782
147.1669
176.6286
320.714
384.2569
387.5875
258.6138
131.099
208.4021
160.1205
220.7708
263.1185
235.9685
231.4908
216.3848
347.3038
203.5241
300.4116
174.2761
276.0597
162.2076
184.7497
224.0352
294.813
445.4204
470.3063
299.2567
212.906
217.5925
306.2134
319.4286
357.4803
129.7908
386.1556
388.4197
220.0491
405.2376
433.3416
206.78
214.6179
362.2268
178.7454
456.4308
485.5474
559.3738
245.111
224.2691
666.1393
154.9783
152.2219
192.743
135.0427
259.2632
192.3158
239.1781
340.1762
731.5975
353.4721
350.6056
253.921
241.4721
542.891
420.7286
165.8732
239.643
295.0919
237.1904
300.1757
246.3906
502.0015
356.842
309.3299
286.8675
522.1491
146.6987
320.38
263.8511
181.5523
574.6829
544.2491
139.5593
227.6091
300.4625
181.4696
305.3966
328.4355
643.2976
188.2691
174.5598
335.499
382.9955
217.0987
153.8828
275.3371
274.9643
145.5571
250.9483
98.85973
175.0622
284.4345
305.2225
191.9384
169.5689
255.9562
200.5763
214.1508
581.6492
110.3092
145.2912
1050.189
484.6872
495.3018
298.8182
771.5283
282.5071
385.5744
201.846
374.043
98.73105
139.138
182.266
211.0783
698.9054
208.5759
467.6438
292.1738
203.0495
243.5448
208.843
133.0079
225.9171
479.4231
192.4861
175.5966
236.8558
197.8903
506.1404
286.1775
230.8157
216.3965
1506.388
158.6671
