106.3884
104.3648
104.4557
104.0767
104.4824
105.0997
104.6575
103.3868
103.5485
103.124
103.9868
104.5265
104.3421
104.7176
104.2166
103.5523
104.1834
104.7089
104.5303
104.3322
105.4406
105.5473
105.0324
104.9745
104.5942
104.5333
104.9494
104.3157
104.6742
105.8073
105.7973
105.7805
106.0738
106.001
105.5131
105.7245
104.8187
104.5182
104.9529
105.531
105.1693
104.9433
104.3493
104.0559
104.54
104.8004
104.8015
104.1954
104.4334
104.5509
104.9238
104.9208
104.7164
105.0028
105.1621
105.4409
105.6573
106.4065
106.361
107.0191
107.0132
107.2053
106.9568
108.4044
109.1896
109.2921
109.6577
108.8585
108.9938
109.1587
110.1103
110.1959
111.4787
111.0903
110.8094
110.2374
109.3652
109.0119
109.2392
109.4708
109.7171
109.9545
109.6973
110.2572
110.4997
110.7994
111.9097
111.5557
111.9757
111.7525
111.0955
110.9919
110.1273
109.4107
110.1007
109.8448
110.1279
109.4249
108.894
109.1736
108.8459
108.7067
109.5192
109.2606
109.8755
110.0802
109.8891
108.9984
109.0514
108.877
109.604
109.8053
109.8351
110.25
108.7623
108.5634
108.8206
109.7913
110.4416
110.8984
110.577
110.3337
109.3395
108.9125
108.5732
108.2325
108.7029
109.5834
109.4448
109.1259
109.6617
109.8313
109.747
111.1002
111.2208
111.7236
111.6563
111.5302
111.5727
110.9174
110.3536
110.4119
110.2392
110.7753
111.0338
111.3405
111.1261
111.6613
111.0589
110.1469
109.8858
109.4982
109.3105
109.9043
109.9866
109.7554
110.8919
110.9807
111.1
110.1536
109.8393
109.0777
108.429
108.2359
107.5824
107.6442
107.9536
107.7396
108.1288
108.503
109.1419
109.8176
109.7334
109.1929
109.1166
109.4626
109.7422
109.4626
109.4369
109.3776
109.3339
109.1604
109.7423
109.1574
108.5384
108.4678
107.9271
107.378
106.6783
107.0215
106.3827
107.2559
107.6367
107.6103
107.2579
106.52
106.0001
105.6374
107.029
106.7694
107.1752
107.2186
107.7753
108.2846
108.0156
108.1058
107.881
107.5053
107.9001
108.1907
108.2267
107.2431
106.7863
105.5041
105.8493
106.1431
106.4422
105.6847
105.4054
105.9739
105.9726
106.5026
105.7846
105.5262
104.7391
104.689
105.3427
105.774
106.2856
106.4125
105.7961
105.624
105.783
105.1425
105.5827
106.0465
106.1256
106.4335
106.8759
108.3457
108.5681
109.1279
109.6628
109.9534
110.7361
110.4423
109.9968
109.8411
111.3668
109.946
109.7812
110.4908
109.8504
109.6011
108.8109
108.718
108.1526
107.677
108.3873
108.7588
108.2033
109.0161
108.6296
108.3268
109.1172
109.367
109.0157
108.9035
108.6779
108.337
109.0807
109.0568
108.4901
109.1098
108.8475
108.8614
110.0552
109.2317
109.8714
110.4886
109.7546
108.9241
109.033
109.2541
108.3433
108.4582
109.19
108.8872
109.0691
109.7864
110.3012
110.7664
110.6592
110.4522
110.7579
110.6178
111.0933
111.4731
111.4318
112.2247
112.7311
112.5348
112.8526
112.8454
113.0336
113.665
113.3617
113.7182
114.5798
114.8766
115.042
115.2141
115.0646
114.6337
115.4992
116.1115
116.8392
117.0922
116.5096
116.2841
116.3407
117.3331
116.7793
116.8573
116.5887
117.0474
117.5087
117.3411
117.0267
117.0083
116.3291
116.2375
116.2049
115.8629
116.934
117.3195
117.7495
118.1806
118.0352
117.4922
116.853
116.4627
116.8397
117.9808
118.5004
118.5328
118.2322
118.5977
118.9936
118.3359
118.8056
118.5181
117.7547
118.6716
119.4671
120.094
120.2643
121.053
121.1027
121.0758
120.5337
121.0954
121.511
120.3479
119.7117
120.0698
119.8525
119.3261
118.9649
119.3425
118.9342
119.2786
119.7064
119.3776
119.6376
119.8698
120.2068
120.7008
121.4899
120.7084
120.7928
120.4669
119.9699
119.9909
120.0406
120.6307
121.7656
122.1722
122.5993
121.7877
121.6024
120.9229
120.1573
120.6333
120.757
120.8645
120.2197
119.8948
119.7254
120.3417
121.3659
120.6679
120.8118
120.8036
120.9075
119.9574
119.8149
119.5645
118.6532
119.068
120.0626
120.7758
120.212
120.2364
119.5223
119.3205
119.2295
119.6255
119.4506
119.8153
120.2339
121.4029
121.7322
121.2451
120.7263
120.92
120.7863
121.4789
120.8704
120.9234
121.3536
121.197
121.8727
121.3454
122.2328
122.9009
123.1672
123.1858
123.0841
122.5678
122.7891
122.2609
122.1078
122.036
122.7733
122.7159
122.0085
121.4473
121.7304
121.3895
121.3061
121.3731
120.7801
121.0361
121.1702
121.7972
122.0382
122.6479
122.763
123.0298
122.1406
121.8624
121.8127
121.6559
121.2308
122.2417
122.1794
123.1512
123.3415
123.3657
123.9196
123.6684
122.4586
122.8323
122.8236
122.3149
122.941
122.4004
122.6325
123.1499
123.7473
123.0398
123.0983
122.3576
122.6116
122.7403
122.8424
122.6826
121.9714
121.8817
121.775
121.8552
122.1245
121.9999
121.3366
120.925
120.8912
121.1356
120.8153
120.9921
