74.38522
84.7347
90.88567
101.334
87.08068
79.75914
86.90171
85.17632
85.74781
71.96751
76.36035
89.87276
86.88334
87.78372
87.69265
80.26806
79.34574
76.22201
98.17132
83.51646
82.79931
87.29669
88.67256
97.99872
87.46244
98.91588
91.41728
92.00555
82.77411
79.62737
80.77574
86.27541
82.69135
80.12102
82.92586
81.96628
88.04378
85.53153
84.06533
86.91679
82.17037
93.17343
85.30913
80.14982
89.85041
91.66143
84.48203
94.8356
85.40503
93.85712
87.31171
86.21339
87.31323
81.75574
91.98275
85.90124
92.48496
97.5084
90.24445
93.30857
83.97049
88.2322
85.0171
80.16513
84.18152
105.0733
84.82061
95.21714
104.0475
88.97693
94.1899
81.98985
80.63625
96.53092
92.18089
97.24593
80.84089
94.91324
84.50727
75.68294
74.7774
79.12867
80.38042
69.7879
83.69661
91.46819
86.9906
88.41676
92.96842
95.02454
78.32555
92.56014
83.13704
78.71684
76.98942
87.49062
73.86063
91.21321
100.101
83.58356
78.58397
87.94719
90.24556
81.85522
86.03203
87.26346
94.75362
82.7412
88.41581
80.54237
88.90402
87.07519
88.97249
88.23023
75.33332
90.88064
96.88571
92.23606
89.30996
83.57044
102.4848
83.46329
86.34458
84.08778
95.54018
104.4064
89.02211
91.61209
77.16064
83.77125
80.84692
82.9927
83.95227
82.56188
94.7193
89.07321
77.71796
85.99149
87.35108
101.5141
86.25803
84.88313
96.5066
86.55505
87.72907
84.01632
83.114
89.28192
87.10913
83.33617
81.88352
84.05836
89.47988
69.15858
61.50307
85.78733
82.45941
84.47853
84.15742
96.61617
90.80801
79.66963
82.59951
83.57276
85.36104
94.94424
100.2595
88.07686
86.48654
88.89115
81.99724
81.80985
80.14088
79.70249
88.31234
82.86106
77.13639
74.10181
81.66861
82.73461
93.92014
91.27927
94.45059
86.0891
87.43029
96.93912
92.2349
83.84692
82.36723
85.73665
108.7183
94.29459
81.49375
99.86329
81.15489
86.30148
104.8958
75.59641
83.36785
83.5512
107.4038
91.26243
93.5479
87.39753
76.2485
91.55848
70.88467
87.78702
95.25932
91.20417
83.44039
84.5357
85.41976
84.4975
86.23354
87.98746
102.4482
81.71703
87.57095
89.3071
79.93098
84.63325
94.60936
87.4103
80.11259
72.24666
86.02494
91.40936
101.1128
78.61128
88.44423
77.91777
84.04309
86.35032
85.8806
74.35498
83.71588
85.9921
80.19956
87.99904
98.72436
74.73121
100.4415
83.13008
89.41669
80.60601
93.93672
91.78238
81.96598
86.07263
103.7715
92.48802
73.41494
86.46121
93.97836
86.88656
92.67528
74.91282
85.30571
91.04193
87.70919
79.10238
86.31637
75.16509
89.41886
95.52656
89.37054
89.50316
73.52117
82.33144
78.07794
75.77082
93.18796
82.47746
84.87543
90.33057
85.74297
70.49625
91.59561
83.69299
87.08881
84.75331
76.36664
94.70752
76.86868
84.4869
79.09215
87.56356
71.63383
75.00197
72.91581
76.65639
74.93536
81.80913
83.24622
84.16841
64.08557
67.21517
60.78423
74.76351
77.41473
67.11934
76.34212
69.47704
64.38761
70.82664
77.98622
68.44261
72.99975
73.45233
76.30664
68.21103
85.12971
72.33745
92.73963
80.61251
66.4594
65.19862
66.64366
65.02304
72.54023
63.7997
62.0503
63.15614
78.11827
70.24251
68.9093
75.32186
80.90029
68.97483
66.72324
66.97038
62.93206
71.1516
76.73644
56.23176
67.78262
68.18811
64.96455
65.66806
68.86284
69.62535
63.8254
66.29409
62.36278
81.74278
69.74075
69.36117
64.57193
67.07186
56.67349
62.34681
64.10984
59.92158
73.85123
71.79447
58.78644
72.68905
56.83377
72.49089
60.95755
69.85611
66.29549
54.83245
63.79487
55.22992
72.57184
72.46423
73.14133
64.70864
69.68949
65.76594
64.56122
73.12755
79.27355
58.86306
60.96699
64.33636
68.68005
75.58933
57.44059
52.97571
53.64096
54.14338
63.20188
55.3589
58.29007
59.66927
75.16582
72.80766
60.90783
51.78954
56.9331
66.66488
58.05568
64.22362
63.60861
67.75829
69.98657
64.02667
53.34547
71.28819
69.73452
61.69094
64.14988
60.29379
65.0421
55.81887
55.26621
55.76447
64.74875
63.07002
71.22991
53.95412
59.66307
63.5567
63.83724
73.87414
67.60663
69.2753
64.77958
56.76876
61.68871
66.25138
66.45874
66.039
55.29815
62.79637
59.96949
64.4263
55.82832
67.07586
68.877
59.95073
56.70811
58.72693
57.35915
66.02594
64.67976
67.32086
58.65746
63.89579
68.87953
65.26905
61.10278
58.65144
52.29036
66.28307
65.81761
58.08838
72.48154
67.04458
69.1602
60.26684
65.03911
65.8337
53.08665
73.32643
53.81607
76.83948
87.5704
68.46422
70.53043
65.23742
65.08373
66.68648
56.60147
63.798
54.16531
54.73612
55.00537
63.26772
70.50554
58.30932
50.17606
57.86893
56.30654
55.18066
63.70045
52.35573
62.05699
58.93173
58.58812
66.89001
61.72013
66.39515
69.48151
50.68758
51.46225
53.68273
47.2488
58.59292
53.79209
67.02557
51.40621
63.9471
58.23573
72.35669
59.92845
63.34694
