0.1068263
0.4803917
0.2750686
0.2993117
0.5524894
0.2456334
0.2248577
0.1965948
0.1537665
0.1669901
0.8290837
0.1796273
0.495958
0.2149256
0.4076355
0.3032793
0.2094246
0.6023752
0.3199746
0.1913236
0.2988087
0.3850566
0.5715573
0.2492108
0.408888
0.4823692
1.037288
0.6804967
0.7183841
0.264386
0.9185643
0.1940246
0.1955976
0.1354425
0.3973749
0.2728679
3.255669
0.3303135
0.3473501
0.286965
0.2335247
0.2217113
0.1124269
0.2292102
0.5464573
0.3357517
0.5159411
0.2368316
0.2713025
0.1658235
0.3756927
0.3114986
1.361186
0.6245334
0.94118
1.427313
0.5613746
0.2151936
0.2618847
0.1402539
0.2007709
0.137788
0.2063097
0.1361294
0.2678638
0.7298953
0.237738
0.1320192
0.3316719
0.3793172
0.3600402
0.5144206
1.027973
0.1805035
0.4158743
0.3389794
0.3285555
0.4883743
0.2084784
0.2148043
0.4004138
0.2437362
0.2841756
0.5177017
0.3743075
0.425134
0.8196865
0.4887877
0.2508879
1.099647
1.229108
0.8027489
0.353521
0.4623183
0.1514478
0.5858405
0.4152507
0.3210836
0.4380764
0.2076566
0.6673523
0.2480506
0.8542766
0.5439984
0.2707379
0.1347031
0.4120632
0.6732511
0.2295552
0.2147662
0.5883099
0.1448036
0.4035894
0.3795478
0.213698
0.8144118
0.5151125
0.2430506
1.701743
0.131951
0.7026574
2.462717
0.3085338
0.3676069
0.5085818
0.3025002
0.3355028
0.4638275
0.2806321
0.4619954
0.3289039
0.4050352
0.3203
0.5396883
0.224929
0.1221554
0.4357204
0.7127256
0.1306454
0.2095914
0.8259252
1.734898
0.3188186
0.1243677
1.525614
0.1403107
0.4009944
1.641861
0.4434748
0.536774
0.182831
0.2290453
0.30866
0.840878
0.2571533
0.6751693
0.1927177
0.3943154
0.5375369
0.5806369
0.4390312
0.3940414
0.141388
0.2694095
0.375599
0.2132155
0.2746792
0.3088262
1.585723
0.5619762
1.38621
0.2340467
0.6170988
0.2766265
0.2203163
0.3270167
0.1448325
0.3330486
0.6363408
0.1711394
0.3991287
1.130054
0.3052186
0.1772326
0.4363376
0.4631131
0.5052674
0.1380343
0.4017778
0.2591319
0.1203448
0.4884556
1.158243
0.1624209
0.6785909
0.2067386
0.8844346
0.8428772
0.631484
1.079184
0.5798148
0.6568658
0.7980315
1.482919
0.572665
0.5477237
0.1944983
0.2966404
0.2980956
0.2623429
0.268877
0.3495836
0.2022911
0.2171572
0.1661426
0.6116885
0.4061788
0.5609353
1.127174
0.4486697
0.5217606
0.2413888
0.4317305
0.2250487
0.1341967
0.2321745
0.2060188
0.2641527
0.1126019
0.1446148
2.45171
0.2845965
0.3274446
0.4348168
0.3294279
0.318078
0.3117649
0.4273527
0.2756074
0.4301236
0.2166669
0.1074113
0.217021
0.1426906
0.4098523
0.9544169
1.309518
0.4120641
1.023836
0.3420428
0.3641431
0.3816421
0.5501313
0.3395175
1.214805
0.3361615
0.3551213
1.654052
0.5064715
0.2082357
0.3217563
3.818741
0.4857424
0.1525983
0.2194397
0.1991374
0.465326
1.281718
0.5304007
0.2680937
1.942225
0.2890912
0.5257375
0.3670224
0.381272
0.2124784
0.5991644
0.8884564
0.3262625
0.2851143
0.2236601
0.6351197
0.1588614
0.3983131
0.4230866
1.221919
0.2707688
0.2834537
0.1350019
0.2893702
0.3131113
0.2418123
0.3216067
1.518561
0.2466206
0.2623869
0.3549533
0.6146784
0.2116893
0.2807694
0.1905571
0.2334963
0.5116686
0.8619
0.3392382
0.4460149
0.3394556
0.4649033
0.1889627
0.8931486
0.2727415
0.4202034
0.2490323
0.2018329
0.5867574
0.2390666
0.1278609
0.5757689
0.5153523
0.902861
0.4272139
0.2808716
0.1627723
1.087763
0.177348
1.148249
0.859045
1.149179
0.3807154
0.569002
0.1255971
0.1216322
0.2523555
0.7452753
0.3522518
0.4358411
1.066668
0.2596208
0.7470206
1.374193
0.3330532
0.2705648
0.2448349
0.1955854
0.2771879
0.4684394
0.2830286
0.2964531
0.2933172
0.2005261
0.5808161
0.1300338
0.2356838
0.3773342
0.4301864
0.2404631
0.3018958
0.2654689
0.4597214
0.3917884
0.3130827
0.1198051
0.5428719
0.8663169
0.195117
0.1421563
0.2811121
0.509107
0.1018373
0.9974298
0.5184059
1.300551
0.3026533
0.3186538
0.485633
0.4264731
0.3070858
0.3279448
1.819284
0.8755258
0.4335142
0.5392395
0.296153
0.181927
0.8465458
0.4322823
0.3213518
0.14888
0.2832865
0.6253708
0.2564702
0.2423184
0.2536473
0.300197
0.3245368
0.1779548
0.8438305
0.3566276
0.135812
0.3585711
0.6699525
0.4947049
0.950442
0.3055501
0.2918116
0.1720719
0.3975214
0.4395395
0.6577456
0.2839096
0.3344527
0.1397776
0.2637029
2.160218
0.1959189
1.852875
0.5221261
0.4344002
0.3992341
0.5783496
0.3975205
0.5618803
0.2060436
0.2877188
4.565616
1.02584
1.746657
0.3537002
0.1657992
0.2149857
0.9311084
0.4476603
0.2107316
0.1489517
0.2093265
0.2205478
0.443817
0.6748209
1.382999
0.2676393
0.4814714
1.238925
1.029949
0.4868424
0.2772743
0.5835958
1.157903
0.6759865
1.538664
1.578276
1.346724
0.7914231
0.1274739
0.137226
0.2470878
0.2279519
0.1227168
0.1491626
0.7078093
0.2084797
0.4283804
0.2423357
0.3441007
0.3808522
0.1094843
1.003269
0.2730034
1.113162
0.4736432
0.2134027
0.3947417
0.1973917
1.179337
0.3717422
0.8076796
1.071845
0.1634526
0.1178687
0.3049658
0.3038914
0.3482309
0.247124
0.2863036
0.2030436
0.5923837
0.4579943
0.2313494
0.4300118
0.4783247
0.6957109
0.4242926
0.2318548
0.3211522
0.3791787
0.2401365
0.3620433
0.3156071
0.249204
0.2809156
0.3768499
