106.8103
106.1464
105.0968
106.4255
105.9532
105.2001
105.3307
107.0825
105.2796
105.4963
103.71
106.6107
105.2533
105.4233
105.5203
105.3726
104.7938
106.5295
106.9768
106.667
103.0217
106.2969
106.8908
105.6958
106.5421
105.2576
106.6243
105.4681
106.416
104.9335
105.661
105.7571
104.3616
104.7026
104.7388
107.5978
102.4861
105.6162
104.7649
104.8459
105.0928
104.8658
105.1888
105.0499
103.6695
105.6614
106.1918
105.2625
105.9769
108.2273
108.1146
106.0038
105.5516
108.9843
104.7555
104.6855
104.2626
105.342
106.379
105.1125
104.5161
107.9787
107.0351
106.0104
107.6056
106.7
104.6027
105.9099
105.9656
105.4256
106.306
105.5088
106.1557
105.5519
105.8617
107.0316
107.4502
106.0744
106.2609
107.6523
106.6994
104.7789
107.3816
104.5357
107.1631
104.6728
106.0336
103.4453
105.0692
107.8713
105.2734
105.8377
106.3989
104.8462
104.7483
103.7534
104.9364
105.0806
104.9157
106.9191
104.1089
105.6309
105.9493
104.4364
105.4201
105.1171
106.5341
105.1587
105.3808
104.3263
105.7216
106.9417
105.9485
106.7554
106.0053
106.0991
104.1053
104.3412
105.0421
105.3601
107.0954
106.279
105.5904
103.6122
104.2255
105.5459
104.1456
104.9498
108.165
105.0515
104.446
104.7979
106.407
106.3658
106.4278
107.0312
105.7398
109.1059
105.073
105.5732
105.7305
105.8877
103.9018
105.2801
106.8011
105.5971
106.6321
107.3395
105.4386
104.9237
106.2464
105.368
107.0722
106.1461
105.9899
104.425
104.7525
106.6416
106.9322
105.9427
105.0022
104.8356
104.1231
105.0075
103.3807
102.8358
107.1168
105.0847
107.2458
104.3353
106.1134
104.8764
106.7934
106.5479
105.8044
103.5215
103.5878
104.1627
104.945
103.9915
103.6087
104.699
102.1373
104.7716
105.3279
106.9854
106.263
104.9444
108.5093
106.093
106.061
105.6805
106.2879
106.2387
105.8804
105.0837
106.9121
106.4359
106.8714
104.9536
104.8828
103.8354
106.4228
104.8933
105.3269
106.5635
106.6105
106.7498
105.027
105.6617
106.5196
107.6224
105.5532
108.1846
105.0102
108.7113
106.77
106.7855
105.5088
106.6223
105.2301
107.9
106.7768
104.2258
108.4531
105.4834
105.659
106.2083
106.2659
104.3516
105.6932
107.3528
105.5856
104.8655
105.525
107.3277
107.6998
105.4986
105.5412
105.0104
106.1498
107.0961
106.8166
105.0534
106.043
105.3583
105.54
107.2912
104.9267
106.3433
107.1455
106.836
106.4861
104.6842
106.5252
106.0266
106.8432
107.2924
105.047
105.5854
104.1281
105.6633
106.5366
107.0348
104.2402
105.6547
106.4882
103.8975
103.633
106.0724
104.4911
105.7339
106.6333
105.6886
104.5211
104.856
103.3039
105.1642
106.1773
105.2816
102.6256
106.3939
103.5459
106.6246
105.6685
106.3935
106.625
105.6216
104.8885
106.3598
105.9135
105.8462
106.3029
103.6412
105.3382
105.3883
103.5773
103.6344
104.0485
104.6799
105.5488
103.9852
107.1711
104.6355
106.4809
106.8488
106.7909
106.6569
106.5752
104.6056
105.4157
105.6192
105.9641
104.8267
106.1449
105.9959
105.6355
104.193
104.9907
106.2361
107.7465
103.9711
105.1371
106.3326
106.3046
107.0958
106.4561
105.4524
104.7453
103.3779
105.0812
105.5945
105.8512
107.883
105.6816
102.1761
103.5615
105.8654
104.7538
105.4095
106.5795
105.6504
106.5199
104.5134
104.9356
105.2142
106.5804
104.5008
104.3447
106.6257
104.7608
105.6178
106.9651
104.6164
103.6899
105.4018
105.4345
105.1086
106.1488
106.5589
106.4632
106.7329
106.152
105.1845
106.3588
105.39
105.3603
106.176
105.2158
106.8762
103.5333
107.0981
107.4887
109.8651
104.3981
105.1323
105.6749
105.4377
104.3315
106.8315
103.9982
104.9261
103.7652
106.2136
105.2766
105.0439
105.6093
107.5009
104.9013
104.8301
105.9655
103.6616
107.8037
105.395
108.2951
105.0391
106.8518
104.7034
107.5803
106.1714
107.5613
106.5358
105.6344
106.5898
104.2962
105.4975
106.6059
107.3534
105.0559
105.5564
103.7028
105.9998
106.2288
108.902
105.944
107.6318
105.5519
103.3269
105.6719
104.9617
107.436
104.2922
105.7025
106.5267
105.4187
106.2398
106.2997
104.9249
107.5626
106.4053
105.2788
105.3332
107.1227
105.2363
104.5307
106.1342
105.4531
105.4426
103.9191
105.3656
107.8828
106.0238
105.7113
105.7431
105.7514
105.1813
107.2867
106.3202
104.948
105.5242
106.3402
105.7847
106.673
105.9538
105.6728
105.5592
104.3774
107.4648
105.8896
106.6402
105.4096
105.9174
107.1237
103.8392
105.3795
104.2356
106.0092
106.5197
105.4426
105.0434
103.8682
104.4267
105.245
106.0536
106.9762
106.7163
106.2295
105.3752
106.0843
104.5237
105.7081
106.8876
104.4397
105.2316
104.1865
103.9526
106.8187
104.3752
104.7458
107.0819
107.8729
106.2667
106.7956
104.9485
102.5829
106.6171
106.7633
107.4595
106.4402
105.7606
