440.8077
388.103
422.3721
413.1628
426.4226
434.2701
398.4865
407.1575
440.4996
394.4478
417.2006
408.0392
434.8907
387.8356
430.4303
425.9675
405.2185
411.1107
412.0836
392.1376
450.1415
422.4731
430.4676
450.2098
420.5083
406.6126
413.7782
424.173
394.8195
405.8234
442.0968
440.3045
400.6452
426.1073
404.1251
421.8909
406.6361
455.4248
398.126
397.3676
402.7828
402.1415
406.1809
411.748
453.9281
395.0033
422.6056
426.4837
423.7525
423.0952
384.5959
454.1284
392.0039
465.7857
417.948
437.3314
423.1476
454.5077
425.9259
397.1922
420.6303
430.6062
415.5124
411.297
408.2452
424.4481
397.2651
414.6349
409.1277
415.1094
447.4298
405.3996
434.1676
404.6685
416.3687
421.3681
436.7088
410.4609
438.0718
438.4521
424.7751
408.7785
396.2842
444.35
441.1453
427.0279
394.3194
420.6583
436.3598
392.0909
405.252
407.4278
403.6916
455.7535
425.24
366.8463
404.1648
414.3141
398.2377
428.0645
419.1869
448.9521
432.7634
420.8194
405.6308
408.1396
399.0549
416.7807
413.6669
424.5021
430.5591
405.5915
425.9234
419.1152
400.3216
450.706
434.8553
373.8992
416.9456
407.5243
427.3353
434.4543
402.2477
468.3058
397.1802
421.5873
428.3445
428.6741
450.1049
398.9397
414.2495
406.0178
412.5907
377.2144
396.0785
417.3761
424.8635
425.8668
454.73
403.9252
439.1253
427.1859
446.732
446.746
401.6507
434.3033
386.2801
430.2926
426.6367
437.7495
459.4818
407.5522
416.1824
410.5862
433.3602
433.4854
459.8329
423.1229
438.5378
394.0899
432.6641
414.2872
422.5714
371.0648
424.0062
428.0062
462.4075
415.2837
432.9906
406.3427
468.0909
404.2662
411.0399
396.4592
413.4611
420.8281
397.3894
403.3309
383.6027
433.1457
390.1883
414.7432
422.8307
426.1241
434.2726
454.9031
429.0137
391.8861
439.7817
455.9152
406.2487
385.1429
406.3758
410.6047
437.0808
436.3725
417.0533
422.7619
421.5131
415.7553
401.0439
440.9286
419.6266
449.9407
424.4388
434.5012
407.8728
416.1773
415.8493
448.4053
416.129
423.7494
432.8209
430.2448
410.28
404.7982
470.7903
395.8289
425.3726
440.6823
435.5661
406.7656
402.3672
419.3972
412.2655
407.0106
419.946
432.3761
396.5409
411.234
404.9541
416.5223
379.6751
406.5837
449.0433
432.0633
390.848
426.4074
437.749
414.4053
425.4388
411.4045
431.0241
406.0538
438.5074
411.8429
440.9049
443.5
443.4864
410.0132
390.3753
455.2337
384.8854
401.9167
433.0181
419.3377
403.0668
463.2451
404.1907
438.9856
430.8751
425.715
431.5455
435.7606
434.5208
387.1551
444.7782
409.5788
416.3534
456.3403
412.1732
446.3914
448.9794
444.8981
380.3783
412.8783
438.9271
417.9504
420.6827
424.1822
404.0307
418.0628
393.003
397.7611
432.2645
398.5536
486.2454
398.4681
419.4229
448.0245
363.5323
432.8768
438.28
405.2671
443.3936
403.9004
422.6392
395.9108
407.5304
406.0744
443.0476
432.103
430.1714
423.2101
430.6068
429.0385
429.3325
423.9785
407.7587
429.6175
431.1774
440.6419
443.7872
431.7431
444.18
421.8901
403.2115
462.4964
449.158
440.1369
423.1478
406.8906
419.3586
420.7197
400.4064
409.1166
445.7815
413.6
390.6322
394.4168
451.1171
442.4733
436.5757
443.7167
385.7973
394.6771
424.9326
431.8342
388.2723
396.8233
424.0389
428.6538
410.6851
410.9536
433.9639
455.4266
426.8996
460.5907
409.7699
430.4282
408.3392
397.5025
422.1147
451.6643
432.229
458.1569
439.1619
441.603
400.2059
413.9899
408.902
408.9499
447.7506
402.9524
402.6175
437.0308
407.1029
407.4747
407.9916
427.1231
427.5609
426.0536
422.5191
439.205
438.5737
391.4031
447.4178
414.2661
415.7364
402.7693
451.9313
428.0858
402.3739
427.3929
435.0301
420.6835
419.9918
432.7301
426.9942
394.9879
429.8291
376.0218
450.0542
423.8435
425.6557
429.5662
415.9737
409.6334
398.3144
442.2364
427.5709
412.2939
452.9033
414.6431
403.0983
421.7573
470.0988
420.5313
422.6031
425.0084
461.2981
415.6613
412.3048
445.3368
424.2987
435.178
439.7401
402.8011
401.0357
421.6956
409.0359
412.9932
401.1781
438.8641
414.7562
434.106
428.172
406.4124
426.3262
393.8255
440.7097
413.4494
414.3968
422.9691
428.0174
460.7296
428.1502
431.4419
447.4923
415.0633
407.6372
412.5373
411.6679
419.1948
418.5982
438.9753
412.2708
410.7271
391.3931
397.8659
390.0806
441.6006
384.4868
441.805
443.4516
432.7818
402.4318
405.27
422.2557
413.4682
423.3477
430.8407
430.9353
405.1313
431.8901
458.5796
452.2625
448.2484
455.4479
426.2954
421.3419
401.2743
398.2314
412.367
390.6746
421.3966
456.6346
416.0229
421.948
411.9339
425.2064
425.6629
436.0767
402.619
366.2654
408.3665
385.0424
416.9188
416.1439
403.0601
404.1805
432.4762
418.214
417.3645
423.737
426.7582
430.6041
394.1207
419.8372
397.7671
