2043.549
753.0718
891.9103
562.8914
1568.569
3425.905
1303.954
422.8677
2674.769
1056.629
422.5354
1015.235
977.2965
1680.671
1251.221
504.1567
1043.757
1746.219
559.6899
655.6154
629.2941
697.9198
4200.989
766.0688
659.5733
1009.004
403.7853
581.3282
856.0502
1314.561
834.6235
702.7858
1031.527
987.9108
517.8265
995.9461
561.4356
629.8661
931.0299
984.5347
1234.131
707.2919
520.1691
631.0006
526.2885
1469.555
1141.21
540.2476
775.8254
1023.16
1250.794
2497.089
890.7861
1547.595
485.2007
761.8123
2119.998
1974.058
858.0856
964.8743
1753.684
739.1447
473.0371
1266.168
1226.739
834.5891
1291.336
766.1648
550.1204
1901.516
836.2546
594.8334
2154.997
545.7153
3299.184
2317.286
1246.426
1450.006
1172.935
1676.663
2546.979
665.2083
977.332
759.5625
1079.914
400.3459
1290.193
1037.114
666.5053
1907.747
3036.157
973.0366
1528.146
1070.067
1025.12
679.782
1657.753
1588.807
839.881
2019.499
406.9307
1075.69
1899.692
474.4144
825.9468
2202.691
1333.737
1526.079
600.7885
1174.393
1051.02
1819.934
1337.061
1048.007
2717.62
556.8225
534.3926
452.5946
633.1263
2014.619
1655.232
1380.289
1684.483
852.3775
996.8258
2297.983
1845.172
729.572
1642.104
1437.648
945.9359
1027.348
923.5834
642.4455
985.6788
1061.48
864.111
2130.247
549.0808
728.959
470.2879
751.4718
1145.026
724.7856
659.7518
1669.771
1196.124
1398.274
787.4931
751.3084
1581.861
598.4957
989.0634
841.8877
963.72
605.6212
1158.894
975.9485
2288.82
3083.589
1269.068
526.6637
1742.118
1415.364
935.2021
877.9548
1242.107
997.5468
1476.586
1113.939
5865.743
668.6004
729.0024
737.5065
1149.988
520.6142
1068.086
1149.636
1745.635
1361.637
334.4264
1183.508
1851.886
799.9682
1335.58
1826.329
478.5517
784.1968
451.8076
729.1683
1240.521
1375.024
710.3795
953.6673
2634.432
811.9353
618.0652
2346.039
1219.3
1369.491
1236.135
656.096
809.5002
1124.428
1706.037
1107.209
720.9464
737.3866
1244.509
1141.13
960.1347
678.6153
617.9231
3719.897
746.7372
1505.704
746.4341
1291.992
1235.878
1682.449
4882.743
3470.227
665.3794
1535.104
905.3459
2037.804
1993.701
722.0907
864.0221
1152.214
957.1547
654.0995
707.1063
1594.474
738.0577
1134.048
1232.167
1398.043
739.6474
912.0006
826.4131
982.5578
788.7974
1519.377
691.3511
963.5878
1158.877
937.3
1360.088
1407.254
2714.407
414.2027
1471.446
857.5256
1324.989
787.7519
1042.316
1223.618
1002.179
1609.937
1272.29
899.0002
558.506
534.3151
515.5962
1459.224
573.1281
1130.712
1017.285
1125.839
569.7956
576.71
1182.547
1355.165
580.4995
1144.611
616.5194
752.5997
1463.382
2040.477
1094.679
1450.823
922.3225
1277.091
1102.875
1350.787
587.0353
791.3259
1858.961
1241.251
2767.265
531.3813
538.3686
2069.222
583.345
944.1486
3745.897
674.5699
751.5232
416.8095
902.9174
676.1576
739.3789
574.1774
601.2622
553.957
1255.905
462.1467
919.8803
961.4746
881.7398
581.4018
862.5049
1102.557
1289.264
730.0281
643.0802
1179.825
1015.833
653.3358
1452.774
710.2141
1006.274
1291.263
1580.794
1356.484
2064.019
1333.721
775.3718
917.897
1116.679
773.4632
1353.689
643.4648
553.3934
867.1631
1603.208
2514.319
625.0612
1338.301
435.8421
5610.024
603.0455
1697.098
1022.474
1360.199
908.7747
540.7287
1306.766
1232.434
1515.83
593.6106
1136.577
906.7747
812.8423
750.9321
785.6283
893.5238
5067.538
568.7779
1805.513
1013.444
650.59
1110.171
709.8435
1753.842
445.3605
2102.565
1033.157
942.3246
1367.407
961.4028
1366.402
558.8665
958.5234
1083.187
1695.928
756.1683
323.1254
1047.19
768.0269
937.6993
1003.275
479.9942
1298.823
474.0267
872.8353
598.3121
1035.803
508.4119
568.7212
1742.034
779.8343
702.2411
1319.854
574.8156
2412.981
772.5671
1219.265
1353.152
551.5057
3503.027
675.1711
729.8012
621.2979
662.8642
923.1396
1783.387
1790.996
1101.287
1371.688
849.3779
1527.228
1561.036
1331.3
2112.098
980.6574
1370.819
990.9105
735.2884
1703.341
1323.103
1138.564
750.3045
741.0863
592.2404
691.9949
792.1843
4437.666
1126.691
724.5442
1165.751
1643.379
691.585
550.1664
632.2267
835.2564
1299.456
807.7313
1313.032
600.2561
906.0252
4714.777
800.5775
456.0871
3202.511
1057.494
501.0373
670.8111
1922.444
564.8058
945.4603
936.9464
948.1687
712.0348
919.8469
2951.681
1608.777
711.0403
1683.768
1212.575
540.5095
1579.127
700.4613
1426.795
2523.691
1081.516
1902.141
895.6506
855.235
1997.985
999.7185
870.1474
902.1684
1120.166
2482.791
1056.624
1629.41
968.3829
1042.062
1046.049
1115.301
1089.264
1313.696
1421.03
634.3898
1459.511
1000.419
852.8134
480.9525
1255.603
594.5105
684.9805
2026.434
636.0261
1367.633
1076.491
497.7308
851.3047
1140.332
