303.5239
228.8663
364.742
335.5952
281.1332
294.278
294.938
370.5546
369
322.6231
329.9816
331.2184
668.1677
841.9599
683.7731
511.2925
509.6578
489.909
908.7751
1326.989
1882.928
1304.736
1807.866
2808.254
2172.1
2093.486
1791.413
1777.413
1337.315
1950.184
1940.293
2222.461
1691.453
1807.125
1242.13
860.0818
818.3716
823.7852
1197.931
843.4501
1381.973
2032.051
2093.94
2502.74
2539.123
2065.612
2562.684
3019.71
3142.344
2720.712
2303.669
1942.879
2325.474
1742.208
2092.932
2321.282
2426.262
1912.363
2000.96
2486.814
1859.047
1455.095
1583.246
1590.784
2654.205
2314.013
1528.103
1148.056
1447.85
2026.259
2028.27
1859.571
2596.513
2390.805
2064.891
2804.014
2206.345
1673.487
1647.866
1679.286
2764.157
1749.309
1510.515
1715.531
2073.077
1852.618
1925.81
2177.803
1618.792
1787.969
2212.293
2709.721
2573.268
1821.3
1987.115
2287.877
2348.582
2552.39
2069.522
1899.919
1256.905
1624.272
1142.96
1086.7
1972.776
1259.068
1310.3
1340.309
1194.723
1250.733
1398.911
1405.4
991.0444
1213.457
2181.955
2274.549
2411.433
1399.264
1687.718
2073.468
3060.467
2729.725
2393.85
2203.177
1945.882
2205.049
2425.579
2833.488
1952.852
2354.064
2104.648
1697.949
2226.802
1511.672
1481.233
1111.985
1244.831
1077.53
1257.829
1736.366
1424.197
1775.319
2419.738
2441.734
2386.014
2229.037
1886.529
1566.065
2068.414
1962.141
2127.36
2369.356
2090.63
2204.413
2196.652
2118.888
2054.963
1799.353
1600.655
1468.342
1475.773
1480.333
1693.715
2408.391
2332.203
1498.968
1138.086
1199.077
1007.673
820.0754
982.0852
1192.549
1628.577
1874.089
1904.505
1400.744
1075.574
1455.019
1539.309
1572.834
2013.267
1924.351
2128.01
2393.026
1867.853
1569.698
1683.116
2143
2059.047
1948.939
1956.116
2064.676
1462.501
1799.928
1830.05
1993.307
2178.524
1685.749
1816.634
1793.375
1521.696
1513.341
1164.263
880.6286
651.5892
757.3479
592.7484
607.0407
1010.64
992.7003
1124.407
1550.896
986.5345
1108.241
1053.44
1338.323
1075.493
1571.383
1538.373
1825.687
1385.293
1935.707
1161.845
1622.979
1256.039
1151.963
1040.908
912.8498
1338.255
958.0988
1069.804
1000.774
723.3198
829.0953
1216.39
867.9707
1075.757
1415.728
1872.812
1262.843
909.9198
796.7618
669.8426
914.7754
964.3237
843.4863
653.0398
521.7879
666.9941
800.3971
979.0106
1198.1
1221.945
820.9136
585.5842
731.1586
548.261
655.8633
657.1529
1005.494
742.3937
1343.922
851.4861
1542.936
2126.248
1625.901
1958.874
2472.744
1905.223
2395.038
1636.841
1788.094
1755.773
1600.329
1307.577
1633.755
1661.258
1772.904
1665.052
2145.284
1723.006
1348.08
1991.695
2086.622
2097.76
1704.525
1823.952
1712.302
1766.836
2096.791
2142.161
2177.09
2170.732
2631.681
2316.198
1488.704
2017.857
2495.307
1797.192
1870.234
2085.888
1972.236
2192.922
2534.847
2220.282
2431.541
2190.864
2513.252
2840.454
2518.225
1912.636
1832.977
2295.456
1260.055
1737.911
1594.754
1794.534
1990.764
2259.29
2032.661
1737.301
1093.314
1631.089
1418.249
1081.247
967.4037
699.8843
737.6384
991.6596
982.1548
968.4734
1446.328
1999.372
2083.537
1433.72
1285.973
1634.432
1279.659
1471.183
742.2508
1258.08
1197.456
1593.142
2241.126
2515.837
2726.038
1954.554
1411.219
1351.429
1683.235
1295.509
1045.518
1668.673
1464.348
777.5952
1138.739
2124.807
2876.8
2782.021
2266.686
2120.853
2076.963
3133.951
2082.112
1661.842
1902.418
1649.386
1411.313
1404.984
1519.386
1457.866
1423.444
1741.873
1817.62
2297.681
1853.81
1799.79
2091.61
2342.231
2664.658
1201.599
1415.257
1401.428
1513.258
1493.729
1545.528
1385.289
1174.344
1337.139
1202.033
1096.323
656.3384
510.935
510.7722
643.1596
684.1058
777.8948
911.4621
816.0591
833.1715
1821.37
1758.95
3078.641
2366.683
1843.633
1553.154
2371.244
2254.448
1531.097
1495.925
1725.21
1887.411
1899.278
1642.101
2229.014
2076.3
2231.029
2186.134
2186.744
1626.798
2488.401
2602.43
1678.182
2921.174
2709.854
2281.475
2868.568
3072.92
2327.033
1951.721
1762.595
1865.088
1553.258
1074.29
1494.976
1268.397
1627.075
2747.811
3457.257
2578.577
2209.899
2174.9
2251.436
2312.248
1841.418
1785.965
2660.322
2390.45
2280.365
1839.185
1299.855
1516.62
1898.45
1591.283
1507.495
1290.179
1715.992
1735.08
1722.258
1173.628
1148.871
1215.423
1607.031
1858.189
2469.069
3300.087
1838.139
1533.732
1590.607
1401.12
1373.864
1703.954
2350.248
1887.821
1195.931
1705.957
1619.668
1908.5
1857.711
1624.474
2089.387
1749.261
2162.344
1619.866
1844.275
1663.687
2213.126
1826.574
1484.002
1902.15
1942.113
1981.892
1817.74
1671.392
1417.222
1171.94
1184.833
1246.088
2005.184
1458.417
