1070.714
3412.996
1161.665
1564.576
2506.443
2500.058
892.2409
1763.855
2608.341
1869.309
735.0513
1044.77
1283.264
1242.828
1483.926
1208.355
860.3606
1240.171
836.8763
1082.379
755.3761
1015.961
1862.068
826.0558
1317.561
1091.88
388.0848
1058.269
1168.277
799.7818
601.2584
1459.592
720.4368
3237.119
2258.455
1182.362
628.3991
2162.583
493.5054
1355.401
451.1489
544.3182
1022.799
1496.968
576.8553
654.5735
2008.099
378.9755
908.9417
1528.714
1234.07
737.4946
635.939
1491.963
631.3644
1664.442
2567.495
1314.746
620.0841
2481.633
799.4267
688.0787
694.8287
1435.021
1829.613
1040.183
874.3078
4693.25
690.5571
1686.875
1042.845
703.5893
1673.797
1140.193
878.5171
3157.109
735.1022
533.9595
1975.83
2144.553
2474.065
1141.306
4445.567
1066.116
1276.177
1092.465
3633.979
1692.392
1011.93
637.3893
1139.854
693.7992
1400.83
695.7091
1926.727
1469.05
2518.149
1395.017
866.9091
1111.336
1187.255
3944.481
680.0348
953.452
1670.613
481.4409
1061.693
1750.469
2372.977
1136.334
1140.604
706.6032
689.4304
1334.101
673.3854
2338.464
935.4404
1363.527
1783.27
663.9426
1466.029
1232.513
2035.231
792.499
2324.92
2159.329
1177.249
2289.095
923.8687
1571.007
1236.032
1663.857
1532.026
2530.032
3912.373
1438.703
1469.602
2209.858
2020.444
1163.16
5113.87
1762.229
1876.981
1849.339
1429.442
2899.397
2383.693
2444.39
807.2348
1198.821
2053.83
2412.825
1483.101
2709.683
1117.82
4096.882
1643.468
2160.497
1775.906
937.1772
1089.112
2048.61
946.8407
1536.038
2146.931
1427.186
2687.056
1489.367
1030.305
624.6489
2237.411
1472.466
1119.442
1226.154
1217.068
1517.129
1826.048
1045.439
1555.31
1518.859
1366.925
2009.186
628.8538
1063.586
949.049
1236.435
1256.896
1876.484
641.838
648.5801
1105.565
2776.211
3099.668
2073.933
799.502
1011.259
2849.136
4094.811
2062.313
790.6679
1111.113
2098.072
1353.532
1510.519
972.5398
1466.193
2262.11
1926.619
1567.838
579.2655
1030.251
1559.614
1345.529
1467.99
872.279
1281.438
1104.887
1429.635
1056.491
1599.453
925.4525
2200.518
3546.41
1326.095
666.4731
687.9397
1544.656
1426.374
475.4914
1049.994
1031.405
1695.916
822.1589
774.3828
1030.007
740.1565
1407.599
1822.638
1840.558
1845.545
1366.456
1560.104
1048.77
760.859
1573.019
1085.064
1054.679
717.4983
1892.168
1297.443
796.3711
930.3298
1001.971
657.894
1682.233
717.0104
753.6521
1364.369
1700.809
716.2997
1789.938
1069.316
1097.183
820.2714
443.3668
406.5828
622.7332
710.5371
485.9656
1693.943
1284.224
1012.544
752.4298
1273.266
434.1302
745.7091
1230.267
2506.266
1302.923
675.5706
654.6682
1016.236
740.2083
1024.123
569.2468
1039.088
398.0484
1254.253
623.2695
1066.425
618.599
351.9846
475.3817
530.8945
1384.846
1178.187
1435.266
952.5216
2000.217
962.1178
356.2089
428.9584
939.8774
420.048
625.7615
888.1362
1179.839
683.4568
476.2648
2223.455
1192.168
1069.99
804.6067
638.5399
721.3577
2718.442
639.9936
575.74
491.2053
726.7754
1410.764
1015.447
630.0196
361.2109
406.7072
672.325
902.0957
1021.28
392.1895
766.6359
997.6236
1024.77
874.9919
787.9536
557.0397
327.2957
623.7098
1689.262
385.3568
2658.563
570.9696
802.4063
370.8697
392.1381
777.9412
304.4138
327.029
898.0139
1368.445
394.6757
453.2487
993.3866
372.7734
617.4627
348.4326
545.2297
626.9325
560.997
394.0584
637.6017
220.9272
523.3079
282.1394
328.2075
763.3089
664.8719
1051.233
951.4334
1646.755
1242.02
1332.585
1484.24
426.6885
986.9123
800.531
1344.583
1200.561
981.8551
596.3827
555.4049
837.6116
647.842
2484.568
472.0741
1264.589
465.1419
378.9333
865.7513
585.9424
1146.346
777.4756
919.1076
450.3326
343.1448
489.0839
934.5107
642.4699
734.355
613.6368
601.4697
429.1943
894.4541
481.5202
515.7899
1364.715
1026.334
454.4048
980.5648
1394.469
425.4642
523.0702
562.8561
725.2752
1019.842
517.4128
1169.433
749.6806
2307.343
699.4916
290.4738
1909.537
734.192
556.2221
355.4585
589.2459
1007.943
1538.248
641.8994
759.4767
470.1486
2240.5
752.7793
302.2062
1201.473
1459.78
357.6493
563.1962
528.1169
1486.021
1366.045
291.3818
587.6412
854.5575
764.7946
1959.525
1581.487
1323.77
925.197
606.4551
711.6146
1385.948
665.5865
1423.21
744.2288
1429.648
1133.458
1427.994
904.8772
572.4068
430.5874
429.0229
577.4742
662.2109
443.6766
491.095
342.3192
558.0951
517.712
486.7566
1173.027
2353.734
914.2348
1219.389
720.0163
295.8524
482.7837
911.6766
823.6632
1642.609
2522.076
381.2554
851.9451
728.2775
731.5176
1331.571
451.8193
1130.117
900.0594
318.2271
270.1058
436.3993
716.7744
235.8992
483.6845
341.8938
624.6974
899.1299
1115.675
576.4584
287.3152
