105.3997
104.3136
104.8273
101.2786
100.6138
103.7775
101.9133
102.375
104.7409
102.2068
103.7771
101.6536
103.0097
100.6311
99.06931
97.92225
97.64114
96.17408
99.07264
98.12999
99.88017
99.88024
98.80733
96.02254
97.82904
98.61776
94.86981
100.0662
103.9706
99.44119
98.25636
101.3756
97.49846
100.317
100.0912
99.19549
102.9925
100.2132
99.6891
100.136
97.61749
94.62086
93.13503
91.79544
91.51624
92.70645
96.77161
95.84728
95.82246
95.76736
92.90648
94.518
94.57591
98.4899
100.6644
102.2782
103.9711
106.4826
105.8515
103.9266
105.0092
106.509
105.4559
107.1648
104.7338
103.9785
105.3396
102.235
104.473
107.8071
109.0808
108.9358
111.2835
105.5159
106.2734
108.0091
108.879
109.8044
109.1231
107.0274
106.6102
106.7345
105.1143
106.7318
101.1485
102.3194
103.269
107.6754
111.6313
113.5568
112.1918
111.5517
111.3744
109.0433
109.37
108.6534
109.6081
107.7291
110.4245
110.3567
108.7052
109.763
102.5156
104.3678
105.0272
102.8019
103.2441
107.4099
106.5551
103.2192
104.6576
108.941
105.56
108.6969
109.3457
108.1477
107.1459
107.3488
103.9352
106.7705
109.3606
107.8036
104.821
106.3113
103.5876
101.6789
103.0954
101.8925
103.1447
102.8275
103.2232
107.0453
105.9227
105.1419
103.7248
101.8894
105.7066
108.0657
109.4797
109.8005
108.7584
110.3363
108.7461
105.7811
106.2745
107.6748
107.9906
106.6691
109.7889
108.5735
110.8236
106.9766
106.7266
105.1773
103.0687
99.51499
101.1343
101.8929
103.8513
106.6883
106.55
106.2276
106.7656
107.1157
106.4494
105.2162
109.0454
105.5228
104.8586
104.3293
101.5205
99.85125
99.37974
97.91466
97.29636
95.24977
91.47964
91.13016
93.99906
90.40911
92.04309
93.51385
93.32031
100.0297
101.881
101.6575
102.5388
104.0666
102.8634
101.3762
100.8575
103.632
104.1774
106.0154
103.7659
103.8124
104.3573
106.1529
106.5681
105.7261
108.0427
109.6494
111.585
105.8939
106.1159
105.7889
104.5443
100.8814
104.0268
104.6667
108.8189
111.9319
110.4588
110.0235
111.9012
113.6655
114.5485
111.5365
110.064
110.728
112.4213
110.7064
111.9895
112.1741
112.6989
111.3754
112.0322
115.8742
114.7789
114.4749
118.6897
121.1701
118.9537
116.258
117.3343
120.9329
118.6944
116.1918
117.4325
118.4963
118.5352
116.7803
114.6177
111.4203
114.1123
115.9805
115.6058
115.1865
113.4125
113.1051
114.5584
116.3463
114.3119
112.9418
114.0881
111.7852
112.3181
112.37
112.8914
115.2066
113.0009
116.0513
114.8891
112.3691
112.0804
114.1565
111.9156
115.0183
112.4797
112.7881
113.1665
111.8757
111.5645
113.5088
110.5586
110.117
109.9385
106.7874
107.0868
108.6301
106.1343
103.994
107.7038
110.5486
113.0356
109.4673
111.0639
110.2163
105.3885
107.8136
107.2107
106.8055
108.9476
106.9545
106.7898
108.1627
109.7265
110.6325
106.8972
104.5515
104.846
102.6773
107.331
107.6135
106.5287
105.5132
104.8066
103.9579
106.8159
108.7606
110.0018
107.7654
103.4364
103.4056
106.0869
105.5303
105.8392
105.4125
107.6063
107.9419
111.1565
110.7889
108.0222
107.0068
106.6319
103.5203
105.6686
111.422
109.9274
107.9953
108.3648
106.9688
112.4424
112.3969
111.6296
110.3183
109.5164
110.4396
111.2396
108.7617
106.4821
104.3659
105.1629
104.6006
103.7947
101.2567
104.7867
103.0736
103.6101
104.866
103.6233
99.87967
100.6833
97.31875
96.45622
96.77606
100.56
99.39567
96.89247
98.2325
101.5732
101.0649
100.521
102.4611
103.6534
101.3987
101.2295
101.4396
101.0236
99.68002
95.45212
96.80081
95.97831
96.56638
96.06896
96.08269
97.37225
97.36405
94.69732
94.59038
93.30846
93.89194
93.68174
96.79819
99.49892
97.35563
96.60441
96.51697
97.77366
98.0667
100.282
102.0077
96.56447
99.63633
96.57997
96.95375
96.7168
96.02667
96.07232
100.0158
99.9982
100.0949
97.48089
98.19117
97.45799
96.06978
95.11259
94.83637
93.21692
96.62059
96.89157
98.41927
99.27061
95.31722
99.25547
103.3422
100.9846
100.0327
102.8249
100.4901
100.0736
101.8809
102.987
100.7337
102.6365
103.1479
103.5095
102.3769
100.3117
102.5657
99.98909
97.54363
98.43144
100.2521
99.73326
98.65113
98.87925
98.78981
97.70186
99.83112
99.2697
98.21101
99.25668
97.60662
98.86413
100.6462
102.0596
99.14402
97.35323
99.62935
98.7291
97.59426
94.09989
94.25006
97.23867
97.03884
93.59127
93.87712
91.55582
91.01846
94.50805
96.43551
98.28583
97.16502
96.13531
96.60247
96.77503
98.76556
96.88017
98.74245
94.23925
95.87486
98.85036
102.741
104.918
103.9119
103.706
104.348
103.2964
102.4158
103.8807
104.3612
105.1348
103.081
102.9557
96.82459
94.69315
93.40085
91.7874
93.78036
95.14804
94.30313
90.93381
90.81264
94.68004
98.32428
96.03265
98.13906
98.69103
98.49302
