144.5673
177.7739
145.3289
170.8097
154.5985
165.7895
178.4398
178.5627
151.3669
193.8403
189.7828
142.6729
198.6757
154.9343
183.2669
166.0286
173.3614
172.7364
221.0756
180.1589
159.0692
160.2131
171.5978
171.6155
179.4467
178.8643
169.7965
164.0057
183.6782
171.1516
164.9102
205.6835
155.8047
176.3314
163.6524
169.0346
145.5447
151.5287
172.5036
187.8715
190.5769
189.2259
165.7334
173.792
163.9276
159.5155
170.4884
149.8729
182.643
168.3221
169.7977
181.9721
146.2536
180.8549
185.6335
123.8965
163.0157
183.721
181.1152
157.4686
171.3137
174.4865
171.444
162.2792
220.378
178.0868
184.9573
183.7218
167.0942
183.1363
170.4395
184.2401
159.3848
149.5963
171.7175
195.6642
152.8276
176.3068
180.8657
169.8305
207.021
179.4439
192.5635
183.0852
169.9532
162.942
147.8077
189.9444
195.4946
145.3772
177.6132
182.9347
171.6458
176.8584
174.8312
180.5515
145.0554
152.333
166.4816
171.858
182.4154
151.3047
181.6207
164.6172
179.0137
176.8562
209.9898
135.117
196.1317
171.1203
185.9235
161.4927
175.7463
185.1601
200.7164
170.9116
183.5309
162.8751
171.4311
222.6646
146.0724
147.3154
162.2015
169.1804
193.6195
164.9972
166.4961
181.6492
177.6303
193.1281
196.1214
157.9749
128.9939
173.6101
199.462
168.1022
158.0161
176.3081
185.223
178.324
187.584
183.1341
151.7004
191.0368
194.2697
170.6528
147.3394
158.0018
183.3216
148.7832
166.6181
197.1377
159.1892
184.1172
141.5677
181.4899
181.8795
166.4725
169.0158
176.9705
157.8708
164.2765
150.9242
170.7497
176.3362
169.0241
180.9409
228.3197
153.0314
199.3595
153.6496
199.1501
204.088
169.9765
179.8777
177.1967
162.9182
170.5067
142.7126
169.2653
163.0031
211.476
134.2717
149.0946
180.2699
168.1098
166.6052
152.9058
167.9253
204.9074
144.9339
167.118
167.5242
167.7253
178.9746
175.8091
166.0149
163.9751
205.8235
178.8957
182.4028
177.1763
202.6442
184.5224
148.473
148.49
160.3534
159.2077
197.2462
188.0578
211.7415
153.3825
167.6687
170.5806
194.2275
190.9043
157.9679
188.7101
205.0993
169.4084
148.3421
178.6396
185.2655
150.6831
159.0896
177.9048
174.545
167.8897
186.6827
182.0344
179.5056
186.1184
171.255
207.2242
202.3017
192.569
186.778
161.1223
178.0851
176.5571
176.6752
188.6886
183.128
171.7741
200.7723
199.0955
164.5304
178.1689
141.8264
166.8021
201.0094
170.3127
157.1274
153.6732
147.0229
189.6622
199.6828
147.8465
165.1376
189.541
173.195
209.6385
158.6992
166.7947
151.7401
160.9879
181.6441
179.203
179.2926
178.5565
212.4927
189.6073
184.2445
175.2736
215.5508
163.8134
165.5409
185.5914
171.4145
177.4982
184.041
164.417
171.6397
159.2456
184.3376
161.193
161.4575
158.1991
167.6503
199.0865
153.5568
210.1886
209.3051
180.8725
183.5926
175.5764
153.8075
181.1151
152.257
192.3707
164.6416
156.892
171.2765
185.4052
185.3149
180.9946
178.7281
150.3097
133.5273
196.3195
173.6555
195.1652
131.7206
152.7751
163.0328
184.265
160.8592
175.356
198.7664
188.8816
178.1027
157.0277
166.6233
194.9317
156.7051
182.3917
147.859
158.1944
161.7751
166.6804
182.1545
174.9042
202.3426
180.3156
172.043
162.5972
200.1045
170.555
162.285
157.649
184.6483
156.1815
158.1121
154.2119
223.5715
148.944
169.6227
176.8613
181.3562
151.4628
164.4604
178.0427
185.3816
175.4996
177.9224
170.6572
203.3208
182.1223
194.8627
174.8668
182.4012
183.4151
158.6559
169.6067
170.7219
165.3909
168.9395
180.7517
149.68
188.046
154.9051
197.8781
210.7132
135.3183
146.3192
184.3071
177.6623
175.1717
185.7134
164.9419
198.196
179.6913
173.0747
186.9394
192.4061
163.9765
168.5804
216.4741
155.1327
211.5321
158.2859
169.1628
186.9311
189.0801
220.8131
198.5894
144.4771
142.8126
214.8208
194.5123
172.3267
150.3671
181.4797
147.0498
184.8725
164.8482
186.429
174.8383
151.4524
163.5052
186.6733
153.139
171.5925
205.7663
168.485
163.0911
167.2946
179.7842
167.8109
182.6933
156.0289
165.7136
150.1997
141.2065
174.3513
176.1571
146.3427
113.8877
139.4215
160.0355
174.8037
156.7351
152.1288
165.8635
176.9184
183.645
170.1828
168.2772
156.8232
151.2213
187.849
169.6566
182.1248
190.8329
182.3401
160.6361
165.1369
168.8022
204.8164
197.4497
167.8818
164.1564
179.6491
167.475
141.5356
194.0795
179.4603
172.682
155.1906
146.3335
166.6233
177.1657
155.2691
148.7369
163.7684
181.3204
152.7647
172.4849
167.4895
198.98
179.5233
202.6247
171.368
176.5064
170.9005
186.7593
182.1141
174.7834
176.4355
184.8444
166.4357
200.6029
173.4566
163.2019
169.0615
176.4973
170.3891
143.5754
149.6081
161.7063
161.2714
172.5912
171.4854
174.0316
154.8516
177.0375
155.8417
176.0292
173.2874
159.0596
