624.5701
670.4363
982.4028
442.4804
846.5739
1142.185
374.7544
494.4911
479.5003
787.7047
767.1502
1226.58
1737.985
725.5711
717.1196
1535.738
585.6295
978.4792
540.739
1350.852
1058.311
999.3783
1974.573
828.7355
1110.343
510.4162
1076.872
923.4374
491.2803
657.9603
632.9134
1613.496
708.1289
697.7506
540.6316
1319.737
831.7603
1061.18
576.5425
1003.319
1849.127
1000.112
910.9719
2424.012
505.0081
2252.065
950.237
274.0793
826.3401
561.079
1214.881
866.9998
832.6699
1361.073
442.9211
598.1898
697.9047
972.6814
1300.967
817.0491
1015.074
693.0525
489.4653
819.0684
1043.59
669.7491
424.2481
489.2008
654.0397
3440.909
690.6574
475.923
384.7759
524.3072
1280.959
501.5982
833.3239
1218.065
1101.283
1621.817
1285.564
1576.824
1727.317
1107.586
882.7213
1737.36
1023.257
2091.23
871.9794
1902.236
539.9726
795.4901
575.2438
1130.626
575.138
433.6902
432.2495
495.2795
909.1994
850.6123
540.8934
1075.881
692.6817
1309.89
683.6874
854.7822
945.8307
514.4407
426.1278
1303.831
1598.217
1082.969
495.9675
639.6246
535.2749
1128.157
989.7245
746.8381
927.8677
598.4945
450.0034
879.6449
620.7489
776.2995
578.7393
781.1099
489.6472
897.3848
427.9676
1572.313
843.8343
1024.311
570.5838
353.5408
857.2205
5384.03
782.6154
633.9186
840.8997
1025.24
983.7162
804.2723
984.7439
1375.004
888.1803
3431.712
1168.218
400.6884
1027.809
1290.757
1142.248
461.0775
2041.091
577.1359
1253.824
437.6639
1206.629
946.1058
530.908
974.9599
801.2246
877.7327
560.5491
1339.096
1379.466
818.8471
467.5208
457.7923
638.6112
924.7088
1290.505
662.2146
1538.87
1237.53
282.052
1165.366
1522.568
1645.554
770.5136
804.8064
939.4178
780.4415
779.7927
1521.188
2488.345
1463.677
580.7073
1087.422
364.4133
668.1812
4589.504
1430.975
596.5249
590.4161
773.0507
1076.282
1232.07
853.8612
672.9782
1595.747
1181.551
498.1445
507.4931
1075.432
953.2096
526.5211
867.541
974.8774
475.6055
1747.997
1127.646
1630.806
910.1955
430.9102
634.5173
568.5247
431.897
448.0031
813.5387
469.6438
737.0545
1413.892
442.4116
1217.162
1637.416
3441.759
981.4088
633.9785
1718.974
882.0377
494.6652
847.6946
824.3761
723.1108
811.9694
517.5062
1408.579
769.62
444.5493
979.1262
3236.327
496.6725
1419.794
894.8266
507.5208
947.843
430.2566
1546.92
1000.462
599.6782
374.7054
1107.388
956.7135
661.1883
1090.075
1210.435
491.3845
538.317
1035.147
2210.748
1259.669
1049.798
843.9677
1637.707
838.6945
916.2298
978.6313
931.3421
1078.667
612.2651
934.5895
665.0683
433.866
682.9405
576.5146
1436.03
570.6123
1125.632
630.5296
971.3607
1279.986
1262.567
585.215
520.8664
446.2969
505.6143
1396.13
955.8938
1156.569
2221.31
766.5249
515.6721
2799.107
611.2508
625.5796
880.0537
576.3093
584.5653
1651.304
817.4332
673.8542
544.1774
1651.169
1506.866
955.9635
1104.007
409.6344
528.6191
510.6554
720.0001
313.3053
422.6838
2289.047
860.202
818.6317
912.2765
476.979
956.1669
810.2228
396.439
1689.148
581.5007
742.3179
781.235
1332.07
1910.263
1056.597
840.1177
982.7022
899.5787
1287.452
3792.57
934.0168
417.68
1475.697
1064.46
714.493
2922.307
548.0206
372.4914
1495.079
1679.574
1431.127
920.1146
1040.236
398.4604
1248.323
1159.17
645.2452
728.4372
929.0813
871.7029
604.3385
1564.303
1469.648
721.3591
1031.285
734.9621
477.0651
3620.047
1275.363
1009.725
1861.93
580.0565
4802.075
601.9417
510.4169
1318.646
1874.568
923.9685
642.7349
1393.351
608.5968
1145.739
1623.79
1203.526
398.7535
1042.806
4735.344
1571.807
1026.022
1549.978
917.5616
1180.861
700.236
1147.011
843.5686
694.5808
1067.527
2310.865
2364.479
2951.82
871.7092
1888.599
770.1817
2318.567
933.008
1240.62
767.6566
673.1539
532.5964
711.6211
1767.394
1658.751
914.0465
1348.85
2138.109
684.4706
1040.973
927.4931
898.2163
662.0196
1002.334
704.3398
825.4262
851.7911
688.2046
795.0176
1642.723
675.7715
458.9463
1647.388
1125.664
1553.955
509.0895
595.7731
1334.676
805.8424
1202.192
1484.261
1578.084
1229.094
1805.482
905.7777
401.0888
1041.625
673.6386
420.4317
743.4887
1651.761
935.2777
1055.758
1709.712
463.1888
702.8985
578.3749
1374.496
1090.41
1194.48
604.8691
870.2959
939.5439
500.2369
1446.262
1846.392
980.2089
1395.4
1036.359
983.1492
1425.058
1182.547
554.15
2603.901
528.8908
656.4233
1120.18
748.7503
1132.654
1165.719
1473.26
1315.414
606.058
2003.197
1188.605
1252.588
1099.756
464.0401
530.274
1740.662
521.5018
1095.894
598.4258
689.9459
2000.293
921.3959
489.3291
1418.837
2702.233
652.4206
1052.094
3142.556
1081.292
516.6385
1780.757
927.0336
1160.872
1386.083
604.0409
806.8138
2475.703
