85.77243
85.39209
86.70875
85.94042
86.8171
86.84764
85.12449
83.86629
85.72646
84.61068
84.42455
83.69062
80.93757
81.98847
81.50045
81.80247
81.92009
81.37227
81.30591
80.18935
81.03397
80.67623
81.88173
83.25866
84.12243
83.93047
84.49421
84.94176
85.97751
87.77047
88.45898
86.52307
88.62663
87.43652
87.70644
88.22862
86.18929
84.99508
86.34635
87.03544
86.45958
85.26107
84.02975
84.49429
83.17591
84.44872
85.53387
84.14725
84.41064
84.40869
85.61831
85.34603
85.69791
87.75353
87.39857
87.32794
87.26179
86.83869
85.94861
85.54157
83.83318
83.11822
82.46658
81.60418
82.70413
82.54897
81.66364
81.66263
80.80973
80.11668
82.51453
81.2346
81.87179
82.03502
80.78037
79.60371
79.49158
79.82215
79.92639
79.43087
79.50661
79.72138
77.09378
76.72321
76.59503
79.00072
79.93424
79.81936
79.19417
80.09717
80.15763
79.43119
78.85342
78.17949
77.60632
78.70091
78.79793
77.59424
77.32606
78.02251
78.34358
79.7226
77.6006
78.13277
76.40188
76.6611
76.3062
75.94566
74.01725
74.82514
73.07569
72.04906
73.54372
72.68163
74.37684
76.29327
75.89561
75.08981
74.6187
75.32595
74.49254
73.5499
73.21507
72.86514
74.07549
75.40554
75.9276
76.49221
75.10944
75.22706
74.99978
73.68224
70.89537
72.11236
70.79657
70.93279
70.91892
70.85083
71.25333
70.80097
69.8694
70.39923
70.83612
71.27285
71.57984
73.33755
72.29052
72.83735
73.43543
73.77522
71.15523
70.42399
70.20261
72.03384
70.67309
72.18352
74.18722
74.79181
76.13918
75.84264
75.28195
75.5657
75.57147
74.65158
72.87464
73.19258
72.54469
72.74737
73.52226
74.48632
76.97056
77.08676
77.71389
76.8415
75.30208
76.2925
76.67266
77.77809
78.77685
79.31577
78.68563
78.84777
78.28863
78.94313
78.05701
79.83355
81.92159
82.41746
81.35901
80.70968
79.23763
76.84371
76.85131
76.31949
76.03758
75.53523
75.27372
77.1194
75.30076
74.60498
75.70039
77.55211
77.3763
76.98454
76.82654
75.12645
75.40093
77.41599
77.77661
77.52085
76.19745
77.46039
78.08201
76.71381
74.91325
75.69624
75.83117
74.4456
74.4262
76.34135
76.24265
72.5954
73.01797
72.28944
72.08754
72.56955
72.11632
71.57013
72.59062
73.31735
74.48456
74.44847
74.66864
73.45833
75.18982
75.30747
77.20188
77.79123
78.35423
78.01689
78.46406
82.07949
81.15264
80.57852
80.32374
80.0716
79.22333
80.08277
82.0627
81.06936
81.06882
80.91837
80.62051
80.59578
81.23897
81.60223
81.2717
79.94112
80.72086
79.79998
81.11495
81.80857
81.91899
82.10636
82.19524
81.24807
81.73077
82.32778
82.27177
83.0391
81.81057
81.79635
79.31663
79.23114
79.57291
78.89724
80.70394
81.29282
80.44194
80.30692
79.79503
77.38849
77.54427
77.33895
77.5803
78.21766
77.40498
76.09204
77.01805
78.92683
80.71252
81.45971
81.06392
80.68433
80.57249
82.11034
82.08726
82.58484
84.52434
83.20118
82.40291
84.00937
83.92406
81.91327
79.95021
79.81262
77.65312
76.99142
78.03934
77.83879
78.91471
80.53068
80.82579
79.83197
79.33653
79.89489
83.69877
84.92787
83.59052
82.42414
84.15473
85.48303
84.64536
84.69179
85.09004
85.55646
84.72084
85.08763
85.95844
87.48011
86.84018
87.29609
88.28491
86.77437
85.98659
84.24533
86.37927
86.07006
86.99112
86.29785
85.88497
86.71676
89.16108
88.70833
88.16155
86.50036
85.95872
87.18732
87.11429
86.76981
86.23791
86.66457
87.41474
89.00476
90.37946
89.82287
89.8603
90.72291
90.40605
90.14718
88.75424
88.15532
87.33006
89.36255
89.52672
90.55524
89.19658
88.8833
90.12164
89.89366
91.60947
91.45208
89.94768
91.33119
91.16324
91.66823
92.64104
95.04732
97.35747
97.46458
95.98749
96.88328
95.66787
95.46249
94.29078
92.01074
91.74702
91.58074
89.93483
88.14793
88.94334
88.39763
89.5133
88.88057
90.39703
91.10032
90.81197
89.05309
90.51649
89.41821
90.67385
89.57427
89.77584
88.85619
88.02884
89.20215
88.30685
88.39278
87.99162
87.99778
88.94958
90.24305
90.57414
91.64328
90.84731
90.2907
89.79982
90.15162
88.98847
88.402
87.75989
88.85176
90.03115
89.34151
87.8996
88.48732
88.82979
86.57544
85.70395
86.07722
86.9768
87.40325
86.63129
85.85622
85.65243
87.39264
85.92475
88.09018
87.43016
87.13377
86.04341
85.56058
84.5837
84.45436
85.32339
84.0695
83.60076
82.37594
81.86601
82.8306
83.5637
84.10361
83.38922
83.95809
84.07087
82.56847
83.35646
83.58352
84.93197
85.76985
85.64853
86.22596
86.79838
87.08813
86.50306
87.59244
87.87211
86.68877
87.65639
85.94177
86.6288
88.27047
89.13402
88.51861
88.61366
89.68852
88.40025
86.11315
85.28141
84.94342
83.91674
83.3949
82.4174
81.85505
82.28493
83.2718
84.04262
85.44244
83.83741
83.303
82.93358
82.01076
83.05483
83.27364
82.0605
79.74256
79.74308
80.25715
79.60751
80.01823
