87.41376
76.65932
74.626
74.74099
75.22639
76.74413
75.90622
70.10874
70.46245
67.64314
63.25412
60.48075
63.69154
63.12927
64.1165
63.88843
61.92583
63.63366
58.64231
58.3898
55.90469
57.10597
69.08791
69.02706
73.81514
72.46171
71.78803
77.93923
76.81002
72.0781
76.53529
73.82449
74.08571
80.4854
78.45198
79.65138
81.16504
80.00191
85.7709
86.09993
81.82079
80.07187
82.34992
87.17579
97.55794
97.48478
91.4953
92.66741
91.80586
88.38924
89.85753
90.70843
87.40834
85.36088
85.55864
87.62442
87.09039
90.72235
89.2907
86.07705
83.24043
87.48392
89.72843
87.02351
77.64306
77.47798
75.84461
72.62903
67.8134
73.97454
76.14292
78.20104
84.72741
79.10558
78.7195
82.75903
85.18174
84.22743
79.24542
74.15762
73.09064
77.16841
77.92078
85.50635
85.55568
81.35811
82.92291
79.78896
83.19395
79.18851
77.86014
74.92936
78.43103
74.74122
70.63677
72.86472
74.56461
73.26849
74.37273
78.19505
83.02506
78.10423
77.80754
80.09166
79.72509
75.19183
80.00458
76.26056
73.68049
72.04249
75.82021
78.57162
80.78911
88.22958
90.74849
90.25124
94.72446
90.82752
84.36582
84.42295
82.27731
82.96998
89.10816
91.02303
94.84167
95.22102
99.22219
98.31842
102.0352
94.96559
92.49587
94.41761
99.74305
97.30494
97.99369
96.25151
91.85099
90.35609
86.59516
87.84071
93.18847
101.578
102.4755
104.6055
103.2273
105.5988
105.7245
114.0187
118.8096
112.7349
113.4979
109.2417
104.8675
105.7141
105.9405
101.7719
100.0969
99.02709
94.40328
93.05269
96.6347
94.33007
93.14535
95.37738
96.59599
95.68131
93.16825
93.30124
89.51266
88.60149
90.48697
89.95603
92.18617
91.80772
89.52624
88.11092
83.69768
78.43542
82.31156
77.04883
75.94689
77.23891
79.30972
72.74941
71.22835
75.36347
72.30459
71.06941
76.86287
73.34475
76.31226
79.36213
78.9979
79.77276
77.04936
75.19331
78.38169
76.02814
74.69242
78.92955
81.7406
74.30009
77.4974
79.7858
82.4966
83.69372
81.27411
82.2532
80.62123
80.3788
79.76265
75.33593
73.93801
74.62929
76.49225
73.67067
74.01623
69.99633
66.91356
68.07723
70.56384
77.36253
80.4816
75.03671
77.45934
74.58389
70.9751
76.76067
81.22981
81.36999
78.33869
76.61914
76.05218
76.84038
77.57729
80.8434
79.5316
81.78262
82.5442
83.62768
86.57566
82.8465
82.73222
81.1028
78.62717
79.53295
78.26408
75.05827
77.08351
74.14499
77.90752
82.02494
77.3631
80.86918
79.6822
79.7401
77.95759
71.08993
82.26239
86.00125
83.05064
78.77016
82.18895
82.14106
86.28492
80.12142
79.14347
81.3745
83.23647
78.83193
78.90062
81.23708
76.35927
70.66869
71.44783
66.92415
67.95938
67.70913
72.96088
71.4802
72.98084
72.47511
69.99864
73.22377
63.69142
64.55856
64.0376
62.77352
66.93479
74.77197
73.58501
68.69397
63.73426
67.25122
72.78519
72.63955
71.79246
70.71487
68.526
68.38758
65.48424
67.73654
71.10815
74.7864
74.49512
74.51991
71.47861
79.49963
77.77187
81.82618
84.07648
83.53126
84.01668
80.24432
79.90366
79.37153
82.5337
84.24609
82.51919
87.98681
82.52858
78.4309
78.81298
75.32115
72.02342
69.98985
68.46676
74.50581
73.30499
76.33753
74.08745
73.52174
68.50858
76.80606
75.31374
69.93364
75.91174
79.15402
82.02265
85.26084
82.443
78.62756
81.97456
83.46896
81.15726
89.42771
88.08938
90.77976
90.14688
87.80187
89.66137
85.4226
87.55536
86.07309
83.58299
82.44752
81.17399
80.50942
78.38395
77.81583
78.0173
72.04534
74.25505
75.03049
71.28304
71.96155
80.22633
82.72137
86.97833
84.03109
85.77362
89.98473
90.23893
91.79446
88.38609
86.66044
90.8035
94.31063
90.24838
87.55142
92.59156
91.46903
92.15654
94.57814
93.25125
93.10247
88.56757
85.83178
88.41522
81.01721
83.05413
85.09336
89.13787
87.61934
88.02552
89.67105
88.95116
81.7555
82.42015
80.07031
74.96491
72.3333
73.22193
77.83544
74.89664
79.68637
82.7438
74.09217
80.22603
80.81325
74.33519
79.44545
81.24346
78.09176
78.31929
74.57848
68.51353
63.53319
65.48826
70.06586
74.52228
76.76409
72.25571
71.57005
73.23997
77.76673
77.08995
71.62705
68.98562
68.13787
67.73125
70.10583
70.62208
66.94934
64.74953
71.56761
75.24751
75.94446
72.40823
73.34793
74.81188
72.68358
73.81792
72.41826
77.06686
80.14973
82.44177
83.25104
81.23677
74.30169
72.624
74.95553
72.46231
75.28655
84.054
88.65017
88.07002
85.60553
95.86088
93.17132
89.5734
88.6957
89.565
90.02934
92.11789
95.41459
89.7849
94.99556
92.0171
90.74556
89.92699
92.03499
93.01192
95.73786
94.43635
93.5714
86.53441
84.3186
82.3156
79.02031
78.47782
76.44605
73.92047
68.52746
70.31068
69.06938
66.78635
60.83616
60.55506
59.13873
58.26514
56.07091
55.99385
55.22681
58.22979
54.94088
46.94422
43.38936
44.03279
41.52519
