81.59845
80.5505
83.39062
92.46635
98.25538
103.6712
100.0023
97.7688
97.10164
97.18799
96.88855
97.62314
99.00673
93.67028
91.76401
90.54233
95.32999
92.55107
94.96501
93.40395
96.56052
99.80634
97.32089
101.9926
100.5047
102.1354
103.7162
98.97526
94.24136
89.13251
87.35291
88.00919
86.72628
84.78332
90.52077
90.89424
89.90811
90.70861
90.482
89.53962
87.21031
86.51394
85.4641
80.15893
79.18875
83.58969
87.08451
90.14165
90.99121
85.1559
83.30817
86.73193
86.36898
86.06921
88.52893
81.72366
88.31165
88.08991
96.97873
96.4292
97.92304
95.65781
90.61379
93.88895
90.78379
86.06154
80.12142
81.04824
76.09304
73.5084
81.7892
88.0522
85.68682
89.47425
83.77194
77.97515
74.56434
77.12571
79.8122
82.03697
82.80099
79.89742
80.64472
83.07634
81.1551
84.12158
82.87878
79.72304
80.02544
83.07946
81.38926
78.92467
77.2638
71.67969
70.02719
65.28277
67.11081
71.74311
77.08797
69.14421
75.05615
73.79054
73.80058
79.3711
80.32361
80.67817
84.51191
76.0773
73.13877
71.18169
68.67584
68.40335
68.50576
64.32602
69.81619
68.1346
69.38795
71.06909
68.80233
66.90948
65.13987
61.48872
56.24646
56.67357
63.76774
62.40475
61.8997
58.19237
55.45378
57.0339
59.98707
61.44009
58.58358
61.85882
58.54037
57.55272
60.36108
60.20438
63.31323
62.61245
63.26207
61.56641
67.49039
68.57495
68.04746
64.70303
63.68438
62.48752
61.80646
66.28737
65.18369
66.55052
68.65445
68.7237
69.63419
73.53263
73.68343
75.44679
71.07901
72.4592
65.93489
68.62761
70.55821
73.90155
70.74677
76.51885
72.77508
72.51387
75.89093
79.93488
73.81045
74.63744
72.9274
68.2471
64.28285
68.41036
70.7604
74.23373
68.48842
70.67901
73.03879
71.67644
72.39067
70.80876
66.53674
66.77472
66.89
59.01577
58.30023
61.65174
61.36513
59.05218
58.24039
58.03726
59.82439
63.92083
64.22953
66.78466
64.75721
63.91924
66.80811
71.15353
66.34058
65.95889
65.8962
67.85645
64.28098
60.42529
60.20328
60.39379
63.43381
63.6779
62.60599
63.8917
61.4852
64.04249
62.23507
64.38727
62.96382
63.9516
65.75427
62.53517
62.17429
54.40853
51.99395
53.94925
51.77612
57.98971
58.87567
51.30824
47.39158
53.00764
47.2334
51.77337
49.42813
49.7114
57.01674
58.44287
57.11863
58.94111
61.84061
65.816
71.09543
75.34544
77.61941
76.22502
72.94644
69.34615
76.86661
79.25638
77.69968
78.89508
80.97761
80.32156
82.60779
81.17248
80.74398
87.21901
90.81723
94.74648
92.21814
90.15299
84.73658
85.85913
88.31068
87.17923
85.08851
82.30248
80.9895
80.35691
73.64625
72.48447
75.40291
82.33845
80.38748
78.4521
74.34276
72.42285
75.08486
79.33146
82.39552
82.28408
76.20304
76.79526
79.04926
76.82819
79.26116
79.45834
85.30781
87.48933
85.8792
82.20096
87.77564
87.72484
87.28169
86.21771
79.19638
78.94756
76.29255
70.31582
72.66398
73.94301
74.57804
66.40128
73.98609
73.87225
77.28121
73.28647
76.28723
77.96616
81.2213
78.27036
76.81768
79.21177
82.03932
77.10481
79.91983
83.06314
81.66263
75.4553
77.7034
78.66909
79.88551
77.19499
73.50198
72.64856
67.93869
66.84849
69.1892
66.89172
71.70098
72.91063
73.0565
77.94706
74.79986
73.39933
73.86208
73.45247
72.09571
73.74142
73.8416
77.52587
77.59331
78.08079
75.65646
75.06879
76.95748
74.35549
70.42933
71.35899
74.96351
73.98941
72.09611
67.43481
71.27175
67.93986
70.31274
72.40949
74.39127
69.26461
70.71682
75.94587
84.48516
81.95526
82.97899
88.39875
89.15894
91.48734
88.4107
87.77693
92.83238
92.52607
96.46683
89.85478
84.93424
90.81092
91.96424
93.83925
95.89695
92.92723
90.90831
88.34895
83.29696
83.53644
85.79962
84.07326
83.83919
85.81192
88.18427
86.83522
87.32707
84.39934
77.95316
81.94304
81.15623
77.91843
77.79199
73.3189
71.38501
73.65401
67.68162
67.16753
71.4339
70.98378
73.87694
70.6806
68.6155
68.67399
70.56418
72.603
76.98883
69.4131
72.20718
77.288
77.18811
83.14507
88.58966
94.71876
88.37858
86.12453
86.55812
86.30704
82.21189
74.26928
71.6542
75.03048
78.7927
78.92732
83.93056
80.56589
78.09519
80.43166
82.79543
79.8729
78.90128
80.79545
84.43884
88.66427
87.73035
82.01338
80.32154
79.88627
79.76277
80.09959
79.21875
74.27897
77.36316
76.62251
80.71114
80.95192
80.0049
70.12159
67.11449
70.81187
72.72237
69.58357
70.00841
72.3878
67.85399
70.29038
70.76686
74.87845
71.58392
77.06398
76.11061
78.50751
84.38296
92.64069
84.7886
83.36146
80.72079
85.65003
88.87346
90.32442
92.06145
90.12775
87.90914
86.90303
87.80025
86.94837
86.15523
84.34394
88.08328
92.22994
92.98394
95.99651
98.17963
94.21513
93.37096
98.14419
95.33451
95.79639
95.96206
91.67249
91.18875
89.2428
85.92948
91.33633
95.28455
96.5472
