103.8719
103.5032
104.31
105.2337
106.3078
104.4321
101.9649
101.7546
100.4249
101.3869
102.9039
101.5945
103.1122
104.0674
107.077
107.8903
107.4434
106.6604
108.5384
107.3099
106.9781
109.4139
110.3068
110.2265
111.0518
109.0402
106.5355
106.7898
106.1118
104.622
104.0989
103.3078
105.3113
107.0922
106.8144
106.3211
107.6702
105.9862
105.7484
105.8342
104.8883
102.4431
102.6518
101.7896
101.6368
99.9128
100.1177
100.9704
98.42904
99.16716
97.07749
96.17213
95.87048
98.09202
97.00778
97.02354
97.2382
97.42899
96.96343
98.18271
96.61055
95.98131
97.14564
97.65498
96.73977
99.27267
99.61756
99.14274
98.08404
98.21423
99.82734
100.0599
101.5232
102.2792
101.4516
102.5394
103.0445
104.0893
104.3604
104.2215
103.7222
103.5019
104.1932
104.5611
105.0589
105.8783
106.7696
106.9435
107.4857
107.6457
106.074
105.8691
104.9638
105.6836
105.7955
105.0949
105.908
106.8969
106.9271
106.9086
105.9753
105.742
106.1204
106.0931
106.2744
104.3489
103.7913
103.9024
102.5146
103.7182
104.0398
104.894
105.0434
105.1137
105.8666
104.3619
102.7512
104.8432
102.7994
102.179
102.862
101.7171
101.1504
101.1234
100.0936
99.77911
98.82123
98.03007
100.7613
101.2881
100.4609
99.08391
99.15681
99.0955
98.57232
100.0636
97.31146
95.92915
97.44639
97.52314
99.33618
100.4064
98.49927
98.43291
97.78075
99.48972
99.39981
99.32361
98.68406
99.00938
97.90472
97.91812
98.88241
102.0197
102.9781
101.2193
101.3444
102.7767
102.1071
102.4463
100.4544
100.4085
99.69743
99.67456
99.94167
99.25286
100.4686
98.93741
99.33592
99.03939
100.6851
101.7167
103.4801
102.2433
103.071
102.8958
103.0019
102.837
104.9654
103.2272
104.5398
105.133
105.7734
105.3676
104.9503
104.3015
104.3039
104.729
104.6549
103.2955
104.2924
107.6546
107.6646
107.2602
105.4174
105.667
104.5763
103.7295
104.1828
104.0684
102.7331
103.5362
103.352
102.084
101.3115
101.0819
103.8704
103.9761
102.0653
101.7447
101.1091
100.7997
101.8427
101.4076
99.95991
100.3825
101.0036
100.0947
98.83428
100.1954
100.5911
101.8862
102.6283
101.4356
102.9558
102.5093
100.5574
100.1568
100.0254
98.51225
99.36429
97.50479
97.28255
98.0367
98.49933
98.94231
97.30311
97.92631
98.26042
99.00926
99.45678
101.3239
100.6659
98.91147
99.70895
100.7323
100.0245
98.21542
99.74698
100.0482
100.2697
101.3637
102.2916
101.9995
101.4013
101.5424
101.632
102.4439
103.7119
102.6477
103.2254
103.9491
102.9981
102.6904
101.5058
102.3965
103.4202
103.1833
102.5125
102.9362
102.0742
100.6103
101.6207
100.8911
100.8215
99.38263
98.54939
99.13361
98.71144
98.23661
98.6605
98.76973
100.2034
102.0216
102.7365
103.0295
103.1632
103.1053
102.6142
102.6967
103.6696
103.2743
103.1397
103.6997
105.2954
104.7961
105.9058
105.4278
104.9631
103.7931
104.4925
105.2748
105.0009
105.8526
105.9711
106.464
107.9315
106.7768
107.1332
106.418
105.3747
104.5095
105.8835
106.3493
106.81
108.0387
109.4464
109.8018
110.9707
111.6797
110.7344
111.6134
112.1782
112.8173
112.5769
113.7448
113.3819
114.0466
113.6177
112.0187
111.7901
111.2546
113.3623
113.8015
113.031
111.7141
109.0641
110.1674
111.6031
110.9242
112.1605
112.7665
113.4693
112.2188
112.2171
111.4526
110.6556
110.8723
110.2724
109.8006
110.5908
110.3048
109.5411
107.8689
109.0483
110.3312
110.0355
109.9139
111.0876
111.7822
108.5579
108.9322
108.3432
107.5628
108.2712
108.2144
108.5149
108.8817
107.7045
106.9334
106.0894
106.7964
108.6883
107.6952
106.563
106.7005
106.6366
106.6101
107.5834
108.9065
108.9864
108.4148
109.6272
110.1362
110.4696
109.7165
110.0051
109.8658
108.1961
108.0114
109.564
108.0713
108.1361
108.6002
109.2976
109.3119
108.5661
109.4436
110.4203
110.8812
110.9409
111.5473
112.9611
113.0866
112.2283
113.8254
114.3974
114.4325
114.1794
114.412
115.3848
115.4473
115.016
113.0631
111.2691
111.9013
111.2857
109.8479
109.5381
108.0391
108.4145
108.7342
108.3537
108.1499
106.2308
106.6292
106.7942
107.1216
107.7332
107.192
108.6173
107.4188
106.71
108.9107
108.2956
108.2962
108.5664
108.6296
106.8557
107.2242
107.271
107.1077
105.9156
105.3795
105.0564
105.5747
104.9009
105.1558
103.3161
103.6279
104.4781
106.2802
106.1843
107.4345
106.149
106.4631
106.1928
107.626
108.125
106.6398
107.7629
107.5855
108.3204
107.6621
107.6703
108.533
107.9308
108.2941
109.0741
108.6093
107.6069
106.9389
106.6529
108.3263
109.0051
108.6658
108.4859
108.898
110.0075
110.897
111.7064
112.2886
112.2292
111.8475
111.4748
111.9885
111.8657
114.1411
116.0924
116.7067
116.1473
113.6791
112.2511
110.733
111.7919
111.6246
110.0286
109.4763
107.8267
109.1915
