54.64867
41.62009
44.77161
46.66032
49.87827
47.44626
49.56951
51.05529
43.02433
45.79228
44.88581
48.24609
44.28836
52.05855
45.26698
42.49439
48.16779
44.74037
49.37585
44.00744
46.47539
44.77485
49.60858
47.76861
40.30062
46.64081
46.63506
42.25008
50.21983
49.76805
45.38034
44.95785
49.20371
45.58146
42.89606
45.90507
43.80955
49.84853
48.16223
47.02377
48.97663
50.52217
51.56715
48.26952
45.31217
44.32246
49.97819
46.42947
46.29386
49.01563
47.0549
53.42834
45.64819
46.79706
46.38571
45.99267
43.26524
41.25048
46.87675
40.48097
46.5276
48.41453
47.96776
46.89285
45.98709
57.01835
43.01276
49.71919
50.42614
49.22719
41.90688
48.96671
47.68638
45.63854
50.01657
49.23222
46.12571
41.2818
45.12151
51.28497
51.38362
48.89251
47.39237
47.22866
53.8727
49.19175
47.41592
51.71018
47.56567
45.2606
41.14816
46.74048
42.63021
44.43801
46.21719
50.83142
44.35087
46.40357
50.68847
53.89487
43.60204
42.20463
43.17694
45.48323
44.5233
50.41449
49.07714
43.55464
55.02418
51.34794
45.93225
49.62598
50.89762
49.53302
51.35721
43.26697
48.78333
51.73937
51.10493
48.88484
42.42648
51.64127
52.30535
47.65639
45.56042
45.93181
43.6931
51.1646
44.71279
49.98427
48.70725
48.44771
50.80312
47.4488
46.26659
49.53959
49.6673
41.03188
48.07122
48.1182
50.90114
51.11672
48.81717
48.8414
49.83322
46.47179
47.53583
44.68119
41.06295
47.2564
45.73903
45.481
46.78001
43.40978
48.339
54.93836
46.75182
43.12832
46.09221
43.48305
46.8881
49.78286
44.63315
43.64754
45.63317
50.69178
41.36766
49.10516
38.90458
51.57199
51.79306
43.69764
38.78512
47.40975
45.87306
46.38658
42.10682
45.00434
44.1543
48.79506
53.33846
45.27664
46.70369
46.94399
52.26689
50.276
46.72808
45.0627
42.91595
45.37276
46.84469
47.24035
41.37306
45.26774
44.36496
46.58761
42.54652
45.09732
48.23845
48.61475
47.37021
46.84557
56.81125
44.70612
46.32465
47.28231
46.52823
51.74472
46.07391
45.96667
48.58905
47.82181
55.83485
48.94692
42.32379
46.76889
45.11403
49.5812
49.24777
43.87926
48.39113
46.3463
50.07974
47.72826
48.71983
43.67398
48.84534
49.46175
47.9566
46.48364
46.00906
45.67231
39.66139
46.23055
38.73369
42.53488
49.3193
46.96769
44.32654
44.65476
48.39408
53.70476
47.17384
50.25065
48.10772
56.29746
52.08613
50.81464
60.76764
45.94924
50.73774
45.41162
49.09078
48.44101
44.59702
52.30924
48.50435
46.72696
47.73141
42.83293
48.15281
48.32323
46.87817
44.62898
51.05027
45.6255
47.01417
47.05389
46.70395
49.00963
48.80171
47.12999
51.7135
48.53712
47.23687
54.44403
52.11436
49.24489
44.33486
50.10166
52.78362
48.95306
48.26035
48.73544
46.69391
52.61548
48.65946
47.69798
44.37259
44.26214
46.68242
48.44534
44.54265
48.85206
49.29175
49.44398
50.82066
51.76292
47.00248
46.30544
42.97011
47.05063
47.2927
47.31442
45.76541
50.2611
45.76688
44.19385
45.62716
44.8057
42.40192
47.78725
49.61046
44.56889
45.39347
44.137
50.5634
51.10018
44.65412
47.44798
50.76892
45.77414
49.96278
46.99676
55.2713
50.89597
47.45295
51.84999
44.36176
54.43085
46.0256
47.42426
47.76587
48.4919
45.99128
39.27809
48.76176
50.13794
48.78108
48.1775
44.52545
48.94394
44.63084
42.41402
46.01974
49.78699
49.88415
46.12885
46.88277
48.67803
50.59652
55.39445
44.62943
43.22555
46.2494
45.5534
47.92594
46.81996
45.84565
46.37707
50.53251
46.79981
44.85702
43.11904
47.75029
42.72495
46.28218
48.95595
46.33295
44.57393
47.18614
40.93645
49.42504
45.81616
42.80299
42.60321
47.72035
48.53107
48.61215
54.83412
45.93004
46.10787
48.67285
49.27002
46.1738
47.77707
46.33429
50.45196
44.63326
46.56121
44.69692
47.99614
60.29118
42.28849
47.61285
45.85194
46.36807
48.19551
51.8036
46.59593
47.24591
42.84236
45.98658
54.41827
53.53071
49.52704
44.34122
52.38771
43.76695
43.61478
46.25892
42.57822
41.7904
46.91515
43.10276
51.65321
50.51628
46.84584
46.64108
42.80685
45.50769
44.96832
40.22633
48.7826
43.81975
45.43873
45.55996
48.51618
46.58418
50.66421
45.29911
44.12651
51.62803
52.82732
47.36897
44.44226
50.25804
44.54203
49.66011
46.97928
41.57026
49.5807
43.41669
45.30864
45.71963
46.94257
45.7695
50.38357
47.75476
44.99717
47.87694
45.98616
45.75325
49.74632
46.07464
48.0504
41.22816
44.58673
44.45817
47.18538
44.81829
48.1215
46.38834
41.59199
46.86788
42.75705
49.74398
53.32018
46.03873
41.42751
49.99853
51.00957
51.68422
43.55961
45.15484
51.70957
40.51134
50.07154
44.64051
48.82634
44.16867
49.3088
48.05025
48.27313
44.72456
48.54777
46.73106
43.60403
45.11238
53.42547
47.18292
43.4168
42.22678
47.03151
52.29676
45.70312
45.97267
40.26349
43.36031
45.2493
