86.58283
87.35178
85.82989
85.93795
86.17979
88.18205
87.10989
86.83847
88.09164
88.03607
88.93426
87.35803
87.61569
87.33264
89.23154
91.46559
91.82893
91.27876
89.91767
89.75326
91.14609
90.10763
90.17587
90.20592
89.51236
89.92324
89.76325
91.18783
90.16967
90.9402
88.12328
88.42521
86.59516
87.34186
86.91245
87.0186
87.24756
89.46697
88.84468
88.70118
88.49505
87.56692
86.91479
85.86512
84.64192
83.9504
86.37697
84.95802
84.13741
85.16325
85.9598
86.48912
86.24505
85.86069
87.11787
87.36243
88.7295
87.91059
88.66021
88.57775
88.34534
87.12942
87.69292
87.50486
86.21246
87.12093
86.41797
88.55221
89.0737
88.52647
89.58876
90.32858
90.02518
89.71445
91.04263
89.42614
87.90477
87.25939
88.27381
88.61993
87.91499
88.66463
88.99121
89.49044
90.53147
89.94853
88.79926
89.6724
89.60871
90.62424
90.47006
89.49595
89.74755
88.48492
88.96071
90.78854
87.4058
87.7149
86.99022
87.51578
87.62328
87.89081
88.09326
86.98004
86.90151
88.21161
88.64939
88.41192
87.61994
87.86703
87.50957
86.63827
86.38938
84.40883
84.25191
85.89093
86.13024
83.25594
82.94231
80.64373
80.20996
79.60428
80.13568
79.86115
77.9081
78.23253
78.35606
78.51787
79.23946
79.9677
80.27184
80.55358
80.40155
79.35656
80.72159
81.07004
81.54829
83.12741
82.40626
81.65162
82.42846
83.61108
82.71971
83.15641
83.50662
83.49098
82.44291
82.23039
83.66567
84.70541
85.10299
85.57524
86.36245
83.75554
83.58618
84.79117
86.49068
87.9665
87.33656
87.78098
88.29733
88.09392
88.71054
89.90254
89.72699
90.47436
91.15469
90.99422
90.86639
91.65702
91.71797
91.57141
92.49776
92.0356
91.64716
91.22448
91.90973
92.19547
90.25173
89.60893
88.14436
88.87509
88.60821
88.72992
88.86392
87.49686
87.81674
89.01046
90.34745
91.00854
91.3944
92.48402
92.9948
93.13468
89.8162
90.10406
89.40215
87.94875
88.43783
86.81771
87.27727
87.57354
87.70592
87.89009
88.37676
88.28328
87.05873
85.394
84.10463
84.59141
83.76107
82.24234
81.34678
81.15064
80.83221
80.90075
81.62881
82.08582
83.42501
82.90714
82.6952
82.45171
82.34751
81.86774
83.20934
84.80946
85.04734
85.4332
84.96773
85.62991
84.82295
84.64226
83.90521
83.24487
83.0092
83.03589
82.99164
84.58346
83.97917
84.22596
84.28968
83.62375
83.69537
83.56246
82.61526
82.17318
81.1334
79.98448
79.42364
78.72864
77.9442
78.47887
80.07098
78.68356
79.0882
79.55922
78.49986
79.56491
80.56983
82.29079
82.55869
83.17775
84.41297
84.4432
84.61721
83.36974
83.04356
83.45141
82.93024
83.42592
82.57126
85.1581
86.79721
88.41729
88.34322
88.54849
88.38482
89.1645
90.57336
92.38619
90.65928
90.59198
90.24908
90.36051
90.74767
90.22089
91.12414
90.55592
91.5078
91.61261
90.2767
88.81289
89.33561
90.4546
91.01693
90.69187
90.93848
91.73156
90.57709
90.86149
91.04366
90.34109
90.42346
90.18746
91.6007
91.94441
92.34882
92.3462
93.10561
95.04374
93.53548
94.92812
96.38876
97.10944
96.89678
97.70884
95.52914
96.70779
96.96115
97.29853
97.3872
97.79412
98.42979
96.24171
96.13511
97.55939
98.8682
99.10841
97.69139
98.66896
98.58037
99.83065
99.23036
100.2736
100.2836
101.3143
100.0834
100.7487
102.7131
101.9975
102.0475
100.9744
99.99582
99.14328
98.83363
98.36752
97.82308
97.2452
96.30204
95.29597
95.9094
97.1633
96.77721
97.12427
96.13293
95.54513
97.0567
97.22374
97.12411
95.26213
95.9795
94.44643
94.88505
95.5252
96.89018
97.63885
98.71424
97.57397
98.55605
98.1999
97.76352
96.41149
96.19163
96.47145
94.42077
93.63506
95.27102
95.29662
96.72932
95.7542
96.38986
96.03483
97.11622
97.53912
97.5388
95.96575
95.5641
95.3094
95.29027
94.29299
94.64443
95.17135
95.76312
95.21379
96.09374
95.32285
95.77294
95.89286
94.79466
94.57663
95.84019
94.06292
93.57246
94.27044
92.97601
94.35295
92.72831
92.76226
92.1669
93.24014
95.21204
94.4663
94.54564
96.12692
95.50921
97.19246
97.48639
98.33208
98.86897
97.37484
96.88195
96.4017
96.99047
96.95579
95.88329
96.65762
96.99266
97.74094
98.14121
97.19819
95.73785
97.36492
98.05137
97.60197
96.44127
95.68626
98.09036
98.08816
96.63064
96.66243
97.12021
96.89448
96.13182
96.35962
96.7736
96.21881
97.88419
98.62683
100.1011
97.7709
99.07448
98.34759
98.76542
97.86403
98.57151
98.82584
97.5573
98.44417
96.52419
95.26153
96.50761
95.16469
94.96961
93.13811
93.4518
93.9515
94.4498
94.74267
94.56792
93.91889
93.94806
94.0729
93.83971
94.30797
95.79123
96.75597
95.00336
95.26436
95.36755
95.57813
96.91521
96.76827
96.19791
96.28367
96.54727
96.14944
96.99115
98.25694
99.63789
101.0733
100.356
101.2349
103.5837
103.7123
101.5678
101.5608
101.4407
102.9513
104.4185
104.8021
