84.98502
94.74247
93.42192
87.54346
93.82379
95.45328
100.2599
93.005
82.50923
82.79118
83.97809
97.00303
93.18605
102.3716
108.5148
108.5288
89.8352
89.95559
96.46226
90.80624
102.9974
92.38028
102.0662
84.97138
78.51627
86.93551
89.2973
73.66391
102.0005
77.1764
95.94384
97.84935
84.41375
94.71597
106.0138
94.64359
84.58405
84.96841
106.3971
91.4033
85.71448
92.46267
91.32015
104.8251
78.54799
95.10943
100.5828
98.69825
95.93657
119.2101
85.25777
108.3601
97.97171
76.87962
87.98153
85.90426
95.25079
99.31377
103.9455
86.98365
76.01936
92.33549
94.22229
86.25865
98.9901
98.66397
112.0534
84.12625
90.46577
110.524
93.53065
94.99626
101.8306
97.91554
81.67056
98.33713
101.991
89.44048
93.82314
80.23451
103.1252
91.93629
119.0769
94.18442
94.50824
82.77666
86.20354
84.01869
103.7155
113.1356
105.7353
97.38606
95.0608
95.90584
77.92379
80.59333
98.5281
80.84236
83.04236
92.65064
84.57493
93.44359
94.58528
87.80451
96.59388
84.2766
84.87454
100.8683
92.43207
102.5411
86.89472
105.7226
91.83753
110.8165
98.62368
87.19194
90.43344
94.39897
93.14467
85.19789
114.939
97.61761
106.7188
93.4682
105.0908
83.9951
92.85143
91.87992
95.8363
89.01668
91.16439
108.6024
90.03441
94.77145
89.96728
84.16168
84.50767
87.95977
90.86832
96.44935
92.56261
96.25199
85.84615
85.73256
103.4595
100.8474
125.3927
99.21005
78.65473
100.7426
99.76819
102.8097
109.7197
92.06893
80.80008
94.0556
89.49028
92.72852
94.5872
96.60623
84.98134
89.04385
94.4175
103.8288
87.02095
94.66336
86.98146
97.72197
85.97473
87.29674
109.0176
98.29
84.92698
106.7379
109.5967
107.6301
92.21546
98.33454
111.9339
89.92459
91.12019
98.98218
104.5166
101.3138
95.92001
96.84868
89.12403
87.9163
96.61253
105.647
102.1229
89.24955
90.71938
98.0912
96.10089
89.31413
100.5488
102.443
99.48125
99.75166
92.28292
96.4354
87.2425
90.90261
90.44046
77.10615
88.47897
86.37899
106.4665
94.3435
87.59277
84.92687
90.00282
104.0402
88.08308
87.48522
111.8056
75.10532
88.25679
108.9639
103.3152
96.41637
98.27065
73.93945
94.81299
90.43244
97.45259
85.64673
95.49684
95.61182
103.2017
85.81433
97.926
82.57524
99.93771
90.32045
99.20895
87.87924
102.2542
96.45651
96.85204
101.1174
95.42772
87.04258
89.48018
80.90637
95.34886
80.19456
91.52885
88.512
100.3823
112.8554
80.31514
97.44279
82.99641
80.836
89.26835
91.48545
109.9363
105.8225
104.0519
97.93475
92.54417
91.24357
95.2866
95.44418
84.46595
94.09349
83.37117
99.39033
92.73754
81.37704
86.75412
87.65775
101.7752
99.07384
98.03208
97.99178
105.0377
95.26246
87.60831
81.46347
92.89323
97.33596
100.8636
100.5938
98.64396
91.20075
93.97022
102.5098
89.87011
92.16943
103.548
92.66663
104.5117
91.12192
84.62868
96.37481
96.86745
90.67779
109.2834
105.6718
90.39292
77.17935
89.7937
82.12409
101.2701
99.92555
74.65627
103.8198
93.6007
91.01783
93.22194
87.03839
94.00482
79.93908
87.85504
88.46868
96.48738
87.14663
88.44901
87.66832
87.82274
85.26848
89.55226
93.4303
99.33395
97.54018
95.02189
85.20659
93.14909
109.2387
79.60704
94.83496
115.8183
86.62678
86.49588
96.32145
87.33663
97.05116
85.20924
98.49954
100.1665
91.23984
100.0872
101.3142
94.47996
101.4726
83.65949
91.73045
95.13917
83.79329
90.72168
99.37644
89.27861
93.17619
103.1998
104.7115
88.40688
95.93768
98.92475
104.3297
87.13438
108.6818
78.13483
86.70922
95.49281
92.37993
81.33549
100.7472
90.73477
100.9657
84.15513
87.95633
96.79132
90.98131
88.052
89.96785
92.77418
103.041
107.7778
107.0297
78.731
94.81286
83.04796
90.63824
84.93419
82.37352
91.34071
93.17751
91.23228
110.1375
92.42173
89.35673
92.4197
95.38965
100.1884
78.05535
84.10561
96.40678
84.15762
89.80643
103.0523
101.8041
102.2256
90.77329
96.52165
100.0964
105.3735
102.0351
93.42315
100.9088
110.9537
96.11
88.06985
76.47823
93.49911
97.71762
90.24763
99.22723
84.28984
88.06453
94.81014
87.70657
88.67
96.64886
98.7525
84.46873
81.42691
95.64146
90.15522
99.37023
91.07244
88.43065
97.91854
101.0642
85.85439
100.5914
83.3969
90.3362
93.76853
94.41864
92.75593
85.47832
102.2824
84.55814
77.12083
104.4411
91.10931
92.74966
87.05493
96.60768
103.6929
92.24986
96.23607
100.3449
95.7503
98.76514
104.4062
83.8991
99.8619
86.46175
103.9746
90.65817
96.56124
85.16751
86.35251
82.12102
80.24472
82.02958
86.372
101.8113
88.80647
117.4427
80.25259
105.8717
91.56999
85.50478
85.9007
97.88934
107.8764
96.48482
88.69421
88.63711
83.34032
90.62637
100.5715
94.04202
89.62215
92.22004
102.5388
98.58014
91.42345
89.97336
94.1391
98.93387
95.48929
82.64723
90.30789
69.87135
