0.07207855
0.6593652
0.2694993
0.1627229
0.1015983
0.3243589
0.09939801
0.1545425
0.2182083
0.2235986
0.2791014
0.3418738
0.0978069
0.1539564
0.4187505
0.07011637
0.09075829
0.5490524
0.5580738
0.1267352
0.1521233
0.1702106
0.2102688
0.2878156
0.1722245
0.4317372
0.9077946
0.9966816
0.3525077
0.2170443
0.2400078
0.1100585
0.2654941
0.2899938
0.08950631
1.389218
0.2459588
0.2073973
0.226497
0.2652202
0.07235582
0.09667667
0.1413236
0.2152709
0.5276375
0.4127406
0.1840303
0.1496206
0.2869626
0.07840591
0.4657381
0.7819327
0.2645158
0.3853078
0.1249469
0.4472838
0.346012
0.1250253
0.3570225
0.1955979
0.8859444
0.5393588
0.7343495
0.8534255
0.1346886
0.5961465
0.3758153
0.6304597
0.3223927
0.1073401
0.7365236
1.391083
5.443126
0.4555474
0.1667984
0.3399622
0.2288536
0.1147599
0.1912122
0.2503397
0.2656621
0.1345714
0.7620454
0.1251409
0.2112404
0.2087419
0.2754429
0.1653635
0.1731151
0.1420923
0.254662
0.1096243
0.1400649
0.1719066
0.3359115
0.07969429
0.276442
0.1132448
0.1771259
0.3580516
0.1728179
0.3647091
0.1373516
0.2865394
0.2797942
0.1437304
0.3786274
0.1456006
0.1159233
0.3122829
0.1886393
0.2092307
0.1231774
0.1656155
0.09232228
0.2046896
0.2234517
0.1764415
0.1198642
0.5404059
0.1060318
0.3665099
0.09483821
0.2388418
0.5760025
0.1436481
0.3111314
0.42851
0.2435253
0.1513821
0.1194044
0.2377208
0.1578344
2.275902
2.327502
0.09328739
0.3831644
1.637511
0.1024966
0.07862514
0.1149076
0.2579337
0.3742721
0.6787474
0.234971
0.2407876
0.2022759
0.7027486
0.3799232
0.1841525
0.1119644
0.1101116
0.1358559
0.1829935
0.2844373
0.1349138
0.1468225
0.1468475
0.2326214
0.355531
0.3754745
0.2127446
0.7073771
0.1426684
0.3388963
0.4499389
0.180826
0.8603052
0.1331423
0.3439531
0.09390828
0.1113135
0.3015419
0.43874
0.4134197
0.3962738
0.08977933
0.08456422
0.4140233
0.2373326
0.9510309
0.3179961
0.2340512
0.06778845
0.0903777
0.09927679
0.2072668
0.225712
0.4556646
0.3822125
0.1080374
0.3825916
0.1564972
0.6871363
0.7368644
1.215263
0.2058538
0.1339574
0.08478838
0.1487002
0.1689594
0.4914532
0.2510931
0.7323215
0.1823262
0.1661802
0.1144872
0.2467524
0.1148449
0.1564101
0.4108936
0.2334489
0.2413462
0.1827188
3.417351
0.09918508
0.5259033
0.2555058
0.813186
1.940707
0.8311404
0.3572806
0.1697982
0.5614357
0.1209153
0.2189902
0.3780573
0.2913877
1.280655
0.1622779
0.07034547
0.1902474
0.2157433
0.209761
0.2530693
0.1460958
0.1846645
0.07122661
1.035621
0.09333939
0.1185623
0.1565821
0.131693
0.4647455
0.3203713
0.3484253
0.8347253
0.1464825
1.319914
0.4197706
0.5128031
0.5532771
0.3964867
0.1005983
0.3037621
0.3061648
0.3707771
0.2719537
0.1514035
0.1386259
0.2082955
0.2089703
0.1688128
0.9356854
0.3751912
0.1422305
0.3329917
0.1780153
0.3141297
0.1514748
0.742136
0.6873209
0.2852595
0.2217672
0.3555242
0.2659652
0.7138496
0.2118423
0.1664664
0.08765057
0.1225525
0.4047629
0.740833
0.08689444
0.0986852
0.7277065
0.10906
0.2506764
0.4100644
0.1642591
0.1737454
0.6083413
0.1555883
0.2326173
0.1600906
0.1119289
0.3926816
0.2657091
0.08110775
0.3495863
0.7466613
0.06002426
0.3674877
0.3113201
0.3192367
0.5603515
0.1152828
0.1165901
0.1649964
0.07107389
0.1527822
0.3121363
0.1119692
0.1499141
0.1007679
0.3688904
0.1287239
0.2147221
0.2459012
0.2041613
0.4062129
0.1031291
0.08173468
0.4955957
0.5017231
0.5722333
0.1675692
0.1449854
0.1773915
0.1431526
0.1554695
1.746313
0.4286006
0.1470025
0.1178087
0.1607798
0.8062187
0.6071229
0.0866527
0.2953927
0.3164248
0.1773418
0.5028256
0.3374272
0.4641251
1.838079
0.2186841
0.09663907
0.2866422
0.2883438
0.2038801
0.4961112
0.125564
0.3590559
0.174773
0.234115
0.404546
0.2080439
0.1453201
0.2004572
0.2592554
0.4051095
0.1385103
0.2207984
0.3209637
0.138465
0.2281371
0.2632386
0.1574908
0.4985235
1.015599
0.1424555
0.1443736
0.06732082
0.1232287
0.5295992
0.4634143
1.960906
0.1222034
0.1139045
0.1686762
0.1045009
0.2102634
0.1370795
0.1323982
0.1047166
0.2524943
0.3664013
0.2256217
0.1585656
0.1321929
0.6235749
0.3623395
0.2678599
0.2050373
0.2035843
0.08135778
0.2370177
0.174194
0.3917367
0.4657877
0.3092331
0.156107
0.1725482
0.6023232
0.2268007
0.1737149
0.2863126
0.2444468
0.2835762
0.3176455
0.3456832
0.2675714
0.1472921
0.1512202
0.1395341
0.3474728
0.3815565
0.1070644
0.06392765
0.2443174
0.291967
0.2544321
0.2041289
0.1227245
0.0933617
0.2235644
0.7935017
0.8508408
0.5425016
0.5086123
0.4591967
0.591913
0.1377201
0.3034557
0.1853629
0.4168712
0.2133368
0.2244339
0.3976524
0.1658564
0.3650934
0.2861177
0.1121343
0.1888739
0.2859345
0.160623
0.1966738
0.08056972
0.3354257
0.2257182
0.2091314
0.1459779
0.1944292
0.1600785
0.3602884
0.3389949
0.1313893
0.08585913
0.2018635
0.563705
0.1666493
0.1548814
0.2024485
0.1074955
0.6519065
0.4121275
0.4008465
0.2893404
1.067421
0.1764666
0.1372841
0.1539813
0.1332275
0.3347086
0.5866978
0.1253507
0.2450661
0.5062982
0.1904689
0.1734847
0.07556035
0.1689071
0.6146444
0.3570898
0.2547923
0.1382071
0.1953411
0.1526735
0.29094
0.6629937
0.2475328
0.7223277
0.1216204
0.5271469
0.1490711
0.1942025
0.300649
0.2575086
0.1980044
