1380.116
1779.342
1232.783
1033.427
1241.995
1746.265
1082.825
953.731
573.8159
750.854
505.9858
685.8331
849.2682
820.6905
1229.143
1149.412
1837.538
766.5104
1462.412
1088.422
1076.673
624.7579
1342.855
1082.899
535.8366
978.0645
375.1273
797.3077
1132.502
1095.32
875.7821
987.4734
787.6746
1264.351
1024.425
544.4115
693.3345
844.8046
622.7512
1858.084
619.1422
976.9988
687.1633
2635.674
1447.548
1864.655
662.049
573.9423
1108.028
947.8331
504.5243
1312.057
1251.776
1419.571
1066.464
798.9122
2507.974
1934.048
1077.731
746.2819
1162.758
940.0038
1169.602
4273.977
1254.267
1748.888
601.957
1312.689
1089.52
774.9027
698.9065
1229.461
1311.789
822.1887
630.9404
3121.134
712.1986
1517.291
2416.82
878.069
1779.034
688.4091
340.8651
1211.686
1231.703
528.9075
1420.824
1456.008
1401.49
1165.132
573.2969
1193.932
1163.304
868.9991
953.101
1820.549
1234.278
540.3318
876.5696
1023.525
2504.171
1161.334
4439.09
2645.559
988.1493
2238.469
596.388
1611.287
481.4561
1077.14
1293.024
756.8763
1023.814
508.7893
1562.819
781.4685
695.6942
535.4365
556.2742
1720.44
650.6159
1918.688
920.946
2110.792
911.9444
3129.625
1532.713
1318.873
1393.306
479.4227
1695.159
767.7546
1067.858
966.6666
1492.422
437.7287
1289.126
599.8491
1523.259
2796.53
2429.671
752.63
968.2694
3421.305
955.1968
1079.588
1285.142
2692.753
638.6294
1097.655
1764.684
1800.406
1221.557
1185.416
756.3881
988.1924
899.6474
743.9521
566.6938
958.6522
1540.213
772.7848
608.6762
638.6483
1338.318
3909.582
2714.093
826.5594
1065.524
569.8229
785.686
703.4921
1455.722
637.7066
775.2183
994.2211
1053.01
394.4187
486.3001
2006.418
938.2632
902.3384
580.0019
870.6101
1261.564
4684.694
1580.727
1238.023
1647.425
637.6724
693.471
1895.657
3131.407
637.9521
916.0502
584.1161
787.6573
1614.99
1238.47
641.8855
1548.259
775.8039
784.4203
1212.624
1353.13
748.3861
1267.717
804.1295
856.9847
705.0245
814.0757
1477.574
971.6941
679.5858
1061.681
1062.22
1825.05
1040.456
1079.555
814.5269
609.1587
2093.602
1216.78
1283.878
1828.773
1108.063
1914.285
798.5679
1115.155
1107.066
781.5754
3002.023
984.8563
1168.924
1166.239
440.6493
1164.225
1155.325
1121.966
680.8574
778.0571
601.1166
500.3226
673.4552
1868.009
683.0463
775.2975
953.8166
531.4029
1992.444
658.4293
891.2939
594.5225
793.3248
899.7979
479.8454
887.2278
1279.66
1525.872
865.0935
769.6212
833.7937
618.2688
637.5696
1116.298
991.7678
1684.046
2061.773
1643.1
756.0653
784.1859
1131.553
1279.213
801.318
611.9655
2213.597
1175.582
1408.239
937.5305
1304.06
1072.223
551.0476
566.2926
1395.149
1092.912
868.5698
1570.325
1082.599
1467.713
988.2111
2063.464
1147.691
2048.263
930.4824
1954.237
1034.459
964.5588
2288.595
499.7137
469.75
1591.538
1943.927
1028.48
2011.465
583.6483
1350.645
2333.626
1519.575
3074.158
1251.746
874.578
2357.819
551.5561
1336.029
885.4548
1497.444
1994.208
737.3297
869.6679
3507.854
2020.913
1197.383
1641.106
1326.994
411.6524
1033.367
1379.66
751.6376
1298.013
728.1757
1259.39
2743.315
1277.282
555.3355
714.0339
1731.425
3850.594
968.8108
722.5902
1983.857
1256.079
3409.744
1071.115
950.4297
1060.169
1762.234
667.6557
407.9736
920.2311
1775.105
1327.851
1547.072
879.5967
1703.191
575.843
1229.802
380.3603
1898.937
1036.775
787.7666
1198.735
1248.945
909.2152
2699.971
719.147
1754.267
1670.268
1531.399
828.2348
1690.943
2142.661
1707.808
993.236
966.2
564.419
1629.826
1479.441
661.915
1708.568
1014.265
1519.871
1091.637
1587.099
1065.05
2381.826
1129.021
1873.58
3754.395
1004.29
918.2607
2327.125
1047.71
3426.965
1274.454
691.9711
890.9859
2199.661
2801.837
1402.776
776.5729
1137.324
1218.94
1598.731
892.7698
1028.154
1465
644.4757
764.5428
948.9052
741.2208
1651.346
462.5299
1815.73
2253.334
2389.453
1295.927
906.6919
2996.76
1032.411
864.05
1333.792
1849.274
947.0708
3309.238
1202.031
916.7953
3573.657
1669.523
1243.645
2774.869
2398.747
1315.532
2689.351
1029.409
1278.52
2236.784
1558.265
1620.578
1294.566
2213.52
981.7224
1050.72
2959.355
1214.18
1534.197
891.8126
1880.819
1325.025
858.95
2160.575
4344.732
1037.803
1386.884
5601.052
2823.6
731.9439
2175.54
1748.992
1642.169
918.9384
797.3605
675.1312
1194.059
1168.35
732.5282
833.2928
2230.543
885.6316
606.7563
904.8117
1030.32
1732.595
606.0764
832.9229
1588.356
841.5651
724.3268
982.9705
2594.838
1007.432
3654.102
902.716
2073.686
1976.621
417.4882
1543.851
714.4514
599.8563
1579.156
1644.197
995.7207
1833.75
998.434
2771.668
1036.019
1195.602
1139.186
2455.568
2400.767
768.4884
