90.68405
85.29217
85.29364
86.54555
87.34732
88.16546
87.06282
82.88388
81.41516
85.28526
90.20414
92.68351
92.53183
89.33513
88.26192
83.92233
87.19199
90.75699
89.96837
88.69843
88.84255
93.95223
93.24205
91.04966
93.59762
93.1217
92.82859
91.11102
89.48358
89.86912
90.25065
91.3339
91.70036
89.24949
89.37367
96.07164
91.74773
93.8002
98.19551
99.37149
98.12243
95.11433
96.61994
97.0813
100.7287
98.57133
96.52225
96.43225
96.22144
96.43909
95.86253
95.62879
95.92985
94.72052
97.24
99.02524
98.52933
99.78163
99.87407
99.12838
98.45071
97.98418
98.5781
98.33125
98.46103
100.6008
103.1453
105.1739
105.0462
103.6164
103.3773
101.8716
101.4596
102.2764
99.35364
101.2263
100.9148
101.1436
99.19982
98.4592
100.6386
101.7402
101.3764
101.1316
101.4808
102.0895
102.7686
101.872
101.5825
101.0133
100.1088
99.0622
98.32413
100.5604
100.3422
100.7438
103.4897
103.0033
100.8537
99.89011
97.54835
99.13176
97.71415
98.9565
98.96992
98.78299
100.7563
101.4564
101.1366
101.0928
100.8429
99.89609
99.80165
98.71304
98.65472
98.43432
98.92529
99.93131
100.6016
99.80778
101.4806
101.6994
100.6468
100.5688
101.8263
101.4128
103.1814
102.5316
103.1714
102.7986
103.2297
102.7895
103.8688
102.7522
102.2885
101.8535
102.8813
102.6806
101.5284
101.0327
102.1173
103.2112
100.7252
99.60917
100.0663
99.79884
100.7834
100.5435
99.71807
99.58986
98.91938
97.13747
95.42833
94.84783
92.47819
92.5468
90.72503
92.31214
92.03715
93.21259
94.70306
95.19501
92.88821
91.30211
91.04724
91.86838
91.61609
92.53833
92.22957
92.69336
92.96521
92.29725
94.95844
95.24729
96.69523
97.16111
97.82299
97.42484
98.66341
100.724
99.78968
99.51733
99.01769
97.25557
95.87192
95.47314
95.61503
95.3467
96.54282
95.62293
96.52948
96.35107
96.96321
97.58536
99.74907
100.0816
99.56159
100.0648
100.3509
102.0206
102.0743
103.4449
104.046
105.6481
105.7598
105.0067
107.0248
109.6518
108.8961
107.7177
108.647
107.6853
107.6071
107.5026
107.5013
108.4448
108.3009
107.678
107.7327
107.7801
106.7797
107.6636
106.7926
105.7876
106.0976
105.3679
104.9845
103.3559
102.4495
104.2515
106.6797
106.0628
106.0857
105.8743
105.8696
107.329
107.4584
107.2798
107.0279
105.7213
105.1064
105.1706
104.1159
103.7979
102.9
103.0711
103.0959
103.2535
103.3703
101.9975
100.5417
99.70327
100.7154
102.123
101.3627
100.9678
100.4877
101.2862
98.37527
100.5535
99.76602
100.6876
103.128
104.4794
105.4263
103.4972
103.5128
103.2648
104.2751
103.545
101.5494
100.2632
100.4741
100.8454
101.3632
101.9172
102.2198
102.9771
103.2994
104.3448
106.0578
105.6853
104.8563
104.7372
104.6925
105.4376
104.2287
105.7768
106.0149
106.4396
106.8239
106.2049
105.8819
105.1087
105.1256
103.7372
100.6399
100.1573
100.8716
101.2989
100.7314
101.7738
101.3019
101.3764
101.4332
103.2312
103.7055
104.4803
105.3918
107.9577
108.5681
108.8055
108.8529
110.1294
109.9127
109.671
110.245
110.2302
109.9339
110.6455
109.9381
109.9995
107.8419
106.1282
105.7249
106.4371
108.2506
107.2591
105.5256
107.8254
107.6318
107.2782
104.8659
105.1665
103.4152
103.1719
103.6092
102.9305
103.5935
103.1757
103.0021
101.7361
100.6861
101.533
101.0098
99.83528
99.40638
100.888
100.6818
102.5305
103.8405
104.09
104.7317
104.9979
105.3532
104.5882
104.7707
103.3449
104.2923
104.6018
103.3584
104.0015
102.8859
103.3706
103.8209
102.5932
103.5168
103.4339
103.1856
103.1326
101.8265
100.1865
101.095
99.85868
100.0621
101.4465
100.9503
100.0055
101.8488
101.8139
103.4011
103.4727
104.0009
105.1397
104.5656
104.6153
105.452
105.2293
105.3786
105.3569
107.8911
107.696
104.8128
103.8089
104.3606
103.5289
103.0527
105.0987
103.759
103.0792
102.3943
101.7349
101.422
101.4849
100.2968
100.8009
99.88345
99.21033
96.94737
95.89587
95.49473
94.87685
93.19738
95.23143
96.2816
98.94254
99.06394
100.4283
100.6369
99.81993
101.0072
100.2678
99.38188
101.2541
100.4281
100.9963
102.0553
100.6637
99.73077
100.2912
100.367
99.78943
98.76511
100.1582
100.2514
101.9178
102.7179
101.3631
100.1369
99.61005
100.758
101.2115
102.5761
102.3844
102.9048
103.6728
104.04
105.4587
105.5587
105.8024
108.2292
107.669
108.5056
107.7719
106.4316
107.2722
108.0701
108.4505
107.8407
107.3999
109.3415
110.1961
110.2719
110.3661
109.0703
109.572
109.189
107.5898
108.574
106.3139
106.8002
108.4237
109.4604
110.3598
109.7697
108.8246
110.5614
109.255
107.4014
106.1564
105.0775
103.5544
102.7471
102.7246
102.7422
102.0549
103.5514
104.9598
105.3233
104.1653
104.0754
106.1573
104.8454
103.3272
103.2878
102.2356
105.0847
103.9426
103.0738
101.9695
