2.525666
2.928846
1.488056
2.895613
0.5233308
7.295928
2.247784
2.700463
1.052474
1.143584
0.845361
1.349027
1.12955
4.124376
0.8105404
0.9883894
0.7355377
0.6243223
0.6209361
1.40966
2.048646
1.61993
1.019305
3.550193
1.336248
1.442423
0.5981606
1.448763
1.130559
0.4948613
3.795181
0.5709664
3.016146
1.915259
4.802063
1.764356
1.679123
1.932206
0.8567503
1.163191
0.8508163
1.378802
1.474429
1.167896
1.770799
0.5797574
2.040062
0.813919
0.8340946
2.962262
0.5544441
0.3906816
0.8095476
1.774153
1.298797
0.7308153
1.378434
2.257886
6.180562
1.099413
1.346613
2.731365
0.9232472
1.572392
0.4736251
1.555348
1.326424
2.205314
2.55083
0.7487859
0.6472944
3.816117
2.001395
1.540838
1.19729
0.8387739
3.053908
1.128959
1.545823
1.481157
0.916683
1.62037
0.8063577
4.715164
2.456658
0.8102859
0.9286116
0.7758785
3.752707
2.56055
2.06707
1.10578
1.270499
1.813451
2.917894
5.577509
0.3013007
0.4975133
1.075505
3.986759
3.704056
2.009625
2.388668
0.4130782
1.82611
2.223193
0.7681984
0.356334
3.505669
1.731083
0.5267151
0.8184417
0.5446834
0.8557276
3.073038
1.038559
1.32353
1.128341
0.6588284
2.731423
0.7473378
1.19061
1.944363
1.32699
0.8545677
3.062152
2.05449
0.8677587
0.880427
0.6016661
0.7932892
1.547124
1.156195
1.279606
2.302052
2.134604
3.306013
2.38496
0.9281457
7.133177
1.186271
1.33367
5.820337
0.8633939
1.573378
1.635098
0.9168353
1.846401
2.767812
1.119787
2.292266
0.8193025
1.267815
5.781486
1.075635
3.36234
0.9886831
0.8362942
0.7757503
1.560958
1.47456
0.6990067
2.100934
3.619409
1.684989
1.236322
0.7535007
1.050167
1.595883
0.7783021
2.594606
6.749305
1.402668
0.547786
0.6967382
2.518528
0.7847898
1.191154
3.384595
1.7926
2.287731
0.9361553
1.123653
4.164268
2.862016
3.409545
0.7655714
1.626421
1.599589
0.6562318
0.5871668
2.634309
1.43742
1.370617
0.7591708
2.838434
1.942477
0.6247786
0.7938043
4.888924
1.473848
1.967478
1.867037
1.09211
1.72963
1.153053
4.145048
4.979389
3.44003
3.152863
2.615688
2.136527
1.661118
2.459801
1.268665
3.925133
2.709348
2.339242
0.9198969
2.68177
0.4067841
0.8739339
0.5859385
1.471492
3.578585
1.956394
0.8268615
9.789824
0.9351135
0.5660667
1.174923
0.874196
1.482026
2.573911
1.025209
1.045359
2.154435
0.6311686
1.094164
1.515933
2.892885
5.503903
2.147906
0.9375901
0.4615984
1.23634
1.479469
0.9320953
1.374766
0.9154394
0.4625153
0.7366354
2.868675
0.8038777
1.350414
0.8925301
0.7005659
2.434634
6.650012
4.025461
2.860153
1.418709
1.337025
1.08953
2.21363
5.461998
1.856631
2.944732
1.822276
1.026249
1.72226
2.467387
0.7206099
0.8993909
1.759892
1.910215
0.9645459
1.882277
1.591121
0.9127124
0.3648109
3.479923
2.690879
0.8564753
3.84639
1.460812
0.8782405
4.387461
1.052085
2.316018
1.975433
0.9949653
0.8966938
2.505306
1.983431
2.163053
0.8275535
1.67126
7.047073
0.7853434
1.378589
0.8051418
0.5766098
0.6720813
7.373964
0.5398151
1.623702
2.124592
2.067373
1.123871
0.8653669
0.7102682
0.5316182
1.390578
0.627881
3.238019
1.740552
1.614257
4.678653
2.638662
4.613645
1.484313
0.4660039
2.205392
0.5103591
3.119784
0.5710045
0.6998776
0.5331286
2.861033
2.961693
3.554693
1.128892
0.7751801
1.048456
2.476479
0.4898985
7.206457
0.595143
1.559501
5.817548
0.9161549
4.526498
1.222177
1.392619
0.561801
4.902931
0.5756597
1.082495
2.433349
1.189598
4.645189
1.098999
3.598235
1.020216
1.457589
0.5809923
1.194751
1.450943
0.6400211
10.94878
0.5609865
0.7845244
13.18438
1.593093
0.394827
2.915524
6.164922
0.785379
0.8152087
0.453961
1.350849
1.47337
1.036582
2.990406
6.012648
1.517434
2.445043
1.064301
1.380752
0.6469432
1.648084
1.422051
1.205986
2.969081
12.42031
1.215492
3.127409
0.8835327
16.44553
0.7784799
0.9558791
2.943187
1.204832
1.574861
1.377871
0.7162691
1.792637
2.083217
2.644306
0.6129865
8.114368
2.482632
0.7283255
0.5254569
1.275388
1.142015
0.797562
1.460383
1.664929
4.078078
0.4393403
0.801794
1.165204
5.315137
4.352022
9.971008
1.494229
0.6000342
1.530219
0.7538907
1.011082
0.9386938
2.644116
1.123811
0.9096229
1.246003
2.039951
1.788873
0.8296833
0.8468978
1.100161
1.135609
0.9613163
10.23031
2.817606
2.222761
0.4554763
0.7264349
1.160248
1.178512
1.540892
1.718767
0.7700694
0.7362126
1.14344
0.5693426
0.9279505
0.9993815
1.199751
1.333329
0.42781
1.108649
2.016196
0.8216254
0.4928987
1.257793
0.9989437
3.867862
7.329258
2.183371
0.5656221
0.7803267
0.3846013
2.977475
2.921321
0.6053017
0.6916207
4.267049
1.272694
0.9488243
1.077722
1.373711
1.256612
1.221823
0.9938892
1.869984
1.185219
1.684225
4.171042
0.8744498
0.8247661
1.300689
0.6371753
1.52648
1.224408
3.114488
1.267451
2.485008
0.6044446
0.6665054
0.7442284
2.536623
1.148432
3.428327
0.7816076
1.35439
0.9024588
1.140568
1.139352
