0.401189
0.1723491
0.6383074
0.2887509
0.2383538
0.3321352
0.4819256
0.3367787
0.8853646
0.5951065
1.774369
0.3566149
0.2691716
0.6776599
1.093871
1.054678
0.5734741
0.7255975
0.2371197
0.3448542
0.4736993
0.1740882
0.576116
0.4698622
0.6511436
0.3247718
0.2484981
0.2546447
0.5196243
0.4849765
0.3050488
0.1927451
0.6786249
0.2999367
0.2015463
0.4439696
0.1737838
0.2443293
0.2816721
0.1398997
0.5324149
1.277661
0.266227
0.3055771
0.4998705
0.2643218
0.4115051
0.1409939
0.5851926
0.3551875
1.114251
0.5067102
0.3862327
0.6944838
0.3538373
0.658502
0.1942459
0.3167794
1.147392
0.3089593
0.5280492
0.3508952
0.2522848
0.1288588
0.3532062
0.2664379
0.1209965
0.7429095
0.2707904
0.534772
0.1948342
0.321135
0.317364
0.2947238
0.1917223
0.2972752
0.3413774
0.5753649
0.2158046
0.4689732
0.298893
0.2866561
0.1433521
0.3936577
0.7982271
0.2400223
0.3716891
0.1940997
0.1075014
0.2862638
0.1344222
0.2896066
0.8220297
0.1328273
0.2444602
0.2188637
0.1782144
0.5914776
0.8166789
0.2335995
0.2443274
0.8902135
0.2459614
0.2235337
0.9356598
0.3218481
0.3130526
0.4038409
0.5262373
0.2261026
0.2605808
0.5278029
0.292326
0.3498182
0.3018625
2.530446
0.3993127
0.4857428
0.266233
0.7863533
2.242373
0.3501914
1.831087
0.4170702
0.4469805
0.1632913
0.8951796
0.8131013
0.3457722
0.5505758
0.5819551
0.4101478
0.3090464
0.4206312
0.2658626
1.644728
0.2017729
0.3368135
0.196302
0.5117941
0.4479699
0.3472642
0.90925
1.133579
0.4918768
0.3645364
0.7225198
0.317038
0.1573879
0.1984185
0.1727153
0.2855853
0.2786178
0.4263732
0.4148363
0.5132999
0.5151505
0.6195211
0.2166054
0.2566632
0.6368564
0.2831129
0.1810502
0.325395
0.2509342
0.06749957
0.4655721
0.5533448
1.818134
0.8098672
0.3168178
0.3380715
0.3681729
0.2932988
0.6607323
0.2240102
0.3362314
0.4241537
0.2505868
1.210307
0.5647992
0.3944816
0.3387174
0.4778968
0.3851556
0.6641234
1.648403
0.5929333
0.2708786
0.9722548
0.5267574
0.3291878
0.3645903
0.3031947
0.2653759
0.3377915
0.3030126
0.1876541
0.3498456
0.2083145
0.2421836
0.2524901
1.553517
0.9266993
1.505527
0.4319785
0.9739705
0.4820661
0.122708
0.1387617
0.2832092
0.1592252
0.1011423
0.1978393
0.5167104
0.9523791
1.865966
0.9856395
0.3600427
0.2925689
0.1908267
0.4040211
0.4565996
0.333549
0.6026842
0.6284373
0.1241449
0.3256452
0.2219849
0.3911137
0.3514103
0.826844
0.4775311
0.6370874
0.225523
0.2130986
0.539737
0.07440286
0.3613539
0.5113776
0.2777866
0.1845157
0.2218558
0.2086484
0.1729955
0.3561596
1.217715
0.2948427
0.4882831
2.118952
0.4077845
0.6852271
0.12379
0.4323139
0.1127426
0.2922733
0.2762342
0.348037
0.3182097
0.9145044
0.3276119
0.6090122
0.1860039
0.506361
0.3306561
0.2752129
0.4721127
0.5156187
0.1966331
0.3862126
0.4085743
0.2450206
1.018134
0.186215
1.005038
0.1123851
0.2139842
0.1140194
0.4610674
0.986638
0.1185059
0.5209471
0.6460487
0.7870161
0.2808534
0.1820283
0.1597248
0.2999617
0.252782
0.5451455
0.3012885
0.4795751
0.2599432
0.752821
0.2107606
0.1870045
0.3082397
0.2242316
0.3017299
0.4149522
1.09704
1.45851
0.2301555
0.4003871
1.017029
0.1951316
0.1768836
0.1990688
0.2399275
1.826193
0.4399263
0.6342147
0.3667792
0.5472536
0.3958595
0.381574
0.6324563
0.1557503
0.2042626
0.6005345
1.876966
0.5920623
0.32684
0.4069365
0.2744926
0.3160534
0.4815462
0.1625846
0.3428828
1.828674
0.3693085
0.1950833
0.2862371
0.4985899
2.928125
4.620083
5.657456
0.402011
0.1877159
0.2693289
0.1423876
0.2280137
0.1015475
0.3095462
0.2110249
0.2699821
0.2350258
0.199749
0.3521276
0.2608661
0.2086899
0.3209231
0.5301978
1.417225
0.2082609
0.8242675
0.6194805
0.7086296
0.3389433
0.2912038
0.4469014
0.1589468
1.454929
1.45217
0.3947457
0.3379823
0.4515826
1.86564
0.492854
0.4967128
0.5756608
0.1946403
0.2073256
0.2383539
0.2221726
0.2914241
0.995079
0.2283898
0.3751802
0.7406967
0.2033385
0.3458327
0.2951177
0.3164947
7.864337
4.151862
1.030221
2.518983
0.6662246
1.082697
0.3070767
0.2035573
0.4560551
0.1275462
0.216527
0.2893686
0.4770454
1.298656
0.2375258
0.8471545
0.4649791
0.3442089
0.1890697
0.5253114
0.8299568
0.2962978
0.2536358
0.2019717
0.1079288
0.4184061
0.8009638
0.6322153
1.00863
0.1769861
0.2595991
0.4095969
0.2248299
0.2718859
0.1307697
1.306484
1.68155
0.3385399
0.2740072
0.6080158
0.2675224
9.406069
0.4773753
0.6030171
0.2261369
0.3854752
1.904383
1.583661
0.1361238
0.1781666
0.172817
0.366732
0.1878915
0.3195437
0.6051957
0.7108654
0.1548501
0.2106724
0.3533772
2.256213
0.572666
0.8337347
0.274756
0.2574651
0.244166
0.205063
0.5490779
1.346202
0.45957
0.3567451
0.6581113
0.2451882
0.443197
1.149976
0.1143277
0.5703312
0.2640847
0.2075975
0.1745572
0.4211471
0.3210405
0.4179931
0.7388436
0.2255978
0.6371869
0.3916986
0.2054091
0.4619153
0.166981
0.3723827
4.546747
0.3367069
0.3954197
1.393418
0.7812921
1.976392
0.2535213
0.3028455
0.4516652
0.2689576
0.1344492
0.3711211
0.257628
0.7844716
0.2837172
0.4910209
0.3370108
0.3115139
0.9613438
0.4784527
0.1000899
0.9853075
0.5178073
0.886142
0.2495612
0.28327
