326.2017
317.4497
249.6081
86.55409
109.4355
107.4807
242.9405
200.6992
399.2352
107.0669
145.9389
78.19592
117.0866
66.44766
249.4215
147.8139
116.4639
311.4875
157.0472
116.2374
397.6303
1276.116
521.541
302.6914
185.5352
144.9855
912.0067
205.8041
216.4523
172.4541
564.2777
353.8846
290.2892
301.8317
212.6441
225.4116
134.5178
196.0393
191.4279
112.4764
373.2101
112.9824
207.9972
214.1419
106.7699
234.001
78.13434
175.2803
492.915
70.61418
83.46932
297.7005
94.66022
185.1089
79.35255
174.9046
80.00856
119.5723
130.1779
99.6438
266.2068
93.29297
303.4983
83.19285
138.27
200.1491
367.2008
177.2556
90.04758
289.267
242.6889
173.9315
257.6977
68.28121
142.0567
191.5565
63.02991
185.1179
69.19189
72.95926
260.5295
1192.181
85.79242
199.0825
122.4789
85.89757
114.6547
88.73157
142.4331
191.4238
50.9584
122.7708
198.9479
102.1325
182.2179
180.9245
359.7134
112.5432
111.8038
221.6084
128.0724
68.9833
111.4794
99.54891
112.1175
96.30618
275.2828
271.8809
118.6316
108.2066
143.577
53.52123
547.3295
293.7923
286.4444
143.5306
95.17573
218.6336
81.8171
189.3471
73.16161
114.9699
183.0599
132.4312
247.0655
129.522
42.19359
113.9299
200.5729
129.9807
118.6042
361.3033
172.9157
128.9938
293.3418
210.3057
507.7269
145.3279
199.8464
88.67088
249.1789
137.3861
160.6795
498.1258
46.59708
247.4646
128.6577
75.24313
245.8175
176.1053
106.4286
95.2203
60.72246
221.3034
138.8055
288.1177
121.4591
65.18461
316.7864
299.2763
157.672
112.1174
69.99926
81.67139
227.8634
582.3218
92.78255
156.6357
272.1077
228.8646
415.6283
129.2763
85.30771
101.9388
202.1036
101.9166
111.7808
182.8
162.6321
311.8359
158.1338
70.54803
121.2698
100.1465
89.16572
108.246
73.04462
115.1533
86.13395
168.6484
240.7538
127.8988
164.7562
225.6576
418.7211
102.5056
111.207
76.06309
144.0127
82.25935
221.5398
128.5695
224.8244
140.9578
264.0351
133.2895
352.0578
113.1389
266.6642
179.9954
177.1927
172.945
298.1417
389.0287
78.26636
418.4745
119.443
311.0052
185.148
347.8079
312.4629
235.5241
482.9152
258.7351
134.1162
377.2494
128.0237
81.74985
134.5189
101.8094
153.5343
223.1791
232.9587
624.7368
120.4719
214.3576
295.127
202.987
40.00642
286.3438
232.2352
197.8758
68.30834
97.99634
91.44355
69.22289
209.9798
332.4195
136.8633
133.093
157.02
44.85293
269.9867
87.37486
140.7392
205.6452
191.4967
198.9527
143.7735
108.6429
186.3168
233.7491
170.5112
105.5876
128.0045
312.5079
155.8819
114.2284
138.9983
101.9289
241.6496
76.82661
302.9827
130.4182
51.78314
120.5662
159.378
661.9634
90.64027
106.9231
164.3958
53.20369
122.0238
131.4169
242.1048
113.6759
64.1731
108.4067
93.36877
83.97874
79.22382
212.5787
195.6003
276.7277
150.0376
67.84059
216.7337
199.2002
124.9543
112.1988
190.0924
110.6883
136.4601
360.5131
107.5416
79.20066
375.648
248.9991
150.051
349.5486
131.8492
74.37668
158.9354
2647.157
481.1142
182.8956
419.2449
126.7262
176.3137
190.0549
743.514
1172.706
200.0739
397.5621
1062.355
620.3073
457.3851
981.7067
222.0097
461.8926
187.2424
234.5844
191.6437
262.0216
478.8163
810.9983
153.1703
122.9752
133.1919
187.4778
258.6288
126.0451
239.9771
121.5773
242.9876
111.9771
77.0012
121.6178
67.67546
133.7961
278.0125
151.103
75.3336
92.0686
94.25365
130.4574
80.99721
70.08403
747.8826
95.16083
97.2414
118.0751
288.0894
428.0441
115.5051
127.605
258.6547
185.4639
80.3052
149.8211
138.8191
502.6786
168.7842
720.8924
430.7802
362.2736
320.8771
209.4187
296.5345
125.8919
76.66708
114.9364
133.6281
165.6553
205.8165
74.46404
203.4712
257.2626
113.0512
305.1971
134.3854
171.8878
110.8091
71.51933
156.658
104.6441
109.3259
135.1606
100.6854
71.42592
211.1769
114.395
481.9736
123.2906
197.025
95.66863
264.3347
278.563
143.2415
135.2561
172.3215
130.2966
110.5471
92.49335
205.3954
239.1211
108.1218
97.66396
144.8298
112.9433
493.6506
163.5378
144.4534
97.24402
468.7088
112.9319
134.3787
108.4733
256.3223
77.7869
147.8776
153.9919
111.8704
93.98025
265.0352
214.4628
138.8368
92.99173
85.33401
188.2773
281.6827
226.8919
138.8802
66.13155
130.0362
194.2311
198.0063
84.14184
124.2632
690.7934
318.5148
319.3223
142.4931
139.0832
42.78327
1003.432
43.04457
133.4558
97.95582
51.66451
93.89416
213.2597
541.8631
122.2614
273.8772
279.7328
123.3748
402.7457
211.7075
272.1357
136.8206
152.5045
149.0348
211.7018
201.114
354.5994
232.7676
319.0687
91.75909
315.9159
143.9071
77.30421
104.2173
198.9513
97.43979
53.03936
324.3504
141.7922
75.48875
260.3984
288.9328
96.3266
157.2827
173.8543
175.2354
230.2431
321.1909
204.7013
186.5169
175.6053
