110.1585
181.1018
152.6692
143.6059
170.4993
152.4067
152.4418
163.0216
199.1422
150.9553
146.3492
129.7866
155.6796
155.6811
163.1212
144.9161
176.4967
150.8002
145.1557
170.3519
175.194
204.8877
191.3995
182.9258
182.1195
154.4837
137.6674
165.9462
175.5965
155.0279
173.4317
186.2283
169.3912
165.9265
142.5776
166.5857
166.2655
187.2374
143.4822
169.1461
152.1948
161.9697
167.6049
146.0235
149.0669
156.6364
159.7172
126.1149
169.3174
133.7663
176.7392
162.2686
126.6188
130.6707
160.7853
153.0135
147.002
159.1673
147.5405
140.6267
182.6323
155.2608
137.6518
156.5745
148.1302
155.7707
183.7495
179.4456
155.8228
175.077
171.6099
185.3956
187.6793
149.7157
148.6227
137.838
137.4647
169.5249
150.663
156.3165
171.497
160.9415
151.4729
163.2444
135.428
187.4614
157.0811
144.6502
153.3702
188.7872
175.2602
170.7624
167.6781
159.26
186.4696
154.1414
158.1939
145.7452
171.3733
132.8273
153.0848
132.7672
162.5096
182.2709
173.1855
154.0422
176.2009
209.7721
159.7339
146.2471
154.4768
162.5261
192.5662
154.9164
136.3292
141.3008
165.9328
169.7917
158.0493
160.4616
157.6671
155.0598
162.4341
147.8088
180.3939
149.9606
181.4454
160.8978
145.2269
147.3549
176.9568
155.3127
150.6885
184.5804
142.6049
130.9919
175.5972
169.8038
177.4618
210.627
166.7726
169.3385
180.3807
188.5484
167.0706
158.1136
183.4253
163.9369
141.7743
150.1308
156.3121
136.6666
153.917
149.407
210.0129
159.8561
133.0584
121.5755
162.8406
194.1626
173.4845
170.0227
163.3858
172.5885
156.9983
161.3924
178.5144
185.4566
170.546
139.1212
138.2106
140.3308
160.6508
168.919
159.0107
164.3229
188.8161
173.1047
158.2907
138.3091
128.2656
137.5628
174.6311
156.0937
176.2201
185.6156
183.3177
169.3447
177.8064
158.4829
165.0486
133.683
172.4794
181.2797
132.4034
154.1998
137.6385
166.0357
173.5468
179.4294
180.8935
181.4516
203.0829
176.4889
160.3676
162.8533
170.7442
151.5244
155.5399
181.4251
156.5023
157.1752
165.251
165.8393
171.4709
137.2365
171.4572
155.9013
166.8676
161.4406
167.5705
132.4829
130.9537
151.5635
165.942
161.7353
156.6559
157.6712
140.6948
154.4269
149.7087
125.7714
124.5771
153.0892
166.1883
158.7943
140.5987
176.6438
185.6642
170.777
153.6651
161.0774
149.91
146.8907
156.5867
136.8393
168.465
171.1312
162.1175
171.1246
160.0329
169.4465
148.4013
184.0335
164.5587
147.0899
158.5294
164.7812
158.0906
147.0809
166.9411
186.4759
192.8238
189.7671
147.7485
169.6234
192.8722
200.928
174.4575
174.1304
163.5502
143.8846
168.4327
147.8137
180.4746
155.8298
162.0085
164.01
191.1836
164.4055
159.2404
150.5749
210.7357
187.5939
172.6554
162.4289
164.2342
180.9832
170.1262
171.7036
193.0442
154.1524
120.3278
173.4154
176.6364
152.3112
130.8988
144.0196
166.7856
151.3648
180.6543
144.6309
144.4931
156.7577
151.8196
143.4382
145.7721
134.2776
175.592
155.5292
184.258
225.6558
180.9559
158.8282
164.1799
155.9894
191.0495
177.7707
167.9007
134.233
159.401
156.2224
157.6947
186.0723
171.2068
160.5181
173.1897
168.2159
151.0601
170.227
169.3179
140.8859
167.7415
172.7032
177.1772
171.4028
159.6982
178.9842
163.1215
163.5237
155.6764
167.8718
172.1721
166.5161
144.1641
155.818
181.5361
172.7284
164.3727
173.0324
144.635
171.4273
162.3151
124.855
143.9999
165.2077
146.2147
150.9075
171.9763
190.5246
167.0966
178.9352
175.0779
136.7585
155.1471
147.8356
145.0201
149.8353
136.2048
171.3178
174.7943
138.3474
135.6863
166.5983
184.6885
161.4485
179.3561
193.2421
152.9702
176.0924
157.4058
165.6598
175.5665
155.415
175.1289
154.7338
155.9098
186.154
171.4925
147.4909
169.7846
141.9295
176.6479
203.9849
168.2426
168.3267
160.3373
184.396
174.2825
171.313
188.904
159.3196
144.5664
172.5966
178.3834
182.7783
193.1042
155.1133
153.2333
164.5788
176.3519
166.2405
152.7814
174.742
156.2995
153.4723
171.3097
212.1555
164.6821
160.0204
163.206
158.6809
173.3709
165.1522
190.1343
170.7209
165.7756
177.7834
164.4104
153.5373
152.6498
160.9788
153.0515
170.8199
207.0262
217.1371
164.5344
181.0612
148.8773
167.3395
156.0544
139.5564
185.3178
168.0865
174.3561
163.5389
175.9003
160.5115
156.4036
151.5482
135.0957
162.5813
153.298
176.0839
180.4478
153.9455
174.9213
138.6258
142.8086
173.7354
178.1789
153.5727
182.6867
163.8682
154.7407
159.103
168.1966
166.3624
160.2806
174.1327
168.3832
151.6445
181.9448
162.8643
153.1427
128.9909
174.1736
190.7406
130.6965
167.3733
158.9957
190.5693
184.1184
171.9443
177.6285
151.983
146.1266
152.3672
169.3129
178.5851
150.1914
136.4585
133.4595
150.7063
163.2637
165.2633
202.8557
166.5249
175.8485
147.1713
