102.8874
103.1514
103.6802
104.5858
104.729
104.902
105.0492
104.7092
104.0735
104.4278
105.0611
105.0595
105.8331
105.608
105.1503
105.2319
106.2115
106.2089
106.8292
107.5114
108.1609
108.3864
107.4191
107.138
107.3207
106.9222
107.0276
106.396
106.249
105.9772
105.9071
106.6108
106.4202
106.4857
107.3534
108.6593
109.1117
109.7494
110.1055
110.0632
108.7718
108.9869
108.3412
108.9454
108.63
108.0203
107.4387
107.3416
108.6517
108.7565
108.4839
108.3359
107.971
108.11
108.3546
108.1671
108.6916
108.4419
108.9453
108.897
109.2158
108.6915
108.9864
108.7739
109.0366
108.8395
108.9013
109.516
109.4408
110.7618
111.1306
111.4991
111.4857
111.7465
111.6553
111.4343
112.1348
111.1707
110.4949
111.0434
110.7458
111.046
111.4665
112.3917
112.3501
112.1958
111.5848
111.1539
110.8997
110.4591
110.5914
110.9719
109.9016
109.5149
109.7775
109.123
109.5738
109.6323
108.9684
108.9141
108.5774
108.7501
108.8303
109.8218
110.3396
109.5402
109.2811
109.1428
109.1014
110.1952
110.4724
110.1391
110.0752
109.7139
109.9668
110.3648
110.147
110.1233
110.0932
109.8357
110.7479
110.6515
111.1588
111.8523
112.5777
111.4608
111.3981
111.161
111.1142
111.1012
111.7398
111.6208
111.5759
111.922
112.1259
112.2547
111.6458
111.4748
111.5731
111.3245
111.1191
110.9019
110.6326
110.9683
111.862
111.786
112.6265
111.8503
112.2287
113.0777
112.9871
113.3129
113.9433
114.2662
114.9302
114.4867
114.8461
114.5728
114.2383
113.0934
112.6827
113.2138
112.1306
112.2634
112.2049
112.1006
112.0622
112.3553
111.7306
110.9612
111.2277
111.2558
111.4033
111.5881
111.3665
111.2778
111.4435
111.271
111.7395
111.6941
111.4489
110.7149
111.5508
111.859
111.9606
112.2287
111.6295
111.42
110.5878
111.1849
111.0541
111.3489
111.9508
111.1368
110.7449
110.9984
110.6704
110.5011
110.9844
111.0509
111.0552
111.657
111.7321
111.4234
110.4618
110.5287
110.9046
111.4416
111.5797
111.687
111.0564
111.0014
110.1526
110.334
109.8884
108.4867
108.7829
108.8365
108.5006
108.2711
109.1066
109.5979
109.1788
109.7142
108.9456
109.1846
109.2501
109.3205
110.0037
110.3511
109.7644
109.8509
109.606
108.8483
108.2627
108.4717
109.2686
109.6189
110.4889
110.6094
110.9545
110.815
111.1079
111.2368
111.306
111.2963
111.0018
110.9831
110.5376
111.1806
111.2071
110.4645
110.2459
109.8054
109.348
109.4349
108.9341
108.6662
108.8784
109.002
109.6675
110.3978
111.643
110.3962
111.1331
111.3499
111.8904
112.4335
112.4804
112.2838
112.5578
112.7489
113.3903
112.9425
112.5885
111.8733
111.7501
111.4062
111.9151
111.604
113.0025
113.1557
112.5218
112.7237
112.4533
112.6951
111.8472
111.1725
111.8849
112.0752
112.6752
112.71
111.8135
111.7396
111.085
111.6028
111.9291
111.1795
110.6165
110.8051
110.4965
110.5997
110.8177
111.5154
111.9773
111.5139
111.2776
111.419
112.3529
112.3549
111.7036
111.4973
111.5165
111.2712
111.8205
111.3162
111.7406
111.5144
111.825
111.7661
111.3835
110.706
111.1645
111.8339
111.5345
111.6964
111.9973
111.4974
111.4481
111.5084
111.2123
112.3616
112.8967
112.4494
112.2883
111.6953
112.331
112.0135
112.4424
112.2986
112.1716
111.9322
111.8034
111.6751
111.9975
111.5929
111.7461
111.7489
110.8371
110.4898
110.4776
110.4878
110.1788
109.9666
109.8872
110.5423
110.8351
110.6029
111.0084
110.5816
110.1012
110.9184
110.5891
110.7293
110.9582
111.1101
111.4181
111.3211
111.7091
111.1522
110.9223
111.6409
111.4736
110.855
111.547
112.116
112.0366
112.5423
112.438
112.7044
112.974
112.9534
112.9899
112.5947
112.3444
111.689
112.2381
112.5968
113.7046
114.0669
114.6747
115.2075
115.0709
115.3862
114.9392
114.7069
114.3689
114.563
114.0713
113.4402
113.8268
113.7527
113.6264
113.7998
114.009
113.6865
113.5871
113.4107
113.0715
112.8089
113.0361
113.1293
112.8904
112.901
113.8259
113.6993
113.1485
112.9211
112.2883
112.3048
111.885
111.3402
111.962
111.5791
111.507
110.8106
111.278
111.387
111.7077
112.0104
111.5172
111.5073
112.2135
112.9336
113.7527
114.2236
113.7945
112.9544
113.0572
112.7015
113.3311
114.0521
114.4401
114.2126
113.9999
114.2341
114.1962
114.9608
115.0279
114.4854
114.148
113.6653
113.9637
114.3653
114.7188
114.3572
113.6758
113.7607
113.4084
113.5684
113.8952
114.1512
113.8569
113.9305
113.9505
114.1256
113.9477
114.0076
113.3874
113.144
113.9221
113.4145
113.4565
114.1868
113.7585
114.3209
114.9904
115.0968
115.2222
114.8776
114.6058
114.429
114.3826
113.657
113.4607
113.1392
112.1369
112.0947
113.2371
112.541
112.6442
113.0761
112.7677
113.0436
112.5945
111.972
112.7552
112.5035
111.8878
111.6148
