0.8211263
0.3432961
0.2384556
0.3143323
0.1481126
0.2295131
0.179034
0.3609791
0.1753609
0.742194
0.3719345
0.6827187
0.4073109
0.8198644
0.2254468
0.2973217
0.2751796
0.2826872
1.746515
0.2657809
0.3718854
0.3655311
0.2820281
0.5566865
0.4655136
0.1836375
0.3675489
0.1397795
0.6179079
1.130089
0.2765057
0.3870889
0.3427774
0.3361832
0.2850421
0.4567819
0.8730401
0.2137555
0.2341371
0.2185763
0.4557866
0.869538
0.27956
0.4139852
0.5605958
0.6733627
0.4345807
0.5519957
0.1247589
0.6046843
0.09641298
0.8701443
0.1767538
0.295652
0.3096869
0.2520092
0.8476031
1.918514
0.4171541
0.9692441
0.3014344
0.1970795
0.2207876
1.549461
0.6137914
0.4709726
0.1421356
0.5392419
0.8020847
0.4243626
0.4628148
0.3825444
0.3547811
0.1267218
1.314837
1.03053
0.2605981
0.8303035
0.4367907
0.2974119
0.1814706
0.9838094
0.3799414
1.3551
0.1481065
0.6429061
0.3054488
0.1384473
0.3560486
0.3687585
0.3637422
1.057707
0.6013907
0.3017219
0.288396
0.2439018
0.2048351
0.2630729
0.7790748
1.017322
0.1696944
0.5717468
0.244818
0.2388546
0.2137325
0.5336039
0.2198943
0.333362
0.3404023
0.2285356
0.3621773
0.2614522
0.3906524
0.1191178
0.4583334
0.3131325
0.3387672
0.2289834
0.7045651
0.5451199
0.3691222
0.1890377
0.3131113
0.3610473
0.1860638
0.1153422
0.08542183
0.2554205
0.4222764
0.2425732
0.2689453
0.2919775
0.5480408
0.344343
0.5378015
0.3245921
0.3665439
0.1370115
0.4390031
0.3083804
0.2294623
0.9995416
0.1667143
0.2574026
0.387732
0.2439907
0.1132911
0.5911033
0.6399721
0.8298876
2.102488
0.2324629
0.2094099
0.4599523
0.4769517
0.3941357
0.7709079
0.3535942
0.1927487
0.3528086
0.4126953
0.2218165
0.6048603
0.4282241
0.3660073
0.2393872
0.183724
0.2283968
0.196875
0.4048588
0.3444547
0.3944208
0.8005538
0.2463323
0.7817841
0.2812208
0.2715605
0.4556993
0.24677
0.2171402
0.8867871
1.206732
0.2530753
0.1673362
0.2248404
0.6346818
0.5052799
0.2066173
0.4798378
0.6330014
0.2267517
0.344527
0.56553
0.1919923
0.1651895
1.834137
0.2328914
0.1336937
0.3627771
0.4051834
0.5448611
0.3883055
0.2924833
4.977477
0.2008691
0.3665014
1.193064
0.1801509
0.2738067
0.5749898
0.4795385
0.485157
0.8101302
0.1511236
2.74515
0.2404151
0.2111962
0.2130638
0.231686
0.1324497
0.2494268
0.7381978
0.2770978
0.7502022
0.1427836
0.4646168
0.4986262
0.884557
0.2353805
0.5144781
0.4643457
0.08689445
0.6773698
0.202737
0.3044783
0.4111735
0.3128543
0.1804648
0.1408592
0.7167132
0.541
0.3371546
0.314468
0.6283732
0.2303867
0.4330577
0.9694243
0.5538451
0.4445138
0.2072944
0.495814
1.202669
0.4381645
0.09620487
0.1582263
0.6800848
0.5271069
0.3381053
0.2648395
0.2738044
1.380817
0.5963889
0.2513184
0.1552854
0.5750083
0.2022143
0.4646042
0.1644598
0.8403562
0.3935232
0.7631298
0.3961924
0.5898732
0.3195843
0.474276
0.2508639
0.2115482
0.3164289
0.6110128
0.2267924
0.3033228
0.331193
0.1620143
1.399204
0.6807613
0.2766625
0.5139562
1.505168
0.1989106
1.617708
0.1176293
0.3346609
0.5666392
0.2122498
0.4184116
0.3198002
0.1375125
0.6361084
0.1842956
1.805107
0.2444424
1.184907
0.3217566
0.4421735
0.3617365
0.08219439
0.4429683
0.2095889
0.1557874
0.2606142
0.1583579
0.2527908
0.2433845
0.2476147
0.4325728
0.6636023
0.1930692
0.7843741
0.2923979
1.416808
0.3180303
0.3518732
0.2864879
0.082518
0.5184568
0.1484572
0.492552
0.1396611
0.1627226
0.4903459
0.9490542
0.6335411
0.5091215
0.6447905
0.4606392
0.2088063
0.6469081
0.1477988
0.2017626
0.4267932
0.8560085
0.1817867
0.2100558
0.3227403
0.6424565
0.9570953
1.117174
0.266831
0.1708329
0.3465303
0.2251294
0.5884998
0.7725635
0.3946212
0.1782646
0.204693
0.6437683
0.5721721
0.628066
0.8087772
0.2130425
0.4871317
0.241785
0.4640611
0.131038
0.38914
0.1462749
0.4075364
0.6015721
1.032888
0.3677914
0.6824827
0.6290476
0.6302058
0.8965449
1.010847
0.2416263
0.5758194
0.8179118
0.2384739
0.3108929
0.3070784
0.3045187
0.3053115
0.2439926
0.1740876
0.2577148
0.4279423
0.3736635
0.40875
1.277506
0.1116121
0.3669073
0.254265
0.09272201
0.5030992
0.2280547
0.2209735
0.1556788
0.2205986
0.1605008
0.6527618
5.507301
0.2392376
0.480542
0.1546816
0.2576898
0.1853444
0.2933738
0.3268961
0.2837608
0.391719
0.3744531
0.3956574
0.3835843
0.1314621
0.6409519
0.1160371
0.1765452
0.2466997
0.3971003
0.2372405
0.7594143
0.3394502
0.4864798
0.3625476
0.559273
0.1148109
0.7033832
0.4250486
0.3290745
0.2367352
0.2645187
0.2158521
1.166168
0.397377
0.170423
0.3326959
0.2076341
0.2492704
0.133125
0.2479918
0.6467198
0.4137395
0.249247
0.4526718
0.4272642
0.2319042
0.2586643
0.5724961
0.1614242
0.3066808
0.1831844
0.4629324
0.3956279
0.3973888
0.2637644
0.7363893
0.2911723
0.1929211
0.4634716
0.1799322
0.791925
0.5310984
0.467202
0.1936498
0.2477693
0.275522
0.5941404
0.58234
0.6164934
0.8351465
0.7010133
0.6009034
0.2661597
0.5822969
0.2283176
0.6371296
0.9984407
0.3858611
0.4838531
0.3789018
0.5206006
0.2274997
0.874785
0.5262217
0.3776482
0.1964428
0.7323871
0.178381
0.4304393
0.4770802
0.2068312
0.3753929
0.2889099
0.6893006
0.1860716
0.7437666
0.22031
0.1390667
