225.5835
298.5666
217.961
129.2128
120.8603
85.32533
179.1653
97.89954
228.9524
109.9009
319.5219
119.7934
120.7326
111.4238
162.5667
469.2449
129.7089
174.3131
166.9205
211.8109
297.5362
177.3714
153.6542
98.74587
133.6755
196.5536
198.2758
71.44587
61.90318
155.0723
120.3965
68.24047
296.3657
67.63327
143.6896
99.59218
155.8377
137.0505
89.2286
158.9633
749.4539
94.90998
191.4299
116.9008
123.7494
93.11389
279.1382
140.456
235.2197
143.9876
123.7673
93.93763
153.8802
163.7391
132.2509
96.27476
75.31194
79.69694
125.2475
116.0107
109.5532
111.3333
149.04
134.1368
96.54638
72.49059
414.2519
141.3261
100.1035
93.12918
121.6104
74.05098
208.0271
81.81152
67.30331
128.8767
792.1715
148.54
55.66772
59.33758
103.3938
65.05219
290.5418
90.58559
252.8294
53.26043
220.7026
97.22023
134.9217
174.822
259.7758
303.5781
160.1211
103.6146
137.3678
202.6912
65.61659
466.9393
156.2927
49.82196
388.9796
329.3821
199.8787
99.53326
166.1626
208.6237
438.4593
706.3243
148.3641
131.4653
489.3074
103.5853
56.94125
160.0898
82.37084
151.218
348.8781
120.788
107.0606
207.3015
99.62668
91.47445
92.01821
588.8107
97.14128
173.5497
52.85006
135.0139
159.0238
424.3164
56.78408
247.7254
122.0552
140.0629
324.4504
113.6709
192.8903
98.56336
136.0579
71.3035
141.3831
118.951
179.4828
49.36767
82.2765
504.5853
109.7476
94.27051
70.07065
200.4928
110.0306
101.9684
211.3212
75.21775
84.90859
170.1826
759.1692
87.36561
72.48285
205.7232
118.9535
443.773
228.9027
164.4761
163.3275
122.8185
153.3511
96.66361
180.466
253.7623
121.7516
126.3196
96.05441
124.1405
103.5219
107.0324
228.6873
111.2065
158.0276
161.537
66.83172
220.0859
317.1741
381.5845
287.2184
120.7461
196.46
407.5602
143.0394
448.4701
150.3775
78.51872
111.2562
109.2228
609.548
119.6068
91.77164
235.5354
110.1783
112.908
108.3837
121.5051
177.6121
267.674
61.26682
178.5314
134.0988
234.4008
107.8104
195.3373
139.6203
80.49083
316.7723
224.1017
71.57138
171.9951
238.8467
116.3472
433.216
78.34625
80.09148
250.0755
87.3596
125.9054
219.9468
251.9493
81.96687
134.882
71.19831
130.5557
156.3382
158.4581
147.9629
693.2222
140.3392
78.3333
486.1509
364.8178
451.4578
157.0626
409.3812
404.7693
556.4451
185.6099
272.9749
273.0743
184.403
203.5458
225.6803
214.3782
196.8627
221.9949
381.2106
92.22255
107.948
79.09109
194.4353
247.0152
93.71565
110.0587
123.7029
69.48862
67.09151
132.8932
71.16852
109.3229
331.6302
160.9617
88.70341
457.956
210.6138
65.39803
190.8293
923.4719
259.258
183.1404
143.604
53.00244
87.17633
137.1581
138.8257
63.59421
228.4322
119.3035
66.76549
129.1971
119.5404
229.8116
128.7944
119.5295
123.2325
171.4346
350.6163
144.6928
135.8744
135.6646
119.2995
156.6578
63.89692
118.8537
176.9961
229.3854
110.9873
372.7053
80.05141
292.3707
502.9556
155.7911
131.0326
409.5731
163.9089
74.23068
145.0724
122.5221
306.623
793.0556
226.2298
215.965
101.0991
364.6451
196.9229
149.7429
130.2458
456.7998
306.9877
159.496
265.2027
168.8272
267.5697
164.8594
324.6591
202.924
99.91881
63.02122
111.7696
103.2871
157.9344
141.7933
156.1419
80.83153
86.74316
120.9994
164.1228
274.6351
118.4686
86.58392
73.55903
91.97975
141.8079
329.4726
301.094
125.6573
157.5077
369.7985
588.6649
229.2555
84.41534
310.5393
168.9264
198.1931
103.8195
102.87
152.5328
272.7629
155.3136
114.2399
78.42299
130.3001
89.30361
215.1759
146.1384
79.78676
158.556
103.4432
106.4914
474.0125
131.7245
83.83683
133.9294
61.4719
103.8481
109.3275
73.1069
91.13517
223.8795
105.4702
348.8563
95.77827
77.06465
107.9184
94.66672
192.1809
98.41241
145.9131
76.23836
162.7063
422.9426
1086.065
172.9262
57.23883
76.78225
164.0715
70.05366
119.2948
91.24427
122.2011
216.8797
874.1719
87.13678
274.2418
404.6245
115.2934
82.44325
157.233
133.5149
209.5394
215.6129
119.8216
117.4607
145.3246
49.03514
330.8122
108.0055
172.4114
145.7141
73.84726
213.8419
401.8157
79.43655
196.0975
200.3744
399.2698
60.05645
55.3081
132.9004
145.2584
157.4936
108.6421
188.4438
239.6647
272.7204
95.28616
206.0708
88.536
108.3876
398.5832
128.9392
86.41244
264.7556
75.35053
84.78195
127.5118
171.0951
107.8189
63.27971
124.1102
154.148
64.88721
109.3611
195.0143
292.9927
134.0878
381.6133
173.2202
58.99769
73.25327
120.5444
59.04612
393.4614
129.2707
97.93349
297.3849
95.2811
173.9596
132.0613
84.04076
113.5224
97.54294
34.07946
400.458
138.4686
147.4002
155.3292
198.0828
84.16392
76.32321
248.8172
179.332
73.40558
60.72514
55.22344
115.6148
58.77079
268.9806
153.7918
180.8009
166.4333
311.1791
322.939
213.1168
