58.21565
68.09158
106.0788
237.6127
341.2468
719.2193
2008.589
4573.739
3309.11
5130.253
3967.567
4740.487
5004.235
5154.088
5315.98
4445.246
4213.485
4751.156
5542.035
4562.773
5346.425
3943.894
4987.316
4903.701
5037.27
4256.172
4951.628
5107.541
4056.638
4498.093
4148.888
4408.625
4276.252
5345.767
4823.705
4830.125
6065.32
5041.624
3524.011
6044.974
4746.65
3891.743
4601.071
3815.76
6150.27
4382.867
6042.021
5020.393
5252.464
5373.134
4726.438
4163.257
4004.506
3978.586
4756.962
3276.955
4374.687
4569.751
3970.669
4075.302
5117.298
4991.701
4763.172
7381.021
4911.541
4531.625
4331.508
4008.66
4732.71
4451.592
5539.9
4548.781
3349.443
5283.468
5490.409
5304.134
4314.729
3775.116
4099.189
5336.87
4281.909
6157.372
4849.876
5600.545
5004.618
4283.731
5596.796
5343.049
4825.872
4337.806
4508.533
6493.244
3257.989
4048.045
4625.763
5005.952
3869.895
4931.854
5653.883
5053.014
4803.398
4395.421
4954.058
4104.703
4687.781
3657.7
4505.349
6005.967
3915.149
4641.331
5998.465
4737.579
3145.157
4713.707
4384.006
4512.885
4244.933
5026.858
4835.71
4163.281
3359.361
5258.123
4999.6
4451.853
4036.898
4900.144
4831.902
4364.472
4693.197
5087.112
4986.335
4647.66
4912.413
4859.115
4989.839
4353.08
4748.767
4319.238
4469.816
5146.138
4268.984
4237.557
4295.885
5500.548
5488.839
4661.155
3834.204
4262.396
4534.453
5807.56
4825.637
4565.409
6169.919
4685.811
3576.437
5198.048
5658.736
5204.343
5620.047
4097.678
4366.319
5059.379
4998.788
5189.935
4506.397
3621.252
5027.542
5582.03
5467.63
5044.416
3828.333
5811.102
4793.805
4190.439
4249.083
4525.778
4488.566
5687.427
4126.909
6625.189
5598.295
5523.398
4282.473
5015.417
6139.825
6285.564
5212.397
4720.541
3169.451
5692.595
4384.976
3803.974
4563.983
4682.245
4770.129
4111.257
5004.258
4660.011
5614.365
5404.749
4413.916
4249.038
4932.365
4565.745
3839.091
3300.388
3814.139
5002.703
5529.079
4954.979
4808.813
3958.264
5189.569
4217.951
4744.096
4938.575
4362.794
4155.912
4121.934
5558.288
6420.344
4273.278
5596.874
4841.393
4669.931
5585.145
3575.312
4412.367
4988.183
4594.003
4184.73
4880.543
4543.058
4859.82
6472.656
5566.608
4263.152
3891.185
4996.953
5643.212
3548.528
4302.173
5568.065
4019.511
4675.285
4217.022
4217.32
5047.318
5053.034
5273.549
5331.372
4138.531
5037.378
4601.209
5607.806
5625.454
4471.031
5053.709
5486.28
4688.493
5155.838
4716.793
4294.764
4772.422
4020.976
5119.893
4114.475
5017.524
4945.472
4127.29
5350.114
4148.409
4219.65
4450.359
3831.794
4381.961
3894.163
5751.676
5171.686
4118.842
3278.24
4377.837
4275.861
5280.57
3813.316
4512.335
4241.515
4627.465
4262.997
5392.186
4657.444
5392.247
5147.055
4515.172
5746.937
4292.63
3942.645
4835.261
6322.73
5081.534
4782.193
4518.531
5554.264
5430.172
3687.204
3888.27
3150.247
4318.624
4454.007
5563.288
5414.055
5907.491
3977.598
4956.242
4377.569
4246.492
4411.981
4540.732
5060.717
4708.637
5466.054
4742.813
4553.495
4705.157
4709.765
3773.999
4816.665
4572.735
4489.3
5022.021
5757.843
4954.079
4588.058
4274.537
4308.391
3775.5
4607.128
4649.853
4129.358
5221.793
6244.805
3303.774
5054.63
4143.516
4622.767
4787.066
4160.903
5614.487
5836.994
5646.722
4832.427
4780.829
6519.414
5905.305
4637.433
3942.32
4130.789
4350.841
4544.096
5229.592
4442.979
5015.317
5144.936
5206.475
5684.36
4045.28
5198.316
4262.01
6140.756
5898.633
5092.033
4847.527
5431.951
4562.711
4914.238
4998.504
5185.296
4017.997
4931.515
4498.443
4672.024
4433.098
4590.797
5022.261
4268.42
4756.073
6006.027
4867.653
4430.363
6608.827
6496.817
3492.004
4844.228
4823.437
5468.311
5321.82
5179.826
6499.173
6522.954
4074.72
4872.419
5014.267
5347.074
4590.4
4587.986
4484.226
4549.167
5174.634
4801.669
3880.314
5667.64
5813.496
5772.314
4254.392
5390.677
3449.55
5354.321
5517.481
5193.226
3951.249
4177.196
3799.308
4589.083
5018.892
5101.681
5617.953
4582.663
4446.923
5068.646
4818.98
4165.859
5698.793
4371.18
5512.967
4207.907
4023.653
4515.054
4985.707
4575.659
4969.494
3857.754
3663.374
5254.662
5447.154
4721.096
4683.571
4346.77
5077.102
5347.377
5052.583
5573.327
4159.594
7014.709
3005.149
4280.888
3720.012
5369.528
3704.739
2745.089
5765.366
4228.267
4080.447
5099.156
4646.383
4300.715
5672.638
4470.351
5174.887
4828.558
4369.797
5844.414
5781.727
4169.971
3344.634
4877.716
4923.259
4971.821
4956.457
4387.231
5884.242
4657.25
3683.384
5351.165
5319.938
5632.681
4621.297
4619.011
5741.822
5816.033
4699.357
4656.253
3944.525
5084.688
4538.371
3241.693
3415.643
4249.001
4540.416
4006.985
5562.065
