107.9275
106.5721
105.3296
105.9587
105.3199
106.1756
105.8238
105.4608
104.3647
108.6298
108.6568
106.1871
107.01
107.9468
105.2037
104.015
105.6579
104.7945
106.9238
102.7309
104.6591
102.1299
106.1389
105.4747
106.0398
106.2653
105.355
104.3653
105.3032
105.7727
105.7
105.056
106.5004
106.7485
107.9096
106.8534
105.4963
106.0023
106.7757
105.1505
105.335
107.3682
106.0852
108.0447
108.622
104.9652
105.9468
105.3989
105.7206
106.2821
107.0268
107.4309
109.1448
104.6173
106.6694
104.0521
106.9509
104.8864
106.6265
106.9406
107.4482
105.453
104.6084
106.332
105.6942
105.5611
102.8121
104.7268
104.9448
106.2129
105.3615
105.2124
106.7253
106.4082
105.342
105.4782
105.54
104.8379
105.4748
104.8213
107.3669
104.5443
105.9569
104.1622
104.7705
103.8451
106.6846
104.6472
106.3596
105.4254
105.4238
104.8744
106.7423
105.0401
104.6705
106.7598
103.2191
105.8138
103.9303
103.7845
105.1743
106.6416
105.1778
108.1064
105.8836
105.0086
104.8319
108.6806
106.3346
105.3188
105.2504
105.3123
105.9768
106.9751
103.12
102.5949
103.4205
105.1789
105.142
105.4721
105.1178
105.6977
105.3063
108.087
104.4461
102.9214
104.9641
104.8783
104.7348
104.2121
108.081
105.9332
105.6424
104.2043
103.3666
104.0925
108.2709
104.6262
104.3737
107.5344
104.7322
107.2477
103.7067
105.6659
106.0635
106.4778
104.0602
106.2867
106.7158
106.8661
105.363
105.5194
102.0921
104.0181
105.4318
105.3528
104.3301
104.5612
105.8833
103.5701
106.7489
106.6044
106.4791
104.7389
104.3885
103.9932
105.7934
104.8579
105.9912
106.9612
105.3818
107.8915
104.9524
105.5902
105.6603
105.0678
105.3739
106.5601
104.9212
107.3963
106.6828
106.754
103.4505
105.9233
104.7911
107.4512
107.6072
105.4382
107.5573
104.9205
106.8758
106.0054
105.429
107.2965
106.6869
104.9529
104.8469
106.8445
105.0522
106.2627
107.1072
106.5804
103.5025
108.3685
105.504
105.0894
105.5848
104.1968
103.5658
107.7505
105.8433
106.6522
105.4426
106.7645
105.7601
106.9328
107.0753
103.9929
106.6019
104.9763
105.2773
107.4183
108.1649
107.0257
103.8166
105.403
104.0832
105.8819
104.2977
104.7983
106.3696
107.9564
105.5486
106.6231
105.7785
106.6136
106.2832
104.9696
105.4273
104.7479
104.3848
105.5994
107.1458
104.1164
106.0456
107.0498
106.1811
104.8527
105.6943
105.9152
102.4336
105.4409
104.7632
104.4349
106.1575
103.028
104.7106
107.65
107.6883
104.1312
104.5949
103.8976
105.0221
107.0378
105.0947
105.2274
106.1079
105.9725
106.5847
104.7339
102.8687
103.9945
105.8958
104.4642
106.503
105.5905
106.5217
107.1576
107.8301
105.9119
104.3081
105.3843
105.5099
105.45
107.0469
105.7612
103.2965
106.5791
105.0899
105.3455
107.4765
107.6487
105.7581
106.0975
105.5245
105.0392
104.279
104.7076
104.3988
107.5478
105.3375
105.5536
107.3716
104.4283
105.9935
103.6326
105.3151
105.0789
107.9338
106.5302
105.5372
105.3784
103.593
104.6858
106.3558
105.2224
105.3049
105.0458
105.0405
102.7983
105.4592
104.2604
103.4941
105.9591
105.0724
104.7591
107.2274
105.7729
105.3612
104.9498
105.9318
104.7149
103.6526
106.1764
105.7574
105.2818
104.2345
105.2746
104.0338
105.7599
106.1658
104.3465
104.9975
106.3818
104.4791
105.3723
104.94
105.39
106.0067
107.3417
104.8176
105.0246
105.1976
104.7454
105.2259
105.1607
106.4403
104.9748
102.7481
107.2488
107.716
105.9219
105.8319
105.5882
107.1501
106.2919
106.3106
105.4313
104.7854
105.7867
105.8122
105.0351
105.0026
105.9778
105.1769
104.4248
106.0798
106.8093
105.7451
106.1695
104.3023
105.1932
104.1013
105.2187
105.2087
108.7788
104.5399
108.4528
103.6883
106.2941
104.3602
105.941
104.3246
105.2653
103.2112
106.1732
106.5828
104.8113
105.9804
106.4748
105.4246
105.866
104.409
105.9268
105.3688
104.6054
106.2024
106.0652
106.0407
105.0464
106.4569
103.3503
105.2708
108.7627
105.3769
105.9692
106.6555
106.4483
107.7846
106.9664
105.9529
105.9625
103.6658
104.8977
105.1015
107.8078
105.858
107.8186
106.7627
104.3962
106.5386
103.8253
105.3315
105.6014
105.226
103.2409
105.979
105.3973
104.6499
108.0684
105.5381
103.5279
105.8065
105.7629
103.9975
106.3094
104.504
106.6311
105.0743
104.1944
104.9598
103.9186
104.7264
104.8065
106.1544
106.4065
104.6617
105.1139
103.9613
105.8531
106.9607
105.3802
104.9133
104.5044
108.6353
105.9143
104.5262
107.2698
103.7137
103.3729
104.5469
102.5554
104.9702
105.1998
106.8184
104.7811
105.1469
104.6213
105.1317
105.6491
106.2519
105.6546
106.4538
107.3104
106.6668
105.2953
107.0934
107.7071
104.4431
105.4636
103.9675
105.3794
103.0403
106.8438
104.128
105.0574
106.6993
104.6544
107.5134
105.4526
