131.6536
144.4107
611.171
191.3198
249.3561
260.3334
341.5395
284.1906
211.3289
186.9859
1016.634
144.6787
226.5407
733.5161
150.7684
576.4717
338.2591
277.5581
230.4734
327.7918
257.2444
415.852
118.0124
291.126
266.7452
198.9102
125.958
282.8372
339.7795
258.2924
262.2723
290.1919
152.8778
214.3187
198.4474
446.4551
271.9361
272.965
627.8666
448.6815
239.0297
151.3856
179.2221
376.8649
468.7238
497.0674
169.2217
126.8615
315.7424
205.907
164.4395
247.8135
271.5411
288.3736
318.8683
267.7047
203.3369
245.1461
386.6494
231.1615
476.398
142.1395
207.828
326.9934
188.9093
267.1758
209.9085
224.83
243.1747
331.0632
228.0168
175.0643
499.3027
963.0059
243.6649
371.5536
123.3978
247.0574
204.3104
121.0743
158.6531
321.8841
545.2947
223.2062
182.1152
382.8552
346.758
289.5744
696.4569
735.0708
139.776
191.0675
909.8331
198.4801
211.9807
120.4968
108.8992
306.194
172.6741
177.3572
329.1023
286.1143
299.5808
552.81
409.8156
1066.65
263.4694
534.4672
155.7961
205.2288
182.2397
168.6905
982.1331
256.7955
383.2085
368.2826
384.3636
249.764
178.1565
205.6761
546.4153
575.7626
344.5774
456.9215
299.3809
350.1422
160.7197
364.353
299.1365
437.7094
298.6375
339.8428
791.6776
254.0308
213.7115
484.5668
292.4922
306.9325
290.0273
501.478
191.4477
226.7355
217.7379
185.1182
141.7438
119.4709
294.9561
1381.802
351.0583
172.6944
211.5683
162.1181
325.6662
250.6983
265.0164
359.2243
449.4444
222.8844
451.0017
273.118
181.1951
105.2208
628.5007
272.6909
159.817
227.5239
862.5932
750.9152
215.4302
253.0952
631.9506
435.4382
453.1023
228.6073
380.909
715.3277
486.2634
151.5645
302.0821
288.4894
365.2029
264.9047
173.6851
524.1701
438.2607
199.8083
155.8443
449.4001
175.1675
558.968
424.9508
489.2095
183.8947
523.0017
683.2974
131.8761
334.5377
241.7447
432.8934
412.896
445.5188
275.2083
249.2108
301.0013
467.6685
194.2946
358.8206
1131.482
284.4478
315.7602
172.3251
377.871
536.0046
320.878
427.6267
133.3498
211.2145
430.8061
262.4221
90.86297
212.0777
961.5798
514.5099
161.7038
347.1984
354.2097
397.8096
552.3306
289.8817
348.2107
543.8779
291.3041
269.042
301.7538
291.5291
304.8045
503.6217
749.3697
314.0001
150.4503
113.2305
339.2669
354.2346
248.3099
418.2185
235.8289
231.5305
217.6268
590.9566
305.7184
582.0978
147.6224
373.3524
396.3011
349.41
437.4103
368.5717
198.861
617.6836
177.8863
244.4048
469.8659
217.6581
139.0146
100.5592
248.5874
313.3056
186.9844
285.2389
470.4902
641.3593
329.8702
257.1268
347.5245
367.2556
1221.835
352.3487
672.6611
755.5426
294.5165
272.8145
265.6168
257.5205
283.1382
315.4616
889.5275
359.7574
169.7056
1039.192
873.8549
708.4915
228.7653
432.9626
241.0619
391.9904
291.528
677.6181
244.7833
135.465
138.7053
219.9187
794.2065
681.4726
530.2007
171.7759
199.6774
321.8863
110.7651
169.091
206.8027
262.0711
195.6266
357.1322
211.4567
516.3503
309.7544
257.7816
262.1212
346.385
289.0454
160.612
360.4383
224.8221
375.4982
1548.969
415.5896
311.9551
208.801
204.8919
246.8715
475.0193
416.9036
204.12
132.9903
156.1962
280.9864
410.3078
230.1183
262.3745
271.3999
249.3374
270.5599
279.2208
443.5176
544.9752
839.2275
328.354
321.1812
278.5046
78.99552
377.3347
218.8992
256.1666
330.9398
186.2861
254.1776
342.98
216.1613
327.522
389.4876
753.7854
345.2694
336.2567
119.1026
458.7717
211.6134
373.4993
124.7078
241.7803
481.1174
334.3618
568.1129
228.5062
489.9299
147.415
237.5295
250.6336
237.3233
576.875
252.6418
245.0937
298.5087
149.1119
292.27
261.3047
233.2062
313.9959
490.1043
211.6016
291.151
289.2614
217.9991
324.878
294.4429
490.2592
385.7413
473.5386
675.0243
579.8445
310.9592
150.8744
607.0575
114.8086
243.7157
237.9796
523.6458
361.4563
542.2934
398.2181
408.3433
341.7419
198.4891
330.442
324.155
798.3709
441.2715
309.3946
592.4653
235.3562
191.317
233.0565
264.1766
682.8445
329.7531
810.6286
229.0385
277.6604
165.5696
363.584
994.8016
210.5176
204.0438
329.3451
594.2792
681.4363
391.1921
346.4124
214.3771
227.1467
350.3609
182.69
207.0318
364.6017
305.9442
310.8457
550.7339
1340.04
432.366
411.5044
402.2273
291.9083
243.5438
353.6527
416.2298
525.6399
225.9594
852.1757
323.3908
379.7944
514.7933
416.7012
574.4465
681.6642
4214.657
444.2714
445.7445
190.8037
335.5945
1023.329
339.8183
642.6403
398.9028
1401.651
257.8464
391.0298
925.4766
362.9968
552.185
203.5223
237.7418
423.8267
174.7041
204.7201
474.171
339.3042
409.3761
335.9384
66.11372
1028.182
303.5596
266.179
429.212
498.1753
907.167
195.5515
290.0887
209.7395
151.8868
207.9774
227.2166
