316.9243
305.014
316.6161
253.1366
214.0251
183.0893
152.8783
93.21768
86.21887
74.7039
75.81755
85.22919
70.41738
78.23621
73.95415
81.99716
83.13395
86.23503
81.02793
87.82231
85.31537
74.57248
80.5271
78.20931
76.98599
76.81675
87.99966
78.23425
92.66649
77.24605
76.98701
74.82603
68.93591
79.08167
82.50745
71.93434
72.2712
81.36603
86.28694
86.94277
75.67024
76.21719
78.06443
78.4113
74.29569
84.60581
83.65381
84.92209
83.77319
85.45973
79.46673
83.48499
79.02886
77.28613
89.82924
79.86454
80.96034
86.70982
76.66653
74.93995
85.23109
74.11928
75.27592
75.08632
72.17712
84.58048
89.41164
83.43252
94.17008
88.32797
83.45364
90.52599
77.80233
79.24321
77.93552
80.73286
79.02801
82.83988
72.85913
80.03444
80.46452
77.28159
92.2251
78.45666
86.30165
76.87942
71.03607
72.20457
76.10894
88.65648
75.27167
74.98172
85.32218
75.3159
82.12442
88.75483
76.77185
84.26681
77.92285
80.33434
90.27044
68.72338
74.20521
79.47756
74.27527
79.10768
78.99098
80.36896
79.31757
85.30701
72.87028
75.90892
77.38101
77.17961
83.81945
78.43667
88.77187
82.04028
78.06246
89.61157
78.35528
90.19098
85.15327
76.16853
80.30115
85.64593
73.85346
73.30926
82.42093
84.03317
68.4891
81.51842
79.36873
77.6226
74.56775
82.8267
89.51358
81.45507
77.95495
72.92553
77.44184
85.26074
82.695
77.94366
87.50723
86.75278
74.46037
92.73073
75.65572
75.13005
83.44809
78.67085
77.87749
76.01807
74.20652
74.24604
74.77804
79.45135
79.37192
74.38296
91.47422
76.39117
82.02025
73.76408
76.64668
83.38777
85.80842
77.27527
77.9001
83.67084
75.87801
87.46853
83.29307
81.68629
78.91246
96.20302
78.04007
77.09083
74.45997
76.9265
69.18229
75.88338
75.01519
84.25723
81.31345
80.42003
94.1028
81.61257
82.82453
70.24453
76.45875
80.78455
85.7829
71.63138
85.98441
83.75926
81.00324
70.09706
69.61042
79.36447
77.35385
71.39349
79.35608
80.25783
89.01576
77.23317
80.63903
88.54056
69.81616
77.13183
76.67828
72.35854
77.06419
82.63092
89.30155
88.63268
78.07029
87.92439
81.88152
75.05452
80.21012
80.49811
86.86778
70.72632
88.38005
80.46155
72.23416
86.51255
75.10643
75.44703
80.82252
82.94056
90.84392
77.75808
90.60303
73.02368
92.18927
82.1156
77.8119
76.36334
88.3122
99.01246
85.13322
72.0835
75.08003
82.59745
82.30855
82.95314
84.71765
91.92579
85.36092
86.0501
77.90991
75.03182
73.82543
81.99281
74.68123
79.65477
81.02961
75.9489
80.72494
94.34752
88.55832
85.03067
79.29443
77.14106
79.54989
77.55783
73.7942
84.57265
79.23094
84.40129
94.20095
78.92062
75.61781
91.11989
77.59245
75.63628
83.05192
86.41718
79.79037
84.16094
79.95095
75.167
74.81716
77.12534
78.87849
71.59862
78.48236
78.40319
74.51767
80.40748
78.39805
78.56815
76.62722
80.12453
76.94224
72.92216
75.48706
73.07063
82.94797
76.72689
76.73068
84.46678
91.8766
91.19909
92.96203
81.47506
79.17365
81.36378
83.78203
84.16813
82.67707
78.4977
82.09922
81.51578
81.84358
85.01733
75.32873
79.96114
86.86935
76.41949
79.68201
75.77066
75.65547
81.77908
90.791
80.49268
85.29865
81.87175
91.37612
85.91052
87.47548
80.60208
76.14279
81.89278
78.82753
79.71766
73.68826
85.27463
85.75034
77.82281
76.3507
84.01032
82.86696
82.76611
72.382
78.59422
77.06001
78.44098
91.28225
90.70312
82.44859
82.85359
87.92518
81.87434
91.95831
74.1858
79.90588
77.03764
83.59015
80.9135
78.31123
76.10138
88.97815
85.8187
86.41519
78.46437
73.60085
80.33059
83.57967
76.61765
83.63346
83.78139
76.48638
74.31084
80.32336
77.19507
74.7778
84.23152
87.38894
77.44388
87.91279
74.8537
85.77741
76.37624
80.51037
82.00889
79.92802
73.90484
82.91154
90.61845
78.69363
79.16993
87.8447
85.49686
81.4004
80.62612
72.51406
78.06659
78.91425
74.12452
87.26368
80.8277
92.17303
86.81216
81.56215
84.34098
73.42786
83.81757
77.07138
93.15059
75.82613
85.68022
86.64368
83.19436
78.97498
76.21152
87.28573
90.65835
84.63094
80.36074
76.59692
82.09888
84.56794
82.93666
80.5778
81.8781
78.19391
84.20546
74.58903
78.19398
83.02391
85.55178
88.7324
80.46626
81.37436
82.82871
79.73193
76.9178
75.57243
88.87969
81.62566
75.6863
79.51435
81.92825
84.90102
78.01971
76.45639
74.95503
79.12012
77.0476
86.42674
86.36301
84.80768
74.69917
74.82557
80.5925
78.87515
84.53385
74.53162
81.39504
80.85506
86.12217
76.55873
81.40293
77.64979
74.55503
84.83604
72.49242
70.9585
80.81202
78.75379
75.05253
90.15092
89.11557
87.29529
88.05103
78.63179
83.58584
86.22364
82.03304
69.58179
82.01771
74.82519
78.13784
77.26938
75.26057
80.87928
73.73612
75.01258
80.56092
81.90113
82.31754
85.17619
72.99383
83.39437
71.84066
71.8951
76.23169
