19.24965
17.30409
25.84409
79.80747
145.5762
421.3818
1240.298
5097.287
18238.71
45148.03
66922.43
62829.75
97942.6
104950.7
75233.04
82627.54
74332.66
100155.8
93378.46
83236.84
85103.55
94338.24
90603.73
50296.19
76179.08
98783.33
93457.44
92844.17
77184.63
97040.29
84160.37
82368.34
73775.31
99700.01
85595.11
69825.84
98984.12
86212.73
106026.1
82920.23
76693.45
68984.88
90817.95
88476.26
95289.65
68047.62
71295.44
81291.9
80391.53
75742.12
77133.01
93425.89
80067.61
95070.05
104607
80299.42
97233.41
81630.54
95569.97
81259.62
101545
80766.22
84042.98
95804.75
90996.79
93504.17
96024.36
79891.53
96277.59
96308.39
72353.47
92618.14
75504.11
60095.28
78629.28
94047.73
79354.68
74233.31
75720.21
83038.72
101855.2
78685.29
89695.77
110984.6
83598.2
88994.65
83417.4
91651.91
89182.17
71300.25
87871.87
105300
72803.38
82505.3
72453.84
69203.88
98271.31
89779.74
85615.27
101220.1
106008
61035.47
90199.95
106301.8
94588.34
70568.64
79187.95
93094.45
89393.68
93532.71
89169.94
74646.65
75443.39
97648.5
108297.5
68837.06
86877.65
69277.12
84465.53
71572.08
75291.76
76457.1
86989.18
78272.46
83738.43
69939.72
75337.23
70271.31
69153.58
84266.74
82172.16
75225.11
95322.44
96376.53
62354.47
96686.56
77400.84
80650.29
70719.78
72431.47
90245.76
79400.63
101634
81606.98
84248.91
79040.53
105649.9
72383.75
83719.03
92105.41
80525.77
69308.57
92401.88
101417.8
72208.41
83838.08
92205.26
78697.51
80415.95
84774.77
94309.27
73331.97
96392.25
76006.32
65954.03
79208.04
67438.71
80148.43
62955.77
77803.37
63712.24
75272.97
95817.82
62513.46
75859.28
99383.6
75333.11
75820.94
86251.88
104213
105042.3
98140.48
95995.61
114928.3
91236.69
78664.41
93487.96
89718.85
79789.45
97853.57
78914.81
64291.65
63022.89
81845.62
84967.34
69618.09
82320.37
77112.27
80651.57
74424.59
112407.3
79188.66
66259.87
73145.33
63212.29
80793.26
61964.46
80272.08
71546.29
89032.66
88965.05
82478.38
68699.45
82855.89
101675.9
93234.08
103130.5
99739.71
90629.73
94925.06
90148.51
78295.89
70617.31
84549.53
79050.74
83863.18
79614.71
108364.7
112254.5
88292.69
89679.78
98572.93
112061.4
98788.1
73772.19
101937.5
88422.75
94855.99
86303.76
92501.74
83387.65
68566.31
88396.98
87585.91
77318.21
80000.91
70366.83
90395.19
85533.11
66715.82
97280.97
82955.28
90418.78
102244.4
82514.48
86916.22
87716.22
84346.72
76821.8
87605.22
62806.35
56086.14
83017.92
77452.46
78789.59
81248.4
94031.89
98883.38
70676.46
70285.59
97022.48
80577.56
100133
96066.96
87970.95
87964.48
87288.25
89498.31
91747.91
93138.76
99859.27
86537.37
106257.3
98451.57
59808.91
84087.42
90181.52
61025.35
73166.68
90037.34
81242.03
94138.83
102884.7
78436.04
99236.1
118999.5
112452.1
86034.5
97057.33
109856.1
86663.19
69017.09
76965.27
109974.1
83755.22
103219.8
85632.18
79698.82
60446.48
65936.17
76384.16
97940.2
97554.04
71235.01
79992.28
66400.22
74957.47
70155.2
83940.97
92380.09
59838.5
75256.37
78859.06
86532.2
82118.97
77170.36
115581
75646.72
84204.11
77661.01
115058.4
93307.27
93868.52
62910.56
59891.16
67099.57
86534.51
81894.21
70272.19
91637.84
86895.24
75312.71
69128
68903.89
77416.11
79110.49
81394.52
92452.19
65330.46
97479.42
104925.4
66425.64
65729.89
75146.99
109040.4
86198.44
111775.7
93890.33
115742.1
68289.71
96935.06
82884.63
74430.34
70238.32
66452.77
59397.4
88733.36
58312.83
72089.38
58106.47
67391.25
80530.48
98276.07
80128.14
77378.73
98595.16
75503.09
67654.92
86681.23
88911.57
92346.16
79854.88
95864.4
90535.31
82625.11
87778.09
86673.5
84580.73
92461.44
84794.2
65643.92
96987.61
95939.96
100375.7
96179.06
74006.83
77956.01
97109.11
90060.27
87547.13
74353.64
91092.08
83193.68
79640.82
91385.94
103625.4
91525.76
105240.9
71923.36
91547.56
84245.64
67253.15
70173.46
85404.8
94016.15
74704.28
82499.79
98170.83
70715.31
80918.75
75345.61
77351.5
107055.4
73438.07
99253.99
65308.23
82729.67
87997.57
80601.2
88653.96
77675.47
73929.05
81172.89
96533.69
80181.93
89222.02
72560.36
71620.35
92244.76
78921.96
94478.19
97597.36
93590.69
93037.67
82722.62
95154.66
80269.24
111161.3
98422.58
89106.24
78548.93
77103.68
89850.45
93252.97
103704.9
109327.8
77399.51
85412.8
93649.33
100600.3
100258.5
88411.97
78831.28
79183.58
71789.99
77009.11
70492.94
83571.42
69120.17
71918.93
85197.89
99539.49
80399.26
103239.7
56073.87
79280.23
66542.3
103952.6
92295.73
74840.49
105625.9
81438.44
85050.37
89797.04
80895.83
80270.81
99170.08
81635.89
72065.09
72945.05
90172.67
66601.04
48921.71
84962.49
63216.36
89151.74
90758.56
80117.57
105294.4
76998.99
