161.2904
402.4632
152.6502
159.869
470.2374
267.8444
188.5301
244.8743
97.97463
240.7954
164.7351
88.71318
352.8374
329.6326
283.2405
135.321
134.5283
122.6664
266.8884
200.3486
115.8033
356.8409
302.8261
217.2356
196.5397
156.6529
401.1351
218.2669
330.8501
97.12122
452.1972
326.7392
245.3656
341.8377
212.929
142.6418
266.6617
119.6915
205.6113
512.5926
222.8794
197.7816
142.2518
172.069
200.9192
130.8902
266.712
358.4297
204.7796
149.1201
193.5745
152.2262
200.1246
194.7585
500.5366
1066.382
308.2474
290.2117
250.5406
260.855
329.6709
196.4356
183.0472
334.5905
158.9524
134.5464
305.6886
246.1252
197.4228
353.7085
386.2724
504.3709
242.5904
177.7652
112.5095
310.1959
177.6124
569.8148
222.7919
204.3494
182.3827
128.1699
185.6315
281.3208
260.6077
933.6965
254.5805
145.8637
740.0013
191.7977
185.5799
318.2576
461.014
544.689
338.0559
214.4175
312.4369
180.2732
455.5773
209.7571
413.1901
643.1917
270.8407
588.2514
92.88021
170.4785
560.3524
237.4775
261.8123
272.8153
175.895
327.856
112.8828
276.9915
169.756
186.7621
634.5981
204.7232
144.0252
346.188
201.8562
215.8824
223.7701
274.7677
178.5397
584.5335
303.3094
298.1463
224.5761
170.9082
356.7591
332.2154
551.1756
263.0793
336.6037
110.4365
137.5697
468.012
220.6738
342.1361
70.62959
244.2411
380.581
257.4175
303.774
269.9223
380.6504
160.5232
121.4371
187.8449
216.0293
101.0679
217.8953
315.1376
170.8327
281.9483
253.7504
382.2675
674.7765
247.0079
83.38511
186.3963
284.238
329.8686
282.2076
368.7162
109.4648
552.9773
313.9928
152.2378
708.9477
236.8868
303.8484
172.5684
326.8809
117.0746
161.1078
300.7203
96.82669
230.8527
669.3082
237.7218
502.5167
342.2243
267.0131
356.769
340.0767
200.9444
200.7643
267.7279
295.1555
362.0716
713.9085
188.9663
338.7864
155.4271
302.6145
226.9741
309.4665
266.8224
235.255
224.4743
210.4593
225.8256
470.8957
341.1252
746.3141
296.9005
348.0459
386.2289
307.0149
278.0863
157.2028
630.1288
198.479
266.166
266.0145
440.2433
495.1397
331.4087
163.3514
522.1802
130.016
252.1866
277.6828
369.2055
156.119
123.3074
139.2852
240.2568
404.9345
317.1998
158.8314
176.2274
196.5226
207.7816
196.2315
182.6484
274.4454
192.4339
412.8716
141.8191
201.5326
372.3799
295.4285
317.4077
295.3148
201.7551
288.2997
320.7365
285.4781
647.1605
216.8009
177.7342
190.7703
431.9473
244.2392
205.1559
882.4041
214.6185
901.6225
203.6764
119.4961
209.2781
183.0391
250.1202
271.4967
388.4799
210.2372
191.7134
219.1797
485.5153
590.6476
647.5306
423.8714
241.8873
262.3512
189.8025
285.926
114.0144
197.6625
186.2151
572.9445
187.2298
380.5208
249.845
94.29507
232.9824
218.0873
403.1428
193.2229
247.5218
180.7324
183.718
259.8877
222.0695
206.4869
162.8108
458.8533
189.89
183.8404
564.2245
410.4333
191.2846
215.1885
220.7964
805.3768
168.39
209.3444
251.1711
237.0398
682.5167
224.3278
420.9586
810.9738
252.3365
517.2553
268.3743
273.5504
512.7317
210.0296
278.5166
269.401
214.5695
873.4402
335.0521
474.9906
235.8019
231.4961
575.8245
196.7955
355.8764
213.7774
230.1353
398.9063
679.8283
362.8319
267.6949
212.6145
186.9711
506.5076
160.2351
392.6251
151.7044
113.0658
639.3907
244.1838
332.8117
207.3678
307.4544
249.8524
237.1691
654.7273
191.5364
536.3472
620.8403
380.8459
359.9423
207.0294
724.3265
718.8054
686.3113
310.8149
270.8611
390.6049
270.143
389.8994
997.2519
244.1955
228.0202
158.1936
731.9778
92.92584
422.7631
906.5858
530.821
195.7377
443.4069
394.3742
339.0676
335.0474
401.9645
694.5071
230.7129
313.5795
225.6725
578.5665
561.8474
254.7206
321.5935
426.3444
353.913
411.4214
252.0966
369.6941
398.6299
468.6279
221.344
401.2089
667.5829
251.8128
470.2409
651.9065
325.3652
222.8889
330.3713
193.6904
147.763
254.5431
240.4826
519.1404
599.3384
158.2009
2070.794
1289.122
110.1754
199.3841
754.7756
788.6543
242.1251
152.8006
187.7675
339.9773
575.7462
549.8448
274.2378
365.1504
424.5981
256.6907
308.8911
373.7333
657.2467
255.6685
549.6812
399.3427
741.9013
187.2256
438.4905
455.7919
510.8796
312.6892
201.5966
1032.084
660.5115
185.8851
372.1778
340.9423
402.0986
430.1766
297.0091
369.6489
323.7556
202.5356
335.4144
267.1157
349.0004
392.5218
353.8603
167.4222
453.0405
257.258
425.2793
1140.633
755.2957
537.391
743.8997
156.8291
230.4088
273.9144
292.2946
191.2847
519.0648
149.1124
165.1807
272.9698
537.9494
532.2454
246.6508
173.211
260.1519
228.8793
289.6097
405.2293
213.8068
402.7411
141.0998
186.7658
1154.826
403.0338
508.1346
663.4906
709.8052
179.388
339.7518
587.8706
177.9888
169.9301
345.0685
1263.631
294.3571
