266.6265
135.0373
202.7936
136.4739
151.1247
260.4935
195.572
164.3076
175.06
168.9606
186.5697
197.221
291.2166
692.5151
168.4298
178.6249
629.4179
225.2345
538.172
149.8157
1057.865
243.1462
268.0158
239.881
231.8747
185.6115
379.4674
184.2632
210.6051
353.1843
311.073
177.9448
181.521
715.1916
257.698
362.8043
293.1276
395.6545
228.7942
900.3707
418.0775
387.633
227.1968
256.1912
699.2359
350.3243
163.7013
207.8913
173.2346
686.7252
359.8254
352.4806
317.4952
292.9529
142.0496
202.6864
270.2216
244.5391
222.4185
409.2283
383.6931
534.9276
267.3289
210.1857
525.6109
1024.741
405.1782
242.994
285.8142
230.0923
329.8569
261.4688
291.9816
607.6177
508.6108
322.058
274.585
286.1296
554.411
328.3919
488.5727
239.1709
408.2296
399.1408
271.3345
293.1983
555.7236
426.5541
372.433
440.613
433.6506
765.5828
675.8215
148.6841
190.8782
520.9516
174.2581
257.2029
294.8238
273.4256
221.5641
132.0694
880.4509
167.9088
317.899
358.8334
482.4445
184.7066
219.9357
519.5482
393.8511
406.2066
304.6104
409.0973
517.4001
459.3231
244.3404
436.3201
341.4406
410.1725
225.0032
321.481
342.0265
118.9287
309.053
276.0934
505.0834
119.1567
519.8957
169.0503
405.1607
166.0036
452.5155
165.4985
198.6415
324.6141
387.4565
291.8266
215.1995
574.9292
513.0987
228.018
174.699
333.4359
221.1674
419.1825
147.5266
264.3601
247.3155
162.6458
125.6857
222.052
187.9834
368.2333
267.3353
486.1511
573.2963
199.3973
301.1124
281.3962
152.4486
355.2644
707.559
148.0663
171.4103
211.9435
277.9479
303.1354
447.6728
273.5094
342.0393
296.3897
238.0257
190.2662
108.7748
797.9269
184.0196
307.285
468.8101
343.6363
185.3363
1460.566
155.7748
173.4905
310.4342
337.6119
278.9652
279.6436
566.4935
537.9646
461.8168
514.9365
300.2039
526.6983
188.2744
175.8367
303.3685
146.0037
212.3121
151.7965
264.6992
384.445
219.818
184.7048
189.1584
313.8976
81.40788
150.201
199.1549
377.7571
289.6785
735.391
342.8092
1546.779
203.6046
185.5568
277.1913
174.495
249.5383
191.0114
664.1175
227.2414
279.9776
302.9034
557.4158
250.3034
368.433
390.1009
275.665
203.585
831.3339
256.7846
1082.369
353.8002
210.8216
248.1783
558.1638
190.8875
272.9757
423.2045
199.1905
303.6577
211.1058
268.2356
279.9931
229.2568
263.4499
120.7179
268.1235
341.2569
431.0977
398.6335
187.0511
425.7178
222.3747
429.7707
221.6492
146.1875
195.4847
756.5576
208.2644
427.2521
160.01
368.2412
257.9036
349.3918
320.4292
406.6828
152.5534
681.8704
354.1033
796.2524
357.2056
198.8394
159.8617
361.0034
315.5327
261.9824
252.3024
249.1285
249.5717
447.2852
346.5936
269.9794
325.0997
253.5014
359.9657
470.5396
180.6397
383.5679
164.7302
254.5141
306.3048
330.3875
199.4252
405.5369
192.9482
194.0474
388.3103
262.2865
271.3322
826.5113
484.7694
185.2115
247.5002
312.3188
182.1905
385.6566
224.5559
337.0086
334.2311
428.0013
173.7728
234.5465
240.0168
101.1394
468.8212
298.8943
272.5022
718.2826
320.9634
277.2144
165.6741
332.1638
196.9208
193.382
200.563
124.7149
485.4271
169.2141
418.2289
177.0884
218.2017
185.1456
231.6117
247.5006
206.6007
221.0655
223.3743
356.0665
145.3591
423.8649
486.4582
150.3982
445.4269
345.3192
179.8005
192.4174
334.9
623.5319
195.2278
233.901
448.4809
259.66
151.2114
216.6001
256.4802
242.6542
133.9491
169.1413
218.6623
217.1608
139.9041
323.7276
314.1015
228.863
176.7341
206.3002
152.5069
122.1989
124.4055
198.4047
132.7636
320.6068
220.1377
110.2528
229.1661
138.5934
124.3268
188.5221
219.4592
160.1877
343.6293
419.1184
369.3005
528.5674
205.3517
249.6456
243.6383
254.5372
738.4162
308.1406
344.7314
494.9523
185.2279
791.1104
119.0934
493.4245
607.5274
112.737
427.3746
479.4481
413.3429
2388.812
187.3972
363.0264
212.9287
274.1355
246.8144
375.3746
867.1491
262.0503
158.9086
314.0738
262.8493
650.7439
404.7074
251.8816
332.2527
215.044
247.7067
357.3492
275.1361
926.1079
121.0991
605.0157
219.2299
432.4201
137.3533
193.0672
391.1624
408.4463
159.5826
260.737
333.5688
345.8653
304.1168
209.4026
443.1755
185.6514
154.5249
250.373
476.3864
532.5167
173.8907
344.1245
115.105
109.6557
412.1966
307.4452
358.1328
219.0312
928.1856
509.9895
265.6173
317.4565
207.4168
346.6189
239.5685
194.2311
152.822
317.9796
238.7569
253.4496
177.5301
276.3188
217.0287
204.3765
350.126
165.872
145.4333
181.8149
233.9276
174.5132
287.2819
296.6795
251.3269
257.6659
104.8868
430.6175
697.793
581.8688
129.1666
457.0121
443.3408
332.3903
187.6036
316.4923
1435.192
528.2848
300.0954
299.9267
360.3672
203.1665
204.5198
572.1573
424.3524
394.8871
194.7634
215.995
