83.10956
152.6827
188.6629
1416.523
16499.79
18706.87
17500.55
17483.38
19742.59
18979.39
19004.05
25600.44
19967.46
16849.5
16550.42
19119.19
19070.81
18591.11
16679.26
17231
18361.89
17415.39
19230.24
17150.88
16622.1
19092.69
19302.16
17203.38
16642.06
18567.65
20166.11
17484.34
17484.14
18813.49
19511.92
18375.64
20082.21
17249.97
17483.31
19263.22
19400.27
22105.78
16538.28
16162.94
17659.79
17830.04
18908.28
18505.21
20539.6
18273.99
18881.64
20858.44
20402.49
19249.7
24027.76
17482.91
19083.63
19845.37
17056.07
16739.09
18080.18
19612.36
19969.21
18646.69
20551.46
15783.26
21757.86
19468.88
20883.44
21491.96
20314.79
19956.01
18995.95
21556.2
18770.61
19259.67
14967.33
18030.71
18301.2
18074.8
18054.83
21079.08
24673.66
17609.36
16688.2
20363.95
17859.38
20181.4
16905.98
16287.34
15234.64
18242.01
18716.69
18279.79
19965.2
20653.41
20166.77
18502.71
22382.02
16080.52
20406.06
15660.24
19772.63
16493.12
19262.46
17412.69
17409.63
15722.05
19296.4
22750.56
18611.96
20087.65
20390.96
19533.72
20014.99
18592.93
19734.26
19972.56
20510.49
19699.37
19829.18
19806.97
19639.45
18323.89
17888.76
19125.5
20733.94
17768.9
17762.66
18910.44
20524.23
16469.25
16955.79
17983.87
16724.84
16937.85
17407.93
16288.76
20243.53
20060.49
17856.12
21307.76
20072.45
18781.76
16823.48
20648.82
21329.67
17904.68
17613.37
19025.71
16534.15
17872.69
18693.23
18415.15
17052.5
18846.08
16132.54
17348.26
18477.38
18139.89
18918.3
19310.83
18674.62
19099.07
21290.81
19391.59
19696.73
18814.08
18904.54
18707.39
17081.41
17435.2
18329.51
16268.98
18270.06
18973.09
16064.84
18740.76
18437.2
19290.4
16205.96
16778.22
17156.8
18354.79
19405.76
17106.37
17777.29
16787.06
17514.95
16389.13
19488.37
21603.75
19263.63
17121.62
20052.79
17809.11
17479.81
17107.14
20011.02
16464.25
18953.26
19870.43
19441.84
15132.34
15075.37
18800.96
17564.87
19352.13
18809.79
20913.56
19708.94
20423.48
20000.47
18520.41
17682.93
17724.61
20151.9
20983.33
19108.81
19076.65
18635.3
20535.9
18559.29
18080.72
16776.23
18327
24853.61
18578.9
17540.55
18610.24
16087.48
18595.76
20487.33
19635.01
20073
16701.29
18798.35
18832.12
19884.81
19857.56
20185.7
16580.03
18959.85
19452.79
16865.01
18726.67
21534.52
17676.98
20337.87
18997.01
21714.57
18626.3
19364.24
17886.04
17663.25
22833.39
18248.09
16127.92
19349.86
23938.52
17125.65
19043.95
20337.01
16349.78
20629.72
17259.28
19417.38
19343.49
20978.35
19813.2
18534.34
16771.17
17685.47
16029.02
17767.88
18133.34
15831.13
18119.72
20443.87
17098.51
18677.91
18026.68
18883.25
17246.82
16812.59
16770.59
19190.59
17708.89
18625.62
21212.59
18083.31
16136.51
20507.46
19630.11
20661.74
19374.78
17946.53
18835.25
19190.92
17592.46
19828.71
16568.5
19111.79
18695.09
19062.49
15415.17
17323.27
17626.64
15302.83
18937.97
17086.14
20256.92
15979.72
17582.5
16008.32
19320.77
20803.36
20289.15
18695.75
19090.87
21170.16
22691.29
18097.74
19020.93
16996.89
19491.71
18827.92
17074.43
19693.43
17038.01
19642.06
18837.11
19041.6
15421.76
22633.29
19649.37
16858.97
20691.98
20339.66
17223.25
17110.78
17364.24
16466.47
19998.08
17753.64
16838.61
18045.74
20248.02
16906.18
20768.09
16918.71
20242.17
18500.06
16698.23
18541.46
20938.93
20715.9
19354.05
19038.24
18067.34
19741.1
19201.96
17850.11
21897.57
17916.12
18235.36
18895.65
18273.64
17905.72
17064.59
19292.17
19621.94
19754.24
18558.55
18289.93
17933.6
19389.73
21749.59
18590.01
19431.17
16767.19
16765.17
20231.05
19543.45
18614.28
18669.59
18068.58
20265.37
19484.89
18187.64
21010.47
19582.12
19811.81
18769.33
17752.55
21242.2
19851.8
17950.02
19755.52
19130.32
18844.61
16060.71
17205.61
20258.46
15257.01
18507.43
16449
19372.01
19805.69
19783.87
16472.27
17468.23
19017.21
17329.88
16188.65
21772.91
17966.45
18367.47
19349.66
16954.81
16794.28
16985.12
19841.59
17050.27
17046.31
19472.52
17577.24
20687.6
18639.11
18529.45
19535.13
19992.64
16231.78
21594.22
19139.31
17904.44
18354.96
19010.31
20498.8
15521.17
17236.01
18848.29
19278.35
18714.62
19531.12
20633.32
18242.1
18648.83
18318.15
14723.12
18894
18014.2
18015.48
21248.87
19286.96
17563.25
15686.45
17324.43
17754.07
18174.99
17923.22
19053.95
21010.87
18612
20147.43
14022.54
21776.86
17378.7
17499.93
19061.94
18066.57
20006.88
17679.14
20462.23
17040.98
18315.57
19638.82
17746.27
16428.11
19029.74
19402.79
18428.13
20462.49
19092.11
19736.61
16642.11
16499.62
17471.44
19157.86
18082.61
16041.62
15753.45
19744.07
17768.77
18145.67
19668.97
17940.28
17824.48
19838.95
21814.52
