235.0136
77.97793
372.0855
162.1155
168.2161
380.1361
217.1549
135.8177
294.0855
91.81407
233.1487
269.0817
188.1144
374.2161
130.245
185.4949
154.7121
206.2828
108.2694
96.35164
244.8817
230.5945
278.4713
148.8341
356.5559
176.2815
200.6086
110.0648
545.0464
397.1089
283.4804
435.5602
258.3629
260.1909
158.9051
470.7434
263.3387
237.1451
183.8891
110.4002
125.8353
172.1831
260.0119
187.5265
150.9988
197.2958
658.0924
155.3696
281.3475
226.562
156.3232
75.84552
136.1572
104.7919
158.7495
480.3962
74.49162
232.5324
175.246
278.2334
241.7125
195.8182
347.1917
382.6079
124.7217
124.0209
455.3029
429.5683
336.9986
144.4718
184.7578
120.164
101.5817
291.516
849.2609
232.4565
94.25596
61.84408
267.704
132.8831
184.4764
163.7771
114.8165
108.6168
144.9832
254.9899
102.3527
306.0699
333.8997
103.4866
796.8279
202.1727
650.8773
162.8982
240.5743
213.3847
259.9963
127.8719
380.5181
73.72455
368.0633
716.1701
250.0129
115.8539
423.9618
155.1326
297.0611
242.0301
146.6151
387.6277
453.1824
156.4591
304.1087
461.6074
361.7516
242.4326
350.525
190.8221
279.8869
264.8735
355.8132
184.2433
240.8357
191.914
312.9097
175.2315
176.906
432.098
140.6098
229.8072
292.1744
161.1944
131.1819
214.6035
190.4767
125.1523
325.7059
417.5648
465.765
356.2258
237.5896
71.6572
262.7654
332.5791
314.3155
201.9645
558.6303
676.5815
111.3079
263.116
300.0068
260.5743
191.9986
381.6381
210.6929
386.0029
311.8947
270.633
476.7991
263.5907
829.5199
1444.301
195.9525
184.79
226.0571
150.2663
162.3381
104.4553
374.8352
302.536
507.2004
500.2628
347.2609
324.1778
302.3999
85.25011
145.231
244.2441
262.352
165.162
983.7496
206.379
437.626
218.8692
338.0245
333.3348
155.1275
230.3409
250.3245
732.8095
238.3056
238.0122
905.082
317.1654
291.1678
200.4124
184.5064
366.6789
245.8982
361.4175
340.0601
180.0112
335.0747
388.8878
248.3413
327.8728
223.6008
274.2325
672.1129
375.4204
274.4111
327.0819
901.8697
284.0203
219.7538
226.4721
271.0037
435.9106
1209.688
1981.421
320.756
126.993
211.4817
135.2158
523.8968
393.3464
482.545
376.7813
263.9616
214.0686
357.8533
144.0386
510.1562
707.2626
125.7506
304.8118
218.7168
533.0299
613.0475
166.8889
202.2934
243.1772
137.4701
157.4406
231.3298
331.0956
246.524
157.5229
190.5966
183.2277
381.0717
173.7778
226.5878
207.7794
157.7433
164.9648
297.9428
172.0668
683.9751
166.6604
192.0497
296.5218
221.8206
343.9673
369.8037
166.9164
453.5138
187.4678
258.8956
123.6829
107.2285
158.7896
696.2206
202.5892
178.6927
420.6424
157.1282
474.3933
175.0166
259.7531
556.6872
332.5089
336.3666
199.6593
305.428
209.226
400.8772
437.859
452.5041
335.1755
662.5476
267.1745
176.0859
321.888
270.4506
630.4722
552.3627
516.6178
210.1102
453.2286
601.1635
375.088
309.8672
345.1019
293.7183
595.0991
507.6932
185.5789
339.892
290.4345
302.1452
302.4407
1267.482
253.9072
396.5328
477.7248
187.5011
254.9702
386.1563
412.0715
557.4155
217.5455
173.0635
340.1585
235.5698
142.9487
106.7523
251.192
271.6145
268.0846
107.3257
167.3273
172.904
193.337
126.4983
329.8785
414.5901
534.979
320.6566
148.6962
228.9293
288.6689
257.6941
272.8854
288.637
185.1262
150.3408
246.3929
231.9615
294.2823
520.509
186.7625
288.8335
199.6468
508.1657
330.1335
161.6388
347.1948
192.0882
491.1427
170.3057
159.7555
464.6908
183.0916
189.7072
160.4667
820.2255
352.469
168.7802
112.8184
187.4837
845.5005
193.4672
357.9457
206.9193
1114.02
319.8427
234.6674
200.4175
359.1897
297.5738
607.8283
216.638
311.7286
175.7305
191.8052
782.6412
305.4715
315.2605
475.8468
618.0245
433.776
456.758
445.5684
841.731
442.3196
344.9844
386.6909
287.0226
573.0132
230.7833
233.5555
190.6123
300.7285
492.3556
301.8124
251.5449
280.6668
377.7953
546.0479
1220.276
212.1196
545.006
401.3311
410.3833
1844.493
327.309
374.6506
726.8085
375.5198
280.1788
195.3757
216.5737
235.964
203.1021
170.8821
230.0678
332.8375
147.0722
553.7161
822.9268
280.4331
290.679
252.0291
380.0777
266.6254
307.7917
176.3424
153.6227
304.6151
148.6751
182.5141
167.4375
149.3845
219.2053
183.8071
356.4814
264.9032
248.6114
210.6066
164.9628
275.4559
135.9901
253.391
798.5331
460.7133
352.2844
190.7821
442.4454
435.5537
163.7118
248.0698
222.2494
168.3394
342.703
357.1932
538.4514
211.3791
680.1117
407.0027
532.2772
200.0677
383.3668
1105.405
232.5643
267.0275
172.7404
817.3409
183.9869
148.3098
202.4986
138.2272
113.2977
157.7159
124.1174
294.7498
260.7892
164.1188
333.8201
190.9725
304.3458
170.8054
353.6914
335.6085
371.1857
589.2974
218.3279
276.3247
266.4107
376.896
