372.678
732.9647
388.7379
600.5803
519.7373
483.341
1132.968
436.8943
3862.082
363.6517
972.0305
1047.338
437.5399
313.8473
596.2747
290.5288
546.1689
659.337
383.4391
410.0865
240.3502
469.6676
424.6887
1202.605
1563.337
756.151
615.2666
472.6954
883.5203
798.6388
1009.31
775.6885
758.5485
743.8898
666.2756
290.195
494.9487
464.5067
381.0406
614.5279
431.0571
719.0877
616.7518
1143.144
411.2564
884.0725
572.1751
604.2806
1239.423
445.3755
1061.268
629.5119
2894.089
1150.03
556.6079
461.1189
813.7278
518.1374
707.2644
432.8414
363.3275
837.5714
734.9396
1097.073
320.2958
844.5155
349.9994
902.8659
366.2247
610.7116
937.1964
519.5893
488.1659
274.1278
239.8342
822.7008
396.1316
361.0574
408.4155
625.4098
280.0184
823.5034
263.0398
385.9662
636.9171
572.9121
857.7244
261.4601
469.9553
624.9217
315.4368
790.7229
319.6689
784.3288
494.0452
430.8504
409.2915
376.0912
1574.935
358.8407
1209.766
456.5629
1404.809
423.3864
271.8085
1342.03
1182.943
537.3354
1742.64
1102.993
596.5899
2183.452
2368.05
1229.708
583.1142
1522.419
817.9457
396.9754
659.6708
564.7246
421.4264
415.8872
1136.696
1011.095
516.3732
2593.128
536.7569
1560.767
982.5988
565.6349
403.1041
455.3352
399.1859
386.9014
1391.362
2770.704
668.5356
258.7608
480.406
356.3065
1366.787
530.9148
3691.26
1078.948
474.9305
901.4687
231.9157
594.563
437.6361
441.0398
1865.543
722.0373
286.0533
380.0976
631.9241
411.4743
1092.25
399.2175
404.5456
833.5153
629.4093
461.5903
923.8664
893.5051
1070.485
265.7286
836.2843
393.9736
750.5217
562.61
680.3906
1089.466
1326.455
1066.17
366.4203
257.409
200.1455
769.9757
506.5934
603.1181
484.2004
394.0918
661.4889
397.6254
936.2264
546.6478
398.4092
281.1535
1487.3
445.3109
541.9463
1225.074
974.1949
1747.969
521.0036
842.5272
597.9067
216.9445
572.9141
256.2995
245.9068
1181.162
768.4894
2598.213
324.1341
871.498
722.8835
946.8484
1146.882
1318.244
766.0977
574.0168
370.5561
462.2206
240.0124
535.1713
442.5558
687.6951
283.7313
993.7723
561.0936
756.5407
273.4414
1140.017
289.3412
346.3568
553.8306
472.1088
505.3292
245.5503
284.6672
368.1702
566.8623
300.1377
344.2342
707.2778
414.736
582.8288
694.4204
379.8964
639.2234
415.6844
312.7082
825.3032
611.9607
304.3783
576.4244
553.4766
1168.784
401.0868
452.7299
352.4417
1017.221
350.6634
737.8252
227.8984
1146.48
761.1833
1378.844
463.8302
228.199
501.9434
294.7448
391.4608
1039.619
613.2312
358.5017
1038.865
305.0746
533.659
426.5526
472.6665
544.2485
377.708
612.8688
835.849
386.7148
436.682
2735.891
310.0976
609.779
1274.327
427.9873
526.0336
771.3046
365.5699
1632.262
297.3369
688.8765
878.3285
435.7996
736.5335
641.5278
465.7776
599.2669
946.3387
435.3435
290.7933
642.9184
778.6878
1481.155
294.0894
866.0038
783.5116
731.0587
837.9531
2926.213
1868.61
337.1165
723.501
1470.105
385.9674
504.0563
556.5424
368.7069
880.0012
574.2362
479.7998
406.9526
303.1144
805.2097
349.5627
694.1512
913.9828
506.1468
2791.011
502.1996
379.6746
936.3921
372.2889
1820.933
274.8338
2888.387
503.0074
368.0438
1672.832
419.5768
729.0019
903.4593
420.6779
601.7437
2418.793
328.8552
267.1827
374.8972
748.5503
442.1075
1203.637
883.8097
897.3876
751.6089
837.0288
564.3817
608.0635
334.5285
361.1768
177.5147
375.3214
557.7374
924.3136
825.7572
488.4917
1674.373
1325.359
496.505
936.3439
402.0013
264.1324
508.5283
699.4274
488.8682
374.2774
414.7638
1075.228
742.1989
1492.871
1284.56
338.4026
668.2841
466.4366
727.0135
341.6144
1187.563
793.6403
229.4075
274.2843
499.9636
748.1731
442.5186
466.481
655.6284
412.6982
1169.016
320.47
722.0503
460.0971
2539.595
1223.603
1205.765
344.9378
522.0996
1206.567
834.7059
842.7094
1398.01
549.3018
369.2431
1188.871
445.0097
1512.007
878.8219
866.0038
288.8028
429.6494
1192.383
914.6714
513.481
494.7543
690.667
1179.176
653.1911
736.0953
360.7432
2155.3
995.0779
1162.832
861.7715
236.8874
461.7968
595.3325
291.9429
332.7822
720.6188
1102.375
1030.081
366.0892
964.2945
577.0423
304.628
724.5352
399.8248
382.2782
847.4667
1211.54
388.5427
674.2367
484.8105
683.9392
452.3273
907.6074
460.7944
602.7642
633.7122
1000.652
962.7269
758.8483
623.3372
482.0173
295.0679
414.3551
773.9219
429.9082
440.9278
727.177
1519.939
293.3387
1231.612
636.0162
1043.353
1507.364
1100.452
465.7131
372.4415
284.8668
325.0304
772.0638
1808.077
917.827
398.8667
1410.562
1212.65
529.7533
898.3553
343.4269
889.347
597.8463
356.2641
586.119
443.2242
621.9529
993.8146
764.3201
652.4623
901.7791
497.7463
423.7194
589.1902
921.4384
546.3436
700.5276
