85.51177
84.69739
98.65833
91.38091
87.87785
112.4679
169.092
280.6429
291.3311
347.0166
291.6497
228.512
206.9872
194.5627
220.4844
191.6982
271.0763
356.2499
323.4131
329.2
360.673
443.3826
510.6258
623.7025
475.8167
540.8875
772.7902
989.3216
1109.17
1377.455
1565.502
2342.586
3189.355
5238.47
8738.52
13753.07
23680.67
32040.87
34482.91
39018.53
43828.61
58388.94
97994.43
116450
170706.4
259840.1
426739.2
964385
2625775
8793275
33470022
39818385
39670543
46341789
43627147
40284868
42204191
43036540
38738180
36530024
41414049
35358921
50478244
46495506
43231124
45020412
35158719
42465006
42269054
42047475
42255596
36071856
40261484
40113707
43683183
44775364
42054239
38834676
45477633
37375484
39449134
39803103
35041395
44411728
38283598
40840654
46083624
43182630
46746192
36973272
38802474
40864427
35793069
36127813
43686032
42040754
39831964
46767401
37192053
40443016
44827212
38431726
37558619
38980745
42285321
42992468
40261712
41352814
37367472
36466183
42310480
43976893
45655664
43513667
39647084
40458465
45951357
39148962
44500118
45162404
42544088
45922811
41207208
41124109
36338063
45055728
45734203
44937209
42411154
45188064
39745791
42268391
48053368
43391206
38859352
42516787
41542130
46149217
45452759
35281551
44648584
39703373
43309366
45406258
38371765
44773012
41278003
37064988
43502234
44756421
38630384
38000454
42095703
44764073
45985722
40817325
40670163
43230939
46102343
41105354
42563577
36684475
34467678
44532703
44142560
40642874
37672763
39227695
39279445
42591765
42186889
42997040
40705722
38462438
36841959
41002447
36392720
36291393
37961600
50232007
44136646
46278275
41455350
36548718
38204976
39053891
40648876
42803435
40472069
44348884
42975710
37832358
38947934
39403238
42518626
44689536
34426225
40326325
39393460
43431309
48399573
38829965
41552311
43888680
39642154
40218410
40393349
43437218
43693750
40544691
41098111
44990643
39972663
36441001
45709065
43963409
38374269
36709243
35707708
38156344
39206131
41648452
45607990
47857395
42515063
33276549
42210310
47068381
49038570
40687535
36140959
41645287
43796312
41583476
38825008
46453012
44915998
40905689
41497789
42821606
34244081
42997218
38111423
41903091
34557226
40059729
39275413
38532332
43097937
42264641
39549959
45814276
38940261
44894927
45724149
36530236
44374490
38858381
47638330
40748843
43097126
43850108
39856425
42818130
49346108
36107323
42800315
40067678
38069337
36479412
43749224
42154226
37052422
42034391
42087819
40878453
35248559
45107990
49683402
41320413
39598470
37535562
43598092
45557305
42461897
38941466
35693360
49145185
45205457
43379256
38510582
38992135
35528627
39416589
40983633
40956345
40949903
40338172
46752962
39567324
42169219
44251801
42547170
44969040
48796057
43038794
40994431
36988111
42116696
40632530
42704510
39283670
42418051
38212162
38306211
46167483
41280274
41533421
43370065
37052172
38962992
46230362
36914269
46105893
40509430
40523996
42981717
41314311
35653828
40343530
43405368
43125233
39466864
42088776
34651579
41752552
42174215
40951424
37059782
42009885
39670357
46153293
43369047
41714250
40386089
41643179
38142260
42131234
45389348
36794141
42080924
43484091
41054397
41735310
44168963
46788749
38246401
43682519
43108813
45397792
46891665
43856632
33238401
43443605
40203790
48382388
42757322
47761464
37194744
39074194
39755229
43354061
40271435
36358197
40631974
45512706
38969091
49193701
42585197
46225412
43525085
39829977
41000958
42542957
38756550
40539069
37511188
41132864
38157709
42454731
41467826
37653292
41812476
44612631
44311196
42603217
33401827
37398479
39360459
42043006
44506955
41684952
47693883
38950329
47283314
36266743
42769772
43873755
39386936
40991723
46317092
34952337
42566375
43180784
44716042
45682522
42282085
43922264
44593948
40057856
43942850
43020442
38271492
43308880
47068262
39843614
40754441
41692706
36077684
38497253
41564588
39690537
39758611
42078911
44077405
36664779
39299833
46390939
47911098
38886401
40778244
45262378
37000938
39111358
44501407
37344370
35931431
41555861
42396873
38873464
41503728
39590167
37912956
34280496
38800333
39490762
38590688
43857287
41642790
46964471
36956493
38647993
39539016
46329122
37725726
41016804
38793560
40640827
42455732
41603834
35724817
34986290
40687669
47054377
50287519
41456213
45231161
38117064
39926697
40315593
43229116
40513652
39510566
40918064
36439827
37251661
40769347
37212042
42607775
39838643
44399181
36781134
41752088
39374476
45138876
39796403
37865727
42466406
42917064
43094587
