104.2725
104.7328
104.5527
104.9096
104.4843
104.3759
104.0267
103.9882
104.1362
104.3298
104.9529
104.8561
104.717
105.7081
106.2416
107.2409
107.3172
107.217
107.8337
107.8287
108.4192
108.066
107.3322
107.0455
107.5652
106.9215
106.9713
106.6569
105.8459
106.1383
107.4642
107.5349
108.1887
108.1725
108.4351
107.9026
107.0364
107.0986
106.6262
106.7047
106.6334
106.7007
106.8843
106.8591
107.745
107.5403
107.3404
106.2022
105.39
105.3534
105.1246
105.0414
104.7507
104.8711
105.2241
104.8124
103.7742
103.1961
103.2653
102.7219
103.0522
102.834
104.1946
103.9775
103.5193
104.5084
104.5528
104.758
105.2989
105.1559
104.7653
104.8554
104.2875
104.2929
104.5639
104.0719
104.4236
103.9036
103.5762
103.1459
102.3051
102.0863
102.0903
101.737
101.9676
101.8195
102.0905
102.1748
101.8349
101.942
102.1509
102.0967
101.6886
101.4915
102.0358
101.6334
101.8767
102.1994
103.4757
103.4241
103.9781
103.5458
102.2046
101.4256
101.6488
101.4843
100.9898
101.8167
102.4191
103.2011
103.638
103.9623
104.4976
105.2164
105.3029
105.4841
105.6271
105.6756
104.9918
104.881
105.0274
104.4086
104.664
104.2558
103.9153
104.6891
103.9015
103.1554
103.3817
103.9005
104.2223
103.9103
104.4578
103.0836
103.0181
103.03
102.8036
102.8973
102.4938
103.0439
102.5352
102.3666
101.426
101.3435
101.461
101.4235
101.9373
102.2367
102.073
101.9953
102.8826
103.8049
103.7179
103.7912
104.0444
103.9385
104.7756
104.7847
105.0909
104.7152
104.4185
104.828
105.4475
104.6663
104.7042
104.2491
104.6083
102.9849
103.4192
103.304
102.7969
102.4379
102.1327
102.2141
101.7506
101.5475
101.2449
101.0368
100.3703
99.93334
100.0787
99.90597
99.51391
99.2923
99.53397
99.90903
99.29524
99.45158
98.97678
98.11607
97.53399
97.35351
97.1647
97.39444
96.59609
96.52055
96.0868
95.86133
95.44481
95.72315
95.28717
94.84262
94.72297
93.3832
93.59473
94.34456
94.28811
93.8017
94.17871
93.45097
93.51498
92.78796
92.20069
92.45772
93.52105
93.84571
93.17209
92.97133
93.79644
94.50585
94.55203
94.48035
94.25899
93.68842
93.10958
93.35291
92.64673
92.8608
92.45504
92.62805
92.17922
92.71525
92.60275
92.89473
92.89199
92.99215
92.77553
92.61761
93.0696
92.75237
92.87176
92.61364
92.79715
92.19801
91.96308
92.20452
92.6646
92.52704
92.61045
92.66242
92.44904
91.63724
90.99964
90.67382
90.0927
90.07041
89.82913
90.07866
90.6485
91.57453
90.77062
91.58135
90.85075
91.77713
92.07491
91.57226
91.48366
91.31174
90.80267
91.00792
91.02243
90.66018
89.82434
89.16852
88.44742
88.93693
88.98423
89.30191
90.12478
89.83298
89.76256
90.14685
89.46944
90.2941
89.46257
89.11772
89.61304
89.41171
89.63883
89.92668
89.48827
88.8695
89.27148
89.07879
89.58528
89.50822
89.76104
89.60872
90.38138
89.72432
90.37686
90.42173
89.99606
90.11615
90.10857
90.35643
90.81029
92.00996
92.94835
93.07253
93.17521
93.03317
93.14092
93.80596
93.96607
94.06153
94.26113
94.43744
94.49939
93.14103
92.6494
92.26891
92.99506
92.89715
93.15739
93.08891
93.23295
93.9356
93.98308
93.4836
93.68754
93.07803
92.89662
93.69555
94.22315
93.52672
93.14267
93.08696
91.97428
92.74803
93.65457
93.53271
92.38316
92.34084
92.64491
93.00292
92.81333
94.35448
94.57568
94.91724
95.44088
95.15229
95.17177
95.32198
95.34598
95.83486
95.01143
94.89599
94.30632
94.31472
94.59137
94.89655
95.66518
95.16271
95.48988
95.67144
94.90044
95.49003
94.6856
93.72155
93.26753
92.45256
92.53511
91.75117
91.89559
92.80466
93.3707
93.55458
93.99212
94.72037
95.40412
95.72797
96.71052
96.54262
96.01788
96.05754
96.0314
96.07965
96.50707
96.49764
96.80365
97.71379
97.38543
97.2598
97.6062
97.84747
97.59576
97.34469
97.23683
97.19558
96.2673
96.79691
96.15862
97.15706
96.89187
97.44396
96.99566
97.24322
97.71624
97.40971
97.53135
98.20769
98.34574
99.25649
99.94489
100.1895
99.7627
99.018
99.82059
98.92391
98.57865
98.02625
98.22204
98.22785
97.72338
98.21717
99.11007
99.44044
99.80575
99.39227
98.84224
99.12478
99.09201
99.5954
98.22673
97.64841
98.54812
98.09869
98.91012
98.33643
98.88184
98.17983
98.49617
99.21433
99.72568
99.63049
99.53876
98.96208
98.50441
97.47106
97.38814
97.74208
97.77683
97.42268
97.48615
97.8126
96.82996
96.57042
96.77847
96.78707
96.81717
95.80212
96.85539
97.62816
96.40411
97.28463
96.95785
97.09618
96.69851
97.05917
97.71251
98.25142
98.04619
98.0878
97.78818
98.49323
97.48811
97.14265
97.18748
96.81992
97.5867
97.94443
97.62453
98.16665
97.78752
97.82593
97.72891
97.55734
97.73687
97.0841
96.23788
96.21456
96.15763
95.95808
95.7454
95.05194
94.72504
94.56289
94.96157
94.03781
