59.38513
83.07072
115.19
170.1594
157.2251
141.555
202.4604
193.2898
166.5428
151.8757
190.5677
167.3392
188.6808
168.9533
157.9301
168.0417
185.633
198.4319
168.1499
148.2728
152.3041
183.3663
261.5184
322.5699
337.0081
291.94
237.66
278.1429
180.7837
210.0567
223.1694
186.0029
175.6765
212.6364
256.6019
248.2512
219.9784
234.9035
245.503
296.0521
345.4582
381.4947
532.0763
693.0055
795.4729
571.2819
686.5165
618.1628
549.1729
561.2756
827.7392
886.757
818.9287
1133.396
1280.865
1444.567
1513.456
1789.898
1956.976
1452.387
1267.711
861.3743
929.4472
1085.255
1123.932
1183.732
1246.581
1357.616
1927.025
2770.591
3084.941
4317.345
4282.038
4885.699
5085.294
7964.784
7831.568
11768.18
11093.32
16940.69
20945.87
20688.54
33290.46
27038.33
41361
44572.23
50083.64
47178.79
58647.17
51188.08
47068.21
44795.81
55200.32
50342.97
62562.97
53507.88
51050.21
80842.77
105790.4
201000.5
181942.2
259410.7
351286.9
423417.8
452131.3
663878.7
512148.7
537532.4
421869.6
347206.3
375190
339578.3
271976.3
245707.2
271487.4
294586.8
301252.8
321250
391859.8
346791.1
247395.5
345210.7
401066.8
435777.2
465468.3
401739.9
472517.5
346465.4
417645.3
455960.6
439693.1
523790.8
554400.8
475043.3
828588.2
843550
657987.5
648633.4
743547.9
772395.7
794977.2
665910.7
875730.1
650016.6
541767
617911
681765.7
474477.9
538700.7
541865.4
640453.6
561299.9
577347.3
724362.1
1025517
1393816
1607043
1295595
1374389
1297726
1633183
1269079
1186674
803852.6
835348.6
731496.5
636660.8
735300.9
770781.8
676956.3
674508
529563.9
398505
414218.5
480806.9
424048.9
405735
395048.3
379894.7
296741.1
537626.3
446934.3
593440.3
741624.3
845613.3
706534.8
661494.6
540791.2
647747.5
752153.8
874860.7
942091.3
1082575
882972.4
699656.6
627527.6
758153.6
784992.6
718616.6
569884
586204.9
906626
917982.1
782213.7
823048.3
924919.4
863884.4
1095744
987771.9
1114069
830299.7
852037.6
1151147
1212336
1311069
1275474
1053516
1159258
934435.6
1027944
818115.5
863727
1154869
1330171
1327119
1156445
1435060
1396398
1552899
1858908
1526424
1092135
1565745
1981022
1622789
1561670
1941036
2323029
1725979
1853737
2001515
2175138
1596481
1673456
2051948
1741852
1337961
1039693
785397.8
766437.9
1014898
867226.2
797214.5
722866
670151.1
563637.3
531330.8
516485.2
570464.4
641175.6
474202.5
565910.8
714087.3
772521.6
1190339
1177024
1622080
1698622
1752066
1447885
1354312
1585042
1689857
2314689
2239321
1709556
1832351
1670368
1626411
1767097
2246823
1651607
1800327
1974276
1586735
1419971
1374742
1943306
2284583
2252683
2180309
1992864
1515500
1954721
1948786
2067546
1205012
1132028
1401376
1991457
2286867
2462524
2439525
2570554
1701544
1928851
1596484
1423791
1335527
1627793
1134197
1465961
1799771
1885650
1549404
1729788
1331341
1508987
1521669
1395328
2013298
1583430
1539469
1190411
998887.6
1156732
1266961
1156667
1116447
944088.8
1077874
1260580
1280782
1342055
1277584
982726.5
1037853
1103482
1384467
1325765
1092978
1138398
962312.8
936603.3
1008043
932906.8
586505.1
660564.7
961428.9
869092.4
920830.8
1157202
997296.8
808399.6
847610.7
941230.6
906334.4
842702.7
726975.7
600318.5
811772.9
836587.5
831137.8
702481.9
484402.1
482614.2
442458.6
429324.4
520879.6
523088.9
412579.9
292049.2
296664
370101.7
354067.3
385478.7
415277.6
392998.5
387271.7
315631.1
367502.8
380016.4
400291.4
447385.3
311076.6
363446.8
433608.8
369258.8
356800
349975.5
311493.1
355005.8
458578.4
406272.3
532296.6
442629.5
457679.6
481556.2
590190.2
441585.9
549891.8
742059.9
803245.4
922429.7
1027893
934048.7
940319.2
886457.9
842292
665779.2
816153.6
575754.3
935443.6
906385.3
1146240
1675371
1646465
1774421
1800328
2036856
1570461
1213035
1067723
893756.3
831750.4
950560.4
931780.5
818570.2
987852.9
1077164
1379411
1383380
1643258
1847675
1637508
1542599
2001310
1726028
1589479
1774052
1330648
991123.5
975950.2
936838.2
901476.1
822323.8
597611.4
474876.1
589944.5
539626.6
467323.1
586286
850273.2
881020.1
1091001
1163175
1230726
1150229
1059453
1169768
1235350
1280020
1349719
1167261
1348191
1519160
1312747
1592685
1108272
1061688
749409.4
830141.6
750938.4
814697.2
607426.6
591148.5
629838.8
505853.3
547756.9
622059.6
792962.5
783707.2
1238615
1207803
1161707
1202999
1195336
1017628
1072830
819264
892299.8
714256.4
744865.4
816703.2
869894.9
1049675
927578.2
905992.3
808403.8
1081449
