576.486
411.6644
272.0792
281.3615
283.4594
341.1088
279.5834
260.2288
275.2104
323.2069
121.7713
627.8607
304.768
255.4736
208.5098
142.221
181.6295
336.6862
240.968
246.2731
178.3502
208.5637
221.6063
244.5667
464.6213
332.6123
297.0076
445.9168
196.0129
421.7343
325.8711
232.4514
159.957
227.8798
408.8459
98.44035
168.6285
986.8788
374.9316
217.5256
158.8885
164.5183
178.5993
248.5868
126.3014
126.9982
316.9967
98.1165
290.3592
218.7221
289.5932
381.1503
174.1191
653.6817
289.1387
283.9541
687.2009
180.7305
312.6617
258.5301
1938.258
851.0267
481.9129
190.3736
255.2007
201.1513
287.5302
368.3342
340.0068
101.6775
206.1212
280.8408
180.9823
157.0539
456.8093
343.3216
115.3899
737.8259
170.1283
542.8306
210.1548
195.7128
201.1424
531.393
157.521
356.7967
182.7795
264.0421
281.1058
462.1469
236.4156
131.7636
159.1434
247.739
322.7233
191.8586
240.8198
517.4688
149.4324
164.9375
166.5406
140.28
260.6039
560.6248
280.9973
158.2411
146.3247
152.2329
286.925
263.6427
320.0713
408.6986
272.4734
613.8784
399.75
399.9178
458.822
287.374
566.0736
128.7889
268.3624
419.5465
540.2866
336.8707
284.0723
254.0967
261.9815
186.0381
447.907
205.9329
590.2319
188.0023
268.4487
278.3067
457.2308
327.9274
464.0357
142.869
245.5216
263.009
156.8704
231.5987
159.7045
157.1749
137.5933
221.7846
241.249
151.7883
141.3093
229.6067
128.65
147.9383
193.4723
133.239
250.91
433.9428
192.9441
123.8975
162.123
557.854
456.2455
334.4874
160.6943
209.7643
164.0999
226.0319
390.0367
118.5804
334.3931
307.5942
216.5075
248.5675
419.6229
320.922
310.5078
474.9475
599.7677
223.3825
482.2394
348.0142
184.0286
159.1353
599.3084
135.7244
376.4459
105.478
315.883
429.7683
183.4458
615.6332
467.6486
180.6705
182.0158
336.9991
305.3204
253.7335
261.7442
251.8462
327.3354
285.4567
196.804
249.8256
373.2154
150.9174
243.1245
258.8557
212.5505
250.2745
166.6287
298.2031
530.1939
262.4743
112.9693
343.3088
568.8473
334.3738
209.219
268.3823
380.044
220.7764
177.9555
289.071
826.8005
264.1106
242.6416
322.7665
133.1562
305.2037
367.255
321.8255
158.7696
242.9213
136.7661
178.8379
423.9123
180.5736
119.3717
214.9419
302.0857
120.6983
346.9505
229.5486
361.7248
577.987
230.511
246.2948
259.8254
141.1267
396.1027
230.3581
441.1814
209.7535
328.0051
158.6698
298.0896
233.0577
236.6118
252.3195
411.8368
435.1549
249.375
276.1747
140.3687
279.5482
163.3265
213.807
236.888
410.369
241.5689
404.1881
243.4504
305.7543
639.2612
200.29
231.2202
254.112
227.0343
204.85
602.9785
270.1427
509.2391
499.0745
224.7218
341.748
512.9488
650.5433
226.8069
134.5857
227.7902
432.4534
404.622
287.4737
152.3042
342.1304
303.4729
1501.76
303.6015
158.1695
230.0622
189.6908
561.8272
393.7552
307.2298
263.0163
734.727
1093.885
250.63
167.3422
149.8198
143.1044
249.3425
302.0382
327.8052
289.5869
335.7529
137.7459
891.2243
278.2583
228.7994
298.8846
481.0097
409.6607
400.2174
265.334
666.7693
124.2764
794.5516
735.3834
211.0242
186.4731
179.0601
133.1148
538.2705
219.024
731.2472
169.0379
270.0923
487.9591
125.305
245.0135
227.007
237.4996
184.6209
508.528
1214.249
187.7197
305.9054
199.6877
297.6333
645.7756
277.5773
363.9987
212.498
2334.235
196.2739
433.1021
257.2048
299.0303
548.3971
172.5751
356.6422
421.7595
236.7033
318.3017
341.264
193.3382
176.5817
292.1073
368.0124
162.8882
262.0352
217.4069
171.6674
1566.69
146.1651
319.6385
242.5275
220.8862
173.2007
345.5182
244.7217
157.7531
136.4007
267.2664
500.1668
213.539
307.9938
231.4414
344.9507
274.1417
388.0209
277.4009
193.2229
573.6413
595.1036
247.4032
429.3714
398.7476
429.3707
147.9852
170.0134
198.067
340.8621
243.8681
206.8646
188.1028
259.8209
306.1347
190.7466
270.7247
211.4141
253.2757
535.4278
111.9801
396.9836
233.1162
145.4926
450.0011
182.5418
453.0152
449.1334
104.1602
762.7539
175.2596
497.2718
132.1509
251.9719
122.1754
393.5271
474.7399
231.2044
162.0834
440.4259
326.6343
316.0493
354.9066
487.6961
361.7731
473.8527
331.9827
412.2875
183.4269
302.735
193.8755
608.3081
262.9521
157.3076
136.3502
323.6769
277.0395
165.3068
199.3979
209.2077
353.657
580.6771
198.7717
160.7989
154.2117
216.3878
197.0505
275.5163
429.8309
225.4215
377.9025
431.2721
1601.137
590.4158
127.3331
197.8228
200.2958
246.4262
217.6847
387.9989
287.3729
288.4709
143.1252
360.4772
286.361
417.2293
641.7539
205.9834
204.1546
124.8965
150.024
695.6809
194.4131
305.7959
299.0612
419.4915
90.01992
104.7159
254.8286
201.4074
155.7412
505.356
327.051
778.04
447.0519
293.2952
218.9478
