168.4187
119.7638
131.3396
125.3333
118.8291
109.658
99.64199
95.35477
95.64051
116.124
88.23747
132.6901
107.0894
129.9184
113.1079
120.6618
105.7186
126.5848
126.6068
117.9581
118.3311
115.1096
102.607
120.2034
136.0357
143.5283
114.3777
123.6478
133.1647
150.6461
133.7897
94.82581
104.1478
100.9261
99.58116
93.89246
119.7298
148.7254
92.63528
102.9661
118.0175
130.4209
130.2391
103.0499
102.1002
101.066
120.5477
144.8215
131.1308
105.794
124.2962
168.9827
130.1927
116.3336
105.3668
105.679
152.0104
119.8032
113.2681
133.7923
104.9815
135.0162
125.9023
103.9688
95.01169
93.30731
124.5718
112.1537
113.2679
124.1082
139.6335
143.2652
120.9986
114.9227
119.1538
114.9647
102.8737
117.3044
102.3226
95.19534
101.583
115.7814
134.5751
94.92744
83.68608
92.68159
119.4378
120.2573
121.2619
106.4709
115.2085
123.1442
91.8957
96.96758
117.7784
88.61051
104.6512
116.843
113.5247
123.578
108.0748
98.88913
107.4451
102.721
104.3112
97.80774
108.5476
126.1397
112.2297
135.4657
135.2831
164.4288
129.0663
114.4511
109.0781
116.5687
131.9484
127.5571
101.8437
93.52322
107.222
97.68785
107.1342
132.6973
98.11729
95.57409
104.3141
79.39811
107.7201
117.3465
110.3
138.462
125.2935
105.6583
115.643
160.2199
157.9053
129.5771
111.4984
111.8662
101.5909
142.1342
139.5514
116.1334
111.4222
113.5938
110.5381
115.1976
146.6823
130.1145
134.6791
126.2226
109.2776
123.7684
132.4701
109.1128
95.56897
101.7704
109.2948
105.5305
100.0594
141.9619
90.26707
106.5478
104.5345
118.6221
103.684
121.5315
125.5769
102.6798
102.2806
126.4128
101.4902
110.6318
129.8646
139.0557
148.6405
111.7338
113.2419
108.9909
131.0116
105.4421
108.5052
103.882
98.61285
98.30444
117.3879
95.82206
127.2987
125.713
113.5405
100.7589
104.4743
105.2539
117.1729
98.579
91.78882
99.44095
113.0381
101.1389
100.1274
113.0117
118.1103
102.2832
99.40992
94.12749
100.9695
98.98525
81.31082
105.6423
124.2967
130.6837
102.3953
148.4529
131.1116
117.2574
106.0457
121.5249
110.8205
112.0613
110.5797
102.4747
109.6044
84.44557
103.5498
100.403
94.46938
99.51765
151.9477
103.2346
106.7655
105.9718
123.4899
102.5077
88.81133
115.225
110.7426
94.69355
133.1877
128.9274
102.4423
117.8646
108.4506
124.4046
162.9397
136.7516
139.7965
132.8371
130.843
113.2667
113.5745
101.9699
125.3038
131.1202
149.1838
126.4694
105.6169
112.4769
108.3631
129.3582
106.1822
115.6015
100.4167
129.3732
127.4643
97.52948
115.7918
114.5407
97.22576
94.52417
100.3734
101.6116
99.65988
101.8369
89.50184
101.0439
119.2128
126.3218
119.8074
129.8877
117.3827
115.107
90.30377
88.26384
94.18396
106.6829
132.3284
131.9403
107.6475
105.8121
91.2066
99.56037
115.122
99.6202
104.1615
130.7222
122.6899
121.1711
118.589
149.7782
120.8417
138.4434
148.52
142.8739
120.4243
116.976
106.9511
96.42175
116.7376
91.16942
121.549
107.6959
115.5623
117.6789
106.6513
117.1637
116.0279
134.5708
118.0325
115.0473
118.6911
125.5257
90.06572
113.7715
139.4839
95.65304
104.9649
89.53062
103.883
142.6165
129.1736
131.7598
134.8422
114.7312
111.0713
91.60262
78.92801
78.80524
103.5607
104.1375
112.0776
94.22715
137.8996
132.5718
116.1127
146.3796
122.8946
98.29505
102.4677
121.2356
143.9199
144.5556
107.2549
110.4356
115.1596
110.9535
114.6746
109.4348
103.9319
92.99729
92.37641
103.4243
90.96262
86.01095
102.7017
104.5384
120.6388
109.9646
86.23871
113.536
148.3567
147.9541
164.3329
140.2729
110.9145
110.2961
97.56993
114.2703
110.9559
120.2056
130.9312
127.4975
96.87741
124.7888
123.1165
101.0493
98.50852
120.2066
139.8292
104.0845
129.6192
96.71739
115.5854
105.3877
121.1431
109.3037
89.4094
106.9657
101.353
105.7392
110.453
127.4408
119.3958
111.2644
97.11057
140.5381
130.0417
114.4129
124.9259
118.3422
108.8769
109.4901
102.8333
142.4006
140.2022
104.8349
118.4096
123.9181
109.9658
126.5489
108.0598
117.8013
122.6036
94.09394
102.7866
120.0897
90.27031
112.1925
121.9426
102.7665
107.63
113.0721
105.0599
99.29066
119.5525
132.9453
98.48802
130.9473
129.0579
127.4173
115.9048
110.8615
100.4082
104.1967
98.1865
129.4068
144.6067
114.7082
106.1257
113.5249
129.702
140.2099
105.7521
124.0018
103.4305
120.2217
125.414
119.8191
127.5701
90.8672
75.64722
96.84449
115.1918
115.1851
115.9958
133.5791
127.7491
131.3779
116.228
119.4719
119.5914
116.8081
99.96461
109.9066
118.9252
126.0559
115.8076
110.4733
123.6423
151.6984
128.9293
118.0708
108.4463
119.4771
99.84266
93.63106
118.3638
120.6073
114.613
147.1647
111.2437
117.4011
93.70644
82.91416
120.7084
95.01931
103.3834
99.45204
90.8262
86.84723
