83.35789
77.96721
79.25422
79.61264
78.01975
79.59487
80.84713
77.45586
73.66108
77.46483
74.33801
80.64997
80.93531
80.69303
76.07159
79.48823
76.13736
78.10471
80.92241
83.41764
89.25952
93.72575
91.28032
82.59353
81.73407
78.75886
81.01586
76.96313
79.18678
78.43149
72.48047
74.39036
72.90839
73.09617
77.14486
75.98401
74.22356
74.62675
75.89172
76.87463
71.75477
72.20735
71.29346
77.07307
76.25404
76.9719
80.47161
83.55894
91.63307
92.3295
88.2363
86.54544
81.39694
78.6995
79.24079
80.22833
75.73398
78.87875
84.19516
84.19894
82.19933
82.73373
86.39143
86.58845
86.65567
83.29536
77.86132
75.82254
75.90602
72.98705
71.51841
75.65198
83.00034
81.66094
88.57738
92.89437
91.53719
91.87951
95.94363
93.1287
87.50787
86.70069
83.72983
81.67477
82.96805
83.96154
78.97061
82.46999
82.35299
80.59758
79.94392
84.16485
83.78011
87.1301
87.52422
85.34144
86.61356
83.71117
89.88105
91.77899
87.10313
84.5582
86.17276
80.04185
76.24102
78.25594
74.56914
72.68668
75.41665
75.11596
78.10407
77.25841
77.02011
80.13568
85.17222
88.3774
80.01436
79.19318
77.39389
79.53351
79.56225
81.42777
83.70747
87.92064
84.94411
84.82937
86.8446
88.29058
91.92078
91.67524
88.75896
80.23343
82.15767
82.10411
82.311
77.79713
75.60217
73.26196
75.49486
77.76873
79.16006
80.0496
81.15456
83.36784
87.47074
86.43153
86.59451
88.72377
87.86657
89.63258
90.4924
89.00229
84.66885
82.81216
77.69821
78.8385
77.71351
79.51068
75.9061
66.63666
70.16447
73.04468
74.06017
80.40584
80.07935
83.04551
80.87866
78.68296
79.62152
73.2508
77.36318
79.69674
76.46357
78.56406
77.54107
73.2595
69.41682
73.22458
69.00516
70.46382
70.48013
74.61865
73.16424
70.84097
71.33501
71.80026
68.57833
64.26025
60.58037
61.01477
70.54101
77.93745
85.11768
86.55312
89.23134
84.96065
87.69068
87.25854
87.02906
89.11491
84.52645
83.75284
78.45827
74.36282
74.3906
81.2259
75.53728
79.93265
80.86037
81.96554
81.84564
79.92543
74.14981
71.23506
67.80017
68.30536
68.74241
71.17833
71.94944
72.34445
68.7209
72.62688
79.34156
76.92937
74.28061
75.53067
70.94567
72.20341
75.37286
78.10077
75.26115
75.9147
80.17328
81.07768
79.17558
86.58162
82.64598
78.39272
76.5531
79.70951
76.09559
77.8874
75.12854
76.66472
74.36568
72.86526
79.05594
79.81298
79.08308
81.99427
76.41659
79.06095
78.51152
75.78926
77.76428
78.3109
75.09529
76.48479
76.87546
79.25113
72.6575
72.23392
68.55048
69.03532
71.51965
70.53832
71.0882
74.54013
78.25172
81.90043
87.38401
86.65433
86.84622
82.35346
80.69927
72.86475
75.19973
77.06344
80.29773
82.17645
77.96669
78.74545
85.73287
87.09569
90.18806
91.26344
87.22121
84.02702
90.40618
89.08742
87.29798
85.33165
81.9517
83.3026
81.21175
82.11265
81.01278
80.0354
81.50645
83.00044
85.42403
91.59262
88.9599
90.30208
85.7418
86.56971
81.41336
74.73509
75.29298
78.74786
74.01358
70.88188
70.46878
70.80797
69.33188
64.94396
69.01668
68.10626
62.81075
65.40791
66.6467
68.33675
67.50935
69.41953
71.89289
76.36242
84.26898
80.82873
85.17798
87.40656
89.16839
85.89846
84.74187
87.83932
89.75397
86.66861
84.25976
83.70036
79.29519
80.82181
84.1453
88.09015
90.04939
91.92204
94.39233
93.6224
89.77166
90.00688
88.31622
85.99986
84.41834
83.10562
83.98429
78.75913
79.14752
83.49883
76.7089
78.58087
75.26348
76.24285
75.1832
75.82097
74.30965
73.01336
71.17636
78.15569
77.15972
80.85673
85.60876
91.58403
94.75335
87.45777
85.26937
89.14896
91.27442
90.29499
88.01259
82.4208
78.43441
80.92711
85.45115
87.43562
88.30895
88.90734
90.8424
84.09625
77.99693
83.22383
82.54486
87.77111
92.8046
89.47859
92.26104
92.77503
92.3718
96.01187
85.80817
88.51467
93.50068
97.54696
97.06674
93.90927
94.74805
92.0282
88.86125
87.01099
86.12241
90.80275
94.23528
93.02321
94.28635
93.08462
90.61283
89.91349
88.53272
83.271
79.45408
81.15082
81.97692
84.16902
87.65696
78.79709
74.26663
76.02634
75.93738
80.56654
81.76833
75.91321
77.40697
82.03062
80.09034
76.62422
71.60569
66.99281
70.51344
67.01838
68.16042
62.42432
68.18393
72.6831
72.18891
67.29615
62.3714
65.96828
69.8609
74.09144
73.60816
73.99449
73.0203
68.62909
67.68671
71.28027
72.20523
69.81591
63.47564
65.77404
62.38582
64.23657
64.17161
64.50226
67.89109
66.06366
62.97546
62.52801
66.22263
65.00519
70.51721
72.80715
75.74449
75.67031
77.95895
74.06077
74.33594
74.10697
74.95384
74.55233
75.52541
80.21663
76.43868
73.71435
75.04751
77.60483
79.4718
81.78521
76.92568
86.44132
88.50896
87.26641
88.57831
90.45451
86.55891
86.20074
85.90155
83.20301
75.50153
76.65529
80.59489
72.61766
73.78765
74.57823
