1105.222
902.3169
1100.484
859.0162
616.8496
1753.042
1114.319
1094.307
1797.873
591.9637
941.5131
1015.96
949.3493
2291.896
907.7055
525.157
2262.164
782.5171
2022.716
577.8863
416.033
744.4155
1111.149
838.521
724.561
2590.806
1105.082
1321.996
899.1051
5570.148
899.6398
1822.582
436.4917
588.2298
774.0346
1616.73
722.6215
1156.447
2618.998
2599.616
1005.344
1842.622
845.8556
786.8421
705.2868
1140.172
437.4109
1645.552
1047.687
479.0511
1160.013
792.7562
843.3717
1008.941
664.6759
878.249
1109.37
1269.529
1511.26
770.5431
2137.594
531.204
923.0448
686.7447
1987.716
632.4799
455.4185
1034.48
2430.098
586.7659
1131.17
876.5792
1538.233
944.5687
813.563
1533.547
1165.426
539.5905
1120.345
1569.061
1108.611
1250.703
1252.445
2299.453
403.6341
1054.432
599.3667
878.0926
478.0589
872.5526
1004.747
2590.205
438.1189
3415.581
2159.595
862.7821
1295.421
1538.385
1185.39
950.9618
1767.992
1069.296
1058.578
600.3234
2519.126
1561.322
762.4689
1071.472
764.2237
940.8219
675.5232
1683.105
1070.074
1320.953
596.374
942.5061
1838.336
469.0825
1787.637
593.1674
893.3951
1353.541
2118.668
576.5615
3396.549
1076.066
660.8806
1388.042
881.3969
837.1994
1088.362
539.796
1250.483
1140.32
977.6283
1135.884
1651.76
1660.253
1492.928
1061.929
1781.258
1256.437
658.9188
974.8533
1977.92
831.2721
818.977
1838.611
929.2656
1497.002
1098.345
773.9348
1852.435
1501.679
570.3559
833.4431
1631.57
601.9297
1124.997
564.752
995.8766
936.377
3364.279
720.8632
1332.98
2213.896
492.9669
1603.997
1016.864
905.9594
633.0821
1017.794
532.6014
1680.102
812.5117
1475.718
562.2962
847.6508
730.4469
4792.955
712.2237
1152.406
2575.951
2099.957
658.0943
1136.454
758.6386
703.2818
882.6548
1115.836
874.8256
2774.84
779.7729
657.0909
948.8102
1369.912
2305.475
868.6807
1028.123
5288.209
1075.372
1976.693
1711.755
1025.176
1393.94
2227.248
498.1862
1580.1
1191.214
1332.83
1326.766
2317.741
939.7539
777.6916
1454.952
2178.501
1433.929
744.5631
1192.126
410.7301
840.9959
771.4504
727.9705
596.424
581.3637
347.2299
1020.705
1035.827
472.4464
868.4609
836.3886
1066.003
1293.868
1280.555
631.8266
1909.49
751.7307
584.3235
571.5904
1396.259
2086.775
753.4275
560.1929
345.7557
1689.356
754.8715
1974.053
933.1654
2246.31
494.2768
660.8496
481.6653
879.6226
1075.886
983.625
893.7475
821.1731
1594.519
785.4339
925.9371
1295.714
1736.671
496.3339
1356.439
1011.587
1343.772
794.5109
2351.464
1278.479
1284.284
635.2368
1065.546
735.3291
990.126
1909.363
1964.699
647.7551
2052.646
758.1371
606.6189
1016.712
382.3334
1670.038
536.8696
713.4448
1052.842
2865.781
1140.653
742.6496
550.1888
1754.848
577.8875
770.7241
1035.024
665.5563
1298.616
1405.706
1519.696
876.2052
463.1774
661.8478
1344.194
535.2205
944.4133
677.0224
1261.812
1034.83
1332.446
567.1103
1052.176
1626.106
1347.273
1882.291
1630.979
1834.5
524.0178
620.6291
718.1165
2428.958
843.0232
1155.869
1223.855
1325.064
760.1432
465.5615
1440.667
1152.152
1497.523
1431.94
857.3774
744.2465
1108.372
2225.503
1324.19
985.9227
969.6976
711.4104
808.3834
662.8619
1071.566
990.8837
1841.465
1335.931
1155.031
901.7641
652.8587
4674.614
2010.022
1059.274
831.1983
723.7642
6693.718
1138.548
1469.644
514.1383
675.32
1704.886
826.0843
990.1479
1163.062
997.1857
953.7236
1603.183
905.97
1344.25
682.8196
901.8822
667.3661
1120.733
868.7232
892.5363
690.9889
1482.041
1377.134
602.8148
721.4883
1296.532
551.3599
668.1787
763.0369
894.3274
1005.225
1477.193
389.0232
1645.264
1577.57
1168.654
925.5318
658.375
766.568
1081.1
1099.54
748.1309
1318.797
846.3788
431.9175
1424.97
4486.575
1378.172
427.5445
1598.294
536.3567
1658.258
2103.884
623.1671
2415.843
684.1554
1979.777
1081.071
1309.08
836.8942
621.7286
1054.27
1144.426
1154.664
2034.602
925.412
1080.03
1073.917
1236.427
685.7741
2921.607
436.155
1078.966
827.7894
2294.737
990.9144
543.995
1684.861
1132.763
893.1024
1387.567
936.4555
714.6719
1058.416
1409.146
908.405
2436.852
1319.832
832.1359
1162.95
639.2059
3388.1
513.9748
3169.119
811.4476
943.888
862.4361
998.6477
836.2458
510.0793
698.2456
1702.551
671.5995
1153.426
2174.207
1494.803
2463.813
797.684
628.448
1032.21
1043.94
676.1858
1697.277
719.1519
1082.588
564.0685
1508.028
1445.805
744.4951
1035.999
506.0568
1198.548
818.1487
1167.159
1053.421
2414.656
812.997
730.2244
1415.479
831.7868
1659.869
840.723
1391.085
839.8881
1622.334
2859.718
1689.302
562.5331
955.8662
814.6204
746.1406
579.8513
1889.812
1272.648
629.1192
1544.25
1144.462
505.6242
839.2509
