101.7866
101.7972
102.099
101.8562
101.6976
101.6948
101.4827
101.836
102.4364
102.3976
102.2312
102.0693
102.7196
102.3274
102.1609
102.4917
102.373
101.8053
101.5669
101.4968
101.8967
101.9038
101.6075
101.2952
101.5345
101.4414
101.2874
101.6895
102.0593
102.6746
102.5767
102.8075
101.6717
102.4333
102.3817
102.4276
101.9244
101.6464
101.2878
101.1033
101.0217
101.3721
101.0918
100.3546
100.1478
100.4404
100.7489
100.3578
100.6828
100.4859
99.8267
100.2167
100.4385
99.96658
100.3475
100.9147
100.821
100.4529
100.8554
101.7112
101.8188
102.3447
102.2372
103.1086
102.782
103.135
103.2125
103.933
104.0389
104.0627
105.0714
104.9125
104.7386
106.1271
106.1175
105.8579
106.5647
106.3771
106.6239
105.8842
104.6512
105.1745
105.5752
105.189
105.4586
105.2912
105.3727
105.3187
104.9368
106.0298
105.3586
105.266
105.472
105.2506
105.1181
104.5207
105.6611
105.8197
105.6472
105.869
104.9496
104.5839
104.9112
105.1954
105.554
105.637
105.9913
106.2774
106.7882
107.3798
107.9441
107.6192
106.3493
106.3747
106.7857
107.2876
107.2241
106.5264
107.1595
107.203
106.7993
106.7459
106.831
107.1071
107.4228
107.7675
107.9789
108.0147
108.8375
108.9512
109.2827
109.3421
108.5683
108.5068
108.4942
107.8871
107.6304
107.2413
107.1444
106.777
106.3668
106.309
106.1588
106.1485
105.6929
105.3721
105.0079
103.8179
103.7881
103.7157
103.7289
102.9167
102.8429
102.6797
103.519
103.5097
103.5353
104.177
104.6239
104.614
105.933
106.2284
106.0074
105.8339
106.0449
105.9919
106.0351
105.7208
106.297
106.6221
106.8828
106.8165
106.7412
106.5812
107.2866
107.5034
107.6234
107.3946
107.3252
106.023
106.4344
106.4963
106.673
107.2981
107.5943
107.3905
106.9525
107.2886
107.0233
106.6152
106.6051
106.4213
106.1052
106.495
107.025
106.5687
106.6499
106.9269
106.374
106.5917
106.3865
106.641
106.8636
106.618
106.0373
106.6408
106.4517
107.0741
107.1974
108.1056
107.8736
108.5124
108.6605
108.9707
109.8048
109.7002
109.1409
109.741
109.4844
109.4378
109.2919
109.3141
108.4303
107.7385
108.0817
108.166
106.8584
106.4697
106.3796
106.5211
106.432
106.3894
106.7853
106.6582
106.6588
106.4574
106.5867
105.7497
106.1076
106.3937
106.7901
106.7899
106.666
106.8962
106.2433
106.4901
107.1547
107.0401
106.1494
106.7563
106.088
106.4079
106.6494
107.089
107.5968
107.2181
107.4128
107.8162
107.8348
108.6249
109.1362
109.4092
109.7256
109.3721
108.9129
108.4613
107.9471
108.1427
107.9736
107.7909
107.5504
107.4051
107.1911
107.9255
108.2521
108.4716
108.35
108.3175
108.6834
108.2099
108.2185
107.5021
107.4681
106.3059
106.1196
104.768
104.6436
104.3409
103.6371
103.9535
104.063
104.3664
104.1305
103.982
103.8097
103.0948
103.4195
103.8145
103.7871
102.8089
102.8807
103.1493
102.9894
102.7952
103.4923
102.6408
102.8334
102.4914
103.2675
103.8803
103.1649
103.3655
103.2523
102.3753
102.6918
102.8626
103.5161
103.9927
105.2361
104.8717
103.9149
103.6622
103.4469
103.3674
103.5576
103.3405
103.2249
103.176
102.5441
102.8612
102.562
103.1466
103.7776
103.4951
103.3974
103.4371
103.2594
103.4403
103.3005
102.7276
102.305
102.6172
102.9147
103.7772
103.3656
103.7199
104.3232
104.4451
104.876
105.1501
105.4454
106.1117
105.7883
105.9581
106.7029
107.2233
106.7348
106.41
107.0547
107.2115
106.9229
107.457
107.1644
107.2105
107.0512
107.1248
107.1426
106.9836
107.4178
106.9443
106.883
107.7859
107.3578
108.0529
108.4083
108.6243
109.0201
109.7959
109.5951
109.735
109.0919
108.8036
109.2222
109.0064
108.9867
108.9681
109.6212
109.1638
108.885
108.9731
109.8068
110.2251
110.0821
110.3744
109.9151
110.6217
110.7888
110.5973
110.332
109.7797
109.307
108.8599
108.6503
108.5582
109.1638
109.2664
109.7507
109.3997
109.8823
109.9244
109.9555
109.614
110.4087
110.8275
110.0891
110.2325
109.8662
110.0925
110.2443
110.2302
108.9161
108.1858
108.5504
107.8677
108.1671
108.1886
108.7219
108.0965
108.761
108.9576
109.21
110.232
110.4684
110.6593
110.7033
110.3898
110.4811
110.7898
110.0672
110.9917
110.6352
111.277
111.3502
110.8733
111.5584
111.6668
111.7912
111.6179
111.3574
111.0372
111.2482
111.7383
111.2858
111.3042
111.4544
110.9066
111.7444
111.7332
112.0113
112.2838
113.0412
112.7954
111.9604
112.9338
112.3335
112.2284
111.6946
111.58
112.3804
112.1454
112.0216
111.774
111.7192
111.7174
111.5823
111.0226
111.0026
111.5341
111.106
111.6191
111.3305
111.2244
111.6997
112.2365
112.3198
112.0843
111.2448
110.6558
111.0468
110.8948
110.9207
110.5083
110.6348
110.5308
110.7343
110.6351
110.5485
110.3163
110.3666
110.4417
