30.03739
21.82935
23.89757
21.72077
23.12113
17.40117
12.79581
12.95082
16.09552
17.80808
12.1285
14.75286
13.58565
16.46729
14.36335
15.74666
15.72187
12.40702
12.35069
20.10421
21.91484
21.284
23.05959
35.69935
26.06299
18.03917
17.78526
19.56854
20.85852
17.93894
17.19131
20.14409
15.62547
17.76074
17.57945
15.50298
12.6997
12.23076
15.81349
14.71772
13.55623
13.07098
11.91787
13.14837
14.22532
18.19145
16.66748
18.37519
18.33386
18.58074
14.10099
14.51225
17.13291
17.36655
18.76698
19.33806
24.0403
19.34785
15.93187
16.52022
14.52068
12.66072
12.2817
11.56306
17.38528
17.47203
13.85233
19.53311
15.68526
12.9734
11.68567
15.05749
14.51385
18.0935
19.08479
17.71893
19.03395
17.5752
18.01966
21.33723
23.25849
20.50903
15.65097
14.23742
19.52864
20.63585
17.60677
18.31499
15.53531
16.45555
18.98309
21.02118
18.84046
18.61237
14.3035
18.50444
17.40541
16.1112
15.65587
18.77294
15.94709
14.37131
16.91047
19.44576
24.11057
19.17614
17.37391
18.03664
20.47193
27.42469
18.09729
23.86173
22.05916
20.04274
21.40992
15.63231
19.5205
17.14543
17.28955
16.57519
19.24831
15.37472
12.79915
19.55751
25.25549
21.16082
18.23576
18.11698
17.79377
16.59822
16.35203
18.53997
18.52173
18.41656
20.63158
19.16445
18.24926
19.97955
14.50372
24.58436
20.94928
18.06425
14.79939
19.87323
20.12584
18.17314
17.50418
20.14112
19.48606
17.0919
20.35473
13.17742
13.69869
16.12868
11.62655
13.95379
14.51253
17.04059
16.20046
16.52782
19.92926
14.15444
16.14718
14.53872
19.98719
19.87705
20.71836
16.05828
18.00188
17.53356
15.13115
16.37514
14.54326
17.07718
19.36647
14.13662
18.68599
18.31354
13.34578
12.23285
14.13393
15.00544
14.29987
22.3302
20.66634
18.14197
25.55901
21.24844
17.32541
22.61981
17.99036
22.63037
24.42484
16.73496
13.94613
17.39454
14.41388
17.80109
20.10945
17.05945
18.55753
14.90453
15.48907
23.73823
25.25815
20.46844
19.11674
22.39913
17.78367
16.55958
17.43377
15.87423
24.25295
23.20638
25.028
18.26334
18.93655
19.79742
16.51468
18.50594
17.72553
14.06753
15.28181
20.41024
17.74253
18.83442
20.15832
15.17099
12.9005
18.17758
16.9561
13.35125
16.72641
23.97175
19.69887
13.11656
15.22201
15.50404
17.01127
15.32558
15.69903
17.05924
22.713
21.30047
18.56803
17.17798
14.44579
14.03297
15.69571
15.51495
17.38466
18.57851
15.76501
13.21747
17.53514
14.20125
15.53472
15.6944
17.10639
15.73675
17.20797
17.26923
14.89417
13.04824
14.12977
17.27553
21.03395
20.08146
22.74654
22.83975
19.53054
14.76472
15.97946
22.96415
19.17962
16.56609
19.37517
15.62936
16.81012
18.79365
20.18803
15.99652
11.84829
15.91792
14.68138
14.7749
10.80371
13.69449
15.82165
16.18488
13.85589
12.90403
15.47757
18.11834
17.45013
16.89308
11.5103
13.71734
15.01343
16.94614
13.6018
17.6359
17.45089
22.63822
17.35618
13.3009
19.76527
20.7416
21.69246
17.54525
18.73663
19.13728
18.00186
16.63725
18.3878
16.02705
16.81145
14.50309
12.13693
14.78142
16.13759
18.32126
20.35422
25.44543
24.05781
18.16715
20.80447
18.78931
18.2508
23.75602
18.22529
15.93443
17.93363
21.69685
22.54944
14.54175
16.52318
13.32816
12.76889
11.62034
12.30163
12.2752
13.90682
17.16548
19.81055
17.81962
24.19849
21.5903
20.73636
20.40219
14.62441
13.312
14.27986
14.60419
16.55412
20.91312
22.54952
22.60504
27.52101
23.55059
18.44691
14.40825
11.26424
15.5325
13.94576
13.39214
11.27214
15.75951
22.16393
23.63165
24.39903
20.09043
22.1908
18.48473
14.38702
18.43712
15.06509
12.82592
13.37792
12.15529
14.78177
13.88396
14.69971
16.78601
20.27724
11.86471
11.37088
13.43471
13.90604
14.38905
15.21075
22.00367
21.17163
16.60562
14.27534
17.18664
17.872
21.59534
17.87159
18.90858
19.14854
16.28665
15.9559
12.84509
11.55992
9.821587
16.549
16.80988
21.27655
19.7199
20.8154
14.28755
13.0562
15.82937
15.36857
14.48772
16.77459
14.78629
17.27117
19.44704
18.46765
20.20127
20.0994
22.00789
21.3352
20.05976
17.76326
21.70799
23.26895
17.83677
15.9795
10.72378
11.8533
11.72129
15.22734
17.5197
13.46117
15.20248
17.19712
18.6161
20.62326
22.54663
19.47717
24.02683
17.73979
17.94878
21.80508
13.87822
13.81411
13.21641
13.87278
17.1778
14.12167
22.56028
21.77607
14.03505
16.85488
17.55599
18.45707
17.67474
18.88417
17.32598
20.14481
23.4512
21.53956
21.13806
24.20144
16.28268
19.76552
19.14756
20.75197
22.74293
20.26672
15.24102
16.11892
15.99591
20.01167
15.39572
14.06443
15.23977
19.47116
18.29197
15.92561
13.58823
13.17274
11.09534
15.12289
17.43518
20.75969
17.31649
19.03031
17.33731
22.02216
22.69922
17.69222
22.13051
22.89935
18.03021
17.49627
17.96696
