612.5746
538.9916
693.7594
715.902
552.6836
560.1163
603.0876
729.6352
582.6876
702.4625
524.1968
722.8603
826.1299
612.2873
626.1477
577.238
623.7883
598.0188
623.3646
684.687
632.7709
699.7645
671.4055
602.6029
638.1522
600.251
663.2218
615.4677
593.1569
610.8289
627.4399
646.8106
581.5821
598.9562
557.2998
682.9267
592.9353
571.1252
535.0433
578.2429
615.1462
645.0801
665.06
624.7785
648.4763
748.2963
691.5578
481.0078
591.1314
551.1796
688.3384
594.4056
611.531
662.5066
674.0781
622.9916
720.2472
596.1032
659.756
752.6176
740.7867
588.9362
648.7242
664.744
586.9118
677.9214
662.0601
579.8613
610.078
614.802
753.0004
639.2071
772.9454
619.0182
597.8668
502.9326
580.5279
601.5345
611.0872
673.847
633.039
646.3963
612.341
769.7817
601.976
589.9728
648.9469
576.5315
514.6275
864.2634
597.0064
586.1584
658.9651
696.8714
652.3557
683.2168
652.0504
659.8219
737.607
635.7646
662.2984
648.923
592.5497
549.4757
704.8959
711.616
626.8209
537.1275
574.1901
693.8905
637.8597
661.0468
607.3239
733.0753
610.3892
654.3565
672.6198
654.6271
684.9409
635.2488
555.3466
674.3102
647.3397
747.0112
633.7324
609.1995
701.8599
730.2379
677.1892
573.6375
605.5007
738.5119
612.2596
645.5507
626.1661
716.0195
692.3991
638.5149
703.2646
700.6147
584.6319
701.7861
722.8969
732.5271
742.0197
691.1839
642.9277
536.3262
639.5506
636.0079
635.3251
601.9202
597.9129
617.2534
680.2773
589.884
632.1112
603.8213
648.6903
823.2063
763.0835
644.8031
628.4103
631.6641
639.7276
650.6094
584.2017
720.1439
702.7507
678.8434
655.085
585.0025
626.436
675.2947
599.5427
691.2249
627.4831
672.4305
671.785
687.0197
670.3499
666.2068
702.1843
651.0265
567.0305
731.9183
709.0358
667.3599
638.9542
634.0441
638.4054
681.9409
631.9428
600.8307
629.988
609.8204
646.5593
637.2806
642.4237
669.768
551.883
738.5868
631.443
691.4056
613.6515
623.0188
662.5904
658.5173
699.6922
563.558
700.7988
599.4857
649.2907
586.1594
656.7884
656.6106
620.8435
600.4046
616.2988
619.0774
619.9014
627.9847
612.4105
679.891
653.5508
628.6471
656.6477
662.4326
617.6827
581.7885
659.1747
630.9977
601.4814
719.7522
697.8324
638.7619
681.8195
610.1157
596.2479
526.4084
689.4443
664.5099
650.6315
662.6967
566.8808
620.5197
642.1775
594.5481
703.4112
537.5864
716.5609
652.2225
659.2106
631.3266
619.2541
574.3565
733.5177
642.4327
638.9149
601.2837
574.4471
601.0695
685.7282
668.8304
682.1343
653.0382
693.553
654.3591
639.4243
620.3836
704.3178
587.7499
651.8576
609.0054
656.2644
616.386
613.2453
677.4415
660.818
699.787
671.8869
618.2309
574.6542
578.5236
626.5789
633.7838
618.3932
617.5268
566.9227
764.6072
669.856
594.5858
658.1468
620.6485
584.64
540.9537
652.58
654.6182
695.583
647.9235
579.0795
705.6641
555.4471
705.2205
572.1007
702.6369
671.7978
596.9982
730.5704
562.7264
602.7148
631.5029
633.8193
523.6661
651.9191
667.5799
607.8448
601.0481
603.4335
582.1498
596.5994
642.9167
675.0839
692.7801
619.5698
659.3957
651.256
587.0158
605.1337
624.7755
670.3215
627.834
576.0379
714.0315
635.6209
574.1658
663.7026
642.8316
617.9952
625.8796
745.0598
602.4036
660.4469
671.1975
521.7982
670.0447
646.8154
697.1132
620.6092
532.286
596.069
698.5948
654.9256
625.6064
605.0217
585.1517
552.6669
627.8829
630.2272
650.6958
660.0695
576.6227
572.8773
728.8101
592.4858
686.9739
619.7496
733.053
683.8021
649.031
637.0501
594.779
599.2918
713.1626
700.7291
602.3481
657.3731
577.8032
605.438
572.2155
615.865
597.4165
548.4046
647.3076
662.7539
620.7753
662.7292
592.6258
584.9973
647.6056
663.8615
548.2319
628.6335
601.3565
627.8668
645.5692
703.8435
618.8766
582.7852
639.0536
762.7012
563.8438
668.3244
639.2927
635.3
739.0643
602.5221
572.296
657.998
695.6438
604.4638
641.8527
638.7637
647.1676
535.8887
695.6448
672.3193
558.7754
570.0681
603.0279
667.8704
648.0561
658.7288
660.0747
628.8377
627.7712
630.9363
562.723
628.6544
723.3839
570.5282
576.7417
668.194
627.6797
736.8192
624.9898
634.1775
649.316
667.0076
644.9616
570.303
725.2121
587.2167
592.0771
580.4719
638.7486
619.819
694.9217
643.6398
641.0692
633.6002
683.3938
622.5391
637.1551
665.5721
651.6523
598.9853
631.8492
662.6407
633.5523
676.8731
569.5632
598.6956
625.1717
565.4459
685.1953
558.6574
758.8779
691.0562
649.0918
642.4063
666.9536
712.6425
609.2415
662.1041
706.5873
585.5132
549.8372
642.4366
758.6017
712.8724
640.3964
547.947
653.5133
655.2576
648.7995
648.5294
704.7927
584.2477
612.116
601.969
654.2271
695.962
637.8486
667.3282
615.3307
631.396
604.5034
671.3343
688.9386
