101.9794
101.8195
103.4436
104.1058
104.2507
104.2046
104.4009
103.3028
103.4621
103.781
102.4985
102.1685
101.8671
102.6209
102.6584
101.8022
102.5832
103.0925
102.929
103.2337
103.4235
104.1917
104.284
104.5693
104.6893
105.6867
105.2148
106.221
105.9023
106.2037
105.8037
106.0419
106.7946
107.5837
107.2904
107.1962
107.2426
107.2786
107.6407
107.2786
107.5319
107.2131
106.7871
107.1413
108.0375
108.2889
106.8825
108.0014
107.6874
107.6481
108.399
108.3432
107.8539
107.8628
107.9595
108.6485
108.7575
109.2992
108.9761
109.1764
109.0048
109.95
109.4232
109.2915
108.896
108.5878
107.9639
107.1616
106.7321
106.9724
107.1477
107.4855
107.2817
106.8623
106.8983
107.7033
106.9392
107.3548
106.0239
105.4651
104.4632
103.9312
103.2858
103.1748
103.211
102.7739
102.979
103.4422
102.5999
101.7393
102.3521
101.4687
102.1042
102.371
102.8198
102.9818
103.2397
103.6396
102.8491
102.4308
102.2524
103.0178
102.2034
102.2074
102.6751
103.2243
103.7778
103.1946
104.1552
104.0595
104.1386
104.5519
104.128
103.5085
103.6646
104.5984
104.4166
104.517
105.0851
104.2187
104.1593
104.2162
103.9823
103.841
103.1528
103.4223
103.3723
102.7737
101.8069
101.8977
100.8028
100.8687
101.1934
100.4972
100.3298
100.5573
99.92397
100.0853
99.37027
99.69702
100.022
99.7975
98.86386
99.39128
99.23657
99.29636
99.47144
100.1364
100.9894
100.7148
99.87478
100.1379
100.7173
100.9007
101.0393
100.5827
100.1073
99.61789
99.50717
99.79033
100.9069
101.1649
101.7735
102.2085
102.0773
101.8575
101.8463
101.6205
101.4073
101.2938
101.4378
101.6104
102.241
102.0338
101.2733
101.1766
101.6549
102.0427
102.2377
102.0615
101.2578
100.8063
100.2074
99.49258
98.87306
99.55214
99.81332
99.89962
99.28469
99.97198
100.3886
99.77599
99.91214
99.6118
99.93926
99.9653
100.7428
100.6105
100.731
101.1982
101.6286
100.5164
100.1481
100.7441
100.6144
100.1034
99.98639
99.45167
100.2648
100.0223
100.9485
101.0272
101.199
101.306
101.5884
101.7039
100.9325
100.6899
99.74238
100.3154
99.74976
98.65719
98.07018
97.51746
97.20187
97.28001
96.88587
97.05434
97.294
96.69473
96.55725
96.70323
96.79982
96.85783
97.02518
98.10858
98.56204
99.14911
99.41505
98.53292
99.46824
99.26065
99.37445
99.22602
99.36857
99.37344
99.68003
99.48034
99.27298
99.17952
99.5333
99.61234
99.84739
99.52929
99.26076
99.02421
99.2591
99.61676
99.1127
99.42036
99.403
98.56331
98.27746
98.4541
98.88449
98.49839
98.57801
98.39048
97.7527
97.04752
97.27478
97.86453
98.4121
97.6262
98.21392
98.16868
99.02585
97.84846
97.88619
97.36608
97.24066
97.41074
97.03329
97.41995
96.9095
97.01165
96.52457
97.20294
96.81603
96.37891
97.21664
96.57513
96.90086
97.01529
97.45238
97.50229
97.75583
97.70707
98.15582
98.31186
98.69573
98.25229
97.68388
97.48676
98.21506
98.89475
98.85941
97.98872
97.96991
97.72995
96.97194
96.75646
96.50198
97.44384
96.77866
96.57599
96.63522
97.63292
97.29602
97.51969
97.5841
97.49419
97.23447
97.00059
96.18388
97.12045
97.31211
97.02449
96.1201
97.43223
97.16213
97.11484
96.43422
96.98018
96.52953
96.88271
97.23104
97.53401
97.67659
97.46289
97.74226
97.59529
97.76895
97.71733
97.27915
97.53575
96.77388
96.82514
97.13412
96.88093
98.10286
97.65919
96.89668
96.90628
96.92681
96.97886
96.9814
96.63548
96.49474
96.77113
96.31832
96.43413
95.55643
94.92435
94.94966
94.4619
94.1375
94.01773
93.97505
94.41999
93.88023
94.08931
94.51529
94.02828
93.49322
93.85492
94.09783
94.168
93.54343
93.38465
93.83569
93.9802
93.59428
93.49271
93.42738
93.25076
92.29408
91.50341
91.1728
89.55091
90.3302
89.69179
89.47325
88.42907
89.13166
89.48536
89.63891
89.50078
90.05783
89.89511
89.85509
89.50494
89.48962
89.11803
89.3718
87.98157
88.08233
88.92302
89.00799
89.27608
88.98357
89.0438
89.12912
88.99504
90.09983
89.91695
90.34306
91.06107
90.42097
90.28488
90.32575
90.09711
89.66692
89.61536
89.39048
88.90944
88.97282
89.98128
89.7579
88.11335
87.63958
87.59602
87.34103
86.95196
86.79921
86.30626
85.85443
86.25342
86.51124
86.68343
86.5668
86.5022
86.6947
86.56588
87.06659
86.69047
86.29158
86.7768
87.20452
86.95599
86.74455
87.22789
87.41064
86.56615
87.15295
86.08423
86.29444
86.50089
87.29318
87.72705
87.06425
87.86219
88.04253
87.99239
88.05791
87.71817
88.55372
88.66871
88.35895
88.57096
88.07723
87.17759
87.07251
86.46916
86.77231
86.56008
87.58347
86.93645
87.54725
87.89208
87.93349
87.84925
88.14069
88.29498
89.02183
88.94758
89.42427
88.68764
88.33353
88.46643
88.69397
89.00661
88.5878
88.22852
87.71487
88.22681
88.17859
86.76398
86.34473
86.85953
