212.3184
199.3949
166.2069
183.1761
184.0881
197.0812
167.209
238.9387
239.6134
235.351
192.5777
219.1321
253.248
167.884
158.8322
136.0206
107.9491
112.0291
115.1891
99.64375
106.1371
110.186
112.3689
94.08689
77.42239
68.33735
82.41168
104.2779
110.0141
88.73325
87.57107
87.09141
81.40523
99.57954
134.408
134.9701
142.6527
197.6369
160.5559
141.415
184.1116
165.2612
146.655
134.9165
146.5376
140.4447
154.1596
143.7812
134.7875
147.4804
134.5438
154.7861
154.2484
144.6293
115.8606
113.5089
147.4712
132.146
125.0999
105.008
168.9792
206.6099
270.8241
298.6891
282.0437
360.237
364.6774
266.4825
241.5779
160.4381
170.2355
153.8938
151.9506
121.3498
84.0398
84.56314
90.99248
106.7519
97.90046
74.97944
79.4902
77.05754
97.01972
86.55019
74.59754
66.32217
65.04294
63.25091
73.53741
84.18827
89.55245
69.85862
72.84294
67.52244
84.43511
82.58494
106.1137
109.9474
124.8464
115.5402
141.11
126.6187
136.5879
153.8229
132.0146
151.829
135.8067
191.3228
229.3145
249.1795
352.6683
419.8794
411.5761
370.4743
369.7265
317.1277
278.5975
280.7965
278.0414
275.3371
226.8261
263.3243
235.5084
251.626
188.604
166.2744
146.309
208.4155
167.4783
118.7383
115.7217
112.7045
103.6433
117.8155
126.2298
111.5289
107.2266
145.7932
147.6015
209.3335
229.3672
225.5077
201.737
193.596
157.1821
136.107
112.0073
122.8645
152.8395
142.8813
166.602
221.1076
218.0083
235.4808
215.1489
239.3349
208.698
192.036
202.9179
202.2945
223.7711
201.0317
184.3296
159.3411
120.2179
114.8306
119.8063
138.4627
139.8772
138.9432
158.9457
96.49608
109.9162
97.70526
108.1735
120.9205
99.2724
93.18538
124.4776
122.8583
134.1891
161.2183
168.8646
123.2757
137.0856
181.4695
184.6335
191.1738
132.6286
133.0515
138.1748
163.5011
141.009
140.0347
136.1746
155.722
122.6814
121.7154
139.4414
183.0658
209.4097
190.4701
145.0966
135.1725
179.6416
214.9554
209.8624
202.1345
269.6791
295.5998
268.5144
355.1697
254.0121
318.4725
382.3896
392.094
353.0873
275.1846
272.6227
213.6537
223.166
243.83
328.1965
387.956
344.1388
338.8518
376.1824
399.9267
389.7935
414.484
459.8835
393.8459
535.6726
371.6734
351.6168
287.9588
308.074
244.6154
255.0471
278.1171
245.0452
255.4008
288.5876
218.5043
226.705
198.5527
169.33
141.1946
158.0487
159.2297
173.2454
169.6946
126.6177
162.1989
189.0389
173.1664
198.2682
286.8233
279.7988
325.7149
360.5831
346.4252
274.3439
297.1901
234.6974
205.3203
245.1747
166.7725
158.3666
166.2807
184.3442
211.1385
180.3454
174.4559
158.8605
122.5734
99.67738
121.6314
136.0082
109.0901
113.2338
107.3545
106.644
116.2173
165.4401
225.9912
145.7676
130.9534
147.6485
168.2598
193.3712
140.8661
167.7149
205.7194
208.2027
257.5073
156.3826
207.1377
200.6062
156.5249
125.2119
95.90202
119.934
112.1622
104.7702
126.7297
125.4903
116.036
111.9793
96.1748
91.00937
71.28925
75.64508
96.76528
128.1065
137.9616
136.4054
117.2986
107.8538
94.95874
96.32666
112.2363
127.872
102.9908
71.55875
75.19358
89.19017
71.42309
81.6804
81.03317
100.0593
84.21977
94.74954
95.42328
107.0162
118.186
129.5321
128.4812
112.2343
130.2139
122.0268
139.2695
154.5424
170.8813
135.3017
105.3512
123.2012
132.3618
100.4444
138.6741
146.303
171.5932
212.6994
223.5729
229.1892
241.4736
187.1631
159.1472
114.5803
126.9617
168.0165
206.0526
298.642
289.3412
303.6559
270.9052
224.8393
227.6125
174.1846
125.1028
114.4378
116.1839
113.2505
112.7114
152.7799
160.1304
115.0115
135.6258
128.285
135.3566
132.2521
121.306
131.5985
151.6628
173.5174
155.4606
141.3931
187.4821
165.4438
113.3787
124.9448
86.33229
94.2195
102.3169
108.1941
129.9927
146.9522
141.5698
142.471
204.58
219.9167
197.3244
157.3349
140.8258
150.6464
139.0755
174.6514
159.8795
162.6355
120.7325
175.8875
172.0336
232.2691
236.7879
376.5712
388.2708
339.4989
306.2938
315.3958
401.8752
314.0333
311.4291
399.3464
354.3351
356.6499
310.7804
369.3428
282.8556
208.5591
265.7012
280.8337
227.3165
281.6994
246.8165
281.7819
262.2636
255.9783
246.1904
262.6737
284.4896
359.5615
303.0002
330.2135
415.1254
439.633
414.4376
319.0647
260.393
316.3793
381.0789
349.0331
430.0154
408.5641
379.1963
305.2079
288.8294
231.3672
191.8662
223.6828
258.2975
274.4048
316.7899
341.7376
347.9323
660.6496
401.2212
458.6439
349.5554
263.672
254.7624
163.2033
164.719
184.3207
150.6775
133.5035
145.8398
198.9098
265.3572
224.5495
287.5441
325.6576
347.254
246.0625
255.5746
207.7175
179.74
180.9953
126.7872
146.3751
140.2056
123.915
188.1194
219.6676
136.7881
130.6215
132.8653
129.0428
107.5529
114.3762
89.71951
