761.1534
356.0783
251.3718
226.3073
125.6514
482.7384
274.6807
354.6216
319.5765
195.5436
192.2557
199.5975
361.7876
209.1747
416.6003
387.3872
123.6503
167.4428
155.3259
415.7649
1458.558
402.4295
314.1489
518.9724
398.3115
265.0524
209.4358
287.8876
134.157
304.0579
507.6432
320.3749
252.4066
216.2576
387.7204
396.2281
365.1783
222.0313
276.4667
220.8829
422.3199
162.0341
219.6772
202.6505
158.9447
215.4392
303.2906
287.3046
307.9172
283.3513
231.2048
420.4322
187.3646
265.1468
479.7671
147.1565
343.1891
521.0658
342.1779
188.6984
282.3028
230.7188
480.2291
185.4323
405.0751
206.9951
159.8687
179.7121
162.3761
216.0769
465.3973
283.2049
171.2492
157.1928
173.3136
258.0775
116.1587
363.7198
292.1034
212.4672
276.2663
258.6614
172.6547
275.7941
473.7663
317.5899
419.148
342.7644
195.008
496.2478
333.2413
217.536
329.6711
370.768
291.6232
219.0494
230.5579
294.0748
310.1477
120.8577
238.7747
218.3401
280.9056
509.8388
511.1434
245.0323
537.3995
614.2387
878.4636
365.9656
571.5393
330.7008
283.0331
404.1864
397.515
567.5278
940.5709
165.7999
170.5382
365.1415
377.6674
187.5699
174.3834
447.1352
233.4961
338.6146
218.4579
228.6208
822.0961
384.7154
431.4839
303.3007
366.1967
461.3944
222.8231
416.0784
195.7636
377.444
262.5
320.3148
131.344
371.0366
247.1764
192.234
153.8187
334.2547
260.1541
275.2622
642.0212
246.5046
223.7955
653.2942
237.2063
258.8716
313.892
268.0682
185.8743
370.2668
412.094
287.9212
173.4677
572.9066
204.8616
179.4366
342.8804
195.3671
661.3458
398.7645
276.5673
146.8844
280.3059
237.3357
256.9452
142.6655
286.3747
538.0261
602.5592
765.3118
261.5494
331.1893
334.6192
154.5068
376.0881
766.1279
281.2961
462.8722
300.1817
335.8384
544.1875
579.829
279.7009
1007.344
209.7959
180.3253
380.2333
319.705
614.42
546.8534
867.3024
567.7569
850.9956
721.2773
368.6402
288.6528
805.2913
924.6552
206.834
127.572
496.5234
183.7716
500.3539
390.6179
774.262
638.3775
249.6528
235.5391
253.5787
631.2424
494.0697
152.2504
405.5691
269.8504
239.5289
275.5701
112.8084
491.0637
1123.748
3878.02
768.0734
315.1499
1088.259
457.3335
794.1631
271.9926
518.8823
217.4494
661.3662
390.1394
215.0392
602.2382
174.9289
328.3904
641.6289
229.9624
265.8171
205.6048
160.6001
242.9892
323.4805
528.9223
295.3224
280.3364
333.4017
253.9828
244.7399
349.4452
254.7591
205.2084
297.8441
312.4413
268.1285
508.0488
208.6299
237.5654
532.5763
1200.823
868.4764
395.4293
206.3718
1847.198
287.7957
277.5792
240.2262
253.772
316.9456
428.3416
147.3262
327.4948
205.18
339.3064
1890.324
827.2879
199.6217
165.3743
377.7858
206.2765
438.4039
642.6111
373.1928
460.7741
324.2793
521.5768
396.2003
335.8235
393.3981
175.6092
1044.868
382.0209
523.4486
287.254
627.5273
443.7461
242.3981
218.5777
357.6652
360.7781
757.747
510.3509
497.9629
748.3215
744.1146
706.3798
398.8662
446.8911
707.1593
470.1713
230.0601
872.4188
311.7069
1584.527
432.5825
477.0824
621.0688
372.9712
876.6065
441.6753
247.9768
533.017
1048.35
459.2355
409.7668
622.4125
442.6608
496.0406
363.3597
424.7284
436.5157
916.4299
401.8517
511.3209
682.8058
332.8713
447.3354
234.4611
358.4105
202.7723
227.8896
443.8292
380.5652
380.3589
592.8423
687.2665
296.0861
1941.521
584.5617
519.991
1236.164
200.1925
386.2943
561.9905
499.7901
1192.764
995.7733
442.6412
1707.839
222.1798
368.3126
465.2128
532.0118
243.616
247.5296
555.7925
252.685
296.5057
1189.904
548.672
167.4915
291.8847
666.0528
407.4233
780.5608
818.8701
287.2888
398.2372
353.1429
397.2874
821.788
441.7488
801.1275
217.0251
708.468
232.5991
640.6001
402.5656
257.0499
416.4686
564.9816
241.2904
155.2283
377.9269
560.9962
443.8108
444.1759
566.6064
640.4245
621.7625
772.172
558.8107
365.4532
471.6095
416.178
1073.255
262.0576
336.4996
1444.472
393.4001
292.4706
733.1011
483.9177
376.6084
884.9538
1350.679
516.6463
437.8223
636.1273
247.9641
761.8906
235.1519
621.1979
249.3327
711.9113
402.1245
412.4105
786.2302
327.1117
580.7099
234.4968
303.4782
479.6849
402.1216
634.7277
266.1666
463.8021
470.2076
602.4928
761.4404
815.293
289.7927
590.9423
733.1943
937.2706
777.3719
588.1257
239.0375
350.5979
1216.277
994.3583
513.0343
488.3474
476.2725
584.3177
544.309
475.0156
1664.252
494.2433
963.9277
1953.248
771.392
648.2838
676.8823
711.0719
412.6281
495.2559
622.3788
964.2739
811.9954
245.8097
260.2245
333.9083
629.3934
781.4834
940.193
679.7853
1304.308
904.8941
199.9601
370.4541
1393.845
414.2994
710.0538
399.0424
870.1691
519.7182
795.1064
358.9818
459.0582
736.2137
291.6469
432.0976
317.8947
