101.7669
100.4602
146.8416
198.0614
182.0649
155.6747
149.0125
214.5779
178.6601
167.0177
182.2328
163.2826
157.219
102.3817
103.0287
136.4956
107.6856
86.36648
101.8758
89.74873
72.23448
81.1058
96.06286
129.5636
134.3737
127.8451
99.75589
93.26754
94.63288
100.1152
100.1091
109.0045
129.9677
98.54711
80.00358
54.11356
44.38273
57.9314
70.56747
92.27652
89.59676
87.76581
108.2206
113.7099
74.49964
116.1797
162.2196
216.213
254.2547
300.2141
363.0509
331.6407
656.788
726.9502
453.5185
460.4413
546.179
442.4263
429.2667
472.8889
612.5394
702.3825
1048.673
1651.265
2525.744
3461.17
4202.752
4247.337
5080.582
8137.696
11616.02
18342.34
21151.76
27409.08
32486.68
40406.2
43316.28
52757.51
67378.88
79158.75
117665.6
324875.2
534692
1111608
2121033
6129180
30236404
39108133
39448829
45522686
46656323
41440225
37073405
52525554
44717199
43241852
38101773
44971743
40056529
36615318
43301941
48587055
39322670
42663358
36298548
40986572
41251416
37782971
39375932
48775061
42472616
43193958
37071736
45575136
45826803
40011069
39227837
44448481
40521077
45064035
45390986
50126372
42915593
47311531
36895031
33261521
42217554
39133805
40547683
42780758
45016358
34429208
44060035
46352834
37733181
41126032
46413135
39315049
44109905
45033023
46707199
38814609
46759503
44444612
46053502
35995518
45215814
40571858
38394953
41344046
41641799
41533298
37097441
43486249
35339193
39555350
43220834
40125154
42558100
34848571
43607848
38986360
38483594
41917467
49601202
44886142
41447308
39996306
40212086
42953768
42584642
44887697
44650889
43721507
46337091
45531972
39877768
47584939
40941257
41231724
44514812
38504192
41359161
39453332
41135291
46126177
44257096
34045247
47748414
40068346
41968989
46949548
42557505
41338857
35628907
40140853
46379484
45494148
38715922
40755730
43464766
32975130
41180107
43423530
41362072
43738507
40295513
39491688
51089350
44379348
40713466
39048215
41052850
45425004
45617882
45251542
41200093
37389523
38856699
40324405
40281606
46327796
40271979
44739836
40664955
43476671
43658960
36101752
41149276
39084965
40832079
38520547
41611595
41297880
40533499
43939287
48066302
45555576
41450967
32611771
41944328
45372291
44139939
44133423
40374171
41759381
43469651
52381508
43089430
39768810
33489447
40526438
42050692
38604740
50440011
39674681
43243609
49501734
44222407
40282892
41756155
36097975
39969317
38589070
51476455
40484645
37887070
39742429
45445368
34665652
36559839
38410292
42074643
41965097
41648305
37712704
37441971
40200732
44071088
39032256
43292387
43870234
40694429
40091611
38584408
43704505
43573359
43817815
40601814
38797167
45198507
44953051
44638897
39024601
42472035
41221793
42524625
49430081
39816089
37035751
42337439
38358157
42944792
40367568
40832617
42704704
40732118
37582780
39717195
37367967
45755524
40740864
42621355
39641315
46029080
44607574
42978492
41469919
39610560
42504341
37299877
41864927
35477695
39830989
42599981
44699490
42490381
41685120
40851765
45744410
47432597
44424278
42508965
40146304
39662058
43487190
41521405
53694621
38335723
41522194
43054117
40138460
49748329
44829056
50446979
37652825
38267820
38238388
39707715
33853755
40549465
42407934
41060907
44627758
48389006
43100231
44347657
42352093
40957461
43562460
45148299
42671590
43298003
41424738
43044475
43303762
43576847
44046761
31293270
38016306
45129479
48213963
38413730
46505989
42125387
40111963
42129833
42072529
42470738
41474213
40857381
40855571
44210522
39554172
37233562
46574677
38928037
48180290
36945450
35925354
47175559
40472267
40602397
39704470
35285794
42360053
40345841
40205475
40882353
36550480
44001260
39263722
40705846
42111190
38996187
38422595
44815665
46702423
44041534
38007161
39911989
41367941
39174169
35815186
41624239
39982346
43531044
43286582
41895148
42674234
35963468
37080715
41647367
45961120
37784162
43291518
47571092
43926235
45784692
40188578
42081068
43663554
42144298
41947989
41359532
37822833
36053067
36359853
37734316
41402594
42615324
36429273
40275925
35257556
37218387
40071591
44404565
45875614
43775302
38296985
44584373
41893206
40799760
38753934
42729774
40666602
42196679
45351902
39592388
36236400
34761812
39810440
38923235
34958649
45970642
46800395
40113987
44393587
40326908
43063973
47247100
40728754
48343632
45578956
37850208
42448014
49668988
42958055
33177916
37242982
43465474
38727477
35898767
46519760
44242108
44120809
43848471
40914524
44376505
46972336
43542531
42427135
42595778
44659829
41749644
41676233
38140791
38471844
39846155
44450017
