332.7188
192.2358
144.1885
146.2869
251.2222
148.6712
165.7159
159.0316
270.4811
262.5287
825.7386
157.9215
166.6844
193.9629
188.2138
557.5761
567.8948
315.7045
307.9632
134.8634
162.7705
106.5582
501.2906
145.7397
632.9722
216.995
704.7228
267.8306
204.7902
371.8981
149.1743
210.6928
269.6129
180.6348
195.2652
504.618
307.4408
304.5946
118.1251
241.2271
177.0909
107.8995
118.3174
493.6134
200.5031
217.1306
603.5781
171.2241
273.9633
546.6156
386.6287
356.4115
207.7151
175.2019
165.499
157.9397
479.4925
249.6249
338.2216
448.7461
133.6729
246.7022
213.3526
282.4084
407.6821
133.6237
174.4186
215.6978
339.7928
211.4806
130.7153
224.2698
272.4038
458.5119
796.4424
257.2907
185.1978
163.8934
280.5853
1105.796
220.378
352.5736
268.4086
202.402
479.4672
441.1138
720.0738
310.9687
556.7948
931.988
218.7878
204.6264
151.5156
229.9186
261.7886
634.867
150.4604
188.7168
189.1042
113.2502
202.4156
245.1859
266.6013
233.3014
483.075
612.4406
411.6665
723.0746
227.5771
192.6876
206.8721
280.0084
155.9116
247.3002
236.143
254.4971
1200.03
126.4621
200.7218
556.4117
388.2001
454.3475
302.1227
322.1871
1382.243
315.4366
262.631
526.7994
386.9223
174.9639
198.5634
311.8414
143.0517
308.703
958.5065
187.0312
410.2806
582.7357
159.3674
559.8309
199.8025
408.7004
245.69
476.6242
204.6996
190.6638
160.9978
115.5055
202.3487
557.7125
258.793
191.7215
811.6712
253.8961
484.9582
205.4316
257.435
416.9329
569.143
232.649
436.0941
455.6042
277.5455
149.3983
241.5931
251.168
242.118
190.302
1254.764
911.6689
428.4813
352.0003
593.4469
128.7435
699.3691
549.6814
289.1956
302.5121
299.8044
485.9865
220.8319
165.6928
343.0245
286.5845
221.1084
548.7697
303.0262
157.0046
223.4791
236.4225
392.3265
179.767
384.5139
424.7584
333.7897
278.1908
206.8947
438.7855
243.2372
292.6662
393.4606
248.8958
248.1383
220.7544
154.5037
116.9464
147.0938
164.377
173.4459
141.0845
359.2676
185.9089
588.7394
93.59505
547.834
182.2515
324.7272
196.9241
116.0161
349.1732
626.7896
305.0205
145.6718
220.6612
294.0608
371.3229
164.6598
174.0368
236.3482
154.5952
707.0306
467.5394
177.693
254.3493
493.2782
763.2978
261.9899
235.0032
150.3277
334.4995
288.5396
239.9435
208.0284
155.8546
174.8572
255.9835
190.7798
338.7522
353.4415
200.7733
166.941
307.9938
319.0241
138.7124
156.6036
181.9239
200.2198
396.1265
478.1626
253.4817
144.2271
130.4305
371.4661
281.7808
216.7844
471.3746
292.5284
210.6244
187.3914
617.1969
293.3273
354.9638
296.4851
350.35
255.1392
334.0639
433.0392
118.3595
225.3177
198.4985
235.6686
364.4163
180.1328
162.1848
420.2609
188.4474
392.2096
141.2144
179.1533
422.9261
227.0946
433.9589
209.7503
206.1124
218.8336
839.8927
485.0001
227.5231
673.6249
288.3376
314.4041
372.7244
123.1963
265.4904
590.9906
112.5232
169.5355
299.6484
131.2073
64.84668
103.5392
152.8213
465.1468
303.7502
148.0815
232.848
195.7261
238.0212
140.1523
191.4192
296.6144
327.4257
397.5779
159.617
144.6922
766.6389
404.2722
178.8548
160.6709
338.0276
136.633
590.8831
245.4669
307.8847
156.0979
241.6385
166.3327
318.6997
261.7135
122.7844
228.3366
349.7421
191.0931
288.8694
473.7654
350.0208
119.0856
168.6473
536.986
158.7113
160.9031
97.09857
229.9467
227.7399
199.7253
186.0289
193.0899
257.8358
263.3138
155.6766
285.1566
252.0634
226.1407
180.2647
155.9535
520.9761
261.6882
374.6361
233.5547
114.348
333.6074
644.3854
151.6385
425.3887
251.118
514.3747
484.6458
214.5571
632.5488
155.6353
371.8898
220.2707
232.9917
319.3379
472.5221
502.6822
556.0262
155.502
251.7853
228.7169
164.8332
334.9093
147.231
237.1891
124.8107
275.185
225.143
392.5126
124.2919
202.3223
246.6301
487.5663
308.1167
353.2083
228.4309
221.662
420.5311
248.7294
544.5905
259.6713
189.9083
172.4358
245.7411
275.6499
397.5154
349.8611
171.4802
178.6388
355.4031
131.7576
212.8624
217.8241
143.0536
126.6113
352.0278
161.6412
311.8906
246.5003
146.6195
141.3485
97.90458
754.3519
179.224
218.8075
183.1907
146.6814
212.5209
224.7158
268.575
463.2699
536.0859
138.0581
268.2549
68.44257
207.2387
227.8502
130.7582
250.2453
168.1937
385.3634
244.7235
345.0132
726.5703
264.9311
235.7242
237.667
202.8771
200.1425
207.9981
362.9222
258.2184
111.5978
254.7973
269.3443
164.2467
458.8104
215.747
526.4799
103.4603
144.2867
171.3277
209.6342
229.4834
324.6312
309.4219
754.1517
276.5177
222.2413
225.0328
299.6723
219.5272
226.4162
114.7251
203.7356
446.3287
283.1708
95.09762
193.3306
381.2379
378.8304
121.0495
525.0094
155.1663
245.913
254.4049
213.0791
303.0568
102.7157
564.3171
118.5067
