677.3426
950.0715
1757.447
775.3465
1259.018
1280.894
1435.521
590.6265
793.7051
719.0832
1186.111
1737.631
2063.575
1369.357
1261.956
1237.289
1397.976
1065.362
2027.536
2278
2037.837
2408.246
3954.626
1020.208
1774.736
3115.582
1759.923
580.3893
1652.174
1011.595
2655.199
986.4307
1437.636
2523.034
1113.326
1217.554
3455.193
1064.358
850.3726
817.7982
757.9584
1375.63
1264.641
2147.7
2492.702
1930.026
1381.555
515.7717
2289.683
705.5303
3205.485
1564.377
1168.683
6481.954
822.4276
983.1617
917.8785
4213.476
648.7669
700.0582
467.1026
1592.014
2643.251
835.5169
755.5999
534.6137
2790.299
1818.526
4736.089
2235.228
691.4146
1155.953
2919.539
1818.795
1987.25
1902.171
1642.69
1636.538
663.8463
733.5952
855.3488
1417.604
868.8959
1802.955
1367.058
802.9212
1016.004
1161.274
647.9183
1020.121
2029.212
1402.431
1046.563
646.468
2188.121
2093.924
733.846
507.9518
1865.802
882.3843
875.0079
1156.528
1446.103
2055.589
1581.344
1630.972
1335.873
624.9064
650.7336
1461.494
1740.002
1765.935
1447.991
960.1207
2103.309
2738.748
787.295
1427.692
950.766
1028.189
836.5542
2715.176
2806.148
1960.322
1315.335
866.1206
1107.147
1399.381
1093.282
1114.008
977.1257
1495.136
492.2663
766.809
724.7893
3277.131
927.3393
914.0699
768.1051
915.8485
1099.181
891.1905
706.6807
943.3967
1988.589
613.9868
1379.272
843.647
1172.685
4421.2
798.6656
957.3671
1011.268
1646.998
1778.152
1079.509
2143.026
1506.881
4554.626
1154.458
7284.42
1658.557
709.2829
1362.402
1021.609
947.8563
965.4208
878.4724
729.952
5308.354
742.4978
1339.428
1370.34
743.0521
1255.811
1452.912
851.1944
860.3401
1151.951
970.3303
1508.323
1103.043
917.9579
1410.232
821.3285
843.5632
1380.92
860.4355
594.3468
1569.562
1143.132
1654.273
810.612
1243.901
1526.236
1136.555
1260.151
1058.449
2570.279
510.3957
600.4222
2184.992
3998.63
944.6317
1848.835
4834.363
688.7191
2786.863
807.9448
1765.605
753.7048
1123.751
1080.06
975.7103
756.4462
1637.929
936.3852
1195.542
981.905
2618.728
1538.111
1082.261
1005.433
1361.345
1097.978
1447.573
2478.994
1175.521
1060.473
1036.104
1399.117
818.4704
1340.397
406.054
1712.254
1629.379
788.8922
1261.255
867.318
2202.46
3171.791
2104.918
1902.17
1073.577
728.6195
1548.049
3334.543
821.6094
1452.576
1575.174
2202.157
1151.353
2581.623
2168.731
1483.625
2595.894
1035.851
799.8717
1751.424
614.4758
1325.537
1628.104
622.9735
772.8253
3219.592
1069.597
1461.659
1018.487
972.3174
1737.333
1238.795
1741.791
1089.445
1906.617
1248.011
1959.368
1374.945
1356.019
607.9647
1114.715
934.855
928.59
552.0882
764.4002
2422.314
1756.472
1050.526
651.4465
1465.678
1322.567
2806.33
784.8153
1342.332
2643.81
2181.543
776.0118
950.1601
3002.125
1417.252
1450.046
1368.759
924.7638
883.9871
2322.784
1686.082
2729.228
4568.544
1983.389
2388.02
717.706
1631.114
1014.338
1470.548
3014.719
1074.714
1699.221
693.3646
1561.174
1628.607
5696.207
2602.079
1053.216
1398.155
463.2065
1760.898
1028.716
604.1353
487.5122
1884.275
2181.863
4126.756
753.9368
775.3431
733.7364
2105.277
2029.853
1891.401
2360.606
1583.246
2011.215
1085.831
3552.988
1520.441
1085.146
938.0779
991.4963
2008.195
1999.485
1806.297
1178.554
3923.572
1793.819
1433.363
1012.398
1656.499
877.617
1648.938
1178.564
1445.227
2231.527
2049.982
1734.632
1264.043
1489.536
1015.024
1340.472
670.206
875.9898
1231.457
1308.346
752.041
686.5902
2536.177
1746.369
1338.809
616.6403
874.6708
523.2135
1083.253
752.1847
1516.15
848.2019
1811.552
602.8626
1500.414
4755.685
678.4245
1561.815
1093.863
2682.94
1282.865
748.3791
1286.629
646.3344
1207.368
1185.332
711.288
834.8857
830.7034
1378.605
2984.614
1228.84
1053.153
2356.297
1114.563
1007.552
734.6708
866.7543
819.3445
1245.621
802.2476
2286.642
2011.236
955.3928
1334.056
1654.069
1231.143
1464.992
1376.957
1436.03
994.0204
1512.529
1208.71
1390.436
3303.232
937.6749
1658.365
1915.27
1514.687
1953.044
1409.078
649.1551
3164.103
1676.516
1242.272
709.6475
1885.842
767.9353
828.9388
1314.606
917.4487
1053.646
2703.649
1194.501
1291.996
1280.371
1542.089
1759.943
551.8337
1377.403
1019.943
594.4112
892.899
834.3334
979.5608
1390.885
2005.64
1564.514
1031.181
990.5469
1045.376
1435.474
684.4516
722.745
1317.41
1191.281
1013.865
958.5552
1238.609
1516.373
1240.166
4924.234
1095.86
535.1566
2771.351
1305.762
1560.016
1882.109
1198.79
1491.465
936.4515
675.6277
601.8703
1322.307
1721.016
1584.364
4587.095
1333.294
2082.209
1225.921
1019.027
1227.107
1959.723
1081.043
2561.938
1886.497
2800.274
963.8607
1182.107
1010.934
