15.15672
16.75317
17.20832
15.59217
14.70609
15.09338
16.20823
16.73502
16.37872
16.69846
16.58782
16.34034
17.20733
16.36512
15.79605
16.51982
15.77441
15.989
16.25879
15.22502
16.75266
15.58883
15.66756
15.90357
16.93004
16.68629
15.0037
15.86096
16.20092
15.00014
17.28923
16.3398
16.17135
15.94861
15.23018
16.68414
16.15471
15.97953
15.49366
16.2399
17.66456
17.32986
15.12746
14.89606
14.88841
15.12695
15.27802
18.68008
16.28907
13.99417
16.16011
15.34986
15.30111
14.38448
17.04242
15.35614
16.43452
15.88652
15.58525
16.03555
16.89833
16.7402
16.29139
15.65926
15.78331
15.73646
16.12085
15.5127
16.01217
15.39095
14.87462
16.93922
15.70493
16.95935
14.83388
15.3983
16.30514
15.26253
16.62903
15.50671
17.19758
16.86069
14.77488
15.18865
16.85142
15.23895
16.41482
15.30344
15.16241
15.98072
17.70647
16.74663
15.89624
15.56723
15.19594
15.7924
15.94462
13.61435
16.59049
15.44299
15.58957
15.61174
15.48452
14.7586
15.14568
15.23469
14.89703
15.13795
17.68655
17.69532
15.58601
15.44663
14.43491
16.61671
16.63698
14.46215
16.31267
14.73945
17.07292
15.71294
16.06663
13.87661
16.54312
15.11535
15.82718
16.47005
16.46203
16.10026
15.94169
16.31632
16.537
17.11972
16.31116
17.37157
14.40424
16.12204
17.06084
16.86897
14.9334
15.30348
16.43563
15.93388
14.60721
15.23037
16.17823
14.60814
15.51001
18.20086
16.31204
16.38281
16.47136
16.36665
16.69678
15.60927
16.79391
15.51249
16.19946
18.0661
15.99093
15.78757
15.97718
15.50557
15.51937
16.42712
15.56697
14.31556
14.89796
15.39215
17.984
16.41477
15.03387
16.31355
15.66665
16.10447
15.92772
15.6834
14.42441
15.27196
15.45822
16.33924
14.70426
16.72735
15.69166
16.56936
16.28012
16.92621
15.50195
15.8933
17.52337
16.3616
17.27554
15.80397
15.11637
17.50428
15.8893
15.75579
15.91765
16.89006
15.94304
13.94079
17.41197
14.47016
15.88122
17.20199
17.67272
16.39067
15.53765
16.16401
15.18675
15.97706
14.71383
15.32721
16.82095
15.75233
16.32675
14.84482
16.68597
16.11713
14.95332
16.27588
15.30815
15.67004
16.38942
17.52052
15.11127
17.31379
16.13175
15.47692
16.46184
16.94458
15.62045
15.0429
16.78678
15.53273
16.0397
16.426
16.44974
15.67585
17.43933
16.97577
14.14633
15.22268
16.03587
14.66361
15.99239
16.74198
17.15721
14.51038
14.83681
16.79662
16.4684
16.86076
15.88552
15.28394
16.53092
16.06622
18.93366
15.28215
15.26955
15.08561
16.67369
15.65653
15.86655
16.16458
16.3135
16.06832
15.43777
15.8515
16.45858
14.7972
14.89349
15.85048
16.82149
15.08945
16.03481
15.72369
16.29833
17.23059
15.2953
15.8194
17.9741
17.71928
16.97864
15.54902
16.37031
17.31503
16.25195
16.19198
15.56419
15.15271
14.65875
15.11572
15.74971
15.25783
15.18955
15.52186
16.48069
13.94222
17.15191
15.39079
15.84017
15.40841
15.55713
16.11818
16.62902
14.8611
17.70474
16.09392
14.30213
15.17806
18.00951
15.57423
15.55877
16.55155
14.41786
15.27604
15.65765
14.59682
16.65724
16.76523
15.17537
16.44013
16.63785
16.33824
14.72134
15.70728
15.17628
16.27793
16.28018
16.41802
14.85474
15.19085
16.41835
16.07155
14.9722
14.83079
15.60152
16.38169
15.92336
15.95596
16.86777
13.81289
16.04281
15.92324
16.02236
14.8487
15.44278
17.04369
17.30358
16.10077
15.76186
14.08092
14.54697
17.14774
15.39777
16.75813
15.79244
18.12499
14.24707
15.33386
16.40022
15.98346
15.34165
15.56321
16.94021
16.15934
17.57537
16.73706
16.83813
15.19672
14.38471
15.73065
15.9016
16.83711
15.6329
14.91397
15.18151
14.84484
16.25636
15.1839
15.2424
15.95007
17.77006
16.37353
15.74121
16.05736
17.09841
15.80269
15.44248
15.96551
16.01351
16.93265
16.25721
15.73815
15.76922
16.20708
15.86411
14.52272
15.60631
16.72938
15.28204
16.72974
15.64591
15.70484
15.12481
16.0279
15.33947
15.49953
14.28312
16.37252
17.47077
16.43766
17.06316
14.70999
15.52771
15.86651
17.036
17.62248
15.51121
16.3585
15.59548
14.60468
13.47405
15.70699
16.80731
15.81038
15.70783
14.88691
16.30194
15.97652
16.68564
15.15866
14.50568
15.04772
16.2803
15.13167
15.75427
16.91411
15.98654
16.22984
16.5389
15.3078
16.71767
15.73071
17.16047
16.82732
15.90739
14.30167
17.47305
16.1901
14.44766
16.50161
15.36113
16.9358
14.29644
16.42286
15.93766
17.72045
16.13725
15.71145
15.70747
16.18031
16.46177
15.91765
16.54109
15.53373
15.35198
17.51342
15.89421
17.08474
16.54776
15.29734
16.60165
15.33083
15.77716
16.63773
16.72676
15.69888
15.76888
15.3258
16.46793
16.60418
16.11777
16.89676
14.95184
15.93611
15.72714
15.55631
15.06102
16.10449
14.25812
16.09688
17.0815
15.92121
17.49159
15.37311
16.24339
14.95702
18.16355
15.96262
