104.5733
104.6975
105.2819
105.1452
105.3683
104.5068
104.6945
105.923
106.103
105.8116
105.8951
105.7359
105.6382
106.1917
106.0238
105.3931
105.2807
105.383
104.7503
105.0929
104.766
104.8832
104.7356
104.7431
105.0773
104.553
105.2028
104.6786
104.708
104.7483
105.5156
105.8975
105.3573
104.9214
104.3528
103.3684
103.3157
104.0745
103.9922
104.1286
104.3476
104.3849
104.5257
103.5479
103.5352
103.0414
103.3555
102.4624
102.4863
102.1213
101.9265
102.0592
101.896
101.7223
102.2619
102.014
102.6049
103.0106
103.5044
102.8568
102.0323
101.7547
101.4298
100.7028
101.3587
101.7658
100.9078
100.892
100.3346
100.5232
100.5933
101.1142
102.0926
101.519
100.726
101.0478
102.5731
102.5285
102.9909
102.732
102.1698
101.826
100.648
101.0733
101.4249
102.8155
102.6619
102.5145
103.1821
102.5335
103.2279
103.3215
102.6948
102.5199
102.7742
103.5682
104.1751
104.2096
103.7758
103.4656
103.3449
103.8748
103.1717
102.9306
102.2955
102.5645
102.1599
102.0421
102.0693
102.4211
103.3426
103.1212
103.7108
103.5803
103.6847
103.5188
104.0029
103.5395
103.7973
103.0932
102.2922
102.9744
103.4036
103.016
103.2159
103.6613
103.3566
103.1995
102.6057
102.5633
102.1583
103.0127
104.0536
103.6335
103.5774
103.8352
103.9836
104.5155
103.3859
104.5246
104.6239
105.0096
104.2758
104.4922
104.4027
105.3469
105.3804
105.2962
105.9363
105.9692
106.2406
106.3468
104.8321
104.3826
104.0877
104.397
104.1763
104.431
104.5007
104.6511
104.3409
104.1518
104.3474
104.6039
104.6861
105.5926
104.7085
104.1644
104.0797
103.6913
104.4179
104.6676
104.4159
104.668
104.7494
105.0341
104.4569
104.7589
105.1815
105.5294
105.5114
106.0556
107.1821
107.4933
107.5286
107.5905
107.5988
108.389
108.404
107.9753
108.0182
107.7916
107.5693
107.584
107.6703
107.3349
107.5055
106.8801
106.6
106.628
105.8793
106.2379
106.1294
106.6389
106.5429
106.2633
106.6391
106.0925
106.2059
106.2078
106.0898
105.7629
105.2728
105.4981
105.4854
105.4915
105.4429
105.4615
105.8121
106.8389
107.5075
109.0904
108.7413
108.9806
109.4969
109.7331
109.3317
108.476
108.9407
109.6892
109.9573
109.4108
110.209
108.9913
109.3351
109.6912
109.9348
109.8129
110.6098
111.018
111.3243
111.7674
112.4073
112.4582
112.8491
112.7961
112.0983
111.5219
111.5324
111.4397
111.0796
110.2015
110.917
109.7246
109.7826
109.0604
108.936
108.5514
109.6174
109.1242
109.5289
109.4264
109.1548
109.7255
109.962
109.7079
109.0668
109.3288
108.2007
108.2782
107.6009
107.6116
106.3598
106.0989
105.3848
104.8308
104.3567
104.5016
105.0802
105.0114
105.4586
105.0469
105.0772
105.6065
106.5339
106.4829
106.9257
106.3829
106.4218
107.0827
107.8863
107.2483
108.1552
108.2168
107.8864
108.1508
107.8962
107.2827
107.3254
107.1609
107.7401
108.2383
107.9799
107.5778
108.1204
108.4048
107.9529
107.3952
106.4449
106.5289
106.7702
105.782
106.4851
106.2073
106.4651
105.4782
105.2085
104.304
103.9197
104.8586
105.0583
106.1155
106.8515
107.2563
107.7379
106.3346
105.8196
106.3378
106.8416
106.5823
106.4628
107.7097
108.7826
107.8492
107.2305
109.2225
109.1963
110.2279
110.2065
110.3289
111.6027
111.6573
111.907
111.5136
111.5279
112.1012
110.9428
110.2198
110.3242
111.307
110.8357
110.4101
109.8477
109.7962
110.3198
110.688
110.8296
109.2956
109.1457
109.6383
110.6953
110.5244
111.2566
110.5991
110.1977
110.1
109.5319
110.3067
110.8267
111.663
111.16
111.8839
112.0206
111.7011
111.9852
111.6018
111.0865
110.2277
110.4848
111.294
111.9588
111.9984
111.1141
111.0663
110.689
110.6776
110.6139
110.0688
110.0112
109.7927
109.8387
110.0177
109.8293
109.2244
109.0408
108.8729
110.0693
110.2478
109.6443
110.2536
110.1116
110.2185
109.549
108.8857
108.4238
108.7197
109.3689
109.4079
109.3426
108.055
107.9902
108.5505
108.1765
108.6841
110.0393
109.7172
109.7339
109.676
109.5792
108.91
109.4271
109.6837
109.8735
109.8153
109.6865
109.3318
108.8291
109.9684
110.0789
110.678
110.3688
110.2637
110.3688
111.2415
111.7057
113.0783
113.5944
112.461
112.2879
111.5788
111.7593
112.3623
111.7878
111.9537
112.0929
112.2578
113.0676
114.0891
113.2374
112.8789
112.7239
112.9497
113.6729
113.0823
113.1483
114.3526
113.5894
112.0985
111.1846
111.9334
111.4174
112.0193
112.0743
112.2772
111.5965
111.718
112.1782
112.0942
111.994
112.1453
112.0983
112.1549
111.7201
111.2947
111.4215
111.3417
110.6573
111.3141
110.5444
111.0584
110.8206
110.6593
110.0751
110.1466
110.8637
111.1956
110.65
110.2644
110.3618
110.8958
111.041
110.2812
110.9999
110.8009
111.1473
110.8904
110.6995
110.9769
111.9875
114.1638
