23.23926
12.09214
11.36742
11.17651
11.6211
11.76363
12.3365
12.8613
12.88219
11.96989
12.23093
10.96453
11.54744
12.9635
13.63346
11.81724
10.74666
11.29185
12.60832
12.05312
12.06705
12.4065
13.15317
12.16714
13.65331
13.6316
12.22237
12.5963
12.09423
13.42468
12.1214
13.16303
12.31536
12.3155
13.51503
12.32095
12.41832
12.55916
11.68212
12.23969
11.87432
12.46337
12.17382
12.60194
12.06102
12.19883
12.36339
12.64156
12.86477
12.84859
12.06644
12.51101
13.34468
12.79038
12.14001
11.15447
12.27186
12.41912
13.43726
11.17285
12.76369
11.96881
11.44065
11.41436
11.35511
11.379
11.21982
12.13248
12.23624
12.55797
12.48331
12.52263
11.39122
12.59297
11.78521
11.67949
12.63217
10.83573
12.64809
11.06383
11.26019
12.84074
12.02203
13.0344
12.46233
12.09475
12.668
11.30318
13.10223
11.85947
12.11412
13.27047
11.99936
11.7465
12.03509
13.5726
11.31788
12.45103
12.56873
11.56607
11.98133
12.58826
13.00428
12.69882
12.32944
11.69379
12.86154
11.89117
12.45633
12.46078
12.38648
12.27016
12.84292
13.70257
12.77544
12.18847
13.74428
11.89639
12.20452
12.54626
11.06495
12.60905
12.24798
10.75687
12.77942
11.87314
11.55388
11.34711
12.13999
11.51182
12.58414
12.25871
12.88502
12.31004
10.82911
11.35196
13.33861
12.30753
13.11373
12.46275
11.95768
12.755
12.09493
12.766
12.52179
11.30961
12.74413
12.33704
11.81806
12.95438
13.21396
12.60184
12.6466
12.89011
12.71701
12.08629
12.73602
12.2318
11.80499
12.02264
13.13413
11.98217
11.80397
12.88255
11.75375
12.16991
11.75657
11.87884
13.09891
13.27638
11.71843
12.15817
11.82679
12.20901
12.68589
12.74036
10.98921
12.85869
11.94126
12.57749
13.182
12.63331
11.68767
13.50226
13.21498
11.88723
12.22802
12.58028
13.00751
12.27207
10.81087
11.68906
11.7672
11.00044
12.86378
14.15259
11.98466
12.82737
12.457
11.99073
12.5572
12.70475
12.80357
12.69365
13.05955
11.39494
11.93267
12.88365
13.83566
13.29689
12.61517
11.47272
13.12596
11.95473
11.7653
11.37124
11.41541
12.09965
11.78287
12.19114
12.26028
12.03977
13.15852
11.46819
12.62849
11.02585
11.80456
11.62833
11.34965
12.69361
12.45629
13.14934
13.0208
12.47703
12.01573
11.35537
11.58863
13.0611
12.01897
13.00333
12.36478
12.4726
12.79886
11.166
13.366
11.35225
11.96627
11.95734
13.28559
12.23283
11.63298
12.66714
11.66475
12.05194
12.69029
12.58851
11.56884
11.62188
12.14679
12.23555
11.58994
12.86009
12.86982
13.37532
13.56024
11.95005
11.55024
12.67219
13.21255
11.89609
10.83839
13.31339
12.14199
12.39677
13.02455
11.43422
11.20442
11.78553
10.81478
11.99611
12.90978
11.39576
11.694
11.87023
12.47859
12.21698
12.297
11.29427
12.96893
12.9175
12.63941
13.77347
12.81224
12.45084
12.53078
12.56272
11.71913
12.49241
11.83836
11.88517
12.61464
12.71512
12.30739
11.54708
13.67107
12.74379
11.36422
11.5824
11.58976
11.47852
12.27263
13.55858
12.14379
12.4402
12.56188
12.90438
11.92961
12.36469
14.49813
10.98003
11.82455
13.05253
12.33751
12.81734
14.06406
11.26641
11.35073
12.27104
13.25163
13.16861
11.93682
13.53342
13.13247
12.26475
12.29785
12.04778
13.10461
11.59323
12.20938
12.7184
12.27323
10.38099
12.07375
11.51031
13.71749
12.5738
13.8756
13.72005
13.78028
11.42711
12.7035
12.37809
11.61364
11.62887
12.36774
12.99597
12.9301
11.36184
12.21572
13.14167
11.20344
13.53378
11.21132
13.82803
11.40926
11.20998
11.36237
11.98583
12.03716
13.02358
13.72419
10.80837
12.11059
11.99876
12.51154
13.45458
11.71743
12.23931
12.35529
12.01714
11.75362
11.04629
11.97133
12.72519
12.22064
11.57076
12.44765
12.27339
14.01206
12.59089
13.05313
13.12809
13.4881
12.37325
11.30106
11.59985
12.54408
13.4266
12.37769
12.13156
11.66395
12.33026
11.77235
13.41043
13.04052
12.41331
12.16354
11.64695
12.0051
12.18619
13.25988
11.82727
12.25443
12.17599
11.60583
11.55837
11.8558
11.50458
11.91735
12.31146
13.41977
11.65361
12.08722
12.67649
12.50826
13.01172
11.08225
11.80262
11.51781
12.80357
13.11038
12.23944
11.24506
12.58988
12.77963
11.56378
11.92972
12.58962
11.83024
12.25668
12.3774
12.31106
13.31477
12.36033
14.16459
12.66724
11.81445
12.26059
13.98431
12.23596
14.09732
12.78706
11.56533
13.49195
13.19663
13.30632
12.39528
13.75469
12.5072
12.42395
14.09739
13.1205
12.27286
11.1712
12.35749
11.98486
12.0641
11.32693
13.10703
12.34365
12.41234
12.02829
12.36736
10.66528
11.64513
11.56844
11.62639
11.63336
11.22635
12.93422
12.63446
12.35841
12.35007
12.65201
11.48702
12.50415
11.79652
11.70861
12.54374
11.10645
12.11314
11.22113
12.38473
13.74577
13.55992
13.51809
12.45588
12.63712
12.1345
13.06044
