0.5210489
0.4903912
0.3065284
0.3122017
0.9260971
0.1472399
0.1260945
0.1052075
0.3006516
0.123738
0.3315152
0.4984632
0.1842155
0.2518112
0.1694234
0.1248741
0.1691509
0.17636
0.498877
0.2237586
0.1893717
0.133426
0.1041975
0.1722405
0.1339524
0.2923408
0.6848298
0.9058286
0.1680273
0.1197127
0.05495804
0.1705423
0.7017541
0.2198405
0.201492
0.4350574
0.1462596
0.1686387
0.5008741
0.4355024
0.3715187
0.3397934
0.7367533
0.4075051
2.045712
0.4272663
0.3386864
0.06966995
0.2068868
0.2339924
0.1688542
0.5951499
0.2950302
0.4003565
0.2238835
0.2162182
0.1353779
0.3325501
0.235064
0.2323641
0.2224271
0.6989276
0.681495
1.332782
0.1390636
0.8365292
0.4406614
0.2179294
0.2297585
0.1460199
0.5700934
0.08260344
0.3078444
0.4542183
0.1350991
0.4813877
0.1106954
0.1686303
0.5699088
0.4572323
0.3006576
0.1117056
0.1191133
0.2885712
0.1791108
0.2274615
0.2012679
0.1074982
0.174352
0.3007836
0.3939326
0.2068583
0.09289719
0.3190021
0.1057824
0.1801357
0.1802142
0.1642275
0.1178707
0.5223196
0.3252334
0.1652093
0.5376621
0.268508
0.2177225
0.06149201
0.1717639
0.1629448
0.1300632
0.2197171
0.3355894
1.097762
0.3815419
0.1413459
0.7522803
0.4441175
0.2433786
0.2742628
1.044896
0.2882531
0.7540988
0.326164
0.2445828
0.08500936
0.1650968
0.4195209
0.3741534
0.153793
0.3688391
0.1107821
0.1904733
1.212295
0.8949792
0.3465475
0.1647673
0.3685516
0.2027872
0.3264396
0.2324383
0.5124642
0.181396
0.2174991
0.2471319
0.5268507
0.1302443
0.1681655
0.3633148
0.2157513
0.1565206
0.1839807
0.2551972
0.279408
0.1476085
0.105358
0.3181365
0.3043876
0.1827736
0.3601558
0.9095104
0.2286648
0.169998
0.3092316
0.4097125
0.235755
0.1901151
1.18593
0.5122827
0.4299509
0.09460515
0.2534284
0.1579996
0.2069296
0.1002629
0.1091029
0.4736512
0.1470961
0.09012456
0.4467135
0.1411894
0.3268545
0.2848975
0.1039709
0.372981
0.1021438
0.1495273
0.3271174
0.1045486
0.2467445
0.2964811
0.9553343
0.1470432
0.1018487
0.2162225
0.06261734
0.1838127
0.1779469
0.1313422
0.341235
0.3307929
0.1024843
0.264128
0.1882822
0.3571775
0.3011367
0.09697953
0.9755132
0.1839542
0.4179768
0.2872267
0.9459276
0.1662422
0.1888446
0.1572742
0.39952
0.1659005
0.4132185
0.2013313
0.1844304
0.292616
0.2134128
0.1411812
0.1785092
0.1640281
0.06185664
0.3757349
0.2032813
0.2311985
0.2444038
0.2581279
0.3905613
0.2834951
0.6305846
0.1664061
0.1643286
0.09106584
0.09517176
0.2543719
0.2019416
0.1772906
0.4723087
0.1919238
0.2642778
0.2687359
0.1899732
0.1155715
0.09642014
0.2245512
0.2222781
0.1329786
0.4098397
0.151252
0.1627699
0.1924196
0.6013348
0.2695554
0.1970014
0.2453203
0.151635
0.2312199
0.2414916
0.9579001
0.1904677
0.3936294
0.06954993
0.2467437
0.1722812
0.1990407
0.07856487
0.175145
0.127433
0.1882422
0.1431762
0.1528151
0.3943332
0.1054026
0.4716922
0.3553613
0.2284076
0.1769442
0.05948121
0.1206569
0.2662435
0.3632656
0.1674318
0.1836175
0.1958128
0.3363176
0.1597628
2.032428
0.1671179
0.1783685
0.4907425
0.09566037
0.2803057
0.2842786
0.1592482
0.1077523
0.1707504
0.09854345
0.2789607
0.17741
0.1853629
0.4638207
0.1723024
0.1664765
0.131487
0.1383175
0.1042454
0.2053003
0.4185664
0.6721089
0.3117647
0.3127825
0.2471124
0.1988677
0.1597667
0.2819108
0.1880882
0.1397909
0.1365414
0.3606132
0.1744265
0.07522068
0.2307598
1.038519
0.1860549
0.2968801
0.2769068
1.96634
0.1815378
0.2588856
0.3483716
0.551588
0.2102377
0.1750798
0.1836387
0.3653034
0.3258171
0.1983552
0.5096381
0.27687
0.3399053
0.2752307
0.1287045
0.2420846
0.1508716
0.1130331
0.2790258
0.5154232
0.1209171
0.140719
0.122024
0.06282194
0.5529781
0.2380415
0.2084946
0.08777306
0.1048707
0.6168851
0.4072483
0.1434817
0.4046006
0.1429526
0.2358171
0.4278178
0.1160935
0.382259
0.5346852
0.1520993
0.3475434
0.4051274
0.06534626
0.2578458
0.1239678
0.8461798
0.706229
0.2165538
0.3992592
0.5342128
0.3937171
0.1041099
0.3496275
0.1798365
0.262737
0.09089166
0.1636033
0.1906896
1.259727
0.3755066
0.1461507
0.1470434
0.2708526
0.5924213
0.1776488
0.3870662
0.3001651
0.1559677
0.1408788
0.1201476
0.7127733
0.3091968
0.0870153
0.09830183
0.3832842
0.1667937
0.1997767
0.08581059
0.07750756
0.1795847
0.1019539
0.7630546
0.4006311
0.1562061
0.143209
0.3686776
0.1310894
0.331592
0.4000922
0.3571908
0.1691203
0.08261789
0.3531143
1.382982
0.3719464
0.5326723
0.9757046
0.3152239
0.1519015
0.2703097
0.173836
0.1232206
0.1295045
0.07797658
0.2586657
0.3312186
0.1660042
0.1801875
0.4190981
0.1202763
0.1770625
0.06732695
0.1848626
0.1042089
0.2838808
0.5017894
0.149519
0.1664135
0.3562844
0.4530282
0.1149259
0.1923479
0.2418056
0.1513488
0.08756875
0.1554432
0.2783406
0.1607665
0.1330965
0.1515616
0.2219438
0.1437463
0.2154421
0.3705507
0.4564517
0.1136203
0.5421197
0.1408658
0.3491928
0.1969922
0.1604909
0.2032511
0.2634458
0.2153211
0.2280993
0.0601936
0.1817483
0.1661108
0.2562483
0.2524904
0.1432044
0.1338707
0.1578538
0.0845437
0.2184711
0.124537
0.3756901
0.2574969
0.1371126
0.1601336
0.5559246
0.3489409
0.1549005
0.2556333
0.5366367
1.290565
0.3941774
0.933713
0.09277353
0.1124808
0.6335417
