215.6663
330.621
111.655
354.4901
256.7852
302.2927
564.0986
638.3491
209.3097
436.6092
120.1967
184.8305
163.8901
106.7251
369.2588
282.7371
465.2913
213.1305
170.0754
112.3296
539.0063
211.6942
148.9042
157.533
215.3093
174.3849
163.1274
117.6584
91.21619
411.2595
145.897
188.9782
167.6106
154.5967
305.6654
334.8686
95.68571
391.5201
687.3272
298.3688
334.6527
267.3269
301.8779
207.3203
157.9431
292.0848
239.5643
660.5966
193.8169
394.5871
299.4152
210.1828
330.0562
580.5534
465.2649
315.9294
139.7974
253.3604
636.89
331.6784
373.2557
146.9034
293.479
273.6549
130.2615
160.6914
609.9681
222.0107
919.1727
227.2175
209.8311
317.7386
259.9467
289.6246
193.2974
115.9065
248.0024
171.7233
384.9388
207.7456
400.8712
331.7933
253.1729
310.8942
299.6107
482.051
182.6483
279.5252
143.3814
446.5453
104.3962
250.408
227.8146
207.9588
156.3881
111.8342
87.61982
261.7143
365.5723
229.3468
753.9253
261.9018
141.1758
190.547
160.6072
139.8497
294.5729
191.043
391.069
195.1299
506.4221
677.2292
332.3489
1119.445
419.9105
193.8199
245.7595
153.0364
108.1733
248.8072
247.1641
458.6079
333.8551
225.6265
474.423
228.1698
120.1445
592.1078
124.8965
342.8449
110.6922
430.3342
449.047
165.663
133.3345
116.5015
284.4986
247.1666
234.3548
142.9509
344.2733
185.31
210.8975
264.9652
330.9805
172.7153
182.1889
403.3998
207.9917
292.4906
123.1471
165.8005
365.1338
255.0352
96.37033
244.7989
143.8222
377.9005
226.8258
161.5105
140.8108
257.6005
156.7975
287.4338
195.9665
193.2358
536.5366
1193.147
246.8592
273.1558
292.6765
225.6369
317.3935
517.0185
203.4839
180.0566
178.9719
306.79
388.2415
207.0723
103.2058
343.9848
195.3845
213.2857
242.0753
536.2851
221.0738
236.8778
371.7573
1280.648
182.2423
163.4305
279.737
231.77
245.1897
209.216
154.4435
275.5075
207.6189
166.1796
485.8243
192.4098
191.8915
137.0483
416.2381
245.6095
284.2409
911.744
144.9886
307.6231
246.3816
401.5014
223.9012
99.8187
378.4254
453.4872
157.4724
299.8678
113.6245
258.2803
302.1995
119.5737
80.62572
104.3804
188.1612
493.2584
290.8004
377.4886
262.4233
549.3844
360.439
159.306
123.0144
243.4869
776.6766
223.4796
143.8377
172.8889
423.9597
275.3777
199.4566
268.4618
270.1312
637.2734
194.9143
174.2584
356.1127
240.4878
374.6011
258.4046
520.3256
393.5598
1342.406
206.6454
206.1225
694.37
193.8716
231.971
417.0807
466.1706
302.8834
215.9724
624.7722
170.0073
229.6354
156.0593
223.6531
214.5251
231.5629
169.7923
239.9283
280.9355
142.722
219.2603
266.219
287.8951
248.38
242.4229
314.4091
574.0472
567.4935
377.9738
197.1515
276.9363
510.3056
351.8625
268.2936
226.0094
241.9121
919.5153
184.1079
312.9965
256.2156
191.4706
176.9736
130.8027
666.5583
181.0524
196.9678
438.3968
208.234
149.2991
388.8303
431.0878
1398.683
492.5575
216.5825
400.6798
253.8765
149.1367
278.9965
195.5389
207.1041
550.2805
111.429
341.5463
394.4929
397.6366
381.8117
331.5323
248.0649
332.8038
287.0278
178.3606
154.6476
331.6939
408.1756
238.1713
365.9458
293.6533
414.9276
192.6597
221.2762
282.6258
245.8769
474.366
261.4349
112.5843
148.3563
84.92871
273.1924
853.2989
632.746
197.384
288.5802
370.0445
142.6415
289.8469
354.2829
282.8244
360.2436
342.9613
444.8726
1189.454
288.6118
288.3272
188.4689
296.1005
1095.828
526.7368
309.2483
185.0163
1051.99
580.5262
176.7813
555.8724
247.6781
551.1129
1039.908
502.414
938.6068
170.2545
506.5184
223.0422
151.4541
314.0884
307.6334
388.6566
310.7391
665.329
188.2487
529.1609
305.1352
194.8002
356.1826
108.3479
399.2739
248.0545
431.8779
241.5411
622.8468
336.0362
256.6445
212.4117
462.4236
735.4584
208.8898
490.689
425.3632
322.949
224.0322
351.9861
450.3564
352.5743
193.8501
428.2206
155.8304
161.5939
205.1893
292.1549
290.6832
177.7429
314.0701
825.2474
173.0077
293.3955
235.2929
240.5694
197.2559
243.9579
535.0886
176.5474
245.2411
316.7954
220.3102
383.9694
199.8606
106.0966
123.5697
170.5954
319.7247
138.6677
548.9177
129.7481
245.4332
377.1978
457.4687
170.6277
381.8363
169.5511
204.5061
279.7362
212.9752
196.9291
272.9245
168.4881
248.1954
129.6459
122.7742
528.5507
530.5807
302.3823
315.4287
179.9902
159.855
253.7653
511.357
183.9777
106.6169
263.1061
151.856
132.6443
244.3006
380.3792
589.2502
288.4522
141.6514
247.3679
314.4427
564.4012
125.7873
344.2514
261.3886
142.4616
500.7224
98.19549
140.1892
186.5267
221.9796
280.7278
164.2576
241.6747
421.7278
164.0822
530.4747
307.5117
161.6982
143.5537
718.9138
257.7884
177.3732
104.3625
258.8516
248.3921
171.6407
290.4989
584.22
557.5574
186.301
162.5052
