23.32304
11.91606
12.81539
13.25244
13.49529
11.12223
11.1698
11.27916
11.35504
12.36593
11.46228
10.4824
12.17547
11.63225
11.02043
9.519477
10.68983
10.44514
10.29179
11.24134
11.01621
12.82948
11.9654
11.66604
11.38657
10.64185
12.052
12.40609
11.41589
10.81116
12.16416
12.32421
10.63935
10.4334
10.77238
11.3735
12.83799
11.66523
11.32585
11.91019
10.36121
11.82634
11.2375
11.48335
11.65393
11.84739
9.68185
11.64463
12.00411
11.83694
12.0283
11.3366
9.910275
11.97187
11.5518
11.45075
12.72643
11.06305
11.38123
10.39507
10.29315
10.64874
12.14246
10.90646
11.64937
11.46074
11.96787
11.49197
12.05497
12.78899
11.51648
12.3881
10.40077
12.01798
11.90359
11.48133
12.11733
11.22487
11.86051
11.58951
11.93991
12.3582
11.04769
12.17508
12.20157
12.19995
11.73419
13.08675
11.22666
10.70203
11.32738
10.54206
11.62889
11.82346
13.15773
9.772845
11.19703
11.58622
11.70083
13.10607
12.06489
12.42973
12.12497
12.07425
12.10968
12.08771
12.70809
11.41965
11.03934
14.38218
12.00545
11.08101
11.37834
11.88383
12.33057
12.21909
11.29024
12.68882
10.69963
12.05707
11.51672
11.51715
12.48167
11.0933
11.43367
11.40194
13.75638
11.75269
13.1083
11.9439
11.10049
10.32751
11.41617
11.1591
13.06265
11.90713
11.04806
11.48289
11.65141
11.0467
11.34954
10.46545
11.69689
11.54347
12.5356
11.68411
12.65055
10.77084
11.93992
12.77892
12.05371
10.10363
11.75272
11.27882
11.44222
11.63732
13.01074
10.4759
10.20515
12.56427
11.85514
11.67498
11.15926
11.62254
11.58351
11.78055
11.26664
11.6983
11.93461
12.46296
12.42097
12.29613
11.3238
11.80495
11.72538
11.23038
11.18518
11.73221
10.89881
10.03511
11.06111
12.10191
12.04133
10.37701
11.48422
11.65093
11.49956
10.01503
11.77584
11.14218
12.07354
12.25642
13.02135
12.06341
11.92464
12.03939
12.17331
12.53081
12.38051
10.86147
11.24823
11.14247
10.76375
12.70537
10.69828
11.11342
11.66442
11.98373
11.19364
12.16029
10.79135
11.05802
10.83303
11.84751
10.44074
11.81172
11.65145
11.69706
10.98543
10.07005
10.3722
11.43006
11.06507
11.06454
10.91411
11.91502
11.93545
12.16843
10.87958
13.83207
11.62864
12.31609
10.81991
12.42681
14.01335
11.25078
10.54187
11.93445
11.5818
13.15713
11.96702
10.91602
10.97879
12.37538
11.2894
11.80738
11.86643
11.6688
11.25417
12.02483
11.82204
10.56947
11.59789
12.43344
12.1871
12.24962
11.75245
12.21666
10.83771
11.82043
10.35526
10.95541
13.19322
11.37812
12.9248
11.37761
11.68968
10.99581
12.24179
10.62132
11.05
11.00604
12.47001
12.10548
11.16775
13.38169
12.32
11.80736
11.39335
11.29381
10.7819
10.88222
11.9903
10.87396
11.54706
10.70157
11.36613
13.59471
10.7194
11.58787
11.409
12.47404
12.66104
12.66385
11.76653
11.72086
10.78446
10.63392
12.18891
12.26036
13.32785
13.65557
12.99398
11.57784
11.88306
11.21002
11.38365
10.28662
9.08091
11.67552
10.5588
11.80045
11.83263
12.04963
11.74685
11.62344
12.9046
11.08443
11.76999
10.70933
10.96325
11.96492
10.86399
12.99819
11.66328
10.94563
11.27314
10.28326
11.36696
10.64568
11.37062
11.52436
12.38218
11.05322
10.86984
12.43067
12.45797
11.42543
11.02609
10.46561
12.22885
11.96932
10.39822
11.79169
11.58777
13.04369
12.30744
11.13237
12.18148
11.86237
12.34974
11.12017
12.3934
11.29419
10.76101
11.83002
10.85159
12.00147
9.888103
13.41134
10.5961
12.27539
11.74587
11.31287
12.36504
11.96906
10.2846
11.32617
12.61016
11.13098
10.86337
12.14155
12.21784
12.5912
11.12125
11.99098
13.42559
12.02835
11.66131
10.83848
11.48962
10.7024
11.37111
10.73907
12.19099
9.484827
10.76995
11.21269
11.34006
12.18431
11.40795
12.78683
11.05708
11.51915
11.42517
10.79863
11.51302
11.42095
10.26778
11.39735
11.42696
12.78411
11.20253
11.73516
11.188
10.66598
10.55147
11.53098
11.21535
12.71306
13.90474
11.81092
11.02536
12.01564
10.81796
11.46477
11.10907
11.93058
11.96158
12.784
10.8773
10.87619
11.38445
12.68916
12.69491
12.52892
13.02277
11.55931
11.77142
12.41916
11.59835
10.72751
12.81805
11.00702
9.869286
12.08713
11.47486
13.21663
11.65953
12.40155
11.75389
12.0528
12.06767
11.65586
10.3911
11.07974
9.495653
11.42887
10.94328
11.99493
11.03173
11.58382
12.87644
10.6605
11.67573
12.22483
12.17387
11.60681
10.61948
11.98427
12.28628
12.85929
12.30367
11.20276
12.20634
11.31591
11.82736
10.77835
13.37134
13.60362
11.90121
11.96179
11.88065
11.07294
11.99025
12.34944
12.67501
11.6134
12.80098
11.46097
10.3766
11.6993
11.39964
11.48802
13.03532
11.22687
10.4528
10.68571
11.89606
11.53773
11.55097
12.6744
11.64639
12.13162
10.28917
11.30985
12.25579
11.20883
10.20972
12.65314
