104.0156
102.3222
103.5412
102.8424
102.7819
101.4619
101.239
102.0278
102.2419
102.1584
102.3622
102.7035
103.139
103.0214
103.1705
103.3169
103.7915
104.1138
104.1664
104.217
104.4226
104.4223
104.491
105.5224
105.6253
106.5401
106.7356
105.8163
106.2229
106.5115
106.0607
105.4597
106.0675
105.6905
105.7184
105.0701
104.8061
103.6918
104.0482
104.2178
104.66
103.902
104.0877
103.8023
105.0243
104.899
105.2648
105.6091
106.3146
107.0452
107.8801
107.9024
106.9458
107.2484
106.4624
106.2635
106.4438
106.5913
106.6227
107.5069
107.9876
108.1095
107.3014
106.88
107.2029
107.2859
107.6523
107.0385
106.4114
107.0063
107.412
107.4571
107.1024
106.5494
106.4549
105.7794
105.9965
105.5853
105.2255
104.6042
104.7949
105.1947
105.2594
104.6436
104.273
104.6182
104.1959
103.8103
103.9149
104.936
103.5378
104.1818
104.3504
103.9708
104.1471
103.8644
104.0728
103.3958
104.188
105.5122
104.9418
106.0927
105.9859
105.8876
106.1201
106.1324
105.6004
106.232
106.169
105.2831
104.8193
104.9657
105.5427
105.9368
106.407
105.9568
106.7109
106.2608
105.6293
106.257
106.5386
106.0325
105.7248
105.0666
104.9298
105.0126
104.9117
104.8896
104.6802
105.3072
106.2473
106.7002
106.5724
106.3256
106.2904
106.5925
106.3455
105.8961
105.6669
105.9148
105.3923
104.5143
104.6211
104.5791
104.8694
104.7962
103.4741
103.6273
102.9881
104.3782
104.8177
104.3072
104.9788
105.5286
106.5136
107.2486
105.9856
105.3664
105.0627
104.3947
105.0274
104.5073
103.9998
104.3461
105.0859
104.2789
104.9432
105.1941
105.214
104.288
104.7142
104.7986
104.8991
104.9938
105.146
103.6549
102.9906
102.7967
102.4914
102.4876
101.8435
102.6293
103.0151
102.7668
102.0956
101.9041
101.674
102.9349
102.8849
103.4217
103.6853
103.9713
104.7444
104.531
105.4487
105.9293
105.912
105.6035
105.9963
107.0224
106.929
106.5683
106.7737
106.4292
106.3617
106.2024
106.1755
107.1137
106.3539
107.077
107.4596
106.3996
105.4926
104.9308
105.0151
105.3181
105.1009
105.0788
105.5242
105.216
104.9069
105.7886
105.6534
105.5496
106.17
106.0713
106.5551
106.2951
106.1308
106.609
106.4164
106.7812
107.5317
107.1093
106.2184
106.1695
106.2674
105.3586
104.8005
105.4092
105.1816
105.6494
105.7601
105.604
105.0988
104.5905
104.0062
103.513
103.451
103.4661
104.1106
103.9852
103.9106
104.2514
104.6657
105.2639
105.8734
107.4758
107.6847
108.2463
108.6887
107.8967
107.7401
107.106
106.5351
106.4105
106.4263
106.4393
106.7272
106.3484
106.7838
106.323
106.4772
106.6945
106.8313
106.7656
106.7476
106.9466
108.3645
108.566
108.09
107.7779
106.7349
106.4026
107.2981
107.355
107.3774
107.0687
107.5277
107.2265
107.1626
106.61
106.8455
107.6741
107.081
106.3753
107.0152
106.6907
107.5139
107.1103
106.6541
106.5213
106.2967
106.5139
106.6697
106.4782
106.9123
106.5839
106.2252
106.0676
105.4002
105.3387
105.3242
104.0928
104.2373
104.7495
104.6928
104.8888
105.0675
104.9016
105.2815
105.2618
104.8649
104.0362
103.1902
104.0292
104.0559
103.87
104.0075
103.3116
103.3208
103.8023
103.8486
103.2496
102.731
102.9061
104.0992
104.0297
105.3482
105.7113
105.21
106.353
105.858
105.5766
105.9356
106.1145
105.8749
105.0297
104.437
105.0724
104.72
105.6851
105.918
106.0054
105.413
104.9624
105.3233
105.4063
105.5269
105.2963
105.1861
104.5592
104.1732
103.6204
102.8612
103.5411
103.7892
104.4255
104.0976
104.0342
103.3269
103.3652
103.1807
103.6077
103.2651
102.9519
103.8058
103.4664
102.9736
102.316
102.8829
102.253
102.4712
102.8917
102.8416
103.1411
103.297
103.4391
103.9919
103.8414
103.4913
103.1217
103.7499
104.1293
103.2465
102.9337
102.9499
102.7347
103.2081
102.1256
101.7103
102.0489
102.5726
102.2459
101.3514
101.0629
100.6331
99.75051
100.0969
100.5082
101.1691
101.0416
101.1837
101.3565
100.1151
100.3347
100.8077
100.0245
100.2068
100.4345
101.1453
101.2232
101.6885
101.8698
102.5439
102.178
102.0816
102.1971
101.6963
101.4246
101.4876
101.7281
101.035
100.566
100.2747
100.4045
100.0037
99.08014
98.8246
97.71324
97.90531
97.43841
97.8617
97.79762
97.27551
97.63133
98.95267
98.67399
98.26333
98.82202
99.62313
99.48732
99.28643
99.12075
99.02347
98.691
98.31587
97.7341
97.67967
97.70951
97.98513
98.04972
97.5701
97.43513
96.53771
96.64151
95.59683
95.77495
96.31564
97.41356
98.04014
97.23507
97.61895
97.47365
97.25141
97.81419
97.97584
97.45056
97.91207
98.21887
98.036
98.30591
99.28289
99.81945
98.91705
98.60591
98.12243
98.30068
98.2111
97.83095
97.99556
97.98021
97.73247
97.49865
97.44559
96.92798
97.11926
96.96462
96.8664
95.94608
