56.17565
57.07573
61.31761
60.44066
61.05032
56.03377
65.14424
58.95378
59.43165
55.02318
66.11558
61.62741
61.45657
62.40941
54.84298
51.48389
62.26913
62.87287
59.76671
59.00796
61.26544
58.02534
57.09546
57.53567
58.32523
56.47439
58.20764
59.42617
59.96783
57.0057
63.94499
56.43069
62.71431
58.66511
61.93403
56.46976
62.57075
55.50941
56.17822
51.72333
54.96904
63.40668
58.59883
58.27845
59.44876
57.54627
62.11417
64.30777
58.10092
60.52363
58.80739
60.02406
57.36947
59.68681
55.63693
66.51091
56.28763
61.86453
59.19655
59.67393
58.67685
56.66529
52.20789
57.07825
56.35623
57.26788
57.89085
53.47311
59.0284
55.75697
54.05573
57.7189
59.15519
61.77578
54.37526
59.74768
56.25088
60.30481
62.03713
57.32708
55.07574
62.26495
53.63781
54.489
59.88658
61.24045
57.36193
56.86348
63.5798
60.70999
57.52903
60.16315
59.50958
57.50246
56.59025
56.31064
60.10592
64.67217
61.95804
63.80821
64.71558
58.2167
59.13966
60.02523
52.79522
59.69028
59.49209
60.54646
58.64664
63.98281
62.41152
60.43335
58.81415
56.58278
51.63794
60.30919
63.46681
57.92601
60.08155
60.94983
57.09996
58.26047
65.08606
67.97657
64.258
52.37151
51.47128
52.99452
55.52655
58.29801
55.70149
60.10943
54.00444
59.67367
59.61322
54.67729
59.20011
60.54016
55.14656
65.29697
55.93722
59.46386
50.02688
56.50872
62.17337
57.89996
59.01902
56.04002
51.41497
61.11921
62.65218
59.92738
55.64693
62.18682
55.50618
64.88966
57.30145
58.95432
65.96983
58.92476
54.51348
63.87235
64.11369
62.29662
55.27404
55.62761
59.6633
57.2839
57.44675
61.87907
60.49745
54.49655
60.36165
60.54812
51.24015
65.00425
57.92971
52.94896
56.24183
62.97399
58.37429
59.95559
61.01747
58.88791
59.50733
58.8825
55.92689
57.22108
62.53492
62.87442
60.54879
59.17991
58.25487
59.58828
51.80311
60.69434
61.18949
63.03463
58.92046
55.1667
61.77478
58.87143
56.8484
55.2228
56.85113
63.62674
58.85354
61.92801
60.78939
62.04617
60.19127
58.94087
62.94264
55.06063
64.17126
59.28974
60.18996
64.57306
58.45299
67.36124
57.19861
58.84975
58.40133
62.23022
57.17592
56.08431
59.78001
58.13661
56.15132
53.29628
63.35184
54.69033
55.33753
57.58978
54.55539
59.31179
58.02235
65.99972
54.51757
58.96035
55.65921
58.89316
60.33153
59.58228
58.67048
57.65321
59.11616
55.20625
59.62208
51.96935
56.92269
53.03741
58.03507
60.34484
58.10736
65.26382
56.65103
55.60241
57.71353
60.26401
58.60516
69.60836
61.24313
64.17792
55.93091
56.81275
59.72613
59.99755
56.87854
62.40673
57.56712
61.76771
57.74066
57.99531
60.54166
65.31518
51.29317
52.86549
56.8172
63.02612
55.99682
60.10866
60.62035
60.08116
60.64233
60.38213
55.15854
56.5249
54.26325
65.43565
60.19469
58.71818
54.48148
58.56655
59.28524
66.0161
57.8875
58.09078
57.54138
55.59118
61.59957
56.99888
55.42011
62.8702
57.16148
62.25853
58.97466
54.68049
52.55752
57.28472
61.82657
56.28269
68.81402
60.93036
57.29005
62.30154
53.57472
54.22625
55.64895
56.39937
58.56192
59.9708
60.31793
56.02739
59.51426
64.95422
59.68063
58.10542
60.13742
61.15565
60.52561
57.25101
61.10768
53.94261
59.28055
55.97506
63.10312
55.29485
56.71101
59.22962
58.88205
56.36222
54.48831
61.60359
58.49365
61.74247
56.48043
51.41908
63.10618
59.88619
60.7356
65.20152
63.20125
64.28604
57.43288
54.66428
61.07932
64.86693
55.15141
57.75174
58.25855
63.87544
49.01514
61.34251
61.71236
50.35256
53.00765
55.61092
63.08173
52.2808
55.8686
57.90041
57.31834
54.57109
54.67428
58.11315
64.03088
55.14884
58.7175
57.36381
55.55613
57.02716
60.56521
56.67019
61.06237
54.87794
61.02732
56.99668
56.43688
60.56286
59.46325
63.83483
50.1777
59.59987
58.0135
55.2816
57.04524
58.1497
54.69375
52.77146
63.57654
62.68147
55.51709
57.66145
59.57544
56.62767
59.28063
60.19427
61.96267
57.40892
61.276
68.38435
62.83582
57.26286
59.51615
57.20517
55.62388
54.72537
57.21176
57.50944
55.79168
51.10981
57.18574
58.53283
57.64649
60.33469
63.22798
57.54554
54.80744
54.36352
59.73874
63.06267
66.42421
56.56112
55.57255
60.82789
55.32912
64.98701
58.75508
54.36269
55.85909
61.2142
55.18839
57.55511
62.501
63.60268
53.77527
52.45846
59.04513
61.30536
53.92843
59.44398
58.57648
58.05595
58.46992
65.63898
58.83209
58.23884
51.93536
57.6804
63.95321
52.86584
58.46062
62.23917
56.64537
57.81554
62.0762
61.46301
56.73212
60.97543
53.77227
49.80297
56.86328
55.18961
61.55964
60.38897
54.11241
58.64097
56.84305
55.32555
57.56764
62.13864
52.00957
58.38962
62.65139
61.96102
57.75557
59.76977
59.2779
58.28248
52.00379
57.02689
60.3027
59.14577
59.78903
57.05451
62.08931
54.41119
60.86189
53.9854
