15.8092
14.93056
15.25535
15.14667
15.12812
13.59154
15.09822
15.60416
15.33876
13.82147
16.03318
15.17992
15.13459
15.14368
14.68184
14.01221
14.67062
15.68263
15.53527
12.59182
13.90282
13.66918
15.43769
14.71657
15.37919
15.57743
14.46081
14.16378
16.00513
14.47333
14.52734
12.58892
15.20193
15.2104
14.47046
14.54944
14.57372
15.05376
16.25533
14.89577
14.96605
13.85281
15.20577
15.67571
14.24996
14.38222
14.38248
16.47208
14.01638
14.05666
15.9177
14.65118
15.68325
14.86814
14.5981
14.30233
14.59086
13.61423
15.92906
14.5042
14.17641
15.71974
13.73642
14.5775
15.65817
15.52728
14.82978
15.32884
13.83941
14.62605
14.87739
14.35161
14.19186
13.84774
15.10909
13.81202
15.35128
15.02088
14.64407
15.71088
14.97215
15.37214
14.43002
16.06689
14.99008
15.70854
16.08353
15.89628
14.18724
14.60653
15.02012
14.52948
14.66369
15.67482
13.34413
13.64085
15.54878
14.21458
15.8653
15.57707
15.41693
15.08195
14.96076
14.19529
14.5884
15.16807
14.27844
15.38599
14.97437
14.57103
15.28881
14.70051
14.95231
15.30432
13.68175
16.80429
13.75786
15.21165
14.80408
15.27339
15.27151
14.81056
12.91543
14.59321
13.76732
12.77476
14.93816
14.71256
14.18855
15.65799
14.79119
12.76559
14.59301
13.29209
13.71411
14.26232
13.64365
13.87868
13.72576
13.626
14.26935
13.85602
13.28092
13.71345
12.95191
12.20372
12.50606
12.89226
12.38882
12.94963
12.56633
12.78028
13.69581
12.067
11.76774
13.43314
12.96273
12.84953
11.74724
13.55761
11.74942
11.82756
13.59336
13.05096
11.7432
11.53791
12.46471
11.4868
12.47584
10.99724
11.32858
11.4836
12.90165
11.32988
11.62171
12.39504
11.17666
12.45316
11.71128
11.81586
11.44106
11.52641
11.59634
11.17307
11.51673
11.66911
11.29238
10.75312
10.71406
12.01352
11.54306
12.01643
11.76267
11.30854
11.23647
11.82275
10.47838
10.60022
12.09379
11.69985
11.83781
12.47144
10.66355
12.69791
11.87088
12.78483
12.01652
12.14918
12.61013
11.49929
12.37793
12.01149
11.17845
11.53921
10.84791
11.83094
12.06777
11.29328
12.33374
12.24557
10.4356
10.90339
12.30132
11.90197
11.00768
11.64697
11.10334
10.23843
13.34768
11.2408
10.98366
11.03231
11.40474
11.71313
11.41275
10.31467
11.96089
10.23344
11.93769
10.28338
9.865245
10.84219
12.00147
10.51025
11.16008
12.30119
10.60975
11.93621
11.15085
10.40836
11.02629
10.04783
11.52543
11.23706
12.76249
12.53433
10.57235
12.27809
10.80147
11.43744
11.33403
10.59011
11.84433
10.90599
11.6858
11.63843
10.76831
11.45815
11.36122
10.44418
11.90494
11.45064
11.93013
11.95531
11.0396
10.89692
11.50915
11.0192
11.86362
12.10758
11.35867
11.0564
12.23443
11.91182
11.21303
11.68277
11.06411
11.79068
12.26388
12.16404
12.04421
11.96756
11.61767
11.40626
12.20397
12.31308
11.67622
10.9156
12.01378
10.24351
11.81939
11.05106
10.87983
11.77785
10.66888
11.0013
11.43211
11.0665
11.76757
11.66641
12.88553
11.6721
11.78613
12.10947
11.53786
12.74386
12.38379
12.6808
11.7678
10.23362
11.19941
11.24026
12.06037
10.34403
10.22745
10.30138
11.22479
11.73698
10.0909
10.86708
10.52985
11.14944
11.13737
12.0577
11.69465
11.78364
10.86329
11.60698
11.09011
12.0953
11.27187
10.81882
12.13067
11.1513
11.34362
11.16666
12.53959
11.22582
11.08384
11.09198
11.81257
10.81692
11.61347
11.18416
11.53484
10.46342
11.44528
11.07322
12.02382
11.08434
11.09193
10.85692
11.34359
10.88935
10.56492
11.27717
11.2845
10.93576
11.56983
11.61796
11.21821
11.80489
11.02609
11.98606
11.51512
10.56756
11.16088
12.65306
10.70863
11.94743
11.24454
10.79131
12.1345
11.35492
10.35053
11.37133
10.44048
11.42978
10.3045
12.77601
10.45222
10.6437
11.34398
11.92003
12.76068
10.43659
12.32265
10.7613
11.37405
12.09315
11.82351
11.16817
10.65611
11.4039
11.27806
10.40555
11.98399
10.96662
11.44838
10.29576
11.83902
10.50475
11.69612
11.74258
11.06814
11.98779
11.48318
12.0245
11.03939
10.38499
11.18304
11.51536
10.79411
11.46714
11.3057
11.60283
11.17057
10.69808
11.34469
11.64024
12.88886
11.46423
11.94529
11.45853
12.88199
11.99335
12.47178
12.10599
11.0629
12.66061
11.09796
11.32167
11.75556
10.79281
11.56785
11.54023
10.66501
12.61868
10.94772
10.86545
10.6683
10.99335
11.69881
11.59707
10.54244
11.01034
11.47075
12.39512
10.09896
11.52511
10.48453
10.39648
11.81726
11.02555
11.36726
10.49259
12.02406
12.23524
11.90593
12.10492
11.38288
11.40091
10.14962
11.74404
12.40155
10.58981
12.36373
10.84364
12.2153
11.14905
10.62973
11.74746
11.62473
10.57127
12.2126
11.7294
10.55559
10.2163
11.79465
10.70392
10.44593
12.35494
10.71027
11.05799
10.42924
9.870258
11.3491
12.26125
11.49717
11.16171
