457.1283
379.7166
144.3601
154.2277
895.7882
256.146
262.0094
149.7025
304.4887
357.322
130.9512
199.97
108.5396
206.3335
266.9579
156.3132
349.2811
166.9666
489.3807
255.7521
216.0536
800.3838
249.9217
112.7103
375.6912
231.5689
363.434
517.5014
371.7052
302.2788
159.7724
240.4278
251.4055
323.8768
186.1646
191.9486
456.0558
290.0849
194.2018
352.9133
278.1924
323.1063
170.3173
190.1666
97.76759
315.7784
167.9841
167.203
638.5685
190.92
190.5608
171.3791
436.0713
176.9278
123.7322
138.7751
82.05618
709.1476
226.5809
251.0021
324.1528
682.8831
260.7372
395.0786
279.2898
287.1421
419.0453
163.4296
149.4551
522.9163
135.6918
265.7212
362.4882
152.0492
138.4206
164.018
666.7866
136.6981
199.1613
193.9287
1095.399
251.2932
521.2987
163.2539
233.8207
252.6427
435.9749
170.37
129.8073
184.3245
275.7747
131.922
161.4247
251.7459
453.763
376.9608
101.6117
271.7653
115.4827
448.9889
126.8857
124.6772
186.3859
645.7205
325.6461
185.8341
118.3882
271.3509
206.0504
594.5253
282.6502
164.5862
242.3664
235.9627
350.1706
303.1098
667.4858
115.1122
268.168
98.42237
170.8989
291.9897
242.3108
198.4396
159.5514
214.6652
223.3021
210.7901
264.2665
214.8924
519.9102
256.4179
211.0962
161.8058
396.7147
222.8971
378.8408
152.6003
140.659
202.7083
87.54369
154.576
248.073
200.0374
178.0687
127.4331
173.475
369.6119
265.2977
346.0023
250.7317
337.1104
238.3821
206.3481
382.2097
473.7679
215.9128
369.3158
227.5145
204.1456
219.3793
249.1522
500.5809
844.8225
342.9201
331.1132
253.6133
212.6087
405.9441
143.4471
1047.556
108.1685
177.1597
283.9254
230.931
415.84
131.3703
164.4923
206.1358
255.6636
216.9597
125.8577
638.6572
273.8755
549.2681
388.0809
263.4561
112.1156
122.9735
116.229
106.2816
358.2158
203.3409
80.74695
174.5023
116.661
135.1484
191.0024
219.4918
246.3248
221.1377
173.9399
357.1113
105.5749
133.6629
83.69097
304.7426
116.6971
139.1093
133.4368
229.0833
197.71
229.1638
199.4637
136.8043
284.3041
201.8074
373.2946
302.761
354.0917
214.4363
285.5658
109.9311
255.485
123.7788
193.0966
316.1613
352.6293
761.3949
254.9747
250.9623
354.1531
138.8271
187.2234
456.0728
401.8412
144.4572
192.0533
281.1745
167.4882
346.765
248.0528
184.2648
223.2612
172.5529
268.7962
158.6091
705.9194
370.5078
348.4036
186.6637
230.7138
437.1552
1430.022
574.849
247.9364
287.1722
336.7884
166.0226
587.1584
292.5427
186.5819
213.0197
328.7132
399.5045
480.9154
791.1125
158.3688
583.3623
439.418
305.7003
427.0132
413.5302
424.234
181.1008
305.9714
335.3185
164.5884
211.2373
216.6108
201.204
212.2717
146.0182
349.2663
159.0101
290.0215
527.7057
215.9555
344.6164
194.6959
275.9262
648.0276
191.0528
295.5891
206.0243
306.3486
258.1903
279.6562
175.3543
209.8565
235.0087
330.0275
161.9449
574.565
122.1783
254.739
129.1845
125.5785
238.5472
358.0708
222.49
354.0996
505.1491
532.0907
510.6933
216.6881
140.8047
593.6815
511.5976
260.1576
278.3993
708.8144
287.8765
257.7461
295.9416
489.705
315.4621
132.1847
401.9386
427.1275
153.6744
133.7218
170.5064
296.7734
223.7749
240.1947
466.8674
228.9177
162.2348
259.7207
223.3703
238.5392
112.5545
245.3092
174.3686
152.7402
130.4469
200.7624
197.1184
154.2642
338.7642
128.8359
142.7531
250.5658
255.6575
227.851
143.0597
184.689
196.6432
136.888
208.8065
201.2541
234.8183
524.5748
538.778
246.9621
192.5431
738.3408
768.5783
473.4312
213.6594
187.8478
290.6378
133.0205
281.9743
328.4258
382.2578
649.5145
202.0043
233.435
162.5847
172.7994
324.215
267.6756
160.8618
276.3566
222.4167
1140.995
325.604
352.7599
276.8385
370.1969
405.2611
132.7057
598.2104
137.9482
209.1476
248.1157
151.2949
171.2616
137.2741
112.2223
291.6633
210.8088
119.4121
278.9974
220.0897
155.962
180.3935
348.8532
418.7488
1032.065
242.7075
181.6208
127.4914
83.57549
133.397
365.4544
313.519
732.1603
288.491
116.458
151.4361
392.4605
128.9123
259.993
201.5724
153.527
196.1701
686.8478
197.7422
179.1111
165.3881
304.5549
434.9074
303.7844
513.1139
194.917
384.7374
140.9612
281.9618
266.3834
311.2526
191.7978
363.7983
125.1251
91.51713
167.8697
143.1826
156.7316
131.3887
174.628
180.7563
82.52404
144.8863
228.1072
436.3426
230.9511
108.091
335.727
231.0067
174.5809
164.2034
117.5189
246.2827
174.4527
121.2641
253.3841
200.0943
231.2388
127.3846
134.2584
717.3071
129.6612
213.4591
171.6981
71.07215
176.5442
121.9566
100.2436
175.3591
144.3815
256.1919
466.809
115.6156
253.1764
101.7674
93.71615
610.0874
143.1802
128.6074
170.5753
199.837
162.993
128.7008
174.1386
516.3213
188.0245
208.4385
389.953
