1864.822
986.85
377.6501
1198.582
538.2606
4851.776
1015.968
732.5912
1623.154
634.8562
988.148
1537.491
741.437
1845.588
716.7542
369.4058
592.7013
441.4225
381.8691
553.4632
849.9519
1206.178
803.1102
548.9337
650.648
614.9988
677.6691
492.3465
190.8852
411.1068
632.5156
766.7975
594.669
746.3989
485.8918
702.744
521.6859
488.6335
864.9486
937.7086
1626.697
464.8928
413.5148
317.9308
461.3059
439.2799
669.3275
1396.205
773.3526
582.3009
852.6169
1736.244
739.1506
841.8635
1203.865
465.2511
701.1348
643.4613
1359.316
2447.374
462.1133
822.2063
669.2644
548.7847
819.2056
1460.048
704.8131
427.6902
861.1837
981.4532
541.6269
939.6788
543.6101
1166.964
2026.587
537.8278
1107.628
2633.417
1687.338
821.7616
1446.1
546.6506
1678.274
505.8143
1003.247
1356.636
520.6246
817.6065
859.1798
2214.791
1280.768
1242.843
380.0615
1839.757
629.0077
479.0728
263.7261
1328.741
448.7298
466.5663
837.1817
698.6989
624.8416
447.403
628.3694
736.9447
497.1077
553.0258
762.1497
490.7056
875.5177
910.9489
1050.47
1016.359
780.4643
1505.166
2512.866
2117.718
1282.418
507.2359
1071.359
854.8012
1189.373
476.4092
475.3153
407.155
1185.668
863.029
1506.537
1285.92
816.7148
1306.16
1006.4
363.0996
1272.341
1701.932
826.9653
734.6813
1239.239
937.803
2274.885
1032.869
1098.055
1080.554
519.9966
708.6615
3508.239
1113.453
1491.474
676.2232
2600.709
910.3778
2690.553
578.2542
1514.084
637.065
947.2603
775.2074
1699.006
1677.421
732.2144
1173.982
1240.632
632.8008
1139.353
791.2151
995.4164
1187.263
954.7526
737.3673
396.7324
531.0116
1826.727
741.7025
391.6068
640.6398
1255.077
647.3935
5041.612
779.5898
401.2543
1147.43
1145.228
859.418
556.1629
1615.777
3180.03
730.6292
1541.414
1639.683
755.0491
761.4379
1061.681
856.1196
1926.471
2499.8
1673.09
3629.564
963.9184
1331.699
1595.122
980.3256
863.0888
919.8225
1542.347
907.7524
1248.712
2217.269
5861.844
759.5808
3713.752
1055.358
869.8654
904.9333
1655.658
1469.892
1344.723
1885.306
818.9248
2366.675
756.1577
841.3984
900.2007
908.0492
474.6729
971.7537
680.2019
1026.722
849.2894
3022.339
1010.161
1872.732
977.6008
1060.923
409.0125
464.3496
629.8687
346.4713
732.9079
393.8063
594.7471
701.3771
857.3746
1548.871
1236.527
472.3714
1653.634
573.0137
799.4483
808.4915
380.3726
725.4663
724.8105
2669.434
412.6578
1260.538
678.8029
1297.576
1170.008
677.3328
746.1953
608.4896
583.0273
384.9023
990.881
614.4713
1343.262
930.3803
1027.529
829.75
678.9381
331.3325
877.1242
1877.197
589.5555
956.4092
407.8904
547.5532
1101.95
855.4142
951.0906
625.6941
339.9657
490.1695
972.8965
862.9933
467.1289
1185.274
715.1136
1068.804
1203.002
538.7075
1056.91
1280.411
1834.362
1238.624
512.9414
1093.605
1048.725
1213.006
818.9229
526.8981
724.5628
2277.235
644.4574
280.9742
624.5253
835.186
1273.974
853.8021
573.2911
600.5489
479.958
1362.468
1361.33
525.1959
295.1969
320.0691
698.1869
578.1254
1018.699
596.4336
1321.786
566.1859
662.082
886.3782
1178.468
717.3685
660.1603
290.0849
1010.277
242.3619
2135.67
483.7582
383.8933
293.5094
643.7402
333.2935
600.3148
453.0383
538.7351
361.465
755.2989
690.719
603.0905
641.5396
354.3941
2051.973
337.0373
970.3415
503.731
1070.705
557.6082
965.4269
591.2309
833.4837
553.5187
637.6458
1410.287
585.4352
322.949
1033.576
1171.376
1212.055
1418.078
916.7937
1760.361
879.1548
1167.284
2315.261
1013.273
884.5322
1547.112
1281.811
1319.019
2484.683
891.2455
543.9807
828.1502
973.3593
1222.756
689.3857
814.8356
1741.249
1061.524
1616.765
1046.628
2458.619
1154.753
415.4678
1102.448
1175.493
2276.24
687.8182
1184.409
1082.538
751.1504
471.0394
825.3789
474.5755
837.7776
1135.845
932.0008
644.6203
2128.271
1182.709
1201.41
1939.601
629.8416
808.8247
2201.115
782.0194
864.3585
2121.477
2104.898
770.9474
1147.522
551.2904
554.0973
674.5515
517.8036
1455.573
440.4993
858.2791
545.2763
738.8499
1142.551
1439.378
1551.491
1276.414
1665.106
1163.315
546.3551
898.3121
504.1546
689.1676
1187.549
1314.017
1568.858
2471.109
849.6539
1120.372
592.9543
1026.271
1167.066
1069.339
953.7098
1172.308
695.5594
403.0645
645.7414
657.641
907.8962
2382.445
970.8297
1439.628
513.9891
1049.038
522.7231
405.8926
408.3843
1681.91
1149.996
901.9859
631.3841
727.0332
1382.54
673.2255
751.9055
473.4484
3755.741
498.0574
684.4083
1003.748
1032.599
890.874
2464.523
943.0405
1321.745
1154.077
1205.476
2016.989
850.381
1156.087
622.3021
1391.211
879.6767
1236.272
1957.985
754.6136
410.5877
1124.403
1140.649
1173.434
631.1881
654.9447
979.7308
737.2538
562.6609
1473.721
