300.3747
388.7843
436.6998
531.922
294.8438
374.3349
376.3338
229.9648
170.9059
212.2637
235.1203
289.488
236.7951
195.2192
194.3886
309.1567
145.3834
124.9405
113.741
108.0539
94.16364
91.50608
118.3193
118.8285
213.8166
130.9349
248.4589
157.6731
217.6031
227.2037
292.1756
233.0257
312.0209
540.5434
629.5892
458.9193
506.5161
402.5872
575.4368
442.9527
963.4975
1465.689
2007.779
3021.607
1251.377
1206.842
1557.046
2132.528
2307.876
1898.5
800.4037
537.4968
967.5527
1335.716
1023.447
721.1937
507.7467
779.4073
717.7363
804.4458
959.8669
1843.785
2372.972
2367.512
2643.345
1952.708
2276.844
3034.596
3869.804
4779.278
6784.318
5814.033
6300.314
9812.322
7586.127
6228.776
8593.677
11741.58
11332.04
5715.107
5912.58
4486.921
2669.868
2247.328
2714.539
1854.779
2966.598
4850.725
4345.849
3328.139
3239.924
1957.381
2673.019
3798.147
4972.096
4120.045
3405.269
4301.06
3326.003
2890.454
3717.72
5331.84
4427.451
2834.587
5423.82
3680.699
3047.711
2342.052
1617.516
1835.098
1268.255
1340.71
749.663
631.7569
901.0314
1254.354
2388.185
2916.338
2023.153
1923.834
3073.068
5378.124
4022.809
4527.308
8679.53
8174.392
8716.618
7824.695
7383
10260.93
6329.521
7237.07
6184.173
6287.334
4202.428
2179.898
2628.231
2576.704
3290.753
3172.007
4627.395
3814.01
5086.012
3387.534
2101.653
2114.33
1837.015
1380.218
1227.153
836.0128
679.004
594.566
744.5493
684.0546
567.5651
718.9291
795.295
1076.777
768.3964
502.2824
427.4911
292.411
285.0153
211.389
192.6525
179.2687
209.3898
162.4694
168.9848
152.196
213.9602
233.5457
161.7326
422.1761
315.7425
223.6434
236.8801
231.525
237.2062
271.1658
279.9214
386.096
407.3353
1013.425
1260.3
982.7934
1089.422
972.4794
544.0188
471.9314
425.4333
454.8255
512.7477
840.2115
761.2152
1766.911
1149.467
1413.404
1528.229
1232.322
1271.946
1050.816
1989.934
1983.223
1645.508
931.9649
843.1013
1132.479
1706.43
2100.177
1777.554
2959.756
1771.935
1116.288
1345.454
1728.129
1949.409
2307.828
2570.301
3340.99
3090.558
3656.924
3994.73
4494.553
6332.277
5939.576
2971.828
3912.516
4138.931
8385.169
7576.965
5775.659
4829.795
5414.223
3195.39
3546.887
3131.661
1594.265
2362.763
6035.103
4565.614
5870.034
4250.087
5559.832
6880.619
5561.3
5207.627
3972.851
6421.475
6409.571
6181.543
5586.858
5430.201
7533.422
5102.058
3296.502
2968.321
3533.863
2435.908
2153.577
1972.438
1617.058
1204.023
1331.272
1706.982
902.3477
686.3284
887.7907
765.5402
1015.05
2503.463
5815.313
4564.931
4858.78
3988.053
1944.867
2160.99
2323.119
2184.026
1127.546
1262.507
557.3841
733.2945
1630.314
1851.939
1311.223
1383.124
1588.429
2100.721
1872.831
1931.908
2284.839
2117.327
2082.023
3091.074
2255.671
2095.852
2350.921
1930.192
2253.896
2386.039
1674.22
828.69
458.2881
649.0842
674.5414
1269.726
1418.505
1708.033
1111.735
986.6107
1083.633
613.6439
423.5667
710.1029
966.0289
1133.542
1069.66
899.4864
898.2319
1648.262
1314.285
674.5109
652.11
716.0558
794.0103
924.8045
1513.206
1768.223
1645.746
1575.053
1884.917
2809.796
4730.183
4919.47
5017.592
2576.183
3396.165
2430.493
3662.676
4865.423
8074.115
7067.578
4762.09
3697.9
2748.854
2002.385
1426.241
1769.315
2011.801
2731.382
2745.398
1922.158
1993.748
2968.542
6014.78
8040.208
8406.813
10662.74
7553.207
4636.321
5176.714
3661.011
5194.015
2442.781
1631.987
1735.646
1418.32
1686.681
1439.837
1545.797
1407.253
1412.708
1657.284
2386.424
2614.45
2019.72
2926.402
1965.684
1864.57
2064.412
3072.717
3028.408
2392.477
2519.891
2990.125
4109.134
2870.67
2832.173
2989.072
1953.171
3139.262
4533.857
4268.571
3136.867
2473.197
2711.465
1913.846
1582.577
1118.645
914.5923
955.285
1558.552
1628.514
1348.806
1689.396
1792.769
1356.821
1645.792
2334.162
3491.485
3753.641
5294.23
3496.143
3506.386
4337.007
6686.386
5217.585
5900.232
5404.657
5535.518
3044.383
2891.144
5058.902
4422.993
4188.404
3940.998
3328.943
2545.234
3004.693
2622.133
1617.502
1552.448
1776.173
2676.403
5383.578
5867.429
5799.297
4585.455
5209.114
6691.844
4474.303
6250.573
5498.378
4777.727
3613.569
3145.795
5141.397
5214.545
2371.828
3135.741
2074.472
2977.358
4302.262
5152.253
5474.269
5425.158
6652.747
3365.675
4418.674
5444.813
4973.121
3327.512
2758.954
3178.884
1889.709
1907.709
963.3843
637.9064
609.4388
692.3001
661.2877
500.3936
379.3236
363.0801
433.9158
446.0871
451.3511
395.9915
530.6947
446.0632
315.4847
359.3951
413.7697
549.3093
676.7473
582.8138
473.868
476.2122
426.9866
667.6364
778.5808
1080.609
1804.054
2354.259
4264.67
5200.886
5167.65
6338.692
8253.97
