89.60603
88.09726
88.85639
84.69776
83.20437
99.18843
96.04115
94.74862
86.77752
80.75202
70.8698
82.7645
86.78765
89.08572
78.45786
84.50262
88.25069
94.43352
84.51614
82.99583
85.06703
82.15755
77.43836
82.77292
84.86325
85.81444
83.06705
89.05005
85.47258
75.51311
63.98468
60.06215
56.80809
58.45642
69.94174
72.76491
74.25304
71.53167
65.74384
64.80445
56.05736
60.07735
60.88922
63.12579
57.83527
63.62833
65.02355
73.91249
63.49548
66.83417
65.90405
73.98103
73.38576
64.62838
60.13833
54.9303
51.54429
47.70842
47.19526
44.43611
43.91328
46.17224
45.85543
52.37286
53.58665
49.03623
52.07968
46.41371
59.49406
66.65718
56.08775
61.22797
55.06073
57.85618
56.33148
56.56982
53.71929
55.49317
50.11386
61.4006
70.70552
73.40847
77.14898
69.75347
65.81015
71.20701
76.60485
63.45776
61.0822
65.01212
72.46872
83.80925
94.5397
94.61854
92.78159
92.56239
83.35179
76.72354
75.51177
69.99738
62.62481
65.99348
64.68521
62.32781
66.51018
64.39846
62.29381
53.51723
58.54479
58.46612
46.35033
47.21586
40.22938
30.71788
23.94947
20.43791
17.69508
24.54605
17.35694
14.06224
14.36667
11.49033
17.05908
12.23154
17.9696
16.96837
13.17009
21.10354
17.30973
16.01217
15.74385
12.69826
19.19148
23.18527
30.14242
34.36254
43.46748
41.38443
39.10197
43.52773
47.78327
48.30009
54.72704
50.52938
52.91569
53.50996
48.7717
61.96309
65.60737
62.92078
75.77205
69.41787
70.85448
68.57331
76.64523
78.64864
88.76365
88.30362
87.61186
86.7337
86.17857
86.64486
75.81611
77.76576
77.82232
81.5838
76.00831
75.79769
76.85226
86.55295
88.50375
79.88873
72.84293
75.80396
74.45516
74.40555
70.16144
75.77071
73.66291
78.10088
85.51535
89.4391
89.6696
85.13226
80.01562
81.27936
65.13924
64.57241
58.27926
56.44329
55.81572
56.70462
62.32817
58.49546
61.8762
67.01883
71.78898
79.69681
89.88658
95.50616
91.65202
89.4378
91.35299
93.80477
89.05345
94.34829
96.4829
92.49348
93.02172
93.46678
92.96099
89.20374
84.88388
84.00366
83.6795
92.49434
94.82191
92.81616
100.4714
92.37927
85.31103
87.63638
97.21879
92.84542
96.02335
97.1112
107.564
102.0087
101.2068
102.8957
103.1122
107.2697
106.6016
109.3712
109.8905
108.3867
96.1451
100.5971
103.2778
102.1952
95.3309
96.12372
97.36792
97.33403
101.8879
102.2488
93.51246
92.83237
97.27099
99.77542
97.69912
99.01536
96.36147
96.18871
103.3585
107.811
117.6595
124.1978
116.9942
117.2486
117.8075
117.4764
115.2393
119.7041
120.4071
121.934
113.8877
117.6538
117.9381
115.4339
121.3153
122.549
115.2171
123.5007
122.4579
123.8389
124.1865
123.9664
118.6287
115.7024
115.8883
120.5264
117.6864
113.4111
107.2213
106.632
100.1169
96.93996
95.84202
97.7994
100.6248
109.103
98.48222
98.0377
88.4424
88.72992
88.07267
77.1994
81.35469
75.25608
76.60519
84.10446
80.59583
82.89935
84.52921
75.93727
81.1468
85.01154
86.30253
87.46794
86.10482
88.0272
86.07949
87.40872
90.95455
84.84192
85.46996
84.92977
91.25804
97.52815
105.9552
114.3266
123.2109
127.6407
139.668
135.6802
139.3356
139.9497
141.9035
141.9569
135.0471
133.7348
131.2104
132.8602
129.603
127.6705
125.1627
127.3853
125.7359
136.2027
133.6404
140.0016
136.2813
137.9785
136.4098
146.1883
138.9087
140.3158
134.958
141.4522
143.9586
145.6764
145.7498
156.1746
160.6474
159.2404
161.0666
158.4944
163.9937
163.4601
153.8081
148.2564
158.0364
162.3571
156.7242
156.2005
152.5972
157.5736
160.8693
159.0304
151.1355
147.7467
155.2316
159.9772
158.9293
158.4557
152.6111
145.0596
147.1758
149.3537
144.505
136.9075
134.5083
138.2077
130.3375
136.4698
129.7411
121.672
129.109
132.4039
130.7316
132.2785
135.6975
130.6579
118.6204
114.8931
123.3907
127.4962
130.2738
129.8444
132.108
125.3784
130.943
133.6674
124.8305
122.3119
128.9467
116.9081
109.0082
113.9381
104.4061
113.5173
113.2025
108.6629
103.9495
114.2954
111.8813
110.596
103.9354
98.85112
105.4218
101.0212
100.2013
99.44002
103.0664
112.3267
111.626
98.63296
104.7827
100.8623
112.0167
97.78616
105.0298
97.44329
100.2037
103.9251
99.10924
98.13682
104.5587
105.9114
114.1486
123.8208
117.175
122.0891
121.1576
120.8508
132.1718
126.1113
123.9304
117.3479
118.4842
116.2829
115.5871
114.7174
106.8311
103.8166
104.6059
111.1173
103.1445
107.9777
112.9018
115.8504
128.7803
129.4504
137.8743
142.4785
147.897
150.4325
147.4066
146.5511
147.5327
141.4559
145.299
141.5917
142.4617
126.1856
133.2482
131.2877
121.8983
134.9672
130.8301
124.5674
127.1287
124.5219
127.4198
123.388
122.3224
120.1715
130.409
136.3907
133.3239
131.4767
123.1288
116.5383
101.9164
98.15396
96.68567
92.99101
95.01711
105.5723
