0.2304154
0.5723387
0.184093
0.59705
0.3438075
0.5700872
0.2312529
0.3794424
0.434053
0.2255782
0.3012434
0.4662758
0.3053223
0.2510928
0.250774
0.392933
0.1781667
0.1610271
0.1421235
0.1977186
0.5953406
0.1900359
0.1951236
0.4628015
0.3414882
0.9453476
0.4881837
0.1777657
0.3426289
0.4568473
3.400566
0.6850976
0.2316829
0.3122651
1.033035
0.1391156
0.2324463
0.7479298
0.1284082
0.3189814
0.6914724
0.5903344
0.2424982
0.2383334
0.160831
0.2056596
1.382292
1.066642
0.3303134
0.3933104
0.1185163
2.580825
0.344839
0.196959
0.1681483
0.2096781
0.2036289
0.2844707
0.2210463
0.3537565
0.2488203
1.237523
0.3253179
0.2830236
0.3977364
0.2139406
0.2911878
0.5592912
0.195278
0.4144438
2.063355
0.3737277
0.1799961
0.2471244
2.055304
1.815155
21.09979
3.362042
1.785342
0.326503
0.2560157
0.1904939
0.1167351
0.8594819
0.2166474
1.269394
1.410232
0.1832489
0.2455356
0.2292814
0.7240878
0.3792126
0.1593358
0.1525518
0.2084263
1.752397
0.3875681
0.2935162
0.7923179
0.1952783
0.09019402
0.1728995
0.1218611
0.2682561
0.1059729
0.191818
0.959568
0.5670448
0.1861856
0.5858333
0.2208353
0.2366521
0.1798564
0.5899216
0.1477516
0.1798332
0.4915981
0.7566251
0.1995488
0.3025952
0.6774039
0.180901
0.1243147
0.4143014
1.157101
0.4529009
0.4495515
0.1979021
0.17643
0.3532404
0.1131204
0.4215255
0.5771366
0.3615063
1.013105
0.1668194
0.8315068
0.3709775
0.4502487
1.118489
0.1927099
0.2137888
0.1589413
0.3472241
0.3620324
0.4861404
0.3388584
0.2380204
1.570902
3.965588
1.137371
0.6980836
0.9110387
0.3462644
0.7129083
0.2657154
0.3458324
0.1920962
0.6174947
0.2259405
0.3920625
0.3271994
1.448652
0.4458345
0.2168133
0.2685084
1.074748
0.3652829
0.3914191
0.1487405
0.7713635
0.267868
0.4364739
0.9233669
0.5534345
0.295157
0.5085997
0.2604524
2.425105
1.053191
5.958793
2.305256
0.3105081
0.3912744
0.4346295
0.3946961
0.4768141
0.2836761
0.4731331
0.2236095
0.4332758
0.1750401
0.6758451
0.175673
0.4697012
0.2418377
0.6790829
0.6291698
0.3246627
0.371335
0.1860088
0.2772332
0.3288821
0.1119058
0.3423025
0.4076129
0.1324659
0.1084774
0.9271989
0.701385
2.021309
1.515381
0.8394564
1.358637
0.2926361
0.3522145
0.2142136
0.1596773
0.2413502
0.5274508
0.1982796
0.3476329
0.447975
0.2293971
0.1209286
0.5635151
0.2504931
0.5715397
0.2727198
0.2633254
0.7940853
0.4288849
0.3290085
0.5117316
0.509687
0.4668971
0.3935883
0.3101733
0.2593186
0.4829696
0.2348854
0.2878557
0.2568661
2.053353
0.1801227
0.5231163
0.3137414
1.031716
4.416417
0.4348522
0.7827289
0.4201305
0.446287
0.7013394
0.5525952
0.1096953
0.3044827
0.6049829
0.3795599
0.190898
0.1753568
0.1705265
0.4950478
0.687151
0.2579702
0.2940343
0.6318455
0.8800669
0.5632381
0.2633619
0.3977835
0.6843275
0.3097497
0.1989474
1.600669
0.2339249
0.2349371
0.168685
1.106057
0.3327676
0.6904005
0.3416659
0.3027914
0.2311302
0.5659625
0.6095533
0.1991379
0.4608511
0.0943952
0.1521905
0.3383549
0.6245146
0.4370481
0.3287732
0.1223389
0.262091
0.3185482
0.5424007
0.3194686
0.5251803
0.6918526
0.4155862
1.240925
1.288027
0.393492
2.423243
0.1559407
0.4250161
0.1666212
0.4194542
0.8052427
3.350796
0.9024537
0.1939282
0.1876617
0.07402145
0.6504543
0.1568116
0.3524045
0.1315767
0.1579214
0.1880648
0.3235565
0.4003407
0.2768288
0.2760671
0.1321708
0.2474516
0.2726885
0.2360029
0.4331858
0.2745637
0.7301367
1.551171
0.5977353
0.6746187
0.2051843
0.4956536
0.1670914
0.2015981
0.2144152
0.5723177
0.2416717
0.4189526
0.3646154
0.2106782
0.2495297
0.1364792
0.807071
0.4654495
0.4708369
0.7930804
0.1579627
0.4233723
0.324524
0.5005773
0.1959446
0.6636244
1.718995
1.10869
0.537741
0.5567862
0.1823043
0.8089945
0.2318086
0.6663217
0.2746593
0.4429778
0.2633712
0.20011
0.3562812
0.9273598
0.4372601
0.1922458
0.1944744
1.72857
0.5753704
0.1529189
1.130857
0.4356192
0.9075477
0.7315998
0.4387368
0.5105548
0.5544965
0.5100024
0.4394525
0.4671231
0.3256168
0.4567462
0.4084762
0.3057993
0.521732
0.2928976
0.4038763
0.1726841
1.0314
0.1849552
0.2282242
0.1416237
0.1159903
0.1629417
0.4270474
0.4528726
0.2907191
0.8699069
0.8417221
0.2567162
0.1455212
0.7702148
0.3396665
0.5961959
0.1537819
1.887671
0.2996646
0.7605091
0.3923516
0.7699691
0.4597353
0.1965916
0.3348873
0.2057452
0.2132579
0.7361421
0.6597207
0.1640642
1.042033
0.8076593
0.8254624
0.3168554
0.2914748
1.183481
0.1854599
0.1601714
1.937051
0.1816261
0.2474861
0.5362734
0.6512338
0.336605
0.3402617
0.4252164
0.3340032
0.4693935
0.2773584
0.1266543
1.549108
0.2189038
0.2753697
0.2466024
1.005968
0.1169005
0.3098099
0.7596621
0.5871631
0.778916
0.9215651
0.2257179
0.2517218
0.184987
0.1904112
0.9594978
0.1548828
0.2016226
0.1267245
0.2126895
0.2409566
0.3081573
0.1516067
0.3210633
0.1295905
0.8374264
0.3644116
0.451347
0.2289208
0.2746842
0.3012725
0.2613335
0.310565
0.3980642
0.8654104
0.09931212
0.3880007
0.1869217
0.6091709
0.09963799
0.1908344
0.5200469
0.2974308
1.245964
0.650378
0.5396597
1.485225
1.579007
0.6277543
0.7235437
0.2842569
0.2765305
0.2202143
0.2846924
