155.7315
105.8842
131.5145
252.5587
195.0482
464.13
60.47803
91.55502
359.5986
137.3504
119.8443
166.8707
192.8154
165.1433
780.0041
149.5756
565.1558
344.0652
68.935
112.5742
176.2343
280.2027
75.56174
78.14494
157.0312
182.2293
91.4633
115.6464
75.17273
352.1889
70.28194
127.4843
113.941
82.77826
214.7326
100.6337
96.26928
104.0612
135.8516
238.9783
80.29813
214.4247
112.153
302.7329
124.0869
109.0322
113.8508
172.8207
142.21
373.2747
77.76564
91.22224
146.2594
147.7959
101.4608
296.5509
184.3761
117.8882
96.1423
188.213
177.1219
129.2466
107.9854
121.7801
73.36622
193.9939
124.6969
276.1489
370.674
251.735
123.0231
129.4255
196.1039
376.7044
187.8715
345.1722
220.8273
55.42695
120.3808
256.2546
242.0688
174.1712
487.4868
84.73676
98.36291
85.69787
178.1589
286.251
57.51286
114.553
145.4822
223.6924
83.76608
396.285
161.371
100.7886
1381.201
232.6999
124.1216
98.45035
119.6586
48.61362
155.7435
95.25163
76.54456
161.1771
81.23039
144.0194
85.84782
134.985
123.7819
90.68643
97.50405
106.4648
80.60738
90.70121
357.1882
91.56327
152.0428
68.3555
170.0907
55.06017
471.6226
147.3232
113.0874
90.91236
40.93651
556.6137
153.179
295.0524
202.7919
69.26026
183.9837
122.5693
176.719
210.0447
486.0438
128.6907
127.6333
918.1165
113.3529
927.5063
427.4654
388.7397
49.42389
37.10285
106.9769
129.1356
174.4153
54.21022
100.0697
146.5313
134.4453
142.4631
65.91992
132.696
163.8222
175.3796
241.616
93.84752
107.7174
38.45799
96.81342
366.9784
133.9057
139.3365
93.06327
211.1716
150.9647
103.8791
526.8281
96.59056
579.5343
143.2099
99.84137
102.2556
49.66228
138.074
78.94537
1109.952
204.146
220.9987
323.2431
237.7958
193.341
323.4572
255.3625
283.029
85.90279
1142.993
275.2801
113.4553
91.30864
91.34223
113.1852
80.62441
298.0065
85.16088
337.4477
120.9315
141.9484
445.0136
166.5907
72.44765
261.271
267.3626
159.6331
259.4892
248.4569
137.0187
454.7019
113.0934
108.7824
104.3546
80.25243
34.09908
182.8016
170.8336
87.60189
249.4245
386.063
82.77809
103.0847
115.1473
110.1499
82.40193
113.0762
300.3396
136.7291
200.2
243.0681
143.7052
196.6678
771.3415
117.961
275.5822
283.5332
87.30664
99.66088
276.5915
162.7043
303.813
153.4319
290.7368
254.6328
98.81048
124.1062
117.7988
418.6104
158.7836
236.285
320.6746
80.9643
111.7029
676.9289
152.8809
246.1861
243.6229
208.4953
177.504
349.3634
250.3107
191.361
441.2233
113.8753
163.2082
511.8495
294.2898
320.0994
136.9075
92.17394
200.7166
136.5182
76.23705
118.5206
263.1105
156.491
108.0729
212.0743
199.9664
171.4106
184.5721
360.8206
59.25789
382.5586
306.8467
151.6815
147.2883
233.0631
236.5408
143.043
201.2609
113.553
114.8376
74.94195
119.4168
172.2421
51.53142
104.2945
86.78325
874.4685
191.054
190.3771
157.8875
159.8418
199.718
62.76518
311.3978
134.5056
309.7746
264.0199
55.79293
113.0687
75.4915
95.88305
208.7696
268.6363
559.8153
100.253
158.9511
165.6108
62.2263
195.782
130.9102
188.6909
94.0982
296.9604
75.55848
368.1638
224.3574
240.9048
188.75
180.6931
74.15646
98.56986
98.23238
59.91458
166.7845
189.4152
127.2193
427.3191
116.1593
145.4968
203.8053
326.9908
299.484
386.4216
519.3642
1081.099
378.7398
214.3389
1204.161
3775.143
172.6395
218.0683
522.4949
601.4097
896.0855
727.5825
351.4757
360.563
1497.653
283.0926
728.4838
376.0478
192.4975
601.7919
259.4517
700.5781
929.1492
444.78
241.2456
294.9426
2733.671
633.0915
484.3746
635.0691
301.1479
235.8178
1428.009
1031.857
235.8196
423.3467
557.3477
923.6355
726.6242
319.1968
2034.261
458.2628
340.725
306.1237
444.1714
272.5046
244.1417
309.4714
116.3616
172.5619
865.5968
481.1369
2366.972
193.3752
563.8317
319.1233
729.714
341.8328
3111.736
519.9091
1025.202
809.895
439.0118
740.51
454.1228
442.7575
1283.297
137.7077
263.6737
340.7334
180.4648
734.9103
202.9302
325.294
106.3844
294.8916
225.5245
208.0636
147.6312
116.786
474.2111
256.1077
287.0649
154.0828
135.5379
170.325
356.288
221.3448
347.3578
134.0113
315.9176
88.57329
78.93303
125.8952
197.4596
150.9909
105.6362
100.4246
147.1385
206.6095
138.1744
75.54019
62.01027
111.5126
339.0794
100.3637
301.301
75.18614
132.3319
100.0829
261.3433
177.7059
84.00739
237.7627
227.179
57.99855
1927.364
325.6933
283.5837
102.5581
220.9558
53.89166
141.8067
186.408
48.87004
85.70667
254.5781
92.72061
100.5425
162.2915
301.9117
234.444
229.1592
138.7812
338.7592
187.0957
174.9626
87.87821
156.3538
68.1929
166.5599
152.9548
212.3521
444.4242
130.6922
170.5138
118.2391
131.0165
245.8404
121.583
176.8222
197.7923
285.5449
