0.3894704
0.5462133
0.3247838
0.8921601
0.3460613
0.5162907
0.2945004
0.1163354
1.203848
0.9652862
0.2201221
0.1305124
0.3273139
0.2071768
0.5171002
0.2640998
1.095045
0.7958608
0.1831753
0.1597259
0.610375
0.2052949
0.1660532
0.2200592
0.851543
0.6547204
0.2708872
0.4202713
0.3613746
0.6090026
0.1413272
0.5307863
0.1826853
0.3435127
0.103053
0.5255805
1.545112
0.2070772
0.378815
0.2251675
0.1802117
0.1966833
0.3862393
0.3722592
0.8735817
0.3457437
0.2529119
0.3517611
0.3295782
0.2630713
0.4217075
0.4069839
0.1607978
0.4337346
0.5098056
0.5281715
0.3916227
0.8344592
0.8387223
0.3247987
0.7875614
0.2691255
0.3369205
0.2650238
0.3923094
0.2318338
0.3139758
0.2963586
0.4422983
0.1555881
0.3672184
0.9427378
0.8150006
0.1731121
0.3458444
0.4088778
0.6353808
0.6373871
0.6367239
0.1464916
0.1871701
0.205522
0.2131918
0.2359441
0.1201889
0.3783151
0.4452908
0.3793832
0.5835168
0.5299519
0.2403456
0.2189414
0.2055006
0.1460487
2.398438
0.4102492
0.1283151
0.2170825
0.4943216
0.3378594
0.6481018
0.3631041
0.2784393
0.3431625
0.6592451
0.3779126
0.2507198
0.3043671
0.2607962
0.9514339
0.3940851
0.1647778
0.2557855
0.6586977
0.5177009
0.2532813
0.5055827
0.539767
0.6227292
0.9305768
0.4198835
1.551486
0.220429
0.8532832
0.5982592
0.09559664
0.573256
1.445436
0.115802
0.9738816
0.6574563
0.359593
0.5556045
1.400992
0.2715102
0.2524682
0.7788429
0.4376893
0.3083784
0.3702198
0.3270688
0.5216183
0.1582596
0.1963049
1.042359
2.444368
1.384781
0.3110478
0.3509719
1.788369
0.2700065
0.3942225
0.07317768
0.15251
0.191133
0.2890097
0.1369098
0.3862238
0.1656958
0.3407799
0.1430844
0.5605378
0.2480468
0.1239791
0.1709184
1.182196
0.4379781
0.8499132
0.2747503
0.5486692
0.2280348
0.6270636
0.6717463
0.8838811
0.3523803
0.2552879
0.598255
0.4721307
0.888287
0.5753758
1.400419
1.512086
0.1256055
0.3238437
0.2960945
0.2973164
0.1798035
0.1960433
0.2290707
2.082207
0.5068506
0.2688522
0.3302206
0.4495539
0.4688372
0.2051276
0.6911108
0.4922904
0.3834604
0.15892
0.1437042
0.5097027
0.4441764
0.2479153
0.6620138
0.2664398
0.3755611
0.2115706
0.4128339
0.2548086
0.2926725
0.3507173
0.6632016
1.532397
0.2656978
0.2237463
0.471947
0.2031957
0.1613322
0.335196
0.3057322
1.194563
0.2204937
0.4348598
0.5372594
0.6870911
0.2652656
0.3006862
1.05694
0.2752452
0.3187076
0.4541111
0.1806942
0.4126004
0.9446074
0.3874741
0.4134039
0.2546542
0.1792942
0.6612381
0.2623263
0.5344715
0.2500268
0.2804725
0.1270505
0.6534583
1.644382
0.3434155
0.239604
0.7501501
0.4596256
0.3562669
0.3151178
0.2978619
0.3066619
0.1603184
0.3640167
0.8336744
0.3469073
0.3898079
0.4495397
0.3151863
1.1016
0.3671089
2.07138
0.4238848
0.33795
0.2043973
0.60705
0.9653013
0.6579434
1.070157
0.368735
0.3388778
1.558686
0.2339085
0.2184824
0.6633235
0.243728
0.2336639
0.597407
0.4137272
0.3321604
0.2599293
0.8021973
0.4870651
0.6797544
0.289066
0.3545839
0.4107551
0.1752044
0.1586444
0.2604611
0.4706522
1.066657
0.2133688
0.573007
0.1191885
0.4522068
0.2251114
0.4283685
0.2114087
1.186367
0.2916496
0.4232247
0.2248052
0.5063103
0.3253581
0.2486104
0.1923178
0.2290092
0.212088
0.2391916
0.3530245
0.4175724
0.4371628
0.4107253
0.1766689
0.3828546
0.321244
0.3357659
0.335518
0.263502
0.09350285
0.4248292
0.1125195
0.1064744
0.259923
0.4825993
0.3744323
0.3043351
0.3897771
0.1099253
0.2489847
0.4493023
0.2751859
0.3839066
0.3190727
0.9728534
0.8122492
0.4157772
0.4041236
0.3673037
0.4475949
0.3746985
0.3495113
0.3934437
0.2091705
0.2160476
0.2616466
0.3596145
0.2514344
0.3813259
0.1849638
3.942308
1.121326
0.2477782
0.4274976
0.5481645
0.3167269
1.529314
0.6837312
0.4639405
0.2748111
0.3149123
0.7410257
2.097821
1.041719
0.4099032
0.1591412
0.7875354
1.330908
0.2460772
0.1991476
0.2619622
0.3168017
0.5693685
0.0846135
0.3667079
0.2407522
0.5913125
0.1354851
0.4043812
0.2337465
0.2876715
0.5040654
0.2560103
0.2774967
0.3903746
1.593666
1.025554
0.5231261
0.2477505
0.2212022
0.4244873
0.373217
0.2529656
0.3803063
0.9656338
0.9239868
0.9361764
0.1636606
0.8361994
0.2947426
0.4205686
0.5068198
0.5352012
0.1873736
0.252549
0.2089776
1.099657
0.1380964
0.2113166
0.5073989
0.3424412
0.5016888
0.427219
0.3545317
0.4624794
0.9750611
0.5178545
0.6895196
0.2788982
0.1261478
0.6301281
0.208321
0.2832175
0.2317421
0.5012614
0.6781597
0.7617746
0.2225349
0.6455662
0.2743081
0.4371154
0.4690291
0.6975759
0.3689426
0.3578132
0.2911629
0.183003
0.3189658
0.3651879
0.1619969
0.5432065
0.3208003
0.7658306
0.299726
0.2214125
0.6367037
0.1575309
0.1942589
0.4331149
0.6215768
2.716371
0.1951151
0.2573008
0.2693241
0.1094429
0.5197585
0.2133162
0.4245913
0.1616362
0.5620219
0.3932118
0.5229162
0.3830191
0.2913376
0.1345885
0.3514914
0.1402033
0.1202617
0.45114
0.7698672
0.320029
0.6224816
0.4715198
0.6246135
0.1821607
0.1597069
0.3342507
0.4836321
0.3022629
0.2298424
1.316044
0.1621429
0.2544643
0.1363825
0.2374888
0.8554343
1.524491
0.2516064
0.9905279
0.5000584
0.3563201
0.20039
0.1193217
0.1678474
0.4437335
0.5493993
