103.692
101.9745
99.90793
101.9219
99.09371
98.15452
99.94686
91.65581
90.39353
90.25627
94.02598
96.98367
97.4302
100.1313
95.60654
96.84418
98.11451
101.7026
100.9846
96.33867
98.85356
107.6533
109.0012
110.8677
108.5668
105.6175
106.3855
106.096
106.482
107.6082
111.2593
110.4405
106.1159
109.3901
113.1049
112.3528
108.4209
104.4108
98.47303
95.64533
95.81055
92.50703
95.06293
92.82627
88.86435
88.90941
89.23647
88.2151
87.39313
86.87361
85.63344
83.06059
86.26452
84.33235
90.18668
93.30893
90.74015
93.92873
91.02374
89.07369
89.0002
91.42556
89.09792
88.13211
87.55402
87.84623
91.61352
94.18257
95.73616
96.0862
93.7531
92.29565
89.06236
93.65699
89.22484
89.52854
87.65737
89.54288
85.41905
86.55487
85.92444
88.28243
94.85004
97.66976
97.1948
97.47455
98.92245
97.18833
103.6626
100.0644
97.00056
99.26044
97.17002
93.86226
95.12801
97.50202
97.67831
95.92132
98.56445
98.59123
100.0319
101.5812
97.93875
95.61855
95.53754
98.80996
103.3036
97.56133
95.28015
94.00523
91.5052
88.53504
88.46285
86.13839
89.23185
88.56401
87.66068
85.62558
87.22768
86.53163
85.71406
85.69828
86.30618
84.8149
85.62455
87.46265
87.88696
81.50801
88.26052
86.26883
89.35622
94.78375
95.74212
96.30588
98.46475
99.69666
97.82748
98.01241
98.52098
101.0568
104.1311
108.4786
106.8608
111.1011
109.3951
113.4808
110.692
108.7046
110.3504
114.5066
112.6152
111.8162
110.7204
109.3896
113.045
110.7273
107.1236
105.2249
108.8544
109.849
111.8147
113.2249
116.5759
118.0888
121.4394
119.8178
120.0018
122.7099
121.1674
122.0187
122.692
126.8552
123.234
121.3086
122.1255
122.7076
122.3635
123.2945
124.2858
121.0278
116.8284
118.0311
119.0401
116.6966
114.6453
111.6468
113.145
117.1079
111.6585
108.9451
111.2567
113.4555
113.9039
116.8433
116.9776
120.7412
120.2075
113.2859
113.2339
112.488
114.4524
112.852
105.9823
104.9193
102.0574
105.0755
101.5421
100.4484
101.9807
104.6225
105.4774
111.731
112.1424
114.0525
114.4353
111.1379
110.4713
106.9358
104.9427
106.0148
105.4422
108.6744
109.0432
109.2789
108.9064
107.1362
103.9679
101.2592
103.2984
105.5026
112.3472
116.9047
112.9828
116.9155
109.6759
108.4744
112.3257
111.9547
115.9524
111.3588
111.9268
111.4178
112.6645
112.8945
110.2248
110.9596
105.7947
104.8914
110.1364
109.5619
109.6175
109.3143
105.1981
104.8198
108.3807
108.7281
110.12
110.7143
110.6773
113.7083
114.5855
118.8704
117.5988
114.5045
111.4813
112.7717
114.1904
112.0448
114.5478
115.3662
115.9071
118.1143
118.3414
117.5866
121.3346
116.2681
113.3331
115.8696
117.4594
117.8453
114.5426
115.903
115.8104
110.3097
105.9524
106.4338
104.097
96.0558
94.10538
98.07991
98.95665
102.7976
104.4866
104.2339
100.6654
101.9014
106.0913
103.5137
109.3309
106.9053
109.0782
105.0272
101.5067
101.7867
100.6975
97.73304
91.9171
94.60835
93.7141
91.29521
91.50589
89.96383
91.11983
93.82387
97.42256
95.53465
96.21848
97.36269
96.94813
99.78471
97.91684
96.06492
93.77866
98.13274
93.95653
94.21321
95.84579
96.16463
95.98437
96.16384
100.939
101.4385
98.71973
100.5038
100.031
101.157
101.0879
106.8942
102.831
102.322
99.56365
104.3786
107.4819
108.5771
111.7635
107.0446
106.4232
101.2971
105.0544
102.2759
106.8238
104.8139
103.7092
103.747
102.5258
100.9945
104.4818
100.4308
100.9438
102.6597
102.923
110.3246
107.1631
108.1921
107.9068
107.8829
105.5098
101.6771
104.3173
98.56529
94.81733
94.6475
91.64149
94.84443
97.43354
96.26284
100.3649
96.09944
96.71906
99.3352
104.3306
99.01642
103.4588
103.2786
104.6064
105.8034
104.9672
106.6449
104.6109
104.289
103.3704
107.4019
106.5013
112.164
111.9768
111.5012
114.8058
108.6617
111.1828
104.3452
106.6729
107.7685
102.023
99.19465
98.09518
98.02609
99.78735
102.809
105.045
103.1667
102.7071
104.6034
100.0242
97.07271
98.23469
98.04355
97.29601
98.40431
95.01069
94.89594
97.83174
97.63472
97.25766
100.0733
97.48506
98.33461
97.10481
97.22119
102.1381
107.7817
106.9716
109.8156
113.9749
113.1762
112.8061
111.0547
109.1162
110.9262
110.273
110.2582
109.2253
108.4163
106.832
103.0844
108.4105
109.1766
113.5735
117.5844
112.5525
109.7827
111.1164
109.0606
110.9053
109.9353
111.3879
110.6919
108.2649
105.0245
106.9156
108.1916
105.8816
103.9796
110.321
113.3039
116.8153
117.4338
119.751
120.6766
117.1817
111.334
111.3377
112.2289
113.3726
109.5009
107.8318
107.7705
107.8027
109.0461
108.2572
109.7986
105.5899
109.5367
109.1782
109.7306
114.2008
111.5675
108.1551
108.6334
105.3954
106.4415
107.1479
107.9255
108.1072
106.7605
104.9724
106.5029
111.2118
108.5086
106.7645
106.1755
