663.2692
581.4267
822.8169
621.4947
451.9036
528.4498
483.0419
662.967
554.0141
802.476
738.8718
507.241
456.2697
519.374
651.8245
756.0578
809.509
722.8189
648.7669
572.9536
512.9077
711.2504
737.9828
584.7652
745.1414
617.7101
548.6716
701.7832
786.7519
750.9747
703.4495
803.2486
635.6982
628.4219
657.6827
800.0596
868.3933
1254.378
675.8459
677.2095
543.4961
469.2809
698.8439
904.133
640.8016
591.4886
781.0543
839.6302
783.3778
742.8762
455.4834
457.715
718.1417
588.7665
477.2281
619.0716
611.4178
609.2496
394.712
658.4298
717.7974
740.041
772.9979
970.2477
563.6914
520.6264
535.6303
628.2766
628.8747
586.8253
654.0305
575.9908
475.1089
598.7396
563.433
597.4537
556.135
599.8463
689.9533
569.485
566.2596
806.9719
733.4167
332.9976
547.3381
493.4273
557.992
677.3956
627.2204
500.3411
585.9089
599.4879
517.8929
607.8178
1011.215
599.4447
729.8492
527.7403
633.1922
612.4455
608.6036
627.5595
495.4752
708.2112
523.6738
703.9182
666.8586
567.5432
844.7699
892.2319
814.0703
1269.808
486.5135
529.1248
462.4024
586.3182
648.0185
451.2862
556.2599
781.1669
561.7182
608.7816
454.3314
483.8901
631.0169
538.5773
589.6228
717.1706
402.6221
487.7342
702.583
686.7727
511.3855
492.0182
525.8142
565.6196
545.0931
432.9836
448.7575
555.764
646.8447
550.6677
754.6267
602.1628
686.123
621.6791
685.2262
575.5578
704.7894
629.6491
390.3012
449.54
446.7006
584.0437
610.6782
552.8225
683.9597
518.9721
486.0428
611.626
1096.984
1064.712
543.4089
622.2665
631.7545
549.0761
501.827
740.5701
827.8369
668.0898
625.0741
666.1262
697.851
430.5324
389.6284
474.5253
535.3127
879.9096
562.8743
484.444
585.4433
736.3467
612.6619
947.9924
712.1294
558.2549
503.6313
522.3547
605.4427
602.5903
597.0379
577.2733
488.5761
554.3797
426.0975
636.5092
663.1961
441.7774
474.9297
501.0503
501.0533
404.0554
376.3703
613.6244
798.1786
575.0213
774.2343
726.2227
498.0358
496.742
556.1744
639.8437
567.3194
554.2597
856.3929
817.2276
587.5595
430.453
552.648
757.653
441.9586
673.6795
586.2384
530.8886
574.264
639.888
415.8495
295.8373
325.8155
255.3087
514.0437
903.5279
701.3019
871.7141
605.3739
617.2512
552.843
396.2441
755.1022
769.5292
419.1097
382.8388
627.7917
935.8256
691.5785
615.1262
718.7969
488.8643
691.3814
459.3451
522.5019
565.5693
366.9889
482.0205
587.2328
479.6033
467.4226
631.1921
623.2004
617.4125
347.8386
443.0143
554.8846
525.4937
703.1795
683.0604
491.0356
507.7204
449.6339
464.2129
724.6952
661.9366
790.26
628.8834
708.5569
615.3349
521.1925
565.2949
598.4375
591.6174
374.6695
431.1985
405.5074
498.7251
378.8083
600.445
774.5179
1063.506
933.1194
733.3875
681.6015
651.1568
516.2117
721.0841
576.2016
413.5607
433.2246
339.4578
555.4095
611.7085
631.0539
721.992
675.4566
529.1415
806.8469
694.0688
452.4013
671.6478
640.5418
427.7776
432.1059
648.48
434.6346
500.4602
520.3057
507.3769
610.1704
724.5786
913.3122
1236.015
841.1066
613.3453
498.8561
450.4968
564.9724
689.8823
685.3321
610.4903
520.1288
476.3343
717.4195
602.9425
420.6758
619.235
701.1021
724.6223
687.7168
659.2592
701.0358
434.0328
569.5137
895.0563
1294.552
961.6008
703.8234
531.412
426.1615
432.5485
778.1754
653.1208
655.577
683.7334
618.044
545.9658
568.9827
530.6885
582.8962
664.5125
685.2433
479.5126
607.0059
455.905
534.4825
508.8288
407.4807
420.4951
633.9955
483.9644
966.959
832.081
964.4661
482.9544
606.9389
541.6627
401.9704
381.8909
447.8381
630.6961
651.8722
626.4916
568.9517
466.2404
465.7589
585.6951
858.8272
774.2999
574.5717
740.6745
575.5417
544.9797
734.3734
662.1398
540.6795
748.2701
844.414
379.656
444.5207
599.1119
656.1632
666.1375
486.0429
785.3564
734.9721
434.498
620.2845
520.3019
810.6858
648.7119
654.3575
627.3673
857.174
587.5264
529.5269
644.253
704.0637
856.132
767.3844
825.3976
652.871
960.574
636.653
651.9603
522.2074
395.9838
485.3188
334.134
440.5962
680.4886
688.3163
647.0391
633.8327
511.1417
517.3842
505.3691
536.9384
718.5293
829.6442
629.6267
650.3909
772.7862
635.7268
872.0218
485.2782
714.3438
679.0216
429.5344
577.3431
706.0676
526.3336
601.3157
577.503
566.5473
629.9747
798.9212
909.2138
597.281
564.1435
507.8691
627.8212
748.6996
483.5628
378.0795
636.5689
660.2255
573.8873
415.3847
546.4251
677.2497
531.3997
507.9745
479.0089
909.462
826.0377
744.4332
486.9409
603.8616
552.2534
558.3647
584.21
566.8623
471.728
379.5495
374.8758
369.9817
407.9181
736.7233
631.2161
461.997
466.0252
617.1369
639.1243
657.6232
522.1714
376.7441
374.0745
579.4653
523.5473
550.1786
656.2223
381.1754
