98.19763
89.8821
69.45455
62.11211
54.57973
37.59151
27.55169
20.55734
23.44649
21.25208
22.02991
20.27431
22.70595
24.40095
20.56365
18.88777
19.2219
21.78538
21.10284
22.8354
24.38336
22.68303
21.4032
22.00681
23.89246
19.86111
24.36917
21.07367
20.15681
23.83596
21.44055
21.11891
20.33286
20.02133
22.76433
22.09763
23.62433
22.63191
23.19747
21.509
21.41988
20.3823
20.11596
21.48994
19.82419
21.17715
18.9514
20.39643
18.4577
23.26648
22.03305
22.23149
21.65197
25.33657
21.28467
21.69181
22.23174
21.42781
22.73966
21.44042
20.52174
20.85012
23.4626
20.84205
21.40587
23.09075
19.31561
21.86005
20.28891
21.63228
21.26419
22.03011
21.19913
20.99278
21.63035
21.81478
19.79379
24.78577
23.50137
19.8413
22.36357
22.03959
21.57346
25.38878
23.04302
21.75177
19.64953
20.06339
21.1565
20.50317
24.70472
21.27219
19.56917
20.72509
21.37331
20.75505
21.73997
23.24147
21.93591
21.18714
22.48744
22.21505
22.17927
20.39692
20.00184
20.29028
21.43384
22.44879
22.57238
20.26636
22.29093
21.89459
23.74239
22.1934
18.77191
20.93202
26.26103
20.5577
21.04857
21.97423
22.71434
23.18809
21.2382
20.53863
22.92854
21.48111
21.91117
21.37697
22.32588
20.10815
21.188
19.64919
23.146
22.506
21.45051
19.45731
20.20538
22.68437
22.11051
20.38283
22.32438
21.83128
20.29157
21.33491
22.92721
19.60069
18.88976
21.57998
20.19143
22.63878
19.42715
22.97753
20.13778
20.33218
23.12001
22.54134
19.49806
20.61142
20.65058
22.14789
19.59081
21.60181
22.10252
21.9569
24.35936
20.8522
23.24273
24.70271
19.50025
22.68038
19.23592
23.17655
23.59923
22.89535
21.26243
22.05028
21.87278
22.24136
19.816
27.32043
20.95806
21.15291
21.98647
21.75118
22.02165
21.69423
20.31899
20.34435
21.7213
21.25212
22.2688
21.24894
22.9457
21.02538
21.65389
22.28767
23.01072
18.58141
21.40744
21.73016
21.52091
23.307
19.97834
22.55941
18.60014
21.34676
20.91022
21.51082
22.11399
21.05069
22.15877
20.71553
21.18636
21.73115
22.21038
22.25832
21.71134
22.44645
19.71919
20.63656
23.89623
24.32336
23.09353
20.04289
21.75899
21.51355
20.46354
22.43102
20.48673
23.70218
20.84274
21.41438
21.01828
23.8432
21.52556
22.69988
21.02825
21.65567
21.07349
22.82011
21.74439
22.96562
19.95209
22.33105
22.20973
21.34929
23.45242
22.62272
21.37825
22.9045
20.49548
22.43944
22.16954
21.3307
20.72356
22.73279
20.09649
20.28738
22.17965
19.75886
23.56704
20.49163
23.68526
20.90888
23.83526
24.99888
20.92643
19.83767
23.85247
20.53438
23.20264
20.62426
20.58947
21.0533
19.99847
23.13172
19.33362
19.62318
24.70764
22.75006
23.73112
21.03514
22.27796
24.81529
21.88845
20.82867
19.91821
23.16374
21.61697
19.71931
21.17002
21.41974
22.89803
20.35166
21.9779
20.7995
23.97534
25.07647
21.19014
21.38044
23.32757
24.57887
23.34018
20.89777
20.50183
21.61338
21.87388
21.5193
21.15606
21.37469
21.87217
20.79108
20.34032
22.40319
21.29311
20.6266
21.81391
24.12127
20.86516
20.63062
20.49635
19.37571
19.45016
22.86089
22.39094
22.16862
23.55352
22.0861
20.49348
23.74969
22.16198
21.31945
19.59745
22.15007
20.17403
23.56114
21.24035
22.81536
22.38044
23.09948
23.52276
21.38026
20.77613
23.70865
22.84144
24.19333
22.444
25.22112
21.72185
20.72002
20.01711
21.66543
20.88486
23.01593
22.93808
21.80363
22.00183
19.335
24.41287
22.78046
21.69138
21.0317
21.21263
21.48689
19.64167
22.93005
22.66363
23.8724
20.26696
22.37362
20.31646
19.51311
20.82516
22.91604
21.57483
20.16228
20.89123
21.2633
21.66658
23.58102
22.20859
24.34007
22.41676
21.82275
20.0201
20.08084
23.14154
23.13118
22.78926
22.90286
21.82993
22.75027
20.47434
21.89415
21.8427
20.85765
23.66012
19.84721
21.46052
22.59257
22.70612
21.16805
21.11459
22.26337
19.96847
21.40888
20.53539
20.94731
23.09579
23.73425
23.71405
21.77419
20.32336
22.68578
20.19077
20.30487
23.37043
21.48647
20.06421
19.68368
23.59534
20.90469
23.1768
22.4734
21.15082
18.44084
22.15257
22.94509
20.6923
21.22548
20.48023
24.19242
20.36264
20.69738
21.10577
24.16294
20.7883
22.28348
22.38014
21.8674
24.02332
20.82708
21.11862
21.7849
22.7929
22.26783
21.23697
23.01282
20.9431
21.23572
23.51263
22.15076
25.00714
25.46184
25.5834
19.92949
22.52346
24.66046
20.31093
22.09246
23.35779
19.44258
23.43677
21.67435
22.21084
21.57756
22.43768
20.54107
23.96054
20.01312
21.52198
22.10304
18.62404
21.46479
22.80101
22.76643
20.53814
23.26178
23.334
23.90668
21.61442
23.9638
23.40815
20.79205
19.65102
20.50266
22.51737
20.75543
22.02606
21.01845
22.4897
20.56783
22.77607
21.46
21.10559
25.22854
23.29809
21.16303
21.68051
24.21978
