0.9378351
0.3394597
0.4417597
0.3211627
0.4303172
0.5418914
1.57193
0.4905334
0.7394438
0.5552059
0.5219384
0.5138808
0.553384
0.3726008
0.2872746
0.2905971
0.5495478
1.134511
0.4541636
0.5216723
1.015905
1.550218
2.014446
0.4130346
0.5435724
0.2007097
0.8417313
0.5853463
0.7070928
0.7417074
0.3090797
0.7606141
2.326655
0.1989119
0.6223103
0.4507351
0.6885816
0.8100312
0.3481991
0.2180566
0.2441349
0.504756
0.965899
1.289899
0.660621
0.3720736
0.2621157
0.4617457
0.2054525
0.3324085
0.3467201
0.4030779
0.6097102
0.7494378
0.246677
0.3564478
0.4882113
0.5727003
0.2858774
0.4319064
0.4566557
0.3996542
0.3539649
0.8551897
0.6734276
0.7011576
0.2110541
0.2777356
0.7636143
0.6083
0.8439235
0.4761257
0.3253114
0.799683
0.2461544
0.6236882
0.7300151
0.9331083
3.170681
0.8876455
1.049806
1.03527
0.3583824
0.4410266
1.121199
0.1924617
0.3866718
0.3434492
0.3465327
1.732145
0.6818796
1.252599
4.448866
2.82506
1.667501
0.3686016
0.4130069
0.1775193
0.5553859
0.7731397
0.517798
0.1180722
1.555779
0.4538137
0.1751073
0.2237559
0.8355747
0.1878442
0.6145849
0.2869128
1.28836
0.6022106
1.135658
0.4559558
0.3924279
0.4908808
0.4557863
0.6876567
0.282202
0.2598878
0.3608786
0.2185768
0.7624123
0.366551
0.3043266
0.353993
0.5873742
0.9725612
0.1669656
0.1808824
0.215456
0.9292368
1.718018
0.9635614
0.8655921
0.4528671
0.6019563
0.4819268
0.2478578
1.519965
0.7300734
1.249826
1.665243
0.5955142
0.4976006
0.1920835
0.374452
0.8540353
0.5007194
0.2298906
0.5727944
0.4997259
0.9494721
0.5353515
0.3247549
0.3979548
0.1926783
0.6753793
0.3116746
0.3735447
0.4352771
0.5124487
0.3091109
1.050915
1.511207
0.5689946
0.2576851
0.2337576
0.4138526
0.4217013
0.5034481
0.3599375
0.2463943
0.7670763
0.5032153
0.4277432
0.2736946
0.5210333
0.4211923
0.1927111
0.9580821
0.5356496
1.100095
0.9056577
0.7783302
0.5637365
0.7625862
0.8838222
0.3426091
0.1954244
1.339992
0.9967811
0.3572602
0.3323949
0.09884426
1.095856
2.542189
1.194151
0.3466868
0.2855635
0.1539301
0.4870507
0.2371075
0.5160678
0.5869772
0.1817117
0.6061532
0.2568159
0.6091817
0.3612421
1.34917
1.595137
5.383219
8.312437
2.69982
0.5261049
0.4944263
0.5840626
0.4490337
0.6110345
0.2005087
0.1259927
0.5514585
1.260196
0.3378713
0.5395439
0.1203131
0.2005647
0.2478441
0.3741088
0.2351163
0.3687325
0.1676196
0.3011252
0.3433156
0.5232243
0.6220867
0.3188498
0.371598
0.8945339
1.643739
0.3542269
1.766074
0.4843961
0.4030593
0.2075478
0.3856892
0.4677879
0.8477228
1.025105
0.3139206
0.994937
0.2330286
0.3424209
0.1705249
1.074089
0.7613131
0.767311
1.727275
0.6732912
0.219655
0.8801963
0.371401
0.5411618
0.4932637
0.5589249
0.3428948
0.6731217
0.9274068
0.228043
0.4609798
0.1331026
0.1745157
0.5466193
1.981781
0.4253818
0.9440093
1.00837
1.632586
0.3054483
0.1429382
0.4777794
0.6896241
0.1944664
0.6524603
0.4342002
0.5174805
0.4081554
0.7256692
7.819675
0.8046448
0.2850011
0.2697306
1.163456
1.066312
0.5494448
0.2253197
0.4582966
0.1388489
0.0990476
0.7000572
0.9151449
0.2297849
0.4624722
1.20583
1.425002
0.9401818
0.3535538
0.1339566
1.135842
0.3663866
0.8663118
0.3402485
0.4422605
0.5012494
0.6853653
0.5455881
1.332718
0.4696671
0.327855
0.1968252
0.2797096
0.5709728
0.8510406
1.720957
0.3537139
0.8416513
0.7835823
0.6020884
0.5431508
0.4655067
0.3705782
0.7466402
0.4416571
0.2643049
0.7507753
0.9453994
0.5596859
0.4079927
0.4367914
0.9022393
0.1999122
0.2830284
1.090158
3.34795
4.113295
0.9696175
0.5019692
1.063714
0.3487071
0.3219689
1.012655
0.9170598
0.2916253
0.7548762
0.2655118
0.5135525
0.6447735
0.5609018
0.6935757
0.4019737
0.9127411
0.2223289
1.23605
0.3289145
0.2248951
1.169919
0.5043059
0.9212994
0.5888617
8.382926
0.183639
0.350972
0.3599086
0.1655079
0.6540378
0.2626307
0.4964892
0.3496007
0.2490792
0.6705625
0.3563362
0.6730498
0.296622
0.3711294
0.4189248
0.2668131
1.178752
0.6599974
0.3923139
0.2007365
1.193156
0.4686979
0.4281459
0.7212624
0.2713712
0.4101538
0.2602458
0.1720913
0.3897018
0.3153354
0.5260607
0.3709176
0.4327246
0.259775
0.4662964
1.23922
0.4297133
0.3361719
0.5040903
0.3570976
0.263855
0.7387647
0.2249275
0.9529249
0.361422
0.1995488
0.6662579
1.174999
3.629428
0.6589896
0.7436602
0.1768639
0.2115694
0.8834274
0.591759
0.3682005
0.9569075
0.4584561
0.2653374
0.4047254
0.3754319
0.3555617
0.2673286
1.175763
0.2656839
0.7853669
0.7617741
0.3653386
0.159047
0.3360409
0.4043082
0.6813562
0.7262513
0.2683927
0.2360793
0.9158627
0.7962768
0.1931686
0.6095676
0.242969
0.4001246
0.7023907
0.403926
0.5045327
0.480416
0.995663
1.397662
0.9512347
0.4318694
1.141377
0.7271018
1.134523
0.8721621
0.4115265
0.4411882
0.4769918
0.4238343
0.5260076
0.3172033
3.385666
0.4931099
0.5391153
0.2291677
0.8647085
0.2860139
0.5306402
0.5386806
0.270967
1.129411
0.4362464
0.3199121
0.1641483
0.700011
0.1574568
0.5143216
0.943564
1.129668
0.7686215
0.2636509
0.6505062
0.1523628
2.367768
0.3283734
0.214048
0.4293424
0.2991387
0.1916071
0.4421512
0.2368015
