151.6516
104.55
121.5613
353.2237
361.8334
160.8935
200.5731
207.1497
262.3589
506.1726
136.7708
169.5983
233.7645
292.1204
290.5103
198.5971
266.6307
361.4013
402.1668
447.4036
206.8363
213.7559
227.031
113.78
198.6892
204.6094
906.0405
411.1811
536.7651
307.6082
140.9319
342.2702
195.2655
175.7186
160.5352
494.4425
278.2536
204.3489
289.1634
450.8381
754.474
212.6135
184.0695
217.9056
599.6097
374.3183
454.9613
303.9002
259.2657
213.7558
263.3111
116.9245
283.2098
472.6947
167.6449
295.0333
235.8649
544.8907
567.2966
615.4586
185.5988
213.6466
247.3494
113.662
244.9929
229.0444
112.4911
283.2294
158.5238
303.029
304.4356
184.8063
162.8619
279.5311
242.1869
232.5862
217.4864
308.2409
198.753
478.42
268.4388
434.1673
378.9288
322.8935
302.2954
241.6674
337.5609
105.7715
198.6061
300.2585
84.53786
208.075
247.1282
294.0393
334.1584
183.8922
429.9258
271.6284
307.5861
434.9301
207.121
149.7824
272.4202
231.6334
143.8049
158.9316
241.0742
384.7556
407.8161
373.1412
155.6524
244.8185
275.7209
246.8102
191.8109
268.0677
166.4287
154.7253
157.8258
280.223
679.955
374.4713
562.0324
246.726
118.6381
235.4001
182.6671
272.8371
232.7097
233.8795
100.0492
318.5003
466.24
197.599
378.2501
286.8143
170.5708
549.4344
232.9461
194.025
313.2248
329.4074
331.9689
373.3524
160.0391
238.7373
214.9012
191.9592
267.3884
368.1278
252.5968
1092.346
200.4967
160.2139
170.3562
178.2822
427.98
219.131
1192.099
511.2248
194.4486
382.0757
143.0631
171.248
327.4722
398.9916
296.4185
141.5537
468.8002
260.3647
444.361
761.6223
173.5077
194.4486
167.1761
355.9184
258.0676
365.76
186.0801
134.1809
130.2339
132.6513
227.6433
238.4822
316.77
391.507
594.133
457.221
249.2146
293.9253
173.6662
219.4054
223.4193
280.0294
295.9997
173.1108
130.631
213.5834
396.952
215.5552
337.7466
183.3644
525.6933
175.1496
345.635
198.8096
330.9673
468.1507
234.1023
383.7419
312.616
285.3469
149.595
263.7926
386.6326
387.8651
240.0512
232.7259
339.8813
293.5073
261.7315
338.2072
236.9396
268.344
366.0299
132.7918
295.9878
260.8464
464.1311
425.6553
230.8372
193.7768
193.3423
261.9121
183.8007
539.8159
223.1615
170.4381
355.1094
526.65
395.8322
194.7961
214.3753
258.1532
1168.644
336.0736
335.7935
422.9133
354.5928
698.9143
164.4926
214.2551
230.8017
648.7207
302.8777
247.6489
658.4645
299.6451
106.9597
134.7987
123.7604
215.9298
140.7337
839.1438
253.4264
529.4382
234.7702
585.0419
348.2836
266.7233
360.9598
1056.719
251.5196
142.696
171.6846
210.7279
505.137
188.7201
193.568
152.0534
135.2384
266.7115
546.81
230.8138
453.9433
205.0795
314.9741
340.7014
623.3507
379.1296
133.3001
223.2908
285.588
367.098
103.2854
275.3605
220.3764
169.7831
553.8729
136.634
147.6946
215.6262
297.5526
351.7199
286.9151
264.8347
1090.875
592.2847
408.3528
265.3269
584.1221
1270.714
259.4677
119.3964
305.2287
256.2455
144.8088
400.4234
159.3358
230.1097
204.0583
574.0776
201.3966
236.519
122.2561
234.4765
238.7846
431.6676
420.9326
902.6771
340.2292
518.9731
256.0873
310.8847
312.4325
198.0361
225.2138
240.7858
194.4287
316.8405
326.843
446.8142
186.4936
287.064
247.1153
225.8398
273.5368
270.6409
372.4319
147.0828
441.5518
352.8165
218.4596
617.8224
330.449
132.1453
337.6924
621.4503
546.8528
299.6339
360.8019
436.5785
415.2129
407.6337
146.0162
303.7164
870.6207
257.7184
172.9116
286.6311
238.4382
191.3424
527.1223
317.2835
931.9313
282.5836
506.8415
266.672
785.6418
111.2471
120.9463
297.8696
240.7462
313.0743
173.9556
424.6075
744.3105
189.4019
180.9277
529.036
269.6836
279.6037
303.9969
337.5762
510.3445
440.9651
468.4878
312.6358
203.0429
175.189
274.349
312.6779
429.2937
363.7753
332.7749
292.6209
384.2074
527.1108
235.0337
208.478
621.1106
606.3622
471.9429
1001.689
137.3225
257.6339
165.6333
261.4588
133.352
253.1189
174.722
277.9744
151.3545
207.3186
394.0422
311.4163
422.6277
260.291
137.7507
333.0218
262.7264
254.6014
289.0397
305.5291
366.5174
526.9444
173.4453
253.5353
353.2387
237.8493
161.1297
324.2282
302.2287
862.4508
449.4282
198.5907
107.3568
377.2484
288.2478
614.6724
553.5016
241.5712
203.1308
152.4421
544.7761
265.9843
181.3627
700.9849
204.1622
260.0668
281.1673
267.5469
471.6703
219.0269
210.7197
158.6262
204.6815
450.2908
315.4802
165.3796
268.1221
134.4906
218.4365
381.4512
156.3226
245.0372
416.9282
142.6178
390.1091
716.4185
196.7045
1092.679
225.3151
536.2016
511.4639
201.2452
486.741
485.327
343.3957
513.0318
148.9107
487.6172
106.0522
387.8438
591.2807
201.6941
174.6515
127.4986
305.1862
169.1827
