2.04264
4.943488
5.490475
2.068796
2.953893
1.413887
1.418708
1.672489
3.596705
3.11996
2.124868
2.48093
0.7132031
1.402882
10.08692
6.849321
1.732143
1.883306
0.7003901
2.562984
1.846721
2.465178
1.219248
2.656715
3.251256
0.681293
1.447955
0.5259035
1.773972
1.642917
3.640118
2.381847
2.759416
3.333792
1.706143
0.8638823
1.885442
2.85981
3.321862
0.5948955
0.8500211
2.158194
2.150049
2.92715
1.491942
0.4976426
0.8529936
0.5525602
2.070084
1.172022
0.9559016
3.346244
1.165011
0.843241
0.7059095
2.079273
2.606203
4.488845
0.7654801
4.067475
0.7829195
1.313261
1.673842
1.218673
1.005717
3.544481
0.7664766
3.186903
3.300409
42.33357
4.321883
0.9904139
1.597214
1.970417
7.250396
0.9114932
0.9396128
1.720855
2.322313
4.206995
2.425363
9.284665
10.9526
15.48738
8.27563
8.498012
18.21186
7.423132
4.247588
2.738536
1.659032
2.199231
2.963848
0.8579038
1.467651
1.711022
2.566962
1.812259
1.536575
3.470392
2.892595
3.257455
1.995095
2.14148
2.778798
0.8296718
1.987148
2.482113
2.029528
1.697337
1.332636
18.77892
6.833373
0.8694767
2.197658
5.917326
1.299809
1.849557
3.14775
0.9926077
1.61125
1.105069
1.300176
0.884494
0.944029
1.61075
0.8569841
1.779975
1.32173
1.359807
1.495518
0.9610768
7.472533
4.168917
2.024874
2.753057
9.866081
4.477522
1.095912
1.154167
1.916941
2.0519
7.780168
3.102767
2.704418
4.486029
0.7571467
2.474654
2.083488
0.9987969
2.389829
0.9169484
0.6076813
1.451453
0.976762
2.000734
0.8568341
1.281408
3.652881
2.083727
6.278141
2.013791
1.80086
1.891997
1.627986
0.8893556
1.38104
1.404917
1.285778
5.448662
3.354104
2.234452
1.445382
0.940991
1.316201
4.516141
1.016575
1.225902
1.551304
4.121131
2.055388
2.056621
5.847349
2.940933
2.884142
3.395813
4.323321
3.279773
11.79673
7.643366
3.191537
1.197798
1.963926
0.6415269
6.070774
1.487015
2.135498
4.271957
4.792733
1.558928
3.555455
3.144116
1.430784
2.169516
2.771979
2.562686
1.607747
3.043427
0.8188471
1.404891
1.073823
1.357277
1.237201
2.558064
2.029535
0.7192303
1.058089
1.024944
1.069798
1.81293
1.592649
8.108169
3.405921
3.915168
3.764403
1.09917
1.678375
1.916513
4.203468
0.9618615
2.035167
2.541119
5.154303
3.970616
0.9823793
1.761301
2.260019
2.110054
3.823795
2.317933
1.29293
1.353767
1.452317
7.696479
0.9445137
2.390937
1.654874
1.94184
2.221559
1.76084
7.315746
1.430065
1.69065
2.766993
1.930524
1.961974
1.24011
1.878239
4.931136
0.9843134
1.692895
0.6756391
5.05254
1.063552
1.606246
1.701533
1.589297
2.063504
0.6286159
0.9436158
0.5269452
2.715488
0.9019189
1.664416
1.116603
1.012377
2.025549
2.533989
0.5701246
1.795407
0.756953
1.974167
2.949393
2.008191
2.478917
3.313379
1.518624
1.360167
0.7831796
1.166148
1.750268
1.033551
0.9436053
1.251966
6.516696
0.8674611
3.646192
1.172604
0.820389
2.342574
0.8931139
1.452631
3.437318
1.211257
1.938379
2.277981
1.700061
3.266309
4.44186
2.721968
2.088219
1.695989
1.8162
0.5525303
1.500799
1.60421
1.6032
0.381418
1.460492
2.055265
2.422637
1.967025
1.16987
2.082504
1.375483
1.646325
1.68043
4.047913
1.22927
1.295202
1.326376
3.259354
3.248674
3.218416
0.7323875
0.6378606
2.130264
1.39456
0.5512026
0.7108705
1.970112
1.322437
2.19479
2.216093
3.905376
2.763396
1.077946
1.851038
0.3838378
1.789924
2.204823
2.910248
1.136594
0.6873292
0.7665153
1.291625
4.33128
0.4340344
2.221883
0.5663336
1.64405
0.9367289
0.7918876
3.976796
3.14971
7.474323
0.9395548
1.709304
1.018156
1.775373
2.084235
1.189232
1.142636
8.13158
0.9755365
2.088376
1.083449
1.043933
1.589027
2.068366
1.436637
0.6799121
8.164389
1.762016
0.8936301
0.9386701
3.019632
1.015977
4.238752
0.8698767
1.76079
2.587999
1.985335
11.36178
4.833585
1.013824
5.638057
4.588642
3.077405
5.014627
4.064024
1.602283
3.709145
2.313483
3.243751
1.207021
0.5469244
0.6045799
2.856476
0.9534106
2.613933
6.194979
1.631106
3.690545
6.840847
5.024169
1.825639
2.847037
11.68318
4.442501
3.742294
1.167134
2.208205
0.5536852
3.840895
3.353149
1.093501
1.357707
3.886881
1.705959
1.177413
1.116726
1.904549
0.6898281
6.411552
2.174592
2.771832
7.0701
1.730574
0.7614781
1.224984
0.8496847
0.726437
1.454528
1.912297
6.142989
2.843492
4.133167
0.8846806
1.077632
1.350873
2.086047
1.420221
1.213309
1.098296
1.035912
1.104317
1.344458
2.64263
0.6057564
1.231443
1.892634
1.062441
1.164274
6.657277
2.605956
0.9397331
1.065126
0.9571359
1.339443
1.482825
1.089465
0.9619936
1.975211
1.483939
0.7886862
6.766232
0.7180551
2.81426
0.9022903
0.7127415
0.8833059
0.9979087
1.154132
1.180781
2.081857
2.584684
1.043731
0.6598215
2.161074
3.069823
2.696364
3.453863
0.7111572
0.4905474
1.677692
2.705324
9.284742
2.232277
4.407023
