114.7177
136.4851
120.4577
125.2741
105.7966
19.86474
13.27575
14.46648
13.38696
14.56431
12.71154
13.19032
14.04784
13.46702
12.70562
11.87135
12.83476
13.48267
12.97087
13.24349
13.42942
12.81135
12.96962
12.06199
12.47854
12.98274
12.55324
12.74471
13.56066
13.11936
13.30973
14.58326
14.69536
13.56918
13.22912
13.28078
11.91864
13.50913
13.19212
13.35814
12.90324
12.90865
13.27939
13.50267
14.14794
13.45873
13.63195
14.9533
15.54818
13.44879
13.46917
14.18428
12.96533
12.10227
12.57884
12.62885
14.4382
12.09718
12.56943
14.08088
13.50111
13.92154
11.8742
12.81021
13.07821
13.43457
13.03326
13.81378
13.40381
14.43579
12.57606
13.16415
14.15195
12.97307
13.70178
11.99487
11.26478
12.54475
12.94197
14.60605
13.83489
13.1983
14.47334
14.45453
13.85341
13.29785
13.74065
12.65378
12.85261
12.58287
12.57429
12.98828
13.7117
13.24258
13.68198
13.33562
13.33111
13.22915
11.80604
12.64999
14.60158
13.8535
12.19706
13.17327
14.15204
14.97799
13.51782
13.38162
12.10829
12.67453
13.8877
12.21189
13.04055
13.70461
14.30898
14.2457
13.19762
12.98133
12.86754
12.37973
13.4308
13.24407
13.47637
14.15163
13.59861
15.30687
14.89115
13.05294
12.76495
13.45554
12.7124
13.43684
13.90671
13.91678
14.1494
13.47026
14.24751
13.42857
13.43548
13.64237
14.52275
13.56908
13.2911
15.13359
12.67179
12.95913
13.39765
12.70851
13.06758
13.43982
13.29266
14.17603
13.72136
13.45625
13.28629
13.06616
13.43951
13.32493
13.18139
13.36654
13.4015
13.31502
12.67307
13.29929
13.17105
12.71982
12.96654
14.2975
12.95878
13.58506
15.08704
13.39625
12.86656
13.03563
12.70457
13.34511
13.61949
13.62859
14.10136
13.70751
13.8373
14.10051
14.82949
13.27112
15.03218
13.26388
12.46935
12.40783
13.4458
13.60037
13.1458
13.88328
13.01295
14.04799
13.69546
13.56107
13.27466
14.70832
12.3165
12.92829
13.6192
12.97424
13.45934
12.58319
14.39183
12.7439
12.33724
12.9198
14.10636
12.60528
12.85607
13.08289
14.51722
13.47153
13.66572
12.94235
13.83393
12.14533
11.46727
13.57367
13.68755
12.63396
14.10506
12.516
12.45456
12.58441
13.16617
12.36351
12.72874
14.83933
13.01866
13.09934
14.11872
15.33326
11.85556
12.51609
13.44851
14.14999
12.7325
13.60609
14.76419
13.2523
14.46603
13.81614
13.46867
13.40085
12.36356
13.37361
13.56019
13.70987
12.27278
13.09447
14.323
12.64105
12.70466
13.71031
13.5457
12.90156
13.79764
12.44691
12.81907
13.34963
14.12768
12.71314
13.8979
13.16477
13.22851
13.1579
13.33598
12.64933
14.22986
12.77052
12.47119
14.28176
13.14027
14.30295
14.36605
14.11334
14.17659
13.48577
13.48757
13.24937
13.28822
14.03905
13.75385
13.5453
13.07846
11.93968
14.14355
12.84564
13.20903
12.66376
13.88748
14.53938
13.93989
13.87544
12.60809
13.71642
13.77486
13.59154
13.3887
13.1019
13.55374
13.69025
13.16829
13.01933
13.10391
12.60694
12.28607
14.14274
13.26281
13.18012
13.06786
13.97612
13.86682
12.97929
12.91809
14.61134
14.54513
15.05891
13.38086
13.91825
13.47903
12.81229
13.31103
13.76071
12.78677
12.57367
13.19543
12.87941
12.63965
13.16724
12.77679
12.84149
13.42354
13.93191
13.33947
12.21353
13.08889
13.00912
14.63236
14.46287
14.05638
13.00661
13.83771
14.91857
13.43854
13.25619
12.81628
13.6955
13.38467
13.45672
12.93914
13.24069
13.22094
13.75524
12.80053
14.90321
12.78702
13.14571
12.072
14.63118
13.74539
13.37244
12.85675
13.38473
11.92612
13.23466
12.69404
13.96456
13.39918
14.08735
12.20574
12.90658
12.12099
13.29873
13.96113
13.79609
12.44765
13.00532
12.63324
13.81395
13.71896
13.12171
12.49358
12.89101
13.6335
13.58445
12.95331
14.22439
15.02077
13.83509
13.90266
13.31267
14.17352
12.29391
13.07357
12.27961
12.18923
13.35222
14.04736
13.46694
13.0026
12.47529
12.44376
14.4347
13.41741
13.9116
13.61375
14.25919
13.81945
12.59321
13.25174
13.5221
14.08004
13.1323
12.36649
13.8224
12.2855
14.79649
14.37624
13.64718
13.26951
13.0003
12.99146
13.36782
12.57864
12.77583
12.99369
13.73041
14.11725
12.5623
13.23033
13.74105
13.04226
13.14838
13.48882
12.38306
12.33837
14.16634
14.22401
13.49152
13.8795
14.71548
13.52149
12.7372
13.37535
13.98731
12.82527
15.34825
12.51158
12.55942
13.12275
14.10449
12.5884
12.99003
12.66791
14.03233
13.65462
14.15922
14.28864
12.84969
12.39699
14.53258
13.47263
14.28659
13.1095
13.92845
13.17533
14.49819
13.05257
13.44641
11.33508
13.35614
14.39538
13.71632
12.75714
13.36588
13.29363
12.18864
13.83389
12.81031
12.81323
12.12358
13.05566
14.34536
13.16581
12.38513
13.46932
14.04332
13.19764
12.51606
13.38748
12.80061
13.70707
12.78406
12.33049
13.18617
14.13751
12.28972
