127.0905
91.91446
67.56882
65.68394
59.906
68.44059
73.27339
64.41209
79.44028
77.33823
85.04932
60.53326
55.26003
57.42502
62.32044
63.24901
62.65242
68.0277
74.11602
77.11491
79.7157
70.72035
70.84409
65.44744
59.802
81.82682
67.60522
60.57505
52.47893
66.76691
82.40729
77.23084
79.79536
68.89176
75.19074
72.048
77.689
76.22059
78.9342
72.55447
70.69576
60.21999
59.07439
56.11952
63.78107
71.03587
73.51904
57.02152
58.25845
62.8316
57.37238
53.12109
62.0009
81.07454
67.98451
53.39443
43.89308
56.48627
75.4801
89.06671
74.15059
75.23018
64.67311
65.37607
67.819
66.09571
67.31585
59.4313
55.27922
60.2943
61.27422
60.05587
63.21199
80.34439
71.89292
85.90113
69.01644
70.62954
55.21639
65.39193
53.37897
62.09406
64.42782
60.06393
55.7066
55.55545
73.73684
58.97325
61.24697
79.93794
75.95205
57.37768
49.09448
47.3566
48.6466
56.09714
61.51255
61.1791
74.71151
67.70508
80.33272
68.98443
72.99204
67.01061
56.77964
67.04509
70.01679
62.67941
65.47402
76.92477
77.62813
60.6477
60.18139
78.19941
77.00774
73.68191
64.33465
60.60584
51.80146
38.40135
47.04159
64.60158
72.47611
65.57148
57.36035
48.58544
62.74683
62.18956
58.1312
77.9565
69.95879
76.1944
64.24923
67.94934
60.01797
52.90728
57.36665
68.17542
71.36186
65.76966
61.37588
51.7004
71.13739
55.43951
67.28474
65.64725
66.50322
60.41317
65.47826
56.30474
55.62097
69.67569
73.86521
64.82231
57.14054
69.67757
52.04218
58.87383
64.64103
49.9521
52.36296
70.82569
69.37451
66.30042
69.35316
56.29035
62.53397
58.60053
55.96886
69.71266
65.36867
79.10634
74.65559
86.84426
68.75723
60.04134
80.18958
65.80682
52.07295
54.94826
66.53064
89.11994
78.81569
73.02056
73.85374
73.43325
64.76013
65.28782
75.35884
74.94413
63.6249
72.45526
79.47032
60.14876
70.32806
67.38452
61.34117
60.55454
75.4466
69.13604
92.18836
69.26915
75.75749
66.25458
59.5097
56.43999
81.88476
80.94486
71.44013
82.09549
71.50499
74.44261
68.26764
62.78809
63.6845
67.57614
61.1691
61.42653
68.25975
57.39596
56.29904
59.59038
80.23287
57.32487
56.41233
65.25494
57.17351
69.94329
51.11923
61.25992
57.72716
67.84314
59.49298
63.11344
56.67568
66.01522
64.44954
75.04768
52.81872
64.09085
70.24744
68.80074
62.1413
68.17748
48.17987
65.93691
68.22007
68.83736
58.756
67.99807
71.47453
67.89585
58.22641
67.20192
69.53001
57.91221
87.37093
74.95927
67.38656
74.68108
56.95065
75.96725
73.45615
60.45622
65.10911
72.95568
53.62889
64.848
64.79644
70.14611
64.71301
68.56799
48.42667
61.53347
51.50298
60.54791
79.64461
64.76707
71.04363
77.3117
59.97357
75.13941
61.79655
68.28631
62.55648
62.50751
60.80328
54.55507
55.00979
55.70857
60.54215
55.04521
58.29619
53.31601
52.16498
57.13457
64.79908
83.92298
66.01511
63.30897
54.26583
64.33397
63.62114
62.34004
65.29161
52.82861
67.29278
65.36414
67.12207
66.60361
82.17248
77.85359
65.67645
67.94879
73.19654
59.99451
70.28388
72.55548
66.0474
64.4327
54.73906
57.88434
65.91158
71.61457
68.83705
75.86067
71.85755
50.33356
62.50015
66.07966
72.00682
64.33266
70.32289
73.33955
63.15387
45.02915
48.57871
52.96814
72.20084
66.10604
47.85409
50.5354
67.50492
54.59697
58.99865
75.30349
56.24826
56.12769
78.04022
55.45887
61.33296
66.98826
81.50095
90.28632
74.39781
60.31512
59.99992
63.19128
89.22754
67.44092
46.77817
55.61722
60.1985
63.12315
62.56158
60.4928
53.71733
66.93177
62.94812
71.94871
57.90403
67.82981
60.68845
66.40517
56.04971
55.22704
65.36869
63.9589
71.1471
60.00454
68.13924
58.46639
62.0641
89.13815
73.43338
61.42375
76.26636
56.86989
59.82719
64.17016
65.77436
64.20527
57.17929
64.56059
65.67554
54.25702
53.94751
69.31165
74.70455
76.1097
62.47977
57.72417
52.0493
55.27451
47.67301
56.92629
60.1412
66.05558
65.67724
62.77577
64.1021
58.32517
68.68435
67.35014
58.97952
78.48369
56.53283
68.86596
70.56131
63.2386
68.65756
68.3435
52.1485
64.9071
64.71723
71.63868
61.21738
63.80057
62.37519
61.87978
70.44916
65.16089
73.98477
63.77811
59.14252
63.30771
62.46325
58.55307
56.61957
55.79669
73.90971
80.57487
82.77482
77.11173
73.93658
69.14481
61.89329
56.68775
52.40516
53.92257
54.9073
66.34344
67.78289
57.47125
69.32435
59.43012
60.51994
56.65602
60.76639
65.0291
66.79558
54.00768
72.09092
53.14237
64.6212
71.96563
71.75013
76.89085
67.7383
74.60812
53.55174
67.85476
64.60434
70.18222
70.16949
71.56036
57.79735
57.06293
44.68609
56.59805
57.66043
51.34942
53.51872
55.1792
59.33176
56.48822
74.34553
60.84371
73.54646
71.02414
90.31516
62.96273
81.71414
71.69962
60.84301
65.80425
57.01752
72.52592
65.64801
69.04052
