87.06043
83.60428
85.06051
85.15171
85.05886
83.71091
87.4396
85.24769
86.75697
84.63447
85.09146
86.36988
84.57661
84.11525
86.0381
84.8774
84.32793
84.53732
85.19612
85.55018
84.70854
85.13131
85.45751
83.42581
87.2396
86.01076
85.86303
85.07977
84.38019
84.15384
86.41128
88.14355
85.97849
85.70753
83.92888
85.85986
86.91055
83.65277
84.69803
86.67542
85.29312
85.04734
85.09887
85.18702
86.2978
84.65588
81.61159
82.78959
84.80939
86.84603
87.25586
82.08373
85.20226
83.80976
84.59781
87.28107
85.94215
87.18645
85.64275
86.03845
84.57974
84.01704
85.2176
83.87486
85.61157
86.30833
84.0239
84.16471
83.30637
83.14344
83.98495
86.47621
85.90974
85.03899
86.53206
85.98402
84.09462
83.25171
85.88883
85.9213
86.63001
87.43364
86.88617
86.38208
85.52801
84.27257
84.51734
84.14702
86.0007
86.12429
84.43274
84.87342
85.07228
84.04604
85.18196
85.42256
85.32655
85.36148
85.55632
83.84802
85.55646
85.51038
85.26134
85.98999
83.30773
86.77536
82.63847
84.61986
85.21171
86.11736
83.8872
84.01967
86.10698
86.97786
83.78634
84.72259
83.12924
83.10281
83.77854
84.73744
86.09904
86.45855
86.04083
87.95136
84.9987
84.1592
84.31631
84.61703
86.55682
82.66043
85.44943
85.49615
85.21221
84.2864
85.85909
84.95933
86.64953
84.00899
85.38068
85.73717
83.32988
83.51626
84.75121
81.76108
83.64694
85.67376
86.78682
84.28639
84.02886
83.41266
84.70385
86.1641
82.89901
83.80396
86.80581
85.79148
85.38811
85.75644
85.0416
83.98718
85.49287
85.50111
84.71256
85.34372
86.02858
86.90811
83.12411
82.96968
82.50196
84.38953
86.17249
85.48851
86.91108
85.25737
86.30485
83.47466
84.56995
84.88069
84.87058
84.58761
82.59961
86.89845
84.36638
84.88115
85.95144
87.02284
84.97547
82.66428
84.13038
83.38369
82.84152
85.56899
85.62296
80.70186
85.40338
84.25209
86.42012
87.14475
86.85497
84.97308
85.5954
84.44261
83.9126
86.0357
82.48365
86.94426
85.02974
84.16761
85.38955
85.54188
84.66603
84.30827
87.34346
85.83424
85.02195
84.29944
85.91925
85.82478
85.16009
85.29925
84.17951
86.35191
84.06201
86.93944
88.93923
83.75198
85.93633
88.12477
88.42209
84.83537
84.01823
85.61504
86.09851
84.06905
86.3472
84.93773
83.94748
82.85909
84.74478
84.84803
85.19221
84.82682
85.70547
84.86609
86.59914
84.51684
85.83698
87.10157
86.24185
86.81123
85.55764
84.90829
82.55972
86.70122
82.47907
87.28173
87.04804
82.18156
85.41761
85.45897
83.78925
86.09812
86.80215
85.05927
84.49874
85.47172
83.8681
84.57304
83.33158
86.0183
86.77698
84.56155
86.23095
86.73956
85.29443
85.71267
87.3837
85.05
84.61592
84.34743
83.30626
84.85181
85.28053
83.69629
83.62367
82.27744
84.82365
84.59807
83.86279
83.42872
85.14518
84.55635
85.13744
84.353
86.62068
85.33033
85.75125
85.93492
86.04431
85.79159
85.40808
84.31633
85.7706
83.54662
84.88595
84.96013
84.21378
84.98182
85.47426
83.54972
83.34006
82.68565
85.14937
85.4974
85.20085
86.08363
84.63023
85.4827
86.50009
84.73922
85.08771
86.88234
84.14084
84.57185
86.68945
84.87582
87.79301
84.45349
86.14774
85.62835
84.75072
85.46411
84.07748
87.9486
84.58865
86.59868
85.31304
86.11438
83.36471
86.91756
85.03002
84.21875
86.38754
83.59986
85.12682
85.67107
84.5722
85.00688
85.84153
84.10401
85.5182
85.03853
83.94248
87.81568
85.8386
83.00729
86.3155
87.42399
84.10803
84.62768
86.56826
85.59227
85.89904
85.61559
84.63238
85.41992
86.88837
86.0374
84.65877
84.01886
87.85723
82.56214
84.14532
86.94075
86.92525
85.14843
86.29753
85.39575
83.37656
85.81422
81.74612
86.07908
84.37515
84.42547
85.71416
88.77752
86.38155
85.66997
87.32846
85.46146
85.41829
84.65558
84.21288
86.72719
84.07427
85.04866
81.98257
85.25491
84.89479
85.46731
84.3107
84.99057
83.07422
84.25739
83.29743
84.78355
85.97168
84.15125
83.96407
84.83388
86.109
85.04768
86.08433
83.03494
85.09916
83.82713
84.68862
88.04386
85.84649
84.85136
85.20492
86.62488
86.09967
83.40296
86.04407
81.61566
83.66521
85.00938
84.56428
84.08754
83.85038
85.23564
83.85323
82.61564
86.82311
82.3416
86.04865
85.3079
86.04453
85.44738
86.2846
85.76825
86.12705
84.52677
85.41308
83.37373
84.18573
85.71243
84.54056
83.27931
83.01089
84.31342
82.24885
84.38679
83.82171
86.03145
85.86931
87.55012
85.62995
84.90823
85.89941
85.55532
85.17764
84.74601
85.53073
85.94325
85.79265
84.21547
84.47745
85.80648
84.06322
86.2083
82.29788
84.63157
87.35272
85.04259
87.01107
84.50703
85.0242
83.50141
85.33104
84.4036
83.48398
84.35373
83.56054
84.07764
87.78875
86.44555
86.54933
84.09274
85.14736
85.61705
86.77548
85.80185
83.27245
85.65737
84.02437
85.35963
83.84539
84.57793
