86.67373
85.9583
85.55659
87.15518
88.47251
89.05357
88.99625
88.20719
88.62957
88.80168
89.47921
88.18268
86.62443
86.25584
84.58916
84.09666
83.45097
83.09933
82.3285
81.95017
82.12838
82.53051
82.78905
83.45733
83.57917
83.27291
84.28311
84.34351
84.02936
84.32677
85.59351
83.9112
83.2326
82.67665
82.5014
82.73756
83.73904
83.24684
82.5662
81.20233
80.40758
81.8567
82.29666
83.51476
82.67945
82.36831
82.46452
82.04072
83.64315
84.33012
84.53213
84.78182
83.68147
85.12703
84.86687
84.05828
84.17007
84.25403
86.15817
86.32156
86.44103
86.16251
84.50049
84.07473
84.51265
82.62697
83.05325
84.52674
82.71683
83.56282
82.37868
82.52147
82.39337
81.79984
81.67094
80.84285
79.29156
79.47119
80.43825
80.73353
79.85787
79.56871
79.77979
77.02317
77.09399
77.0087
76.37006
75.96546
75.73865
75.3301
74.32888
72.89264
73.72093
74.23556
73.16035
74.22034
74.06563
73.09949
73.94183
74.04982
73.01267
72.36935
72.21985
71.84886
72.24196
72.03781
71.97249
71.55103
70.48994
70.75799
70.12052
69.62514
69.78197
68.95251
70.42745
70.02192
71.20412
71.27436
70.85459
67.65742
65.89773
65.12885
64.06032
64.90825
65.0278
65.21612
67.20007
69.25889
69.12057
68.31142
69.64985
68.53594
69.16857
67.82167
67.92344
69.29993
70.16014
70.30232
71.84985
71.66291
72.43531
72.17928
73.57123
74.216
75.14783
76.28622
76.29595
76.78505
75.91848
75.61519
75.99604
74.58786
73.57808
74.91552
73.5151
73.73323
73.35181
73.75491
73.40793
73.78864
74.76793
74.14546
75.0248
76.69171
77.46176
78.02328
77.42556
77.62168
78.20172
78.38646
79.4488
80.89509
81.79178
83.54586
82.12446
82.77039
83.47793
84.31354
84.22257
85.5534
85.1778
85.12352
85.9594
86.09263
86.6941
87.53725
88.76547
88.19478
87.23974
89.46543
91.06556
91.95743
93.00612
93.92539
94.50859
94.6981
94.40349
94.79167
95.20272
96.61091
96.46268
96.17032
96.28987
96.38778
96.94562
97.0367
96.31616
96.413
94.06447
95.07634
96.49094
96.07898
94.90292
95.08894
96.05
97.75755
96.68568
95.51011
95.4083
94.00697
95.94068
94.72069
94.97003
95.89748
95.34333
95.49878
95.54083
94.3597
94.87928
95.22312
94.382
95.00304
95.86435
95.4057
95.56524
95.44608
94.13954
93.00416
92.71508
92.08526
91.35611
91.05624
90.27815
91.5117
89.92617
91.61022
91.1879
90.10042
90.23119
92.60312
93.38287
93.71866
93.35215
94.06192
92.43512
93.35286
93.903
94.40021
94.85842
94.48533
94.95108
95.79806
95.47029
94.1174
95.29131
95.75219
96.44027
97.13613
97.42412
97.25519
97.42467
95.25044
96.54101
95.46047
95.28402
93.84475
93.50293
93.83018
93.75991
94.40858
94.2631
95.11592
96.20207
96.58173
96.00566
95.40336
95.97923
96.36761
94.90551
95.13446
94.80775
96.26691
95.65346
95.97293
95.1669
95.62108
95.57938
94.30568
93.00498
92.74824
93.76074
93.51795
94.23066
94.50678
94.2812
94.23587
94.50603
94.08442
94.9499
93.48551
92.29038
93.78315
94.1238
93.51206
92.60796
91.6824
92.19014
91.06535
91.43405
90.63335
89.94382
88.63382
88.44495
89.67686
90.33585
90.75292
90.99801
92.47577
93.51809
94.58323
93.91595
93.48121
93.08085
93.31828
94.49842
93.17212
94.70096
94.1523
94.45406
95.29471
95.66421
97.48375
96.59267
95.39128
95.98919
96.28657
95.87491
94.84674
94.95852
95.5528
96.85063
95.91503
94.46402
94.61573
93.71772
92.63684
92.89965
92.64759
92.6965
93.1753
93.48038
95.0484
95.29768
94.92511
94.80371
95.16997
95.3985
94.91486
95.55734
95.44746
95.24091
95.47485
95.4997
94.43418
93.97279
93.02334
92.86011
92.55715
93.13503
92.05738
92.51718
92.14084
93.32504
91.46573
93.06727
92.30625
91.88317
92.92543
92.56411
91.84946
92.51035
94.12554
94.90715
95.16514
95.15156
95.11987
94.30446
94.60588
95.17796
95.61593
95.42643
94.80916
93.93045
92.20516
92.43777
92.73413
91.97058
90.04704
90.28484
90.91416
90.93755
91.91561
90.18119
91.60036
92.38169
91.87572
90.86199
89.67567
91.60381
90.08524
89.19496
90.71838
91.29522
90.68615
91.91349
92.23867
93.28435
92.12268
92.61894
94.38173
93.87515
93.33952
93.04353
92.97393
93.65173
92.44295
90.05613
90.60984
90.72649
89.48744
91.1969
90.99789
90.70208
89.37237
87.62083
87.95538
87.62479
86.7623
87.23365
87.68419
87.68035
89.91644
89.80909
89.61816
89.3806
88.00693
88.06987
89.14023
90.4847
90.61742
90.74486
89.94227
91.73684
91.45937
91.32126
90.50584
89.77142
90.63025
89.75147
89.52158
88.61416
89.78538
89.20987
89.93566
89.52145
89.03891
88.88315
90.0003
91.16088
91.34004
91.17464
92.96227
94.05569
94.24713
93.40614
93.47033
92.87875
93.36777
93.96897
95.77569
96.56585
97.37221
97.83365
96.43948
96.4387
93.5586
92.88415
92.13837
92.80563
91.78465
