175.5543
187.9071
182.367
186.6405
210.6367
185.486
173.939
193.7847
162.9103
169.2981
204.2471
188.6328
174.4136
178.7564
176.2231
199.0335
169.8298
185.5114
189.5111
177.8529
174.5779
162.4662
181.1616
175.3947
178.4821
184.3043
209.2688
193.9273
129.241
149.2982
163.2778
193.3749
196.7779
161.8365
198.947
172.7992
161.5246
167.0542
185.2557
210.9044
196.5165
187.8815
167.7859
187.9699
150.1849
196.2519
170.0892
150.8767
190.8353
172.4067
184.5324
175.8842
191.6547
163.4471
176.294
202.5875
145.3298
165.7504
185.1339
186.3954
189.8669
208.5988
219.8747
182.9725
170.9555
162.9375
182.7807
191.6511
158.2168
159.7115
162.7994
163.8101
168.5642
160.3233
179.874
167.7685
187.2681
176.1728
178.9121
159.4828
168.0989
162.2807
194.7399
148.6113
191.2008
157.1736
171.3522
193.8455
191.4164
173.9976
198.5479
189.6201
168.3043
183.4126
186.5534
182.4942
171.0788
165.4082
148.4036
156.8452
162.3848
198.6753
154.6202
187.4965
148.1869
188.0068
184.1063
170.4077
154.9158
169.4016
197.9386
188.4852
166.893
163.139
188.8387
163.7785
194.303
163.8418
199.172
178.8418
183.8787
140.6014
183.6824
161.6779
163.5243
167.4125
163.1584
165.0025
175.8608
170.2548
200.4268
178.5142
169.1716
166.8964
181.9697
196.2565
221.3458
163.4835
158.8557
179.3628
208.8018
137.5456
173.9685
209.7003
193.7024
176.3068
150.5641
173.0127
246.7963
197.0018
178.2325
153.231
180.168
169.6469
183.0945
145.9679
181.2049
188.9521
220.9452
173.866
170.7311
170.8966
178.1029
194.7376
161.1141
164.9841
186.6757
162.13
191.9965
178.7523
146.9801
156.4714
170.5553
149.851
204.3434
201.435
174.2358
189.753
176.9346
181.0621
175.6464
176.4097
178.5687
199.8637
182.7658
184.8507
187.5443
178.8832
180.9834
186.0565
183.5605
173.946
158.2563
159.2599
162.0198
170.8533
147.7466
208.265
163.853
163.8843
161.9671
184.2507
182.3005
178.3751
179.9035
210.9545
201.3983
170.1432
165.2205
205.1755
188.1421
161.1287
145.1216
155.0206
149.1928
199.8952
199.8983
187.268
185.8938
219.0474
186.2807
187.2009
173.4033
178.1661
159.5099
180.7092
171.3546
179.0452
219.3572
167.6027
190.1304
169.7046
196.4848
187.7135
193.3988
176.1248
194.1401
180.441
162.1892
179.264
169.5365
139.8586
181.9353
196.9635
168.34
165.0171
163.9688
153.4996
210.906
172.4093
192.5707
191.1801
164.7486
189.1497
180.8059
162.6904
149.5883
188.3961
177.3436
201.2676
175.9298
187.6122
178.3308
183.7396
181.5469
159.2065
179.5143
200.318
148.7567
178.7947
184.1047
161.1253
176.045
195.4785
168.7986
170.5922
178.1084
161.1861
180.084
155.443
142.2254
183.4645
164.1475
175.944
201.176
200.6824
180.1612
211.1079
199.4566
189.5913
183.0345
186.6049
158.945
182.4825
179.2369
207.4693
180.0158
171.9908
173.8812
184.084
179.2987
174.1055
166.2558
151.0777
149.4294
148.3971
159.4912
137.1635
171.127
163.7627
176.9652
155.2158
174.2977
154.7049
158.6518
141.6409
186.5831
175.1928
156.9005
195.4241
209.7921
167.3223
172.6851
189.9112
183.5558
180.4797
183.1087
162.6378
179.6962
164.8751
169.2784
193.895
186.8737
171.562
162.5063
164.319
162.0834
161.0138
163.6571
171.331
184.7536
198.43
186.2214
169.4931
162.5264
205.5601
200.4451
218.6387
202.7307
167.1539
167.0439
171.2355
197.0048
197.5499
183.8358
158.0039
138.8759
173.5096
186.5473
206.4153
159.1979
175.8502
158.7216
193.279
179.1592
143.9699
172.725
180.9888
163.1655
169.5006
219.2966
212.228
161.1566
177.0632
204.3327
183.1084
190.6927
207.0554
143.8739
156.0488
159.9521
178.2599
186.2775
198.7125
185.9765
214.1262
177.7084
206.9324
184.2457
185.1244
188.1698
211.796
170.1748
158.5382
192.2325
178.0616
216.7251
185.551
159.6641
149.6138
195.9121
168.2423
168.414
170.1629
207.3195
208.7109
184.3688
181.7525
179.5985
170.3086
187.9194
193.2917
197.636
179.8063
166.5495
172.7789
190.2423
171.5998
174.2784
177.8606
174.0697
183.1286
194.4631
191.0111
163.7695
175.4938
143.325
187.9787
190.5247
169.4478
180.1211
173.1533
202.4197
165.5816
173.8391
169.4244
171.6325
183.7585
207.0276
166.3001
166.6412
170.2509
195.4697
181.9257
158.3136
160.5857
193.0246
191.267
181.885
210.2153
190.1192
182.8086
160.2981
166.6827
159.4188
189.9486
179.5055
191.16
193.4722
144.2463
174.2388
184.0256
153.5202
188.94
176.7236
177.9896
188.3223
171.8359
167.0272
165.8168
148.545
187.2995
161.5429
167.7259
166.9405
153.3278
194.3159
169.2236
190.8203
184.122
177.0134
161.3844
168.6659
212.7544
211.7996
203.3974
177.4106
217.3472
171.3177
198.1071
190.6878
164.3386
187.4355
177.798
154.7448
159.6912
199.0075
193.6306
186.5542
179.6679
