84.83598
85.88334
83.39967
84.2439
82.56952
82.26352
82.71852
83.12947
84.55584
82.82989
82.1136
82.73479
82.29645
83.57284
82.96263
82.22901
83.1201
83.95393
80.62897
78.66257
79.44713
78.70603
78.40723
78.22873
77.00872
77.87212
77.16234
77.10283
76.51132
75.81252
74.05731
73.23023
73.61574
73.3404
73.16118
71.8568
72.40911
72.74865
72.61094
72.20906
72.88816
72.22398
70.93697
70.64323
72.70936
71.95404
72.52694
73.22546
72.44598
72.78944
73.90963
73.02242
72.78078
73.06653
73.81906
72.54151
73.51839
74.57001
74.6515
72.29109
72.16585
72.6861
72.29098
73.40625
72.97829
72.82836
71.6734
72.1019
72.17272
72.13309
73.57779
73.72984
73.93911
75.50495
75.55773
76.83029
76.57075
77.62967
77.63488
78.16531
78.16083
79.40603
79.62478
78.61601
77.13463
75.73453
76.36827
73.61977
74.64154
74.89285
77.12217
77.1011
78.01825
78.79339
78.95655
79.67828
78.87777
79.81523
79.46201
80.04746
81.08074
81.23828
80.33486
79.28376
79.27599
79.70534
78.71424
78.65923
77.76294
79.33278
79.68005
80.44723
80.48241
81.36446
82.20763
80.58716
81.04651
79.09761
78.23664
78.78898
78.76743
81.27084
81.15459
82.08356
79.9889
79.8971
81.33774
80.38639
79.98849
78.51399
78.4362
78.70411
79.16407
77.90742
77.03907
77.52954
77.24436
77.23989
76.87419
74.29733
75.38537
75.43977
76.98269
76.6118
75.51848
75.22527
76.60665
76.60434
76.38509
76.91488
78.50751
79.11361
77.57359
77.30491
75.57388
75.03435
72.99747
73.67396
75.20029
75.24504
75.78329
76.4606
76.55813
75.69711
74.98669
72.94664
73.63127
74.73873
73.64774
72.80576
72.7372
73.071
72.48984
72.02329
72.1017
71.16389
71.38582
69.77385
69.04696
68.63432
67.68976
67.8267
68.02749
67.52262
68.09236
69.13988
71.45602
72.59156
71.82493
72.67494
70.02868
71.33415
72.62606
72.49076
73.62001
72.58471
71.17509
71.6113
73.35676
75.84645
75.23878
75.62084
75.59859
76.1783
75.95972
74.83494
74.00096
73.3984
74.35521
74.7228
76.47161
78.20672
80.41841
79.51969
78.09283
78.05436
77.05326
76.34482
76.30888
76.30415
74.79935
74.92192
75.06648
74.56763
74.73391
75.48271
73.64944
72.4464
73.31022
73.46571
73.72213
74.51308
73.42554
74.61073
73.84895
72.78631
72.82473
72.63945
75.4852
74.78759
73.75342
71.25605
70.94209
70.68505
71.69648
72.09119
70.7434
69.85284
71.29935
71.53471
71.81001
69.95554
69.02443
66.54254
67.32791
67.69589
67.48646
67.17495
67.75055
69.72991
70.02815
69.57868
69.46129
68.73364
68.57373
69.40747
68.74845
67.35352
66.86545
65.10944
63.54027
63.14474
61.49005
60.37148
62.37984
61.97466
62.32393
62.4783
62.9654
62.18364
62.45394
61.29276
62.22552
62.31341
62.42312
62.3499
61.15166
59.2427
59.55026
60.40391
61.87531
64.27073
66.72158
67.06385
67.83817
66.7698
65.92814
66.24833
69.12093
68.33587
67.5956
68.67105
67.34147
67.09809
67.24957
67.1938
69.01496
69.08529
70.08381
70.28237
70.68081
71.88453
71.61781
72.87284
70.78942
71.76857
71.58241
70.53336
70.18194
70.90219
71.63451
69.18456
69.24909
69.38959
68.18547
67.83238
68.98324
67.40661
67.45252
66.93145
67.69751
68.32702
66.53293
67.76583
66.15387
66.96801
66.98203
67.61775
69.04405
70.38778
69.96836
68.94622
67.72014
70.28853
70.79107
71.4596
72.27834
73.14883
72.97609
74.51618
75.19454
74.78842
74.29532
72.57834
72.4566
73.16987
74.17522
73.61356
71.83445
73.33306
72.59094
71.94407
73.06714
73.71169
73.08867
74.14859
74.07479
76.38674
76.18426
76.14725
76.98661
76.83882
76.63671
76.16767
75.54145
76.81388
75.96693
77.00363
78.42065
79.42312
80.58785
81.14118
80.41482
79.5939
78.54569
79.07607
78.77333
78.09375
78.8294
78.59776
78.57585
79.23746
77.73113
78.45824
77.88108
79.74253
80.47898
81.57717
81.65251
80.28601
78.80408
78.54576
77.18242
78.2238
78.12896
77.74227
78.93238
79.56195
81.3672
80.41072
80.05968
78.38548
76.96016
77.81995
79.4594
80.69776
82.03672
81.38256
82.06951
82.34862
84.41921
83.52682
84.72602
82.07781
82.29912
81.12822
80.99898
81.85288
79.52191
78.35937
77.35142
76.70016
76.35363
76.68584
77.34804
79.49517
78.76118
79.47875
77.03564
76.02541
75.16551
72.77307
73.07904
74.82099
73.55198
72.58331
73.43678
74.33488
73.1654
72.15331
72.68414
71.2195
70.26024
68.40119
67.50748
70.18426
68.89908
70.17811
72.34385
72.88627
72.21568
73.89961
71.61447
70.34667
68.84349
68.29301
67.84627
67.26007
66.36962
67.63947
66.43139
66.45654
65.63253
65.90403
66.21863
66.71983
67.66656
67.74662
68.73151
68.97224
69.05226
69.27777
67.81163
67.63372
68.46513
68.31121
68.5089
68.32361
67.04924
66.61495
67.71824
68.53402
70.36953
69.64624
70.51744
70.82782
71.911
72.78097
73.62815
72.51944
