103.0011
103.413
103.4442
103.6745
103.8575
103.5435
103.4249
103.3482
103.6081
103.9048
104.8334
104.4318
104.5503
104.9421
104.2102
103.9017
104.1825
103.8855
103.4359
102.5092
102.3892
102.4428
103.1548
101.8997
100.8747
102.0374
101.9271
101.7749
101.9773
103.0397
103.5806
104.4685
104.3036
104.337
104.9366
105.3032
105.1851
105.4437
105.2725
103.7386
103.9142
103.8648
104.0848
104.3226
104.8039
105.7529
105.3591
105.169
105.0271
105.0869
104.9998
104.26
104.8477
104.3005
104.1362
103.5982
102.999
101.8898
101.6366
102.0395
102.7396
104.1182
103.4928
103.475
104.2776
104.9489
104.7025
104.9118
105.8249
105.1213
104.5805
105.1051
105.6947
106.0554
106.1802
106.5074
107.0548
108.1344
107.809
106.4346
107.3671
106.7951
106.2173
106.7965
106.4308
106.5615
106.0835
105.6225
105.6979
105.5576
105.2126
105.115
105.2256
104.1415
105.1856
104.1784
105.0357
105.931
105.4666
105.8728
105.7787
105.9615
106.0095
106.1813
105.9218
105.2199
105.3416
105.5874
104.751
105.4969
105.3288
104.8092
105.0394
104.5464
103.6956
103.0968
101.9793
102.8473
103.0896
103.2562
104.5882
104.2235
104.5949
104.738
104.7757
104.3237
104.6632
104.9526
103.7662
103.0333
103.3104
103.3462
105.1377
105.4613
104.9114
103.4781
103.3628
104.5136
105.0388
104.5972
104.6438
104.6668
104.7002
105.1837
104.8853
104.4828
104.4106
104.5965
104.9521
104.897
104.9296
105.8649
105.85
105.7403
104.697
104.361
104.7882
105.4199
104.9303
105.8732
106.2657
105.6117
105.1762
105.3828
105.1677
106.1647
106.0501
106.794
107.3566
108.1106
108.1701
107.6792
107.002
107.2856
106.9071
106.3422
106.1219
106.5881
107.6454
106.3402
106.8417
107.003
107.4473
106.7211
105.0838
105.3787
105.6257
105.5094
104.3387
104.4349
103.9886
103.4657
103.318
103.4241
103.2966
102.5089
102.8437
103.0441
102.9855
102.4248
102.3393
102.7286
103.141
103.6252
103.4875
103.3308
102.8503
103.007
102.6914
102.1764
102.7046
103.2246
103.5603
104.1118
104.3443
104.441
103.6984
103.2395
103.8488
104.4549
104.2201
104.5539
105.7107
104.5985
104.109
105.4653
106.2473
106.3836
105.97
106.1456
106.7088
105.8097
106.6351
106.1692
106.0748
105.7973
105.2481
104.6022
104.9552
104.2622
103.7904
103.3616
102.8621
101.5205
100.933
100.2711
100.5132
101.1446
101.0169
101.4223
101.4914
101.1626
100.2058
99.78933
100.1
99.74749
99.98162
99.06509
99.01658
99.19117
99.33333
98.70871
98.69632
99.15481
98.59089
98.50008
99.26009
99.41173
99.2467
99.0216
99.67391
98.80839
99.00128
99.52855
99.87827
100.2367
99.28348
99.53704
100.0787
100.2268
101.586
101.165
101.1408
101.4401
102.0371
101.6941
101.7049
101.5787
101.6318
101.7823
101.5814
101.6826
101.2817
101.4609
102.3334
102.6002
102.2161
102.9161
103.1162
103.0613
102.2041
102.7243
102.326
102.548
102.8641
102.037
103.2739
103.6177
103.1411
102.7414
103.0833
102.321
101.1845
101.1107
100.8194
101.771
101.5894
102.4936
102.4688
102.9463
103.0448
102.8799
101.8884
101.7704
101.8336
101.0561
101.5135
101.5272
101.1375
100.3981
99.65976
99.47281
100.076
99.77057
99.54396
99.52462
100.097
99.98251
99.62577
99.62932
100.0009
100.4058
100.5416
101.5321
101.7762
102.6038
102.5603
102.2717
101.8005
102.8125
102.5243
102.2511
102.809
102.1051
101.4703
100.6211
100.7629
100.8233
100.1594
99.4379
100.0868
98.96364
99.27501
99.00405
99.73625
99.94825
100.5098
99.99699
99.46957
98.90409
99.40519
99.34451
98.60675
98.32691
97.12767
96.98879
97.48455
97.47633
97.85473
97.7513
97.02879
96.40879
96.1368
96.89364
96.37159
97.36994
97.23454
97.80618
98.39142
97.77951
98.35025
98.05804
97.66227
97.38745
97.78257
97.94135
97.70527
98.37967
98.14803
97.54063
97.04171
97.26331
96.8266
96.78925
97.60853
98.21011
98.34735
98.59222
98.27129
97.93439
98.55956
98.1443
97.97791
97.1856
97.47341
97.09826
97.80966
96.82224
96.96524
98.03757
97.67602
97.90658
97.6254
97.91457
97.51629
98.64854
99.3954
98.58861
97.79709
98.14649
97.76915
97.79207
96.77982
97.78722
98.17365
97.42735
97.60309
97.69332
99.4229
99.11996
98.75408
98.82791
98.09702
97.25639
97.83918
96.97364
96.79706
96.93741
96.536
96.38515
96.32488
96.40024
96.66115
96.09695
96.36869
96.84335
97.22977
98.2644
98.02554
99.42991
98.21261
98.04453
98.68161
98.70277
98.81591
99.28698
99.54761
98.30945
97.8731
97.89753
97.70357
98.07429
97.42433
96.99247
96.82835
96.06613
95.44452
95.21389
94.98425
95.80077
96.19384
95.11804
95.2143
95.85332
96.29312
95.64048
95.36862
95.52456
95.52949
95.81088
96.59115
96.89708
96.8006
96.39501
95.57405
95.61325
96.44361
96.26312
95.67381
95.4554
