90.39033
92.57287
95.81773
101.3141
102.3218
93.83061
96.25289
93.97711
92.2488
101.8664
99.57171
95.60662
101.6797
93.9112
94.10177
92.91191
94.2759
97.28668
109.1702
104.3997
94.07371
95.09841
90.61267
97.7446
90.9566
84.77624
91.59677
87.57644
91.17404
101.0217
89.85084
87.93462
97.46335
84.69635
94.0389
84.36942
82.74111
91.97868
94.75776
92.19145
97.1454
82.82193
85.66029
89.65439
88.86617
86.26312
89.7617
90.10708
81.35638
80.49852
83.35949
78.29762
79.24554
80.3522
78.43541
78.48513
72.02626
73.56492
69.18579
75.67604
64.71175
57.4004
53.60014
46.86139
28.7816
13.34768
12.98294
12.32191
13.0964
11.98741
12.06531
13.00099
11.28937
11.23412
13.3628
13.02506
11.54078
13.74154
11.59926
12.26747
12.31195
13.29629
13.62279
12.95145
11.92707
14.31931
11.65134
11.49287
13.01702
12.66134
11.75437
12.28529
12.62103
13.64154
12.37783
11.50538
12.81647
12.89845
11.92207
11.83252
12.04251
13.61696
12.47089
12.56089
13.86033
13.70618
14.14904
13.05094
12.01273
13.29372
13.41459
14.44806
12.95115
12.94837
11.79965
12.39572
13.87854
12.49866
11.80455
11.72433
13.12267
12.75824
13.25536
13.80791
12.92074
14.7049
13.64585
12.46434
10.95345
12.70508
12.12781
14.20898
13.7187
15.18571
12.12763
12.07495
13.06723
13.84473
12.39957
10.96417
12.0847
12.30538
12.12036
13.42501
14.19652
13.35851
12.73905
13.0612
11.90871
12.15764
12.54656
13.42304
11.5416
12.04935
12.34946
13.11275
13.41748
12.93152
11.93618
11.65223
12.38406
12.26803
12.21853
12.40212
12.73203
11.56457
13.04795
12.16675
12.90087
12.96368
13.06659
13.73263
12.88839
13.57951
13.29555
13.82863
14.19737
12.5183
12.5631
12.63767
13.46742
11.66049
11.67718
12.14978
13.75195
12.96664
12.7353
13.05311
12.63083
12.66471
13.81269
13.30583
12.11892
11.91775
13.25552
12.95016
12.27033
11.3998
14.09693
11.34842
12.69142
12.90405
12.75797
12.94872
12.82792
13.60804
13.11874
13.68804
13.23539
12.62964
11.96081
11.42228
11.46086
13.66711
14.18877
11.96478
13.61978
14.3274
11.42127
13.13968
13.50127
13.41598
11.665
14.19249
12.85299
13.84677
12.03169
13.14596
13.14468
13.16352
12.04252
13.49555
13.99987
12.63301
14.56192
12.11405
13.57091
13.2249
11.42916
11.25018
12.9635
12.37103
12.48968
12.09499
12.51891
13.32374
12.53338
13.08636
12.23364
12.77101
12.78557
13.02908
12.82948
12.19096
12.24356
13.34353
11.88443
13.62942
13.97758
12.32823
13.48985
12.81678
11.16254
10.86923
12.74621
11.48621
12.61784
12.09926
11.39911
13.10351
11.28513
11.41188
13.18138
13.91606
11.81623
11.60973
11.60693
13.39177
11.87965
11.58287
11.61641
11.44837
14.60252
12.63249
12.16398
13.75186
12.61586
12.74851
11.04601
12.53624
12.71455
11.4261
13.91823
13.56776
11.68856
15.23267
11.54947
12.88511
12.55695
14.22053
12.51815
13.48836
13.37901
12.59616
10.63587
12.73762
11.50277
11.33176
13.91692
12.174
12.4746
12.1519
12.78826
13.26777
10.49524
12.84033
12.89094
12.78979
13.05827
11.43042
11.47236
11.9874
11.71156
10.91008
13.27969
14.77909
13.67926
13.01293
12.15473
11.75268
11.87885
12.53538
12.18006
13.14987
13.67232
14.60407
13.87214
15.75661
13.76086
13.93578
12.19892
15.85091
12.47998
12.9928
11.84181
11.95944
13.98475
13.88455
12.61137
12.58396
11.61984
11.12982
11.91671
12.63419
14.50173
13.01962
11.33165
12.48335
14.43996
12.88028
10.55136
11.0816
14.74486
11.45977
11.49547
11.02072
14.24873
13.02848
11.7195
12.83007
13.03821
14.20447
11.79659
12.82029
13.60429
13.95609
12.38945
14.50619
12.35081
13.17791
12.99827
13.31875
14.0971
13.87296
12.57092
12.55382
13.17941
14.54531
12.46999
13.10691
12.2634
12.56568
13.51592
12.60403
12.33264
13.05914
12.11768
12.90044
11.97728
14.80131
13.34076
11.28617
14.75677
10.40535
12.81395
12.50012
12.29525
14.76013
13.91013
12.45926
13.42842
12.72816
12.25308
12.35741
14.60119
10.98987
13.5251
12.86633
11.91169
13.20452
11.38952
13.51283
13.411
15.30684
11.23615
12.81709
13.96879
14.19927
11.45694
12.57839
13.4489
11.80061
12.58562
13.24762
12.27285
13.73115
11.75742
14.54083
10.64559
10.96664
11.32357
11.07204
13.07761
14.19028
12.27043
14.07716
11.70883
12.57793
14.19023
11.7667
12.24362
13.52277
13.98597
11.25561
12.881
12.97889
11.98526
14.60301
16.35693
12.80991
13.31581
12.10054
11.30763
12.28066
13.47845
12.87978
12.35314
12.47826
12.4506
10.21006
13.63128
13.20569
13.86872
12.13289
12.37643
13.02214
11.95941
11.43545
14.88791
11.30889
13.31908
12.9414
13.25867
11.80862
13.83627
12.87629
15.1927
11.87738
12.90455
11.38493
12.33155
15.47614
13.33495
14.06573
12.68635
11.76266
12.05343
12.40794
11.77739
13.48206
