1210.586
2769.879
4469.188
1093.821
946.2364
1836.432
1814.848
1045.005
1588.094
829.4856
895.2006
1069.466
1515.159
2247.703
1358.015
1489.109
3079.58
2980.996
1336.694
1344.159
2660.772
2201.678
638.6178
848.2308
1804.311
884.5471
6747.131
947.7143
3564.059
1327.407
814.0629
705.4848
1590.919
4886.78
1392.922
1944.309
2886.525
1712.932
1097.731
4256.784
1441.751
3855.294
1373.134
2499.607
1264.288
2748.648
1522.677
1681.122
1158.608
1936.981
1324.637
2350.455
1944.933
4283.598
2214.181
2214.484
1380.047
2515.416
3548.963
4506.32
4653.845
1494.12
1655.873
1203.084
785.6359
2607.195
2513.387
1643.646
1302.359
1093.21
994.7806
1966.055
1954.956
2033.813
1245.71
1171.519
1663.704
4274.707
2742.688
2491.968
5307.1
3465.571
1276.06
862.0529
1518.244
1357.795
3575.596
10422.51
1840.438
1899.736
1123.152
1084.566
1074.101
1697.483
2017.81
1807.3
1073.04
1368.541
3124.527
2117.139
1504.95
1018.984
1209.074
1660.646
937.6914
1382.834
1416.866
2551.51
2356.907
2696.536
1348.475
4003.448
1378.532
1394.82
1693.206
6615.102
1972.503
2147.077
1002.926
1222.753
992.9307
1075.883
1119.237
4319.064
1227.862
2147.889
1900.272
2244.387
3244.633
1258.041
6571.444
1244.185
924.3521
3104.015
631.151
2433.399
1882.745
1627.461
986.1469
1429.997
1692.533
1696.917
2873.66
1557.59
2883.294
5413.01
1727.178
1386.612
1379.645
1367.202
2628.679
3301.501
1632.961
971.2073
2729.668
1720.514
1314.111
5716.834
1049.405
1909.018
1235.909
1421.477
2464.324
2074.183
1387.461
4010.321
1518.978
1678.381
1713.129
2449.735
2864.895
1468.174
1180.732
2466.558
1076.3
745.3061
2545.806
3229.054
2856.001
1628.238
2437.623
994.3341
1785.1
2588.223
972.3096
1896.582
4577.284
1072.275
1965.771
2156.395
1396.333
2177.833
1912.357
2306.084
1807.608
2898.908
685.9329
1654.769
2055.735
3519.968
2039.392
1613.255
1769.734
922.9809
1929.615
1303.772
3320.378
1102.576
2147.294
1624.51
4324.104
951.5535
1171.492
5226.25
4333.865
1267.068
2072.715
1173.224
910.2656
2942.685
2115.65
1016.453
8510.456
4237.712
820.2433
752.5833
1104.909
967.614
1824.123
875.3977
5429.673
1387.613
2525.697
1481.374
3291.517
4496.588
2188.091
1370.776
2868.217
1407.698
1646.133
1739.35
6343.374
2556.728
1289.341
2685.086
1621.163
3150.461
1163.668
7666.19
1330.975
3418.591
3916.237
837.0147
1424.874
3329.906
2115
1533.149
1222.809
1442.313
3512.341
3379.481
1962.395
1365.708
1478.245
2860.292
1610.197
482.446
2396.792
1660.122
1092.757
2744.843
2713.827
3567.118
999.7864
1494.614
1520.765
1318.43
1677.249
1424.441
4376.064
1252.278
1920.842
1561.954
2859.263
2086.402
1309.554
1133.647
877.9063
3321.489
1222.759
1281.457
2220.216
1843.48
2734.103
1374.016
3862.586
2066.022
2800.799
2282.423
2085.845
2047.021
1825.99
873.6024
7400.065
2278.388
2440.356
4091.774
1367.88
2668.282
1688.423
1247.766
1265.226
1665.639
854.443
1269.376
5738.047
2633.001
813.9362
4029.947
1476.868
4533.447
1181.35
1930.717
1342.424
1512.117
1363.462
2832.837
3250.777
2559.557
1354.82
2808.242
4702.739
2380.997
2202.045
2367.829
1634.065
2645.927
5643.877
1514.021
2696.334
2945.463
3706.722
2784.516
3562.943
2110.344
2630.856
2412.233
1772.604
1890.825
1229.534
3010.555
4161.425
2817.885
1759.556
1303.674
1981.267
1857.568
4249.744
3615.61
2020.472
1919.341
4636.842
2200.097
1360.059
2731.367
2551.885
2400.9
1401.289
2986.495
6835.636
1424.512
4476.973
2733.55
3089.805
1722.638
4156.806
2137.475
1759.334
2676.048
11486.57
1911.048
5101.782
5855.689
2771.832
1971.599
2082.173
1970.056
4315.805
4230.234
4142.472
2573.412
4900.615
2812.927
2670.956
2281.345
6719.384
2735.459
4562.666
5134.738
2274.077
2536.159
1118.56
2467.534
2526.285
2417.637
1463.924
2659.272
5009.118
2142.436
1592.127
1799.082
1961.554
1157.839
1043.75
2664.95
2830.625
1975.621
2516.047
945.9994
1144.724
1148.428
700.1649
982.9441
2942.023
1653.321
2663.405
1359.065
2587.198
980.8532
936.9717
2947.691
2170.801
941.7794
2082.453
1092.4
1186.788
966.1205
1933.861
1503.638
531.716
2732.37
1603.484
1459.421
1394.845
1696.195
1630.014
1676.191
2948.387
1135.886
3101.927
1367.425
2254.748
1467.626
2012.815
1174.316
887.6662
1471.422
941.994
1661.454
2428.461
2222.977
2276.593
873.082
2089.449
914.7065
1494.39
1862.705
1861.444
1177.539
1113.689
1688.927
2568.109
1985.033
1350.698
1301.137
1889.608
1809.666
2422.508
2084.729
1371.742
1384.265
2954.546
1107.374
743.0359
1945.296
1069.234
1076.371
1498.012
1212.75
2034.776
2114.156
3640.686
1028.338
553.2696
2294.264
2990.168
2625.038
1070.694
1566.741
