0.4357044
1.356536
0.310929
0.7082071
1.083311
0.3016121
0.8463784
1.215383
0.1294357
0.2814242
0.3715237
0.2721022
0.1979707
0.3837392
0.1814978
0.3627883
0.6135102
0.1237118
0.409079
0.534303
0.5374714
0.2303231
0.3333215
0.3645942
0.2319913
0.1059069
0.4049444
0.4685397
0.4368171
0.5903172
0.2050076
0.2440537
0.9339365
1.845819
0.9283539
1.321431
0.1947091
0.3602109
0.1889387
0.1716889
0.9253891
0.8161001
0.255898
0.1931071
0.719837
0.4482249
0.2881325
0.3974487
0.251285
0.1858967
0.5385894
0.1591329
0.2694762
0.3951653
0.140661
0.3370001
0.5125162
0.5116244
2.278857
1.17827
0.4936889
0.404369
0.2847827
0.6044785
0.3834958
0.4806951
0.220035
0.3209942
0.5606787
0.3021095
0.9633741
0.2810483
0.9592915
0.1201909
0.2260402
0.8299563
0.5337281
0.5204499
0.3028321
0.6669844
0.4786072
0.3339961
0.4760506
0.3329854
0.2995828
0.1883403
0.2543409
0.2160337
0.1472213
0.4196698
0.232185
0.07480914
0.5906207
0.5153391
0.1556838
0.3220243
0.1285978
0.2128259
0.294397
0.3353075
0.7459789
0.4448331
0.132956
0.2031841
0.4345939
0.3782601
0.4466708
0.3566753
0.3121829
0.357517
0.2517746
0.4128667
0.3948472
1.35837
0.2389051
0.2965838
0.5973595
0.5534246
1.505173
0.319678
0.2730956
0.2065117
1.233746
0.650529
0.4846833
0.1847798
3.130573
0.3939822
0.5292446
0.2945741
0.1061212
0.5321147
0.3516548
0.6169911
1.596018
0.1583962
0.7257224
0.1664574
0.1902222
0.5683623
2.911653
0.2522905
0.5143918
0.4271897
0.1341702
0.4235143
0.4142039
0.2486461
0.2081491
0.2813234
0.6167345
0.1610978
0.3142291
0.7143604
0.3342756
1.157499
0.4146633
0.5433292
0.5579867
0.6003744
0.3702197
0.4158962
1.740111
0.8583155
0.2362209
0.1703208
0.2017527
0.2599557
0.1481771
0.2813554
0.7875131
0.1427074
0.2496331
0.2374628
0.4339224
0.3213119
0.7612567
0.268996
0.689093
2.536649
3.111245
1.126625
0.4401061
0.152819
0.1821557
0.1844307
0.3017268
0.5079914
0.6996199
0.1905149
0.1762495
0.2511124
0.9848054
0.2807472
0.6107284
0.7820441
0.4589402
0.1113296
0.2458889
0.5143865
0.3578721
0.5304844
0.3888782
0.2221363
0.3170326
0.2626783
0.5473571
0.3462972
0.4903681
0.8118036
2.70592
0.2668274
0.4401611
0.3513938
0.1815598
1.362533
0.3885475
0.9712796
0.407612
0.3652505
0.1569372
0.213517
0.2516234
1.029663
0.7918712
0.6402807
0.207381
0.3387499
0.2059783
0.3242403
0.3635307
0.1373715
0.3188324
0.4767303
0.3756647
0.1961554
0.2541089
0.3583102
0.8168169
0.7933284
0.1165801
0.4482415
0.428445
4.54064
0.2080606
0.5547902
0.8120468
0.3653995
0.1543853
0.791926
0.3440307
1.192057
0.3011626
0.2688574
0.1473806
0.5673664
0.382138
0.2173982
0.2223387
0.1603247
0.5452412
0.2886942
0.3210486
0.4496464
0.3334756
0.2029711
0.1635657
0.2735566
0.2273635
0.4687292
0.3679213
0.8269491
0.4457613
0.1076226
0.1097036
0.1884936
0.1655355
0.4236249
0.3277358
0.1727301
0.3348275
0.1722034
0.8759289
0.716344
1.130672
1.198223
0.4444969
1.25207
0.2609106
0.1410645
0.6022299
0.09727522
0.4671001
0.4190475
0.3273134
1.693935
0.1552214
0.8035945
0.9632409
0.2829395
0.748736
1.285153
0.3784746
0.3492842
0.1978351
1.675681
0.361861
0.4497556
0.2770344
0.5608259
0.2427294
0.2131489
0.1906768
1.736495
0.2962866
0.4035517
0.2967792
0.2745864
0.6843424
0.3515184
1.113985
0.2021602
0.273553
0.3196424
0.1918243
0.4319624
0.6391716
0.2298689
0.4306733
0.3304444
0.849827
1.033438
0.4590771
0.2356979
0.196257
1.084574
0.3747148
0.1914257
0.3554513
0.9064889
0.2844277
0.6509349
0.3365006
0.4776982
0.8929418
0.3354743
0.552816
2.396913
0.2245911
0.2968003
0.4623705
0.4711182
1.174317
1.272972
0.3140871
1.706813
0.7102497
0.5697018
0.7849647
0.5392285
0.357173
0.1802502
0.4668507
0.1830886
0.1250659
0.3342719
0.9153029
0.1295177
0.2842505
0.2511743
0.7382585
0.09789074
0.247153
0.541711
0.6435468
0.420808
0.3635772
0.1715223
0.6125536
0.1382536
0.1989013
0.2435477
0.0877173
0.6426492
0.8417025
0.6110593
0.5594614
0.4198446
0.3372524
0.427594
0.313552
0.2461035
0.3803562
0.663518
0.5869988
0.5394748
0.7626791
0.4654613
0.3162923
0.4335527
0.2993112
0.5700815
0.3935457
0.4295317
0.5878959
0.396487
0.1678335
0.1540606
1.555447
0.1301153
0.2222116
0.3542917
0.5006607
0.8217959
0.9067593
0.2873341
0.4434212
0.2095942
0.1839228
0.1625012
0.2932994
0.3183243
0.1196601
0.256346
0.4254078
0.5626599
0.8004007
0.5005817
0.6159691
0.1896873
0.2400467
0.4711698
0.4147661
0.4795549
0.4158217
0.9683268
0.1958143
0.3954446
0.1436931
0.2371319
0.2444681
0.2358866
0.3841074
0.3159023
0.3581072
0.1354699
1.480982
0.2409511
0.4422527
0.8939815
0.08403844
0.4901357
1.100126
0.5654513
0.3828614
0.2494307
0.4242868
0.9595796
0.6805077
0.5386982
0.3198521
0.3267984
0.2096175
0.5373918
1.017735
0.1894162
0.5112324
0.1638778
0.2890902
0.1490917
0.1821325
0.1949626
0.10087
0.4163694
0.5864023
0.1646503
0.2946475
0.5116485
0.2490624
0.4359453
0.2104007
0.1723367
0.789949
0.206576
1.225877
0.3731791
0.1764003
0.5723554
0.9704195
0.3273628
0.4782461
0.4319015
0.2328734
0.241111
0.40567
0.1983501
0.228546
0.9126079
0.2776045
0.7816552
