101.8818
101.4086
101.7038
101.8766
100.9115
100.0618
100.8656
100.3773
102.1916
102.378
100.161
100.0177
99.1847
100.2689
98.67464
97.54121
96.64933
97.42067
93.96241
95.79407
94.71347
94.48786
94.54817
94.7201
96.4592
98.20329
98.78598
99.25159
96.22585
95.84206
94.12333
94.20066
93.91028
95.48299
94.62056
93.30341
93.42099
93.0382
93.37389
92.06743
90.38365
93.22209
93.94124
94.53301
93.69275
94.12272
94.27288
94.0769
94.73724
94.28848
94.08429
94.37312
94.59002
94.98446
95.9728
95.93763
94.28506
94.03087
93.08191
92.58676
93.04848
91.7926
94.04006
95.59137
93.60166
95.67784
96.20469
96.2438
97.02551
95.5083
92.91152
93.025
93.12502
90.82634
90.47046
92.86923
92.45571
93.63894
92.9758
94.62615
93.1847
94.69934
95.74061
98.06405
97.33095
97.51732
99.17688
100.1881
100.4018
100.2124
100.6946
101.6843
102.166
102.5268
101.7898
100.7219
99.67578
100.3901
102.1784
104.3304
104.7317
102.3874
101.996
102.6168
101.5591
99.96604
102.5954
101.6502
102.3869
103.9662
103.9309
103.7918
103.7993
102.6488
102.2538
102.3743
102.3247
102.1469
101.6772
101.7756
102.233
101.616
102.4187
101.7901
101.4179
100.6749
100.815
101.1127
101.5446
102.3998
102.492
102.2914
102.6831
102.8392
103.0517
101.8973
101.2985
101.9132
102.5743
102.96
103.3566
102.8508
102.3716
101.7603
101.9312
102.2057
102.375
102.3782
102.5682
102.0816
101.1852
101.2916
101.8878
102.8321
102.8729
103.3018
102.977
103.2583
102.8252
101.7742
102.432
102.8911
102.8763
103.4498
103.5326
103.8318
103.4462
103.3636
103.6404
103.5965
104.0528
104.0596
104.1077
103.8702
104.4422
104.4286
103.9366
103.9307
103.766
103.4238
103.0067
102.947
102.1233
101.9187
101.9079
102.5163
102.1704
102.1171
101.9439
102.1414
101.9734
102.5459
102.7326
102.6125
102.6981
102.1353
102.3473
101.1967
100.7906
100.2751
100.3358
100.4334
99.99501
99.95868
98.93706
99.41388
99.60861
99.96208
100.3254
100.079
99.4923
99.40352
99.32328
99.78568
98.76183
98.75478
98.03385
97.79244
97.72095
98.66224
98.2616
98.48284
99.37019
98.6479
99.16914
100.6966
100.4582
100.219
101.0482
101.5294
101.4511
101.4122
101.7388
101.4689
102.0665
102.3562
101.936
102.5579
102.4749
101.9185
101.9425
102.1533
102.9181
103.7727
104.1327
103.3754
103.1053
103.5784
103.8281
105.1754
105.5393
105.9642
106.6686
106.8487
106.9037
107.5504
106.827
106.2832
105.9269
105.603
105.1452
104.4394
104.3688
105.007
105.1771
104.3292
105.0159
105.3428
105.5028
105.8056
105.9749
105.9299
106.2051
106.3798
106.0133
106.1413
106.303
105.5815
105.8078
105.3954
105.0604
104.5399
104.5868
104.509
104.3053
104.8763
105.9891
107.101
106.7247
107.1737
107.5125
107.6717
108.5358
109.4014
108.3244
108.1703
108.6193
108.4966
108.3348
107.9107
107.91
108.3383
108.3288
108.6147
108.9601
109.232
109.0541
108.866
108.5605
109.6055
109.6426
109.8451
110.7213
110.2449
110.0803
109.6717
110.0563
110.6277
110.0229
110.0095
109.3576
109.2952
109.6427
110.8048
110.7358
110.9312
111.366
110.6422
110.4964
111.6639
111.1156
111.6204
111.6452
111.358
111.8737
111.7735
112.0472
111.8659
112.0178
112.1701
113.1244
113.3217
114.1467
113.8428
114.8817
115.3966
114.7278
115.2948
115.6394
115.6201
116.0151
115.583
115.672
115.3076
115.987
115.8459
115.0815
115.1431
115.6563
114.8919
114.1104
113.789
113.6208
113.3962
113.247
113.548
113.2457
112.8449
112.668
112.7896
112.6531
112.496
112.3955
112.8593
112.6015
112.5112
112.2894
111.8817
110.946
110.5689
110.7348
110.1682
110.2735
110.6953
110.1294
110.5303
110.0986
110.1289
110.3485
109.9128
110.4231
109.8433
109.7714
109.8866
110.2397
110.3819
110.4119
111.1003
111.7147
112.7978
112.7682
112.602
112.5046
112.021
112.7254
112.1336
111.7482
110.9099
111.5086
111.2029
111.2554
111.2458
110.9788
111.4497
111.6353
111.8663
112.8547
113.0854
112.5842
113.1283
112.9386
112.7135
113.3047
113.0056
113.5436
113.7111
113.761
114.2934
114.2127
114.3423
114.3173
114.5667
115.6829
116.1173
115.8749
115.1763
115.4844
115.5818
115.6458
116.047
115.9853
116.3309
116.1624
115.5415
114.7901
114.5788
114.0454
115.3846
115.8626
115.2642
116.6321
116.844
116.9276
116.0941
116.0483
115.4186
115.2647
115.4137
115.6803
116.0118
115.7288
115.6788
114.9777
114.959
114.2133
114.0257
114.0902
114.2264
113.6726
114.1731
113.8351
114.3302
114.0161
114.453
114.3009
114.4493
114.5093
114.4718
114.956
114.8807
114.8551
114.8241
115.7974
116.4531
115.4127
115.522
114.9385
115.352
115.1049
115.3184
115.3242
115.7694
116.3148
116.4521
116.0853
115.9506
116.6686
116.07
116.2691
116.1074
