762.9352
566.079
712.5812
892.6886
1072.711
1078.376
541.4739
1446.707
1065.13
1294.422
374.6007
344.8078
1230.898
433.5082
795.2177
810.5011
532.345
2466.195
370.5154
520.5959
621.8237
165.0421
1666.147
253.8217
299.2085
434.6526
466.3134
2068.104
509.5773
312.2524
461.3188
707.9236
443.164
664.1517
778.8592
3278.369
954.0272
418.9132
433.5262
1127.991
1189.949
364.1617
1056.717
1176.83
1091.948
498.7536
364.6788
361.4281
743.9952
356.4725
720.1941
435.3161
1033.269
1122.682
434.6265
426.4046
148.0832
536.3782
587.8262
284.3076
874.9025
233.0742
437.5435
541.2218
1102.462
410.8448
504.4426
642.5075
470.6168
1285.326
239.8537
468.5251
1102.38
483.0529
1129.98
772.6102
1106.024
818.686
286.5577
860.1215
528.1227
259.3441
388.1917
578.61
658.4495
829.3847
2022.931
309.9324
772.1123
2165.616
236.1307
1389.389
279.8883
2522.522
1238.678
359.4048
488.6442
365.9803
488.9638
430.5621
519.0032
1807.447
217.3217
956.769
840.3665
1147.275
1139.667
291.7927
403.0614
852.6814
489.752
948.0115
824.7376
398.3038
875.1385
476.1772
532.5731
539.6597
580.1925
1049.825
319.356
960.5226
1038.055
1433.614
706.6656
271.8249
675.6483
1700.351
513.0623
288.7739
786.2274
246.5894
347.0093
1173.794
876.5539
749.6129
1044.833
213.7421
448.6385
1028.044
1012.242
416.7276
620.8047
757.4125
478.1197
1553.582
1371.183
795.5034
650.7107
946.5373
517.6881
2521.843
977.1107
725.6947
1250.202
1727.873
954.4361
786.3435
1181.647
1834.361
4221.886
2340.492
650.2416
8108.759
594.0068
2608.977
1980.676
992.7912
821.153
1783.011
904.3385
1165.678
2725.663
567.8808
630.0242
1049.29
841.5255
370.3842
737.9792
689.6291
1199.07
644.2827
1151.912
905.8362
772.6017
713.7439
743.8862
589.0954
842.7912
2359.727
1246.617
950.313
3357.819
359.2984
235.5488
348.5832
467.3741
1120.857
991.5657
1320.323
690.9134
575.3231
350.0383
1196.561
1198.803
1163.644
625.9753
774.4773
638.0678
710.4724
1216.755
275.5779
812.2802
877.8877
859.0902
457.6398
819.3629
3825.172
959.4852
2153.113
1363.209
586.1146
506.0822
645.8117
1181.182
1321.17
574.2122
1585.377
878.301
1420.452
379.2024
799.179
762.9259
338.4552
460.2977
221.787
494.4336
941.5662
387.6489
1346.366
1188.451
318.8708
697.2167
565.5817
178.1122
869.0853
690.4592
215.8043
410.5894
335.5363
430.7957
584.0586
787.9977
328.7274
1086.459
847.2844
368.4058
401.8372
987.5421
628.4786
708.5864
641.155
918.2165
1450.866
5671.329
2223.575
1691.386
3719.649
2148.444
443.277
1447.856
685.5995
937.1008
1401.442
1168.195
1320.429
1139.144
693.9047
935.1614
1339.577
561.5301
2126.483
484.5886
1405.12
2445.144
983.9392
375.6697
775.9126
527.9924
1288.651
1252.705
1002.138
568.2553
1646.416
836.4713
761.7705
2215.561
1029.397
3566.386
609.9135
571.6789
1574.534
1861.719
816.6007
2682.917
1529.881
733.2893
2170.297
848.5333
696.4579
1916.486
742.356
1587.342
439.6589
1449.611
886.1759
460.4415
551.7105
996.7957
666.1905
512.5525
994.9439
769.8522
1295.918
425.6255
300.0045
646.2006
211.6558
437.0905
269.99
563.5004
1524.948
525.679
553.5437
572.0797
619.488
1163.899
395.4294
529.6291
479.7684
502.8679
1386.9
714.5527
549.3957
1315.427
496.1378
435.47
1554.577
2519.071
944.0782
488.6573
612.2634
519.8698
819.5697
1067.748
928.6992
1017.46
2170.609
315.6397
677.4149
1291.142
271.8251
506.5446
1364.295
1498.365
1932.688
2236.895
779.695
450.22
406.7164
843.0767
492.3123
394.9856
584.072
319.327
321.4396
577.5049
1167.522
625.7645
833.797
291.402
650.5147
353.5828
349.5252
394.0032
346.1984
216.1621
480.938
1125.223
437.2833
653.0353
526.5235
485.5851
1467.987
1039.434
749.5422
1459.827
1045.512
388.7145
479.6497
358.7915
700.624
682.5316
1957.412
843.5068
528.6537
982.9657
1762.853
425.7273
361.7816
261.9501
398.2769
924.8142
1529.193
480.9761
517.5028
393.5283
1507.316
437.924
1162.744
854.6625
499.0181
810.7785
1278.601
1425.495
614.75
1073.959
493.5507
336.8604
539.5179
1772.157
1042.907
728.0019
212.048
571.5623
211.3989
632.4169
677.5913
690.0736
999.614
644.9861
396.2339
455.4499
504.3401
281.5226
229.7966
2199.749
251.3493
297.3923
941.5197
315.0217
619.0693
305.2049
922.0529
1248.762
996.7739
1095.784
373.2156
693.481
390.9671
1889.008
152.7224
634.1033
727.4908
293.6584
745.0545
479.871
264.771
1034.326
622.0923
1547.885
326.7872
1681.483
604.8333
512.9388
1152.865
490.3158
1122.39
695.2867
327.0824
893.3273
698.4901
392.7776
908.7153
1700.998
1919.989
387.6691
573.2315
498.0342
2174.31
1793.741
277.0456
969.4955
373.7285
344.5556
352.1551
622.3613
207.2482
1397.655
606.3854
