160.3056
121.259
122.6618
123.7036
160.9554
172.4662
175.5851
105.7489
145.0423
131.7654
148.7775
119.8922
116.5755
124.8723
109.9492
97.45577
104.3828
78.35746
102.1959
118.628
99.69128
127.9761
89.66087
96.47782
103.2467
95.35119
89.58005
98.97478
92.2892
77.73575
71.37944
46.71952
43.46713
55.08332
60.49253
78.95729
76.79107
76.50829
57.80498
67.4682
97.91407
100.8721
89.61964
91.15677
94.82149
116.622
141.2126
154.3358
125.6893
154.0413
162.6809
143.2065
132.1485
132.8646
158.9789
163.4251
183.3216
206.0367
168.4182
162.5726
146.3074
143.6727
137.8096
138.6467
110.2867
62.40501
59.80099
55.04713
59.08449
51.42408
47.29783
63.1401
55.57561
54.07743
71.27645
81.89112
84.45105
76.6377
78.96366
125.3546
97.07704
102.4367
79.43021
76.37814
104.3465
108.5873
77.83364
91.153
99.76158
101.1632
113.893
117.8405
114.922
97.49692
95.54078
92.72178
65.38788
60.20999
67.99173
69.82842
58.83133
59.10138
80.98145
65.1259
70.7511
61.91005
51.55217
65.03809
55.36935
75.1491
53.66359
66.44094
55.78454
58.17968
61.42925
82.47101
85.61894
92.47253
63.30149
56.38676
39.00274
60.99519
48.30013
58.5965
55.8031
68.50334
100.3612
115.1331
110.7382
133.7088
96.73317
158.9284
147.0814
161.9486
208.1511
153.4251
198.426
172.5286
159.7675
201.0747
173.7574
152.0189
112.0685
103.7884
87.96393
83.98079
77.28274
75.63407
70.77167
66.91538
59.43736
61.73162
69.87017
87.16326
103.8965
71.92715
57.11074
49.42533
37.83215
45.49419
45.41711
48.84133
51.21895
36.44826
38.7343
50.02532
64.71372
72.26701
71.03355
65.49152
77.54882
89.85872
98.27005
81.5305
56.81848
62.30331
62.91119
54.28063
73.94793
67.53938
63.91047
79.05284
94.8345
81.92182
49.4038
76.86773
58.07977
51.31186
39.59199
54.09541
44.94294
33.88743
39.744
49.83539
52.21883
44.27449
42.85788
51.37208
42.74462
43.56465
39.12431
48.89283
50.73493
53.57147
57.74923
77.35981
101.2459
117.2261
168.2699
141.2779
166.0891
187.4575
196.5602
170.3096
218.0266
241.6661
183.0429
190.1098
147.8923
145.1387
112.7402
81.35219
78.74971
132.6184
130.2393
92.5133
68.48667
66.58145
63.13105
70.05938
62.63757
50.25848
75.15495
110.172
99.29816
82.26554
89.29188
110.236
123.7343
136.9928
171.6006
137.4611
101.911
139.371
106.3307
149.4605
132.9362
118.8552
150.2077
172.8064
178.3012
265.7191
262.6239
255.194
234.0863
208.789
169.4787
105.4703
101.7988
93.05615
64.22861
51.73499
55.92551
75.90895
83.05033
75.85565
77.88811
80.01154
104.2078
80.33145
67.44846
70.23829
76.63934
93.00025
101.5186
92.07977
117.4982
91.17511
82.10618
75.34219
60.3875
73.81221
105.8914
121.6637
84.71276
116.8443
102.1911
72.756
83.73088
109.2231
132.5003
101.7181
110.5832
114.2534
109.2468
84.5405
110.912
91.19178
76.65361
56.39329
71.38452
77.05179
66.22826
63.01603
61.06457
52.98587
59.54214
68.59384
68.28526
57.59673
39.87506
51.84152
55.77174
78.12575
113.1901
99.332
99.25475
120.8732
77.11608
67.17588
65.41299
74.94871
84.34248
91.0914
103.1619
129.3631
138.7697
132.5428
90.59359
77.16886
86.11361
69.79241
73.7823
87.91972
76.09925
79.2878
86.79188
79.56481
85.56421
83.75858
80.9084
73.58931
69.23439
78.61559
77.43372
80.78693
74.82098
50.15804
55.025
50.27897
69.12264
69.33845
76.17573
57.31167
60.86256
83.82974
70.56495
87.20951
73.26932
60.12151
62.37588
73.42363
55.13923
66.8784
64.70516
76.42
76.29614
67.6109
80.36777
81.01029
57.41142
49.92496
46.77627
44.00862
57.97514
70.36247
70.6674
99.29178
98.58691
87.34528
94.5472
62.07045
51.38087
52.7819
63.01173
50.93704
49.97349
53.41126
51.8409
51.66091
47.75071
59.58967
44.22253
61.79028
73.6037
55.1404
76.27668
67.26785
87.63021
105.9236
129.3358
102.4467
91.90378
81.50955
70.26364
101.3236
104.4518
102.0831
79.72037
75.73388
70.73821
78.46585
77.67725
111.2886
99.57684
69.49453
72.98152
64.55036
59.43936
76.44733
97.22327
96.3856
81.84105
89.81032
104.7058
116.7854
146.9278
158.8247
147.7487
104.5024
98.55198
107.7394
209.8867
240.1222
195.257
152.595
106.5996
84.05364
76.72529
69.03449
78.21635
88.10784
145.295
120.0367
164.6731
132.1833
121.9551
152.3839
134.8916
91.21821
83.67045
70.91052
81.01208
89.0411
63.01745
73.68833
91.03352
63.34211
63.51666
67.20338
93.98566
92.40068
101.9889
119.7802
120.9486
105.9032
118.7955
128.1267
133.323
173.2395
138.0956
149.7561
141.8245
174.7848
193.6268
177.416
142.3719
124.2582
122.9083
93.90147
95.88317
122.4338
109.5652
104.8547
88.69392
100.0801
89.22244
90.6617
107.4619
100.0986
78.90097
46.99486
45.21235
50.74961
70.47108
66.15397
45.24103
51.87378
48.82403
39.70812
