75.3296
105.3593
90.44501
77.27595
90.66216
85.24991
89.72973
89.88259
74.64562
86.30368
89.73192
82.68058
73.03586
94.71514
93.11524
80.46253
75.40696
80.06331
83.68231
88.48828
89.87068
94.28031
86.8862
80.99769
91.82609
85.25589
86.90867
76.03556
83.55332
71.86797
104.8091
91.36721
102.9246
93.37609
81.59288
82.43991
81.27505
90.52842
84.50241
97.99472
85.02973
95.39539
87.01205
75.4245
79.89066
75.91806
86.55372
94.19058
83.8847
82.14563
98.31954
72.85546
78.4702
75.009
86.63588
83.87682
88.39901
88.03963
81.44171
84.00392
81.1973
94.63087
76.65454
82.62262
79.79349
81.34983
83.67415
87.22148
84.49092
85.72353
89.54582
87.27233
92.7921
90.83233
97.77314
79.70189
87.92193
74.74067
93.44477
83.25789
103.3062
95.20046
69.92929
79.09533
75.01214
81.87204
87.55273
77.40209
85.36473
84.92158
86.61933
72.59724
80.18506
91.1135
101.874
77.00679
88.50998
107.8757
76.34772
96.01997
94.49963
79.6989
92.24036
92.83466
77.36923
74.64303
87.23177
70.06735
77.98907
75.78607
86.9184
82.93233
87.94817
80.30788
80.72605
78.74881
86.89182
100.3914
88.45089
90.58435
89.1873
88.34184
88.56941
85.53691
80.85314
82.95864
98.58946
89.32274
86.8813
86.42861
77.89579
97.70821
81.36202
76.38207
88.44999
76.16776
80.61537
73.9925
95.9561
70.63699
83.26121
82.18667
84.70056
80.7674
90.27588
71.93953
82.01163
88.56645
84.35104
93.3064
88.91463
88.91414
77.79561
76.87077
77.76825
76.71752
82.49494
79.09897
79.95472
81.75391
96.40367
83.51604
83.89968
78.96402
78.02227
88.00342
93.75058
90.06584
76.1127
80.62168
82.80148
80.21255
86.2301
84.43802
76.02252
85.88844
87.31831
74.57639
69.04201
74.09716
77.93119
99.54825
87.87733
95.89802
83.2826
89.35755
89.8934
81.28585
87.95231
67.82592
83.49579
92.13039
81.25474
78.65458
85.9985
86.75298
81.07607
80.37198
81.24937
84.53082
81.87087
81.13512
70.06887
77.64456
85.89463
81.82743
75.50172
98.15716
82.99289
82.28715
89.74255
68.64458
73.89767
91.58322
77.34108
86.01259
75.36856
71.43764
84.34885
68.323
65.14632
82.95962
75.16114
80.20907
82.80392
91.43139
93.2921
76.71454
77.51873
83.4846
77.96851
68.23696
73.12683
72.40129
84.28161
89.40291
80.35888
73.09559
84.21153
80.14006
72.78937
72.23047
78.00768
83.8465
72.75433
67.50472
83.47796
76.26122
58.90976
70.43302
75.52335
67.33859
65.73676
74.60426
70.7244
63.26236
77.8218
77.00271
66.61177
72.00213
66.97239
75.82572
87.06611
78.66985
68.95632
71.05386
55.1025
74.86676
82.66679
70.40189
78.10131
76.02462
59.827
72.7232
72.40059
81.21758
73.61445
67.55885
74.03814
70.98594
64.19103
70.22303
64.01329
71.95188
69.03287
74.85012
67.71924
62.78386
75.55704
70.91223
58.06592
66.26592
64.99188
69.65437
75.09253
71.40349
75.62167
65.32781
66.29272
65.98411
66.49383
74.21569
69.03855
67.44635
61.16981
66.08065
59.69942
63.10312
66.87936
59.71638
67.86885
75.78953
61.02227
68.26475
64.52816
68.74797
62.31359
62.78566
70.87275
71.77005
67.90877
69.2788
63.43519
68.81322
72.73855
72.41477
63.86291
70.54704
68.65438
69.5016
60.2999
67.02823
69.02768
65.12641
72.13239
64.59282
61.52262
75.3716
66.8819
74.17838
74.0346
68.36162
68.77931
68.50542
71.62784
64.29424
64.2087
63.75309
63.49531
67.31777
59.4514
52.65283
58.94712
59.29088
60.09849
57.68657
62.35646
71.47709
62.07686
62.98115
70.53941
73.30485
57.72718
58.14221
68.06363
55.78704
58.41259
61.81133
66.77492
66.90292
61.49775
61.50343
56.10397
72.00466
65.75409
66.79138
59.02196
63.0558
67.11206
62.56672
63.06678
59.18773
61.02258
55.06612
64.58139
64.83485
59.3508
58.49162
53.38915
62.40814
72.0623
62.29667
65.33846
61.28777
65.65204
62.89235
60.45127
69.80575
77.85089
58.40623
63.08957
55.06
65.69857
56.28712
56.68054
73.73335
69.26087
70.38905
57.14306
56.32971
65.41676
61.38296
65.96939
70.45977
74.62064
72.22556
67.49865
58.6414
65.61376
62.09977
58.03473
63.92964
55.42375
61.23716
60.69841
57.70743
66.1595
66.61083
69.78136
59.54423
63.80081
61.4673
61.63065
62.62988
55.83856
50.98648
52.21531
50.17771
57.1211
49.06903
56.85686
44.90604
60.3742
62.16384
57.78643
42.25353
50.39255
53.94311
62.38142
52.74534
57.24784
59.64565
60.73674
71.53292
58.57245
55.95124
56.98676
65.76788
54.28486
61.48801
61.20265
52.26634
49.75539
56.1798
58.6148
59.33899
59.00525
53.36474
53.53644
53.43972
60.15544
52.65384
58.75161
69.04134
65.21287
53.46293
54.96305
71.51979
69.34024
57.62153
56.62118
65.77553
59.29728
65.32986
59.94978
61.25767
64.32163
62.34761
68.17098
65.35198
62.43989
68.51071
68.15164
64.95497
65.83723
71.66601
58.5152
63.28079
63.93959
61.85952
