33.08079
28.12621
26.13271
22.46261
22.78781
24.9972
24.46271
21.24259
20.59903
23.94963
21.83888
17.50264
19.39005
19.03366
20.7977
20.80239
17.41466
15.26427
17.43228
21.19303
23.98884
28.49658
20.76044
21.71572
26.20553
21.6466
16.65228
23.43534
19.25923
20.73726
18.43457
16.51476
20.70708
22.21467
23.64594
21.93405
20.04606
19.87468
18.7198
19.2608
15.97638
15.90712
19.88438
24.23648
21.28369
29.29753
18.64204
23.99401
16.6095
26.34048
28.99359
22.8668
25.0711
22.69123
20.59025
22.32213
21.83798
21.29248
18.70486
14.14046
16.78364
16.07289
21.4037
23.8953
21.96714
20.41382
18.96787
18.60003
19.78558
21.78764
21.69621
25.63758
19.61479
19.90225
20.35127
21.79012
20.50637
18.72632
17.46371
18.81822
23.21919
21.19604
22.00341
23.40895
23.53573
24.6396
22.37564
20.46947
16.54376
21.87599
20.19961
18.98735
26.16512
24.14127
29.61161
23.76978
23.03615
19.46929
21.24367
18.3775
18.96659
19.04525
20.40294
20.76462
23.92314
23.78972
19.99377
21.53847
23.8981
23.83864
23.60127
20.09976
18.90773
20.68633
25.74916
23.53839
26.02022
22.56632
21.85156
17.89943
20.37977
18.53916
16.43073
16.42345
17.12503
19.33879
19.61662
20.23769
19.36488
16.035
18.64952
20.00702
21.00744
17.77134
26.56907
22.6895
24.29155
18.65827
18.71573
24.06476
20.09633
20.4794
20.18185
24.64676
16.50527
19.57617
18.02215
18.8711
19.65536
19.21611
22.19812
23.58596
19.13355
17.07519
20.76407
26.36089
23.86191
20.96272
18.83367
22.8458
19.59967
21.62166
20.86059
24.02619
19.95505
18.86504
18.87715
21.82306
24.04326
22.41142
17.19517
19.79148
20.22586
22.97231
19.19247
27.09766
19.09769
25.82043
18.79887
16.78578
21.3797
25.04956
17.44419
22.2037
20.17552
15.32576
18.0121
22.20686
19.03287
19.38355
19.54527
22.50328
21.76146
19.84096
19.92986
20.95956
20.12247
19.70969
17.45394
16.93293
19.13297
18.71645
17.31407
17.28573
19.67605
19.10704
19.27071
18.32296
21.21552
24.24021
22.75559
17.97415
19.97283
22.8239
22.07091
25.7304
27.51251
22.07394
19.14553
18.75051
20.75814
23.48122
28.07669
21.74574
20.49492
15.13678
16.90139
21.41885
18.121
22.34642
21.6519
21.83393
23.96285
19.99165
16.82737
22.78173
20.41127
17.17325
17.72748
22.63441
23.05323
22.48785
18.21429
22.45507
22.6096
20.05088
18.49244
21.47503
18.84878
20.81927
17.46272
23.05058
21.98838
18.92344
19.72548
22.65274
22.39456
23.57535
16.40565
17.75937
16.40585
20.29242
20.17771
20.03888
20.37846
28.03447
23.83215
17.60184
17.42624
18.9213
18.66304
17.35456
20.13665
22.11235
26.57573
21.34906
18.69328
23.8003
25.04896
19.54217
19.61575
21.02449
23.72879
18.88825
21.77068
18.10726
19.24757
21.83027
19.73304
20.22166
20.69706
18.49416
19.52506
24.25596
19.65877
17.30574
21.47495
26.23135
21.88643
18.37888
15.85971
20.93018
16.40547
16.93179
22.31258
21.19298
17.76036
20.20628
21.31433
21.29572
22.78682
18.80797
19.02887
19.9609
24.84809
24.96372
20.09802
20.35262
17.50545
17.43588
16.9306
20.387
18.25595
14.95136
18.77854
14.4815
14.09212
17.68398
17.00021
20.50513
23.01867
20.24658
20.95122
20.75103
17.71856
18.26496
18.74259
16.55292
20.82476
20.64059
22.52422
18.89805
15.37178
17.89106
18.43012
21.25611
23.52892
24.19855
21.66983
18.09239
15.79652
20.68277
21.99045
20.3432
23.66081
23.40021
20.43906
18.27448
20.01121
20.9071
19.07017
23.49848
19.93394
20.38357
21.90444
26.24661
22.68213
20.23776
17.71249
17.82328
18.12457
22.12086
23.31216
19.37879
23.97523
22.03043
18.14908
16.99147
19.30131
19.42738
21.10786
18.73943
18.84218
21.67168
18.88099
21.90302
22.25434
21.6008
17.65042
18.53391
17.34592
22.78596
19.28264
19.80051
18.6365
22.46221
24.94379
21.54783
18.68544
23.48179
22.93939
26.14742
20.27386
21.33038
20.6205
21.79334
20.17751
22.82913
19.88738
22.29806
20.47733
18.76424
21.20924
22.00761
22.48767
20.91448
20.90465
18.40278
17.1505
17.04728
18.48309
19.49956
23.77965
21.71117
22.36309
21.74857
19.33815
22.16389
19.49206
18.9575
19.41173
23.28214
17.91183
20.26605
20.84275
23.09901
27.37752
21.43326
18.16978
22.09905
21.04254
21.78899
16.74079
21.68724
19.19239
18.78911
17.56565
18.1858
19.18765
22.66824
22.37943
19.02271
22.68729
17.86831
19.51812
19.62963
23.54901
17.50035
22.08373
27.3393
24.1403
23.89191
21.39255
22.31485
22.27139
21.77355
22.24551
20.31951
23.13021
25.22425
19.59575
26.08077
22.55453
23.95262
24.13404
23.20379
26.16998
18.07555
22.05404
20.27441
20.15689
27.24007
23.4397
24.00984
16.67307
19.4568
23.27193
17.75253
22.41233
24.77749
19.88147
14.12723
19.0515
22.07404
21.13095
18.65566
21.12905
20.6966
18.77668
22.25898
