0.5256017
1.264404
3.926367
1.564647
9.199555
1.2174
3.017081
5.376825
1.291887
1.294423
1.991162
0.5058883
1.012152
1.466641
1.014737
3.460488
1.454437
1.443728
6.268389
2.142558
2.81832
2.676155
1.982618
1.366822
0.9387464
1.263259
2.411125
0.4840971
0.887406
2.010525
1.588282
3.380902
0.6794968
1.012839
1.235382
1.084242
1.982527
0.6561742
2.072457
0.5501334
3.676514
0.6404423
1.147862
1.051505
1.245379
0.9170683
4.501396
2.51757
0.8813843
0.6331581
6.12371
2.336994
2.493649
2.127691
1.563184
2.876022
4.873785
0.7514532
2.239055
1.331879
3.352302
0.8351779
1.791762
1.024973
1.540345
0.5320711
2.223849
1.03674
1.515265
0.9915142
1.46954
4.114128
3.373752
1.727465
1.005255
3.58954
2.067437
2.65733
2.032592
4.594618
10.1672
2.865114
7.362969
0.7836514
1.446751
2.327961
1.644617
1.602474
0.8605834
1.484207
1.372753
1.946674
0.7546027
1.205101
0.7593213
0.7471735
2.529995
2.66313
1.224454
12.25119
1.849385
2.293497
1.02141
1.559967
0.952359
2.521822
0.8935659
4.058374
3.968593
1.006809
1.320561
1.711218
1.828496
1.960934
2.185588
2.762169
0.4334615
1.859573
1.843471
1.679581
4.821885
2.18751
1.580367
7.846575
1.106557
1.605862
3.220561
8.482108
3.366762
3.161325
1.371601
2.465999
2.1466
5.266856
21.95143
17.71418
10.88139
27.18971
0.7551253
26.29054
1.237911
0.7159578
1.725447
2.129028
1.508313
0.7281219
3.556011
2.493866
1.191937
1.832509
0.5712682
1.749443
4.34444
3.369965
1.064871
0.9178447
0.8370885
1.221615
0.9798398
1.413377
2.143887
1.194118
1.150722
1.22102
1.285662
1.948412
1.614242
1.580856
3.006569
2.64736
2.204972
1.095298
1.201738
0.5613982
1.127309
2.035404
2.016897
1.188829
2.327754
5.348122
1.559672
1.181213
3.74651
2.678353
0.483691
0.624867
5.637921
1.226656
2.798007
4.156045
4.902262
11.40525
1.816856
0.9579846
1.477805
1.151238
5.421102
5.030089
1.98681
1.397006
2.505769
4.050938
1.380371
3.206622
2.20912
11.34551
0.9092523
0.8533243
1.112588
1.272302
3.403126
2.856743
1.133891
2.926548
0.7249242
1.224904
42.25774
8.156805
1.45308
1.5597
11.7935
1.292948
2.951342
1.008828
1.18621
1.294636
0.7965834
2.390753
1.833547
2.219988
1.25017
2.312396
2.097071
0.645205
0.5838182
1.252305
1.129388
0.734273
2.464351
1.100037
1.122638
1.609343
2.296674
0.9860953
0.6251566
3.890714
3.112691
1.538427
12.37548
0.6078436
4.573162
0.954928
3.941803
3.403767
3.998943
1.170444
2.515767
7.411737
1.38967
9.682647
0.9530435
0.7882153
1.431751
4.761898
1.407426
1.598386
0.4271491
1.313839
6.687678
5.316113
2.304871
2.106025
1.583395
0.5006597
3.770487
2.855977
6.152638
0.8226885
3.972964
2.430332
0.8495994
1.358203
5.47654
3.503837
2.656853
1.274752
6.1342
2.697769
0.7898787
1.562363
3.176949
2.212854
2.563218
4.027461
2.85557
1.869019
0.8182429
0.9085712
1.333788
3.759089
2.158067
1.051903
1.542354
3.636302
1.417688
3.04333
0.8085031
1.454627
2.954475
0.879771
2.678582
2.437184
1.147995
1.466473
2.01401
8.83295
2.437759
7.68564
2.555195
4.537018
1.923888
2.874308
6.109553
0.3424748
1.91293
0.9955667
0.8706279
1.15378
2.107132
2.028608
0.7825526
2.75846
1.486399
2.038511
9.876306
1.405122
2.088384
1.811612
4.744787
4.194914
0.9274418
1.516338
3.398443
0.8810004
2.453501
1.413849
1.072953
4.829008
1.692443
1.780141
1.514478
0.5318226
1.6561
1.156696
1.35559
1.372465
1.087009
2.287888
2.887993
0.8609595
2.133428
4.983415
7.604469
1.283081
2.134826
1.38551
2.27401
2.02174
1.161783
3.719568
1.8781
0.9954413
2.716626
2.148113
4.674998
1.318559
1.376967
0.6374146
1.758104
3.268009
3.213358
1.666821
2.080061
2.428026
1.173561
1.620297
1.189563
3.090375
5.416593
4.287693
5.958116
1.21721
2.50176
1.962913
1.296002
1.94605
2.025211
0.8253997
2.863511
1.961499
0.5481287
0.4751264
3.653463
0.7772712
1.10358
5.642498
2.437656
1.029116
0.6563725
2.117381
0.9518722
1.050754
3.330572
1.195551
3.358779
3.248253
2.486677
2.936448
1.83302
8.520956
1.348591
1.83941
3.018207
1.199108
3.216168
1.345189
12.65742
2.0463
3.049212
3.950841
1.710843
1.940397
1.564473
5.308197
1.752577
3.747277
0.7604903
1.27822
1.036463
3.02222
3.057489
2.246835
1.663708
4.754007
4.846487
2.536532
1.445017
2.514744
1.795786
2.775821
14.67321
4.255619
3.404945
10.86464
5.532034
3.289025
2.714598
3.713
5.564164
3.635897
0.7205514
1.616233
1.342589
1.498351
1.545399
3.093731
4.43861
2.816858
2.557601
1.373249
2.657521
5.026465
6.879828
0.8438905
1.998466
2.038857
0.7305934
1.352152
1.122867
3.885287
0.9791427
1.432646
2.11269
1.311265
1.950457
0.7092458
0.7672896
1.331286
1.695487
2.639757
1.039046
1.781509
0.8347818
1.312161
1.598213
2.392667
0.9257366
0.8468569
3.527171
1.357359
