288.9327
270.1735
470.7547
222.5188
228.7462
139.661
188.5275
233.4323
177.4657
233.6435
333.3682
332.5022
178.0866
136.6767
126.9535
208.1101
183.3513
145.5612
199.7516
366.0765
559.0815
202.499
160.7207
204.9989
661.3032
238.2168
340.4761
129.151
185.2581
406.4623
137.5464
159.5581
127.9494
453.7493
247.3965
289.7876
350.9106
339.1301
307.4214
332.7014
322.1252
240.6982
371.7245
132.925
624.8885
261.7905
184.322
389.9875
201.5152
523.2195
364.4063
125.0558
254.0562
253.1704
262.583
209.1462
119.9899
286.7272
223.8926
743.0096
266.7872
216.5148
269.175
328.1441
412.3498
152.0652
162.54
307.165
172.4953
162.5983
208.2591
290.1116
203.6311
129.8375
198.9258
167.4936
307.0789
276.5879
277.6832
161.8399
198.0808
420.1002
206.2019
180.5228
337.3379
403.4827
148.0057
311.2936
300.0174
470.3325
295.8638
336.4856
94.25972
67.33212
139.3319
166.6256
551.8811
378.1385
140.5133
184.917
95.73957
236.7976
143.0403
138.9247
263.7355
280.4133
168.1684
413.0614
124.4889
442.0095
226.2796
363.7621
257.3056
234.4786
147.1225
411.7523
191.849
345.474
433.1479
344.2904
548.1516
376.9665
239.6306
158.9694
327.4299
330.5623
258.4544
393.9116
667.3604
257.4235
232.2197
244.8679
138.7447
294.0116
253.4869
85.84913
370.2674
136.8966
162.1851
210.2878
374.8906
160.2364
352.2382
120.0546
321.0791
464.283
256.8844
291.6497
159.0514
312.3043
160.1051
148.272
148.4341
103.8547
167.2696
140.5581
232.6012
158.4942
296.3638
111.1514
270.7595
195.3982
99.20089
744.2518
177.2226
173.0536
249.2219
81.80015
129.0407
485.2071
607.5719
103.2043
416.7635
131.1616
139.1491
192.6059
216.9061
89.44655
171.5423
213.4207
83.07181
92.7295
155.0488
216.7877
127.9133
300.7478
141.877
153.9698
123.7163
232.407
155.0988
134.0203
77.9579
312.9504
200.2905
149.2103
199.7062
207.8349
106.7241
298.1356
188.5064
293.9649
312.986
568.6626
469.6571
145.3675
129.7272
149.6563
279.4747
400.4913
116.427
113.2293
239.708
286.2139
631.4226
106.4132
129.3286
140.8872
124.852
85.8949
75.54765
87.84363
83.64355
258.9307
156.1135
205.9441
117.3062
404.7256
206.906
98.60316
321.7115
88.82223
231.3556
229.7323
173.9856
111.3047
313.9222
138.687
148.7284
87.30278
246.2024
134.9605
187.4076
117.1015
157.7164
131.0267
89.31438
252.1199
111.2069
515.5017
154.2844
472.5185
446.9885
189.1036
135.2333
153.1686
90.90512
229.2238
169.2255
91.17047
110.1659
186.6836
188.7826
198.4383
112.8713
244.0426
203.8678
281.7322
167.342
452.6274
347.189
185.4465
200.0006
614.0318
143.9822
129.3298
85.87058
380.7131
199.4685
194.9551
114.0509
317.0314
214.828
463.8181
77.80746
104.2336
242.7091
167.3705
101.452
185.6403
165.5496
57.48644
117.9163
321.5476
129.9147
544.1279
105.6136
121.461
314.5244
568.2391
137.6053
194.8977
113.2114
653.4389
150.9167
163.6762
560.6577
90.84512
125.839
139.3816
370.5452
180.025
208.2184
200.6559
326.6121
211.5215
123.6551
246.6247
489.9117
244.9096
205.0933
128.7327
187.107
417.0352
133.6781
476.1989
381.7528
142.2823
330.4993
411.3914
142.0764
133.8231
190.6136
272.6903
92.23591
164.2596
258.3504
98.86614
264.8366
133.0131
66.30159
473.113
61.03429
119.6224
103.0061
85.29366
173.521
185.0406
167.0522
116.0007
159.3515
217.8353
98.73387
415.5086
184.666
216.8119
97.64677
119.214
148.3754
146.2012
181.6353
160.9104
194.3312
112.0729
218.6885
248.4208
175.0795
334.6306
193.15
186.6052
83.72943
170.0385
832.2532
114.7083
432.6618
92.73921
171.1591
589.9229
133.2705
191.2333
211.0015
212.7325
151.6473
172.366
442.5389
127.1708
148.878
304.5467
144.9879
234.188
391.7326
362.2107
368.6706
98.44403
245.9908
195.797
261.2955
525.7604
371.0055
1233.938
154.7035
171.2359
485.0044
379.0118
494.8089
323.2812
123.384
174.592
329.0929
316.3037
133.7778
179.6007
282.489
365.0607
102.5724
241.9826
212.6377
223.4088
665.3113
135.3888
191.6705
161.9578
188.4646
124.4113
127.5486
201.4428
109.9085
464.4109
204.0262
590.5026
312.0204
289.8088
172.9235
269.3186
293.8883
103.9271
236.5301
304.7131
363.7833
137.0741
143.2304
202.1726
412.898
335.8164
103.9541
300.5644
177.9164
481.7352
106.9724
170.0503
247.9537
132.8348
198.8583
216.6898
201.8144
214.7095
737.4554
224.8511
2814.283
323.0262
383.5609
266.0208
141.2754
166.3307
155.0341
193.6637
153.7838
432.0679
319.6216
103.8019
318.3474
280.0899
106.9239
206.1159
353.2818
137.3932
225.4199
273.8193
297.2323
207.7086
911.7819
317.8765
292.994
142.5011
138.4229
139.7703
158.9941
421.5622
100.0853
204.0569
295.9479
170.0869
917.1779
95.84692
127.3359
184.6702
152.7715
100.1481
103.9855
69.12627
