333.7666
229.6269
54.50934
57.80613
52.89363
54.01036
51.93636
54.21547
46.86596
57.16394
58.84654
51.36463
52.10696
54.57034
51.31225
56.814
53.47201
48.94647
61.34755
53.31775
52.79166
51.92652
56.99614
57.08436
54.0619
50.76004
53.1903
52.09157
51.81233
52.29517
51.88915
53.85126
51.77398
53.03308
53.91391
53.93494
54.46216
55.17167
56.01511
54.81455
59.11399
50.29117
51.20892
54.09013
55.86296
50.19853
54.28825
54.54071
55.53199
49.24084
52.60189
51.51387
57.42216
52.53826
53.46941
50.52625
51.47579
52.68012
51.39729
48.01012
54.42887
45.57159
53.89492
53.61972
48.46669
51.23864
53.81791
56.34054
57.25648
56.02051
61.09693
47.5474
53.4057
55.91917
51.14602
55.21178
54.97142
55.30584
51.0775
52.51973
49.8524
51.32635
53.38833
50.79937
56.03545
53.39373
49.07619
51.56634
55.71064
56.17099
59.51412
55.873
58.2569
58.05497
53.23862
57.42317
56.18756
52.96132
53.16255
57.61163
50.83752
53.7043
53.69867
54.87159
55.86085
51.7952
60.23766
49.89468
53.19309
54.42196
46.33692
49.55765
54.7415
50.06604
46.92059
46.31799
50.37216
47.16141
54.50342
55.86374
54.58222
53.30724
59.4291
52.46512
50.23962
47.33079
51.30595
53.26017
47.45807
53.84638
53.37823
56.75619
52.90293
54.18969
54.52678
55.14999
53.88059
58.37398
49.73587
54.46065
48.37545
47.16434
55.88127
58.07352
52.27587
56.41727
57.83796
57.03535
54.55035
54.45295
49.00117
47.48156
52.80472
57.78341
54.58997
49.21582
49.74454
53.225
56.62968
55.34927
53.73716
51.59793
50.17309
50.42941
47.48217
59.73456
55.56631
55.83608
52.21599
53.72113
55.79066
58.11817
47.40817
53.11485
54.98445
53.11575
54.56622
54.7719
57.62354
51.48115
54.78539
52.26712
51.43522
54.02923
52.42132
50.73514
51.10408
51.66391
61.11724
52.26892
53.98195
53.02723
53.53285
60.08611
52.2754
51.80923
54.17007
47.8073
49.6913
56.1681
55.78929
50.84528
50.48282
49.19934
50.66127
53.76046
51.97983
48.69953
49.35882
56.25647
53.22544
51.13798
59.97531
55.28142
50.35463
50.54271
51.10881
49.01269
49.06915
50.86154
56.66432
53.69777
52.05344
49.31061
50.02899
50.62817
50.35784
57.5715
50.55911
51.82241
50.99093
57.06347
56.3926
52.39808
50.7632
52.63852
48.04779
46.61931
51.11241
47.58568
46.42435
46.40414
50.7543
50.26415
54.14027
45.46471
51.5821
53.46851
58.92085
51.97989
50.17458
56.53919
50.55057
52.97466
51.10999
53.3047
52.51107
54.10799
53.50114
52.16104
50.08342
54.07913
52.59703
54.98689
49.072
59.56676
56.21306
51.65294
49.49138
48.52387
44.93846
47.38534
51.54059
55.94709
50.44416
47.30714
47.59695
47.18924
49.88827
49.55959
49.33663
51.76681
52.79855
51.88562
55.65886
52.83591
52.36618
56.54237
56.7215
59.47441
54.96399
55.78251
53.82859
53.8636
53.43039
54.6712
58.74101
53.97298
52.72121
48.11595
52.89
53.2442
57.90902
53.2895
54.51209
53.70893
58.85515
52.80866
57.52162
56.38878
52.61032
61.15683
52.9159
54.79227
52.5833
53.00571
56.1749
50.80579
49.84188
54.67592
52.09393
53.80608
53.3295
49.6292
52.1068
48.61632
53.83308
55.22425
47.57783
51.6249
54.08426
51.98935
51.84567
55.67705
45.00449
48.59267
47.87485
54.47623
53.62666
53.89092
44.70636
53.20209
59.82609
53.33852
52.55854
56.86296
49.93492
56.16316
54.77976
51.07915
48.30402
56.10152
55.22932
49.9137
58.65863
54.03714
50.18258
50.12364
51.5237
54.21503
58.8834
58.95705
49.44339
51.73802
50.94286
52.09256
51.59843
48.81838
54.77576
49.43277
53.73606
54.08017
50.0185
53.00517
53.17856
51.71159
56.25632
53.30088
52.68312
52.58686
56.05066
50.25166
57.36308
50.11283
51.86702
49.94987
51.95123
50.49359
52.377
59.66026
53.93307
59.13945
49.58476
50.52503
54.42694
53.92588
50.00143
60.40976
52.90833
51.68791
56.1593
54.7205
55.20304
60.09018
54.76145
47.16009
48.25703
48.8557
48.98611
48.64942
50.95498
51.90731
47.8745
46.45466
51.82422
53.07981
46.8921
54.64392
53.96109
51.02848
54.02331
53.8022
56.97913
49.64811
53.64003
53.49096
57.79561
47.46246
49.74225
50.21172
50.34416
48.7296
47.27854
51.93123
51.24915
52.71616
53.90001
56.95224
54.54001
51.50887
54.34384
54.55387
58.79784
56.93974
55.87639
51.57148
56.45133
56.45684
59.89755
49.40385
52.42539
51.08078
48.81047
56.55381
55.46406
54.79156
54.75008
54.65649
52.38076
48.10423
49.59084
54.19531
52.70607
57.14834
54.14925
52.3032
51.16671
54.89879
56.58068
53.86216
54.78191
59.88977
53.87261
58.12254
53.95511
56.98509
62.00634
52.08438
55.99893
52.37207
57.90871
46.53134
53.66925
57.74183
48.73756
53.9725
55.09818
58.64911
52.42013
50.39154
56.25288
54.1457
55.43562
52.52565
54.34176
49.50416
55.37842
60.19025
55.98771
53.19494
