242.9445
232.7012
189.1741
211.5902
160.0159
152.6709
121.0474
117.7148
150.7322
108.1011
145.6818
202.0871
235.6225
256.0725
272.0137
348.4945
309.536
268.5817
349.7917
330.4895
278.4881
276.9558
244.6695
268.1236
275.8798
325.1255
415.8895
447.2022
423.3981
389.3923
367.0261
367.598
239.6052
186.1096
145.4293
140.0765
185.7196
147.5627
167.0226
160.7974
195.9342
175.1676
183.4585
190.808
187.4323
170.1276
187.1524
136.6379
190.9423
254.8588
259.4743
233.7107
230.8028
225.1536
281.4146
278.7961
274.2262
275.9233
289.4257
303.723
256.0237
221.0947
276.2974
235.2852
245.0779
229.4537
228.7323
207.9803
195.3861
156.572
143.0003
216.0182
210.0557
206.1191
225.292
231.9443
200.0069
240.0524
280.0866
348.9417
280.8427
277.5728
207.3632
136.6553
146.5502
111.6947
123.8714
108.1477
116.9534
97.15521
93.01476
111.9735
182.9256
164.6769
186.745
244.9797
381.6778
335.7365
269.9036
282.7523
219.8479
258.1104
225.6232
274.9051
303.2872
234.5843
270.763
382.4042
416.1492
468.1265
520.733
714.3742
524.79
477.0403
514.5192
465.2904
435.4476
386.7874
254.5007
181.276
243.4719
233.6259
255.6377
267.0519
260.3842
273.1449
331.423
241.8188
183.6089
150.8097
128.4233
223.3065
189.5457
167.4782
115.3781
156.5043
162.2551
204.6481
219.3309
276.0245
238.6618
251.5049
178.6302
173.6578
193.8036
181.2955
205.2706
277.1524
268.6918
307.5224
355.9485
404.8446
431.708
418.6458
338.7757
367.7566
425.6441
310.7758
318.798
329.608
356.425
461.1294
444.8066
444.982
518.3344
347.2934
278.979
224.748
225.2503
231.9061
174.3684
202.7774
197.8771
179.1368
177.7104
200.9689
235.0321
194.663
239.7251
245.4896
215.1784
277.3327
217.4136
280.069
284.7672
211.1443
231.4164
176.6226
183.8354
152.3092
127.863
139.2024
165.0178
170.3465
143.8388
189.802
238.8116
249.4785
256.5638
312.7534
346.9793
372.7863
457.5462
373.2987
308.0101
423.3837
326.8608
308.8388
227.0237
237.104
237.6324
275.0688
310.5248
320.678
367.2758
360.9242
397.854
351.9986
504.4116
652.4803
475.7566
435.6658
380.1757
481.3842
510.9865
454.2015
515.1789
444.5793
380.3006
281.691
254.1121
234.4024
191.4875
246.0916
302.6637
286.3275
370.8101
531.4397
344.9616
504.5784
617.7234
614.0348
379.3618
476.9647
396.0981
380.334
344.8052
340.8364
434.4501
432.3142
449.5644
505.4775
459.1188
578.9398
508.1721
409.2482
467.176
322.7394
321.6297
386.062
276.5308
257.0839
252.5944
323.5465
212.446
187.6867
221.8949
294.459
417.6864
426.8293
559.634
541.0145
684.7656
588.8178
563.6261
643.9979
791.1053
623.7097
643.2404
497.6113
441.279
395.8375
376.5282
296.3113
307.2762
374.3861
347.4807
317.791
286.5645
237.9578
256.4018
255.1441
257.7875
255.6946
214.9978
196.7611
274.0856
389.3002
306.2321
331.9147
323.069
349.0511
292.3929
219.5775
235.5654
216.4216
191.5775
164.4963
129.1187
141.2049
162.5785
207.5135
225.8852
239.8509
235.6682
258.4281
313.871
382.9447
404.1672
295.8765
328.5809
331.4013
249.3289
322.7185
333.4491
381.2237
338.9393
326.1573
366.3449
358.7809
397.696
409.4829
503.6178
418.2412
450.1953
498.8321
444.8858
269.0201
277.3488
289.2808
241.1863
146.4578
170.1556
155.398
197.0143
286.3419
198.4529
216.1197
284.2385
306.3765
246.5557
232.4349
251.7432
220.6689
215.5246
237.6802
256.8521
263.2825
393.8303
423.7182
514.7367
297.114
276.9817
277.5871
312.8596
316.8515
278.7241
330.9772
382.376
364.3632
293.3588
370.4588
445.529
351.2878
277.4487
223.5004
254.5816
245.9035
188.9799
206.9568
211.4535
238.7874
327.3397
287.0972
237.0873
250.1119
254.0309
227.153
235.7346
311.9188
307.7667
377.8997
408.6063
389.8774
307.3264
294.7808
403.0379
367.2877
364.7068
387.8888
293.7295
360.6171
451.2664
314.0303
369.4184
349.008
426.5649
453.4679
438.2196
316.2312
314.2301
434.8651
679.6133
771.536
545.9508
637.7383
665.8469
619.8405
446.9671
435.858
497.105
308.1
241.6462
279.6874
296.5141
289.2517
398.5725
488.0922
412.6805
451.5882
407.1497
530.422
424.6397
409.3147
275.4543
208.6013
205.4451
198.609
179.5711
213.2532
239.6155
254.8371
298.2168
302.053
217.9657
276.6998
223.1766
244.5183
254.0129
257.8094
341.781
428.0986
343.688
341.008
282.484
274.173
235.6732
301.2199
276.3105
248.1403
215.6547
198.7091
251.9265
216.4371
255.4094
174.1431
256.8617
225.8744
264.9839
252.3723
238.961
219.0075
191.5407
155.1643
150.645
187.2809
157.0756
147.0613
155.4609
141.5636
163.6994
208.9415
293.1092
263.9809
346.374
306.9673
257.8
172.4411
165.0953
135.0933
186.424
208.5835
179.6566
187.8947
190.2844
209.7322
193.8219
185.1588
208.9557
298.6721
