62.49354
83.21931
83.65872
94.98343
103.1442
88.29117
78.69065
100.8547
98.72997
77.63899
85.89081
82.64706
78.69418
92.17037
80.81617
74.87251
92.5059
83.81475
96.25605
79.23145
80.03095
88.65955
77.70055
88.55138
75.48388
94.11196
89.69235
85.1373
83.41839
80.93262
88.70722
84.85683
71.65069
84.19127
73.85328
80.02668
80.05553
80.65579
94.38723
90.87163
85.91257
94.69106
83.90063
88.08585
83.04805
78.16136
91.65279
80.68015
88.40833
88.12338
79.29922
81.82147
89.72361
82.32024
80.40916
85.37971
88.52144
87.33531
77.07618
71.71155
65.45715
82.16391
69.02435
88.73669
77.60261
89.67693
96.85549
80.07423
84.57193
77.21115
78.29758
89.18295
83.11494
70.48135
85.7309
84.61848
83.44276
90.36704
93.18902
87.80777
86.75689
94.21449
91.69628
77.82166
86.23529
90.69121
88.56924
95.4326
96.836
79.8313
85.93685
73.99704
88.50875
70.34849
80.57794
80.71213
69.66005
68.64403
85.64303
79.50683
86.939
75.2266
77.55674
71.71237
66.01595
78.38434
75.44004
74.82958
74.31172
65.46445
76.35325
68.47677
74.08364
71.65923
72.54459
61.29815
63.90127
71.68853
60.52059
67.00702
59.29314
79.42325
70.70889
69.83237
69.46298
58.50487
61.39277
62.57174
59.53789
64.10027
71.06952
68.60747
78.9934
84.62385
80.34985
72.17771
74.27294
70.04739
67.24738
60.73923
68.95702
67.70484
73.55483
77.59401
69.26343
72.44346
63.13401
64.81046
59.93866
72.2703
62.84105
64.57308
55.5447
74.55602
74.40398
68.25792
72.98232
74.86272
61.20951
67.46118
74.05907
56.59202
70.28692
62.10646
62.09507
68.43825
63.15047
59.0662
66.3315
62.88352
56.10297
74.36601
57.8663
61.60062
64.59681
72.63406
66.39837
75.52518
79.79372
76.61309
67.0374
66.99204
64.73698
68.5049
59.17997
64.90656
60.71806
73.77437
65.98666
68.8967
66.8054
73.43613
60.99344
57.88945
58.44034
65.70115
70.98341
63.52004
60.40757
66.54502
69.02002
59.3882
67.19088
67.13341
63.70001
71.59341
61.41943
66.89142
58.78411
62.35125
49.89666
69.36237
53.871
68.79977
68.97675
68.02526
69.07422
67.11555
67.10449
70.32737
68.87222
67.42417
60.58714
67.41734
63.92199
62.01623
70.80937
57.66664
75.67268
68.40596
65.62155
54.50788
67.19815
64.1805
53.42821
52.52192
61.23003
62.61845
70.07283
57.47774
52.284
56.22638
56.79163
55.24249
56.83358
64.43534
63.25381
62.06551
60.27891
60.57047
54.93054
60.94776
55.37279
60.38408
62.92021
63.70987
62.91958
74.37449
60.112
59.30377
64.78985
53.90385
59.16514
69.70256
58.36367
65.4634
67.53792
65.18655
57.32683
57.45045
57.60246
62.4081
50.90775
60.59477
65.98495
58.37781
59.87603
55.97478
62.91995
63.03111
56.74393
58.64587
53.67005
58.32712
62.5121
64.39041
49.11637
56.46125
55.20675
66.99842
55.48344
65.74619
65.40055
60.16133
59.02898
59.58749
66.11643
50.90102
51.01543
59.15796
59.63171
69.99073
75.24378
64.2846
59.97585
61.80406
53.01809
57.55745
83.08559
64.34684
56.08875
64.2241
62.74477
65.25182
61.02451
63.16995
73.72648
63.81099
61.01939
62.01267
71.57459
60.19641
68.95324
68.66436
79.46798
74.55608
54.44086
76.17514
66.48432
66.01626
62.68675
68.91121
60.61714
66.44905
73.28901
56.28439
72.92481
63.96448
63.32578
74.65522
57.3871
59.86683
67.6998
68.26155
63.08919
64.00268
49.33206
58.68795
69.88391
61.03746
66.33008
60.28329
66.80853
61.97256
77.27541
62.38467
65.0471
65.98182
73.84833
72.50178
69.78793
64.8107
63.41856
59.98454
59.57864
60.65292
53.35184
65.65368
57.56679
64.93829
53.2241
59.70401
58.97568
72.66566
57.88799
66.40231
67.47238
58.34489
66.44261
59.40444
72.50034
61.5879
68.91095
58.98829
65.20162
67.58854
70.41273
65.86262
65.88351
66.32172
70.53534
59.10622
82.42755
66.85013
68.54613
76.75535
63.47192
55.2944
65.26121
60.28725
57.93621
73.16882
67.68111
69.26182
68.73755
67.94409
62.48438
64.43412
64.02153
63.45414
66.16102
62.51899
58.29894
57.70208
64.6628
63.78789
70.795
61.40309
74.09336
62.50348
59.31546
73.49484
65.92707
60.5721
63.30674
67.86917
55.47324
62.22196
73.32744
71.13467
73.18101
57.4296
56.55363
68.74413
62.79623
66.9863
67.0507
63.48655
57.43006
63.80561
68.02232
56.69742
60.30694
61.07409
58.84275
61.24591
63.79313
62.3711
60.07995
65.31005
78.41448
62.71526
71.38759
74.42942
60.15518
58.36373
65.39931
56.58739
72.14923
70.1778
66.35675
64.79803
68.9424
57.11769
72.78075
62.35713
59.87555
55.71479
55.87289
61.7101
71.11089
59.35903
61.80285
61.44535
55.09742
66.81908
63.73541
72.80351
71.06315
58.22844
56.73432
55.62284
61.47257
60.04289
61.14942
76.00118
56.52652
70.41033
71.66988
65.21085
58.25414
54.71483
65.92493
64.61277
61.15053
70.78354
64.5231
60.6628
62.97315
75.12442
