57.7797
76.31905
73.48951
82.11907
92.08561
84.17519
85.33943
94.1523
95.24748
121.7573
121.1463
112.056
134.0873
160.4054
205.5624
170.8385
247.9589
162.0792
153.9918
175.6026
113.6541
143.9763
179.5336
147.3906
106.2458
117.3149
100.1799
82.01302
109.8104
151.6824
186.732
160.7772
165.1486
166.5667
192.7846
207.5854
154.5016
148.1094
210.1434
182.0503
169.4669
228.1836
224.4238
206.1823
199.5416
187.8724
220.3251
243.699
227.4989
283.0714
252.8643
235.2651
328.9903
447.5155
381.5873
277.9791
330.3937
246.3172
233.0085
319.6517
338.2272
366.8494
509.2732
631.3684
682.1934
498.0096
597.3217
502.7062
503.395
397.3967
402.3031
217.1182
183.551
149.1365
146.7586
178.0575
128.0241
163.4693
120.8492
130.2505
177.7012
144.8282
187.2639
241.2286
264.5221
290.4822
385.6214
424.3365
425.8311
585.3698
1058.195
1100.053
1325.687
1530.749
2104.642
2483.018
2811.485
2989.998
2590.879
3338.773
3356.292
3753.013
3814.839
5612.452
6841.723
7884.822
6910.697
10829.86
11646.9
15206.58
24100.51
24925.24
26988.48
27335.68
37071.12
46434.36
52236.92
43296.14
33937.85
85890.96
166947.5
159514.7
133867.6
148587.6
163433.5
140328.9
158232.1
125195.3
121445.9
105748.5
58420.5
69556.28
71849.53
84425.91
116260.5
159117.6
235476.1
259090.4
234117
248427.2
237826.6
192112.5
186588
160802.7
191294.7
206832.6
253461.4
234815.8
170375.6
263803.8
254452.9
313692.6
355745.1
315024.2
247480.5
307888.2
392105
381180.4
582717.8
522876.7
478854.5
340087.6
319992.5
324251.9
355092.9
380610.6
327419.9
253506.7
327027.2
331904.8
449558.8
370359.9
294525.4
294930.9
260930.2
302903.8
237075.3
201119.9
189060.7
268993.9
274924.3
247948.1
274818.9
237519.4
248819.5
202518.9
159534.6
222356.9
186490.7
200338.8
182579
132194
107218.8
92206.29
97111.49
123291.3
156887
181520.2
217962.9
238748.5
198753.9
160003.3
189872.7
147881.4
245756.9
357436.2
379614.5
383215
377036.3
526205.8
485777.6
464241
416286.1
366469.3
384822.3
370130
330852.9
490867.6
537199.6
497690.9
461452.7
473318.2
474300.3
447874.4
596700.4
512821.7
563916.1
518250
413817.2
477415.5
558437.8
741206.4
531462.5
573702.1
617857
854746.3
768186.1
781075.1
490632.5
521334.2
635721
866126.6
826980.6
683654.3
518929.4
496422.4
598065.8
752220.4
781520.6
855506.5
926293.1
709837.3
708393.5
941603.3
1362110
1384053
1226753
1136375
966740.8
1108741
1190600
1084267
861900.1
800833.2
839418.8
648872.7
549698.3
658341.2
669029
555360.4
676816.2
660661
762486.6
553205
616406.1
557860
513716.4
527496.9
508206.8
566455.5
509971.4
486921.1
545079.4
590982
733983.2
1050848
820097.8
812382.5
984224.5
1205091
1431506
1224369
1048179
657362.7
781920.4
1042761
951851.5
1141404
1066779
998150.7
893192.3
773662.6
504723.7
404578.3
357672.6
323604.8
404583.8
365238
308330.1
375784.3
342534.2
457199.7
505248.6
560177.6
428631.5
353886.5
423464.8
428373
462562.9
480727.8
552818.7
588395.8
707198.8
617374.4
681023
834430.6
731674.5
866049.7
805867.3
660898.5
396896
386512.1
489258.2
395531.2
448698.6
487446.4
444664.5
433764.4
365074.9
443818.8
466806.5
421243.1
474940.3
485220.4
391486.7
442144.4
452622.6
463550.2
409122.9
480637.9
451479.2
404286.2
459038.3
341371.7
379951.8
392456.6
408778.1
359141
374700.6
392971.4
283047.5
383406.1
323775.2
436791.7
362329.1
388455.3
407253.7
538640
475234.5
484088.8
438854.2
447343.3
513621.7
464507.5
471059.9
462483
366318.2
228008.1
197366.4
211964.1
284685.6
221255.9
221334.8
221837.8
282929.1
311124.9
326860.4
323247.2
295811.3
247074.8
253222.4
201912
202382.9
215215.6
234274.1
252159.2
269631.8
313467.6
356841.1
406906.4
463506.6
328046.4
353218.6
397940.9
285305
231649.3
241144.2
342667.4
422237.2
359909.4
270189.9
426860.8
371709.2
225062.3
243842.4
234517.5
223197.5
316410.6
278873.9
230588.1
177145.3
159891.5
189564
206764.6
258716.4
265521.6
301507.9
267471.6
329943.3
326286.1
343209.7
345471
509975
471287.7
601095.2
500170.2
612106.1
646017.9
884790.9
811684.5
625831.1
737115.4
685849
824575
770436.5
788476.6
1011635
1133108
1167806
1084770
948124.2
964475.6
711701.6
681950.7
842520
945371.7
636871.2
744191.2
694886.5
637427.1
579965.4
619836.2
624576.6
518081.8
460082
513916
784522.2
631879.3
581456
478510.7
618357.7
756942.1
546593
556506.3
575247.4
666494.6
638935.1
720236.3
624978.5
729774
821333
717912.6
1048636
877598.5
709036.8
740569.7
878484.6
548765.2
691559.4
667390.4
642123.3
596936.4
503652.5
511115
399909.3
338011
514288.4
457786.8
452104.5
283412.2
