192.3447
183.8793
132.3318
151.8452
184.1608
202.5167
206.9284
210.8698
231.5388
265.9265
235.6631
286.3844
221.572
195.0617
199.9932
190.0638
225.0952
212.4281
175.4487
179.0559
168.3216
182.086
212.4927
182.7971
189.6355
171.5647
198.2519
133.4933
117.714
112.0647
130.5678
125.6308
149.1376
135.5867
165.8757
205.865
187.265
200.759
204.9855
232.7771
191.9087
194.6852
244.7446
264.0196
306.1809
364.4826
523.1276
438.0621
379.8118
497.2899
428.9304
379.4008
324.1854
275.2588
268.5256
191.7998
177.6763
201.5086
211.1051
148.5691
134.0464
197.1956
144.7027
148.7247
131.1361
110.7087
81.91465
112.6147
104.6405
94.27685
87.65121
124.6361
115.4878
83.84977
64.64704
73.18355
67.32063
105.2235
121.2941
83.10129
108.1816
142.0432
128.7203
82.57444
144.8979
152.1801
140.9277
180.1028
215.3861
249.7067
299.4871
327.8961
384.143
417.9499
341.2082
287.2562
229.9522
259.1007
271.3635
188.7069
202.5584
173.0731
170.1471
155.9507
149.6122
119.8671
150.0812
133.785
151.5903
154.9791
136.9892
111.6108
156.17
120.0288
121.4717
114.389
125.6014
168.2113
137.2399
171.1015
175.0391
213.4509
203.2813
161.6147
155.7111
167.5335
108.9201
131.917
124.7266
100.247
75.77732
63.57118
72.83068
74.64897
99.95698
97.69274
134.6894
147.5718
182.6887
137.8714
124.8981
132.6714
174.7866
267.5436
183.3969
203.5778
195.672
196.362
266.6711
292.3246
242.709
189.9783
139.3554
124.4237
117.1581
88.58576
94.4834
94.28311
87.68632
98.9638
97.95063
101.6953
104.8351
101.7504
82.09669
134.5887
169.2171
218.3971
208.8489
226.9245
191.313
159.2788
165.5064
142.471
100.1063
105.4011
105.8076
142.8966
131.3765
140.6935
190.0505
194.8781
150.1134
179.8066
225.4765
344.851
407.717
275.7848
344.6518
291.0849
283.0975
281.4357
232.3015
252.119
235.603
292.8922
298.5802
296.7065
406.1066
554.7802
520.0043
561.9663
676.2853
587.196
488.2967
388.7012
386.5434
288.2205
267.3273
297.1191
251.0473
287.2642
409.3731
620.5046
509.359
539.9207
701.6251
830.6641
682.4418
498.2413
536.8165
550.4826
606.7645
473.3881
520.7995
493.5385
520.6931
574.079
718.043
1105.765
807.8401
734.9626
579.1635
574.0877
628.5957
789.2954
784.456
783.8942
762.3651
821.8958
676.8982
724.4246
407.4735
382.916
342.3687
452.2773
472.5361
326.1212
490.2707
595.7414
590.4944
751.6183
645.4874
635.2441
613.4786
613.08
593.69
822.0467
635.2399
515.6208
489.3072
347.552
313.1204
381.9254
268.1388
296.6764
309.6436
256.4936
366.4167
264.2235
328.5221
281.7701
338.8023
361.7903
413.7487
298.9472
393.3576
449.8723
395.1231
371.3144
425.9354
392.679
376.0313
495.7731
565.863
641.5116
691.1509
634.863
644.7082
617.1288
847.6167
1068.089
997.1586
905.6895
869.6486
559.3376
629.1065
561.1886
467.2373
528.5835
522.2642
596.027
488.8741
709.3117
864.4955
802.7071
693.638
1042.99
815.1491
762.9726
920.6593
992.8596
926.1729
775.4609
415.4459
349.5021
358.5617
248.7652
202.5456
163.7652
135.5516
201.582
196.8909
148.8215
123.6241
93.50236
77.74408
89.22035
104.4327
153.4431
180.454
156.1612
123.3405
174.6292
190.8488
134.5671
84.31447
74.37344
76.01822
70.67354
111.0697
139.9901
151.2348
153.2583
117.8417
223.5343
196.1979
147.8747
151.2595
161.206
140.3243
142.8448
173.0726
194.4112
256.9807
237.918
137.1399
125.3013
119.8217
141.8877
195.1065
206.7768
224.8601
196.7703
149.324
161.618
150.1525
170.8817
165.517
142.8839
120.248
174.2253
235.8352
202.6665
274.8512
305.1915
326.5179
322.193
299.0844
228.1734
151.7602
136.9489
126.3122
168.8234
206.689
215.7653
205.5367
269.3896
306.6792
257.6285
318.3107
292.89
234.6413
204.6424
206.725
221.9438
324.8084
270.7686
256.7366
293.9635
238.0636
332.5895
267.8453
297.8557
322.8522
520.6769
486.2576
468.6469
441.6945
501.1857
511.1991
545.999
452.7082
457.994
425.3102
363.2875
270.9823
217.7743
182.8792
174.3317
192.8869
245.2607
313.0674
296.031
323.5886
270.8045
311.763
253.9398
284.2379
241.6847
261.5815
238.3982
219.0857
241.0077
166.9999
150.9606
141.8797
108.2132
135.0437
117.3292
113.0484
146.163
157.5316
148.191
134.3863
116.3023
98.44635
100.3394
107.4182
165.5725
146.8516
199.4783
193.7796
167.2716
134.8228
126.232
158.4678
161.4528
161.8145
155.9885
211.2135
158.2565
160.7213
163.2261
163.8245
141.1165
153.0401
119.295
116.3565
200.0402
195.7776
232.2536
299.1729
316.1319
403.7462
332.5225
415.2963
319.6325
354.0121
309.7111
285.6782
276.3346
215.5203
174.3212
204.4195
216.0713
250.0152
217.7678
203.9582
187.6467
215.6551
253.524
228.3809
254.8542
340.882
206.8397
163.4907
185.9863
201.2008
259.834
