2.66159
1.160331
0.9262546
0.6945211
0.8557499
3.486182
1.261077
0.8658227
0.840288
0.6883326
0.9889696
3.776141
1.248143
1.038082
0.6526203
1.208879
2.343747
1.166327
1.254644
0.8801022
0.7779252
1.696726
1.051594
4.456606
0.9906256
2.900407
2.004114
1.390002
0.851696
1.043596
0.6070971
0.8455596
0.7652301
3.019006
1.144229
0.8966707
2.332898
6.654921
0.7156408
1.095484
1.795015
1.481507
1.488554
1.46441
2.332031
0.7321243
0.8574454
0.940997
0.9355957
0.9185798
2.257122
0.6766932
4.821134
2.088359
0.7754365
0.6583494
0.9847696
0.8580737
2.768488
1.614011
2.147066
0.9204448
0.9338328
0.9506873
2.219796
1.115681
1.273489
0.9436698
1.162092
1.396695
1.218186
1.464476
2.241545
7.213583
1.487594
2.506556
1.288851
0.7549877
0.9208954
1.375791
0.9624421
3.296411
5.571297
1.605566
1.766328
1.83065
1.048092
0.7563268
2.633163
0.9505428
0.796602
1.746996
1.382675
1.821866
1.283593
1.143025
2.52828
3.614401
1.382836
1.114008
2.136837
1.072849
0.8861352
2.293314
1.371518
0.5081398
0.6840321
8.543112
2.205954
5.099489
5.88221
4.601869
1.597353
1.356399
0.4476003
0.8410257
0.6859254
3.401783
2.726847
2.151044
0.9742273
0.7120167
3.313104
1.321734
3.197848
0.9829482
2.096389
2.078669
0.5627623
0.6051797
1.325548
1.17572
4.203643
1.157727
1.782629
1.021272
1.695337
1.084451
0.9890801
0.809573
2.878229
0.716734
0.7483497
0.8447997
0.4485323
1.299946
1.165938
0.4822182
4.402551
6.114937
7.224742
7.122644
2.791727
4.705911
0.4888435
1.55678
1.19921
2.760552
0.610421
3.837348
1.798329
2.431324
2.863969
1.546242
2.912233
0.9058525
0.476367
1.594822
1.197642
0.7581965
6.875811
1.869191
4.667893
5.193229
0.9535202
1.695352
1.088905
1.528849
0.9830052
0.693345
1.376346
1.508666
2.210472
0.959271
1.696042
1.687555
2.076919
12.35189
1.054319
1.036294
0.7312721
0.6565359
1.333671
0.606719
0.8949194
1.545844
0.9850239
0.7727199
1.193867
1.498993
1.340854
1.085051
3.988935
0.3924383
0.7240945
0.7194259
1.186535
0.5387627
1.302831
1.146466
1.544836
1.180686
1.719731
1.052281
3.316068
2.710244
2.100843
1.012655
3.451263
1.920835
0.4727826
0.9467786
2.056951
0.9547147
2.680833
2.045556
1.592031
2.575032
4.872789
1.710389
1.601424
0.7139064
2.018263
1.555141
0.6498861
0.9734012
0.9521665
1.135126
2.369009
0.7207602
0.6927342
0.534538
1.0969
1.292057
1.893196
1.458521
2.226064
1.185559
2.901756
3.1999
0.6042056
1.754495
2.211324
0.8637531
0.9719662
1.906915
1.44992
2.18111
3.326337
0.6957598
0.4950747
3.56951
0.9366641
1.202344
1.715159
0.5854072
1.116054
1.576435
3.624409
0.8077884
2.262035
3.068025
0.746533
0.9181498
1.361193
1.315231
1.640104
1.046525
1.708473
0.3936722
0.7078617
1.786438
1.447492
0.878952
0.8406963
0.6379074
0.6558219
1.944637
1.342562
1.085423
0.5956994
2.57001
0.8809839
0.7065937
0.3606059
1.530032
0.3108662
1.523329
0.7440951
14.0596
2.931715
0.5454391
7.867298
1.440293
0.6607572
0.8653594
1.904043
0.6277492
2.209919
3.727778
0.8657092
1.573595
2.820804
0.8923738
2.087149
0.7449205
2.330299
3.0839
0.4194323
0.8394039
1.268077
9.472871
2.123541
3.049693
1.686364
0.7325617
0.8139752
0.5055402
1.468136
1.367503
1.393234
0.6186519
1.271437
0.6362284
1.139405
3.058815
2.69147
0.5012329
4.266801
0.621609
0.8091948
1.08335
0.6224321
1.154313
0.6254085
0.7718076
0.9407135
0.5926858
1.049297
0.8719159
1.030749
0.8586733
4.382874
1.182033
2.524428
2.724325
1.040056
0.5975464
1.455213
0.4447239
0.8790608
0.6628166
0.7119441
0.7561497
0.6070021
2.406626
2.422471
10.85058
1.922998
1.944519
0.9269673
7.925704
3.518554
0.9728162
1.805858
0.886881
0.7598867
0.8746148
0.9752248
1.591837
1.462446
1.676224
2.575939
0.7625254
2.492333
6.007318
0.7023808
0.7425247
1.28537
3.821549
0.8600708
4.809355
2.363548
0.7236675
3.796436
1.816486
2.837907
1.531989
0.8115389
1.107586
0.5794612
3.341608
2.116885
3.031245
0.7664467
1.067757
7.653153
1.853804
0.3155047
1.171161
0.7730657
1.130419
1.019152
1.350933
2.544606
3.156644
2.970017
0.7106633
1.520296
1.373
1.062464
0.4635192
5.960684
1.396413
1.105411
2.497378
0.8238101
1.53597
0.9094344
1.359312
1.066541
0.9246629
0.9806069
0.8391696
0.3067835
3.737507
4.306472
1.369162
0.7180769
2.424116
0.4036567
0.7324626
0.7350318
3.316794
1.349317
1.822838
1.129461
1.863194
0.7382553
1.804338
1.160749
2.766451
0.8233464
1.067029
2.109675
1.006216
0.9440202
1.052364
2.915927
1.63306
2.251016
0.8500341
1.725391
8.165828
2.599179
1.105761
1.129564
1.150485
0.9152538
0.7281004
1.608917
0.9886015
3.26387
3.329588
0.9108451
0.3204225
1.107714
1.139341
1.718862
1.925908
0.7081632
3.484144
3.968152
1.613947
0.8258947
1.158176
0.5467452
1.583767
1.929601
1.576408
0.8655679
1.416891
0.6851599
0.8485741
0.9239821
1.079629
0.5000597
1.769143
1.954092
1.755173
