27.98466
27.50135
19.1412
21.35579
14.98931
12.74572
12.55095
15.32062
16.48897
13.54832
22.45118
26.15088
23.06642
20.98608
14.60938
16.02471
14.09494
13.24988
14.90971
14.40579
18.55378
18.80252
18.25455
16.86502
14.76678
11.04635
15.85286
19.90639
16.58556
13.40834
11.36051
16.39603
20.03466
16.15505
17.21402
12.71169
15.41446
8.769639
7.830188
10.61738
15.39719
20.19922
17.82622
15.60912
11.87218
10.20157
9.711654
11.74136
13.128
15.83098
12.3421
8.564608
12.79496
16.63718
19.38653
23.83316
24.84065
22.12727
11.98322
16.87707
16.43924
18.48712
18.58619
11.49141
12.16402
8.633846
10.16982
9.482609
11.88061
13.71789
13.27993
9.920457
10.26966
7.917855
12.08995
13.87781
11.53249
9.730604
8.548012
13.89519
11.36904
18.41493
18.25957
14.18776
16.24832
11.57393
17.47285
18.46214
13.99593
13.63429
16.80146
14.31177
19.04889
18.96065
18.51932
9.666101
13.96799
17.91136
17.58266
17.29141
18.44162
15.63485
12.41139
16.30561
18.46986
19.76925
14.67106
13.32964
12.61973
15.47789
11.19529
9.023888
13.69593
17.7246
14.91534
10.67912
19.04097
14.19519
17.92712
12.19649
13.64745
10.14407
15.82181
19.87438
12.13819
13.88312
11.17582
13.38257
16.9771
22.35076
18.88113
14.71426
16.49357
16.54412
19.16785
22.20897
15.56823
13.04966
13.02653
13.70548
17.30419
13.97154
15.46033
10.23978
10.9097
9.903073
9.148025
10.32133
10.86756
15.9513
12.45817
8.901414
10.40567
12.96635
16.3864
11.74625
15.61563
10.90056
10.01483
15.85569
12.0039
14.49811
28.58875
21.61922
20.3167
18.6382
13.24171
14.30101
16.75015
14.64376
13.52122
9.203967
8.905891
13.1168
23.35827
13.7866
16.24332
12.96026
19.59657
15.4335
13.86801
19.47747
18.21211
18.41048
11.9021
12.97452
12.07277
14.6788
13.23224
20.03353
19.11075
19.1352
20.26633
18.93536
22.46492
20.85623
19.94165
17.66524
14.01635
15.73867
12.93498
16.75513
16.04725
14.53302
10.00107
14.03003
15.40185
12.97725
14.28046
15.08889
13.3964
15.25027
15.78394
16.09598
16.85505
11.12948
10.30533
12.74581
13.79013
14.03136
15.14755
18.87204
18.22978
12.68996
12.70412
13.81819
8.657306
9.594196
8.90371
7.378825
7.510294
10.6211
10.15022
13.40972
15.09299
13.07254
18.07754
15.25815
15.24615
19.72628
15.18276
17.64856
12.82394
18.58412
14.89672
12.65725
12.08545
13.24069
13.77383
21.51028
16.19709
18.23861
18.46257
17.27374
14.64235
11.55358
8.82576
11.04637
11.84028
13.03659
24.64767
26.34235
18.1647
18.39554
9.861501
14.95949
15.3242
13.5015
11.74043
12.30765
12.99217
13.16881
10.41605
12.26315
14.47473
20.38157
14.15489
19.86449
8.540521
8.705522
6.960316
8.59334
12.45552
12.91361
17.23506
18.57602
19.33395
11.36066
14.25144
19.36408
25.76015
20.79573
17.02349
12.82395
10.9824
17.37566
20.83487
15.7204
16.12975
12.07686
17.16785
13.93265
12.28952
12.3077
12.4593
16.60281
14.3495
10.63737
10.08655
11.81508
11.24639
14.38717
14.45295
15.84084
13.4172
17.25408
20.32473
26.05676
32.05486
21.34389
19.84614
18.79056
14.76224
17.68847
22.58806
13.51068
9.215175
11.50902
12.62705
12.84105
18.3502
16.94993
14.32099
11.83182
12.57202
17.38232
14.84588
15.57341
23.7002
25.38788
13.95307
16.48754
16.34544
15.28541
13.00435
19.00621
26.35042
32.16046
37.46677
19.8803
23.33033
17.66355
17.2299
24.69314
14.33464
24.04787
31.3896
20.81543
17.42377
16.12435
16.96494
24.08347
21.81343
25.52438
25.16762
14.51464
11.98602
11.916
19.54494
16.23454
20.17027
19.04243
12.98297
11.02585
10.89113
11.26183
12.71619
14.53639
17.37369
19.96335
18.39829
16.86107
19.33967
14.803
18.66249
10.59638
11.84037
14.70557
8.770598
12.41119
13.41205
23.92163
20.47596
18.75513
14.10641
12.38504
13.63343
17.78308
12.68179
18.02565
18.94399
15.74515
13.80903
15.36317
13.51279
12.20118
8.895771
7.533015
7.464711
8.478204
15.02584
11.521
14.88566
12.93417
16.3844
13.61045
9.072889
8.759816
16.31712
21.72355
12.14022
10.00125
9.900556
16.65655
20.65485
12.59989
24.68942
27.32891
19.57733
16.68644
17.57954
21.664
28.24725
13.78968
13.46226
13.95134
13.78055
19.09226
28.72781
20.68923
14.97894
14.06377
21.85846
17.593
10.84799
20.34349
14.4326
18.85215
13.11286
10.01907
16.80885
13.72141
12.16121
17.00082
17.08792
17.62031
25.3463
22.25575
18.58553
25.89118
17.83438
14.68448
10.68273
7.952149
12.10686
7.980358
10.07277
11.03456
12.16759
15.31936
22.84563
23.10278
21.1398
26.89778
30.56283
22.13121
18.18971
12.12757
10.06546
14.74063
18.12039
29.49875
20.40651
18.40336
11.37842
13.60198
18.23627
20.01581
19.59705
14.99054
27.96426
22.52396
17.27726
12.86902
19.28033
10.01501
10.04149
13.5572
18.55638
17.04896
