0.1553754
0.4489007
1.830804
0.2717606
0.1919702
0.1624583
0.2834747
0.1205144
0.2384491
0.2337639
0.769447
0.4611944
0.1307313
0.2851708
0.3217031
1.663909
0.2304402
0.8963133
0.1050418
0.4413284
0.1519624
0.2507422
1.054405
0.08136609
0.1666293
0.1666649
0.1217221
0.8843829
0.07779917
0.4010122
0.2637882
0.2615182
0.2995804
0.2198073
0.1872664
0.1514329
0.1573079
0.1936645
0.1998553
0.0907164
0.273136
0.2105676
0.1701239
0.1432721
0.4008981
0.2069567
0.4581472
0.2804242
0.1637182
0.243836
0.4046953
0.2714899
0.1003543
0.9234848
0.5427322
0.2668134
0.0975381
0.256204
0.1640191
0.1114185
1.561669
0.0793895
0.25181
0.1303437
0.1959641
0.1292011
0.5653104
0.1954548
0.09440407
0.4602316
0.2255074
0.6997402
0.1989898
0.06564484
0.06492049
0.9684085
0.2378059
0.133094
0.221082
0.09381581
0.2784415
0.2729176
0.1268875
0.3375495
0.1848348
0.1326153
0.09237858
0.1196762
0.1675174
0.05522913
0.1555548
0.5505551
0.09958403
0.2208913
0.2369945
0.211648
0.4698218
1.647776
0.9073895
0.2186045
0.1930087
0.3591367
0.2457224
0.6115106
0.5139129
0.1454175
0.1620751
0.3832217
0.2256401
0.8815046
0.4709348
0.3410964
0.2153237
0.2295792
0.1663832
0.6552053
0.1986925
0.256005
0.5190014
1.047147
0.2800966
0.1741955
0.1155151
0.09655188
0.238083
0.6618321
0.2397584
0.6641341
0.1556411
0.3255333
0.7039694
0.2198379
0.06791718
0.128664
0.1778953
0.2483856
0.1972206
0.1317534
0.577208
0.0846646
0.3438714
0.2099921
0.206866
1.503672
0.3809667
0.9874399
0.3034243
0.1681058
0.2636054
0.1717441
0.4751914
0.1359016
0.3597888
0.08088679
0.1115966
0.1143503
0.4449166
0.192035
0.1680512
0.3141648
0.09976651
0.2324877
0.2270868
0.1143348
0.4352399
0.1500554
0.1657882
0.1856056
2.386409
0.4663379
0.3059963
0.3257008
1.501135
0.8435569
0.1274498
0.08547256
0.288295
0.1835668
0.4469613
0.632374
0.07223307
0.1261404
0.1505819
0.1513378
0.1039143
0.07942287
0.1552785
0.1240178
0.4039077
0.1404035
0.7250645
0.1585113
0.4079677
0.4205062
2.842232
1.446199
3.205111
0.340392
0.1607523
0.5441966
0.1313171
0.347812
0.3055828
0.3151824
1.363854
0.1630578
0.09888146
0.3206484
0.6540483
0.1140857
1.499155
0.3264392
0.3795384
0.100439
0.07757077
0.21007
0.1828095
0.7306965
0.7608804
0.2972633
0.3301236
0.2569296
0.1346347
0.2693186
0.1505955
0.1422123
0.1495003
0.2147174
0.1883472
0.2758469
0.1880084
0.1515229
0.1435289
0.2224664
0.1801594
0.191976
0.3957032
0.2081432
0.1121181
1.327891
0.6526792
0.7720388
0.1783077
0.1547494
0.1298273
0.3072509
0.1475725
0.5974026
0.6813436
0.1198059
0.2423191
0.2564361
0.1946905
0.3363186
0.3260493
0.07021426
0.185297
0.1066723
0.1460186
0.07684144
0.2752106
0.3318567
0.1230437
0.7299065
0.1624698
0.4732017
0.8601653
0.4255943
0.1936976
0.1164173
0.5539448
0.1662318
0.5089948
0.4527545
0.1856631
0.1594765
1.397621
0.1601298
0.2652332
0.05866436
0.07926816
0.321624
0.3317082
0.2250171
0.3892123
0.4881479
0.3156533
0.3196732
0.5978504
0.1736914
0.1815656
0.4377819
0.3841867
0.6462852
0.2191895
0.2382893
0.6152233
0.3109639
0.2646558
0.976276
0.2440199
0.2291309
0.2780023
0.3757482
0.1262474
0.1226483
0.5518871
0.5216885
0.1815422
0.3686776
0.1345223
0.1032528
0.1641684
0.3514898
0.6742862
0.181507
0.4042371
0.5285516
0.2206937
0.2616936
0.4186811
0.8643824
0.3315646
0.141956
0.135153
1.156177
0.7529713
0.6147348
1.317508
0.08633448
0.1278812
0.2893012
0.4007359
0.4190276
0.1488579
0.08284803
0.1307946
0.3074255
0.05884966
0.53609
0.5729213
0.6763458
0.1853527
0.1459449
0.1290508
0.7225896
0.291474
0.1437494
0.0823758
0.3759014
0.07323629
0.1952039
0.3434848
0.5695816
0.7467938
0.9986408
0.7042461
0.3718862
0.3412839
0.2781962
0.2425838
0.2159762
2.883877
0.4946166
0.9231832
1.584415
0.1922529
0.2883963
0.4306984
0.5979538
0.1686013
0.4392728
0.1781364
0.4235156
0.8550785
0.264278
0.4480647
0.2517839
0.4482106
0.1434935
0.369969
0.1013941
0.3405336
0.08793132
0.1617287
0.3926329
0.2344856
0.4304018
0.1486046
0.08494092
0.1900588
0.07008842
0.4334293
0.6470347
0.3036882
0.2275236
0.26896
0.3778238
0.3045154
0.05970215
0.1642011
0.1889337
0.1186055
0.1130895
0.5777541
0.08523231
0.4668569
0.2174688
0.5681147
0.3715386
0.1736067
0.3025586
0.1573309
0.1675236
0.1638288
0.1004695
0.08593357
0.08249373
0.1381998
0.1159385
0.2476958
0.09146415
0.1258006
0.2122328
0.1237625
0.1465813
0.1653535
0.06945449
0.1769947
0.16153
0.1175551
1.072842
0.09620513
0.09198517
0.5909616
0.1131273
0.3071281
0.3760161
0.06647959
0.2965791
0.1537061
0.2009019
0.3326562
0.1295323
0.1327652
0.2251777
0.6926335
0.2625719
0.6159339
0.4186216
0.229379
0.167598
0.1401263
0.7231016
0.2918798
0.1165717
0.2136573
0.3277278
0.09782614
0.3337645
0.2797465
0.401346
0.1459908
0.2039837
0.09261881
0.2508049
0.1382826
0.2776426
0.3560162
0.08596634
0.170374
0.2828142
0.1954737
0.2300226
0.1546071
0.09623332
0.1040474
0.2066508
0.3282789
0.1582183
0.2424476
0.2874165
0.1570778
0.9854505
0.19044
0.7568099
0.3076426
0.3480218
0.3066941
0.1269611
0.2252297
0.1367339
0.258663
0.1392809
0.2205788
0.1715274
0.08009283
0.1077859
0.110525
0.2228454
