85.92714
81.94394
81.09149
77.24567
76.38387
68.96053
73.88825
80.67195
86.2898
84.61945
77.90279
81.68812
88.82554
84.95368
85.15003
88.52473
89.77077
83.42047
84.94449
90.03032
96.25272
101.7943
107.0312
101.1474
104.1284
97.26184
100.7203
99.91866
98.10195
81.727
79.21178
72.61495
70.89339
60.17136
62.15294
59.0131
57.03137
56.44607
59.33343
59.13515
55.56884
62.7036
67.50071
70.92747
64.92116
67.59116
72.49688
77.38519
73.58638
69.68206
84.20166
87.55453
86.67471
84.1362
81.43576
76.74657
82.34916
79.01042
82.56308
80.12246
84.52056
83.20396
80.07477
73.7483
74.50813
74.60955
71.62294
65.50371
64.48569
63.57553
55.91594
63.11898
63.19469
66.96344
74.7988
78.91844
82.5172
79.91675
83.61365
78.48554
70.07261
77.5859
81.04246
83.53803
83.50495
82.47493
83.63725
81.08177
79.05496
76.63859
72.72028
81.29575
75.52206
81.98859
81.81899
78.98692
78.35116
71.07142
67.90766
74.9588
73.90534
72.22478
68.06483
66.31233
58.39858
48.48908
56.91947
56.37713
62.54575
59.84857
56.642
61.10199
66.70549
68.31689
61.05645
64.27065
61.11341
60.02291
56.97079
53.01171
60.00856
55.93584
59.48636
54.37161
59.35014
69.15859
70.98611
65.38439
62.85128
58.87735
57.58829
54.66508
49.64569
44.90645
45.04572
55.96494
51.46213
58.78986
60.36019
57.99919
63.29064
59.99237
68.52907
71.67432
72.50651
80.37988
68.84973
69.51053
68.72022
69.56395
70.78698
68.64212
71.64112
61.37902
67.27288
54.46898
56.35581
58.77598
56.59346
49.17919
55.04795
56.88889
57.1857
59.93196
61.94
71.84994
73.22546
81.2186
71.3606
67.00124
66.47965
65.22766
66.44496
61.99632
64.52226
66.24997
63.34503
70.46973
81.4816
80.71584
72.14365
68.81137
67.96911
76.92095
74.04546
77.33141
79.19735
71.09675
69.53783
67.76517
63.6981
61.13098
58.21936
59.3082
58.13164
54.4623
54.02855
56.5905
50.4134
55.76563
58.80877
67.70315
68.88178
56.43758
57.16615
66.20422
60.3154
59.86606
67.59791
67.1184
65.72444
63.10072
52.54087
59.66121
57.06099
61.01164
63.05511
64.05539
68.765
75.50903
77.37496
74.14146
72.87789
69.48865
75.72385
79.26228
83.6674
81.79381
86.37337
86.79624
90.85441
89.11349
95.13948
94.90361
99.46125
97.1709
91.82585
95.93929
97.84047
94.01301
94.11941
97.26534
96.73729
97.76784
100.757
103.1136
109.4656
113.5137
118.997
115.0845
108.6298
101.9978
106.5955
112.9555
117.7628
116.8371
119.9429
115.3007
116.0629
116.9524
116.1304
113.7134
105.6038
100.1322
107.4138
105.5694
107.661
114.9048
116.1079
116.9274
117.2817
115.8448
107.79
108.317
103.7928
104.0465
104.0004
100.0745
95.51084
100.0274
98.9735
103.5739
100.9737
100.0384
100.2253
109.5283
98.07089
106.823
99.10724
99.29252
95.52422
94.6916
90.17826
89.4641
89.7173
90.06561
87.0396
90.49579
86.17002
78.47325
73.19087
77.273
74.91151
77.86193
79.2151
76.35523
87.33093
89.08182
88.10953
92.20677
87.7735
83.99829
78.59492
79.70401
75.03182
77.69997
83.12796
80.03897
90.90613
74.47436
76.58833
67.29594
66.83268
65.28525
69.29869
74.92638
63.84793
71.2594
69.60116
78.02273
82.96155
79.88527
87.69271
78.10916
80.34807
64.9458
72.43269
75.30433
76.98442
75.45624
81.42134
77.28335
81.25481
82.88602
76.12324
81.78635
86.04633
80.55768
72.41748
67.71482
69.23746
61.34897
65.8756
70.83036
70.53244
65.7935
64.44253
64.16494
66.04627
57.78575
59.85843
66.89363
66.13735
69.88561
83.17649
87.56322
93.64772
95.93131
99.15165
94.83403
87.09852
79.78464
76.26246
72.70425
80.67191
79.65034
86.55944
92.63987
91.65406
82.23727
76.50575
74.96297
74.85536
84.65619
87.86148
82.29598
78.95177
82.01299
83.15946
81.08297
80.99725
81.10334
82.24764
79.00397
68.78224
80.24877
79.53011
77.26837
76.69681
71.35398
67.40088
63.50561
63.85752
64.61084
61.13708
56.92856
62.1077
68.66531
70.80596
74.69365
68.40627
75.81209
78.80765
75.59588
76.08803
78.79979
73.92848
66.53157
70.69487
76.52492
73.93586
72.11443
75.88592
75.11685
65.14813
57.23649
61.1739
61.2814
62.73883
62.51999
67.82367
68.67832
65.0005
71.80447
70.01237
64.18215
67.07707
66.38621
72.65803
81.92329
82.30392
77.72571
73.79606
72.58192
80.58138
83.88415
79.12222
76.8368
75.47722
73.69373
72.07015
65.88474
59.45081
49.21243
41.86092
45.28114
45.68144
46.83027
51.85006
59.10713
63.32289
66.52447
69.83867
64.15626
64.78576
67.15818
69.33196
67.08591
76.32383
74.2957
75.47246
72.01769
70.45886
72.82046
85.47319
86.95001
81.56322
81.67346
88.4495
90.17373
85.57545
89.4425
98.17824
97.96779
99.64205
92.53893
94.30741
92.67747
93.02901
91.19347
93.59781
99.79056
102.1418
105.9554
100.7083
100.6192
112.7581
110.0758
111.0009
102.3084
