143.2109
152.4818
123.1117
91.97333
593.4341
197.3203
105.7842
112.4554
298.7236
86.94788
50.49501
606.2927
152.7404
376.3937
59.69165
121.8799
132.7317
112.9468
301.3188
69.08655
164.2583
159.3698
83.88946
152.8152
283.766
146.7333
96.99053
87.12228
149.7624
126.8661
92.35465
175.7174
192.8954
215.1922
100.1998
159.5779
48.59055
174.4175
158.1407
171.4524
293.0711
278.8603
346.6535
94.54411
298.4736
262.2454
284.6869
295.7498
714.8209
284.7895
65.28472
694.0257
141.9781
245.1377
161.0463
149.6073
207.9665
607.2709
262.1325
208.3629
172.1063
83.62825
233.8203
352.4179
253.9746
156.7151
285.1245
158.0439
103.824
67.71729
112.6907
61.44064
189.4578
222.5913
181.6951
127.2175
736.8707
107.52
84.64982
113.8595
296.1677
98.69288
136.6654
149.8221
65.87187
204.4622
140.9061
206.4972
58.7
501.275
217.402
291.5978
209.0416
735.6359
230.2418
208.635
100.4122
136.2315
191.9198
161.2888
88.59611
164.9944
64.43431
175.9188
219.8298
247.6904
133.7145
154.2519
271.6799
67.79892
140.0801
166.8255
130.3398
164.4971
147.3044
135.85
103.0869
125.8517
157.5005
218.3259
255.3457
95.14315
295.9112
192.2605
93.76633
181.178
347.1728
190.5881
733.2243
263.4341
154.4121
72.38248
175.153
138.0691
124.4805
110.6079
53.30897
111.029
294.3903
164.4525
242.2009
87.51379
93.5358
145.3453
408.5653
44.63842
44.22858
114.4869
68.07326
191.2547
244.7282
236.4691
192.9983
117.7347
93.65305
158.0143
163.697
183.1643
403.5509
116.1884
317.44
61.97549
122.8208
190.6761
92.82615
131.8239
155.4604
111.1253
133.1831
253.7115
90.86438
164.4378
323.6988
172.8072
270.8288
123.0632
189.6448
518.8794
233.4927
141.6764
97.94851
150.4693
160.5858
81.15268
166.8924
213.7703
195.3955
118.1679
64.77067
115.6311
151.06
609.5842
337.814
106.1601
217.0189
100.6448
147.6928
198.1305
92.73653
129.3272
118.1846
155.3805
231.3345
109.74
142.9079
209.4303
223.0148
62.64001
68.12041
128.7408
135.3758
76.71731
106.0268
299.3052
202.6097
154.1347
291.0397
70.32839
358.1936
225.749
100.3096
225.1704
261.4187
160.7866
97.48752
93.45931
81.69903
160.9933
101.734
118.5553
139.2391
208.559
108.5699
61.58717
222.7354
181.8821
386.0695
98.3774
114.9729
139.0398
134.4365
133.9531
137.3511
204.8149
58.71457
72.16995
829.642
117.7255
136.2023
202.427
83.76233
99.10802
179.7594
641.8014
372.4181
134.5294
210.0506
194.8064
373.0688
93.40103
80.2419
89.4479
190.3021
191.6398
148.0818
82.77933
128.1921
88.56425
106.1414
100.9563
160.687
76.57085
110.8158
315.0723
230.9089
152.326
101.9928
108.5686
199.388
292.9634
424.4714
189.7606
248.2225
49.75461
177.3808
107.7778
131.1409
103.8046
269.6743
260.3124
1663.247
178.7543
191.891
223.5839
150.6025
122.4131
198.5657
167.3169
157.4615
137.3329
185.5311
74.98954
118.3395
74.76175
54.1406
115.0317
259.5824
91.75591
295.9858
119
128.0538
331.6013
227.2849
329.4068
135.539
201.0651
298.2285
168.1723
318.1525
420.9995
458.0533
344.6715
138.4708
147.3528
1675.712
719.9793
257.1224
357.6647
242.4803
1015.407
672.3859
386.9846
569.7841
303.0764
361.5593
141.1202
925.663
89.64305
266.1936
231.9087
237.1579
62.87564
168.7314
208.8611
166.4666
95.63645
54.90588
163.4344
125.3855
126.6843
167.7167
134.7934
301.0494
63.3316
93.35745
61.18322
149.4012
75.52255
99.1515
108.3
202.8436
176.8655
252.5705
159.4069
206.3905
185.5635
62.18437
50.15651
331.0546
58.56537
71.13963
101.8066
416.6641
65.09208
331.376
346.2221
116.5617
244.8713
108.1253
127.6599
199.6934
253.5219
69.86009
145.899
215.4561
565.3121
142.0575
135.7818
98.29774
176.7631
116.7224
364.8779
783.644
235.2349
77.29964
79.92775
114.9404
149.4544
119.4256
151.3328
66.89208
239.7219
181.9955
202.5145
157.6265
138.1004
64.782
153.7551
376.7616
89.78806
82.92864
58.31647
116.4529
95.30531
144.3619
252.3465
169.5407
121.8456
505.9808
61.37391
132.6063
65.03287
266.5303
182.2323
503.3585
89.431
239.5193
57.56556
199.4798
107.8198
1098.74
131.582
377.4559
421.5846
164.9497
200.5373
154.9281
56.41826
153.6436
116.5942
81.54026
98.95184
147.9069
244.4939
72.32449
423.4216
184.4425
556.2038
62.64056
70.05926
75.09791
100.2144
169.598
172.1721
126.3265
71.11409
193.3287
110.7122
197.9751
325.8133
139.5592
303.0478
190.2457
241.6285
173.4403
396.1982
343.1737
61.02936
43.8794
77.5908
65.27336
117.5647
114.4739
204.0963
86.75939
112.6234
56.87294
173.349
137.5152
233.9838
181.039
97.72879
100.4054
125.3889
161.5227
150.3696
152.1064
116.0201
71.6725
144.4697
112.4609
345.5483
129.0642
126.104
105.8676
79.18266
213.2917
238.8756
150.2863
267.9132
