102.5037
99.10055
93.99701
101.3515
101.5894
92.36993
100.7781
104.3033
95.18165
99.31193
90.47943
99.64821
97.99295
93.74648
102.9612
102.7097
98.68048
98.16368
101.2276
96.15457
100.9349
98.72128
92.81421
95.8875
101.7658
103.9716
99.9211
100.1815
92.80023
98.9637
97.03018
89.0951
92.95849
99.34056
102.366
106.4011
92.20379
99.58189
100.7128
89.54523
97.84423
92.65766
92.87752
97.93587
96.89188
94.04232
96.7612
98.16046
99.1493
89.35506
103.4663
93.88754
108.3169
95.89625
93.2849
86.17515
94.78623
94.4669
93.38259
94.4778
92.47565
92.59194
92.56047
98.72856
93.92643
88.28383
100.7132
95.89352
84.77443
92.73877
90.02235
81.22502
85.75977
79.99737
83.86051
84.51332
80.93602
83.61374
85.09282
79.99633
80.23198
72.82642
78.47803
77.75346
70.35869
67.9441
66.0831
65.13603
61.9866
50.81701
35.33978
19.23731
11.66597
12.14659
12.5165
12.97612
12.12315
11.02435
13.08977
14.01797
12.94878
11.56956
12.64334
12.02592
12.23048
12.74351
11.73061
12.37392
11.1728
11.53129
12.28902
12.28613
10.41517
12.26817
13.68232
12.55136
11.62875
11.45215
12.58405
11.92259
14.0511
13.4688
12.06816
12.80945
13.3868
11.65
13.11564
13.3822
12.01879
11.85304
11.74208
12.73012
11.88602
12.4847
12.4996
12.86989
12.0581
12.85212
12.04097
11.63475
12.01974
13.34235
11.79051
15.70346
11.05585
11.69801
12.11345
11.55918
12.02663
12.67035
12.12271
12.08088
10.82218
12.35248
15.04196
14.49419
12.54442
12.4972
12.8831
11.48492
12.58943
13.5006
12.88588
14.17502
11.67678
12.14673
12.57998
12.80231
12.63265
13.54191
11.44697
13.47517
12.80219
11.71702
13.87071
13.32949
12.87031
12.00231
12.68122
11.96729
12.21538
12.83794
13.02328
11.61378
14.00545
13.17654
12.38271
11.21287
13.2454
11.27817
11.19905
11.73267
12.44563
12.3845
13.48509
12.88342
12.14271
11.71431
12.51295
14.89676
12.13175
12.39516
12.75512
12.74107
10.7418
13.28266
11.70159
13.15464
14.52352
11.21742
11.9625
11.40907
11.96569
12.11493
13.45105
13.35037
14.43809
13.36814
13.52171
12.79639
14.18833
11.61233
10.86505
12.18093
13.2848
13.43738
12.11114
12.1969
13.26233
12.33202
14.42155
13.62337
11.68168
11.72465
12.17915
10.83392
12.44939
12.36519
11.2697
11.759
11.27758
11.08727
12.46215
12.10615
11.73019
11.53323
11.99347
12.56582
11.98295
12.87308
12.26629
12.00302
12.86345
12.92954
12.41886
12.50247
10.97039
13.90382
12.5691
12.14834
13.25807
13.00825
12.65939
10.9347
12.71283
11.48873
11.84337
12.71709
12.13155
12.2608
10.27201
11.98607
13.74191
12.47585
12.27643
11.52567
13.70739
14.52855
11.12768
11.58254
13.25193
12.59207
12.46167
11.79305
12.4012
12.75145
12.98922
13.25412
13.53603
12.90154
12.49607
12.28369
12.53635
12.74034
13.732
11.04443
12.59303
12.6931
11.77067
12.11878
12.80957
12.69496
11.78956
12.7623
13.22654
13.32994
11.69851
11.55344
13.02835
10.83499
14.00531
12.06694
10.90091
11.78613
11.65507
13.59089
13.56102
12.28425
11.50944
12.22183
11.27339
12.17974
13.38109
12.72393
14.08689
13.34264
13.35294
14.00505
11.61168
13.46523
13.30805
13.54981
11.51557
10.58491
11.6715
10.92863
10.98781
12.22186
12.42158
13.66078
11.72113
12.88667
13.17864
12.54076
12.28028
12.50784
11.55957
13.67143
11.08613
11.53545
13.40771
13.02057
13.21834
12.4925
13.51725
11.99879
14.20897
12.68936
11.68353
12.20405
12.89423
14.51894
11.50176
11.34926
12.06866
11.18784
11.4013
11.77289
11.738
10.90839
13.23808
10.49747
12.07146
11.62789
13.08118
11.48099
11.99384
11.76878
12.70166
12.48701
12.47561
12.34384
12.54952
11.77791
12.73929
11.71541
11.65095
11.96624
13.66184
12.15443
13.86458
11.88983
12.71965
12.75012
10.79938
11.16345
12.09039
14.01054
12.55157
14.44377
11.42835
11.41268
12.26563
10.4036
12.60823
11.94822
14.87716
11.95867
11.59108
12.50555
11.83704
13.86122
11.75094
12.5885
11.19174
12.86787
12.44227
12.52261
11.56891
13.15702
10.95094
11.41652
12.84547
11.38065
11.57077
13.98181
13.4691
11.05302
10.93898
12.59871
12.67367
12.60783
11.72432
11.06639
13.17392
11.70265
12.133
13.48493
12.60948
12.93837
13.66816
12.28002
11.1959
12.97777
11.25068
10.06704
11.24668
11.54362
9.87406
12.70081
12.11831
12.00861
12.44392
12.53444
13.32252
12.42601
13.38162
12.60533
13.70561
12.1573
15.14548
13.11863
12.00687
11.93546
11.29549
13.48336
13.29988
12.91119
11.48297
12.06876
12.31672
12.47375
11.4001
12.59461
12.31758
12.47486
12.85908
12.82726
12.12469
12.76056
13.552
12.1349
12.70551
13.48967
11.78221
12.8378
10.62321
11.93341
14.27325
12.99907
15.363
12.39572
13.91571
13.03533
12.95366
13.3014
12.29346
13.84157
12.61098
12.42627
