10.48355
17.34752
24.01801
36.4396
75.01483
37.65142
43.7012
65.87558
117.519
117.9623
101.825
112.3676
142.8773
67.1767
80.73885
66.19
77.31921
69.36986
54.8377
72.56317
98.82577
163.4217
204.5786
149.168
152.5623
98.58393
97.69688
170.6454
87.78678
141.5342
148.3999
151.8842
250.2925
196.9094
138.6753
139.2927
130.2067
233.756
263.3757
164.2071
121.5036
145.6002
84.86766
95.912
161.1878
262.7512
120.4492
206.4969
117.1093
144.8704
148.9091
222.2169
179.8445
170.1511
128.3212
151.1498
163.0125
155.5694
113.5981
131.5032
152.0064
137.7465
124.3214
103.1496
133.5271
221.7361
194.3663
220.4623
171.3504
102.7983
88.37807
71.18142
146.9241
101.2968
102.195
116.2263
108.7906
140.3706
107.2169
93.21548
93.84141
75.10987
143.8646
118.4064
105.723
82.64786
94.88733
65.68919
67.70177
91.56702
92.34811
137.3791
140.7042
105.2704
148.5364
183.0595
113.9912
117.0953
138.0571
123.6814
145.4116
107.7757
137.4178
113.6641
90.35652
71.84097
47.78636
49.85877
93.85784
95.65536
74.64684
101.0554
139.637
114.9311
85.84781
108.4868
87.72939
70.03472
49.55007
77.21332
95.24973
57.40492
52.40692
43.16603
85.1224
74.7086
100.5729
108.0652
114.7506
168.926
174.9259
173.6513
147.1151
95.4204
91.62597
105.1985
114.0038
108.0804
42.46577
62.03157
54.63439
62.22688
93.30435
52.99786
51.28891
41.83772
29.15664
48.64612
72.63956
57.44818
60.88253
92.13527
130.851
159.9083
99.67515
103.3821
57.87499
53.29539
34.87515
45.88471
47.73371
40.82832
55.6532
78.3919
136.8902
130.6679
135.8462
91.59
75.80124
97.7638
88.10726
78.9903
145.5505
292.3652
288.3915
76.8736
86.75991
77.66152
69.62797
147.9382
147.8266
83.2687
59.7234
77.17133
64.08696
99.23043
97.56988
55.13111
55.65653
43.52543
43.77917
58.6959
115.5279
137.0329
73.73864
66.11808
106.9032
71.4217
74.58125
70.74709
88.46405
102.5744
62.36738
52.5314
94.62773
64.48206
58.84485
39.92811
30.39644
36.90507
75.88841
98.84714
76.41084
76.77515
79.53599
77.30219
151.6605
147.3329
105.5977
161.3169
158.5391
132.1004
46.25575
34.02603
47.94799
30.2322
30.32701
42.57055
28.6181
23.37173
32.00756
27.81824
23.06141
38.84581
80.27954
105.5423
129.1186
183.5243
94.42535
71.16285
58.68456
64.56779
77.6482
95.17188
104.3126
123.0111
104.6223
97.62525
148.9858
177.645
108.6643
56.17428
67.16692
83.16066
86.94749
82.09878
110.1778
106.0753
64.40615
54.68898
43.90105
101.1745
105.9764
85.42101
193.7506
216.2803
159.2055
212.8662
111.5653
128.9393
135.3179
110.1538
129.7489
70.20415
121.7012
127.697
153.6372
114.6566
97.61248
121.3793
173.3643
252.2256
193.3401
120.0009
148.4695
82.1668
113.0913
90.53442
109.3334
80.7459
53.89054
113.356
122.2782
120.6127
125.1623
161.3267
70.38842
195.508
253.4941
124.6052
118.5827
100.2018
100.0648
210.6067
112.0002
72.1606
107.9462
66.2218
75.13524
106.0131
105.3221
61.73833
65.71305
108.4469
96.76089
127.4235
149.3989
98.81669
97.83763
90.71118
221.0899
223.333
128.9814
117.0652
71.12749
54.4547
67.19441
79.16319
96.86787
86.83818
81.2721
60.02666
79.75474
105.5868
80.69349
104.784
69.90702
51.44676
47.30973
77.1848
181.0832
107.3844
72.45088
30.37592
47.19942
37.54193
47.40259
70.6603
75.57851
67.40482
97.21667
75.27011
65.45797
40.74473
68.7611
97.0525
94.46843
72.2909
84.35253
58.49181
53.24694
81.34421
128.8238
85.72117
89.69715
143.5146
112.8041
94.061
84.1148
100.4779
125.6737
163.6
208.04
206.4329
203.4427
235.8036
211.6993
176.7198
138.3079
171.7418
140.6995
121.6141
76.05538
93.74331
114.1276
205.2437
184.4365
144.3864
162.8547
127.4374
140.8921
151.8675
102.6889
117.5155
129.0756
165.3146
138.9087
131.2227
134.5472
89.73557
108.4408
151.1491
136.4508
97.09747
108.7922
59.51809
45.22279
71.03458
79.41791
119.3868
146.4621
144.8687
126.5885
183.9792
116.9133
149.514
111.0749
97.85745
97.99708
145.8371
195.3241
179.7544
135.4833
121.9883
67.09791
88.91574
96.07579
103.4254
143.9638
134.7505
188.3311
238.6738
251.7971
319.7105
235.7902
172.176
254.5831
231.4867
247.7878
222.939
236.5545
146.8018
136.3727
114.244
197.7241
267.3252
264.0213
230.1563
153.6088
137.1736
165.0601
255.1601
209.2524
119.1445
116.4512
125.3457
172.8375
133.1779
108.6886
124.3473
120.3054
157.8235
147.3172
134.78
73.8364
78.97032
91.98077
75.21264
50.35941
59.0948
98.33116
170.9818
121.6763
115.9716
93.59086
51.04692
48.07685
70.12682
52.16062
58.62458
59.14936
119.7149
112.7948
81.68233
83.61584
65.24544
88.49185
91.51023
103.4295
146.2063
182.7479
140.464
97.29004
136.8568
196.1872
167.1756
204.9679
159.0171
138.5304
81.23186
