2835.678
1322.235
4067.117
933.0674
934.054
3205.229
2144.416
1442.31
677.5333
2193.413
985.2238
1221.393
1350.148
1377.974
3161.622
779.3419
641.6724
1712.399
2016.333
3391.041
3081.866
1050.766
776.8123
4236.793
1552.234
2732.567
793.7117
2537.168
2773.481
948.5746
2877.275
1081.949
523.7039
1785.032
1149.395
1355.41
801.5653
1823.384
2129.811
483.7808
997.6491
962.8438
1978.714
1996.451
1374.952
1035.816
3043.881
801.7435
2094.812
1139.464
1639.086
1174.976
919.8468
428.1299
1173.032
2034.144
1728.937
841.7348
1184.876
1544.884
691.4031
1224.582
2668.974
1422.69
1304.9
2700.215
1417.469
510.0217
878.2049
486.9911
2610.457
1218.449
983.4362
6129.91
1118.758
1342.278
1818.434
1344.263
810.8214
1368.287
2186.995
1475.664
770.2457
716.2182
1197.296
894.9061
1279.98
925.8221
1208.38
502.9409
1307.608
866.3881
753.0094
748.5074
3337.344
1421.099
2268.434
398.2448
1572.685
690.1832
982.6513
336.2343
1390.478
1046.21
1144.272
673.1418
1372.258
569.2602
2610.079
2752.909
1133.058
616.2808
1090.203
2101.343
3885.044
1105.81
854.591
751.1121
796.6771
1176.565
899.1078
2081.845
1350.492
4044.865
4113.022
786.337
730.5273
2256.448
977.3137
2475.914
1500.591
583.3207
4202.776
3925.697
1166.525
1468.917
1167.84
962.2094
743.901
2480.722
1216.047
1076.723
2196.722
1436.238
2334.452
1048.344
1474.245
1476.225
675.9393
1265.47
1024.588
2327.971
528.2089
996.6385
500.2129
1124.22
1061.857
1293.327
1543.096
4561.281
1265.622
2063.301
1880.859
1476.112
1271.908
1335.127
1137.743
745.6036
767.9307
1119.215
875.2899
1110.929
1937.768
562.6507
930.9994
1073.694
773.8103
466.1355
1443.667
874.0488
870.4739
693.3329
3017.037
919.4393
1315.41
1863.25
1367.267
1469.477
1418.989
5426.327
419.9513
1090.767
1100.46
744.5483
778.3346
1338.762
3029.909
679.116
947.3659
1351.645
857.9223
1292.515
3629.085
1298.201
1310.844
998.3483
1064.041
1781.156
2324.069
994.8934
712.6881
1336.444
1702.567
620.753
1187.455
623.3633
1788.665
1207.931
768.8323
361.315
817.8708
1354.622
642.8525
3091.314
1595.334
667.9344
3608.084
748.2065
868.8673
1809.118
1036.657
733.0712
3478.722
1015.911
1886.533
1146.16
1612.801
1204.806
996.0178
631.687
1980.337
2438.052
1940.038
990.2028
2287.895
1105.649
1253.039
1153.14
6090.384
1667.707
1642.856
971.004
981.8548
1055.387
1497.552
1092.229
1353.954
712.2556
3645.799
593.9369
1317.371
901.4904
804.5179
1447.879
1142.638
1322.069
1017.135
887.8377
1699.146
2385.338
1680.033
665.8229
828.3619
1404.949
975.7596
1003.161
620.8692
1509.513
1175.216
1208.025
1817.111
898.1301
1259.268
975.0731
4735.859
1136.364
1867.772
2127.195
2283.459
804.8857
1032.843
2739.51
1350.466
1216.667
1027.028
764.1544
2937.802
1129.515
2033.917
11012.59
575.597
525.1634
1719.147
5223
858.443
1937.651
1473.145
737.3483
1415.175
825.0492
809.7783
781.1986
662.788
729.8468
728.3971
1235.623
1313.368
691.6709
746.541
1629.922
1077.616
673.9037
852.4061
2426.797
1599.56
515.2548
616.1627
736.0271
896.8242
834.859
892.0128
980.3379
1439.154
1616.374
574.0085
646.5619
612.676
2729.872
876.9826
1795.801
724.2735
2048.569
1503.385
965.795
1168.143
2723.653
1079.347
614.889
1083.863
1030.306
702.3231
1190.042
1629.132
2318.767
1022.306
785.835
1103.973
1048.193
1436.394
1485.665
1012.745
1245.277
617.8409
1369.851
800.1175
1451.336
1358.054
1236.045
1112.246
1245.911
1601.881
1149.592
1883.971
2255.906
905.8741
2160.038
923.0241
1772.175
1622.866
1727.435
1961.764
1316.139
1569.738
2503.694
920.2888
1401.047
1109.384
1040.332
3279.467
1563.437
794.9487
685.7216
519.0384
1349.054
1057.172
5487.212
2182.723
529.9272
885.4068
1401.934
1272.489
1225.292
1654.763
1438.839
3469.911
912.2621
2590.201
1441.861
1507.504
721.6171
1762.967
2434.374
1153.326
2571.502
1586.671
2254.574
2416.461
1111.954
1969.044
751.7331
2178.834
1085.947
1882.202
1235.426
731.1742
1554.877
1720.635
2205.096
1101.609
747.9634
2634.721
1016.923
929.36
1158.667
340.9252
1735.902
696.7451
984.4425
1210.882
1226.591
1018.31
1097.429
1019.804
1016.086
1238.491
934.5361
852.7006
1561.567
719.2946
757.436
2316.78
1585.607
2018.156
1902.035
810.5499
1489.533
1571.287
1773.718
674.7337
3289.512
2069.213
1828.421
833.9493
950.6269
790.0202
1423.438
1244.679
1514.336
1336.549
649.2058
1336.142
730.7189
1700.309
781.713
2073.799
1307.718
2881.468
615.4506
893.051
1738.85
1241.633
1233.38
1178.563
1304.14
1793.637
2173.015
1329.63
1247.141
3099.531
4932.091
768.6027
1073.196
982.3188
1788.798
989.16
722.0359
2034.712
857.1012
1157.899
741.0871
