230.2861
226.3191
230.8478
283.6501
348.1364
321.9373
318.3583
332.6814
365.1887
402.1003
548.6082
555.684
717.6602
677.5055
780.9332
1000.863
1018.163
1607.012
1971.643
2486.673
2978.937
2362.8
2376.419
2401.807
2224.7
1372.554
1109.861
1455.709
1269.211
1218.169
1901.76
1453.149
928.4522
1139.352
918.9059
1048.965
658.2058
937.9008
948.383
1519.628
1026.367
1475.075
1533.022
1523.807
1320.471
1619.53
1785.84
1648.282
1541.701
1592.376
1324.825
914.2703
1592.015
1278.81
1696.995
1925.745
1784.325
2294.914
1854.573
2535.889
1266.805
1185.908
1564.563
1203.672
1034.187
1204.798
926.2546
1257.763
1434.499
1528.981
1334.615
1425.847
1491.046
1210.525
1060.018
1284.797
945.8171
927.7338
1195.157
939.1677
1241.514
1187.64
1517.987
1307.176
1211.588
1883.744
1834.59
1813.632
1596.905
1408.185
2656.094
1715.614
1513.879
1569.765
1620.084
1685.254
1622.883
1511.801
1704.095
1582.885
2615.342
1928.635
1687.816
1960.416
2710.703
2706.494
2348.837
2454.843
2456.525
2419.859
1867.379
1697.844
1386.362
1413.594
1222.514
1852.956
1432.186
1383.797
1143.933
1484.767
1408.559
1080.425
2587.637
1791.395
1936.538
2612.104
2832.992
1431.134
1208.964
1178.803
1410.092
1221.286
1510.764
1841.368
1657.515
2412.009
1816.964
2710.478
2346.029
1508.131
1015.714
1113.808
1050.058
1833.031
2086.982
2310.441
2347.947
2939.974
2483.599
1899.388
1380.782
1690.705
1898.273
1824.706
1419.124
1498.475
1872.584
1280.376
1353.04
1365.034
931.1388
983.4934
1144.263
1359.523
1361.038
2129.503
1794.472
2121.611
1712.139
1907.783
1296.891
1991
2373.697
1870.428
2075.39
1866.812
1596.756
1132.939
1416.226
1470.576
1167.162
1676.106
870.0904
1009.906
1062.64
1500.322
1805.98
1923.189
1566.134
1139.792
1475.649
2187.414
2294.961
3093.193
2623.623
1899.979
1812.625
1567.529
1175.239
945.7577
816.192
1003.502
1760.832
1647.281
1470.513
1568.09
1771.404
1421.401
1241.206
1404.99
1044.991
838.5976
766.4392
478.8363
371.4939
395.7812
442.3373
652.8895
866.8259
1122.392
959.9372
1221.837
1247.449
1683.162
2040.012
1970.575
1566.133
1202.528
1490.796
1614.353
1599.293
1103.821
1073.394
1129.037
1644.984
872.019
1189.394
999.1042
918.5317
1254.611
1316.794
1523.358
2125.201
1965.936
1847.864
1609.355
1482.433
1722.608
1555.669
736.9726
979.7429
1038.47
749.3249
807.2774
977.5276
926.7729
639.7271
754.6092
757.0897
806.6233
813.2122
874.7578
600.623
415.0983
473.3948
848.5192
761.8578
845.9373
1110.376
1281.114
995.2484
1331.586
1219.916
1306.097
960.2682
1331.948
1185.124
1727.924
1828.101
1887.254
1982.087
1662.424
1620.224
2440.844
2497.478
1768.213
2023.521
2243.942
1708.398
2306.592
2696.814
2626.692
2228.608
1513.088
1521.776
2094.9
1459.989
1037.319
1126.632
794.6902
1139.733
1009.778
1041.752
792.8059
1070.093
747.0405
881.9362
788.4119
858.7856
1007.927
933.1117
1130.559
1268.909
1575.848
1643.915
1680.018
1511.039
2007.924
1857.569
1702.355
1835.499
1726.524
1804.115
1452.239
1356.275
1814.051
1387.812
1291.558
1097.696
1132.497
1000.663
1056.537
1492.394
1723.11
1948.402
2374.162
2703.586
1651.638
1757.314
858.6292
1148.756
1046.317
1485.743
2711.477
2537.774
2866.615
1840.019
817.4757
785.3934
886.949
1480.411
1656.026
947.1711
920.3886
1074.572
656.1676
987.7218
1261.579
1520.433
1432.807
840.4762
1165.278
1290.903
1793.962
1790.727
1476.078
1417.08
907.8544
768.5614
793.6374
874.733
924.7276
1081.537
1143.869
780.8846
752.0004
820.7801
721.0072
764.9702
742.0861
817.6774
785.1315
1332.203
1030.25
1127.984
1200.399
1705.084
1018.953
1052.891
1639.448
1732.373
1172.586
1774.821
1920.676
1832.166
1779.751
1794.494
2052.879
1411.294
1351.308
1166.881
1552.806
1737.357
1815.028
2220.875
1840.786
1771.942
1505.531
1553.343
1694.889
1348.214
1562.45
1375.058
1279.427
1994.697
2155.548
1593.493
1438.507
1437.621
1445.043
1549.774
1444.112
1881.523
2015.768
1813.498
2337.314
2656.114
2342.069
1990.199
2108.129
2137.455
2812.758
2124.58
1818.094
1415.085
1258.542
1508.733
1519.847
2056.492
1354.926
1796.151
1838.279
1897.789
2009.37
1588.518
1842.812
1387.479
2010.541
2373.326
2277.034
1944.98
2542.803
1986.199
1846.23
1379.927
1069.465
1346.506
1296.319
1545.875
2062.616
1765.774
1933.997
2326.712
1908.481
2657.278
2283.042
1846.283
1540.387
1124.092
1425.494
1415.881
1352.906
1440.625
1721.924
1121.723
1469.817
1987.604
2348.574
2779.551
1988.227
1784.436
2336.677
1729.952
1883.699
1986.802
2520.831
2357.674
2044.357
2210.372
1662.991
1467.92
1506.405
1268.3
1151.849
1390.633
1574.592
1000.384
780.174
1097.672
998.2245
