1507.839
1481.283
1402.664
1646.621
1625.7
1560.482
1437.953
1484.874
1498.195
1595.774
1488.636
1611.431
1558.498
1495.808
1375.687
1462.988
1553.203
1461.014
1488.305
1487.073
1399.491
1519.237
1479.754
1574.356
1572.846
1486.698
1479.366
1565.236
1534.117
1405.641
1536.109
1480.714
1411.957
1555.233
1456.816
1442.747
1445.527
1502.704
1421.223
1570.419
1542.444
1643.039
1468.663
1526.469
1590.02
1452.516
1526.14
1502.339
1391.483
1492.37
1479.984
1461.192
1486.99
1588.117
1447.783
1475.506
1463.889
1546.023
1497.084
1558.364
1467.25
1503.088
1405.329
1529.025
1515.523
1563.281
1473.839
1546.571
1357.169
1449.762
1563.369
1382.525
1405.499
1583.658
1577.536
1604.344
1486.228
1472.847
1674.02
1613.045
1484.777
1484.277
1450.265
1516.422
1489.769
1349.813
1615.458
1411.007
1346.205
1435.312
1418.14
1555.408
1503.3
1497.956
1615.497
1563.906
1600.124
1520.915
1582.708
1430.406
1429.018
1477.678
1507.985
1387.856
1600.686
1468.237
1450.408
1439.104
1561.326
1487.472
1431.595
1469.281
1542.193
1347.214
1521.359
1494.914
1458.588
1471.865
1500.337
1450.574
1505.801
1454.18
1444.382
1458.939
1409.785
1442.231
1446.66
1421.428
1430.412
1532.914
1483.651
1502.904
1440.479
1642.335
1499
1546.858
1465.881
1460.002
1454.463
1515.003
1536.812
1557.625
1611.559
1536.799
1521.726
1425.285
1511.575
1523.626
1425.045
1458.268
1441.06
1567.31
1445.43
1401.975
1506.108
1431.131
1449.711
1480.996
1461.721
1461.245
1371.886
1511.127
1406.643
1478.672
1436.099
1580.327
1339.235
1555.85
1475.303
1470.799
1402.229
1514.183
1400.751
1385.605
1398.785
1541.349
1533.807
1412.085
1656.906
1430.646
1482.331
1537.64
1433.842
1482.634
1438.032
1380.107
1464.131
1495.957
1554.661
1342.131
1495.212
1546.411
1516.661
1470.221
1581.467
1456.202
1350.495
1544.498
1407.535
1499.226
1349.96
1464.241
1603.664
1543.725
1455.589
1365.465
1482.667
1411.581
1501.718
1503.307
1546.762
1469.281
1399.111
1382.945
1459.503
1464.353
1497.278
1421.594
1408.808
1580.567
1495.051
1496.296
1403.578
1490.177
1478.573
1432.159
1498.43
1533.287
1503.36
1533.622
1416.155
1433.843
1490.678
1593.655
1401.799
1515.085
1429.471
1526.889
1506.753
1493.374
1421.653
1578.872
1520.341
1512.675
1440.164
1479.854
1486.444
1386.4
1535.611
1525.617
1527.774
1420.579
1558.25
1506.224
1538.967
1525.343
1491.092
1489.154
1579.534
1456.993
1468.728
1492.854
1379.717
1443.87
1458.92
1354.676
1433.914
1550.884
1468.427
1432.647
1460.231
1500.134
1538.869
1550.926
1470.547
1474.267
1477.789
1393.169
1406.789
1489.065
1491.053
1441.04
1390.553
1432.592
1513.777
1395.861
1534.248
1502.819
1599.03
1437.995
1523.081
1506.632
1441.802
1550.08
1551.787
1519.346
1474.778
1324.694
1554.428
1437.181
1406.889
1489.729
1473.664
1516.425
1496.168
1527.16
1426.965
1480.729
1542.537
1644.194
1453.825
1425.858
1579.67
1431.152
1347.126
1436.807
1484.919
1612.594
1507.305
1444.954
1484.233
1600.77
1450.88
1576.656
1498.304
1436.686
1312.752
1444.979
1493.691
1492.413
1459.34
1486.41
1567.937
1541.832
1376.109
1644.626
1398.443
1515.223
1437.663
1404.725
1543.76
1555.81
1484.667
1403.162
1509.198
1463.834
1413.154
1527.147
1568.473
1444.449
1424.022
1490.581
1513.843
1590.722
1451.982
1598.038
1566.264
1467.725
1562.954
1513.944
1489.142
1488.529
1428.692
1323.006
1443.398
1451.922
1572.342
1466.902
1497.22
1539.943
1591.827
1505.979
1518.963
1491.343
1555.814
1536.103
1491.244
1409.391
1430.582
1463.101
1427.68
1461.778
1446.001
1462.463
1501.457
1455.178
1473.501
1521.469
1407.497
1423.348
1493.453
1433.684
1573.784
1533.081
1392.975
1531.643
1490.577
1431.711
1402.17
1409.531
1611.488
1609.349
1441.046
1507.349
1525.17
1419.897
1640.633
1409.794
1475.71
1465.956
1303.393
1518.629
1557.305
1539.726
1468.789
1404.893
1449.51
1442.671
1440.422
1483.011
1352.327
1440.757
1428.425
1508.832
1546.703
1670.894
1516.547
1536.642
1470.421
1485.1
1479.118
1410.586
1468.704
1462.056
1533.481
1448.529
1515.881
1364.79
1478.207
1482.297
1481.639
1606.421
1467.807
1407.835
1609.968
1357.673
1499.92
1474.491
1477.288
1469.758
1511.128
1479.536
1478.419
1507.548
1482.005
1433.848
1482.823
1470.527
1495.979
1537.827
1497.307
1451.454
1482.561
1459.181
1415.55
1505.013
1493.257
1438.977
1439.761
1500.101
1522.102
1511.44
1430.132
1433.318
1412.845
1575.837
1458.378
1459.707
1479.075
1440.793
1317.795
1454.672
1370.034
1569.768
1498.568
1530.903
1478.606
1383.878
1395.929
1501.681
1435.655
1521.432
1468.565
1435.891
1438.527
1577.378
1463.093
1479.049
1508.953
1420.469
