159.7522
1290.221
20832.53
18735.31
19279.82
17935.21
18383.5
20593.46
17038.73
20191.82
16502.26
20286.18
18853.19
14678.25
15036.1
18492.32
18415.86
16680.5
20758.86
19588.08
18942.12
17187.79
20914.95
16452
19752.33
16887.23
20467.53
15821.03
20621.4
19511.57
20003.15
22197.75
18978.25
18949.6
18617.64
21664.84
19673.12
18589.87
18347.23
16371.41
17469.06
15667.26
19641.31
17361.54
17661.66
22588.02
19876.23
15795.68
18715.77
19295
17696.02
17675.89
19854.95
16650.39
18113.76
16163.26
17438.38
20774.97
20745.76
19233.23
18359.64
18401.05
17694.1
15948.13
19742.18
17096.49
18310.78
19692.45
18374.82
18218.03
18354.17
19346.1
18082.48
18667.54
17655.61
21821.16
19221.08
18467.91
18540.57
16469.34
16947.11
18022.33
17789.71
21182.82
17940.11
16937.04
19049.44
18710.95
19734.43
19771.87
18303.29
18583.12
17335.88
20226.9
19481.05
18210.09
19033.58
20177.69
17980.88
17950.61
19918.21
18331.67
19486.24
18458.2
19148.01
16510
20043.68
19650.55
16971.59
20660.85
18514.35
20566.16
16784.06
18349.95
16170.02
16672.45
16336.02
14951.02
17692.15
16588.71
16088.08
17426.9
18451.31
23210.31
21436.59
16905.86
17910.09
19731.71
17432.58
16608.11
20228.96
17645.87
18475.74
16110.59
18483.71
17861.52
17598.24
19148.23
16719.46
20547.06
19460.36
17624.32
18371.48
18972.95
20778.91
17529.54
18568.74
19323.08
19649.89
19319.35
17834.9
17692.07
17844.78
22241.43
18289.75
17556.06
16967.48
20106.09
19097.66
18498.2
18475.19
18487.82
17327.37
18438.02
19093.58
17510.58
19980.75
18924.25
17582.34
16462.71
17890.98
15855.29
17163.79
17551.27
17566.36
19298.01
17834.53
18064.28
18757.4
19462.04
17668.95
19091.88
18683.21
19746.98
18364.74
18264.44
17615.91
16338.54
18152.76
17617.64
18283.28
21773.26
19162.45
19326.47
20021.88
17254.28
17093.1
15893.9
19529.34
19332.15
15760.2
17724.97
21088.79
21945.14
16167.91
18956.77
18407.05
18180.97
21606.35
19352.61
18244.26
20831.74
17203.41
21274.38
15784.4
19119.35
17008.52
21219.23
16491.81
20606.43
18813.56
20666.65
19159.3
16016.64
18115.66
19415.15
19044.62
16785.17
21513.31
16464.12
17238.72
19116.65
19941.9
19771.17
18002.4
14720.17
15893.1
22033.95
15068.55
18523.67
18826.65
18699.79
19069.38
19066.81
17286.7
19479.38
16870.43
21159.34
17634.85
16865.25
17025.27
20093.38
17491.28
16659.49
18989.47
19730.42
19452.59
19135.08
21788.4
21211.82
18018.93
18983.19
16750.94
19937.59
16397.12
17491.61
17768.6
19808.26
15527.11
17761.31
19275.01
18397.27
14999.26
17850.49
16332.27
16702.43
19338.39
18884.53
16533.72
18808.53
17682.32
18675.18
17118.5
18677.85
20079.77
18768.26
17547.5
18065.97
15951.51
18108.14
18935.36
21583.25
18025.71
21321.29
18992.8
18989.6
20330.8
17274.6
14256.09
19783.98
14969.87
18457.99
19177.72
20059.95
19366.92
18909.26
16276.08
16553.47
16413.11
17187.95
19019.2
15780.55
17172.08
17949.71
18708.59
19852.92
20654.1
17318.15
18764.79
18170.83
19160.03
18016.67
16467.52
17276.72
19128.55
17305.36
18434.85
14098.48
17599.86
18836.7
17941.14
16595.18
17448.55
21550.75
19438.56
17019.74
20249.45
17160.07
19198.43
18058.8
17074.56
17421.31
16635.11
20542.84
20134.52
18343.38
15627.56
18135.21
19108.79
16095.53
17227.98
19719.71
16485.96
16998.67
16766.38
18945.16
17216.24
17969.55
19206.57
17069.24
18657.62
21666.96
18362.71
19685.55
19823.82
18044.73
20003.51
15752.03
16581.03
20689.81
21498.26
16664.76
16621.3
18878.44
17385.07
20874.94
18042.83
18072.33
17441.57
18911.03
21591.51
22210.7
16794.17
17854.62
15801.91
21392.98
20137.78
17886.1
17459.93
17730.16
18557.55
19123.69
17203.75
20845.96
16721.46
20392.73
18449.6
17007.72
20744.29
18151.5
20271.69
20984.26
18346.21
17723.28
17646.44
15555.61
18616.14
18108.53
20080.09
17719.81
17400.24
21011.93
16310.47
17886.74
18874.15
18356.09
16053.92
19556.54
17803.41
18557.91
17921.03
18695.36
18199.45
18298.64
17837.74
19459
16997.21
21883.24
18505.02
18666.34
19167.07
17773.22
20710.88
18269.92
20144.73
21563.73
21163.65
17851.67
18861.07
18323.17
20913.96
14969.8
19493.18
18239.54
16955.66
18387.61
18249.48
16510.99
18630.94
18493.67
21269.76
17587.6
18709.79
17033.69
19390.16
15910.44
18522.1
17856.41
15582.76
18087.85
19367.96
20078.06
17170.62
17978.99
16880.14
14392.93
17360.56
17670.11
18896.14
17837.05
17720.02
16348.49
18927.76
20416.9
18718.1
18368.29
16270.24
16157.43
18378.07
16034.47
20817.01
17606.3
17119.61
17064.56
16073.41
15756.54
19436.57
19673.9
18599.05
17986.63
17443.37
16590.1
17854.39
19511.18
19689.53
20361.1
18718.08
17392.99
18386.73
20008.53
