30.32023
29.54856
36.47949
32.52874
21.88987
15.43426
15.60868
10.89961
9.948521
8.983104
9.448282
9.273755
9.441304
9.560864
10.93392
14.30081
17.21499
11.64116
10.91003
11.16607
9.635601
11.4604
9.495457
10.18957
8.747093
12.22878
11.40716
11.05563
12.55865
10.31379
8.864886
8.229539
7.518834
8.284704
9.938756
12.76195
10.19395
9.307536
10.28335
19.15122
11.82612
8.549297
7.127795
6.28556
6.729373
8.269427
9.244604
11.06057
10.24172
10.37775
9.378278
10.07534
13.2741
11.51606
9.145294
7.978968
8.074663
9.180693
10.19618
11.91383
11.78684
13.89007
10.11393
10.34679
12.0946
10.55991
11.97669
11.55578
8.363782
9.722345
10.08942
11.13501
10.92168
13.5402
14.07244
11.48223
10.61462
10.23071
14.92106
19.43206
24.49285
30.88277
29.66448
26.03644
26.1781
26.75204
22.42941
14.47923
16.10434
14.71501
17.15878
16.02462
17.72474
14.23005
14.82362
14.38309
11.97207
13.73107
12.55251
9.72462
9.81904
8.626865
8.878497
10.23047
11.05953
10.94032
10.07775
8.313638
9.608816
12.59547
13.12239
12.12793
13.14539
10.94859
10.62288
10.87554
12.45885
11.82401
15.17805
16.6145
21.14543
17.53941
11.15045
11.07307
15.89753
13.30459
17.57623
12.94152
12.34485
11.07547
11.4776
14.55847
11.87282
12.92971
18.58194
17.96578
12.70239
10.1448
8.2398
7.357793
7.231455
7.33625
9.690801
8.716766
9.733458
10.18779
9.013919
9.227434
9.636209
10.50185
9.850996
8.626728
8.518402
9.547308
8.483241
11.5126
9.359741
13.42136
11.55574
15.39607
16.34918
18.1732
11.7147
17.42215
13.99513
10.6998
11.07527
9.370303
8.581608
9.250451
10.25672
8.446507
12.00343
8.85359
9.050889
10.61304
10.82906
10.83967
12.01985
13.29061
13.72224
11.39213
8.731086
10.6692
9.390743
10.90818
10.83435
8.000177
9.127064
7.844437
9.926743
10.76003
11.12
13.32306
17.94458
18.94983
17.43616
15.41458
17.83447
14.56579
15.01874
14.28129
13.61012
15.50045
13.41187
10.64596
10.17199
13.2437
11.52783
11.08339
11.17107
12.7291
11.10502
9.078698
9.216725
10.72381
10.38319
8.28064
7.907084
8.153542
7.305322
8.370062
9.181948
8.020885
6.682456
8.499461
8.901099
8.309299
10.56442
9.701635
9.217386
9.178495
8.430459
9.133657
7.868747
8.841572
8.156866
7.707842
7.09473
9.363248
11.83434
10.73944
9.65409
15.80374
18.90206
24.67308
23.01935
17.7662
12.90642
14.7859
11.6769
14.1754
17.18097
13.78053
13.03568
9.140677
10.49295
10.16231
12.07196
16.48213
15.77136
14.43869
12.33408
10.29089
12.22011
13.82274
10.37583
9.051183
8.46092
8.416766
9.105245
8.965993
8.546608
6.809464
6.610764
9.189098
11.2964
10.16453
8.915857
9.272784
8.425418
8.854217
11.62989
10.22465
9.068754
9.756896
10.68728
10.02647
9.804865
9.667107
10.8161
10.10707
10.01936
12.65851
12.99756
14.48741
11.98863
13.14059
12.53483
14.00055
12.03632
11.85135
9.327828
11.13959
9.485128
6.918801
7.072129
7.420457
6.50973
7.117572
7.291003
8.589934
10.18012
9.238473
11.2055
9.733549
8.360325
8.448461
9.496474
9.191016
8.144206
11.10791
16.00449
18.59601
20.98112
18.68232
13.78656
15.1599
11.31973
12.26813
13.32021
16.53112
12.36369
12.04669
10.44118
7.702684
5.982804
6.291171
5.360507
7.783301
8.150625
6.93787
6.28504
7.978345
8.995898
10.09968
10.6933
11.39493
8.73898
9.489713
9.385398
8.78549
8.905232
10.948
11.03888
8.015745
7.610184
7.686842
10.40539
9.529261
8.900222
11.50584
11.64929
12.30131
11.0011
10.57248
13.75633
12.81537
13.06363
14.3335
11.29978
10.52477
10.93844
11.73556
12.26632
8.875525
9.81407
14.29224
10.24432
11.57864
9.22771
7.594434
8.574253
8.470293
6.650852
6.807524
9.58213
11.63321
11.46474
11.03678
11.12754
10.19521
8.679383
9.427823
8.846333
9.638088
9.161616
8.230898
9.757017
10.51537
8.311107
10.60749
8.921692
9.639922
7.48208
9.210657
6.665587
6.828817
6.04346
6.46059
9.396112
12.81601
12.31532
12.39738
13.90626
21.8532
18.18574
15.99284
16.79749
20.10508
15.73516
13.46274
8.736919
9.838336
11.03564
11.70067
18.17318
17.90186
15.92954
16.24398
11.30426
13.15602
10.43599
10.65358
8.573628
9.384191
13.57787
11.75385
10.53763
10.08004
8.875534
11.12425
10.09589
7.75241
8.23862
9.655703
8.09503
9.211865
7.243973
8.990994
8.576669
9.250958
9.390135
10.89069
14.26557
14.20186
13.83059
16.45733
20.11815
22.28706
15.98638
8.718305
10.03157
10.98474
11.74372
15.04433
14.13063
13.7689
14.66688
12.26294
11.195
10.82429
10.75978
9.580662
6.88439
9.165577
9.590779
8.08048
10.44014
11.68517
6.461974
5.730239
7.895378
10.12633
8.601886
9.228686
6.564278
8.092715
7.938368
9.237274
8.511727
8.45216
7.401073
7.431267
7.854689
6.572875
8.653086
8.945936
9.610515
10.36837
