224.2455
203.8402
268.6901
388.7246
521.7704
554.0143
596.7564
406.576
352.6556
368.6178
330.0826
475.2155
297.9016
257.305
250.9404
350.5948
384.4271
360.4115
375.887
298.8657
231.5448
227.2097
248.4712
290.0021
433.3188
485.1358
533.2575
559.2746
495.8626
473.5792
490.974
499.1741
501.1383
508.3502
601.4806
860.8119
998.9208
960.1952
671.2371
644.2914
665.0715
880.9837
1102.605
1501.638
1168.811
1270.547
1768.182
1430.984
1125.67
1443.054
1925.59
2309.206
2122.999
2715.816
3727.564
3880.017
5310.047
7435.209
10942.05
17879.28
28468.87
66002.2
76950.42
106526.1
262271.2
449514.1
794165.6
1388941
2207032
3577062
4840953
8321913
10519922
15851173
27337978
69750847
106780655
138224668
149952028
138359522
149797033
144107096
141690079
120610110
126279375
158906951
139232348
134414614
132876836
133159014
157344506
123358016
162874087
128738231
149699125
119865913
147165859
110886902
115608866
146966685
143014134
127362809
140862515
159029626
107914888
124766543
139655573
146307624
124197997
132226138
156606989
126470870
149916727
140930171
127785648
154156006
157044699
140805530
133394277
147551148
161572181
158309096
131346106
125137920
137350209
131613896
119554916
144868539
150498987
131608685
100721970
130676461
135781330
136096171
129903955
120720292
119509128
137400034
131936625
131082731
138680063
121207526
171653810
139996656
160371898
145800086
129149169
154243153
136854114
113164561
154097562
133923976
127309954
141136509
132657479
137335431
130036527
176688183
164838401
122090321
103973257
151888431
143221783
111725595
121150819
129158034
139699114
125058221
126749641
140025230
149098843
133029079
137800782
133860306
124579109
122649720
117840233
147656902
133867499
131499134
111277410
124512615
127330243
141694597
132134238
142870736
107742182
133071803
156615147
149722812
137390117
159293255
153659117
134063999
139458904
128236494
125385219
148452781
133350895
126113956
170152567
138899261
134797601
153744250
134070312
125457901
147128796
147065485
130050586
156106696
138380376
124672827
130499667
119750086
136261373
165197939
112772002
148287214
145064028
152854176
152351456
140904259
136555952
117850877
136673212
152042711
124739784
118121349
146796025
125875856
149261868
120779139
120103138
116464970
121856719
147038579
105895715
135932894
167293580
148415875
137750054
126783619
146562760
118450998
141135947
127679444
130660284
142110988
130278061
147011536
156452749
144768735
132091154
114961127
115623375
126378849
132378531
127992525
137747855
132607838
147694638
131261792
108583407
135587809
147664917
130595699
130149713
140649348
136010294
133285895
154910267
148487407
139157941
124092103
149050405
133667683
118380800
140320890
145902770
135436796
145617000
123864350
144995482
157442410
113149826
144418194
131190449
112996273
111341062
122642020
128575754
141499138
129120539
126840729
143382413
156851576
133932619
143200475
125165548
138508969
151868624
157587189
131719197
135379346
142379862
162289084
141834072
157487724
116396939
134872219
146318240
141103301
163523527
135505778
166517510
130329423
128494827
136730813
137627086
149198947
141141942
138529420
144374395
142830839
134498970
119973519
138519442
125288248
141642192
139798132
151067266
131407620
116861680
158166706
139405416
143584040
157385085
128083888
152513979
142315450
128963392
139992505
129759226
143726647
177566343
155753130
141202742
137529739
119372116
123721197
144166969
150633644
132166335
144749813
145346572
140169416
134636999
142635127
131819386
131978331
103431099
127920794
122242903
137538626
124783392
132317104
127145692
132425436
158117464
129903030
116974870
118221510
161598430
130511377
131425634
147854864
138709016
129501479
119494399
131652031
162337663
119147900
105035776
125598013
122797559
155199511
150640431
124286072
143594235
150087823
148561460
142333973
137525016
137319087
124719273
143030886
124539749
126904073
138425612
138049825
136688416
135979294
153666705
136799061
108443393
112130867
142596556
139671747
140990172
147694046
150262382
128535456
130056318
147138477
158029489
150026043
128614226
131127909
134223924
127111404
131924954
131283411
145940351
155949813
134238741
131922973
136120137
145953688
126106784
127790744
151181512
137622418
147856511
126290946
141532160
148447962
139098320
131701735
156663023
151376470
140921572
151520829
136615954
144232658
138261787
139710211
137952516
150891602
127048263
131063583
131805594
127758580
115617471
123656726
131763218
121935172
148503510
164756198
146934561
129630867
124053868
131579381
140657652
127115552
163479273
149847541
145501971
126414839
134274548
144198933
150143156
134669643
141792411
123295957
121561722
119167491
126451529
126845213
146487677
137688713
142137030
141310203
146472945
139087641
143539696
156993556
140949585
146321010
121335459
132282879
158715734
123906826
124057879
121458058
110794847
137888769
152958013
139772407
136945707
123340238
