80.29125
77.41001
76.5732
73.14324
73.19154
73.20856
74.36955
78.91317
78.77437
79.9356
76.54137
78.47363
76.31691
75.66293
74.95399
76.83239
81.77333
87.51101
84.88178
86.56494
83.31996
83.1362
83.82386
85.39892
86.38287
88.77996
85.18704
80.70397
81.97813
78.96337
78.32925
77.88363
77.03968
74.0794
71.9516
73.06982
72.46287
74.49258
76.50414
73.64856
73.31616
76.53458
74.89902
75.6169
76.05934
81.46061
81.03414
76.7145
76.75228
73.62146
72.34669
72.20972
72.18323
74.10451
71.53208
73.08012
73.13588
71.01303
69.96448
68.14447
68.23727
67.96234
65.56686
65.97255
67.85382
67.37768
66.1955
68.03764
69.66811
70.51343
71.58863
71.66005
66.80669
69.23731
67.45191
67.7018
67.91297
67.29031
67.24734
69.35341
69.46919
69.82
68.8149
69.25047
68.63794
69.79976
70.46634
69.68099
67.81124
67.38286
66.89767
66.49081
65.60099
65.54926
65.20954
64.26469
64.35809
63.43775
63.51457
62.43118
60.22168
60.92732
60.00242
60.59108
62.14425
60.57683
60.55252
61.74268
60.89821
60.51799
58.83252
57.81991
59.4106
59.92653
61.05894
60.59531
62.12646
62.96413
63.08032
61.67705
61.36042
61.22254
60.68379
60.9255
60.51716
60.74733
61.05381
60.21107
58.33575
58.77741
59.11826
60.60994
61.60046
62.6554
63.70129
63.25633
61.1776
60.25507
61.99154
62.48542
61.4235
63.21097
61.59556
61.10096
60.33153
59.22639
60.0294
60.14312
60.4584
61.71099
62.88459
60.72656
61.6635
61.5605
59.20128
60.12288
59.77644
61.07355
61.86001
61.20986
62.93451
61.70711
60.1138
62.87868
64.90449
64.55728
65.07269
65.50932
63.02126
63.18434
62.51179
62.3854
62.58502
61.06711
59.84362
59.88656
61.30652
62.13513
61.87068
61.57036
61.28822
60.97696
59.61632
59.00492
60.05394
60.57355
61.73527
61.77797
61.53837
62.4635
63.68696
62.57434
61.90455
61.28186
61.85009
63.01149
61.49535
62.5466
61.02052
62.5819
61.38595
62.14656
61.45094
61.20869
60.57675
58.19318
59.34875
61.45843
62.40173
62.01372
60.90974
60.18337
58.33018
58.95152
56.12642
56.52101
56.06264
57.60197
58.74334
59.39547
59.402
57.7648
57.06548
56.44926
55.29072
56.15699
54.25504
55.96873
57.42359
57.83701
58.69504
59.06276
57.7219
57.91858
58.39151
58.35066
56.44972
54.72467
55.10586
55.53832
55.37612
54.24448
52.23815
50.43588
49.80673
49.27258
48.65454
48.69593
50.20112
51.24482
49.06579
48.52107
47.81533
47.54773
48.77778
49.76854
49.63405
48.46069
48.82865
50.00761
50.40508
51.47633
52.06346
50.95153
51.22427
51.64982
50.45323
49.3097
49.48221
50.32008
50.15445
51.01989
49.15589
48.49249
47.06154
46.50042
47.42862
47.56132
47.94355
46.98461
48.01375
48.52192
48.60405
49.06185
49.79001
51.79876
52.83775
53.59411
53.65137
51.89106
52.56668
52.62667
52.55811
54.45919
54.01947
53.03001
52.52349
52.93965
53.53575
53.09619
54.39589
53.87889
52.37946
52.23864
52.83926
52.30171
49.87545
49.67465
49.35716
48.73142
51.92193
51.04241
51.19551
54.43753
54.14519
53.08564
54.02136
54.05492
53.50651
53.24885
53.4235
51.7117
51.20354
51.2944
50.09954
49.31642
50.24464
49.93835
50.80998
49.70179
49.44872
49.12697
49.38906
49.85633
50.44695
51.297
52.53764
53.51012
52.82161
53.48032
54.86442
54.39925
56.04888
53.57909
52.79919
53.20381
55.38396
53.04504
52.69228
51.44898
50.9942
51.78566
52.99253
52.41136
54.0594
52.44681
51.52261
52.21831
51.2281
52.72523
51.97197
50.82085
51.26796
52.1755
54.59296
55.18537
55.03282
55.3558
55.57581
55.05304
54.69815
53.54518
54.05315
56.44775
56.0489
56.536
55.3369
55.79938
56.47611
56.07514
56.84361
56.31768
55.48191
55.24232
55.24223
53.58323
53.64669
52.6977
52.65706
53.32057
51.52827
52.93349
54.55076
57.93029
57.3347
57.48589
55.52714
56.39979
54.45528
55.05029
53.7461
52.54075
52.94297
53.71195
52.64264
51.01328
53.10999
53.67694
54.79502
55.10006
54.92888
53.38992
53.31111
53.33185
52.63972
51.98295
53.86172
56.13563
54.49159
53.61363
53.29291
53.19082
51.9678
51.77174
52.50818
50.95464
51.49958
49.25546
51.23336
51.22306
51.36058
52.44477
51.69072
50.88468
51.59484
52.65367
51.99477
52.95516
53.31044
53.83495
53.93076
53.60423
52.66676
53.4323
54.15638
53.33712
53.61878
54.9569
54.45292
54.20386
54.38975
54.04335
55.26735
54.34787
55.30858
56.07756
54.8968
54.63081
53.24873
53.62016
52.84461
53.11786
53.32843
54.24694
53.96625
53.90801
52.39105
51.2284
51.16833
51.88636
52.74828
53.77447
54.40364
54.4792
54.70589
53.03516
54.61949
55.58613
54.16585
53.38296
54.84475
54.77383
54.28222
56.84858
56.55539
56.94401
57.17489
57.37481
56.7295
58.44791
57.23654
56.78124
56.53418
56.17902
56.39087
56.30378
54.95822
54.323
53.32476
52.36482
