297.0181
335.2043
312.5233
301.915
303.1092
330.1647
298.3986
327.7267
325.6921
299.9206
310.9247
280.5899
301.4568
293.0866
303.3777
319.4267
300.6283
298.4066
307.2395
309.2986
287.1999
284.6919
301.445
286.1715
313.0945
292.4461
306.4694
301.9071
278.5299
310.7029
290.9722
314.4509
336.9155
299.431
293.824
305.1742
294.7454
320.1297
293.4634
313.5372
293.1788
297.8276
307.5445
299.2255
287.5387
306.5887
293.7441
302.1775
316.6233
299.9075
287.9388
284.5232
294.5129
263.6862
290.9221
278.4189
268.9731
270.8597
264.4239
266.5388
230.4191
228.5814
220.7561
236.7176
208.5894
199.0103
193.1448
177.622
163.4888
169.2309
161.9922
153.6819
148.2659
125.2813
115.5337
65.28686
70.01143
55.2353
45.72785
51.19896
56.79677
50.59128
53.87542
62.22881
52.01317
58.09114
53.80192
59.56293
56.13606
64.12901
51.35179
65.06485
54.06389
53.14452
55.06672
53.09272
53.16343
57.16874
56.06816
56.26791
60.28203
56.52816
54.03265
59.54738
63.02963
58.76182
54.78832
67.60527
57.62048
58.18113
61.03953
64.29446
51.72464
52.91054
69.19485
53.68542
52.9305
57.9028
55.35713
49.59041
58.20979
58.85324
53.32768
60.65728
55.84275
58.0965
59.94151
60.31698
61.37868
57.31448
60.46805
55.76951
60.25723
55.61118
53.8385
58.0444
70.2048
54.4188
54.93137
56.39943
58.11031
61.40101
51.83764
57.32803
48.12077
50.90317
58.16116
50.99663
54.84473
60.23904
61.04001
63.48379
52.886
55.3037
49.24412
64.2704
57.24735
58.57102
46.59469
57.29789
59.73461
49.43359
51.90093
63.43795
61.69418
52.70508
47.10017
58.85912
58.40666
54.30066
51.48516
54.07905
60.88073
55.45563
60.47425
57.96824
54.80805
59.12909
56.85065
54.08632
68.12732
53.20171
62.81481
58.90205
54.79579
59.19582
61.35873
50.74094
55.84397
51.61925
58.12108
57.37707
59.27175
60.45749
55.46037
59.46319
66.92936
58.0052
58.099
48.8178
50.01954
59.69908
54.09948
55.43057
61.08675
47.56588
52.2497
52.29609
58.18712
50.93761
57.24467
67.54048
60.15736
58.3562
57.58532
56.87882
63.32397
60.83622
56.97714
50.04841
59.24681
60.00571
48.67671
62.17387
61.39271
52.39683
51.3507
60.9902
53.57734
61.00729
55.16984
52.92915
52.13954
58.30697
58.17495
55.45037
63.35791
53.42099
57.07652
55.47081
55.18204
53.50161
58.99206
57.28097
52.32267
52.97901
54.23722
52.99586
61.88171
56.93102
54.46781
50.56881
53.72934
56.36501
68.47105
57.44387
63.11666
52.63538
54.19523
55.00711
51.02457
63.60869
57.11486
60.73642
54.44427
56.15845
54.81102
55.12208
56.0091
55.35102
64.113
49.28326
60.90747
64.10689
48.60838
54.30032
51.13634
54.1056
52.18147
51.60714
61.21344
56.50428
56.45049
54.93026
56.80294
58.82363
52.36844
56.12357
55.1584
60.15301
60.33792
62.82114
62.15976
53.69085
52.16874
52.12012
56.84622
52.55569
59.57829
54.2984
43.17603
55.71982
56.35654
52.83862
50.21655
55.54952
47.99566
58.082
58.20247
55.86937
49.05484
58.74608
44.76865
59.23857
54.90548
58.22861
58.57251
62.79096
53.24722
55.08454
58.1084
53.02455
58.15164
47.57325
53.17311
55.87676
57.35467
64.57873
58.05147
56.29698
55.15192
54.81558
55.64147
56.7484
52.37117
54.19474
53.20032
58.24959
55.18136
56.29199
56.80577
49.71443
57.12334
55.87526
48.86831
50.34688
54.93376
59.88375
59.08786
61.14544
59.89164
55.50914
56.34098
52.44399
48.5093
55.14116
58.47509
53.39004
57.23839
53.02246
58.21461
58.25028
55.58497
61.64843
50.04133
57.92201
56.7694
60.57181
50.08755
55.53436
55.13193
55.6659
51.09594
56.1319
63.494
52.78966
60.69034
60.34623
60.36747
53.94761
53.31553
55.01733
60.58691
54.5081
55.82704
46.92747
52.23412
57.1752
62.14633
52.5423
53.09548
54.07391
51.23356
56.5905
60.17266
56.65854
56.6073
60.20266
50.19032
52.76555
55.93677
56.26207
52.71164
54.25786
56.94993
63.4754
53.96589
52.44288
57.37422
56.57433
53.66088
56.59215
53.72997
45.74225
57.78064
53.14349
48.84328
60.38858
55.55025
56.20158
58.09852
65.38063
49.86045
51.87746
59.89612
58.76125
50.41322
53.73388
62.59131
55.48595
56.17874
50.77289
57.52587
56.91719
54.73487
54.29381
64.62589
59.77339
55.86883
50.74827
66.68344
59.11714
61.63008
57.10466
51.02742
50.88068
57.48957
57.97314
57.77938
52.42787
65.24889
61.41556
60.15501
64.06856
56.7505
59.32994
57.06475
55.2036
52.59437
60.80961
59.81089
49.19917
46.84607
60.39172
58.66335
52.96345
50.8824
55.28416
53.44713
59.75928
58.14313
45.05539
59.27103
59.13872
63.61859
63.06639
56.02165
60.31891
62.25683
53.82115
56.71499
58.43502
55.73837
52.09449
57.18968
51.60912
55.93184
51.48658
57.82794
58.76295
54.41362
59.37301
61.14012
64.14176
58.19586
49.50194
54.5224
58.64173
56.78897
58.36227
