787.9496
1724.316
856.0265
1330.156
627.3803
790.6054
496.5408
612.1944
1739.606
605.8761
746.5107
681.2458
579.5927
790.5341
1191.665
1844.371
1514.901
941.0309
875.0582
1208.987
1959.244
398.0282
757.1321
1387.471
1192.399
1567.763
1351.914
1137.697
698.6757
1413.028
1813.671
1381.814
1619.324
920.1443
728.434
1522.184
2180.584
1276.304
732.8745
702.8533
1245.607
2731.157
2978.754
2148.251
4386.959
2511.083
1204.545
2194.12
2147.81
607.1795
1675.878
1563.994
1063.69
1202.557
2179.854
4055.958
1826.596
1383.024
642.7389
1137.133
3020.904
637.6003
851.095
1602.35
1077.102
894.9748
1736.232
1519.453
835.0939
1310.596
1342.023
661.6652
2543.372
1026.283
2882.573
1642.037
1892.593
1679.186
992.1608
1657.332
2499.258
2755.619
1995.274
1351.513
2679.197
927.0407
1640.549
810.6553
690.9946
1388.511
1234.511
887.3227
1036.377
957.9474
1445.738
1558.716
1327.962
684.4627
1345.402
517.7373
989.7171
965.7751
1015.078
819.3066
494.1227
1524.292
1350.901
854.2909
2047.901
722.7115
629.1576
1360.558
886.445
2108.831
1143.182
1122.352
700.5843
2829.172
539.0584
587.2437
497.4299
1103.242
1204.014
473.1836
802.317
645.2967
780.6982
686.1916
687.2502
1023.578
965.4857
939.8097
1100.164
513.2508
661.8989
383.7227
350.3404
713.1573
859.9862
743.3528
601.8114
1585.414
763.4903
1091.538
482.0546
1022.932
1541.17
496.2229
324.7728
693.5678
1384.283
1172.554
295.1583
629.8919
501.9198
793.3628
534.9408
718.4924
602.9005
1419.261
317.8234
1191.983
694.2932
656.7733
483.2394
790.0839
985.3075
299.0543
380.9762
893.3793
545.6121
545.6674
352.9581
423.9666
934.8026
784.2092
357.4308
404.3994
559.0587
305.1898
571.2851
1393.397
1224.003
465.5272
483.1773
638.9023
1214.394
377.039
611.3842
700.1613
616.8254
669.0839
2804.956
576.6323
358.0909
767.3519
804.4121
324.7455
409.1158
554.0904
487.3631
1134.662
605.8895
1439.035
337.0305
1692.629
303.4979
695.3518
375.6387
418.673
1471.931
1171.638
371.8504
339.5695
1293.652
597.05
3372.629
520.107
441.5221
508.4685
750.8524
301.4415
352.4303
812.8419
4680.028
450.213
951.0072
1181.009
799.7409
705.4654
458.1062
459.1253
773.3355
2335.27
634.1111
361.7759
817.0536
877.6589
865.3563
595.552
933.947
700.8253
645.0894
535.5082
1009.427
935.4464
568.3654
474.7296
490.2876
444.2234
454.3263
482.4352
871.5734
2233.925
4545.132
1326.393
719.0639
962.0465
975.1446
815.8487
1120.672
586.5186
462.1256
671.7805
584.3029
773.3061
762.5266
502.6552
308.7674
628.0722
518.8691
1566.17
388.9256
1134.903
555.1735
361.2513
826.9637
654.0243
463.8507
612.0147
393.2659
902.3697
967.9719
516.5662
444.7447
429.9421
388.9231
659.2197
733.001
535.0035
714.903
1106.491
1765.394
385.6632
865.5658
402.9056
646.8885
1056.657
4184.633
1130.749
830.4261
1043.439
793.6689
426.5249
1082.005
834.937
1146.361
875.0004
512.8056
461.3328
874.3616
924.3054
607.3766
1094.393
865.6594
1160.423
1194.385
1054.406
820.8246
1196.402
588.2439
1073.862
703.3552
2631.953
913.0663
810.4866
1085.27
1545.605
1095.916
646.6989
517.1942
1467.789
672.5232
622.5394
418.4625
356.1737
1275.78
517.5907
1532.667
369.8811
1292.719
1009.284
555.9483
1043.093
439.7562
1542.784
966.6153
1275.187
1409.352
561.0657
610.0559
373.0317
473.0893
887.816
1333.878
857.4733
1054.611
1334.352
627.4291
1160.96
1048.113
954.9017
628.5821
879.7649
1930.279
1678.379
479.375
1166.107
3123.566
484.6997
1156.582
1045.351
657.9513
563.9054
775.8859
910.9018
1565.815
777.1011
817.1795
805.6104
299.2016
1472.797
615.8172
4200.873
634.3438
585.045
929.4231
1189.928
1364.425
980.3835
1001.979
1345.871
746.6008
1139.335
830.4823
1167.607
886.9214
683.5623
577.3286
531.9545
842.0845
1498.056
1715.79
2047.815
1127.272
1574.318
618.5168
2353.308
1322.293
2980.536
1562.5
1688.809
1015.162
455.4189
1402.339
941.7189
1058.993
1227.46
1406.778
1012.842
1113.822
1085.858
2505.881
5595.248
1626.106
1724.917
2086.132
1428.649
1795.383
3906.338
718.5458
2280.625
597.4808
383.6121
800.3801
563.3029
1075.044
1625.118
749.0867
899.3486
853.4834
487.5256
1181.543
1264.743
1081.751
1066.233
1508.535
1423.984
1263.716
1199.411
802.2158
899.2395
377.6952
637.8209
863.1684
2150.69
933.295
711.648
676.1522
663.8381
2146.398
845.0636
2304.958
1157.418
881.5873
705.339
700.267
775.5746
1068.33
1437.07
1597.983
745.4158
1021.167
1583.154
723.7903
1260.27
1853.162
1609.661
433.7278
1900.66
873.1223
1547.664
1396.528
1129.187
718.3746
883.7751
3800.127
868.6215
1110.97
939.7788
1390.92
4118.731
1102.363
528.6658
1463.769
1293.756
766.9609
847.0336
2268.026
1212.387
