108.6631
112.8052
116.9734
104.9618
102.941
110.8754
100.9548
12.7398
13.18102
12.80888
11.47428
11.95676
11.52101
13.1256
12.57564
12.43933
12.72742
12.30119
13.61317
11.49884
12.92216
12.23197
12.18071
12.96739
12.86329
12.43398
12.62245
12.19674
13.29257
13.14448
13.27186
12.42583
13.34549
14.40445
13.73209
12.71844
13.01653
13.15919
13.29488
13.46503
11.74652
12.61028
13.4789
12.61315
12.98105
13.20296
12.32737
12.52529
12.14475
13.91289
13.3276
12.64601
13.22146
13.64757
11.32289
13.03344
12.1041
12.64314
11.84856
11.98764
13.91473
12.68391
13.07881
13.38231
11.88456
12.93029
11.87354
13.91713
12.34908
13.71651
12.74501
13.17449
13.00772
11.79372
12.12784
11.23944
13.46614
12.73911
12.76584
12.06064
14.0399
12.48002
12.45339
13.14334
12.26373
12.00402
11.9145
13.59512
13.05391
14.62358
11.83113
12.2061
13.07532
13.15302
13.63479
12.12942
13.66847
11.66079
12.73289
12.21641
11.8963
12.02818
11.41639
11.54612
14.32753
12.7764
14.86094
13.42128
13.07188
12.14291
12.34227
12.5173
11.74816
12.90285
11.69569
12.38331
12.23471
13.60352
13.25042
12.77625
12.68503
13.21909
13.16488
12.05702
13.55662
13.80411
12.0051
13.61047
12.74926
12.59293
12.34176
13.48688
12.67864
12.4248
13.12049
12.5325
12.7633
12.75945
12.7276
12.78957
13.12194
13.00358
12.98986
12.07347
12.41836
12.17149
13.13572
12.64926
13.89087
13.95543
12.53609
13.35536
13.52302
12.14399
12.49062
13.77523
12.91985
11.85327
12.72653
12.7243
13.10091
11.73875
13.35422
11.88711
12.71173
12.43191
13.71519
12.93917
13.19137
12.34934
12.54526
12.67583
13.11578
11.6535
12.52827
12.44359
13.23599
12.72901
12.879
13.13992
12.37535
13.10157
13.44735
12.97506
13.56514
12.59252
11.82637
12.64476
12.5723
12.15959
11.97072
13.8374
12.96686
13.88788
13.27996
12.60398
12.99142
12.00004
12.62664
13.23271
11.39311
12.70086
12.26735
13.51723
13.91212
12.01217
12.33061
12.3447
13.03353
13.54091
14.64278
12.30546
13.99213
12.98146
12.34752
13.68347
11.51209
13.06311
11.3402
11.56898
12.57141
14.24781
12.12872
11.79814
12.45217
12.76977
14.71532
13.09439
13.92393
13.42737
12.90957
13.09394
12.36806
12.35377
13.2226
12.19153
12.57795
13.54145
13.90012
12.32125
14.6563
12.694
13.82281
12.50097
13.23587
13.655
12.92664
12.42994
12.50866
13.2906
13.44263
11.98948
12.25423
11.74346
12.5494
12.87724
13.91344
12.62312
12.67739
11.80313
10.54742
12.99726
12.31611
11.94094
12.03751
11.64831
12.61804
12.73898
12.59018
13.19965
13.08243
12.40346
12.06296
13.75541
11.73329
13.42626
13.26649
12.29327
12.39598
12.39048
14.21931
13.41171
14.31804
12.13683
13.19366
11.86364
12.51159
12.00982
13.12666
13.5315
13.96917
13.32981
13.06756
13.70738
13.51762
14.47554
13.20184
13.02825
11.77533
12.65055
12.15612
12.31802
12.04524
11.87364
13.76806
13.35413
12.28494
13.88929
12.66658
12.70005
13.04092
13.66958
12.61657
13.44007
12.49781
11.11328
12.49616
13.37459
12.18053
13.38119
11.31961
12.22309
12.06045
12.29772
12.38935
11.92161
11.708
13.12332
13.43094
12.75098
12.79691
13.67345
12.18209
13.32186
12.93839
13.07898
13.36803
12.18214
12.37775
11.99209
13.23258
12.12079
13.25969
13.76397
13.47831
12.91333
14.39204
15.16347
13.72003
13.3049
13.30459
12.94336
13.23684
11.61755
12.84041
12.9532
11.04529
15.18083
12.52646
14.06593
12.49213
13.89298
14.01067
13.34286
11.63602
12.47239
12.85702
12.11872
13.81869
12.52558
12.2338
14.2676
14.05212
14.7246
13.59555
12.33147
12.91218
11.64976
11.86562
11.82584
14.46479
12.80472
12.98771
13.67942
14.10206
11.87227
13.40748
13.94834
12.1643
12.94478
13.31987
14.1789
12.81018
12.22704
12.06458
12.37009
12.35964
13.07584
13.32613
11.80738
13.096
12.62235
13.45931
14.84899
13.27367
13.65055
13.46561
13.57668
13.27656
12.20168
12.6663
14.4362
12.79785
12.15831
12.7784
12.79493
13.57584
12.2969
13.31369
13.29349
13.14152
13.90497
12.17714
12.06137
13.93193
12.58225
12.28444
12.13735
13.28156
11.60931
13.02704
12.52505
12.3217
12.63094
12.50521
12.26236
12.9998
13.31715
13.01317
12.84694
12.28543
12.64151
13.0804
12.88805
13.68323
12.3635
12.1279
13.1068
11.65915
13.06431
13.13939
12.78422
12.71463
13.27681
12.51021
12.88471
14.26984
12.90156
13.10417
12.63254
12.97538
13.49243
12.21287
12.65598
12.61613
13.0737
12.50327
12.50425
11.6242
14.1444
14.17135
13.02561
12.74105
12.57336
11.9993
14.10075
12.78755
13.02473
12.13355
11.76757
12.92416
14.07629
12.34152
12.96615
13.44063
13.31282
12.37925
11.74885
12.42972
12.43439
13.30043
11.68149
13.36068
12.61755
12.55702
13.0403
12.43867
12.19235
13.51686
12.02159
