570.2112
1982.203
2782.239
1484.891
323.7286
482.3895
1026.177
472.7829
405.0537
544.7933
576.7443
1225.675
611.4339
1340.363
728.8998
1062.528
1636.168
828.1679
1095.558
3347.128
330.7448
479.5648
790.9963
1055.072
3523.979
449.9527
233.9871
358.9848
830.8904
397.2711
293.5217
658.5624
694.7127
581.8452
665.2737
1195.226
504.2453
512.6793
667.6467
479.9763
579.9706
380.6795
725.4776
196.5361
435.5831
789.744
1440.888
1152.333
700.0332
541.0378
976.2536
1726.765
998.8338
838.8048
3207.194
692.8711
449.042
1207.824
3821.796
682.7886
566.4655
1239.239
452.5787
443.8233
589.532
565.9896
320.8488
401.8242
418.2468
502.8273
306.3694
1084.804
1257.865
802.0025
528.6142
467.3775
273.8779
536.8017
287.9051
868.7387
882.9551
703.2116
579.0711
636.2219
417.4552
458.5605
627.2189
513.0373
2189.994
768.4544
369.1577
372.9378
291.3058
184.3781
937.9261
1050.68
223.1533
423.4198
466.6384
3177.217
692.261
1032.733
413.3692
727.2147
265.138
779.9219
403.7929
657.7378
368.9782
410.3371
295.0835
264.1658
439.7477
894.2816
392.8611
774.6421
653.8429
940.3728
250.3285
378.3368
183.2682
1238.724
726.0442
749.4548
2629.437
365.1457
282.6103
1197.408
323.4196
281.3668
917.3729
306.8481
1811.954
632.1922
329.6883
359.2967
569.3203
631.5606
369.5442
574.9781
865.4731
687.8369
627.7004
689.4801
1764.694
373.5051
1252.341
317.5207
236.1296
425.0965
1835.63
812.0788
692.7215
447.6445
559.7454
307.6494
295.3424
332.4494
1354.854
346.4542
534.4234
305.6865
984.4477
626.1903
454.0271
294.2649
420.6186
388.6262
665.1189
447.0956
2215.505
661.3261
283.7274
407.081
376.6137
983.6655
316.856
283.8863
682.5365
315.8224
454.2735
306.6661
490.1003
527.758
891.2306
1208.68
580.4162
377.0531
1915.999
310.0922
489.0173
1033.659
330.3947
928.2229
727.8349
539.0909
223.0269
1433.958
825.4758
954.4718
541.901
438.6539
1079.699
1055.761
491.6024
1044.371
320.9653
616.7259
1008.964
431.0837
1356.184
1009.518
2167.091
419.8363
867.9852
681.6296
474.561
784.6476
928.4758
1062.647
1113.154
1141.707
392.7549
482.5455
2201.603
1132.542
509.9023
1312.343
653.8652
626.1885
1045.753
280.3265
442.1787
459.607
547.1667
894.5322
1714.902
1496.936
799.8829
1055.622
1633.051
1055.35
1377.555
1644.952
493.8745
1984.593
1107.58
1036.286
1297.851
2246.992
1469.352
1771.504
991.12
9276.286
711.7475
1954.626
593.8689
387.8108
3667.711
1122.599
834.6782
1630.805
7059.681
659.0008
647.2025
320.1311
203.7805
1102.024
458.5604
671.5163
912.8819
810.3768
1086.73
1267.25
418.4827
372.1752
461.714
764.6254
602.0268
1895.825
638.3747
1067.69
369.5364
1241.716
827.3863
1199.428
1456.647
1106.017
1073.38
630.1071
945.2245
1319.038
444.3808
636.6499
1155.481
652.8988
495.1147
350.8458
808.4987
513.3475
924.1903
805.0795
633.3854
312.3313
689.3227
582.9326
352.9852
1738.115
1145.227
488.4846
219.3037
737.9308
347.2229
334.9269
448.2802
414.7685
598.5257
512.0423
790.2308
610.7904
153.849
1134.544
342.3972
244.0228
358.0027
451.8763
361.1445
1905.529
207.9262
217.4743
894.638
890.704
1270.388
483.7109
2568.356
1013.449
7435.126
356.9719
394.2341
2031.411
1001.068
894.2345
672.1382
497.3826
424.6139
1891.05
472.7625
3461.659
258.4867
475.0754
366.972
474.9348
311.5628
714.6294
702.997
831.9723
402.8027
667.7715
635.6795
629.4066
446.5965
629.6262
397.5799
484.7484
529.3973
441.1693
5167.633
817.6436
587.557
749.622
704.939
278.8297
752.7673
471.511
383.6426
401.7998
1118.943
633.5903
748.3247
575.6282
1614.608
669.0258
1223.656
428.121
611.3409
672.5199
274.9278
691.9274
1110.054
661.39
828.9491
467.7561
349.0004
567.274
623.5176
972.0738
385.5647
698.4971
562.5393
1192.13
398.9301
530.7789
505.265
1929.586
804.9159
638.5677
501.2598
1828.918
919.0601
348.4071
370.1781
688.627
692.7011
491.2294
263.374
493.7177
600.6843
941.5676
546.8561
722.9631
189.3625
335.4661
1050.357
575.9667
638.6599
383.9121
830.0317
477.5378
633.7101
506.3507
733.8659
756.5035
264.2948
720.0803
570.3392
969.4563
940.6611
638.4373
254.5268
697.1407
1106.646
357.7119
474.9189
686.5613
804.5932
368.3011
543.347
397.1684
854.2309
543.7417
1738.999
295.9904
441.8422
521.9315
332.3563
1003.678
925.4671
327.6136
1200.971
796.7184
552.736
473.7077
530.911
993.4451
1030.002
553.3556
366.5989
1152.392
1222.713
800.3707
490.2537
293.9794
642.8585
1511.291
361.9701
380.7243
807.0942
1011.293
1508.234
643.1538
691.9474
734.7617
448.3045
215.2252
703.4866
493.669
222.9427
457.666
1042.836
470.5359
911.3141
517.2005
664.8423
970.0132
310.2992
426.9802
838.604
729.8119
474.9805
938.5568
