22.34672
18.82282
20.60054
29.43074
21.29877
13.7361
12.13796
17.20897
12.51591
11.29647
7.381708
7.442526
8.272242
8.700519
9.116512
22.39866
17.50701
18.46964
13.7419
11.13448
10.29964
17.33981
16.83535
19.00925
20.96688
15.68119
11.42797
13.42426
16.33162
15.51451
15.99156
13.13545
20.05114
12.4044
12.03043
15.33936
12.14234
15.3953
15.60452
9.846605
11.00438
12.93295
14.81873
19.99176
20.92772
22.31608
22.15552
14.00361
12.31147
14.83934
14.11539
10.49455
15.43065
22.87689
25.50557
19.89722
27.2707
16.48396
17.46277
18.59219
17.08647
14.12194
20.59705
22.21228
15.56971
20.31322
24.50239
26.19099
18.95394
20.40945
17.88939
22.34931
19.43067
24.10281
26.33968
24.64086
14.14888
10.36096
8.563224
8.29008
7.487792
10.25523
12.65791
16.15847
23.69578
25.10231
12.92539
19.21498
13.44315
10.37722
11.3631
13.75824
12.35873
19.73858
21.43348
21.44502
18.49269
28.68585
18.96049
16.73302
15.03433
11.20792
12.22803
14.23886
17.34036
11.10946
13.84525
21.54731
17.33099
18.6442
22.91857
13.96617
8.8168
12.98233
10.45202
16.30701
20.28569
17.17621
13.09504
10.44451
11.00921
15.49507
25.05786
16.57694
14.06731
15.42125
17.17966
28.74286
23.61143
19.15696
20.43532
10.98485
20.05648
13.78657
11.04671
12.4784
14.07784
20.45088
13.09093
15.55487
15.11383
16.05776
13.79799
12.02141
14.11573
14.73182
14.46096
16.43206
21.58581
12.87925
12.98171
24.21795
23.78415
24.00116
14.88009
16.15517
13.75374
18.73035
13.7552
11.46859
16.1528
15.93452
20.67266
15.85372
11.79655
9.225935
15.73686
20.22839
21.41332
14.03665
17.9555
26.95903
25.37107
12.6081
9.921302
13.82059
20.0119
22.38331
25.07075
16.95051
13.99755
21.26136
14.7784
18.78828
23.10884
15.86345
20.6515
16.50844
14.56215
13.80093
10.37212
7.533107
7.291741
8.57546
9.398658
8.195339
8.52341
9.362469
9.138558
11.00815
11.64012
12.68098
9.917542
7.841215
12.07282
13.83645
11.40841
10.29072
16.7849
12.9256
11.79025
10.75408
9.315457
13.25782
13.66366
8.40937
8.824264
12.31976
14.45744
11.91929
16.28419
19.30931
21.59375
11.38337
10.25869
11.09308
13.14227
9.439805
10.22818
11.04875
13.0175
13.70073
13.96109
13.687
9.108071
14.65038
11.329
8.660252
10.80117
8.089837
8.818103
12.97297
15.05175
17.12542
22.55304
19.07975
18.17302
15.95265
10.42402
11.23336
11.51094
18.40701
23.40886
17.11957
12.46461
11.6632
8.884865
14.4487
12.13431
13.69805
14.89128
11.41588
13.06917
9.808831
10.97531
14.1956
14.6357
7.069087
9.277545
17.75636
26.37297
19.50164
10.99702
14.71785
12.11959
14.08493
18.28767
17.0891
20.48275
16.81749
10.57094
13.50521
9.778097
12.42884
20.84832
15.49252
20.36379
20.68583
17.52431
16.35552
19.06596
20.82851
16.46088
13.29048
18.73504
23.24573
19.50741
17.23614
14.85423
15.99921
21.63672
21.77209
16.59808
10.05364
17.44308
15.96081
15.92499
6.810699
6.959793
9.189691
11.69501
16.28753
14.48974
17.57022
13.49452
20.20398
28.38943
20.09367
20.77389
21.85954
19.2975
28.63178
19.931
21.36103
26.2469
20.40517
17.75758
18.64554
16.54604
15.16315
18.43178
22.41161
18.19415
19.01347
19.5724
17.69064
14.18052
11.36759
9.968585
16.83314
17.80617
12.87821
12.66983
17.02984
10.06382
9.287009
14.68097
14.00192
7.303204
16.54343
11.55511
11.14514
12.74809
16.24193
18.75249
12.24771
14.64706
16.00355
15.31209
13.5189
12.02292
13.64473
16.83236
17.34774
18.09548
21.51782
13.24327
11.72984
15.03195
17.62869
16.05236
16.48275
21.16009
15.5961
9.951592
9.753629
12.62458
11.89449
13.60693
20.64105
14.34143
19.47817
30.5894
37.15303
29.98843
24.38784
20.39522
14.08473
8.294356
7.064022
12.0029
19.74748
19.68477
17.55492
11.59098
10.45146
11.82405
10.25591
13.81224
18.22305
14.33706
15.88958
16.42969
16.40569
11.82296
11.68039
22.95115
19.00479
15.79718
15.17265
15.93555
17.0946
16.46791
13.64723
15.58838
10.60675
12.77329
12.75151
15.62769
10.12466
11.25769
7.89762
8.027128
9.065272
9.480159
11.48769
16.73302
17.8384
17.61995
14.53372
11.59892
13.71486
16.6132
17.21483
17.38519
25.89271
21.15163
17.76705
19.90203
16.96804
15.68982
20.68438
16.61235
16.14966
10.15318
9.217924
12.83803
13.53439
16.03444
18.42146
21.78843
23.34385
27.38627
30.55153
22.12057
14.23306
21.03861
16.18568
16.52898
15.28053
15.69052
13.72767
14.7341
16.73924
16.07728
12.58766
16.67715
14.45906
14.12682
16.00995
19.24853
13.37015
11.00543
8.462663
14.05886
11.345
13.05117
13.41203
17.11878
18.76632
13.97559
11.87681
8.827034
10.65456
17.28247
19.81906
14.4015
14.46106
10.09904
10.96287
15.5138
15.00174
22.83992
11.56675
13.16465
19.2308
14.91366
12.65267
17.04734
14.89788
