14.67257
11.83228
12.62288
12.90026
13.07581
11.7664
13.35072
13.46284
12.13123
11.92054
13.31898
11.70714
11.66277
12.29547
12.4038
13.0119
11.74954
11.31563
13.4645
13.76907
12.70643
13.7487
12.93494
13.8888
13.4074
11.05165
13.47548
12.37742
13.00444
12.02811
13.59176
12.17477
11.77463
12.55796
13.4349
12.24069
11.92347
11.0463
12.79378
12.14414
12.15367
12.04125
13.54281
12.01639
12.78044
11.64137
11.75611
12.48107
13.30778
12.75206
13.19307
13.40586
11.8796
11.75249
11.98902
12.8048
11.99518
12.39471
11.73642
11.72295
12.63811
11.39566
11.08905
13.82676
12.54843
12.48051
11.69685
11.43189
13.5272
11.56893
11.67231
13.38617
11.46504
12.02849
13.22226
12.428
12.29034
13.37599
11.42172
12.92448
12.2695
11.70214
12.8184
12.57986
12.66586
13.23177
12.85615
11.99646
12.18325
11.46724
11.93747
13.8906
13.44242
12.51025
12.989
12.11613
13.46528
12.4551
11.71089
11.15171
12.12261
11.85103
12.27783
12.38198
12.38129
12.36485
12.95074
12.11603
10.58007
13.21135
12.8899
12.21375
12.93276
11.78601
12.26015
12.40481
13.226
12.56715
11.80291
13.84317
11.28788
12.43439
12.15777
12.15466
13.56209
13.3517
11.70959
12.05133
13.2916
11.96964
12.25432
13.00776
10.96038
12.93559
12.22437
11.90889
12.8621
12.11167
11.79092
12.43295
13.34994
12.278
12.76962
11.9768
11.24582
12.80026
13.1181
12.24077
12.67002
12.75255
12.8832
12.25601
12.93135
12.2078
12.23102
11.54619
11.74843
12.85414
10.75069
12.54469
12.12342
13.44627
12.15416
12.82528
11.21646
11.77176
13.21246
12.41142
11.47679
13.08378
12.49256
11.81195
11.81391
13.58205
11.36001
11.52489
12.68265
12.8062
12.07471
13.28541
12.23544
12.77054
11.34759
11.92353
11.95428
12.59907
13.50581
12.68331
10.11549
11.43657
13.14273
13.94451
11.80557
12.77458
11.14109
10.81617
13.0944
12.14212
12.19862
12.94074
12.91001
12.36491
12.49073
11.25004
12.96499
12.06039
12.51729
11.95319
12.63222
12.36297
11.71396
11.92743
12.83954
14.04695
12.2357
12.27074
11.75278
12.51424
12.7985
13.24045
12.78117
12.43687
12.78791
12.24802
12.58201
12.34971
12.87619
12.75217
11.50991
13.34094
13.252
11.97949
12.88168
12.61044
12.85941
11.6828
13.59228
11.69789
12.4426
12.03919
11.17755
11.17988
13.00852
12.05137
11.92463
11.96237
11.8292
12.4599
13.12312
12.48226
13.77732
12.29657
11.95005
11.69882
12.08734
12.3899
12.29516
14.10164
12.50027
13.36462
12.63304
11.177
12.09838
11.38063
13.44657
13.10683
12.83819
13.13561
11.55914
12.46814
12.4727
11.5953
12.01552
12.76714
12.98117
12.45003
12.77113
13.10075
11.64656
13.03337
12.04619
13.18686
11.87346
12.73939
12.65468
10.80768
12.62994
12.61654
11.51929
10.86356
12.54988
11.93636
12.57919
14.41591
12.5793
11.94457
12.03321
12.93147
11.27835
12.82884
12.92903
11.80073
12.67585
12.91122
12.06991
11.21505
12.92014
11.41869
11.82474
14.72631
13.19419
12.22646
11.55136
13.1147
13.12032
12.08578
12.36627
11.9528
12.65928
11.15611
12.46642
13.18222
12.02354
12.57052
11.9232
12.18553
12.61561
11.68523
11.02874
12.48073
12.90947
11.82873
11.27851
11.6583
11.63361
12.50792
13.6321
11.98961
11.80152
11.48743
12.10497
10.94381
11.52181
11.98506
12.22575
13.45663
12.54747
11.58814
12.02486
11.95904
11.78939
11.87886
12.06939
11.83272
11.41369
12.08213
12.5341
13.67935
12.1391
12.38192
12.92523
11.38763
11.80969
11.24522
13.45709
11.15779
13.33412
13.93774
12.70321
11.3612
11.15828
13.27995
12.64086
13.1255
13.78281
12.12099
12.51594
13.12821
11.43464
13.84902
12.5868
13.69722
11.59625
11.6191
11.79714
12.57779
13.88392
11.62771
11.61207
12.17918
12.676
12.53495
12.19736
11.31583
13.00266
12.33035
13.34164
12.9521
11.45245
12.39589
11.95687
13.84838
12.32861
12.80413
11.45694
12.2274
12.04164
13.33053
12.42357
10.92473
15.45867
12.17476
12.4431
13.4006
12.42146
12.50537
12.38698
12.08459
12.99733
13.20437
11.96072
11.8789
12.05541
12.94817
11.75884
11.90708
12.27036
11.97438
12.14162
12.6385
13.01063
12.26621
11.55252
13.49464
13.224
12.80818
11.68192
12.93148
12.08834
12.02733
12.87596
10.74658
12.30791
11.8028
12.59198
11.80461
12.98274
13.28209
13.92529
10.9166
11.87721
10.46277
12.9454
11.29169
11.95593
12.4091
13.65844
12.64423
11.281
14.22823
12.44617
12.28495
11.28319
12.6554
13.5851
13.00742
12.41799
13.46259
12.91584
11.87453
12.31735
11.45952
12.87718
12.05893
11.46155
12.3702
12.37013
12.09702
11.11124
11.27189
11.11067
11.73446
10.19838
12.44861
10.89891
11.72488
11.99108
11.67457
12.74749
13.44896
11.95536
13.21198
12.87401
14.14425
13.0023
12.03035
11.58315
11.57974
12.98144
11.9975
