442.5225
582.6998
525.2905
562.7081
513.5099
618.8879
615.3782
528.3198
587.4509
600.5337
581.6666
620.2421
628.1457
634.1617
541.7624
562.232
633.958
670.1417
584.1238
676.7346
543.0021
586.6078
567.918
555.0075
602.7262
572.2458
572.701
607.3123
537.687
542.1865
695.1075
585.1028
644.1795
693.1472
508.1906
571.9385
588.0257
682.8513
594.443
628.7118
496.1871
612.8164
545.0876
579.3905
561.847
659.9203
532.4919
564.4782
467.1776
687.6418
563.576
575.9814
598.7127
518.4175
558.3743
585.0845
549.5522
573.2808
499.4429
554.2928
529.3481
648.3479
634.4527
545.5599
620.8071
549.1185
579.714
589.5589
583.5429
649.7306
697.7947
542.9344
612.3689
643.4508
562.0119
701.0393
549.7469
597.3238
561.8993
612.4875
555.5131
549.6494
519.755
674.3542
536.1072
505.6678
591.9
542.8186
539.0643
638.486
499.3151
579.4615
497.8584
526.4203
607.8592
593.6899
622.2404
543.2184
518.5147
491.1441
621.108
641.4305
523.9505
578.556
670.3943
606.1023
499.2038
549.5633
593.3306
529.7585
508.6439
687.5185
579.745
601.4862
649.5869
585.1445
525.2637
704.5053
605.189
613.5249
515.6705
523.1513
669.5725
595.8866
549.4724
581.9689
466.5507
537.5228
552.1436
647.0698
569.2336
485.8691
658.5647
685.0149
661.0618
565.605
529.6708
573.0565
584.9784
527.8296
612.5304
551.6734
611.6042
521.0221
491.2466
604.0591
545.9218
523.1838
565.6705
652.1274
650.6011
681.4885
577.8299
554.1381
592.186
501.3787
579.6677
509.8448
573.4193
528.2245
519.1398
595.2462
614.6618
628.4537
634.924
546.2625
499.1816
652.9809
633.8255
688.7966
510.8276
586.4974
569.4845
511.0927
621.756
551.566
599.9389
567.8128
536.794
521.3238
588.0767
636.7004
691.8291
540.4323
588.8265
542.5325
661.9769
528.8494
551.9185
617.6788
618.2784
613.7213
570.3249
561.8203
599.5066
631.6113
502.9191
623.792
626.801
545.9058
523.7249
624.7261
713.4881
590.3617
521.2748
608.5736
571.8563
582.0603
548.5295
547.0332
550.5475
527.3567
614.6341
594.8453
552.4703
731.9069
590.6146
584.2686
604.4444
556.0879
585.7563
572.6355
598.7346
679.603
576.1799
611.6709
559.5018
622.8198
563.3518
579.5393
593.8104
574.7572
517.013
474.6291
597.0436
549.9499
539.5509
538.8808
536.1034
530.5114
551.3868
534.4526
606.4613
565.6718
502.6675
553.0182
565.389
580.4456
570.8946
536.8721
512.86
540.9567
502.4916
574.7695
514.0914
593.4544
547.6581
590.8946
532.6932
551.155
669.9293
629.8172
609.9198
640.4553
617.8399
526.0723
620.8321
508.3141
562.7492
684.6465
469.3145
625.9091
630.8175
579.968
516.7677
584.7446
557.1889
547.7204
505.7065
665.0492
772.4341
572.8119
560.5905
594.472
640.1425
578.5462
559.5746
618.6208
587.0699
605.8715
611.5121
502.8128
509.6362
521.927
557.2208
601.0608
487.3545
569.7933
563.9586
570.6467
540.8087
559.2031
620.2891
660.0626
581.4049
565.2105
525.0881
641.5342
614.3821
582.9116
567.8
600.2332
589.8252
577.2245
607.3984
550.0284
700.7041
524.4788
654.2979
693.3319
584.8971
577.0011
528.9318
565.1943
557.8465
627.3473
457.2251
519.3991
581.5946
583.5713
583.2179
600.9408
560.4182
639.2787
530.0887
575.7635
559.9886
576.9997
618.3255
572.2568
612.0891
560.6489
526.6859
569.8387
734.0308
507.7194
570.6166
593.7188
552.9612
607.2791
568.485
540.7736
626.898
551.985
616.8824
546.0592
607.032
562.8131
603.2211
641.7991
504.1555
576.6517
595.5933
623.9994
547.3267
589.1571
600.3417
661.239
638.3199
569.1038
530.0835
526.0164
565.0616
526.9778
578.8533
574.781
584.5929
558.1871
568.9533
560.1407
613.1247
607.3384
578.9959
547.2913
575.3932
557.439
532.0789
583.2061
544.3052
560.5519
517.2777
533.977
567.875
624.2327
564.7696
634.9535
559.7524
596.3886
527.5689
696.6193
543.7362
613.0749
522.7506
601.7059
487.6239
505.3949
608.1546
495.4534
598.0444
490.0969
519.6507
514.4219
596.5888
578.3789
604.3905
579.3648
558.6864
566.0802
610.3673
569.9429
536.6106
566.979
615.3433
585.0536
542.0475
648.9829
594.6869
508.6449
580.0141
562.747
629.5872
564.6588
530.5769
504.3228
541.8836
630.7162
562.5724
552.1888
554.2466
569.8637
558.2187
583.9632
567.2817
561.5211
587.2935
582.416
484.7129
545.4691
543.5965
525.4227
621.1526
578.55
528.3808
576.14
512.0737
529.618
592.5704
586.3616
601.9433
541.9234
515.4673
564.4798
556.6219
536.0427
537.0393
535.4606
606.2558
566.0995
632.1232
620.4216
602.7766
616.9636
556.7766
532.9867
517.6884
570.1888
541.463
561.8614
496.606
657.3194
620.0875
453.7112
615.9699
503.6581
593.8405
574.192
532.0931
636.3846
470.1645
678.4148
461.7651
561.3071
477.1127
564.641
590.0104
553.0072
571.9368
522.1932
662.426
497.6402
