119.7252
330.9864
83.65492
351.1277
86.91032
223.8274
100.9542
291.9443
150.1163
329.3053
286.1288
125.6133
129.5203
148.1074
128.1784
86.0244
181.0046
612.8072
160.9672
153.0549
72.21803
324.3518
91.04615
231.6297
101.5339
102.2392
140.1427
107.5562
127.6537
106.8559
105.1009
177.7409
98.30931
85.03108
290.0162
228.0441
141.6416
48.80501
190.5077
107.4317
89.4426
48.52652
94.26766
236.7696
116.7576
347.7097
226.646
218.3211
96.89292
256.2495
87.73823
122.1218
179.7855
160.9395
182.8855
126.4624
65.35649
133.9122
268.2805
145.9586
126.5197
127.4541
177.2797
163.2305
133.3383
168.3701
140.264
324.9132
58.77131
220.5825
194.302
215.8159
255.2072
104.102
194.2352
150.0279
131.0422
65.97274
151.9183
226.3919
97.07828
75.90481
260.3613
216.1449
118.5009
59.41137
118.5911
77.09821
85.05287
86.90232
451.4594
145.2489
291.3359
829.4521
298.2934
253.805
120.7005
1236.448
129.5832
131.069
186.4196
281.5955
197.2626
139.178
160.1521
154.0413
169.2078
634.1055
146.4411
386.8548
157.5459
336.4477
348.5296
137.0679
135.5544
179.7729
280.2447
502.9377
518.3136
130.805
297.9957
484.9625
209.511
269.9885
752.4977
357.6304
237.336
400.6584
464.9371
206.8183
98.78855
232.8407
761.3378
813.6164
354.4299
420.2249
290.8396
178.8451
189.5027
172.8411
760.0981
208.7105
213.9046
131.7411
131.9013
239.6357
110.3497
121.3327
70.17619
81.49038
126.6556
59.81641
121.448
135.5806
131.899
84.3678
152.1681
85.43958
86.37707
236.3565
527.1615
68.1971
162.8417
68.95517
88.92911
147.9103
150.0699
121.1084
414.6681
262.15
204.8318
129.0248
56.61775
247.3618
162.3228
336.9053
283.8925
110.9821
93.4774
327.4392
113.3942
374.3405
290.1402
284.6614
127.362
114.6492
153.2945
227.5399
158.6653
251.7708
142.5812
162.8062
146.0855
63.13994
105.1329
556.5956
342.5044
203.8824
105.9331
134.3918
201.9927
69.69709
201.8005
145.502
385.2861
286.1851
159.4131
231.9531
80.02486
991.7798
156.8494
135.6582
213.4992
285.9025
116.4453
278.4092
106.5518
145.85
86.48365
154.4131
317.3163
57.22305
87.70252
78.82792
91.78163
305.5083
104.7069
117.6088
228.9455
85.70127
166.5446
325.6315
79.73709
202.8384
331.5056
111.4246
171.1616
163.513
48.41892
56.3897
93.00794
104.2583
124.8111
131.3054
101.6235
106.5206
363.5493
145.6696
114.4097
176.8564
185.631
592.1159
210.0926
688.1926
74.67871
169.6368
168.011
160.6532
170.1395
62.49075
435.1283
76.77188
203.7244
219.64
129.344
144.642
272.3053
122.6967
169.7512
397.1392
450.2468
142.1022
96.76282
567.726
244.0422
254.3705
634.9039
139.3864
94.81489
124.6506
249.2307
535.55
150.6737
360.7266
207.314
504.2473
260.4658
260.229
262.86
265.2297
249.1073
270.5678
185.4582
166.4512
290.1535
125.3746
278.5852
262.1091
288.0708
148.6486
253.8083
268.3965
123.5177
624.7825
114.4878
149.7179
172.3052
181.0845
385.3053
155.9131
510.46
156.9313
306.4304
97.65413
201.1679
199.3985
379.9835
224.3953
129.3343
427.1261
296.8009
456.421
593.0136
166.4742
230.2398
395.0667
212.3294
226.0502
294.4244
889.1868
296.6265
299.8644
705.9848
360.7831
666.5738
266.8999
182.3043
263.6248
210.9469
252.8289
289.143
310.4128
205.6807
211.6155
120.9483
212.6283
175.4482
203.6136
201.9339
103.9422
94.32679
187.3437
278.7833
173.9635
181.9005
278.7253
137.5874
118.2076
115.8904
815.8762
79.91725
80.44373
155.6662
132.1388
99.52513
138.54
185.3364
397.8349
107.4543
195.1283
175.9746
128.924
104.505
142.1487
106.0663
139.2864
199.4144
157.156
151.7486
405.0191
140.7061
164.0411
129.7409
54.09635
110.3589
231.2435
178.1695
189.1733
120.4649
100.4855
206.328
62.73253
374.3619
212.6604
59.94574
105.697
129.9208
97.84836
207.0298
122.5078
51.04987
144.0084
150.3737
358.6346
347.0177
108.4744
124.7069
73.33394
352.0557
64.71948
82.44601
180.6024
68.42932
47.74431
122.4697
82.24806
255.04
68.93099
225.4087
84.80672
128.9962
223.572
455.9605
315.5712
251.3666
339.2536
174.3089
160.7302
76.46041
122.5305
235.5549
96.16727
327.2201
85.89549
77.94906
83.40136
67.71993
87.32571
67.56309
223.0881
145.362
144.5394
175.5858
286.1074
109.0848
312.7464
186.4043
176.9994
197.4484
90.87428
150.0295
384.3992
132.7152
152.7872
76.4891
390.4892
282.9947
60.52865
147.2779
158.2905
461.9815
189.0497
117.9697
194.3568
308.8952
129.6902
215.0452
148.4078
145.8748
70.63851
94.00277
96.65826
73.18167
615.542
114.8767
64.80423
122.5702
127.8303
141.0277
336.1738
157.775
89.93237
228.5162
148.7859
129.8172
163.2267
262.4594
115.7717
63.09474
144.2703
100.7565
114.4075
276.8637
164.8786
275.1751
445.2136
392.9574
163.2219
290.2778
184.2791
