101.4203
100.5239
101.7479
101.5765
96.99471
96.55706
95.23641
91.87446
94.34693
97.25902
98.82783
101.7769
103.9243
104.6833
106.0221
105.7154
104.3641
104.3709
103.8353
102.4738
104.4824
104.5072
104.13
104.0906
106.4486
107.7377
110.76
108.8272
107.0289
105.3551
107.1416
105.653
104.9231
108.79
109.4927
109.8619
106.8664
106.0743
106.2947
106.0766
107.8715
109.5305
108.8242
109.1249
107.0166
108.4273
108.0419
110.0818
109.8219
109.8698
111.3691
111.2529
109.2648
110.0151
110.3501
109.7514
107.7614
108.0662
107.8822
107.9003
106.6324
106.5965
106.7771
105.9988
105.1473
104.7418
105.3763
106.4915
106.5177
106.3285
106.6276
106.2312
106.4126
105.6899
105.6343
106.2285
105.959
107.1291
106.7072
106.7215
107.2059
106.0524
107.1809
106.8525
106.8418
106.6926
106.936
105.8501
106.5451
107.2415
107.5358
107.3353
107.1354
108.1115
107.7359
106.9161
107.0157
107.7205
109.4575
109.2006
108.8342
109.1813
109.1126
109.1663
109.167
109.3194
110.1768
109.774
109.0329
109.1115
109.0396
109.3556
109.7041
110.3542
110.6179
110.2644
110.5918
110.6204
109.4229
109.9901
110.9165
111.0316
111.0238
110.9765
110.0742
110.2546
110.8505
111.5307
111.6173
112.0056
111.3716
111.1859
110.4241
110.5138
111.085
110.8454
111.3337
112.4809
112.5753
112.8702
113.3586
113.1046
113.4289
112.2171
112.2172
111.7763
110.7448
110.4536
110.4472
109.6046
109.1373
109.7492
110.7177
109.8887
109.9028
109.8252
109.639
109.7382
109.4317
109.0901
109.6869
109.3527
108.7469
108.6666
108.7347
108.8126
109.0609
109.709
110.1616
109.5192
108.9082
108.3433
108.4973
107.9232
107.8942
107.066
106.1978
105.4435
104.3421
104.281
104.5693
104.9903
103.7521
103.2774
102.4923
103.6978
102.7403
102.7533
102.9356
102.9549
103.2446
103.7222
104.1605
103.976
103.6175
103.4933
103.2542
103.9406
104.2148
104.1757
104.203
104.14
103.2735
103.4994
103.5224
104.3247
104.6186
104.8187
105.0324
105.5603
106.0383
104.9737
104.7332
104.7124
104.6478
105.8233
105.404
104.9323
105.0417
104.6842
105.1284
105.4891
105.0214
104.9103
105.0001
104.5868
105.0367
104.8428
105.552
106.2552
107.2162
106.5526
107.2662
106.7529
106.969
107.2188
106.6817
107.2324
107.1049
106.5343
106.9644
106.8326
106.8827
107.0307
107.0048
106.8617
107.5703
107.2615
107.5814
107.7917
107.6858
107.4661
106.4735
107.1246
106.502
106.9497
107.0992
106.6483
107.0613
107.0733
106.7239
106.498
106.9277
106.9522
107.0978
107.3273
107.4148
106.1964
106.5872
107.4173
107.2055
107.2679
107.5535
106.7448
106.3578
107.3459
106.3772
105.6497
105.7298
105.6421
106.7991
107.1333
106.3446
105.8896
106.1114
105.9285
105.2509
104.851
104.5065
105.261
105.754
106.7381
106.2017
106.3484
107.1539
107.4086
107.0973
107.5558
107.3576
107.2059
107.8165
108.2916
108.1074
108.1796
107.4423
106.8977
107.6267
107.5338
107.4356
106.9449
107.7266
107.8632
108.2769
108.5121
108.5264
108.9555
109.717
109.1806
109.7297
109.5952
108.5391
109.2602
108.9533
109.3125
109.3864
109.2989
108.4412
107.4556
106.4778
106.6113
106.6955
107.0782
106.7239
106.4917
106.0079
106.8298
106.6404
106.5772
106.2575
106.1768
106.6254
106.4493
107.1683
106.5502
107.8871
108.4534
107.2428
107.2789
106.8353
106.5901
107.2324
106.6273
106.8369
106.1848
106.5106
106.999
107.1301
106.79
106.994
106.0865
106.3391
106.8781
106.871
105.898
105.7078
106.6152
106.6073
106.2778
106.2528
106.3231
105.2742
105.248
105.7537
105.4404
105.7517
105.8783
105.7146
105.9354
106.2929
106.4942
106.2958
106.4259
107.0731
107.0806
106.729
107.1062
107.9867
108.1459
108.8638
109.2674
108.7079
108.8283
109.0294
109.4708
108.859
109.0302
109.2495
108.8391
108.3794
108.4725
108.1389
108.7947
108.7011
108.3664
107.5444
107.5633
108.2149
108.1603
107.9908
107.8711
108.64
108.3118
108.4345
107.7679
107.6345
107.9452
108.1489
108.4011
108.8556
109.4312
109.8885
110.8971
110.7769
110.2338
111.0884
111.4776
111.5281
110.9638
111.5164
110.9813
110.8087
110.5922
109.6271
109.6326
110.2203
110.2402
110.0588
110.2429
111.0861
111.3151
111.3752
112.4484
111.9803
112.5388
112.8612
112.6831
112.5267
113.3596
113.6092
112.3519
112.3344
113.4455
112.9941
113.4882
113.8253
113.9766
114.1366
113.174
113.84
114.6515
114.1896
114.0799
113.2912
113.1059
113.1016
112.7831
112.8953
112.507
112.6418
112.5389
112.8204
112.6899
112.0908
112.5603
113.1826
113.1319
112.6805
112.2519
112.631
112.77
111.7578
111.4645
111.1958
112.2782
110.8321
111.1847
111.6271
111.8226
112.4412
113.0475
112.7816
112.1584
113.0445
112.2329
112.4619
111.6095
111.8473
112.1552
113.3268
113.2755
