103.1156
101.3342
101.8016
103.8756
102.6838
101.6415
100.1686
103.1777
98.77012
102.1804
99.59261
104.0378
102.9731
104.429
98.33411
97.32538
99.54546
101.4457
99.41907
99.59513
99.92966
100.0108
102.899
102.0135
97.23885
97.11653
100.7802
101.8127
97.0007
101.4308
98.27663
100.0898
97.32816
100.6274
98.32554
96.90999
97.34238
97.72722
97.44071
96.49617
93.13409
92.6075
96.37398
94.74951
95.27222
98.36584
100.8876
98.37411
98.8736
96.91376
100.7593
101.9836
101.0768
101.026
100.3504
100.1213
102.1167
100.3206
102.5486
99.91566
99.46905
99.57123
104.807
102.5088
101.3662
101.9685
101.4677
97.23673
99.9008
102.5708
101.1514
102.9944
100.929
98.82152
99.39763
101.0292
102.0168
101.0396
97.53523
98.31398
98.55178
96.29473
94.22531
97.56315
97.97895
100.7221
97.40295
99.0695
95.61803
96.09431
98.76277
94.44968
94.3578
99.17452
95.31267
96.10999
97.31288
96.06165
96.23158
95.17485
98.51408
96.67219
95.63935
96.39094
96.34291
101.44
98.41621
100.5679
98.17125
100.4599
101.5866
100.358
96.97827
98.43055
96.24624
96.46747
93.71206
95.15284
97.79655
97.1089
100.2885
99.78585
101.5347
100.7499
96.88823
99.37599
101.0504
98.47267
100.9492
97.51633
94.05253
97.71038
93.62292
95.67508
97.31043
96.44358
95.52201
97.84018
101.0368
93.97042
98.48599
99.30649
94.79071
94.79146
94.55642
97.70283
95.10084
99.26484
100.2942
107.3119
101.0447
100.3443
99.58927
98.3443
100.2176
95.16536
97.10643
100.078
99.01078
97.73588
97.97294
98.99964
98.80419
96.96085
95.04126
99.12772
96.33624
98.64739
102.6421
100.2893
97.92714
97.68425
98.38022
99.06732
94.94917
97.70765
97.8542
94.80367
93.6027
94.68039
96.72854
97.86485
99.33603
96.04957
101.9537
98.47501
98.19942
95.68601
97.70902
97.96203
99.37542
101.8574
101.5816
101.6218
105.3069
102.9673
96.06875
96.39336
96.30974
96.6774
95.94
98.97373
96.183
102.3057
98.94829
95.74139
94.85115
97.39211
96.2488
98.25765
102.7064
100.1366
99.15226
98.3976
99.59399
96.84596
97.89823
99.90364
96.3907
100.1835
101.6089
98.63564
96.62091
96.51005
101.2321
97.58753
98.73237
101.6257
101.9318
102.3078
99.68498
98.27428
99.17197
98.74342
99.48651
100.4259
98.40059
98.35252
96.89965
97.37098
101.594
98.9479
99.833
97.81459
97.34569
94.81836
97.62598
96.0764
96.28944
98.96047
102.6866
101.1211
99.58005
100.6011
101.1127
98.4131
101.1807
101.1274
99.17338
100.3943
96.98645
99.84604
98.81901
98.32845
93.2227
93.21835
98.59934
100.4684
99.63062
97.98764
100.2997
101.2442
101.5806
101.3671
99.01883
94.95445
97.82314
98.57645
95.57863
95.76642
99.23416
97.152
97.02414
98.4478
97.9254
96.88838
96.89543
98.69518
100.3359
98.77814
97.05162
98.0423
97.96554
94.21566
96.14675
95.22529
95.34514
97.26816
99.40913
97.06908
97.1787
100.4034
99.25351
101.5773
102.0445
102.3213
101.9528
98.06066
95.06892
96.80284
94.33439
96.03977
96.90302
97.83564
101.0787
99.05541
98.87926
98.77636
100.0457
102.5972
98.53151
103.1088
103.8832
103.4272
99.71986
101.885
102.4392
101.1464
103.0061
103.8023
103.7135
101.8434
98.40612
99.44233
101.0118
98.88534
101.6687
100.4277
100.4381
98.42337
100.6481
102.9655
99.53716
97.69679
96.52063
99.16581
100.9309
97.30889
98.0935
94.19364
95.65009
96.22578
100.2612
102.1047
101.494
98.60222
97.47977
100.8081
97.54559
95.85025
101.1594
101.2852
101.4729
96.88968
100.1188
102.8211
96.25855
96.42713
94.36562
98.13287
99.12554
98.97252
99.96344
99.03522
95.47656
95.14622
98.13891
95.60149
97.02321
99.1641
99.64256
97.07015
95.97509
96.59172
98.32276
98.83961
96.9813
94.12024
97.25967
97.70381
96.9882
100.1725
93.54627
96.58659
97.43669
98.7325
98.73623
98.45119
97.55868
96.12443
96.02293
96.09851
99.24182
98.20629
99.47748
97.5922
95.41923
96.96854
98.00704
103.4293
103.0562
102.5062
98.99379
101.5496
102.6908
102.3396
103.5448
97.68365
97.4556
98.45247
99.64979
99.44375
96.8997
99.04852
99.77472
98.98184
99.39599
98.93474
100.6033
100.343
97.58885
104.4805
102.1366
100.5512
97.15379
99.26979
100.5342
101.6772
99.26261
98.88429
97.92707
97.65916
97.0092
99.56681
101.8864
103.5159
97.67942
98.87864
96.6546
99.11198
97.91273
97.88065
101.3033
98.59342
99.25677
102.6853
101.8443
97.86178
98.19172
98.11794
98.26521
99.85713
94.63737
92.7683
96.81346
97.96904
99.88765
102.144
100.5514
100.0087
101.0386
98.31442
94.19314
97.02017
98.23838
101.9051
96.31532
93.94149
91.3176
95.10043
97.17266
96.54134
96.04254
94.45091
96.58267
96.43893
100.1166
98.64974
96.06852
101.7461
99.51312
101.1346
100.1941
99.36838
100.4468
97.87211
102.221
101.8711
102.5186
105.7945
