29.03832
35.34333
47.84992
33.07061
48.01069
46.59122
29.76308
50.29629
54.3002
55.69171
48.93009
52.67259
59.22477
40.4345
35.19978
49.3009
69.35096
97.56289
106.2199
118.0716
61.92299
77.2512
59.21171
56.99056
71.43435
57.04311
86.67374
43.96096
66.93995
44.94238
99.96716
83.81164
77.9036
81.44408
54.98394
51.21201
93.03478
107.3304
124.3804
81.4795
58.09672
56.54274
33.02735
35.33585
33.05468
71.81778
53.67958
67.93568
57.65772
74.04465
87.58134
71.71958
161.6148
108.1002
79.08582
71.62156
99.37985
59.77239
69.02494
82.31876
48.65219
37.10411
41.06443
56.51055
66.56509
75.03481
56.07768
82.34208
87.06905
90.4568
53.31487
39.27797
35.2216
40.66604
40.63694
53.3997
51.51411
49.11948
32.9962
30.23531
45.74197
38.50064
77.05154
49.98932
53.14964
50.73323
72.56936
83.30211
75.96493
99.24704
58.28071
41.24417
37.60745
82.73395
55.0206
55.19308
51.03933
38.74843
38.32919
76.84495
42.4827
65.99495
62.29331
86.20647
82.5679
85.33808
139.4113
126.4427
91.47174
85.22474
92.5386
63.79729
46.21111
70.54581
118.2497
113.8384
59.7163
62.50399
102.4365
69.3715
55.44322
65.03462
44.77081
49.66941
55.38074
52.08216
41.66874
37.853
32.12487
29.35682
46.96343
44.17456
101.5911
81.07186
67.10541
65.58423
70.44979
65.22839
65.70633
68.76645
58.68843
37.49438
41.59385
68.65012
63.85501
39.26409
55.96918
121.2141
86.06388
57.0268
44.78694
52.15561
78.69138
64.27786
92.67345
89.02391
95.84081
72.27448
67.02339
72.60174
55.18187
69.73318
87.90235
80.51121
74.46215
76.68741
113.0715
125.8278
106.1706
54.14764
84.54736
73.35745
42.99578
30.1827
47.43834
46.97907
74.13981
34.69866
46.50496
41.90869
50.15681
66.78196
74.20824
59.78871
33.15781
36.13859
58.97537
70.39472
96.31901
60.64532
42.98712
64.38551
71.17451
225.3201
138.5179
92.77026
143.4038
65.54716
148.474
126.6905
105.9272
126.744
138.1579
130.0146
69.13301
69.15495
111.7534
102.6511
144.3898
180.0824
87.1957
78.17631
62.07594
114.0545
61.4785
51.88005
57.24131
63.45647
49.36992
57.54681
41.35299
59.44118
47.5978
57.18904
94.38892
70.72211
59.28808
62.09344
75.50099
84.43382
64.87189
55.81782
55.40825
53.80059
66.44352
75.92224
63.22076
119.9852
112.9387
93.94735
76.38405
94.92051
77.19188
51.70351
52.93932
52.08092
81.25806
83.75573
96.06463
90.84325
69.10762
53.49702
29.51752
51.50914
45.1589
61.39514
72.18035
35.99938
60.2167
69.18518
31.89534
40.95174
65.48462
77.18126
66.86465
29.27024
26.39653
23.40453
35.81315
45.45104
83.37724
101.6876
88.79486
64.34734
72.57716
97.12369
82.5882
83.00869
105.7622
84.24985
83.59392
61.61384
61.022
60.5215
45.03447
57.23226
39.11783
59.84432
53.35948
48.32144
43.78129
59.67088
72.25239
119.5345
69.03216
107.9502
63.34328
58.69933
43.65725
43.3245
44.20036
33.76181
33.68676
57.69381
53.8917
47.51013
39.68141
36.02032
59.61873
59.47513
51.00939
40.40807
43.77634
40.77545
47.1851
33.28437
53.56648
42.95598
57.64567
47.96893
32.08284
42.54486
76.16886
101.3595
75.15881
44.31103
31.35681
38.5349
63.95113
82.67233
59.68049
51.44624
39.22993
49.93806
27.27827
38.4584
39.92791
44.71827
61.25307
69.27374
59.42952
58.43212
52.77599
44.96707
78.17874
50.57122
53.06832
65.44473
45.83606
33.46827
61.36254
66.36145
53.45221
49.74019
35.19344
49.09575
114.0081
49.80205
18.30238
30.36621
26.40591
48.23157
75.13154
61.63354
62.18174
100.6127
67.59034
50.86663
50.04748
78.37837
91.39577
66.10961
42.85034
55.19924
48.95617
72.53467
40.55158
41.72126
45.68129
40.91719
82.35587
77.63674
82.21989
80.76022
83.51355
45.45571
43.45202
81.32126
36.98242
38.68472
46.62017
43.83597
50.09042
62.60629
51.09138
60.2085
54.67428
55.29406
38.03633
73.00536
63.68773
59.25515
52.5647
61.90199
54.17509
75.37797
135.9746
86.25957
104.459
82.78356
91.61782
61.70776
124.2305
98.61516
51.56657
38.03633
35.08917
45.38354
49.0513
31.87705
26.68217
18.43742
32.61357
36.41198
74.84226
83.68106
122.263
48.64202
54.26361
73.3441
50.86789
49.07458
45.34553
47.17764
49.02723
47.38711
40.99968
65.01179
98.61164
121.422
64.93728
63.30092
60.30009
65.52655
52.68772
66.36189
35.25684
49.98467
41.49997
49.26105
92.15308
59.60513
69.94283
85.51247
75.39892
101.2074
73.2188
96.99862
102.3682
90.71496
120.2779
77.67416
67.09871
49.92159
81.09039
51.59463
29.60732
26.72609
29.35613
42.3673
52.53332
34.33962
37.75855
42.77232
35.66661
43.18973
37.32117
52.71367
51.87435
83.48346
49.63077
40.01281
53.33292
56.91591
42.21479
32.3248
41.49953
37.61427
26.66004
61.93407
71.42723
55.60066
45.18406
44.99028
44.12607
70.99458
124.9685
86.2499
65.37315
50.36442
