103.9202
102.2962
102.0227
102.4183
101.7529
101.0075
100.74
101.2259
100.7301
100.3663
100.2329
99.58241
98.68948
100.3837
99.77527
99.76238
99.30202
100.6906
100.3636
100.2263
99.63229
98.93922
99.13779
98.32437
97.802
98.0852
98.38229
98.80826
98.69727
98.10249
97.31357
97.59312
97.10203
96.9838
97.11371
97.08041
96.80538
96.29486
96.60896
96.37617
96.44733
96.06538
95.56874
95.08228
95.87041
96.1945
95.95414
96.2405
96.7181
96.28472
95.94337
95.53927
95.52359
95.48786
94.46036
94.02298
93.97542
93.81022
93.83178
94.46691
95.10173
95.23725
94.91811
94.54557
93.86334
94.11787
94.35857
94.25456
94.19405
93.59122
93.81661
93.58574
93.30758
92.81802
92.57977
91.96884
92.37935
93.27596
93.20299
93.39977
93.1795
92.84577
92.75627
93.73143
94.26194
94.61667
95.08676
95.23046
96.19285
95.74659
96.68903
96.58168
97.66622
97.3268
97.78464
97.87222
98.52669
98.36665
99.25213
99.44499
100.0797
99.71525
100.4177
102.0804
101.0927
100.7135
100.8151
101.0032
99.53809
98.58407
98.89256
98.63718
98.5589
98.80986
99.42485
99.6902
99.46242
98.98679
97.69242
97.49309
96.88847
96.20263
96.31994
96.20538
96.35646
96.46665
96.09952
95.91787
95.13576
94.69404
94.40602
95.05372
94.80287
94.49541
95.65715
96.02849
95.6303
94.83787
94.60888
95.26857
95.29303
95.80589
95.44839
96.02775
94.8904
95.05475
95.60755
95.14122
95.61174
95.90379
95.90144
96.12108
95.85146
95.77626
95.97508
95.46968
95.29741
94.98441
94.36486
95.64126
95.89756
95.58037
95.86429
95.73964
94.83342
94.77256
94.03283
94.3656
94.52253
93.91318
93.94963
94.27725
94.09363
94.72221
95.52524
95.84789
95.77573
96.41391
95.76115
95.08572
94.70264
95.03638
94.4025
94.69853
94.02459
94.6001
94.68964
95.06942
95.28382
94.17152
94.65802
95.21193
94.63379
94.58415
95.17503
95.34504
94.30093
94.42009
95.60879
95.80647
95.2381
94.63045
94.65194
94.92795
95.62581
95.06563
95.17684
95.70269
96.00231
96.1428
96.49804
96.99902
96.95723
97.49056
97.36087
97.74042
97.59737
97.86823
97.40465
97.61635
97.56267
96.83065
96.51268
96.3724
96.31535
95.98014
96.38595
96.48393
96.97076
97.33561
97.10385
97.9433
97.66077
98.01106
97.85893
98.07805
98.27212
99.0052
98.30904
98.04199
98.19688
98.85678
99.34148
98.97293
99.52755
99.86122
101.0696
100.9583
100.9907
99.94801
99.55402
100.0242
99.94748
99.64734
99.60293
99.66413
99.6296
99.35644
99.36573
99.92346
100.0299
100.1705
100.404
99.42262
99.66498
99.24072
99.27875
99.44235
99.97746
99.96352
99.73198
99.53497
99.69507
100.5153
100.3788
101.7219
101.8435
102.1122
101.8058
102.0142
102.2604
102.0796
102.3491
102.6935
103.0652
102.7893
102.5677
102.6789
104.0367
104.1366
103.4036
102.2903
102.1641
102.4291
102.0812
101.3751
101.8072
102.4956
102.1537
102.3404
102.9454
103.3886
103.7211
103.7608
103.9783
103.3306
103.0184
102.6686
103.1223
102.0781
101.4349
102.1175
102.402
102.6751
102.049
102.8416
103.0838
103.1491
103.1079
103.4231
103.4987
103.8888
103.7006
103.5064
104.065
103.6095
104.0624
103.9769
104.1204
104.2423
104.2509
103.741
103.7312
103.4632
104.1449
103.3777
103.5059
103.5156
104.2768
104.6108
104.5444
104.5684
104.2645
104.5997
104.141
103.9069
103.7792
103.1071
102.7226
102.9801
103.9002
103.5056
103.2409
104.0305
103.5542
103.805
102.8262
101.6543
101.9313
101.633
102.0878
102.7951
102.0974
102.8604
102.9298
103.3909
102.8836
102.5652
101.7171
101.4513
101.9063
102.256
102.4386
102.2388
102.006
102.0411
101.5444
101.403
100.4148
99.85857
100.1449
99.73752
99.59061
99.95426
100.2093
99.87231
99.42041
99.42639
99.73711
99.79211
99.56765
98.78602
98.54645
98.21628
98.34241
97.35421
97.26242
97.3796
98.08679
98.81161
99.04754
100.0698
100.021
100.3951
100.4426
100.2559
100.3457
99.34832
98.9399
98.19114
98.96118
98.40768
99.20555
99.12871
98.62118
98.95889
99.3338
99.68604
99.3093
98.95445
99.4067
99.32959
98.91371
100.3476
100.5466
101.1759
101.8449
100.8888
101.435
101.1026
100.7528
100.8273
101.5445
102.0575
101.7923
101.6895
102.087
101.3752
102.1242
101.037
100.529
100.7197
100.699
101.2241
100.2714
101.5083
101.4552
101.7052
100.435
100.0348
99.88253
99.76432
98.27365
96.6087
96.58252
95.74559
96.17003
96.06131
96.50404
97.18929
97.25492
96.96799
97.08268
96.8484
97.09142
96.76629
96.13422
96.18992
96.1668
95.7537
95.42696
95.30943
96.40634
95.68586
95.59886
95.76022
96.12328
96.54797
96.0062
96.10718
95.38297
95.8081
96.38991
96.93621
96.98906
96.72513
96.80802
96.39132
96.82269
96.98524
97.02015
96.35076
96.4422
96.60358
96.29005
96.73859
97.21217
97.26393
97.46496
97.64067
