548.9421
781.8814
910.6695
677.9527
480.597
901.152
10611.07
765.7619
594.0611
698.8447
734.7225
663.7391
1094.396
1058.771
603.305
801.7937
860.4256
835.6587
735.2845
362.1949
1011.299
309.4016
517.8461
835.8388
345.73
1021.885
355.856
757.0059
893.8794
947.1596
1287.085
664.7797
660.8228
911.3734
356.8496
343.8548
476.7253
1572.07
2137.093
860.1606
1411.572
1399.566
1473.572
551.5591
652.4547
559.3352
583.5527
488.2976
524.4377
845.5254
1351.249
2018.955
741.4656
697.9353
554.9815
1029.318
340.1361
1361.366
694.3226
535.1005
3108.552
628.3708
1723.548
566.4655
1048.426
500.9817
725.4455
607.1768
1762.081
819.2809
2879.427
978.7385
2476.581
595.4267
1886.444
728.6588
464.6576
398.3038
844.0435
452.6129
671.1128
405.2933
823.0647
1510.389
887.543
661.9095
912.5818
514.8958
1333.061
1196.061
1506.253
1377.874
2746.522
849.4547
344.3836
1563.401
588.4444
512.5723
648.4894
635.9214
244.2732
746.7455
331.9803
904.2268
717.687
729.9316
1143.152
742.4736
279.3325
427.9031
339.3641
360.0597
580.4611
971.2869
842.9156
600.2992
257.5975
772.6331
459.204
918.3615
1129.657
500.9354
726.3608
560.3886
253.3408
527.8638
1025.228
700.2619
758.6892
704.9168
810.1161
4112.674
876.7057
584.4366
372.8898
398.1669
308.5792
449.9914
498.5006
239.4092
553.3745
663.9735
388.9101
260.9217
1495.949
371.6173
659.515
719.8167
417.4561
466.0982
564.8608
1282.864
369.3798
983.1004
512.7299
255.5512
330.8747
242.1695
470.7389
888.6802
850.2208
1235.748
2329.693
865.6067
959.9812
1923.617
1227.501
417.0808
2275.691
487.5675
1423.205
1029.548
1131.067
391.7756
1016.883
1818.838
677.2803
532.7498
753.0767
397.5037
1213.492
445.5582
994.0595
350.7353
678.9909
438.2257
347.0567
1132.392
987.8481
232.5037
384.0797
1667.736
225.8103
435.7476
1260.193
326.1669
2507.837
832.5142
267.2081
222.5706
555.7317
808.0486
2016.851
567.4039
450.5974
423.0635
592.0054
290.6072
718.0635
1025.745
402.1741
1253.103
446.4545
582.8863
773.0802
237.0688
780.7098
851.8118
1093.102
675.8497
373.4805
717.5638
894.9933
1120.756
1244.044
497.2203
491.2595
550.7505
1164.597
590.0497
598.1007
217.5798
1516.074
224.1626
613.1262
476.0361
1171.682
690.3622
392.7851
863.3287
318.8288
340.195
560.1752
1222.802
491.7213
897.9851
240.0079
1168.76
366.4271
399.7392
256.4722
482.3568
686.0054
553.4291
932.3273
367.6565
6562.095
321.4562
537.437
404.5866
385.2917
506.0507
369.0623
509.6772
737.486
355.621
716.3147
684.0078
287.323
746.0301
356.8832
803.4543
235.2279
528.294
717.0561
976.7684
489.0494
619.1403
1189.164
457.2511
747.0516
463.0911
516.8911
569.3787
594.3386
2440.771
1618.812
530.5728
710.8206
555.2215
557.881
404.8367
433.6938
590.0426
642.2734
1493.002
948.3845
699.585
880.2061
661.2675
923.706
968.8294
5483.07
475.6364
1407.651
502.1645
6590.085
400.485
487.8599
883.0288
321.9326
370.2166
445.3495
634.9793
395.2234
890.644
672.8722
197.3045
456.4111
1246.411
401.3696
374.8474
261.6516
1363.84
490.1037
486.6534
3047.576
1431.776
1729.999
599.3299
264.637
1184.124
1056.35
942.5839
433.6036
1566.844
1677.556
1263.328
557.2003
1060.355
775.4961
562.1729
495.9653
860.7834
803.1381
8184.371
852.6926
848.4004
572.5039
657.3753
553.3042
1202.711
495.9747
565.4608
448.2502
182.76
861.4963
877.7632
222.0772
1889.899
1156.327
812.0686
879.7934
371.5254
626.8837
215.4824
715.0807
642.9985
466.7762
1336.04
403.2214
1154.257
287.0476
667.5968
1239.783
384.2938
193.311
1097.263
487.1769
483.6668
235.1332
455.4969
1568.13
676.106
257.403
1816.917
1253.029
442.6222
410.3174
476.507
270.3155
608.6898
457.683
805.5102
349.6307
308.5231
613.4226
666.6078
431.1924
4691.512
549.0991
2855.718
899.0881
319.7191
332.7359
643.2465
703.7235
460.5381
1448.433
662.2259
1043.391
1076.896
991.8797
598.3726
400.6359
2016.695
460.7328
915.6926
534.5623
1217.072
1516.188
646.6467
516.5629
641.3085
790.8111
901.1696
1480.511
290.0275
1286.501
392.2313
1309.334
313.0784
802.9919
456.1985
521.7633
634.1839
244.9193
235.0878
547.683
738.5079
1127.544
462.0824
170.9893
2726.099
808.4249
1375.901
744.4612
856.2075
430.3134
954.5366
848.5119
399.7559
384.4485
480.1669
1924.439
433.8704
806.122
870.9883
609.2871
910.4274
1527.354
898.6043
351.4018
357.0053
499.0686
465.547
611.3794
2275.037
274.6174
1161.193
765.6499
227.9852
411.2272
484.7286
510.6445
415.4158
266.4503
527.5927
619.9998
839.4346
238.816
522.9914
252.4814
2273.678
475.3999
329.9848
283.5304
731.3986
769.8536
1372.672
632.8337
778.2813
411.8187
429.0712
350.7604
536.5868
387.4184
1549.314
2316.202
692.4378
