87.11408
96.71312
135.6567
136.1073
155.1554
153.3588
172.8781
163.5721
142.8241
143.6766
102.9666
148.9901
166.714
157.9424
174.9299
217.9054
148.2074
117.9285
145.0852
165.8594
160.9949
150.6062
169.0354
182.4441
140.5322
171.4929
153.6806
167.1641
209.0995
267.174
275.5828
232.7585
205.8875
217.0414
165.8395
157.2281
169.3769
170.4156
129.4851
211.7514
221.6421
349.994
354.0378
361.8209
366.3608
373.684
321.3497
322.8079
267.0681
259.181
293.3222
256.7299
219.3829
215.5537
220.1693
195.4968
259.5953
228.5549
250.8203
256.8826
318.401
390.7575
418.496
366.3267
318.1203
288.5434
304.6192
245.6102
305.2068
292.6651
231.2313
304.9004
206.1283
221.7077
221.1643
192.5297
170.6014
129.8519
157.8933
153.8033
133.1298
164.2846
150.0921
123.2097
127.018
172.483
163.7074
141.9401
120.0332
110.1397
121.0762
167.8158
157.7727
155.4206
154.6743
193.4157
143.0361
159.6722
186.1335
211.6923
247.4332
205.1742
183.215
240.2652
206.3777
178.6549
225.8592
208.9822
282.33
278.688
236.3406
175.1887
213.1623
174.6305
181.5382
222.4886
222.8924
248.0404
347.201
378.7631
452.4555
380.8553
339.9747
276.5127
239.9314
195.4213
202.0328
228.8289
186.0731
212.189
214.9087
220.2432
179.8913
130.2747
153.8507
155.9744
160.3772
164.278
184.7794
182.0637
150.3747
189.2094
175.8331
176.2704
172.9986
192.6853
186.8634
167.9705
126.8967
116.8894
119.2891
159.102
158.7248
119.7194
111.938
96.91821
109.4624
72.0159
55.15918
53.55213
63.78074
59.80692
59.94503
75.34324
71.54383
113.6543
138.6317
114.674
117.9003
76.82585
64.4577
80.45281
140.1458
121.5161
152.9091
104.5939
120.1026
140.4444
121.3157
103.7761
103.3049
169.8833
156.293
180.4145
206.0073
314.3179
249.6395
200.8472
198.679
187.1389
173.9963
131.7418
142.84
159.3873
115.3377
154.0358
118.3646
94.38401
116.8686
117.0918
141.1393
149.5247
184.8895
146.8835
110.8531
111.8761
133.8998
160.3361
122.6563
114.725
107.0076
91.976
81.70967
112.8242
110.3133
131.2312
132.1128
112.1742
98.6056
75.47418
108.9173
123.208
178.8484
191.3381
220.9313
284.6281
225.1885
205.4423
202.8353
193.348
219.3819
248.9025
293.8018
287.1341
315.5759
270.2039
268.971
255.3335
291.7836
298.6232
285.5928
292.7503
204.2792
188.4004
188.6131
186.8837
168.5366
150.8335
199.8128
182.0199
184.2946
140.5132
183.6354
132.1055
131.8449
165.5879
214.8113
215.166
240.2179
272.8441
265.2912
237.4403
287.2111
233.6579
222.4661
222.1151
198.4979
189.1036
241.7692
214.3663
191.0312
162.0539
122.3069
119.2578
127.0231
87.26199
96.39169
114.8565
164.932
180.4162
139.6754
161.1194
126.5807
127.362
130.7524
159.5346
210.7564
178.3358
251.414
265.2015
314.9399
395.5051
473.973
563.9473
573.3888
319.0738
427.3833
401.5971
324.2177
282.7853
186.1314
218.7729
167.2914
224.4905
197.0601
172.9598
174.5155
152.0215
222.5856
252.0394
258.7494
324.0971
334.2013
265.9751
193.5034
259.1579
297.6995
241.6646
300.211
402.8747
327.8912
244.0785
283.9966
400.9871
364.5158
573.7236
765.0004
455.2125
340.5875
349.4356
274.3423
275.7029
291.7497
369.9782
387.466
373.6163
335.5609
363.9607
448.0325
442.8962
440.7658
354.206
380.8897
409.3721
345.4452
293.3194
239.1778
264.4233
283.64
239.2975
242.2998
190.915
182.411
212.4171
245.3937
229.0534
252.3198
330.767
243.5199
231.6395
317.0954
243.006
259.9318
292.0225
268.6366
157.869
225.5286
220.4202
227.745
203.9119
183.0499
151.5652
165.8591
182.2791
247.371
251.6196
221.7133
231.4654
282.6115
304.9249
280.009
281.0117
317.1445
307.3985
323.9221
307.579
205.9152
245.0703
278.8964
285.7957
264.5722
282.4445
290.0363
354.975
300.6852
309.2435
342.5844
230.966
242.4293
272.9573
312.5347
288.2352
263.9613
337.3361
403.7553
423.2544
328.1354
383.439
321.5467
339.8614
363.8424
465.7117
352.099
396.6527
287.3257
242.1416
206.7105
262.9876
234.999
163.1828
81.84627
93.87134
91.11691
101.4797
126.9707
123.574
142.9332
150.3691
219.8528
177.0151
133.2916
120.8739
111.5569
95.73382
98.54149
124.5728
124.2046
171.8737
163.9249
176.9481
167.0191
122.1981
97.42171
134.1258
131.9975
99.26695
85.6885
134.0509
147.9371
160.0797
145.1887
101.3576
89.58909
112.8982
116.4228
101.5137
118.3027
121.0861
141.0015
116.8116
129.0928
123.8011
125.8738
120.5163
100.6122
134.6017
132.8731
122.3955
118.9328
100.3544
115.7307
117.2552
140.2858
121.4268
95.67287
135.9083
122.0164
146.4671
153.4416
211.6143
151.8698
199.0207
134.4898
117.1113
133.5227
165.5788
189.2141
148.3927
187.168
158.9256
103.2885
120.4747
123.362
151.8043
147.5033
170.755
137.0699
149.441
100.0106
76.66358
