51.40247
30.2722
27.49772
27.12249
25.92292
20.09111
26.9196
32.82888
33.76784
32.75183
27.82366
24.36872
17.9372
14.69264
12.74839
14.14268
14.36314
15.0823
16.54465
16.42953
16.13123
12.74375
15.29119
16.509
14.81325
18.09834
21.45596
16.59037
23.44865
21.30984
18.86202
14.80296
13.84441
21.48329
20.87803
14.98107
10.94336
11.19558
12.70003
21.93544
19.97953
19.29908
22.10731
17.35112
16.82101
13.02915
13.15068
11.41179
14.32769
17.3815
19.51678
20.16797
26.04826
16.87635
19.83573
20.0945
21.52871
13.78423
20.346
20.53576
22.98959
25.84685
26.35865
18.37669
16.35074
14.94236
16.46415
14.97068
17.24611
16.69669
15.24982
12.8234
12.78638
17.7782
14.82754
18.53205
23.07803
17.02007
18.69329
20.32101
12.74454
12.27736
20.12194
16.76319
21.56893
20.29236
17.70367
14.97088
15.90439
15.14962
16.93776
15.66792
20.39743
21.8469
19.07374
18.282
19.2049
21.56544
23.03749
29.22224
26.05492
23.40895
21.86553
26.10716
19.94966
21.53081
18.30934
20.22965
20.63123
23.32497
19.62472
19.62922
21.63141
16.54861
11.79792
12.16511
14.78535
12.65399
15.70127
11.51506
10.43353
13.83244
17.04146
17.93319
19.44547
17.09733
14.26377
15.67957
14.27922
17.04823
12.20051
10.09283
12.00297
13.71631
16.92129
13.51619
12.88203
14.73988
17.44203
20.50381
17.0641
14.90372
13.57479
12.46467
16.11317
18.95885
17.61323
15.65758
17.94546
16.74109
16.90168
14.26861
11.62032
10.89376
12.85079
14.82544
16.669
20.38734
22.93247
19.67069
13.11787
14.55922
17.96103
15.38015
12.66084
14.13097
13.80641
16.25012
14.52503
16.42106
14.88778
12.30056
11.07085
13.98221
19.00693
18.7054
16.98725
16.23516
17.31275
16.55457
13.29323
17.63886
17.07533
17.15486
15.99448
14.43106
10.11386
8.503885
10.87925
11.78271
17.11534
16.98866
22.59887
15.98187
16.36167
13.343
8.17887
12.42782
13.99009
21.93258
15.92234
15.44565
18.64656
16.22031
14.85107
14.8808
12.41576
12.73717
14.31608
14.17121
18.78875
19.11862
19.47779
16.21859
19.94777
14.70379
17.73235
22.26328
17.70278
13.45597
13.47609
13.03304
11.34089
14.96549
18.77798
17.28741
16.67037
16.96144
19.11156
14.90543
13.60364
13.93209
15.92232
17.16631
16.92915
20.55536
18.08144
18.44229
16.3588
15.5242
14.33045
20.73135
20.45396
22.16241
21.62139
24.40421
19.48507
25.44572
23.22391
21.92235
16.56833
14.5324
12.28836
12.76827
18.24338
17.91529
18.05862
15.94214
14.22074
14.09516
14.39005
14.32612
15.00644
12.89587
15.83332
14.86683
14.40824
19.0355
20.5273
24.43891
20.64521
17.92273
20.61312
14.29524
11.30543
12.02105
12.64392
18.92093
15.03778
14.47244
12.44987
11.82572
12.94196
15.37391
19.59417
19.97122
14.66858
16.91248
16.6766
16.39666
14.93068
17.67989
20.1299
24.15609
21.47122
18.54571
20.03412
19.58626
22.87882
27.64219
27.14745
27.10681
33.03057
24.96126
24.21116
18.99518
21.20312
18.19394
19.42582
16.71145
13.79389
10.48742
12.87917
13.2228
15.49958
15.82075
12.17327
14.83683
16.22659
15.66919
15.81214
11.22038
14.20002
18.46241
14.43682
19.26126
12.5394
12.90633
12.13009
12.76933
13.92061
13.14884
18.6481
12.50886
15.05182
14.57071
10.77468
11.80404
10.20646
12.64423
13.67492
19.27386
19.49937
18.19096
15.99809
18.30826
22.6746
28.3795
21.62118
16.12057
19.07459
15.46996
21.45504
21.08374
20.01983
17.26916
14.86543
21.29608
17.8685
16.52419
16.40199
13.55576
19.6091
19.35429
13.16147
15.12637
18.94854
19.99872
16.74632
15.70289
17.25552
16.72264
17.1408
18.03285
19.41971
14.88906
13.99426
16.07515
15.82507
14.30421
19.0621
15.96511
16.63394
20.80048
20.51495
22.57181
18.81514
19.07218
16.94877
16.50928
17.91399
15.14061
11.42479
14.82554
10.764
13.97779
12.25135
14.42174
14.23314
13.08589
11.69239
10.85848
9.859946
13.43199
14.32308
11.61639
12.65625
12.57432
15.03664
11.60286
13.38956
15.46084
15.37984
19.46041
23.17309
21.82087
17.58902
17.12837
19.96792
24.61982
20.35272
17.57405
15.64461
13.3569
14.06042
8.969745
16.50645
16.25496
17.52348
20.80112
23.38054
18.78876
15.07112
15.76942
16.64547
15.46826
13.63976
8.236323
11.49579
16.81727
22.75583
23.53385
25.18771
16.52503
18.03663
17.24854
22.35343
21.0434
17.10378
15.68344
18.48316
17.73728
15.33956
15.96334
13.63612
16.69689
19.4246
16.88244
16.07284
20.72884
20.55707
17.31419
19.93262
21.31765
15.99087
15.6504
15.77012
15.43926
14.67571
11.00781
16.85604
13.13024
12.73725
14.09213
16.0318
17.00949
18.31482
16.06189
12.05055
12.474
14.5769
14.94308
14.25175
21.64727
16.36241
15.55476
20.11732
29.40234
31.58941
23.61042
26.41656
24.79879
17.72712
12.39494
16.42715
15.00494
16.55178
11.26869
11.29144
12.78892
