162.1952
142.697
170.9407
199.5
263.9042
480.1078
443.7434
394.4374
369.9834
340.2273
346.2318
294.3501
299.4376
246.6108
213.8789
200.5215
242.0168
266.5625
256.9197
213.1794
347.4395
282.9953
313.0168
428.9365
371.1898
350.5086
495.162
788.1453
754.1659
599.0422
676.6765
514.8316
532.3485
580.2045
473.0284
515.8538
650.9611
517.5561
539.2165
558.0929
453.3506
599.413
747.7929
738.6005
748.1418
745.6906
589.5432
742.9778
643.2883
564.4464
623.0509
811.3221
708.9696
873.4046
730.1595
686.6427
667.852
589.6069
494.7796
552.9427
541.9101
411.0234
437.5154
443.3817
448.9301
420.5247
488.6082
494.6927
542.1213
614.7928
538.179
581.5029
682.8087
542.0657
570.719
476.0802
631.5793
556.168
450.1367
825.8132
731.6707
1008.391
1144.262
914.8743
730.0048
845.92
733.0237
1011.318
1170.95
1276.712
1768.337
1425.06
1954.006
1668.109
1791.804
2046.364
2263.44
3224.049
4597.682
4663.677
6173.949
10167.65
13989.67
24833.48
42092.22
73163.37
99536.76
214692.4
352953.4
590694.1
1135571
1352373
1851553
3240280
3847546
4983906
6728554
8942980
15532804
34163530
72893125
115842858
133711183
119473147
113203324
134163763
145298913
139331807
124950302
139010578
131497319
139455700
145569190
136531984
129879840
149954185
126355928
145338865
128176883
139674144
126226536
123972804
138263266
126386078
118557080
129313095
155564201
153579174
113445495
147486387
126351746
117148253
141436042
138404514
135384693
135033418
116163539
131201539
149481014
128483036
141351609
116899796
123534453
119791419
156679849
144094382
146845194
128623317
133174495
144984999
134697511
135778574
127571534
160234113
144787151
128883793
171389161
139825901
117566959
110577780
127218884
136737276
129203066
122613608
133282508
126309086
126135036
115601734
119806218
122893156
133478144
148987414
158942090
124547721
149513563
121727667
145354519
119095203
137383815
139309205
113893033
134487537
138140972
139539334
135408217
147576584
120364584
140715281
143113110
126081955
141967377
142214160
139893582
130538188
146607658
134246423
123116853
119048882
135709709
146622317
122645030
139136454
142819919
138587639
122743463
150226814
146623085
127587287
159833250
154095258
145078157
142566059
143010875
109996592
135173615
125919709
117364627
144265514
127357137
128956164
126404557
127321882
144277172
151132352
137433493
138383010
148054775
140150684
159544912
145149597
115034240
121820151
157112507
154560611
138235323
142793935
131593837
138528487
132941480
120267625
109490262
123851304
125502710
135477614
131561101
142930676
146481277
123933646
126079355
128216076
120793911
123184437
132431044
115134345
115237113
143853812
149691047
121129715
118416956
141300088
130446650
140475911
125537947
148413688
125236411
139394480
168700816
132943915
126982478
134123053
141067709
145613060
123587243
147095011
123189094
130470087
133223085
138906966
119249360
127190886
131958271
126151331
116155765
138336164
128914116
135319349
142316804
122902556
137504808
156519554
127982248
129621859
123811138
139586945
144443678
129516467
113160232
137183184
143192216
107499054
131464554
139066148
144672785
125822391
133396148
132867515
143772323
149258343
120121395
130469805
135626174
134018074
134648248
153532511
124548762
135547569
125909018
131398827
127473222
156318438
126883804
132594056
122946562
137238910
133309206
145597496
119686893
127986873
136395178
133083825
139843648
152286620
142492648
119777769
122727342
119148937
142706576
140810830
135166773
138502265
116621188
121146146
132691666
113115409
128255599
130505464
155503614
144160525
128660719
138471907
135879710
152392023
146384735
124602163
142360942
130308026
136699482
126021918
128561701
133840040
108654274
120708328
119382240
142477290
135588107
147006822
133154204
130302600
120267735
130550937
127519939
137997048
150331210
129355673
130171964
134342679
123304227
150556784
137434634
154375248
154317481
156127315
116325860
131591557
115115352
131274956
146658555
130672220
121589735
135805365
128687640
133217983
114168922
135785439
153722749
139973834
123758636
123411933
150860578
155721143
148816157
148704951
144646997
145877213
144328991
123229633
130287907
130620180
152029737
145072638
148345114
128214378
142843809
124161753
106993929
129738006
136328003
129127720
167876213
131011062
125031784
122824546
150544002
138104937
130259461
142173334
145170410
126894353
127783128
148870330
131983318
121838775
124061669
121886619
122623163
104340339
110337177
121546112
143882646
126756806
129957738
139049700
113675193
154655394
135987459
146762887
151388613
128060244
145906519
139186089
125267681
115887325
137352734
117228556
129523403
145761240
132618531
133978073
122652188
120644631
138260064
141070004
169035697
156304894
151129378
153477562
123514143
132757627
142593150
126221214
113475013
143911126
125054559
127444424
116960244
132323691
129390973
116570892
127153090
127668373
