99.93932
97.62546
98.50659
108.0817
98.80115
95.28926
88.35234
95.20636
91.01764
93.39294
97.41812
96.7415
96.15884
96.71869
85.47709
96.39954
88.91613
97.96526
95.231
102.1423
96.72027
101.2136
102.7911
99.27396
97.96297
96.75778
101.1986
91.88705
96.53683
89.46702
95.7693
88.64852
100.4788
94.87644
90.77576
95.24583
96.71067
99.87475
90.64586
92.81375
84.40296
95.65559
97.08244
89.80584
90.80835
95.58642
92.49273
93.8115
87.51215
94.9421
91.25919
80.07827
80.1224
84.64634
85.41666
87.36694
91.05258
77.5889
77.5688
76.89763
82.3264
82.6347
72.63561
74.04946
79.50858
76.01856
73.96331
67.95544
68.40803
64.30432
66.77725
57.98891
43.88539
31.80329
13.08983
11.30963
13.20568
12.43173
12.58005
12.94196
13.49941
12.34223
11.86698
12.83267
13.58329
12.44327
12.79986
14.14996
13.29767
12.28466
13.93477
13.39362
12.71389
10.98337
12.30543
14.71789
12.75603
15.15847
12.44525
11.32711
12.27852
13.1293
13.68816
11.33988
12.4284
13.1664
13.36998
12.57246
12.80206
13.88519
13.45865
11.82184
11.11539
12.55948
11.86416
12.34765
13.30294
12.22049
12.35383
13.97864
13.89408
11.63983
12.80411
11.03979
13.20318
11.76823
13.07575
11.95318
11.62925
13.01411
11.3418
12.58003
12.25141
11.45874
14.34972
12.27856
13.40003
12.43812
12.81763
11.73436
12.66328
13.04344
12.91638
12.25645
13.24396
11.08693
12.4113
12.1256
11.86891
12.97139
12.64977
14.64653
13.97609
14.02258
13.19009
13.62075
12.58659
12.44234
12.0706
12.17731
12.76934
11.33417
11.74892
13.07637
12.4293
13.16731
11.09789
13.71263
13.22833
12.83822
11.44816
12.55367
14.21782
11.95593
11.69515
14.23014
14.51897
14.14399
13.2459
14.53228
14.30389
13.53229
13.21277
12.70943
12.73453
12.44888
11.8989
11.63786
12.49259
12.06088
15.23864
13.05994
11.71784
10.9325
13.32741
13.78859
12.81653
12.52373
13.41469
14.22915
10.72054
14.19081
12.65967
12.76367
12.60444
12.18559
12.48328
13.06342
12.84584
11.9274
14.02061
11.57676
14.09318
14.00222
12.29573
11.62623
12.32498
12.23353
12.1693
10.35671
12.4762
14.31284
13.62624
12.38603
13.54886
11.70992
12.829
11.91817
13.2097
12.33763
11.3855
13.00631
14.16669
11.82602
12.61935
11.45306
13.11661
13.50771
13.15966
11.99346
13.61503
12.90413
12.54116
11.26053
11.32987
12.11008
13.65685
13.50915
10.82783
11.26665
12.96116
11.74691
12.66228
13.93485
12.36834
10.59051
12.83503
14.09071
12.16491
14.03304
13.43687
12.70707
11.00549
12.51124
12.87373
12.53285
12.96512
11.73542
14.36819
10.8929
12.72114
12.3163
12.29093
11.40355
13.40085
11.97873
13.87481
12.2407
15.09794
12.90555
12.91712
13.73826
12.07401
14.17027
12.17158
13.08893
11.67707
13.56446
10.33913
11.9594
12.24924
12.05991
13.66515
14.18083
13.74146
11.67544
12.87353
14.70335
12.54749
13.79128
12.11881
11.57683
14.10293
12.3571
12.1947
11.62215
12.56078
9.657139
12.66004
11.49027
12.65398
13.1287
13.97899
11.81604
12.49202
10.99596
10.81127
14.24501
13.50877
13.8902
12.06458
13.50755
12.47875
13.73981
14.50405
11.05095
12.72928
13.80688
12.46236
10.43887
14.44937
14.18424
13.41352
12.60406
11.61431
11.40211
12.39978
12.44364
14.21336
13.31623
11.71393
13.04509
13.25378
13.0465
14.05566
12.11892
11.68865
13.67384
12.5147
11.87916
11.81293
12.40313
11.24179
12.23905
12.88213
12.21179
13.44294
11.37261
10.89194
12.41221
10.84714
12.09288
13.78343
12.20691
12.87647
13.27445
14.31167
13.30424
12.6212
14.73198
12.66384
11.37145
11.72288
11.82819
13.07921
13.90345
13.149
13.42688
12.04282
13.08765
12.60204
12.17793
13.3867
11.69881
12.66439
13.11525
12.78387
12.06528
11.46724
13.01429
13.84654
12.77854
12.60515
13.24239
11.95418
11.72204
12.79018
15.01898
12.92769
11.95116
11.61171
13.6502
13.92523
13.29082
10.60757
11.61506
12.86917
13.41052
12.52137
13.18122
11.95423
11.8088
12.71762
12.39661
13.21533
12.87504
14.36251
10.91345
13.17195
14.1268
12.30309
13.49945
12.85689
13.25433
13.3121
12.91671
12.70712
11.05884
11.25668
14.23467
12.98563
11.72698
10.88548
11.90751
13.11606
11.70089
13.24656
12.19499
12.37528
13.81118
12.00076
11.92078
13.54723
14.06972
11.46067
12.123
12.46472
13.50106
12.13222
12.75561
10.58815
12.35648
11.48845
11.76355
13.40131
14.52614
12.26493
11.67313
11.82767
14.08664
13.5428
12.41586
13.62078
11.54662
12.98337
13.04369
11.51831
14.69588
11.78239
13.43049
13.34448
12.32306
13.164
12.4678
13.82749
12.65604
11.5347
11.69765
12.6727
12.60054
13.50054
13.19747
14.59501
11.82269
12.89283
12.7445
13.38367
13.85115
12.01646
11.53618
12.57488
12.79034
13.5196
10.87772
13.05185
11.83809
12.2733
11.46819
12.53627
11.57869
