87.53239
90.99112
92.02068
92.4218
93.38518
94.62066
93.81912
94.45894
94.09445
93.81358
91.88751
91.69208
90.91734
89.65026
87.28429
87.5413
88.77232
89.47692
91.77983
93.08454
93.51791
93.47121
94.72835
96.12131
97.52417
97.35413
96.54618
95.59839
97.1178
97.63131
98.63504
99.01754
97.60873
97.81815
98.5046
97.93358
98.75452
99.27297
98.26082
96.80268
98.32232
98.25671
97.84403
97.67764
97.73461
98.44742
99.74547
98.86785
98.79183
97.58625
98.80405
98.65458
97.29899
97.40724
95.91361
95.52372
95.27847
94.22946
93.95869
94.55199
94.54152
94.75553
94.45586
93.41608
93.62517
93.93449
93.47501
93.31009
92.02035
89.81685
89.18298
90.05029
88.92485
88.63825
89.26754
87.73421
87.44912
86.68776
87.4146
87.27369
87.39665
89.00267
89.3464
90.90053
90.72527
91.59471
93.79258
95.13343
95.30778
95.19942
96.19996
95.71924
95.23506
94.28765
96.79087
97.18069
97.40879
96.94959
95.2639
93.91528
93.35379
94.08448
95.11615
93.94809
94.09714
95.60311
94.34369
94.60293
94.6298
94.51153
94.67036
95.98244
97.72246
97.55389
97.73759
98.63786
99.93004
99.61105
99.46878
99.97446
99.3734
99.89958
99.86807
97.80888
96.17087
96.26466
96.50562
97.2005
95.3006
95.09711
94.23339
95.13217
94.24388
94.3179
96.49585
97.45282
96.14193
95.98986
97.51911
97.53381
95.09234
93.95505
94.08876
94.08359
93.07461
92.56058
91.94484
92.67418
91.9672
92.60325
92.4441
93.58132
93.42804
92.78554
94.48782
92.72991
94.49938
93.41364
93.69242
93.93838
93.1315
93.79213
93.63984
92.15671
90.36098
90.88757
89.90411
89.65785
88.71927
87.87894
88.72744
89.77605
90.50828
88.61621
86.64079
87.43119
85.99929
87.65063
86.47699
89.16487
90.21428
91.47737
91.50857
90.93235
91.82669
92.55512
94.05226
94.26255
94.03219
94.32814
95.15982
95.08528
97.04631
95.47846
95.87059
97.95889
98.50259
100.1159
99.3369
99.25692
99.31063
100.8669
100.5109
99.82125
100.6387
99.91807
101.2332
102.488
102.64
102.4929
102.5534
100.943
98.42017
98.96484
98.60946
98.08753
97.85281
96.85426
97.69857
96.02402
98.01384
96.82069
96.33734
95.24644
95.17662
95.45053
96.45998
97.84446
96.98754
97.90663
97.52653
99.05988
99.62879
100.4498
102.213
101.6166
102.0724
103.6846
105.5074
105.6895
105.2269
104.8664
105.0021
105.5918
107.4926
104.3108
105.1452
106.4632
107.8943
109.4777
109.4786
110.8931
112.4748
113.6175
114.2221
114.5534
114.2002
113.6665
113.4846
113.2587
113.1383
113.0798
111.5197
112.0151
112.3032
111.3048
110.2968
109.4454
109.0336
108.6803
109.7025
108.5746
109.2019
110.9495
110.0803
110.0015
110.9504
112.1534
113.1429
113.0447
114.1183
114.7687
116.0661
116.0212
114.6436
112.8283
114.6041
112.6526
113.0257
113.6506
114.798
114.2425
114.7514
115.0739
115.3827
115.5505
115.2876
116.3536
117.3735
116.7052
116.6726
118.28
117.4249
116.8076
116.7079
114.3365
114.4452
113.3124
112.4587
113.3206
112.5346
113.5443
115.8517
116.0063
117.6686
117.9696
118.4758
117.8761
118.1613
117.2602
118.4386
117.6867
118.5561
119.2852
120.6221
118.7361
119.1909
118.0397
116.7513
116.8918
116.5166
116.3392
117.6545
119.2886
120.2086
122.6121
122.6149
122.657
122.9703
121.7682
121.9224
121.4756
121.2645
120.6476
121.2714
120.7029
119.7516
117.9738
117.7455
115.8659
113.385
113.7916
113.4231
113.4752
114.1199
114.5767
112.3555
113.894
113.0843
111.7832
112.1952
113.7506
114.7079
114.3209
115.3957
115.8357
116.8026
118.0825
119.3992
120.1267
119.4391
120.0195
121.3284
120.5811
121.268
119.6708
119.4935
118.6201
117.6951
119.175
119.4123
119.3565
119.8333
120.5144
121.7498
120.4607
119.7591
120.6521
120.8747
120.9246
118.5442
120.0313
120.2823
121.2891
122.0566
120.0478
120.6486
122.1259
121.8301
118.5059
118.7577
119.2553
118.0359
116.7037
116.743
116.0628
114.8606
115.6647
113.4162
115.3028
115.3539
116.0254
116.4865
116.6775
117.2135
115.1019
113.7343
113.9135
113.5772
113.5254
114.4177
115.0065
114.4076
114.1609
113.6054
112.5922
112.369
112.391
110.599
111.2428
111.1465
110.9046
109.5724
109.0723
108.8363
108.7147
108.8265
109.5876
109.3825
109.4013
108.6994
107.688
108.5177
106.4678
106.5588
106.442
104.6613
105.1495
104.211
105.118
103.8894
104.0139
104.262
104.6303
104.2203
102.3037
100.7991
99.58085
99.59138
97.63884
98.82707
98.99025
99.23201
100.3598
101.2471
102.5466
102.4934
104.3293
103.6861
103.5864
103.6703
104.8027
101.4462
100.8684
100.8802
100.332
101.7649
101.2524
100.5023
100.723
100.9269
102.3054
102.36
103.344
103.7294
104.0525
102.692
103.7485
104.6556
104.914
103.5954
104.7956
105.2682
104.9939
105.605
106.0994
106.0994
105.8534
104.9483
102.9405
