1382.327
865.2488
1292.874
683.3261
2650.442
1028.914
901.2869
815.2859
926.375
1424.31
1519.747
1384.527
1509.684
821.5843
911.7225
2682.749
1226.637
1054.361
2006.1
1065.79
1535.191
681.3289
657.5555
1563.916
1140.37
1530.143
1674.493
823.7359
1623.915
1141.571
973.923
2985.315
1510.523
856.4498
6782.154
1041.538
1028.814
2218.84
599.263
1002.807
2287.802
737.4786
973.9492
1018.632
677.1997
1534.11
934.2114
1788.001
817.2177
2522.526
590.1278
929.7043
2581.003
775.3708
686.6929
2485.922
1667.561
703.7172
1122.421
914.5946
1480.942
2249.431
420.4932
1076.403
1017.811
1317.544
802.6757
539.1657
1014.694
776.0314
2468.994
654.4888
1578.356
3335.185
4891.233
974.5924
2565.568
3340.863
531.705
1461.186
1113.295
1524.03
1532.967
653.3393
707.0127
1497.616
1225.223
2353.192
372.8933
978.4695
1567.752
1337.598
1000.352
1088.269
922.3519
1192.109
1128.148
1136.294
1495.789
1181.216
1831.653
1006.185
1433.482
1836.821
1952.163
1322.383
728.0025
1660.518
455.9568
1543.298
1652.153
1764.327
1804.842
593.43
706.7315
1742.416
2898.055
1337.822
1065.796
732.7821
801.9405
1027.12
1691.912
1710.218
967.5078
2417.957
3346.354
2233.895
1481.542
2401.692
1263.2
2246.85
524.0552
531.3082
2234.738
682.0728
1886.652
665.2182
505.0988
1081.944
4564.347
1214.877
985.421
1193.904
1216.191
2798.284
1538.574
1069.623
1716.654
741.5777
1114.168
887.9706
595.0642
1594.257
1065.812
847.1614
1013.829
816.3195
804.2087
701.2675
956.7567
492.2554
1635.938
1175.786
5402.311
1418.821
662.6914
1472.886
1547.952
945.9114
869.4053
1834.146
886.7207
1730.222
2614.175
843.9921
509.7166
1390.148
1541.092
4464.558
927.5247
702.1131
3433.484
675.6727
2733.525
1511.44
4133.312
1371.006
980.8448
1226.463
4129.844
1054.847
671.5891
2305.956
3128.623
2687.224
1001.736
3023.971
977.967
1470.644
2827.299
1230.775
3033.806
1229.218
1133.755
2273.657
1587.257
5019.924
1233.39
2735.098
672.9349
1895.508
729.3437
768.1135
1165.312
2615.032
1336.521
761.5251
2754.454
1185.435
1197.249
909.6518
1454.962
1366.639
1643.626
2802.178
2591.087
2353.39
1069.392
1711.496
1379.06
1313.683
1815.578
1321.524
886.9836
817.7321
1583.392
2222.832
5038.328
1438.124
4631.739
939.9386
2483.077
2170.503
1315.361
1406.999
2365.975
1377.8
1376.554
1761.703
1386.826
2238.72
1280.497
1059.126
3247.579
1811.914
996.0558
1267.357
1612.995
990.2919
614.0562
841.1419
4532.148
2536.762
2270.845
5951.261
1149.865
1898.93
1990.67
1395.661
1467.533
2030.168
1995.847
1936.61
1995.702
1455.816
2133.738
1171.765
1529.794
1182.604
1465.158
1650.883
1693.097
1764.872
2662.582
4510.55
1257.227
2461.947
888.8229
1585.515
5047.811
1330.242
1842.823
2047.955
1938.427
3680.607
1091.571
4636.219
1061.61
1828.43
1481.783
1244.582
1115.148
5021.38
2741.747
2144.42
1493.581
1394.427
1635.411
1572.916
5732.557
1083.344
841.1329
2125.707
1170.595
2378.194
1731.353
2078.857
1832.155
1041.573
4453.67
756.0145
2891.752
2110.054
1822.449
1761.295
2739.68
893.641
1355.914
3297.277
1638.793
3364.442
1576.415
2180.754
1130.597
1489.394
2193.604
990.9796
2981.699
1102.814
1834.263
2292.722
1332.181
1218.536
1433.813
2050.405
884.3475
1660.154
1735.996
1167.03
765.6006
3662.489
1760.98
1514.534
1346.942
2152.433
3349.907
909.2782
1768.127
1416.777
1107.048
3538.606
1462.791
1888.503
770.5995
3363.038
3182.615
2097.611
1057.121
1305.393
763.8247
1157.066
1253.544
1550.245
2665.802
1848.959
1024.525
1910.814
2232.454
2423.893
1898.417
1806.617
2270.675
1713.564
3916.951
1392.848
2659.203
907.9609
1214.019
951.3461
3527.302
1037.434
714.4211
3071.486
727.4595
1473.475
1547.446
1349.412
967.1118
1172.022
2012.219
3574.666
2040.069
1161.337
1780.092
898.7951
3219.551
2044.953
551.8427
1459.134
1513.594
1559.318
2715.312
1543.756
1377.969
1243.63
588.0417
992.138
754.8734
1144.783
789.3637
703.2541
1192.41
1817.487
745.6172
2198.145
994.315
815.1749
1518.726
633.5959
958.2387
954.909
536.5199
2047.335
4301.445
1155.871
1122.591
600.3048
1172.71
2090.163
1458.702
1051.493
508.8398
1710.624
5762.992
1120.879
721.2858
1902.597
1218.561
4120.255
1075.079
1642.626
499.5297
1774.808
1467.315
1113.369
1513.85
2268.048
2569.485
1323.232
2410.991
681.472
1153.985
2234.471
3711.971
1525.36
1032.951
2030.584
1230.787
2961.378
2394.443
638.7341
612.5432
561.4929
2425.016
1412.741
1049.551
1145.045
1234.656
1634.5
631.7496
3616.691
2439.235
1786.301
1600.67
702.1273
1139.459
2127.136
849.1138
1223.727
667.4418
2015.922
1205.186
1288.95
842.6952
1361.805
1102.882
3052.591
857.3961
1708.539
