9.641661
7.042227
5.979425
6.256894
7.354683
6.672334
5.931604
5.324338
5.034107
7.230852
6.653252
6.15989
7.477559
6.824466
8.133321
6.824309
6.46026
5.934976
6.830093
6.288767
7.180316
5.369491
5.039136
6.168848
6.745794
6.878269
5.850924
5.576878
4.806181
5.175635
5.70813
6.066096
5.695556
5.598831
5.972798
5.958288
6.338493
7.903466
6.398606
5.824176
5.769069
8.566825
6.1047
6.554465
6.666688
7.93149
6.168069
6.751874
7.148173
6.738281
6.327686
6.029612
7.901677
5.837291
6.905236
7.952017
7.413716
7.31743
8.540991
6.720617
7.914339
6.936896
5.304969
6.073482
5.725124
5.954757
6.246508
5.16004
6.66529
6.682416
6.984252
5.376473
6.320367
6.505174
6.526053
5.580934
6.23902
6.074176
6.779052
6.768437
6.675845
7.626558
6.304627
6.281007
6.667925
5.852986
7.751122
7.346134
5.891051
7.23794
7.971449
7.039185
7.633421
6.240421
6.000914
5.370204
5.993932
6.069225
5.930955
6.324898
6.890928
6.832352
5.642122
6.082496
6.268144
6.709703
5.970296
5.610705
7.593525
7.006459
7.555336
8.268088
6.370335
7.673972
6.482172
7.524064
7.052629
8.266081
5.704702
5.184121
5.956381
7.066697
8.055714
7.624486
7.089393
6.415292
6.064812
6.569121
5.64681
5.868305
5.669832
5.996731
5.413807
5.57906
6.546511
6.482434
6.821582
6.797974
7.842473
6.766905
7.496948
7.178167
6.603114
5.708174
6.601811
7.420383
7.787197
6.839555
7.255119
6.638815
6.260625
7.476969
8.027474
6.072208
4.772577
6.390434
5.99334
6.391833
8.517666
5.813408
7.125656
5.71859
5.98108
5.587701
6.135951
6.044311
5.469966
5.712027
6.519886
4.968176
7.297943
6.331511
7.020587
7.464692
5.667204
5.906606
6.071425
6.193667
6.917859
6.773734
7.7661
7.433739
5.434068
4.473586
5.519051
6.654412
6.609632
6.236361
6.247778
5.996327
5.358838
5.531612
6.880402
5.731798
6.964136
6.602158
6.575698
6.719005
6.510925
7.375349
6.831095
7.455202
7.214329
6.502859
7.125209
6.348726
7.488415
7.446875
8.121642
6.615692
6.438844
5.05312
4.856218
7.230116
7.488626
6.392038
7.090501
6.467958
6.718601
5.41347
6.721099
6.016171
6.160847
6.263574
7.398282
5.883197
5.622528
6.402906
6.391566
6.684583
6.002356
6.570834
5.311346
4.712458
5.893525
6.451076
6.795621
7.609731
7.038701
6.445525
7.715918
7.400016
6.580484
7.147628
5.867499
6.620309
5.831118
7.297731
6.802532
5.63668
7.748426
7.099362
5.540406
5.288827
4.269393
5.616423
5.915971
6.606605
5.457193
6.579652
6.532536
6.406183
4.896871
4.921611
5.602489
6.052197
5.490645
5.477961
7.598062
6.314363
6.971613
6.012558
5.363366
5.970214
5.182763
5.867431
6.954245
6.497179
7.141297
6.542028
5.647801
6.743569
7.937283
6.241626
5.294396
6.352972
5.93416
6.340689
5.379211
5.33956
6.401553
6.489017
7.248799
6.752246
6.586459
5.503614
5.910616
5.36777
5.825777
6.861955
6.889523
6.801595
5.171683
4.60527
5.59678
6.962778
6.541873
5.258094
7.066665
4.824976
6.856766
9.075204
6.832737
7.692666
6.916394
6.483489
7.114858
7.57772
8.617672
6.332057
6.142463
5.229104
6.170494
6.386709
6.400811
6.010268
6.207945
5.955441
7.05605
5.991511
6.939944
7.512248
7.423583
6.892258
6.259785
5.535796
6.686474
6.083363
6.012461
6.518222
6.244185
6.384642
5.559562
7.095571
9.253516
6.862762
6.668927
5.802765
5.566687
5.880595
7.846882
7.468378
8.561872
7.41347
6.531709
7.472691
7.115502
6.192912
6.391975
7.160828
8.026422
6.190399
6.6244
5.570287
6.237906
5.039835
6.111481
5.737624
5.848684
7.398989
7.946486
5.768199
5.764981
6.429156
6.687262
6.841846
7.223535
6.90135
7.160213
7.689743
6.840994
6.913549
6.92093
6.42398
5.565693
6.810836
7.055525
5.440392
6.148702
6.645251
5.708917
6.231179
7.052631
7.529399
6.931332
6.089976
6.534984
6.217354
6.692239
6.765979
7.878478
6.777926
8.352338
7.502951
8.081778
5.763928
5.857576
7.210788
6.088144
6.406222
6.159111
6.404978
6.443181
7.423329
7.748722
5.88284
7.455893
6.489722
5.710816
6.175601
7.219486
8.573251
6.683314
5.86028
6.025617
8.044999
7.415502
7.967274
7.374057
7.225369
6.879822
6.021478
5.703302
5.966993
5.983123
5.390406
6.158517
7.470015
6.991737
7.625069
6.795316
6.593622
6.703168
8.738118
7.079718
7.093569
5.539202
5.45287
5.816846
7.370638
7.844194
6.409123
6.811049
6.422731
6.26827
5.774928
7.188038
7.914621
7.314531
6.391613
6.292287
6.333619
7.64133
6.345527
7.403244
6.638469
7.874412
6.92208
7.519742
7.099073
5.659264
5.712868
6.730338
6.369594
6.678032
6.529201
6.990644
5.856404
5.329168
5.88397
4.2199
6.189991
5.065046
5.072038
5.721519
6.95541
5.701328
7.149251
7.662862
6.310199
6.373923
6.315827
6.317955
6.408771
6.674881
5.842614
6.213727
5.091789
5.511621
7.105912
