1.164642
1.749847
0.7811887
1.875201
2.044979
2.859744
1.278324
2.716102
0.9005112
0.7585524
1.297215
3.554086
4.109084
0.4661833
1.680163
0.8015189
2.158146
0.9283316
0.7664231
0.8155814
2.371326
1.490537
4.849236
3.652529
0.8152438
0.5399736
1.188848
1.177568
2.007144
4.277896
0.7854973
2.7429
0.555704
1.528199
1.312085
1.418332
4.218428
0.7804039
0.600922
1.244347
1.37753
0.7194744
0.9675058
0.5239658
2.268501
2.605948
0.7994776
1.184104
1.629465
0.9438778
1.172098
6.247405
2.412503
2.803752
1.090537
2.382723
0.6585904
2.461178
0.6285823
0.6393234
0.9838918
1.616329
0.7411323
1.218916
1.75222
3.94855
1.067252
1.182909
0.9463858
1.743003
1.63618
1.728752
3.015936
1.123797
4.627022
6.308925
1.86155
0.4149006
0.4107844
1.146293
2.433992
1.326066
1.759275
2.06069
0.4732524
0.547621
1.601372
2.703848
0.9475053
1.526779
0.6147364
6.486495
4.433115
0.8353467
0.7436175
0.522647
0.650323
6.978372
2.297185
1.360061
1.971133
0.64569
0.5594223
3.095668
1.379048
1.311325
2.820265
1.690104
0.717798
1.062682
0.769999
1.230566
2.665721
0.5511195
0.6804456
2.483681
2.168796
1.898131
1.587441
4.045157
1.899037
0.4782467
1.234559
6.004154
2.480802
1.094518
1.268882
1.353293
1.35006
1.107939
1.860375
0.6698706
1.271875
0.7903316
2.299175
1.197412
0.9517431
0.4971898
0.7242733
5.706573
3.122332
1.81141
0.6282724
1.422058
0.4057091
3.010951
0.7852327
0.721269
1.299069
3.149118
1.119792
3.654478
1.329003
1.505338
0.9972874
1.131017
4.470802
2.069589
2.168512
1.627202
0.5586882
1.337891
2.050328
0.919635
0.3417969
1.069078
5.824933
0.8116008
3.175066
0.4712662
1.754837
1.062203
2.866673
5.46224
16.76563
8.745738
6.424668
2.058632
4.970327
1.088672
1.041702
1.26597
1.981194
1.1373
0.6949339
0.7902902
0.3216871
0.8666838
6.12584
1.522257
0.8212789
0.35879
3.636908
0.7365044
1.295283
0.665879
1.86427
3.630534
0.6746566
1.386574
0.7794273
0.8090397
1.050909
2.604006
1.52446
1.476315
2.876457
0.914215
1.3395
1.342885
0.7194211
1.499276
0.8942908
0.7071319
0.69598
3.655735
1.162185
6.577816
1.11078
1.924577
0.8541854
2.435623
1.270336
0.747351
5.461788
0.7869979
1.876574
1.110315
0.9380694
1.410026
1.025904
1.521922
1.307448
1.545692
1.697284
3.326469
0.702269
0.9607344
1.630972
0.7810619
1.844816
0.9890465
1.291916
1.034809
1.054752
1.163587
0.9268465
3.635355
0.7500841
1.45107
2.080113
1.324906
2.193784
0.5764107
1.136376
1.011372
1.423243
0.7521119
0.5616932
1.303777
0.8703016
1.991917
0.927431
2.528592
0.7505816
0.5624662
2.135233
10.41121
0.9429677
1.092266
1.884088
1.797771
1.878331
2.245862
1.106409
1.281188
0.5921162
1.987509
0.6788894
1.16147
3.707573
2.01277
2.006108
1.391292
0.5748502
0.9477968
0.7937466
1.671508
2.287301
1.488257
3.187181
2.641009
0.4415119
3.133014
2.058787
1.392912
2.102753
0.425921
0.9605169
1.396168
0.5148447
2.261585
1.018833
1.090787
1.745046
10.04491
1.347334
1.610516
1.636328
3.027253
7.631851
2.646159
0.5443741
2.100452
0.9600898
3.236586
1.815408
1.414153
1.696301
0.6347134
1.036726
1.129811
5.457359
1.78153
2.674167
3.177634
2.254999
1.537322
0.9741978
1.174465
1.013851
0.5862399
1.346178
2.424797
0.5689008
0.6434397
3.828129
0.9083694
2.702327
0.4138722
2.309396
1.699508
1.338126
0.7217122
0.8185792
2.394375
0.6844042
1.128353
1.482857
0.7099656
1.182488
1.3273
2.93456
0.7328002
1.000423
1.315902
0.4570942
1.5332
1.448912
4.539439
1.142396
1.990406
0.6039083
0.7397423
1.346657
1.655652
2.194016
1.472541
1.74977
0.8533535
1.084639
1.175326
0.9413442
0.872682
1.183895
0.6937039
0.5526626
3.150126
4.443549
0.4024118
0.7342888
2.079308
3.509266
1.035326
3.055266
1.239866
0.691774
0.8801342
1.668205
1.921745
1.539959
1.11578
3.308109
1.197189
0.9948917
0.4897274
2.027843
3.058428
0.6549842
0.7353465
0.7421388
1.013877
1.012291
0.4537848
2.316973
0.8174555
4.342003
1.071695
0.69551
1.947117
2.200233
0.9162302
1.3113
2.031268
1.491414
0.9940367
5.393187
5.382991
6.133713
0.8075548
0.9792061
2.02679
2.665867
0.862515
0.6847946
2.979352
1.210625
0.7599923
1.56325
1.865066
0.6880443
1.619809
1.31256
2.333604
2.287267
4.144062
9.097555
3.761292
1.441806
0.85623
2.936853
1.197671
2.57726
0.7137835
3.565339
1.505461
5.506983
0.9026591
0.521601
0.414501
3.046742
0.9627169
1.22053
0.6057125
1.564401
0.738471
1.852035
1.694252
0.9539817
1.948339
4.838066
1.342293
1.396437
0.8139234
3.476055
2.940665
20.88642
2.200594
0.8575173
0.8204281
3.735436
0.6709441
2.310248
5.116719
2.247611
1.811842
0.596478
0.8496858
3.276467
0.5706308
0.4522862
1.174308
0.9813139
1.64456
5.296788
5.873586
2.179704
2.787437
4.027054
1.714098
1.350712
0.8872074
0.7668365
4.105754
0.4556446
0.4130484
0.7346545
0.3810662
0.7927676
8.718072
