28.06272
71.83656
112.1383
1823.642
8762.726
7341.975
7288.698
6970.972
7872.152
8158.503
8166.009
9012.307
8190.894
7521.362
8221.725
7655.719
6392.062
7157.565
8414.214
8415.974
7214.532
7287.1
8458.781
7708.537
8479.937
8188.682
7383.039
7287.175
8024.401
8939.578
7406.53
6830.074
7155.939
8752.096
6895.249
8064.823
7360.606
6875.685
7927.306
7640.583
7238.309
8014.128
7308.519
8532.326
7848.079
7426.449
8169.734
8034.57
7911.094
7098.343
7356.045
7021.457
8543.429
8633.174
8102.555
7331.784
6477.025
7041.352
7211.337
7000.733
8092.195
8060.767
8265.437
6336.298
7890.941
8054.319
7129.901
7466.07
8006.519
8433.936
8105.982
8046.329
7594.128
7108.935
8057.353
7901.139
7625.859
7453.58
8504.236
8331.325
8349.843
7018.553
7925.211
6966.774
8064.622
8022.872
6501.934
7816.895
7576.795
6664.312
7355.476
7211.119
7872.508
7394.286
6811.595
9283.732
7521.057
7804.25
7532.607
6313.632
7538.859
7312.648
8888.382
7139.898
7956.013
7521.898
7862.874
7413.243
7023.799
7124.06
9079.012
8809.81
6887.487
7346.182
8224.367
6138.263
7315.847
7438.175
7607.819
8524.688
7290.389
7455.273
7499.87
7995.149
7605.124
8420.589
8025.744
7776.722
6779.228
8189.701
8251.721
7448.437
7725.681
7130.359
7704.371
7479.339
8794.096
7946.238
7917.038
6853.921
6612.362
7061.298
7953.434
8594.43
9601.89
6747.405
8181.636
7303.875
6952.02
8255.486
7714.806
7882.064
7876.289
7606.529
6455.44
7869.945
7172.235
7968.608
7126.844
7547.626
7923.174
7239.155
7969.686
7021.122
7139.218
8270.533
7300.319
7473.269
7454.926
8805.068
9435.325
7101.561
6991.089
8614.448
6938.104
7178.302
7353.487
8614.894
7421.958
7424.725
8220.789
8237.505
7628.481
8114.071
7816.872
7474.942
8255.019
9499.986
8142.402
7606.641
8156.407
8127.049
9136.709
8040.036
9000.649
7698.761
7500.791
7708.57
8301.038
7189.279
7501.128
8664.077
6815.171
7576.196
8216.443
6850.759
8854.666
7411.897
7972.708
8424.514
7256.718
8695.06
7465.781
8112.678
8613.988
8351.514
8388.747
8792.784
8105.402
6967.816
7967.952
8075.63
8344.696
7419.32
7033.441
7820.366
7903.767
8637.938
6461.351
6504.282
9427.774
7876.093
6675.12
7765.101
7573.679
6483.857
7461.41
7411.678
7738.359
8466.977
9179.97
7521.586
7828.156
7983.261
6685.827
7745.015
7434.493
7133.63
6970.595
9182.704
7597.454
6982.255
8159.448
7767.269
7144.343
7000.463
7819.982
7350.888
7704.732
6597.492
7581.971
7830.915
8340.874
7655.776
7721.373
8544.008
9232.278
7832.6
7846.091
7725.272
8276.872
6931.32
6583.964
7821.163
7431.434
7378.329
8644.865
8524.647
7396.366
8970.306
7875.939
7651.549
7062.742
7415.219
8551.512
8148.889
7764.742
6550.417
8146.637
7322.178
7732.339
7802.209
7448.826
8484.695
7377.848
6893.789
7415.321
7943.328
7882.033
7511.773
7049.757
7476.136
7910.421
7333.55
7614.361
8005.103
9213.866
7998.607
7585.102
7206.063
8639.891
8606.523
7380.625
7032.019
7969.212
7062.959
8458.76
7361.796
7883.981
7375.01
7216.07
8725.692
8208.366
6859.172
6214.942
8387.601
8149.035
8634.988
7809.7
8883.344
7599.019
7612.953
6873.717
7432.522
8238.031
6826.679
6817.211
7391.425
7116.421
6948.704
7268.012
7434.832
7815.075
6901.351
7631.755
6790.948
7847.505
8791.358
7258.593
8459.168
9881.625
8466.728
7556.907
7421.777
8352.827
7806.652
8218.755
7720.416
8259.682
6820.6
6965.899
8459.822
7034.851
6847.109
8035.721
7633.32
8223.165
8339.091
7267.47
7768.582
7094.484
8423.024
8142.22
7405.343
8004.645
7630.61
7878.627
7291.072
7004.718
7274.576
7520.77
7412.503
7943.698
7904.106
7925.451
7141.182
7648.626
7643.04
7770.003
7262.727
6564.802
8253.994
8931.582
7316.618
8607.608
7476.105
6723.301
7605.872
6849.657
8394.892
7599.616
6969.233
7686.493
8322.555
5893.486
7471.863
8511.208
7931.89
7605.746
7578.615
7272.526
8846.606
7961
8477.778
8403.787
7243.612
7793.236
7732.29
8627.77
7761.704
6619.298
7450.325
8168.878
7656.599
7819.54
7089.843
8895.98
8168.212
8689.206
7238.023
8365.239
7877.228
7934.114
7348.151
8250.809
8577.967
7459.355
7662.145
8840.524
7958.255
7755.171
6966.549
8386.15
6952.256
6345.211
8891.026
8237.696
8017.347
7192.31
7258.898
7751.285
7224.022
8362.058
8117.632
8407.91
7483.555
8275.762
6208.555
7872.59
7455.506
8995.638
8471.328
7080.644
7503.324
8786.461
7820.397
8002.563
8155.073
7356.389
7676.754
6788.679
6448.344
8203.541
7791.203
8025.212
8402.179
7202.179
8653.843
7132.588
8696.456
8447.17
7683.452
7234.976
7038.616
7449.334
8059.472
8081.978
8235.752
9895.018
8327.35
8127.096
6455.19
8034.378
7187.823
7915.959
7829.038
7437.462
7608.178
8221.857
8048.959
