0.8678802
0.1684171
0.4296635
0.1742363
0.1518497
0.3939632
0.1650924
0.449073
0.2818292
0.4316602
0.1728752
0.2318539
0.8007642
0.5163782
0.1087468
0.3462544
0.3723089
0.1837114
0.2219792
0.2907374
0.4274078
0.8352791
2.134337
0.672034
0.5541134
0.4398514
0.2403412
0.709563
1.838221
0.8010011
1.012767
0.977243
1.08152
0.9577729
1.114651
0.1749946
0.2689826
0.5945644
0.3309666
0.5744039
0.1478956
0.5369879
1.525817
0.3425628
1.125948
0.1811466
0.3436792
0.400925
0.3640417
0.5564607
0.9486206
0.1823613
0.1762053
0.2697261
0.4018646
0.2158438
0.3161327
0.4795436
0.2512677
0.2278486
0.2193815
1.375665
0.3281561
0.4044783
0.2726968
0.1637588
0.5404222
0.3004118
0.423283
0.2183377
0.3710455
2.971701
1.677381
0.5106683
1.141066
0.8712342
0.1278194
0.3556812
0.3537882
0.9169517
0.6155742
0.3441953
0.530429
0.2121469
0.4843632
1.161578
0.3842885
0.168157
0.4367218
0.08579183
0.2399404
0.4501361
0.2878776
0.2700649
0.4080223
0.3448921
0.1835588
0.2299504
0.2504905
0.1392306
0.1775978
0.3541816
0.3701003
0.4144215
0.3172355
0.7397357
0.5099906
1.862467
0.1198129
0.3900529
0.363478
0.1322585
6.755896
0.4717894
0.2603174
0.2825419
0.1341291
0.171644
0.1161762
0.3015168
0.2646277
0.1959127
0.4439976
0.4972677
0.1770546
0.4489014
0.3114603
0.5696475
0.1335367
0.4728624
0.1744923
0.1655328
0.1645294
0.4446696
0.2951059
0.3224282
0.5467638
0.3079146
0.3782754
0.2434812
1.924389
0.9793536
0.8056544
5.087866
0.9868919
0.6172878
0.1689915
0.3086473
0.4637752
0.2360208
0.3903075
0.2848857
0.3442965
0.1940026
0.5629287
2.111357
0.3696333
0.2278885
0.07094927
0.4330058
0.7452387
0.6161077
0.3828892
0.228619
0.420046
0.13682
0.1732952
0.3546307
0.4603107
0.6563295
0.3464179
0.1597858
0.5329009
0.3469437
0.2764083
0.4916293
0.3166012
0.2401047
0.4772796
0.4200843
0.2403524
0.2070193
0.3573755
0.1436266
0.2753891
2.532543
0.207233
0.2455433
0.2182752
0.3847659
0.4094786
0.1368035
0.524968
0.4898808
0.2633392
0.2634805
0.3735614
0.2879362
0.2583995
0.4637986
0.2709114
0.2342061
0.08985288
0.3347167
0.7732626
0.8950272
0.2843582
0.2671193
0.2826222
0.3733525
0.2683628
0.2233208
0.485945
0.1431509
0.4862803
0.2222483
0.1318552
0.2498137
0.556843
0.2145656
0.1925518
0.2297474
0.655211
0.220901
0.3404485
0.211585
0.6811984
0.1545252
0.2138569
0.4296558
0.4922653
0.7924259
0.8162117
0.245729
0.1502214
0.2393506
0.1799699
0.149063
0.2227024
0.9882406
0.2813604
0.6764762
0.2142625
0.4070448
0.21389
0.5940194
0.582707
0.2798449
0.7008475
0.5191645
1.059886
0.1349393
0.317689
0.2466446
0.2248826
0.2566798
0.2082258
0.3894332
0.5376303
0.1453529
1.751086
0.9892924
0.2999231
0.5768838
0.516906
0.3733172
0.3589408
0.6936992
0.3625989
0.7364725
2.05427
1.745755
0.2492733
0.1978162
1.266413
0.2420069
1.190909
0.3159038
0.4169993
0.4688025
0.7917162
0.2067988
0.2532174
0.3910263
0.8338696
0.9420812
0.2411038
0.2380285
1.001995
0.2507589
0.4561589
0.3903908
0.2387335
0.2836198
0.3035887
0.1002307
0.393328
0.6439843
0.8690989
0.445214
0.4473293
3.021648
1.165263
0.4730008
0.3344659
0.4274637
0.8119329
1.750477
0.6393946
0.7213219
0.332984
0.4368714
1.596494
0.552493
0.197693
0.3862346
0.1894662
0.5033602
0.2532423
0.4267856
0.2479947
0.2250025
0.5017924
1.011727
1.179695
0.3902247
1.168755
0.1945969
0.08487444
0.3919561
0.1829482
0.3859079
1.120702
0.1787276
0.3931348
0.4426971
0.1590571
0.2383446
0.3022532
0.3464993
0.5248341
0.3498905
0.2188334
0.5603659
0.3179686
0.2518492
0.2113503
0.130559
0.1890552
0.3219189
0.1384504
0.300642
0.2975295
0.2456694
0.1132623
1.897238
0.2849339
0.277069
0.1951987
1.377001
0.2101413
0.347008
0.9184847
0.2719991
0.631796
0.1595794
0.3361272
0.4971264
0.3747436
0.4866088
0.4067563
0.3401226
0.2128634
0.4462015
0.2154207
0.3571794
0.238639
0.3516481
0.08067253
0.156747
0.2727511
0.6512675
0.8590757
0.1928427
0.2202854
0.6188763
0.5274034
0.3501209
0.2314906
0.1878877
0.3749402
0.8432205
0.4859469
0.9062603
0.3875453
0.4867667
0.2874617
0.3591234
0.2262623
0.1957017
0.2095279
0.2721516
0.8506132
0.9683282
1.209383
0.585546
0.3089253
0.490174
0.1903869
0.3603262
0.1723469
0.2120491
0.3514338
0.5648817
0.4509535
0.4744524
0.3436365
0.7004071
0.2705509
0.377611
0.303148
0.3500795
0.477613
0.4079936
0.9300019
1.747033
1.150164
0.698701
0.4615606
0.3221442
0.114664
0.1569633
0.4694132
3.129129
0.582406
0.2964644
0.3596835
0.476978
0.7075187
1.013535
0.1066358
0.2732803
0.3511915
0.1921054
0.6788121
0.1303401
0.9614645
0.3664018
0.5134699
0.2616854
0.1424611
0.8170718
0.2145052
0.4456835
0.2026213
0.3321624
0.2494695
1.410548
0.2112594
1.204734
0.4973559
0.2129245
0.8550365
0.3076566
0.2680588
0.1917097
0.9282809
0.1737281
0.5912962
0.2463831
0.2512155
0.2174427
0.3174916
0.2930348
0.2725857
0.4956481
0.2744637
2.696697
1.026697
0.3986714
1.937176
1.14561
0.3036119
0.3006688
1.532265
0.9555714
0.5087426
0.1885745
0.5843857
0.08505364
0.1497757
0.4495927
1.000707
0.9781749
0.2317978
0.2201057
0.365288
0.1466453
1.261385
0.6869502
