71.52108
63.8087
50.38415
59.7205
58.10126
89.83555
105.8927
106.3024
145.594
209.1755
247.1971
296.3301
249.823
215.3171
262.3895
272.0095
184.101
186.8023
132.636
144.1743
158.3338
132.2284
149.1325
151.4938
155.9761
166.5923
154.951
164.1986
208.9094
155.2774
128.5726
180.3587
125.5072
125.1212
166.4928
283.5101
256.1603
201.1002
215.4997
224.8857
262.2625
229.1794
236.8184
343.5605
390.6519
417.2954
530.4688
594.2051
689.6432
724.1047
1007.872
1309.97
1248.749
1215.753
1260.423
1677.702
2078.052
2403.822
2594.074
3524.898
3858.988
5079.728
5392.063
7441.94
13097.43
12029.14
16162.81
24535.52
29434.74
25330.4
38299.02
55932.3
64691.98
62361.22
84263.49
136495.5
172619.3
194126
455973.5
999517.6
2413718
14165211
32602475
36978948
42497575
38634669
44296509
45555307
39232979
38508849
41810955
38590274
41430130
48830564
42976244
47485480
43690003
34375628
37848661
38491505
40578845
43993331
44373139
35226039
39521362
44102769
42830785
43026995
45470932
41509509
39157183
46676424
41984565
41279190
41096785
35295207
45138741
41744732
41058685
46367230
36399291
36442176
40370102
36109141
38618520
37449689
35630060
45223655
43413422
41928248
40425918
39020450
38804339
40897255
42398704
40407243
42404787
38219482
39777813
40981973
41441787
41797374
43461086
36811617
41182967
38504012
41896230
44736621
41034298
37912386
37799111
39427441
42163191
37181632
42241583
36775399
38472152
39639620
43431901
39594493
29745702
34833202
39852845
45034630
39737498
38128651
35282307
41310790
46654596
36624701
38251064
36606380
40345104
39288939
48851820
44892408
42016590
39958646
48723973
41466946
42336812
41021957
44047154
38186918
41899455
38870399
39290699
44817715
44779412
42633106
46801495
39012026
43666798
38620436
34468121
44729136
46187611
34683647
36073731
49308525
36004352
42478343
42751075
39715198
41133032
42546865
41844693
42983990
46497824
37365980
38416277
44399874
41106141
43723952
43765928
40049571
40616707
45730492
42377883
40874685
41018354
43658349
37034591
42592850
46966431
41002582
41163598
44675311
40223159
46727610
37622525
43463979
36589892
41288813
40146274
44420907
36177077
42864809
42651910
38089743
44648681
42091850
39853781
45566519
39142299
43306231
45622620
46045947
39504589
39121945
43305331
33746961
40953919
37865158
43748772
33904972
36496817
46018169
41314667
43902728
42636663
42317058
39665237
39809229
42024367
34212272
37538230
44809163
41809157
40098930
43075544
38635632
34508362
40430708
40641845
43521344
42812663
45476662
43225132
36379624
41674980
47892530
43587732
44950213
41806837
39928324
35366465
42566999
44073398
38701780
41888867
39988718
47154603
43071956
36688566
38332064
46359843
39671310
41821479
43232471
40262816
41108852
40470266
39765334
38685398
46124998
37032158
45399833
34891755
39019931
39573562
41861756
45636408
47582155
43576745
35529146
42297297
37436840
40830304
41691568
40975353
40468632
39277629
36586199
41183803
41665180
40251600
45294229
40174742
36765195
49973207
45902706
42429737
41505290
44587898
44171877
40190160
44347721
40023802
40718943
41463048
42218982
47800582
38472971
39130496
36627548
42866982
47763987
42292336
38392090
46470984
45398774
46303848
38672503
41382183
41193178
34258749
45691139
41944264
36914446
42595614
45897779
39285248
45143544
39710997
32965543
43347490
43357503
38085505
37146509
47036404
38868965
38972138
37578411
38652392
40618509
43425991
43871334
49520660
38307623
41013613
46482912
39523634
45417587
37130180
47255813
41773348
39169206
36627812
41903761
40189126
43571877
38046265
38586810
45296729
36598634
42510436
41712719
39340807
45133124
41271730
39507295
42574736
40350272
42583338
39948219
42389336
43674144
40796735
38152182
36350374
41260874
39506656
43924264
39433551
46737070
42566297
42337883
39332828
44511006
42866013
39315358
43473349
44483262
35406477
43558468
38750038
38395257
38621663
41017915
46640365
46429537
38295276
38833730
43831375
37349381
41260857
37853819
38034670
42864475
40825037
38685990
44905607
43414458
45157888
43382958
39267662
37697645
38974437
42877579
37978572
44059199
44914636
38440987
46463665
51080752
39507270
40828022
43347372
40087865
49130598
40466411
46023106
43702270
40632546
35279476
35349711
36694158
44747037
40259536
41723592
37288124
39298472
39235537
35042288
40007331
40802485
44305837
39439256
46097799
40431769
40192460
43740666
38366564
45796182
42913402
34904897
40619339
31850237
40839074
39682261
41963656
36808060
35260627
37606979
43256084
40714202
42878071
37115621
40931226
