82.43101
80.16136
80.33692
79.1582
79.91899
79.46701
77.72386
76.90783
80.43489
82.26943
78.02644
78.38953
77.33663
78.68577
74.93257
80.56756
78.43368
79.93179
79.34564
78.3015
79.46642
78.8142
77.36648
79.82545
82.58364
82.77422
83.25575
84.96446
81.72422
82.93728
81.48153
76.92061
78.60783
79.97834
78.73096
78.06278
76.2506
76.23824
75.25121
73.13614
76.01767
76.01493
74.404
73.31159
72.10347
74.90485
75.46652
76.0754
75.43395
74.68718
75.40567
72.51557
71.72839
72.57698
74.12468
73.99626
72.815
74.55199
72.40324
71.07503
71.97477
71.96638
70.88441
73.20908
73.86989
74.34876
74.32148
75.42186
74.51578
75.83383
74.65977
75.27941
71.92858
72.60718
70.4947
68.87159
70.88364
72.4154
71.70521
71.25163
71.66943
71.40441
72.38803
70.68767
72.02138
71.78922
73.33529
74.48459
73.48237
72.09845
71.14655
71.46212
70.63983
70.10127
70.43867
69.92842
70.43962
72.0728
72.13069
72.2061
71.81146
73.63693
72.86655
72.23028
71.50767
72.10805
73.2325
73.60851
73.10639
74.00928
72.9291
73.39492
72.01487
71.32821
71.20123
72.06902
72.52798
72.08861
72.63165
72.01715
72.42587
72.54812
71.66048
71.82964
73.35462
74.0978
73.36228
73.43809
72.26315
72.15813
72.55482
72.23888
70.67759
71.91295
71.39125
71.95241
72.14989
69.82832
70.27611
72.45296
71.10979
69.95158
69.39926
69.50641
68.21427
68.01986
68.73616
69.1381
68.06708
68.25033
68.13943
68.51546
68.16414
69.07465
70.13012
68.89224
69.42235
69.31173
69.79962
71.35665
71.27452
71.08303
71.79756
70.5502
72.54067
74.69729
73.59662
75.49488
76.38801
75.57997
74.47775
75.61652
75.28724
74.70626
75.958
76.03963
76.56893
77.40444
75.53693
77.60697
75.81049
75.30416
74.65322
73.86563
73.31065
72.93935
73.02853
73.78186
75.14249
77.11479
75.50753
76.65366
76.71983
77.10101
77.48361
75.64867
75.99496
76.99154
76.58284
77.86186
78.2361
78.23181
77.4712
76.70254
76.97281
75.34644
75.73349
76.67098
76.46822
75.88647
76.9098
76.75638
77.17055
75.98107
76.31061
77.4037
76.86175
75.56325
77.39935
78.48626
76.8251
76.1145
76.5267
78.40643
78.36589
78.59482
77.86705
79.34248
79.1136
78.63081
79.20032
79.86324
79.9163
80.98219
80.06317
79.20948
76.86869
76.60414
77.73121
77.23703
77.22054
78.74646
77.53644
78.68549
77.74522
78.37738
78.2602
78.68076
79.33701
81.01374
80.16042
81.06091
82.0941
81.12717
80.05319
81.26644
81.19508
80.11071
81.24586
82.92201
81.55949
80.80775
79.96289
80.24101
81.13533
80.46569
80.65482
80.08609
79.71308
80.47915
79.56632
79.76851
79.82095
79.86063
77.6579
75.26663
75.15608
76.8259
76.3213
74.95561
75.65178
74.70127
75.43145
76.89184
78.00632
78.91234
80.39571
80.03235
79.95802
79.72301
78.2425
78.88966
79.55427
79.54344
80.53931
80.48836
81.34919
82.5286
82.76945
84.55504
83.41403
82.53152
81.19805
80.06493
80.29713
80.03293
78.39117
78.59123
78.56022
78.37157
78.49861
78.87988
79.98889
79.88259
79.80613
79.8971
77.10841
74.14092
73.60893
73.67266
73.75052
73.05314
72.9567
73.21557
73.46174
74.82099
74.91435
75.72986
76.65302
77.71935
77.07126
77.36237
79.39548
79.11531
80.58071
81.26545
81.52775
81.67852
81.98755
82.72477
82.84829
84.38567
83.68824
83.65119
85.18357
83.72148
82.24581
82.9695
82.59924
81.86919
81.97642
82.14203
81.98816
80.29902
80.03463
80.28908
82.24323
81.99026
83.34899
83.25164
83.26083
82.01067
81.23765
81.84265
80.96653
81.54178
82.8253
81.66202
82.47503
84.42791
83.06963
84.39094
83.98748
81.63902
80.4631
81.17181
80.21086
80.88847
80.38506
78.8805
78.56102
78.18829
79.15919
79.48495
79.18256
78.0071
77.36151
76.48375
76.08278
77.09107
77.92439
78.95697
78.79077
79.25653
79.05476
76.99153
77.39063
78.33808
78.55192
79.19041
79.545
80.18267
78.01964
77.82728
77.24058
76.67214
78.09398
79.06082
78.20817
77.35418
77.88594
78.50845
79.40528
79.42557
80.47738
81.9754
81.19679
82.08911
81.97023
82.26108
83.01721
83.664
82.18754
84.37916
84.5555
83.89403
83.70858
83.40714
83.25887
83.8109
85.48698
85.27599
85.38899
85.45015
84.48555
85.60236
84.76476
86.84443
88.55964
87.08494
87.02837
87.06903
86.30989
86.35161
85.73053
85.07981
86.39276
86.20563
87.24942
87.41918
88.13946
87.89442
88.32817
88.42835
89.82797
91.53996
90.37707
89.80775
89.40243
90.57178
90.23552
89.29859
89.45053
88.92353
90.39429
91.09655
91.31731
92.72091
93.34293
93.88142
92.72646
92.04211
90.35922
90.1004
90.18227
91.65026
90.258
90.02334
89.74972
90.31558
89.77875
91.86837
92.49911
92.13763
92.41569
92.90888
94.20543
94.19383
93.77553
95.25327
95.21928
96.21319
95.77659
94.93258
94.60106
95.28419
95.25613
95.96417
97.09114
98.57998
