11.3503
7.120256
8.398972
9.526858
7.047194
6.575472
8.316026
7.712836
7.889492
7.336499
6.429095
5.940991
6.656165
6.465413
6.830512
7.094357
7.833197
9.111057
7.202488
6.359024
6.826194
8.335535
8.136765
7.116923
8.356946
6.289124
6.621768
8.132048
7.9547
6.781531
6.212926
7.164906
5.763209
7.949282
7.324586
6.993766
7.694344
8.478513
7.214462
6.495998
7.438023
7.147956
7.418615
6.111984
6.742336
7.538472
7.466342
7.706622
8.301091
6.354146
8.014975
8.796719
6.897832
6.998357
9.278291
8.264312
7.705606
6.367321
7.178737
8.480662
7.896536
7.627329
7.117071
7.070035
7.185035
7.121302
7.336474
8.636858
8.167469
6.967853
7.417324
7.196654
8.777128
8.412321
9.128118
7.46146
7.418818
7.289431
6.895098
6.299769
7.669674
7.258905
8.77663
8.153451
7.940667
6.9119
7.060988
6.171673
7.477084
8.169359
7.854952
6.357182
7.410623
6.865435
7.09847
7.883246
7.99821
7.458847
6.463043
7.426935
7.243373
9.190262
7.267411
7.483454
9.28369
8.81276
8.842921
7.163835
7.391487
8.342812
8.722575
7.277905
5.714828
7.019737
6.309817
7.139074
10.02666
6.982647
6.473087
7.915139
8.067158
7.343087
8.408218
7.735542
7.701708
7.356642
7.686821
7.377766
7.213055
7.89566
7.448157
7.303983
6.821973
6.501848
7.618797
8.671219
7.379268
6.868778
6.631786
8.087745
7.57057
7.539355
5.914429
7.567531
5.988907
7.164338
6.789817
7.572846
6.840855
6.088437
6.98867
7.271741
7.342126
8.013214
5.054061
7.660671
6.941551
6.408191
7.233053
6.171851
5.543129
5.858636
6.154512
7.425188
8.612192
6.876371
7.968356
7.005225
7.895737
8.543533
7.571899
7.642989
7.201257
8.539185
8.037796
6.951526
8.76518
7.030142
8.754197
7.165006
6.592182
5.611715
6.634336
8.265048
6.410158
6.845434
9.841274
7.094379
6.836599
5.837475
6.838624
5.801568
6.192029
6.654977
7.150234
7.84034
7.564496
7.838345
7.339773
7.304543
5.786913
6.83845
6.884836
7.107409
8.114638
6.825242
6.944316
6.516058
5.862414
5.768456
7.463741
6.484139
6.396316
7.574722
7.258853
7.935794
5.84908
6.38116
7.177949
5.751745
6.432861
6.976566
7.523433
5.777862
6.734708
6.216788
6.279099
7.744326
7.473444
7.802757
6.57854
6.834329
5.924474
8.396628
6.728574
7.298986
7.236038
6.62966
8.00263
7.010471
7.270934
6.552788
6.886638
7.347173
10.3816
7.088707
7.39099
7.479927
5.955507
5.923107
7.05056
8.34767
7.840016
9.195138
7.564947
8.160795
7.216496
5.990002
7.280083
8.268748
8.131074
6.748097
8.178034
7.256908
6.107652
8.831861
8.313041
7.195021
7.19667
7.213351
6.991575
7.91867
7.594651
7.237662
8.759203
7.145168
7.540214
6.888741
7.202766
7.491959
7.489677
5.642795
7.643149
8.053895
6.179821
7.791278
7.917286
7.124436
8.434509
8.386538
6.506978
8.833305
6.824169
8.138754
6.268705
6.856966
6.558783
7.029648
8.194087
7.435145
7.687574
7.651687
7.134368
7.601623
8.322481
6.791311
6.02755
7.494936
9.154548
8.995901
7.344815
6.827794
5.747485
8.585341
9.167561
7.756149
8.009006
8.351789
6.876834
6.762515
6.425312
7.771633
8.743832
8.060962
8.078987
8.403482
8.054632
7.357216
8.382308
7.928536
7.387507
7.457859
7.206905
7.583068
7.33026
8.128609
7.285386
7.088226
6.997092
6.928854
8.305236
8.567972
8.385878
8.45852
8.142276
7.21019
6.475936
5.662581
7.390698
7.680571
6.771133
8.117235
7.853918
6.72603
6.720611
6.35057
6.356219
6.228062
6.41126
7.000389
7.754775
7.470537
7.313568
6.986934
6.754899
6.580582
7.010644
7.169958
7.013512
6.752879
6.709138
7.521608
6.190006
7.177149
7.828722
5.739953
7.447527
6.802289
7.667573
6.35379
8.209097
6.762674
7.425472
7.497605
7.159268
7.859737
7.707071
8.112373
6.804841
6.617841
7.913724
9.422092
8.969856
6.596371
7.602489
7.413942
6.06095
5.669035
8.550936
7.666652
7.469188
6.978719
6.468815
8.259488
8.02812
7.318292
8.246764
7.698284
6.518251
7.641268
7.859639
6.770123
5.340847
7.412523
7.04469
7.271931
8.220091
7.580846
8.605068
7.239053
6.863429
7.895254
7.336626
7.55919
8.258069
6.632253
6.83645
6.831604
8.060159
6.672795
6.732267
7.754645
7.550455
7.702705
7.505591
7.184083
6.850094
6.224823
5.875192
8.29309
8.269558
7.124787
6.547028
7.494971
7.150026
7.256062
8.7921
8.845793
7.838112
6.985124
7.328765
6.28777
7.152154
8.209309
8.344563
7.517006
8.773158
7.061793
7.068483
7.655129
7.784338
7.437481
6.561648
6.858088
6.824429
7.891748
6.235833
7.733993
6.494207
7.334799
9.249545
8.683157
6.027269
7.247888
7.760181
8.343434
7.823329
7.901898
6.456687
6.771625
7.291595
7.106516
7.318089
7.769488
7.210439
7.332077
6.716837
8.010558
7.044541
6.597339
6.985014
7.629596
9.229625
7.922926
7.428683
8.403583
7.987359
7.950653
6.740174
6.510785
