83.07614
82.97446
81.50778
82.17477
82.29763
81.57748
83.32368
84.78512
85.94227
85.07945
85.56449
85.608
84.04845
84.38419
85.77454
87.74526
88.79659
88.58932
89.51727
91.65873
92.71937
93.28127
94.23353
93.31465
94.79162
93.31438
93.05419
91.52092
91.47313
92.88209
92.44742
91.75806
91.66711
92.64532
93.03991
93.61459
93.41191
94.09561
94.05754
92.40771
93.18991
91.40367
90.09091
90.20588
90.39467
90.5046
90.47411
89.29884
88.15313
87.60188
87.94994
88.88267
90.35038
89.34373
89.72202
88.96128
90.16967
92.04796
92.49058
91.75755
93.69933
93.33914
91.61733
90.65224
91.13982
91.33476
92.70744
92.51103
90.96399
88.84889
88.2651
89.57561
90.16908
90.30182
89.58207
88.74548
91.26794
90.52896
88.35534
87.6634
87.23801
87.85826
89.75389
88.67997
87.78403
88.69727
87.59026
87.65639
87.6063
86.60789
85.97226
85.6617
85.95276
85.1237
85.54175
86.59276
86.41828
86.53038
86.44899
87.57694
88.63852
90.04231
89.61017
88.81582
87.63812
86.41618
86.61424
86.59891
88.31329
89.2376
90.60606
89.46041
89.23813
87.66364
88.0465
86.56381
85.98329
85.60524
85.85027
85.55346
85.20673
84.52411
84.66222
84.18354
84.06624
83.11367
81.82886
83.27533
82.62172
81.12308
80.44417
80.33856
80.47305
79.64597
79.80216
80.17491
80.02021
80.03417
79.71301
80.60317
80.98756
81.4192
81.54266
82.50919
81.75973
82.47929
82.29206
83.42185
83.52373
83.37189
83.45789
81.39436
82.6715
82.38742
83.43022
83.25103
83.65869
82.65723
83.04059
82.60827
81.83525
81.72992
82.24766
82.22774
82.71133
81.96023
80.57857
81.04512
80.26979
80.66672
79.95433
79.50395
79.64098
80.16761
79.06513
79.03975
78.78201
78.28672
78.53336
78.82655
80.01359
78.52249
78.58836
78.69164
77.80352
77.75165
77.011
77.51432
77.30886
76.15509
78.07394
78.3936
77.44207
76.50168
77.38809
77.07299
76.46236
77.97464
77.732
79.83955
80.70483
79.69448
80.31605
80.10903
79.80743
78.24925
76.09915
77.04092
77.45089
76.80646
77.64446
77.92413
76.44398
75.96709
76.86343
76.41638
75.92427
75.13647
75.80676
77.49814
77.26236
76.17395
76.19474
76.48628
75.91521
74.07341
75.85023
75.78944
75.11648
74.47131
74.05192
75.7979
76.83783
77.06358
78.24042
76.4263
77.03036
78.03111
80.50816
78.4418
77.72315
76.06494
74.91673
74.01514
74.13948
73.10564
73.11703
71.87411
72.24851
73.42168
71.55485
73.08155
72.2724
71.0814
70.59213
72.57273
72.80025
72.30358
73.00396
75.30831
75.15798
75.02737
76.35414
75.35002
75.26398
76.74415
76.31392
76.91441
77.75791
77.70599
78.64203
78.28448
78.19559
77.30309
76.61984
74.05735
75.24597
74.90973
75.7659
74.88326
74.15334
74.40639
73.82213
71.74691
71.04133
73.46151
74.7192
74.54488
73.94891
73.7223
73.58821
73.54148
72.93288
71.94289
71.88178
70.09667
69.19096
68.72591
70.19696
70.04417
69.54534
70.79981
71.79156
70.77203
70.28226
69.53656
70.71155
69.52522
69.84516
70.18828
70.05607
70.77378
73.90411
73.58279
74.84983
75.94537
75.49788
76.397
77.40218
78.51732
78.6357
79.92992
78.08949
76.95789
78.44503
78.03137
76.81666
77.18105
77.25602
76.52446
75.89904
75.10664
75.9974
75.74634
76.61528
76.36788
79.15686
79.36029
80.06297
81.38898
82.45307
83.40915
82.22015
82.55823
82.2923
83.12383
82.52947
83.09739
82.28066
82.26634
80.72905
81.75269
81.50956
80.72833
79.78585
79.36855
79.67104
79.28996
79.94364
79.33056
81.2717
81.64546
81.6918
82.44749
82.45091
83.90226
83.73269
83.05866
82.248
82.59707
81.44219
82.00146
82.95807
83.74413
84.15493
85.32187
85.73905
85.10253
84.50366
84.10166
85.64898
86.60066
85.49329
85.63612
85.73741
86.24377
86.18578
84.65162
84.61306
83.0567
82.49137
82.12173
82.80748
83.47441
81.95232
80.28777
79.85486
79.22115
79.06081
77.40856
76.5631
76.42531
76.0537
76.42931
76.73918
78.24953
78.54811
76.86678
77.88508
77.51687
78.54893
77.82969
78.55637
78.24418
77.37005
77.62093
75.71388
76.12352
76.01139
77.005
77.42262
76.92139
78.24757
79.57537
78.27215
76.7851
76.28406
75.25181
74.6153
73.23185
73.20813
73.21947
74.05942
73.38844
74.90731
75.37502
75.97938
75.48791
74.70751
75.61951
75.69404
75.89294
75.89278
77.70598
77.06538
77.66401
77.09457
76.6287
75.65281
76.79586
77.64698
75.6133
75.67326
76.00275
75.66338
75.39981
75.40749
75.88408
76.72889
76.78734
76.97876
75.43181
75.11394
76.72599
76.63021
75.45283
73.98752
74.71301
73.17185
71.97717
72.97077
72.84526
72.77663
73.43428
72.17073
72.12361
73.2635
72.74512
72.81195
73.10233
75.27637
75.3862
74.68806
75.48571
76.65317
76.38416
75.80869
77.32284
78.39456
79.26797
80.14045
78.90872
77.63569
77.51967
76.94202
78.25606
77.95021
78.15735
80.09593
79.93511
