599.2601
617.892
576.1527
534.0429
563.9608
542.5057
569.077
530.017
539.7649
503.7306
518.7986
523.6946
558.3412
528.3809
531.1879
562.5041
553.0245
564.3971
597.5131
542.6325
537.4638
584.2362
542.5889
502.2524
505.1793
534.7554
540.2346
543.0464
565.5037
573.54
526.0165
532.9671
545.9435
536.9332
526.8558
505.5227
505.86
505.3377
512.9548
556.3673
540.3075
576.3199
578.2429
552.2669
554.6117
583.5904
567.532
511.6719
569.3201
527.7784
563.3092
558.6465
536.9173
563.4498
520.6211
544.3114
593.1574
586.4539
524.6358
489.8628
575.3214
526.8988
505.9073
508.9622
529.5966
545.3694
544.4872
554.4034
575.7906
618.0184
518.6931
543.7442
537.6636
537.2476
534.5306
539.4499
546.0254
508.8418
544.6049
614.2713
541.1781
555.6798
549.4399
563.5569
491.7242
584.2481
511.4131
596.3873
561.0931
563.9491
558.0589
534.5334
533.1399
574.1002
562.2088
465.4284
502.1237
564.5636
548.3406
510.1728
547.116
529.0187
548.7819
537.5443
574.6796
562.3286
599.3561
534.3033
550.8675
539.8893
531.4197
528.6737
531.2379
551.0657
559.8989
510.8444
531.6889
551.1149
533.7556
566.7498
535.3528
552.5401
594.8691
543.9208
531.0869
552.0018
573.3587
568.1139
559.8272
527.7616
568.3694
584.5892
542.7141
533.8635
562.3281
569.9076
525.7388
522.8197
577.4244
527.3405
549.6194
504.9905
558.4338
549.1157
570.6109
558.0004
548.678
561.9131
587.0223
548.2209
557.6202
575.7169
522.4682
525.288
548.8393
516.4965
560.6433
534.2238
567.4432
585.9137
545.4531
533.9224
557.8224
508.4718
562.3666
511.3063
584.5558
508.7058
553.8479
516.7969
557.1601
586.1899
584.3764
538.7602
540.0336
502.4922
550.8218
570.1962
522.8638
560.2758
520.8274
549.6209
544.2233
559.0332
548.2345
580.3774
518.5277
550.8712
553.422
533.0167
530.0592
574.8979
526.4106
540.0008
529.7406
490.9547
592.2928
561.8955
540.0711
559.9643
507.959
538.0063
542.1185
498.4417
564.6405
582.1563
541.6963
592.949
535.8837
575.3907
505.3143
517.1874
495.8855
549.7258
529.8702
552.7084
503.8686
588.7862
575.243
553.7395
526.7008
525.203
519.7039
547.8264
563.6568
551.6127
546.9093
491.0645
564.5079
511.1405
573.3443
557.462
564.1796
503.2788
527.7146
572.9016
537.5336
546.7146
558.9676
563.2462
527.2664
523.9579
573.1736
616.8052
604.2388
513.52
523.2392
577.6122
578.3299
547.9859
524.9577
521.2426
528.3738
513.9943
552.9541
555.552
560.8299
569.8077
570.6966
547.5297
571.6075
489.4441
586.6604
569.6995
569.1369
520.5184
516.801
570.4295
565.4833
529.1929
581.1229
482.811
566.7087
577.8129
534.8929
538.6385
511.0312
557.4965
565.4605
528.9745
570.2089
583.0613
560.8338
518.1483
500.7573
541.1348
553.0279
588.4049
570.833
533.4103
509.4297
556.0765
518.6842
549.9206
559.0441
591.5055
545.4022
651.3217
573.6228
554.3053
548.4284
594.1053
601.581
529.6491
517.6258
526.611
528.9329
576.7104
506.7897
557.3165
518.3943
499.3325
580.61
550.1758
526.4977
554.7823
568.3113
544.0818
522.8453
546.721
573.4661
515.3825
519.7307
538.1741
502.9822
553.0196
520.9034
521.4128
520.2718
567.6694
523.8936
542.7283
543.2611
534.8023
533.6491
541.9488
520.2295
558.9716
552.2328
536.0695
517.6236
553.3519
587.0566
541.8077
554.4289
544.1969
587.1978
534.0933
595.6382
574.4067
553.7537
544.4676
562.6145
524.0701
548.4905
519.7981
563.2901
576.9672
524.0892
552.7001
551.6004
549.4101
569.9005
538.3945
548.7654
576.4734
530.722
638.0587
536.7129
553.7303
551.7097
574.3332
556.0032
525.5407
526.8544
515.2344
542.7756
554.6842
619.1915
571.0332
520.406
527.2037
539.4057
550.2735
559.0562
593.1097
548.1866
528.4437
568.2041
554.7576
523.1038
580.1749
543.7557
596.732
549.9226
586.203
530.7327
539.5438
517.3138
597.1134
619.4621
548.9833
526.4765
601.5144
578.8883
546.5875
529.9801
537.7638
584.5435
503.6117
600.1525
542.1601
569.6251
554.5132
517.556
568.0081
522.4297
532.2341
582.1089
603.4346
579.8456
557.8535
544.8456
558.2853
535.3941
528.8156
543.6701
596.0517
537.6534
557.4052
566.3645
530.7495
631.3949
488.9622
583.906
582.3661
551.6971
559.3576
514.5372
525.5094
553.0681
556.0713
501.6683
570.3995
514.9867
533.8484
524.6767
635.5247
528.1175
578.1945
551.5699
497.9506
562.6126
515.3902
525.9209
553.5516
540.6562
519.7304
582.4968
581.04
570.7083
564.5421
557.8809
540.957
598.6258
537.446
558.9036
522.3178
555.3594
544.8462
537.9292
561.8738
529.0088
555.0638
561.8937
527.2859
557.3936
525.395
590.8789
507.7271
557.9342
570.1087
570.5307
526.5906
543.1385
583.4036
509.6708
566.2184
564.4638
566.1026
550.4277
557.9181
534.0046
564.7772
553.3483
536.6407
526.6253
574.5283
555.7571
534.8067
