16.85057
16.20489
14.7412
18.13355
15.17491
15.89416
15.68116
16.49508
16.62121
15.86129
15.98656
15.55686
15.54681
17.98364
15.90763
16.23356
16.43322
15.09287
15.17842
15.49697
15.69789
15.48336
16.13736
15.66279
15.64722
15.36344
15.3133
15.50857
15.97047
14.7632
15.89419
15.91126
15.86789
14.8991
15.38226
14.59255
14.79153
16.75744
16.69658
17.46468
18.26091
15.42536
15.81119
15.41224
15.02746
16.4244
17.61861
17.00849
16.46462
16.79084
15.60957
16.63478
14.64954
16.56395
16.10692
16.6845
16.28907
16.24825
15.78
16.47693
16.54988
16.25305
17.04109
15.72814
15.87716
17.39598
14.61454
15.16171
15.66931
16.0726
16.60474
17.40817
15.39514
17.11759
16.94958
16.05065
14.98047
15.0423
16.43002
15.94651
19.48368
15.99074
14.99609
16.86644
15.45572
15.25621
17.59586
15.49315
16.9582
16.61747
17.45009
15.43019
15.22211
16.17644
17.40788
15.66473
16.07318
16.52747
14.69422
17.22478
16.54964
16.32564
17.56137
17.62327
17.23877
17.44823
16.43277
15.23888
15.57491
16.81609
16.29617
15.88933
16.72196
16.87913
17.14805
16.39845
14.21737
16.27036
17.00538
15.50386
17.81139
15.88566
17.22125
17.66579
16.1787
15.79684
15.53212
17.93106
17.30286
15.65115
15.58948
16.00023
17.4748
15.3789
15.33716
15.5445
17.62211
14.1139
16.03067
15.05704
15.93046
16.79477
15.14046
16.62109
15.46759
15.45475
16.55145
14.76953
16.36211
16.2999
15.95994
15.96869
15.36294
14.88738
17.29681
14.91301
16.10905
14.54009
15.57754
16.41857
15.66175
17.35308
16.96532
15.16709
16.76163
16.29127
15.43885
16.1515
13.83172
16.11642
15.24453
16.60655
14.42098
16.35953
15.37667
15.77441
14.43703
15.57466
15.81785
15.6185
15.67655
15.76416
15.70133
15.24511
15.99961
16.48498
15.43454
16.28493
17.00814
17.28584
16.64611
15.51272
17.94767
14.86054
16.47874
14.95549
15.73725
16.53726
15.85497
17.67771
16.97417
14.46459
16.33697
16.16539
14.68083
16.92313
15.23899
15.62174
15.95562
15.35266
16.22541
14.96874
17.34473
14.94913
14.53317
15.78461
16.55778
17.09665
14.30976
15.35551
15.24561
15.81007
15.74793
15.54067
15.9675
15.11935
15.97097
15.2992
15.19103
15.24227
14.97232
17.28983
15.22755
15.40338
17.48406
16.46969
15.20305
17.31534
16.44861
14.9224
16.24147
16.12031
15.60593
16.16742
16.0442
14.59859
15.25177
14.72182
15.75897
15.64901
15.58562
16.75536
17.23185
15.90629
14.99592
15.39984
17.09209
15.3763
15.41885
17.498
15.96677
15.55082
15.33613
15.57762
17.3638
16.39368
16.50965
16.46539
16.14025
15.59554
15.18746
16.82536
15.25103
16.29285
16.60598
17.9142
16.19329
15.59126
16.1957
15.64141
16.03982
14.81551
14.73643
16.52075
15.23054
16.16473
15.29623
16.83705
16.20162
16.53865
15.62757
16.12522
15.12817
15.18005
16.2431
16.7034
14.38442
16.1988
16.91462
14.94725
16.27926
15.85563
14.70229
14.91357
15.7858
17.98381
14.19368
15.08226
16.31613
16.2363
15.52754
16.86084
15.18393
17.29886
18.10991
17.10367
15.85911
14.58409
16.49003
15.27283
15.00852
15.85162
14.43663
17.09943
14.25963
16.92759
16.509
15.92925
15.15728
15.59564
15.36545
15.48274
14.98179
15.60402
15.71216
16.53001
16.78258
15.75162
16.04104
14.51411
16.14226
14.73637
16.39968
14.99316
16.84487
13.88972
15.9134
14.70617
17.49907
15.6501
15.305
15.03735
16.39423
16.69353
14.70941
16.35171
14.58172
15.75143
17.58267
16.7201
16.19431
14.86139
16.34594
16.78852
15.63682
15.2596
16.91784
16.41431
15.65684
15.87156
16.30987
16.22873
14.75819
16.09575
17.38325
15.37565
15.11912
17.36088
14.89671
14.86207
16.49481
16.33108
17.44023
15.44584
18.00726
16.91803
16.41813
16.08407
16.66985
14.46038
15.67482
17.01788
15.70294
15.79183
15.47622
17.75422
15.345
16.33458
14.88679
15.18382
14.89735
15.52105
17.70336
14.96575
16.256
15.23498
16.39779
14.94648
16.61603
14.41931
14.99389
15.75897
16.87943
14.99102
15.91578
15.77573
15.70937
15.30433
16.8106
16.3925
16.28079
16.6447
17.18583
17.04897
14.66315
15.48406
16.31865
15.92262
14.85942
15.05188
16.49976
15.52904
14.6459
15.12745
16.22428
17.25168
16.03627
16.6092
15.07328
16.25745
16.14516
16.02863
15.82962
16.06205
16.1183
15.83102
17.32665
14.91025
15.98805
16.04612
14.05368
17.15883
16.65234
15.08223
14.97609
15.2989
15.27978
16.60456
15.37223
14.53555
14.90209
16.0843
15.52783
14.96665
16.9297
13.62571
15.32205
16.38938
17.08414
16.03448
17.64209
16.68174
15.69061
16.24893
16.00053
15.67289
15.73038
17.92036
16.78756
15.3348
16.66084
16.2919
15.69314
16.47639
15.02609
17.42404
16.41929
15.69914
14.06499
16.14519
15.82694
16.25204
17.54126
15.98507
15.21401
16.44989
15.20795
14.58166
16.29156
16.42485
