354.1335
192.4679
330.3061
290.1532
118.2247
110.2465
361.2849
230.4469
162.7711
199.7244
270.3415
294.3508
363.5271
335.0901
163.7781
196.2284
316.9541
446.2563
300.9554
283.1324
125.963
137.2001
115.8503
148.5998
214.488
167.7459
275.6929
460.9425
145.2308
736.8899
151.1237
129.885
289.8504
356.1993
245.044
545.5269
350.7307
367.3861
188.8535
118.1896
221.1009
798.1349
173.2725
257.9649
153.9121
349.1334
115.3202
381.1835
170.9731
187.5198
156.591
144.0473
159.3242
343.1805
191.7403
345.9885
275.8562
204.5298
205.5644
334.0185
398.0104
199.9319
289.6846
119.6223
452.163
356.9012
427.6226
379.8384
284.7375
176.282
154.7263
273.5394
258.7076
230.0014
343.4914
283.8856
307.679
336.0108
451.1326
187.2515
274.6857
412.4965
410.2903
130.2425
200.7108
202.8748
163.1858
273.3431
165.5943
160.886
268.6601
221.8423
556.8599
226.2061
592.4934
446.1331
286.0186
168.9231
461.0841
235.3749
265.2211
390.8909
157.8814
411.5235
234.32
280.8984
227.0571
758.5973
231.7799
207.9989
248.9865
355.3452
204.6129
722.8953
187.3228
238.7494
625.7331
120.3727
243.7202
167.3421
354.0017
333.083
513.6061
116.8258
290.2731
151.3113
174.2179
492.7974
186.3078
126.0746
230.7308
217.1622
441.3927
500.4556
101.9401
272.5374
375.1558
191.9636
410.0779
495.0719
266.8116
126.4238
359.5061
262.1246
396.0368
302.0788
387.5794
212.3469
240.6601
515.6439
231.2468
196.5712
558.5253
232.935
285.4381
186.6237
199.4436
470.8031
165.107
240.437
214.4932
107.1893
575.4831
125.0447
335.3986
399.5245
113.7228
241.7648
79.99349
309.5503
97.94049
244.0207
205.9131
164.6712
246.7945
142.906
203.363
880.2283
163.8295
162.5664
182.851
169.9335
692.1215
246.6191
369.1835
279.5684
139.5525
158.0873
153.4798
171.0957
138.6404
230.2919
193.0858
192.8099
233.681
318.065
198.8579
404.4675
250.3172
199.5707
357.3308
122.703
185.9063
197.5207
158.2392
521.5182
701.3956
152.2056
527.6277
122.0612
204.7515
246.8722
291.0452
124.7235
294.9128
217.8149
128.7857
162.6854
281.0771
157.5854
180.1282
140.1375
267.1218
184.1689
228.8185
688.2899
331.9904
413.5682
252.2285
139.242
176.6718
354.9735
220.7899
280.6878
511.4381
257.2375
124.8943
249.0645
404.6737
179.1458
229.2868
284.1542
179.6041
163.4876
133.7103
180.3883
1368.103
531.0441
362.7105
186.1356
206.6778
135.6107
453.8054
156.7507
283.06
242.1631
305.7756
226.6173
292.0733
180.7501
565.488
286.8339
269.1845
342.0264
251.4322
197.5144
171.2634
514.6484
135.5581
368.3134
243.7974
209.7641
176.845
216.8822
207.6634
314.6191
326.4601
258.3319
193.1176
164.4064
389.968
194.9422
260.3235
222.7896
273.0335
245.1928
248.4017
400.4837
320.3603
143.2481
270.9837
760.959
409.5474
574.1022
150.9919
210.9545
306.0537
155.2247
167.8846
159.8223
176.5713
178.86
234.4735
318.0276
291.1421
216.1908
213.0404
190.781
115.5991
143.8959
490.4268
293.931
194.2028
289.2102
132.1954
206.3578
546.2701
249.1312
141.7292
552.986
116.208
228.6324
262.6248
119.5988
571.6863
233.2101
321.3138
352.879
318.5243
304.8534
432.3164
125.0667
299.0242
440.1189
321.7251
1021.395
204.768
685.0557
334.6806
470.6097
175.9091
365.1705
219.675
295.8926
85.3386
295.7126
136.5924
81.90195
660.8969
151.7829
202.7475
294.2758
206.4054
248.6595
137.9801
264.92
263.4722
99.73309
140.3524
239.7839
176.6188
449.9741
180.3389
670.0546
199.6124
328.812
296.621
256.5358
256.6298
219.5532
199.4382
192.2839
304.8554
150.2863
326.6714
316.6626
170.4665
716.2584
653.0472
290.8703
163.4518
351.085
513.514
240.5458
431.7
202.1336
157.505
208.7281
148.7485
337.2997
189.9583
361.4414
395.2411
106.5699
252.2667
178.4125
239.7036
208.8453
108.4006
623.0114
146.3403
232.0647
380.6695
190.9245
123.6376
292.0622
1498.929
496.9963
239.781
187.6278
183.8488
115.2151
556.5308
198.0875
369.746
172.383
133.6128
285.7353
316.6718
197.8809
325.3058
126.11
254.1418
234.4117
139.6006
96.32578
284.8771
192.7768
155.4664
240.7152
149.4077
395.533
261.1469
103.7425
130.4543
245.3034
150.8378
399.1642
92.60118
251.5733
246.7277
167.391
250.8628
262.1651
540.9209
245.0163
284.6993
191.9822
288.7011
240.8478
108.8602
388.3081
161.2758
154.5297
238.4196
173.8582
149.8342
606.1794
192.0101
358.6116
152.9318
191.4855
197.9378
337.076
226.9743
209.2182
280.3642
256.295
306.0753
423.6786
451.3154
170.8156
439.6432
956.5378
121.643
273.7251
221.2383
430.5874
196.2958
362.0793
354.211
231.1355
1024.505
252.2391
125.0252
194.7805
486.8201
293.301
217.7807
231.2956
272.2956
338.3181
268.4082
293.0365
340.3039
286.9192
395.9026
393.2251
156.657
195.4018
