376.5009
254.2536
201.9781
300.7035
387.9956
246.6756
394.6622
171.3491
825.9737
332.2473
531.2202
347.307
980.5963
159.9099
275.7509
146.5605
232.7722
145.7453
206.6982
664.3144
119.307
286.0686
860.7304
125.7555
360.2723
143.8696
159.3793
123.8355
940.9842
302.4742
255.2722
316.7327
150.4343
218.137
232.41
242.1302
264.152
315.4621
145.4046
792.9669
139.5002
213.3062
1060.709
159.091
178.2376
447.7647
349.7432
258.2704
113.7229
175.0586
239.0873
330.9728
127.9016
295.8411
140.1072
223.761
585.9019
217.1879
274.1707
426.0242
279.633
571.0456
264.9719
615.2229
145.3274
296.6914
241.4766
564.6812
369.9587
521.7735
290.4107
199.8134
277.3574
384.9036
258.8456
250.2953
244.4382
129.8181
751.3988
283.1777
179.0976
267.066
401.3232
379.6412
208.1984
173.3565
201.4487
275.7244
244.253
193.8203
376.5623
249.3593
208.0527
810.7681
183.1456
256.5061
121.1432
147.8925
394.3044
103.5486
212.3259
672.5054
442.315
250.0769
155.2652
181.1661
148.8643
178.0682
295.6625
208.7378
354.479
317.7159
142.6825
171.542
157.1365
260.4973
128.7825
227.8612
252.2654
330.6956
607.6749
158.0203
291.8295
146.0166
121.7185
269.0263
155.9985
341.6328
395.4306
262.0069
280.9983
248.3062
274.8272
250.4766
89.65739
127.9662
216.695
310.9018
255.6643
309.2955
338.5342
377.3411
204.7785
215.7608
150.6266
151.2054
230.021
180.5317
301.0687
284.0961
143.0198
418.5966
148.9243
137.0358
350.4845
189.9733
226.0963
377.8812
236.1255
206.3658
259.7323
364.7471
521.9701
487.113
186.7868
264.5107
191.7861
234.0596
256.7197
156.5446
528.4737
709.4628
331.9366
236.4638
208.431
405.2389
223.3314
203.3323
466.7996
201.9563
180.0735
195.7819
227.8186
202.2933
308.6703
310.7309
134.3775
160.796
162.5379
383.1455
692.5135
369.7008
273.55
132.8124
707.8247
339.0009
658.9014
171.6871
295.5544
401.5873
81.69774
141.5004
161.2496
382.6191
263.9472
239.9072
789.3807
366.5862
142.9395
167.7008
327.467
87.19032
136.001
271.1655
585.4347
263.9906
200.6845
82.96333
436.0793
609.1372
429.0697
329.9694
351.779
231.3547
206.9655
119.5397
354.942
382.5557
236.2741
328.5118
278.6094
272.1631
424.8765
273.2405
387.6119
608.1594
200.1036
315.0827
133.1974
257.4155
229.1931
213.3166
499.9777
291.2048
412.1693
306.1553
154.7343
1737.806
305.003
145.964
338.0851
182.0664
285.3112
233.7944
235.4949
264.1362
346.0347
431.3097
317.8026
233.8798
407.0821
352.6795
174.8
935.4449
347.0019
163.4991
646.96
111.5027
205.028
149.1672
406.8186
234.4525
230.7367
142.8649
524.7274
240.8374
291.9716
277.6814
516.2095
465.2296
416.2573
195.7481
159.9303
270.2072
887.6963
221.0244
338.9202
301.6625
690.3575
626.9372
190.9176
249.6734
303.4678
355.5712
274.5319
352.7505
239.2889
840.9469
354.0703
172.5798
466.2116
732.0238
675.3224
152.8143
605.2296
144.9797
179.419
161.9438
220.9587
176.2273
457.1176
241.6718
285.8586
205.2787
249.6624
228.1366
160.9506
189.8639
167.6752
426.8764
153.6431
236.3295
425.4153
188.385
669.4081
136.1498
311.4655
405.9879
620.4113
179.6575
730.3417
135.4322
237.9325
155.8411
321.0984
622.8571
240.402
310.1746
184.2947
325.126
132.6448
314.7531
172.3475
600.5237
332.5413
155.5494
303.7336
317.5944
178.3358
301.8438
152.8612
209.8706
132.0228
319.787
140.9024
493.3549
248.1245
279.8284
152.8841
313.2776
198.7845
567.1343
216.989
175.4448
190.2158
122.7734
225.7964
188.7648
306.0485
310.3939
348.1554
120.6704
272.9821
157.7077
136.9064
242.4438
404.621
196.922
184.934
304.1374
113.6678
351.3465
120.4458
149.1133
211.9044
500.996
431.9366
280.9154
192.6531
487.1646
136.5236
343.2617
187.7393
202.5786
1096.972
307.2887
243.2854
114.5316
375.3763
188.2851
210.5606
194.8637
182.7692
405.0793
224.1959
112.6757
333.052
177.9525
426.1524
272.599
150.1164
329.2251
348.7539
502.7776
170.3147
211.0308
229.7516
471.6431
151.8367
333.7958
237.3096
263.1092
758.6403
258.5956
192.6105
126.5021
205.6442
255.4092
248.6921
152.7656
113.3373
272.14
188.216
227.1609
215.0051
156.3134
293.9155
282.9074
257.1378
436.8949
294.5025
226.4716
166.8042
165.8821
438.3941
299.4637
410.7658
84.02244
153.2183
245.8124
401.0192
464.489
323.2491
115.7392
243.4028
225.5365
651.8256
589.1809
282.216
184.7397
316.6348
407.9022
141.0494
147.091
156.1728
408.8914
231.5797
131.7162
245.0938
613.5887
152.5014
430.1066
235.7285
120.7996
606.5446
386.2696
311.654
354.957
528.0825
142.8534
135.3112
248.1488
341.9022
252.5271
207.9825
385.5217
549.0612
336.6894
353.5417
113.9009
250.0502
333.1493
272.8811
285.801
944.0643
514.775
528.666
208.2734
229.3648
246.8245
