18.51727
12.1128
13.15993
12.1453
12.36577
12.92448
12.75881
12.00557
11.75155
14.04234
13.73067
12.0658
11.8024
12.86497
13.02602
11.86819
12.31805
12.0892
12.16656
13.68237
11.89526
10.99113
12.03456
12.37218
12.17897
12.26647
11.81094
13.31588
10.23559
12.99882
11.88702
12.19628
11.2834
14.60881
11.54779
10.80264
11.93347
12.50565
12.6294
10.80306
11.89196
11.60263
12.7695
11.31116
12.19
12.09613
12.01988
12.57101
12.34822
10.73909
12.67293
11.96427
11.32808
11.00299
12.21918
12.86491
13.08812
12.33001
13.69669
12.12359
10.83889
13.19293
11.97592
12.20668
13.69949
12.96309
12.43448
11.74945
12.18621
12.39569
12.62494
13.33624
12.21282
11.76356
12.05294
13.25175
11.08331
12.78702
12.30578
12.49904
11.64997
12.58794
11.47377
12.29487
11.95069
12.30408
12.9085
11.4172
13.24496
12.46613
11.67015
12.91564
11.06128
11.95747
12.22771
13.46819
13.48458
12.92514
12.91441
12.56632
12.25693
12.38614
12.47822
11.93922
12.72499
11.56539
12.57023
11.2442
13.05502
12.45722
10.4426
11.21909
13.07648
11.96597
11.99296
11.91939
12.56368
12.27366
13.02536
11.66866
11.77115
11.92156
11.56587
12.29856
10.89612
11.26908
11.75949
12.83089
12.45777
11.20714
11.63652
12.2564
11.23118
11.30535
13.97737
12.2521
11.54919
12.40674
12.74966
11.21916
11.55747
12.46562
12.48225
11.63766
12.06972
10.55304
11.35316
13.11102
14.21547
12.1136
11.29214
12.42122
12.67263
11.6921
13.04154
11.47537
11.18658
12.34895
12.47949
12.51493
13.58289
12.66627
13.45129
12.80117
13.51915
12.35
12.5479
12.07334
12.22956
12.38104
12.30386
13.71587
11.20481
13.00855
11.92423
11.19262
12.16297
12.71098
12.1926
11.41885
12.4262
13.58953
12.46146
12.20526
11.88897
10.97464
12.36925
11.97101
11.90932
12.69682
12.78659
12.11993
11.81027
12.73974
12.62838
12.91261
12.64237
13.01221
13.5971
12.85446
12.48005
13.34174
12.94815
11.48041
13.80223
12.5292
12.20627
11.66134
11.98902
12.3814
11.895
11.78905
12.93367
13.27082
13.14719
12.45226
12.78487
12.73549
12.40319
13.29929
12.60292
10.56707
12.27125
13.06057
11.67922
12.17663
14.34064
11.54803
10.8531
12.04036
12.75886
12.26123
13.08214
11.32886
11.30612
11.79013
12.42489
12.4752
13.56864
12.15562
12.52408
12.02595
12.68735
11.71691
12.61147
11.69555
13.1499
12.05281
13.37501
11.4207
12.93472
12.39422
12.50657
11.25769
12.09364
11.91258
12.18595
12.19483
11.79315
13.29463
12.68206
10.99444
11.21149
11.31271
12.88217
11.63716
11.53424
11.9859
12.70008
11.87379
11.76593
12.6613
11.93948
12.37421
10.92734
12.0494
12.25382
12.99054
12.14969
12.20623
12.49793
11.91305
12.60458
11.32906
14.41219
11.3355
11.88963
12.42119
11.95405
12.57927
11.41764
11.38652
12.52662
12.44044
12.6487
12.61829
12.24667
11.0009
13.67504
11.51692
14.42146
12.66191
11.78121
11.72436
11.41843
11.73881
11.98972
12.0677
11.94243
12.58586
11.90705
12.00586
11.9506
12.25062
11.2072
12.10999
12.38999
12.67493
12.59188
12.391
12.21597
11.82548
12.0694
13.40015
12.11881
11.80122
12.98599
13.52509
11.88425
12.48657
13.74079
13.06673
12.10032
12.44057
13.74086
12.16999
11.32119
12.69575
12.44542
12.55928
12.64305
11.95812
12.63712
11.50859
13.01887
12.4599
12.32496
12.35925
11.66269
13.56964
12.36228
12.92765
12.38905
11.49487
10.53238
13.63329
11.34588
11.42949
13.26789
12.13606
13.41966
11.909
12.19569
11.43787
11.73857
12.88547
12.53082
11.68644
12.68635
12.46254
12.87434
12.07932
12.54948
13.21719
11.25717
11.72185
13.96732
12.1509
12.0115
12.72363
12.00963
10.48796
12.58513
12.17949
11.47479
13.61405
12.34188
13.84585
12.35645
12.64313
11.10397
12.05568
13.72708
11.77904
11.20371
12.70457
12.50546
12.60582
12.93947
12.16148
12.93242
11.85636
11.71861
13.06672
12.21675
12.53523
13.17097
10.87161
11.1374
12.37649
11.78078
12.89972
12.24559
10.97987
12.80699
10.97853
11.83571
12.17738
11.47974
10.8161
12.61743
12.5907
12.01816
11.20839
12.80715
11.34508
12.86226
12.93413
13.15701
12.21198
12.79776
11.75575
13.3018
12.45193
13.0502
12.99185
10.72926
12.00107
12.41504
12.14353
12.88299
12.9717
12.74131
12.17203
11.98469
12.01873
11.88696
11.16818
12.32879
12.31602
12.84994
11.72268
12.09686
12.14964
12.21577
11.99815
12.8541
14.10277
12.1007
12.63698
12.27175
13.27206
12.00178
12.33446
11.41635
11.66148
13.00073
12.14896
11.90438
12.59605
12.14351
13.25176
12.0377
13.52771
12.49937
12.31933
11.79938
11.85047
12.94071
11.91474
13.43953
11.72243
12.05939
12.07365
12.38089
12.54576
12.51929
12.32567
11.29138
12.07005
13.10879
13.26594
11.41784
11.6766
12.02405
12.12084
11.35606
11.53539
10.60012
12.13382
