556.6028
650.1612
829.9468
944.137
847.3714
1121.96
805.9229
684.8784
474.4214
1540.45
835.7111
870.9158
1118.624
1051.183
549.9477
792.0426
584.5432
938.967
2228.438
372.5669
1156.684
580.1094
2142.647
837.8636
561.1768
979.0325
563.0404
4184.562
861.0755
486.7237
816.3542
1530.276
1456.106
319.2873
631.4739
702.0536
757.4513
931.6235
807.3723
549.4683
1283.878
549.19
628.6548
3374.505
351.4073
777.7438
381.7966
655.2557
1121.111
1250.815
771.6905
1186.627
640.3384
952.7514
478.5062
300.2365
241.4864
519.1011
396.7487
1294.44
461.6503
1039.908
716.167
607.63
630.2794
787.4255
262.8847
325.1306
615.8357
2087.27
444.7693
764.1272
1115.829
1291.174
517.7659
637.7995
933.8669
566.5059
486.0365
834.1765
970.013
189.5432
397.3548
1143.312
431.0689
877.0582
306.6052
782.4158
1256.192
666.2375
869.5613
476.9903
468.5856
944.7601
724.7946
295.1437
1766.835
510.145
1035.367
969.7043
1804.747
719.4414
605.8803
408.3961
847.7832
489.809
693.6294
626.349
524.5568
1051.782
489.6729
1121.95
271.2802
361.8967
679.8315
1222.983
2049.128
342.4181
189.4906
2097.068
1376.89
370.8353
831.8369
409.1163
710.9254
809.6862
439.7515
314.2548
1044.647
574.6147
462.5625
239.173
800.2599
323.9665
563.7344
786.9302
514.4088
516.2552
260.4895
700.5669
415.0542
483.3931
197.7408
445.3843
845.6622
279.4554
414.2724
626.7652
264.3333
273.8507
752.0224
802.5172
504.7581
767.3247
934.3516
327.8458
317.7244
1670.511
1163.669
313.4976
294.9889
744.8508
559.8842
402.9836
1031.112
499.7379
577.4746
433.9551
391.5657
327.5277
383.4687
551.4627
1352.841
1359.889
968.1399
814.3795
516.9499
649.0605
514.9614
704.8186
872.3296
291.3234
248.9611
685.7338
692.4387
232.6497
2192.425
376.7932
802.9976
727.5049
1216.714
2415.981
570.9597
228.2073
363.1496
361.0388
444.2265
549.4902
1222.072
701.5548
437.1186
281.9784
493.3233
326.3623
407.9281
509.8551
524.5999
166.5613
442.1801
182.2734
327.4496
1250.99
639.1329
428.2449
496.3075
820.4879
513.2031
199.0163
421.2328
364.225
219.1204
403.1982
958.9139
452.1391
431.4963
950.3227
289.6997
277.1552
1169.45
819.6452
478.9012
544.3841
544.2794
487.9029
775.3543
575.0339
472.8057
823.3879
758.204
1608.621
661.4737
1002.544
610.6188
360.2181
316.6711
307.3619
690.2953
448.1128
1795.525
365.9377
538.6222
390.4805
407.3276
711.4037
581.3651
471.858
392.8788
473.0301
179.542
722.7198
386.1818
704.9515
952.2237
698.4366
998.0397
1006.934
1358.045
315.6516
1304.542
595.7869
510.6564
761.1729
596.2878
794.0611
472.1316
934.96
801.1863
342.9428
470.9528
532.4713
697.6564
414.0015
355.4874
822.6163
767.6459
332.179
541.1983
265.2566
417.9533
879.6365
829.5312
643.438
954.0943
1881.656
637.5795
563.2704
477.1231
216.7406
265.9449
260.3915
600.5578
285.3808
331.4182
450.6268
323.7608
195.8205
711.3853
600.8715
407.1507
409.8755
379.0016
352.5775
473.1367
655.9658
300.4839
340.6973
674.8736
298.4497
415.1719
433.2207
342.1561
403.0461
2246.41
262.0663
1880.76
1134.975
2664.677
425.8141
580.194
261.9275
661.0034
422.1882
371.1018
680.6534
2772.767
287.7925
509.7329
450.0551
459.6402
431.3323
191.124
440.0585
1152.8
930.766
339.2076
735.7775
423.3423
228.0262
592.3113
226.0459
246.8842
405.1423
480.6507
1711.899
388.9833
532.4538
387.8237
642.691
367.4397
419.1876
278.3679
890.7135
247.0786
294.7034
785.1275
256.8002
390.2315
1464.858
262.8417
191.4733
1197.726
611.8144
660.7275
158.0923
454.9448
521.1526
448.187
436.6079
226.4937
534.6731
662.6048
211.6884
637.369
431.1563
275.8464
390.8741
655.1286
718.2248
1198.604
1117.514
421.7219
363.8025
236.3436
395.8519
1072.569
473.6796
988.997
556.6416
183.297
610.629
838.9034
330.2994
221.1954
299.8033
244.6655
222.0006
269.6028
280.4834
1228.957
390.1624
486.0758
465.6376
506.6418
169.347
1373.381
573.9754
195.38
1036.704
677.5153
994.2145
669.4652
411.6675
758.341
407.1534
513.4896
254.9832
211.834
259.5197
297.932
176.3638
370.7703
629.8351
427.2916
532.8064
221.5915
1091.468
269.1694
404.4555
420.3286
307.1463
747.4808
366.3249
410.2763
872.8344
659.8041
381.9746
556.1533
405.5493
290.8004
1037.119
1079.456
289.5292
405.3578
554.2216
667.0572
408.418
651.0851
383.0902
215.835
767.8515
481.9517
841.1937
210.5195
830.0756
926.3236
218.9415
535.2611
419.4961
1158.279
349.1062
460.1615
226.0396
160.9506
453.5919
279.9295
743.1894
304.8734
406.8819
560.2293
450.5661
251.2957
413.2192
241.1027
500.4984
298.1617
197.802
311.749
156.3378
371.0315
306.0199
236.674
314.1194
352.3829
639.8028
484.8824
429.256
274.4644
270.0827
342.9077
387.9893
