13.88591
12.42347
7.220886
7.725087
5.590307
5.996168
4.862239
5.247827
3.949508
4.372817
3.132435
3.320008
3.173365
3.337139
3.812289
3.941991
5.336809
6.041709
6.368626
6.904316
4.863923
6.136395
6.554976
5.039453
6.387952
4.515489
3.592334
3.471272
4.041424
4.777978
4.428119
3.970409
4.225479
5.237137
5.768649
4.140752
3.47302
3.465773
3.926434
3.899741
3.318143
4.13174
3.667045
4.800674
4.990832
3.982864
3.719102
3.480592
4.204534
4.284528
3.413497
4.242541
3.619351
2.695971
3.014405
3.726786
4.060398
3.459056
3.444819
3.387803
3.219951
2.634946
3.421417
3.457176
2.910684
2.742875
3.362857
3.086012
2.388423
2.35151
2.510487
3.49263
4.110754
4.551517
3.75756
3.932279
4.149017
3.505212
4.158698
3.852704
3.376166
3.640032
4.252313
3.60103
3.839519
4.06129
4.153511
4.908781
4.117755
3.590605
4.603969
3.106316
3.729357
4.194588
4.222199
4.956388
5.66021
5.607483
4.284044
3.481235
2.970177
3.031575
4.160488
5.313316
4.034679
4.181296
4.554739
3.821521
4.332297
4.217905
3.960311
4.638302
3.271818
3.616362
3.865832
4.591154
4.064901
4.909037
4.947622
5.566324
6.314142
6.161859
6.453629
4.25404
4.700809
3.622081
3.261489
4.25116
5.309038
4.807221
5.434561
5.28737
5.195862
5.217304
4.92462
5.015788
3.954583
4.591382
4.57267
4.439324
4.782089
5.691449
5.434458
4.970322
5.033153
5.515644
4.769245
6.076839
4.832604
6.479484
4.002993
5.079323
7.107145
7.966908
3.970416
3.497667
4.332952
4.466509
5.019815
4.303007
4.482544
3.365251
3.401198
3.759019
3.257594
3.899266
4.738205
4.42746
5.612843
4.711782
4.12676
3.360763
3.844542
5.060998
4.564565
3.370259
4.005446
3.020415
2.717274
3.068156
3.917907
4.164207
3.834943
4.4023
5.187483
4.275187
4.199571
5.700265
5.142689
6.483146
4.590908
4.513849
5.913648
4.530874
5.369537
4.456639
4.264301
4.589905
3.83191
3.281628
4.019228
5.288427
4.910739
4.697236
4.440731
4.865776
5.144906
4.566088
3.335451
3.008587
4.697138
4.469074
3.404219
2.707914
3.359212
3.085558
3.026385
2.866314
3.328768
2.976095
3.609579
3.928138
3.601808
3.550798
3.963651
3.084571
3.701964
3.282347
3.949518
3.367267
4.171357
4.097621
3.511876
4.207079
3.671246
3.379134
3.333705
2.480615
2.821749
3.944867
3.697416
3.247199
3.19589
3.546841
3.464676
4.448741
3.09673
3.181557
3.08587
2.651227
2.451515
2.935418
3.712606
4.09762
4.157777
3.581686
4.236497
4.657142
5.19971
4.610515
3.502152
4.169905
4.12942
3.864909
4.110356
3.874138
3.065369
3.42212
4.374185
4.066504
2.974549
3.152748
3.163577
4.632317
5.458634
4.136342
4.510299
7.140145
5.539424
6.214588
7.168001
6.326784
5.586089
4.681425
4.937488
4.127813
3.939983
3.445371
3.794378
3.124887
4.024209
3.13225
3.265477
3.068611
3.434861
3.455508
3.325377
2.83017
2.949306
2.900452
3.710283
3.445773
3.738315
4.001986
3.186502
3.250414
3.778732
5.074991
6.053174
6.759042
5.469726
4.878825
4.876363
5.21613
4.317687
3.113653
4.506959
3.471422
3.814454
3.384434
3.651645
3.47044
5.663428
5.109071
6.907208
5.624888
6.699601
6.409033
5.92168
6.46503
5.501404
5.852475
6.352145
5.8175
6.439335
4.634054
3.880377
3.858132
4.076716
4.408532
4.970921
3.560766
3.698317
3.904438
3.504009
3.42793
3.234686
3.523036
4.700255
5.651359
5.864401
4.730317
3.388232
3.709793
3.268386
3.704841
4.326632
4.382954
4.496302
4.299769
3.822655
5.075486
3.454529
3.029117
3.911926
4.756449
3.776004
3.937479
5.260304
5.247138
4.589873
4.483931
3.449804
3.974792
3.231758
3.404434
4.09487
4.278437
3.465809
3.342897
4.370491
5.368382
4.403244
4.913154
5.353887
6.513236
4.672361
5.477038
4.965483
5.388706
4.364711
4.361193
4.641463
4.106727
3.689898
3.834978
3.819031
4.117185
4.629931
4.491807
4.601192
3.877086
3.636129
4.686342
5.841879
4.977209
4.529291
4.91629
4.526195
4.171179
3.609875
3.581083
3.651666
3.641385
4.200913
4.089872
4.179063
4.596803
6.379859
6.1749
4.711394
5.152662
3.893802
2.971978
4.470803
5.512805
4.867434
4.891778
5.182205
4.989209
5.850022
4.936539
4.677092
6.122341
6.934656
4.926257
4.02501
4.190897
3.81043
4.340687
3.90361
4.062511
3.032452
2.811352
2.879498
3.022692
3.547748
4.533576
5.675254
5.697935
4.491681
4.888857
4.341027
5.570427
4.945713
4.045867
3.253244
3.824387
3.628709
3.278188
4.564937
5.019019
4.012415
4.884871
4.73399
5.048824
4.405467
3.339712
3.616874
3.76391
4.74438
3.668823
4.231584
4.980524
5.145655
5.2136
5.29242
4.948349
3.993436
3.481003
2.862371
3.028944
3.162112
3.185745
2.580533
2.875341
3.11708
3.346459
2.960884
2.985051
3.878304
2.924017
3.258775
3.989192
4.422405
3.481991
4.1963
4.902546
3.583235
3.668045
