93.61706
93.23299
84.64323
101.711
93.11413
83.06958
88.58532
84.30742
89.69713
91.76587
82.92799
92.14611
93.93606
83.36506
82.30499
95.44494
93.85073
88.49241
89.30626
87.0989
81.33951
85.37045
80.83675
90.35866
90.7274
81.97087
81.20565
83.54927
82.81753
77.14051
65.77378
59.44842
57.82906
59.43984
59.78894
54.68645
49.73241
51.08753
58.79063
49.08858
57.87139
57.52303
56.20158
51.76171
54.03404
55.50267
54.61744
53.25755
58.62104
51.35912
58.44897
56.80058
58.15023
58.64465
56.96721
60.83774
54.9007
56.88015
55.35798
51.93816
60.7068
56.49629
54.95204
49.37564
55.38678
51.55807
59.90448
57.8741
53.57341
50.98483
51.61042
57.08441
57.71014
58.30579
58.96858
58.76813
55.8239
58.37075
54.96393
59.99233
51.19581
52.64458
53.83269
57.87893
56.24984
53.89219
56.74518
56.30859
61.65597
57.12136
57.35312
54.45614
60.07209
55.39098
60.4145
55.96871
50.36434
52.05955
54.27515
52.30502
52.05543
54.43899
58.63047
53.02914
58.42597
53.75079
57.63813
51.30042
53.43721
53.27784
53.97335
59.01704
60.75162
51.49703
48.03143
54.56347
55.95695
55.61361
57.32164
52.14994
57.92251
52.75025
54.85149
50.84625
49.99229
54.41797
55.91954
56.06462
55.75283
54.22617
55.31413
55.06772
53.96215
52.1705
52.9475
52.7574
52.79213
53.59783
62.83756
52.8581
56.07372
52.09036
62.2352
56.06482
54.85475
54.24031
50.79662
57.66718
57.46901
56.48723
60.62307
59.45008
58.54441
54.14423
55.3772
56.20132
54.30045
53.07027
56.0896
60.89172
54.13506
56.02632
52.44884
50.24273
56.58566
49.50158
56.56513
56.84317
51.45233
54.79544
52.87661
53.30269
52.4701
50.88166
49.82144
52.79376
57.03838
58.25131
55.87068
53.47541
57.74228
55.50447
57.05829
55.13827
55.63791
50.54324
50.54799
60.35064
49.61679
52.31668
55.49844
50.69138
58.82053
53.92804
57.37216
56.51326
55.08496
59.49734
58.40863
58.59593
56.07857
58.95589
49.95364
53.56948
53.3338
54.97228
61.60015
56.59527
58.99579
55.17423
51.67764
54.72155
59.75769
53.9238
56.59322
52.14831
56.41483
57.73242
58.71127
55.94332
54.62268
53.42807
58.56935
53.185
56.92423
55.36923
54.85613
58.68513
57.18607
52.54045
56.68097
57.6109
55.78184
54.08119
63.78392
58.42723
59.65646
52.81037
55.36984
55.52612
50.28735
52.87494
55.63236
57.12336
55.56483
61.7768
52.01086
56.59444
63.42562
50.51062
53.62774
53.8176
55.532
52.09781
56.45835
58.87051
51.98622
54.42553
58.46901
58.37233
51.5635
53.97212
50.85274
49.29795
54.33898
52.8305
53.23569
55.20384
59.2492
49.67523
55.35913
54.18074
57.07705
56.45455
51.2347
53.80411
55.13221
48.78914
57.9262
55.93119
53.80047
54.21112
52.84817
53.10336
51.32135
58.80649
49.3354
57.54611
48.54607
52.9812
51.49804
56.14642
56.83518
54.88021
56.45798
57.62016
53.53752
56.88409
58.55237
58.417
56.81255
55.40416
52.67688
57.7804
55.25795
54.26086
53.20851
53.45444
55.94773
53.19911
58.79845
61.85617
50.99989
58.41338
55.29922
50.48382
55.04804
56.05648
61.64172
61.77349
57.17691
59.0786
54.73317
53.53166
57.36808
55.29947
55.46628
60.74422
51.6365
54.21957
52.54585
59.01818
57.29463
56.71023
56.34933
56.27684
56.12733
57.1421
55.37737
51.41095
52.27964
54.81224
58.64927
49.37031
51.45084
60.61702
52.0052
54.65543
52.84858
57.37244
58.59788
55.27603
57.45919
56.10761
48.48602
54.34297
51.87207
53.20955
51.02921
54.36909
51.60881
55.59468
48.69891
52.50381
51.10909
58.72219
55.54261
53.11517
56.1307
57.70232
56.37056
58.01822
50.04557
56.73296
53.05203
54.47936
51.53296
52.75157
55.67252
56.82388
48.38684
54.88951
55.97446
54.4292
53.73856
57.30245
58.90609
56.76547
60.99087
56.38942
56.2487
51.70114
58.03194
58.53865
60.13931
53.48539
50.0968
56.97924
52.89777
52.86463
55.71411
54.7683
53.87765
55.29292
56.03449
54.25256
55.91757
61.73927
56.63694
52.73501
57.62964
57.69855
54.63416
58.37059
54.32991
57.04025
55.65493
55.72149
58.20888
59.96536
56.71825
59.18188
61.65019
56.39406
59.43195
54.42629
51.13963
60.70885
55.82758
54.16486
63.19791
55.22954
55.51084
54.02893
53.9407
56.49254
51.74769
53.36153
61.8505
58.69078
52.15657
57.83385
56.13079
56.3159
51.97868
55.60044
59.23442
49.93994
50.75174
55.17598
56.2335
51.63813
52.1118
54.94313
57.62336
51.78975
56.93381
54.16032
59.42746
51.73221
52.56728
66.57513
58.98388
58.82328
51.48068
49.3315
49.46185
56.95174
54.33456
60.49611
56.25322
57.13938
57.46509
62.80528
57.89952
58.50028
56.45134
60.60192
56.63321
59.33116
50.61245
56.97773
52.80106
58.15172
61.2115
60.12898
58.69377
46.57848
50.99119
52.99478
56.1215
53.4512
56.77512
56.76386
58.25944
59.47266
55.62979
55.66611
54.12067
59.87492
