0.9702438
7.449371
1.602105
0.830725
1.08854
0.4297491
0.8285901
0.9989016
0.7066262
0.8825813
0.7398398
2.92152
2.083342
1.794136
0.6755966
0.9112003
0.6695564
1.182192
1.719782
0.5478677
1.030766
1.003329
0.992353
0.6104306
0.683609
6.351453
0.9859561
0.8295911
3.387884
1.89496
2.365863
8.720525
0.8430821
0.5759638
2.669875
0.5965053
1.918283
1.789026
1.849619
1.596886
3.20904
2.033807
1.752456
0.9489018
0.8553637
0.7980186
1.952047
1.645967
2.398335
1.30749
2.49015
0.6897306
1.391041
1.04757
1.704179
4.70656
1.259514
0.8019672
128.4972
2.910962
0.690046
1.315712
1.551766
4.47496
1.918629
0.5379533
1.001122
1.083013
1.120743
0.962812
4.378665
2.362058
4.830424
1.19095
1.59586
0.9824327
1.885741
0.6820899
0.8165022
1.814434
1.191815
1.495846
3.595128
3.777221
1.66774
0.9470867
0.9303491
1.377392
3.368559
0.8392754
0.6109405
2.281656
1.532434
1.814333
2.199616
0.3675929
1.106011
0.4196272
0.9193224
0.5498433
0.8238088
2.544065
0.3887873
1.121019
1.521146
1.079978
1.0063
1.201922
1.706515
0.5928074
1.446259
1.750447
1.495436
1.533883
1.177939
1.794639
9.476157
0.9506307
9.187573
1.282041
0.9319695
1.203271
0.7781102
1.474273
1.194097
1.507974
1.098077
1.646957
2.722429
1.538378
1.169431
1.66539
3.695347
1.320059
1.621288
1.210646
3.219305
0.9001697
2.291966
18.21666
2.380791
2.535587
0.8459147
1.548475
0.7830068
6.321739
1.310191
1.284919
6.065814
0.7959427
0.8618978
2.160832
2.103887
5.323391
1.015039
0.993915
1.364768
2.358323
2.77745
19.74837
0.8784669
0.4898807
1.676713
2.941946
0.5186654
1.198543
1.068972
2.223358
1.249232
1.478139
1.747431
1.490454
2.522628
0.9384747
0.6502114
0.5885714
1.667446
0.6785045
5.159781
1.209985
4.818104
0.3708996
0.3707523
1.104765
2.064795
1.848682
1.788553
0.5074494
0.8534738
7.174613
1.805747
2.752638
4.524207
1.300649
1.63982
2.258656
6.474149
2.676118
0.8015147
16.11614
1.408662
1.544946
2.141727
7.312241
0.8004838
2.836341
0.5471241
0.7803897
0.4705847
1.858347
1.660627
3.840562
1.098719
3.59345
3.327318
2.612988
2.780664
0.9057428
1.056038
0.7583375
1.637637
1.854248
1.112033
1.289549
0.8532017
0.5791767
1.248772
1.490691
0.6800821
2.982845
5.25348
1.407409
3.858819
0.7060743
0.9436111
1.20051
1.378852
0.4386157
1.858885
1.071353
1.508528
2.901718
0.4393773
1.294368
1.527217
0.4290539
1.700858
1.426476
0.5350768
5.600737
2.045066
0.7250655
0.9277359
0.4630003
1.247063
0.7347751
4.433825
2.564571
1.004383
1.355346
1.117508
3.457566
3.862869
0.6645211
0.9589594
3.247285
1.070328
0.5288704
0.3414847
0.8140242
1.044064
0.8646325
0.8481401
4.887255
2.14829
0.8513247
6.291133
0.8804943
2.529245
3.492885
4.720114
2.624513
1.093297
0.8906646
0.6020322
1.294681
7.419958
2.715797
4.155288
0.7491201
1.765081
1.95375
0.5321892
1.082374
1.21388
1.781367
2.03547
1.213149
1.966513
0.5796277
1.672718
0.3884796
1.439464
1.604501
2.444384
1.042322
0.6958485
1.844911
1.503186
0.9981516
1.476824
0.7252624
0.9179641
1.724205
1.769952
0.6450717
0.5101
0.8015869
0.5617802
2.504496
1.472662
1.431498
1.241865
1.564023
0.7096955
0.4418452
0.6207824
2.402213
0.4666119
1.899578
1.584619
0.7890599
3.385489
1.452436
1.02433
9.116356
3.821284
0.8090241
1.217769
1.152141
2.254074
3.459197
1.221289
0.4230927
3.487233
0.9832126
1.039944
29.47459
1.4236
1.116803
1.786449
3.315746
3.941718
2.713916
3.846585
0.8056697
1.325687
2.720171
1.018846
1.226209
2.161878
2.596633
1.566755
1.293502
0.6278666
1.723786
3.087569
1.22573
2.862077
5.554196
1.815431
16.71062
0.5743977
0.9787614
0.5943856
0.4669462
4.386107
1.429338
0.8041777
7.199005
1.13458
0.7178254
3.746395
5.278434
21.24867
1.019826
0.7282208
1.939509
0.9195707
1.333323
0.9021978
3.678715
0.5468013
3.562525
1.475267
1.888882
1.311029
1.150569
2.32365
3.595551
1.006531
0.7295768
2.423365
4.596539
0.7232673
2.485307
1.646397
0.618864
1.318745
1.620519
0.4947044
3.141018
0.8358196
1.464744
1.064099
1.319866
1.216269
0.8940467
1.556327
1.015384
3.891275
3.250734
0.8020456
1.910046
6.584014
0.5724341
2.374137
1.047902
2.934059
1.265838
0.4228881
4.944738
3.767339
2.881248
1.719523
1.681444
1.248684
2.009873
0.7464015
3.206225
2.182394
0.7675181
0.8283771
0.9201964
3.865422
0.7188309
4.249345
1.318533
0.9181336
0.890799
0.5179574
1.255015
1.397099
0.7403652
1.265005
0.7084258
2.984776
0.7278651
0.4359202
1.31053
0.721478
1.194409
3.548468
0.9492412
3.530837
3.866984
3.515415
0.6378421
1.484712
0.9638767
1.02985
1.240297
1.40808
0.4158479
0.5962384
7.092034
0.3488856
1.21252
0.87669
1.708899
1.850873
3.370109
0.8960829
0.436804
3.663679
0.6244859
1.314788
4.344191
0.4183456
0.9795999
1.598216
0.7462875
3.556165
0.5487579
2.786037
0.9844108
1.881966
2.490208
1.278616
0.9628029
