106.3019
107.5954
105.2556
108.9343
108.1398
105.2579
105.6937
104.4659
104.6771
105.5137
106.0626
107.2527
105.729
105.3402
104.9436
105.4754
103.7479
103.9662
108.309
107.5539
106.1089
106.7905
106.0624
106.843
105.5174
105.9439
106.9589
104.6175
105.3239
106.5285
106.0967
104.1234
105.87
104.9886
105.2013
104.26
103.9425
105.8971
108.4674
104.6717
105.9259
106.5822
105.9773
108.102
105.812
104.5729
107.4884
105.0428
103.8299
105.0127
106.8282
110.2177
105.0608
105.4919
104.6262
105.5086
107.2509
105.129
104.6732
107.1325
107.3566
107.1363
107.0242
104.1398
104.9995
105.1619
106.1687
104.7062
106.6426
104.7274
105.7159
103.3719
105.4809
104.994
105.108
105.798
106.9787
105.487
104.7535
103.9082
106.2855
107.3136
104.2456
105.5751
107.8571
104.1102
105.5726
104.4261
103.9834
104.2266
105.8853
106.358
105.5297
104.1835
105.4946
105.5088
104.6065
104.4952
104.7314
105.3686
105.721
106.1169
105.1148
105.6029
106.4886
103.4721
105.2203
106.6303
107.0125
105.2554
105.5602
106.2307
107.3108
105.2507
105.2853
105.4245
106.7176
104.5067
105.197
106.5062
105.185
106.1291
105.7592
105.5324
104.2201
106.1506
107.4293
106.4586
106.2583
104.8887
107.0406
105.919
107.0711
106.8034
104.7444
105.7335
105.3734
107.7027
106.1311
103.0858
105.0241
105.3678
107.7654
105.8423
103.9252
106.1312
105.5367
104.1036
105.1403
104.2372
104.3976
104.7019
106.3145
103.7178
104.3895
106.4551
105.9434
105.891
106.2487
106.0326
105.878
102.7832
105.3
106.0778
107.0085
106.6377
105.9725
103.6751
106.3774
104.264
105.1346
106.881
103.9124
106.0365
103.6891
106.033
106.8791
104.5079
108.9387
107.1696
105.4657
107.372
105.3576
105.0552
103.5272
102.9283
106.2389
105.8899
106.0678
104.7518
105.4274
106.1047
105.1969
105.7077
105.4498
105.8838
105.9048
106.7426
105.903
106.3336
106.2421
106.3012
104.7853
107.05
106.1535
106.9975
105.6071
106.1483
104.9424
104.174
106.5224
104.2232
105.3621
106.0177
103.2253
104.7331
105.5187
104.8853
106.5672
104.7555
104.0738
106.516
106.442
105.8621
107.054
104.5816
106.5369
105.1685
106.8055
104.6596
105.6194
103.3638
106.7668
105.021
103.625
104.2472
105.1211
105.9754
106.8461
106.3092
104.1053
105.2032
106.9942
104.4191
104.3206
104.4862
105.753
105.8424
105.4388
103.9568
106.2342
108.7666
106.9687
104.5454
106.7972
104.8366
104.7622
105.4021
105.9682
106.1087
104.0729
105.9297
104.4467
105.2231
105.504
106.6854
105.2287
105.266
105.5097
103.8683
107.2964
104.6904
106.2563
105.4494
106.1642
105.013
106.0611
104.584
105.5412
103.4382
104.8624
105.9382
106.2457
106.296
104.6213
104.424
104.4713
104.8251
104.7213
105.9723
106.1842
103.9985
105.4215
105.6153
105.2182
107.1146
104.3894
105.6771
105.1251
104.4404
104.4051
105.6793
104.2836
104.6347
105.3706
106.5728
105.6203
105.3557
105.819
106.4695
103.9263
106.6292
108.6579
103.8566
104.4462
106.3956
105.8312
104.7494
103.8132
105.978
105.0901
104.9845
105.9988
104.6299
106.4331
107.4355
106.4009
106.2617
106.5383
104.7094
104.7628
105.1142
106.934
104.9545
105.4067
104.4684
106.5765
105.4113
107.0532
106.9371
104.0165
104.6169
105.4938
107.168
108.7919
105.7811
106.0313
107.3904
107.3816
106.1593
107.7343
104.2813
106.8275
105.7378
105.1085
104.2222
105.3171
105.0715
106.6044
105.6566
104.507
106.5781
105.3231
105.5978
105.8464
104.7778
104.2127
102.6894
105.6647
105.2297
105.0278
105.3103
105.4029
104.9432
108.1778
106.762
106.9085
105.0197
102.9931
107.2843
106.6105
104.2709
106.3232
106.2072
105.8301
106.4398
105.1851
105.5614
104.7411
106.0873
105.1407
107.9117
104.3613
103.9182
102.9883
105.7511
107.5032
106.1258
104.9388
104.7038
107.1358
106.3386
102.5103
106.3696
107.0762
106.8193
102.4847
105.1991
105.1138
106.2836
106.6117
104.594
105.7261
106.2561
104.5615
105.2156
103.3553
104.641
107.3471
105.3916
105.7948
104.4215
107.6117
105.6799
105.5121
105.8734
104.4169
106.3889
104.3416
104.3319
102.9547
105.206
104.2278
105.1702
106.0536
104.8415
106.9122
106.8066
105.7562
106.2178
104.5535
105.9573
105.9498
105.3288
105.4402
108.4029
103.4868
105.7421
107.2427
106.286
105.7224
106.3815
104.4253
106.4157
105.1382
105.2053
103.9697
106.2488
107.1337
104.0361
106.4281
104.6296
104.6841
106.2423
104.7816
104.51
102.2533
105.9062
105.5802
108.3433
106.8246
104.255
107.4426
106.7921
105.2228
105.5862
106.336
107.3536
105.029
106.4095
106.7286
105.378
106.624
102.5508
105.7425
106.0153
105.1387
104.5391
104.2383
106.8418
104.7609
105.4752
106.0248
104.783
108.6624
104.6442
105.5684
106.1478
106.3796
105.7114
