115.0082
124.3082
108.2401
59.60225
12.31034
12.23362
13.04295
11.42999
12.79838
13.08971
11.77615
12.40959
13.57035
13.33882
12.8227
13.79832
13.57031
12.39594
13.64242
12.97545
12.86025
13.40743
13.26079
13.10192
14.04765
12.87958
13.83245
14.54504
12.96971
13.84839
12.01531
13.8751
13.35248
13.42936
13.89786
13.88914
14.15278
12.96683
12.16158
12.6257
14.11216
13.7251
12.92395
11.44238
13.40972
13.24492
12.47554
12.76857
13.73413
12.88456
15.26225
13.75009
12.66531
13.42552
13.76034
13.34102
13.95563
13.34394
13.4689
13.57874
13.99296
14.17919
12.93239
12.96817
13.69448
13.29352
12.91524
12.68919
12.56251
12.10406
13.90367
13.7516
13.29804
13.4925
12.6467
12.92434
13.22202
11.91916
13.16203
13.34557
14.64651
12.72922
13.51891
12.66894
13.45303
12.85899
13.34573
13.48627
12.83998
13.41055
12.57457
12.8348
12.59889
13.80138
14.8348
13.77802
14.62812
12.63235
12.73467
12.8046
12.75169
13.04212
13.67965
13.25358
13.49433
13.67363
12.95526
13.91764
13.73599
13.62942
13.09991
12.9032
13.27028
13.45623
13.15955
13.38263
13.35617
12.18519
11.75549
12.28806
13.43813
13.20648
13.70092
12.59761
13.17227
12.90655
12.02739
14.04646
13.92064
12.82062
14.74237
13.89683
14.10592
12.90944
13.94119
12.98512
14.83176
13.35404
13.22057
13.64446
12.89007
14.16321
14.32033
12.77434
13.5716
13.87448
13.94979
12.99835
12.65956
12.91335
11.27466
13.94245
13.71936
13.62648
14.39361
12.2093
14.80895
12.90059
12.49075
13.46217
13.5053
13.59597
12.39141
13.51131
13.13217
12.62198
13.204
13.11638
14.21793
13.04819
12.14214
13.45144
13.46695
12.39212
13.96962
12.92836
13.43625
14.94956
12.56904
14.89161
13.34047
13.10328
12.62306
13.99846
12.58866
12.90637
12.31678
12.93406
13.20591
13.19558
12.10569
12.70832
12.9899
13.84203
13.35931
13.59861
11.94908
12.42885
12.70307
15.25679
13.34224
13.10767
13.47012
13.87783
13.08985
11.67587
13.88864
12.45538
13.14986
13.37289
13.0814
13.77403
12.59806
13.84087
13.37277
14.25476
13.40986
12.79965
13.38793
14.1788
14.05818
13.51832
13.96034
13.90688
14.36388
13.14164
13.18115
12.26594
12.76966
13.37285
13.58816
14.18325
12.70874
12.5274
13.46525
12.63313
13.42516
12.8963
13.06081
13.63914
13.1468
13.44195
12.64898
12.71537
12.74424
12.35667
12.57947
13.14753
12.75157
13.85287
14.17437
13.81477
11.94289
12.50589
12.93296
14.55773
12.72465
13.21036
12.21419
13.30942
14.13848
13.2921
13.53073
14.20556
12.17065
13.79544
12.86862
13.32555
12.8364
12.14106
12.91138
13.43993
14.13372
14.01299
13.27718
14.27734
12.40121
13.64702
12.66584
13.69293
12.0435
14.84545
12.89488
13.10536
13.24368
13.31067
12.81334
13.97416
13.56377
13.90928
13.93344
13.2577
13.63582
14.00433
14.25514
12.53355
12.6621
13.7519
13.42182
13.69305
12.88385
13.79743
14.44628
14.97795
12.96153
13.45385
12.96909
14.9087
13.51005
12.13471
14.08839
13.78437
15.15579
12.8049
13.59542
13.88461
14.02167
13.35028
13.63275
12.70521
13.31401
13.3035
14.06942
12.58081
13.82372
13.73735
13.65656
12.85096
12.58595
14.16118
13.92826
14.04642
13.05544
15.18269
13.60913
13.51303
14.22918
12.96764
12.92964
12.26532
13.54919
13.99943
14.22392
13.0505
13.96118
13.57484
14.64953
13.53772
12.41953
12.90195
12.23516
11.41049
13.73006
12.81456
12.92275
13.5295
14.56946
13.24883
13.48733
11.89475
13.26833
12.29507
13.78449
12.92074
13.01287
13.54359
12.37925
14.22964
13.15051
12.60872
14.92415
12.67296
12.9235
12.96553
14.21547
14.39511
11.48046
12.75653
14.38603
12.88364
13.16946
12.9595
12.52296
13.40145
14.26892
13.53215
13.48039
14.006
13.35433
13.9172
11.99739
12.94032
12.77344
12.83205
12.59053
12.77708
12.46647
14.04519
12.39927
13.18467
13.94658
12.41262
13.37141
12.6817
12.62572
12.65031
13.16166
12.90041
12.99595
13.45156
12.05934
13.47497
13.07141
12.77156
13.36105
14.65347
13.07163
13.26393
12.56812
12.35387
14.3564
12.42614
12.66087
13.4689
12.93703
13.01289
13.27302
14.67472
12.59205
12.79984
13.2647
12.78683
12.80027
12.32717
13.44072
13.29206
13.42089
13.35036
12.58066
12.96575
11.91634
13.12259
13.0027
12.66745
15.29844
12.68419
13.69892
12.0152
13.3819
13.53347
13.76076
13.06863
13.79193
12.67737
15.24134
12.28275
14.26093
12.59796
13.97717
13.06135
14.58191
12.92219
11.91718
11.35311
13.54921
14.16405
13.31962
12.07568
12.55443
13.18617
12.60829
12.35192
13.11752
12.7956
13.13528
12.23349
13.22281
12.44002
13.7887
13.65636
12.83989
13.77077
13.74063
13.34644
13.35295
12.53222
14.21392
13.6404
13.72201
12.67292
14.79425
12.79506
13.62981
13.0151
12.31987
14.12366
13.16845
13.05381
13.87812
15.62697
