1284.112
1890.254
553.0068
2282.462
751.7607
729.9561
1971.268
1017.677
1066.66
599.8391
3518.044
1121.957
954.1166
1584.873
1126.772
1838.199
3289.511
1600.543
1367.063
1887.14
1403.823
841.8339
1161.494
1379.886
2748.533
1513.24
1145.872
3286.526
1857.807
4068.774
3071.637
1332.184
1067.031
1843.931
953.5055
1075.131
1494.884
1385.588
2174.085
1163.514
992.3086
4852.538
973.4103
2575.143
2064.607
1342.972
1776.663
2395.46
1020.064
1502.374
1189.908
1223.674
2206.251
1862.787
3625.619
3183.414
1311.732
966.0857
1314.227
1174.136
1195.043
1433.891
1197.299
2501.567
556.1818
1344.346
1017.407
1224.939
788.4264
1082.909
614.4027
2002.231
703.5834
814.1048
1025.498
2043.144
1064.65
760.0567
1306.837
1285.692
798.4842
1378.852
1010.74
927.381
479.501
1151.562
3479.78
1095.344
871.0054
835.8029
1443.482
1942.898
1535.63
1403.03
972.9906
1146.889
475.1763
939.8827
1778.595
1007.178
1086.528
805.1586
1058.792
1185.873
756.8526
630.361
4004.944
1351.4
1238.048
928.6629
546.1254
1977.968
2108.538
1112.625
1694.533
599.6094
1044.504
1362.83
1186.058
1091.879
974.272
589.2003
766.9848
1210.319
2327.053
1328.205
1299.18
2123.016
1276.701
1733.649
3038.842
827.6161
592.822
2302.284
1002.117
1343.078
1524.336
1178.648
2050.813
881.2452
2468.51
2026.703
1381.238
2978.115
593.4015
2233.633
1309.36
1193.671
1942.615
1263.716
1074.294
1153.541
2445.215
1753.153
974.488
479.382
1721.211
1094.22
641.4782
1120.709
1933.193
803.439
581.4724
760.2808
1994.098
774.2269
625.3687
934.684
1341.074
6921.393
2253.851
1452.475
747.1048
1141.798
2419.262
583.256
1074.936
583.6002
814.5423
763.8358
894.593
1100.239
1772.507
741.5882
1372.853
2193.093
1035.853
11240.58
1227.97
1521.36
1893.26
1076.2
992.7134
1964.841
633.391
946.4985
795.0742
610.6449
2052.894
1060.698
984.1474
1362.885
1167.323
483.5028
1529.789
1136.6
1738.956
1474.455
3313.678
1763.902
874.0129
897.2292
1237.493
1176.664
1744.491
2245.261
719.4364
620.2639
1617.402
571.1303
498.9434
961.7343
1826.237
541.2914
1059.753
587.028
671.1573
1382.388
873.3771
541.1565
1616.317
1292.456
961.5273
1448.354
1068.141
1073.588
746.3548
767.805
862.6282
981.2831
865.1566
1445.519
1319.812
1476.71
2602.108
2091.359
1501.914
845.5893
766.6145
1149.531
3254.893
1175.544
1967.703
1851.815
1644.164
665.2379
1042.265
761.5304
648.4311
3138.401
1264.66
1114.329
853.0357
1127.111
2284.663
1878.154
2113.829
2887.687
2162.914
2810.76
3579.522
1186.33
957.079
848.1188
1158.116
1013.502
2201.426
708.6755
1254.453
987.738
1592.295
1797.817
1030.159
3799.056
523.921
961.1018
764.4796
1352.399
2975.02
1814.837
1441.584
1845.611
864.677
3300.473
1478.305
1004.899
772.9869
532.7657
1760.563
838.6345
1237.319
998.3329
2864.926
1027.064
950.3329
991.9363
562.876
984.8061
941.5248
1442.693
5800.5
1291.17
774.0931
686.8942
1333.312
2122.339
999.7112
3005.897
2212.197
701.9738
1917.724
1280.289
1988.903
945.8755
1343.502
737.3426
1517.468
1410.964
746.8482
928.2162
1190.736
774.5138
978.4569
2120.006
1128.466
882.1155
1029.63
663.163
4176.813
1198.155
1062.961
1129.949
1692.996
1208.157
1041.913
1352.071
636.3101
1693.199
621.4019
1356.534
815.8686
988.4124
784.5103
1559.688
1373.814
1313.338
1281.354
571.9
1283.424
1024.529
2060.922
1350.967
1355.295
3473.453
2447.633
593.5363
879.7176
571.6292
991.9184
788.793
6138.237
1394.581
748.3968
1904.59
588.8589
1131.213
919.9627
1020.676
1005.574
1482.236
1694.339
1146.732
1341.981
1756.294
871.2839
954.9052
1139.843
1298.93
1024.871
908.4485
953.2347
1511.706
1521.787
524.5534
1234.522
995.7021
1030.422
1064.318
1155.606
1472.465
994.2702
522.4589
853.5604
1193.045
675.7555
1369.002
777.6534
586.6004
3341.069
2048.768
475.8622
1698.347
1259.457
1604.918
735.2521
602.2709
599.5383
390.3898
1209.127
782.3456
1929.076
1124.967
2176.096
924.9131
1365.1
1045.179
1877.821
858.685
811.5482
1796.686
799.9802
1287.554
917.9383
1514.465
1039.794
1537.794
1049.64
1240.814
1188.408
1524.738
669.8884
1688.571
1733.766
751.284
1231.045
909.8414
653.3804
1984.562
1026.051
946.3748
602.7591
1173.863
1331.587
780.6599
2158.138
1087.554
1154.878
1155.89
1281.11
1201.655
1124.428
1008.525
4237.727
696.8676
1272.772
733.9104
2108.475
1113.839
1651.812
2871.85
1001.725
774.4737
1452.715
2326.998
476.5568
743.0061
914.7747
1344.66
959.5888
1460.875
722.6245
5549.463
1936.126
1467.247
674.4995
511.11
4423.743
3847.289
1376.383
3111.061
834.2472
2072.452
1209.416
555.5915
1320.121
1923.602
2186.318
1109.349
721.0339
923.7435
