823.7644
1173.211
1229.378
952.3443
1179.46
1147.349
1297.241
1178.14
1237.434
1151.648
1033.626
1102.387
1274.877
1192.026
1245.519
1244.9
1119.35
1229.994
1431.42
1231.834
1279.405
1486.27
993.7505
1348.544
1264.994
1165.683
985.3016
1116.994
1014.308
1214.65
1323.258
1418.425
1163.853
1204.516
1210.748
1325.133
1174.942
1192.489
1099.964
1254.548
1317.925
1059.529
1236.17
1112.866
1206.058
1336.356
1297.917
1241.028
1005.153
1352.266
1102.849
1176.557
1385.131
982.1258
1178.123
1096.232
1266.574
1139.538
1229.132
1281.789
1231.926
1340.016
1142.358
1318.814
1203.963
1168.965
1352.628
1332.375
1163.917
1074.971
1178.661
1189.655
1163.653
1666.291
1312.532
1111.706
1111.274
1162.274
1118.793
1203.998
1376.955
1260.535
1123.638
1157.508
1136.259
1179.142
1357.264
1336.891
1013.673
1077.518
1060.195
1258.432
1377.662
1414.034
1301.276
1262.372
1292.369
1305.07
1221.761
1200.138
1012.487
1207.906
959.3315
1094.604
1077.043
1404.111
1172.857
1071.959
1201.77
1218.588
1359.363
1086.641
1169.433
1245.443
1240.494
1240.296
1335.427
1408.969
1198.811
1161.086
1153.725
1390.042
1057.162
1052.075
1080.491
1263.755
1329.01
1132.987
1180.195
1166.973
1314.902
1276.367
1051.747
1184.726
1276.169
1210.557
1215.234
1233.353
1320.014
1312.848
1099.438
1328.875
1259.134
1256.622
1674.38
1051.204
1403.137
1021.557
1167.58
1100.789
1336.771
1138.549
1219.136
1343.561
1015.642
1254.11
1309.736
1214.784
1081.814
1290.542
1100.346
974.5057
1381.185
1078.493
1196.503
1115.086
1033.034
1175.347
1132.726
1207.195
1072.685
1113.722
1182.443
1300.28
1058.422
1302.912
1138.3
1239.167
1241.465
1122.389
1162.924
1085.353
1283.756
1332.379
1182.96
1094.492
1333.2
1063.682
1164.318
1311.772
1250.095
1357.841
1147.707
1340.097
1139.736
1080.162
1098.012
1067.41
1077.202
1198.931
950.3732
1170.847
1050.009
1144.617
1039.234
1351.738
1116.931
1078.246
1287.158
1355.012
1198.314
1241.073
1125.703
1093.77
1341.623
1247.722
1316.496
1027.389
1065.194
1210.672
1050.891
1238.433
1342.22
1074.68
1318.401
1035.266
1271.19
1393.069
1513.924
1330.612
1254.667
1138.983
1098.418
1199.602
1309.348
1124.676
1364.502
1226.886
1252.509
1190.902
1188.346
1039.034
1232.661
1372.403
1396.078
1232.027
1127.152
1123.429
931.3492
1251.889
1360.151
1064.33
1059.364
1022.111
1416.216
1381.223
1024.262
1326.002
1162.703
1199.203
1267.191
1098.349
1282.009
1052.914
1040.406
1080.361
1307.95
1060.575
1171.551
1200.461
1374.601
1234.804
1179.394
1256.143
1269.671
1327.092
1182.975
1219.189
1152.694
1267.336
1217.884
1227.55
1188.143
1148.277
1167.839
1296.759
1160.726
1230.065
1321.294
1236.886
1414.75
1219.389
1422.121
1629.703
1255.733
1081.526
1035.363
1327.013
1189.15
1099.672
1079.163
1130.536
1473.95
1043.087
1158.021
1057.333
1140.476
1079.058
1205.766
1219.928
1091.03
1078.674
1123.856
1146.186
1154.426
994.5812
1127.288
1292.194
1138.151
1261.466
1198.008
1062.375
1093.645
1362.067
1078.481
958.7589
1242.428
1275.682
1229.903
1062.944
1557.945
1136.778
1162.986
1240.457
1186.983
1201.103
1084.012
1197.8
1142.313
1272.827
1226.509
1306.36
1337.097
1142.272
1046.372
1116.208
1166.944
1153.135
1359.08
1094.484
1376.772
1103.472
1251.449
1096.49
1399.617
1263.786
1216.926
1153.786
1102.138
978.556
1080.333
1372.005
1312.405
1275.193
1042.482
1127.578
1155.663
1367.84
1241.398
1441.95
1215.488
1203.92
1146.946
1136.819
1153.171
1179.646
1182.944
1082.002
1141.946
1355.957
1337.26
1363.226
1342.111
1571.051
1339.034
1065.806
1052.093
1246.014
1306.35
1249.777
1125.311
1175.976
1102.014
1231.264
1259.74
1262.296
1198.115
1228.476
1228.042
879.5799
1316.539
1183.25
1279.297
1097.809
1351.913
1219.283
1209.056
1154.456
1158.131
1091.044
1417.631
1232.932
1063.067
1407.882
1384.828
1110.669
1116.569
1215.238
1164.418
1067.488
1166.692
1081.26
1106.842
1227.87
1474.225
1274.472
1090.101
1044.365
1282.632
1227.535
1209.793
1226.191
1348.804
1567.37
1101.024
1170.628
1208.284
963.4787
1113.421
1039.582
1137.871
1123.719
1084.514
1084.304
1207.093
1096.427
966.2963
949.3503
1327.615
1184.698
1120.637
1071.749
1372.792
1079.482
1070.172
1221.288
1482.51
1261.273
1244.351
1441.977
1211.944
1101.669
1336.218
1095.768
1118.859
1197.921
1297.943
1186.819
1320.296
1084.432
1182.012
1233.673
1517.362
1246.543
1289.335
1349.463
1331.306
1291.956
1209.716
1450.315
1367.839
983.0593
974.7639
1244.552
1050.655
1116.766
1239.152
1312.593
1479.478
1242.957
1173.091
1271.737
1248.347
1364.038
1246.515
1217.575
1141.915
1232.554
1268.238
1342.307
