83.53562
82.15051
81.75829
80.28924
77.94749
77.82641
78.61411
78.62941
78.24348
79.71992
79.88781
80.47278
82.65938
81.44489
82.76519
83.63158
84.64291
83.47705
83.14163
83.06396
82.19453
82.4928
82.63681
83.02316
82.87003
82.28023
82.70489
81.87068
82.57629
83.06889
83.00477
83.02991
81.56212
83.29733
83.67497
83.5059
82.72151
82.83463
84.5028
83.01041
82.34002
81.23392
79.07351
78.21215
78.57987
78.11254
77.86761
77.19565
77.46613
76.1771
78.165
76.54939
77.24758
76.20094
76.31734
74.25874
75.29048
75.37454
77.27874
76.13962
76.18456
75.71124
75.35864
73.37397
72.83553
72.41086
71.43965
71.88594
72.90244
74.49213
75.02322
74.47652
74.77333
76.08185
76.97628
78.15679
79.3408
78.07572
76.77315
75.20847
75.92788
75.52008
74.93653
74.97772
74.90977
74.39262
73.88272
73.67226
71.62012
74.23248
74.23497
73.4044
73.08412
72.17626
72.32457
72.64098
72.85597
72.67212
72.89965
71.50501
71.10093
72.06509
73.60829
74.32558
74.23193
73.56244
74.90583
75.79819
77.2592
77.27856
78.70689
78.17537
79.21864
80.27998
81.39383
80.23817
79.58999
79.0431
76.08957
77.11244
77.26925
77.58172
77.9867
79.66291
78.7506
79.58826
78.92714
80.24725
78.82104
78.93811
80.19034
81.08819
82.53235
83.01489
82.80017
82.32096
81.88479
85.92542
84.29574
84.54022
84.93234
84.01055
82.65473
82.18108
82.82749
82.52358
81.6913
81.86665
81.23533
81.14106
80.26722
81.16003
81.39922
81.82642
81.83831
83.48648
83.49428
85.39717
85.00063
84.61041
84.42332
83.97461
82.80151
83.52558
82.84574
81.92654
83.0275
81.42428
82.15177
83.25627
82.93383
82.74472
83.14367
83.44509
84.44762
85.1414
85.14788
84.39652
83.28683
80.43081
78.96944
79.85664
81.78114
81.28256
80.73111
80.6737
80.98134
80.91799
81.41213
81.84737
83.38675
84.03988
82.74203
84.1175
83.12863
83.48801
83.92964
84.69218
81.66836
81.59503
81.13515
81.84758
80.58226
81.04226
81.11321
81.41572
80.49792
78.6959
79.28277
76.13779
74.72061
76.2784
77.05359
77.35916
77.53227
78.18202
77.81095
77.98151
79.22185
78.65892
77.59218
76.25501
76.85565
76.44834
76.68663
77.06794
80.02315
79.4375
78.86975
80.45263
78.25802
79.41062
79.54382
80.58382
81.62644
80.95133
81.04185
80.90309
82.90242
82.33493
83.38651
83.04538
83.01784
83.62871
83.75805
82.96176
83.95851
84.18427
85.44434
85.08786
85.18377
84.22603
84.34281
83.4214
82.24552
81.98501
82.99906
84.74226
84.97964
86.81174
87.62517
87.93979
87.12618
88.06809
87.70786
87.77216
86.71667
88.51451
89.01307
87.14462
86.32578
87.8744
88.66757
87.66905
89.69385
91.21162
89.77889
90.28271
90.56792
90.83566
91.56863
91.31595
91.63298
93.0551
93.76344
94.98951
96.73459
95.07754
94.86898
95.36703
95.96078
94.65508
95.771
97.19675
98.04316
96.13934
96.70608
97.26799
96.9237
97.44738
95.99232
97.99679
99.0805
99.18877
99.75906
101.6309
101.6472
102.6386
102.3769
102.8121
102.5906
103.8608
103.6131
105.4405
107.2514
105.6633
107.219
107.6128
110.1413
110.0046
110.6038
109.2269
109.704
110.1488
111.1943
110.4414
111.0612
111.7424
112.8098
113.6699
113.9415
113.5792
115.4283
115.06
116.2036
116.1606
116.5235
114.6248
114.5521
114.1305
113.2587
113.5433
113.1559
113.9608
114.1342
116.3492
115.6847
113.5576
114.3241
114.9113
116.8572
118.9057
118.7135
119.7675
118.7111
115.2554
113.7647
115.2715
115.7593
114.6579
114.0779
112.9431
113.1922
113.6452
113.6664
113.3266
111.7511
110.3403
110.5512
109.6926
110.0775
110.4869
108.9247
108.3937
108.5629
108.5777
108.1349
107.7633
107.6673
105.9238
106.93
105.7559
107.1597
106.5415
108.3589
107.4496
106.7104
106.519
106.2748
107.341
108.7133
107.9727
108.7742
109.0439
109.402
109.0982
109.0307
108.4563
107.656
106.9956
106.8754
107.4547
109.1114
108.1649
107.6306
108.8755
108.8841
107.0805
106.7542
106.9176
106.9381
106.9683
104.1311
103.0865
103.0045
104.7415
103.7982
104.0392
103.111
103.345
103.2564
104.3988
106.7932
109.1007
108.7487
108.211
107.2065
108.7212
108.4374
107.9453
110.4216
108.6096
108.7497
109.7463
109.3935
107.7238
106.6592
107.6234
107.1325
106.5852
107.4338
107.6703
107.1713
107.7554
107.5009
106.7291
106.2734
105.9441
106.2012
104.4104
103.9737
103.3817
101.6022
100.248
99.54101
99.2068
99.6406
100.087
100.6338
99.75288
99.14022
98.46798
98.11162
98.50753
97.2549
97.29213
95.31944
96.29937
96.67829
98.25397
98.5837
97.94152
96.70397
96.4514
98.15788
98.58701
98.79144
99.65294
102.2258
101.9161
103.3569
104.1466
103.6278
103.039
103.1856
104.0669
102.8158
103.737
103.6907
103.011
103.515
103.2664
101.8032
103.7405
104.0246
102.2497
101.1162
99.48305
100.587
101.3367
