57.4054
60.32599
58.43756
56.8269
60.40762
52.4139
55.67198
58.00061
60.87199
52.26007
66.26528
61.05796
61.70378
58.30665
64.83553
58.37394
57.76544
57.85441
62.84192
54.20654
59.56786
57.27004
55.10063
61.64876
58.09809
63.91896
62.84731
54.26147
58.3216
55.00946
60.73829
52.35535
61.18005
55.41929
61.74035
58.79499
57.56652
62.66696
56.01767
61.2959
64.36389
62.63246
60.30494
58.80653
56.08305
56.63667
55.29267
60.29983
57.34923
59.63474
55.42245
62.27705
58.854
59.87612
55.50295
60.73706
58.3492
57.59236
56.31335
55.46168
64.42681
55.283
60.72419
56.21484
61.11514
54.02793
53.93988
58.52238
58.38773
59.19852
60.79244
54.04866
62.67269
57.53908
62.31658
62.96679
61.97479
57.46949
65.38856
55.52098
56.18011
59.22745
60.36568
55.18812
57.67655
57.85428
61.11442
56.2631
61.05781
62.45552
59.47883
56.82795
63.89713
56.09566
56.73788
65.76394
51.82548
57.49926
59.28584
61.48642
55.23305
53.32444
52.43585
57.25109
61.03812
60.76193
51.00308
57.41333
57.29986
60.02303
56.71235
60.78475
59.79715
58.89605
52.60461
59.87293
54.70702
65.54415
49.19911
61.86451
57.48199
58.02723
56.62309
54.6837
56.86486
63.41971
56.22302
60.13155
62.38126
61.75253
59.85484
54.09701
58.01928
54.73589
63.36172
55.97508
49.49407
57.40706
57.00256
60.08413
57.74543
54.84825
54.43286
55.12272
59.31897
54.05563
61.78034
58.76128
60.02926
59.67295
56.11953
63.97853
62.25425
61.32712
56.79221
61.08863
59.99016
59.66362
58.4033
58.32237
56.6893
63.11477
56.97364
59.72869
58.80711
63.48998
55.68483
53.24848
57.36657
56.14138
56.10078
58.6479
53.4938
62.7369
59.77344
54.60201
61.87143
62.78673
54.74799
59.29243
62.44421
55.10629
55.23623
55.65887
58.98438
59.07936
55.11138
56.05343
61.91558
54.86805
56.31604
55.93879
56.13237
60.33172
60.91996
58.13388
58.91698
59.85134
60.5674
57.19834
55.86308
61.68088
60.42993
56.78867
61.26039
56.72836
59.55581
54.31746
57.65781
59.20511
59.45505
61.9223
59.2856
63.32829
57.99479
54.98106
62.30224
53.13758
55.52935
53.39798
52.98425
55.18318
58.88498
62.0083
51.68551
55.54623
57.31634
57.78142
58.90174
64.06456
59.67502
53.89911
53.91573
53.02289
53.84386
58.71208
61.77621
54.97473
55.75311
62.66347
60.31055
60.92505
59.68231
56.2311
58.7524
55.0496
61.41204
58.70078
59.6199
59.93784
62.81322
57.65463
62.55332
57.92268
58.52674
59.06717
57.82805
59.30172
62.79898
63.92404
58.90514
55.34689
61.32225
55.90297
53.32652
53.81004
61.92113
56.68276
57.40558
56.67182
56.58982
61.08152
60.61352
60.72325
58.89171
60.95898
59.75792
64.72958
52.3622
52.06157
55.16319
61.48286
58.04122
53.74683
59.12654
59.28031
58.10111
61.92754
62.4979
63.37662
58.05701
59.57059
59.17635
62.55598
58.96902
53.93259
55.27832
61.74528
63.4204
57.26518
58.84477
56.84316
61.99503
58.03027
58.95054
64.18298
61.74665
55.5525
57.84563
54.53665
61.58614
61.1602
63.57838
53.29856
57.5179
54.01861
62.30216
56.79512
60.23395
58.59439
57.37598
58.70345
56.16475
52.04147
59.23859
53.96931
56.58623
59.26448
57.71962
57.45112
62.74264
55.85962
60.61821
61.61422
55.01249
59.75827
55.83042
58.76101
56.94857
57.89825
64.26075
58.81193
64.18561
55.81696
60.90213
51.99475
58.93996
56.19829
57.26173
58.72085
59.42007
68.42235
59.85469
54.09662
56.04466
58.72672
54.09817
61.81588
59.94643
57.1313
59.96881
54.70341
54.33869
56.88492
63.31105
53.83914
57.81789
57.6348
66.67689
58.65179
59.17053
59.30666
57.66976
54.34778
62.60834
64.47389
62.67618
56.00057
58.58969
56.87261
57.77967
61.12692
57.36413
55.31099
64.37404
58.77924
55.28998
56.22937
62.86404
54.83121
64.33019
56.55896
52.72556
64.55746
53.95528
60.89579
53.06216
57.37703
58.10599
56.47091
57.93125
49.20887
61.35286
55.1374
56.38858
54.19783
59.33102
58.26119
58.7513
53.69063
62.63361
58.31624
59.87325
53.92627
63.10447
61.59909
61.92422
56.56201
59.19035
54.98514
58.8899
57.32457
60.51765
60.43269
60.02447
53.89387
62.00744
54.73962
55.53204
61.49054
58.47107
63.77284
51.58941
56.06514
55.5386
51.35026
61.95982
56.20767
58.70999
61.00767
60.06153
55.17251
64.71013
61.54549
58.4281
60.33867
55.42822
63.39258
55.76795
53.88226
63.20713
61.60406
56.52311
57.77648
54.98845
52.16358
60.39385
55.93863
58.91655
60.75262
54.71064
54.61366
59.97923
57.57866
57.53884
57.32828
53.92685
54.76426
60.93279
60.18746
58.28707
56.31188
58.26274
60.09172
60.92066
58.07508
54.36687
55.7122
66.40756
57.29777
59.72492
57.64097
56.2961
62.19185
56.29297
58.92165
55.38834
59.2187
56.32295
61.4814
63.7566
58.03318
52.23062
59.09374
57.85851
63.01062
54.2111
60.11803
54.35776
57.54729
