104.5954
104.4388
104.3045
105.0248
104.427
104.7451
104.9898
105.6711
105.3146
104.9119
104.4519
103.8443
103.5553
103.9793
103.9938
104.0602
104.6672
105.0597
104.9212
105.0747
104.0289
104.8649
104.0884
104.2406
104.7682
105.0889
105.066
105.4108
104.8656
104.8172
105.9278
105.3055
104.6256
104.1732
103.925
103.3998
104.016
103.5352
103.9028
103.6292
102.7427
102.4284
102.0156
102.1202
103.141
103.5688
104.3928
104.8065
104.9404
104.2659
104.6369
104.0224
104.3774
104.7391
104.6479
104.3833
104.8251
104.9887
104.5255
104.1522
104.0356
104.5388
104.0024
103.5871
103.9468
103.5058
103.8802
103.6244
103.5356
103.144
103.3871
103.531
103.6097
103.5603
102.9064
103.3931
103.5163
103.2665
103.1007
103.896
103.7986
103.7165
103.334
103.1666
103.7762
102.5807
102.7634
102.5442
103.1145
102.949
102.5959
102.7061
102.4672
102.738
102.9676
103.1998
103.7107
103.5265
103.3254
104.2099
105.3418
106.1475
105.7296
105.8519
106.8687
106.7159
107.0882
106.6756
106.7201
106.3441
105.8647
106.9529
106.7664
107.6699
107.8367
106.8267
107.1167
107.7845
107.1465
107.2582
107.2379
107.6344
108.3017
108.4035
109.2295
109.6642
109.5649
110.8859
110.4982
109.8791
109.8227
109.6946
108.9761
109.6525
109.6394
109.7168
110.0615
110.7165
110.927
111.162
109.7961
108.5684
108.846
109.1907
108.8397
108.1647
107.756
107.1009
106.7411
107.599
106.7124
107.076
106.4753
106.8271
106.6276
106.4217
106.6235
106.0718
106.2598
106.5867
106.6338
106.682
106.9698
106.3178
106.863
106.934
107.2633
107.9621
108.2169
108.3482
107.4542
107.0681
106.9623
106.9347
106.8307
106.477
105.935
106.236
106.5007
106.167
106.6032
106.2703
106.6563
107.0873
106.6842
106.3292
106.8026
106.8572
107.0828
108.2843
107.824
107.6044
106.6654
106.7292
106.5644
106.6238
105.5316
106.0309
105.6513
106.665
106.2682
106.1658
106.3327
105.7754
105.1636
105.0886
105.0664
105.0869
104.9841
104.6289
104.5099
105.2365
105.4797
105.6457
105.4588
105.5756
105.1508
105.0182
105.155
105.9653
105.9849
106.7692
106.8747
106.675
106.6208
106.3302
106.4421
106.469
106.4125
105.5718
105.2706
105.513
105.4996
105.6499
106.1412
106.9317
107.2388
108.1469
107.8241
108.202
108.4156
108.5554
108.8596
109.0577
108.3622
108.3157
108.6884
108.3222
107.2941
107.4258
107.3904
107.1319
106.9273
107.7537
108.3395
109.4261
108.1591
108.9683
108.9651
108.9709
108.05
108.1224
108.3111
109.1198
109.0114
109.4692
110.7751
110.7271
110.6115
110.6634
110.4857
110.5861
111.0087
111.2776
111.6839
112.2065
111.739
111.6996
111.5133
111.8167
111.9748
111.818
112.3451
112.0439
112.7226
113.2645
112.6557
112.7931
112.9732
112.0738
112.4124
112.0325
111.4202
111.9357
111.6368
111.5485
111.377
111.4955
111.962
111.7012
112.6273
112.084
111.7359
110.4999
109.8057
110.5145
110.6162
110.2754
109.9516
109.7493
109.6311
108.8482
109.3994
109.3189
109.7643
109.6094
109.2651
109.1076
109.0453
108.8855
109.139
108.8559
109.0347
108.5428
109.3281
109.7894
109.3364
108.7271
108.8882
108.6214
108.7392
108.469
108.3346
108.6964
108.598
108.2791
108.2819
108.2667
107.961
108.5647
107.823
107.9027
108.2019
108.8597
108.7911
108.8294
108.7549
108.8738
109.0459
109.4565
109.7825
109.5176
109.0844
109.2112
109.1667
107.6712
107.8387
108.5296
108.6044
108.8348
108.5137
108.465
108.7913
108.5697
108.4699
108.8857
109.2797
109.7652
110.6637
111.183
110.4903
109.5347
108.8466
108.0897
108.155
108.8909
109.4235
109.0424
110.501
109.2852
109.3286
110.013
109.4419
109.5044
109.2005
108.6138
108.8105
109.453
109.448
108.9625
109.5301
109.008
109.7617
110.5664
109.9394
109.6614
110.9432
111.5468
110.6179
111.5696
110.9444
112.0762
111.4971
112.4475
112.2513
111.8743
111.014
112.1109
111.3216
111.132
111.9453
111.9947
111.9392
111.0105
111.2772
111.4458
111.5591
111.5132
110.5286
110.7237
111.0633
110.7793
111.6559
111.4709
112.2153
112.1778
110.9061
110.7727
109.2088
109.4423
108.4914
109.1693
108.6816
107.7943
107.7652
108.2247
108.3609
107.6568
108.4836
108.0382
108.5257
108.751
108.4879
108.2743
109.2001
109.2279
109.366
109.6369
108.645
107.5582
107.5282
108.002
108.4051
108.3227
107.6179
106.7504
106.8239
106.4768
106.2465
106.6588
106.9514
106.8438
106.6044
106.1747
105.4244
105.5543
105.4711
106.2196
107.0346
107.901
107.6651
108.0527
107.5309
107.7001
107.7183
107.6946
108.1729
107.9203
107.1592
108.3555
108.3612
108.9445
108.6792
109.3605
108.8476
108.4473
108.4489
108.465
108.8847
108.254
108.5813
108.6768
108.1164
107.7859
108.0716
107.5643
107.5167
106.9339
106.7673
106.5925
