45.14452
41.31912
41.43234
38.08928
39.12997
34.78634
35.96772
27.20039
33.51347
42.6116
42.72719
39.10797
32.36707
33.44443
44.18612
36.89527
31.10644
37.27264
42.48575
42.04739
43.08634
35.55069
38.25629
45.73671
52.56125
42.70382
37.29438
33.7854
36.75801
32.26844
40.76996
55.29024
38.46825
37.51277
39.16816
57.39865
45.80893
46.74462
43.80387
40.17894
41.80699
50.31168
45.30913
50.3
45.71775
58.03818
40.50045
46.27025
45.19086
37.85622
38.3914
41.82574
38.97836
43.42482
48.62566
39.28343
34.89448
40.99659
50.76771
36.99196
33.27164
39.50545
52.27228
48.40879
28.63664
37.90347
45.38414
44.20542
43.9061
44.17471
43.48047
36.59212
40.09085
38.3992
43.56908
36.13476
32.99628
32.3676
30.3924
35.96501
35.1531
36.10815
29.60771
29.01795
35.21478
30.03214
32.4143
34.13081
36.16808
42.61828
44.54804
38.35852
31.35058
32.01932
34.9841
46.48453
42.39882
37.52466
38.02123
45.45393
44.10364
43.87151
35.98423
35.38674
30.65512
32.74265
30.52155
35.26091
34.00121
44.34517
38.30658
38.02215
42.56474
36.18165
33.05889
31.97742
30.96097
32.58362
31.26443
37.80705
32.95881
39.50914
37.84728
44.86315
32.18829
33.01371
34.97213
48.31855
38.7743
39.85129
47.17258
45.06722
41.1196
42.32513
45.85473
29.9063
23.9821
35.76844
25.79996
35.01044
39.48192
47.95356
40.00326
44.31129
36.14449
48.03006
44.75127
41.70594
34.44959
30.90196
30.17162
35.0097
47.22577
41.2097
36.71948
39.76913
35.48493
39.5431
50.11611
35.66096
33.45472
37.69664
38.36741
37.81348
35.07112
37.50676
39.82575
35.96764
37.9943
30.06087
35.81352
51.54187
41.92473
39.90026
44.71001
31.03603
41.95841
49.42873
42.77449
47.83001
35.05004
31.0562
36.55071
32.54407
32.63526
33.2493
43.74347
45.27794
57.19896
52.50252
38.38123
44.73238
36.08476
49.11477
40.39726
60.43839
50.79516
59.04921
43.742
42.15972
46.29733
48.22684
41.61534
45.29198
45.22661
44.21572
41.56264
43.32199
43.44963
42.75345
39.03581
31.71152
39.90508
40.643
38.93316
43.0652
37.07145
42.51998
42.97745
42.94164
43.8205
41.21306
36.98412
31.1694
33.95309
36.21776
37.74999
41.24696
34.87768
43.07679
38.5963
47.93733
48.93844
38.17181
34.72156
31.0436
35.41464
31.19162
31.63735
42.05462
40.76821
33.80217
34.85892
47.62346
39.88187
38.92397
39.77793
36.84338
41.35789
50.66297
48.62774
42.66237
46.99171
39.17619
41.72031
32.34232
33.03112
40.60937
46.6801
45.60379
50.94972
41.60147
42.92084
41.19977
46.04978
28.36401
26.04259
43.62388
41.48532
24.75265
30.43795
36.548
34.8282
33.87597
40.4781
42.15788
42.86273
44.93997
51.40748
58.49651
49.7554
36.19615
40.71895
34.6463
44.62623
35.26251
41.36924
48.32631
40.6166
38.42172
45.6457
38.67017
41.58661
31.02508
35.40672
29.80885
27.18412
36.07456
30.23646
43.51698
45.20676
44.3288
38.8215
38.0818
40.62112
36.78763
43.77416
53.1183
51.28478
42.51923
38.12282
32.67267
35.79725
33.60033
39.97624
50.59249
40.97687
42.22697
50.50015
39.34382
26.96548
31.69854
30.5831
29.90697
33.44502
37.68964
32.27459
38.42694
33.49532
39.61175
39.27907
43.23224
42.00948
48.86025
47.37322
45.85778
48.0713
34.80216
25.53161
34.17237
41.28031
36.29144
33.20859
34.39435
39.14219
46.18162
43.23955
55.01752
44.74838
36.87816
38.26028
43.02168
52.30662
48.50269
46.06086
47.38356
46.16429
36.82511
34.96744
38.47047
37.01397
37.30579
31.9546
34.49891
35.60245
40.08039
36.4501
25.34511
35.30755
52.49877
51.55553
42.77701
43.66852
39.47093
40.40943
36.6556
58.10279
44.27576
55.57668
40.47327
37.71641
35.93409
40.23291
36.27397
33.36196
46.18409
44.11725
41.97033
45.35253
40.3998
41.25791
38.51477
51.61726
35.02291
42.21445
40.52114
35.66324
41.55253
42.75862
42.07066
43.58373
47.34444
46.1599
48.40203
45.14799
41.8701
44.2808
42.22372
50.5397
46.92825
50.56848
37.59523
42.24898
49.46327
40.86112
35.51253
30.56135
47.41208
49.10963
43.22245
34.26416
38.39227
27.07319
34.68665
33.40006
28.09884
28.64083
37.25884
35.09299
35.12808
33.89532
35.208
35.3404
42.85047
41.89663
33.03347
27.1867
35.50838
37.6364
44.23903
41.49912
38.18575
32.01619
39.43983
35.59331
31.54679
44.33888
48.30617
41.48186
37.91803
56.95092
34.33948
39.40875
42.54283
30.55707
35.75058
34.75633
42.16207
38.1507
31.3792
29.13652
33.96978
37.29029
40.27947
48.89437
36.18238
48.20502
45.25149
41.87125
37.56532
41.26752
44.54073
37.91362
38.098
35.73203
40.2826
47.18027
41.54457
32.94201
30.24648
41.74209
36.99846
41.07212
35.11009
33.59308
35.84611
36.40398
40.61954
44.50798
29.41467
42.61233
35.38758
43.44812
43.66707
51.16313
50.62402
41.09398
31.16885
26.47178
38.0668
