215.4151
232.9439
244.4063
224.9161
226.3495
252.2358
325.1181
260.9486
251.8607
333.1014
340.3274
379.9467
350.4032
396.4588
611.5497
618.5321
698.7549
562.1208
644.2255
656.9847
604.2825
727.7766
718.3163
758.2197
505.0868
380.5373
323.5
358.9251
456.8959
445.2791
312.0756
282.0374
320.6712
324.5177
337.2668
311.2657
261.0215
291.5302
303.1886
306.3998
364.5346
390.3374
330.6879
241.3004
268.0079
285.8243
314.0146
317.4968
223.4092
232.3585
351.8124
290.7947
282.6918
232.184
239.1449
251.7209
239.055
214.1643
244.5822
169.2426
258.86
206.8339
238.5287
261.6856
247.3664
257.623
264.607
228.8743
227.365
241.0327
222.6579
267.3301
282.7761
253.2794
321.776
561.0453
837.462
777.2948
897.8155
987.9682
875.0175
1044.753
850.2602
760.5978
833.7198
585.8328
553.7327
562.5631
612.6171
708.3016
554.4727
597.8476
636.665
869.9534
796.7284
942.9077
778.3249
965.989
1009.45
910.6637
803.8577
897.4025
1094.206
1130.53
944.7843
1015.133
682.8267
899.1963
1149.561
1130.064
1399.625
1696.454
2723.407
2528.419
2347.499
3654.674
3294.005
2589.198
3097.177
3723.354
3933.125
4310.018
4112.215
3217.158
3625.083
3433.327
3542.211
3199.728
2238.972
4086.384
3292.824
3416.988
3839.791
3164.7
2942.051
2821.259
2662.82
2638.164
3605.768
3323.734
3977.882
4996.711
4223.948
5883.95
4708.339
5492.783
6089.179
11728.91
10990.96
15266.3
15268.04
14359.88
13657.02
13382.21
12190.18
9358.809
8273.073
6139.457
9825.572
10673.3
7690.821
6294.745
5766.426
7554.391
11304.33
8576.658
8555.446
11135.27
12113.8
9978.667
10558.68
7400.169
7149.83
6874.522
9023.635
5863.962
5481.117
5905.596
5668.179
6369.904
5915.439
5560.548
7957.972
6809.627
8344.977
7656.54
6672.287
5656.046
5229.814
7533.559
6294.527
5492.423
6694.057
6891.352
9932.518
10787.84
11192.07
10112.45
11351.77
8687.835
9816.442
11381.21
11253.56
11963.84
13623.24
11949.09
16610.42
23140.47
29149.59
26952.47
31439.55
25059.28
23986.09
28777
26228.51
33034.08
33143.24
42351.91
46575.19
41583.18
59866.43
53752.3
90106.52
79901.15
80525.18
92570.07
77994.5
60670.33
52577.84
51211.43
34784.84
28822.32
29673.55
38285.95
42433.85
39992.42
42959.53
44900.5
56704.4
67073.3
113575.6
141739.7
152726.2
145338.8
136282.3
108199.9
147927.5
190642
218873.3
157791.2
190185.7
233054.8
370849.8
431870.1
512613
532719.6
646914.8
648824.7
594271.7
433917.5
442796.4
325582.8
221705.2
296182.3
296280.6
318585.3
329727.9
314883.3
294871.1
373280.5
275399.9
269389.4
315483
247707.2
230344.6
256792.3
194070.2
165406.4
198289.1
227506.1
303486.3
309420.7
322254.4
381335.1
366585
528357.8
635769.2
674740.9
576918.7
740548.9
701710.5
834856.2
769338.9
837572.7
626973.3
709162.8
573777.7
475913
391422.5
598027.1
771631.8
733128.9
794001.7
750234.6
600688.3
619513.3
909106.7
983504.5
1098544
851630.4
973157.5
1185561
958153.7
689673
905292.5
891010.8
1159909
963397.9
934978.6
1130290
1221255
1208288
1357172
1259837
1450368
1536136
1758313
1749972
1435723
1398587
942921.9
810703.4
589244.4
777094.4
851870.6
773459.2
659460.8
465966.5
329180.3
490153.1
541245.6
428623.2
690918.7
568905.3
496152.2
546385.7
570732.5
461070.9
427599.6
384223.6
335333.9
321527.3
253904.8
257598.4
284760.4
259660.4
230693.8
190706.6
201746.9
215673.9
173285
157232.7
137804.5
155237.5
161690.4
130507.4
142975.5
170487.7
201548.9
262138.9
253529.4
316819.8
414444.7
544578.2
512993.4
512078.4
526182.3
512123.2
575748.5
587589.8
588668.6
472412.3
398550.9
339278.8
319191.2
350180.3
366898.5
315590.6
218435.8
201814.4
239350.1
314028.4
350069.3
342897.4
249998
232327.9
242069.7
228562.2
184653.2
193166.1
194746
253468.3
256731.8
244791.4
248154.3
292807.4
197174.4
154477.5
183907.4
215323.2
306641.1
191267.8
210972.6
266374.7
317740.4
261637.7
371560.3
509185.2
559766.8
495459.5
407531.7
383797
416011.2
476426.3
494947.8
433967.1
486273.9
589589.9
521611.6
379751.5
313288.6
357616.1
310439.4
236050.8
214770.1
209057.1
154784.2
151311.9
148545.8
152713.3
158377.1
250300.9
308488.1
355628.8
407283.8
407518.2
499569.6
327361.2
367731.1
418786.9
740101.3
737905.4
703130.4
1050141
960521.3
903305.7
1363388
1005653
1141362
745841.2
641600.4
609158
654953.3
578453.7
558877.8
519052.4
532680.7
514335
458817.3
552943.1
655286.3
551563.5
848606.4
928551.1
1279968
917120.5
1210629
1332337
1143725
941422.9
742011.4
724941.3
593641.4
817177
652272.7
931216.7
792161.8
709442.6
426194.6
594033.6
498763.6
504921.9
486568.1
473788.3
463303.7
332251.1
277876.7
283829.6
251771.3
348269.8
