102.4444
223.6042
146.6589
236.044
157.4141
112.2936
127.6433
354.7103
176.3062
278.5569
237.9608
185.2365
89.62278
202.423
87.47085
160.7671
275.063
107.8472
405.0312
386.3185
183.2843
247.0237
145.0801
111.4908
209.5233
290.2573
226.8241
108.0687
68.19414
109.1077
241.7179
107.8443
1001.961
122.1595
93.44574
167.4874
976.0545
202.4544
129.9942
348.7379
222.3977
336.5445
195.5954
232.7688
139.7651
467.6123
293.5474
252.7423
111.6182
194.7036
323.3248
295.8129
287.2149
122.7056
381.5479
177.7724
172.2682
152.2189
179.8244
259.0886
217.7083
123.4845
186.5391
269.7598
2589.602
109.8745
114.2086
379.7328
262.6107
150.5318
217.9468
375.8198
376.1041
136.2951
179.2078
225.1672
270.0291
381.0932
241.691
234.1551
145.3866
200.5613
289.3951
453.9891
224.4662
84.57403
234.4253
233.6816
373.7569
564.5785
106.737
683.4916
130.9551
287.423
151.7392
168.6533
187.5824
535.1511
318.8195
278.518
127.1628
182.3497
314.8514
452.6224
523.375
189.9488
661.625
353.5351
745.3643
178.4677
185.3612
158.7295
213.7862
187.9672
480.0378
169.7265
268.4917
156.6047
550.0692
432.9435
617.3204
759.6964
108.7153
295.8111
252.8154
653.7647
467.4798
208.3035
484.8268
429.2475
481.1554
640.8324
264.1291
284.8458
394.9316
154.8392
164.604
985.3884
251.8311
342.4631
133.4026
410.5676
488.7321
212.2478
265.0052
164.2502
180.5562
383.0535
154.4842
295.072
548.5004
419.5467
219.3325
462.9147
187.6481
614.7995
1815.252
133.4023
223.9285
1681.12
233.1156
435.6395
414.559
303.8511
249.2273
458.1739
235.4507
260.9369
168.8061
132.9386
612.0153
246.9352
356.2017
232.3256
166.9226
317.1842
231.8894
177.3242
224.2609
118.9445
223.1568
143.5303
155.4003
290.3609
182.1793
418.7696
187.9234
391.7369
180.4798
314.7321
545.7518
195.255
97.22485
188.8031
216.5746
329.6009
185.3452
276.9953
134.97
178.989
140.618
368.6774
231.6636
183.2782
151.4871
116.1211
262.2166
104.9545
176.2347
343.8095
196.9067
195.8274
529.8725
118.3309
499.9122
122.2484
161.1704
156.4086
163.682
469.8301
385.9215
276.3626
199.5384
221.9712
132.2136
270.2235
197.1666
300.3602
233.2206
260.2346
339.4215
1066.084
247.0525
204.8677
249.555
103.5995
377.9459
315.6407
250.0197
368.9972
164.6051
139.2787
860.5603
421.161
154.8817
288.8562
216.9463
236.6958
310.1169
157.1539
190.6999
312.7305
151.3376
375.3153
149.8404
170.6995
55.25618
211.87
478.2883
564.1009
174.7117
199.4615
378.8713
225.1643
151.0967
382.0767
214.0182
111.2707
179.9063
215.7729
311.4199
191.3634
278.0084
181.8491
492.0755
370.1707
445.994
231.8653
190.3112
358.9447
211.3775
452.0559
144.3254
188.6834
174.9822
510.7136
1916.566
116.794
217.8562
138.9752
237.2062
356.3496
146.8516
259.3275
140.4415
205.0175
239.8723
193.1099
113.5962
266.3149
162.509
177.506
239.9703
124.1178
383.527
574.9231
214.9661
333.1148
323.6738
250.497
185.5357
439.6565
208.6935
181.4104
335.594
545.297
431.6589
126.4823
398.2985
211.1814
280.9345
243.1835
281.1886
250.3974
169.4629
151.6181
207.2417
173.7024
222.0954
361.4991
189.7227
395.7559
178.8533
233.2649
198.4012
114.1236
483.7645
204.0871
488.9616
196.8311
245.2835
120.9183
189.3725
327.1655
136.1289
121.5357
232.2275
219.4426
158.8457
219.229
227.8523
237.2806
222.7973
249.8871
483.8705
404.6661
305.7721
102.51
168.5035
243.5025
171.1171
217.0898
361.966
106.3987
226.147
133.6494
141.8965
221.3279
194.3002
668.6845
172.5881
216.3363
150.6479
133.5128
123.074
161.5974
230.9479
185.7865
250.5508
229.8858
681.1473
262.1827
179.2663
280.0078
185.3299
138.8518
346.5404
216.2235
150.9988
227.548
345.8915
487.8387
387.0832
190.3104
246.5405
394.9356
191.7146
325.4523
338.2324
105.7904
1448.563
178.8688
261.2211
288.413
436.6736
279.4159
195.2076
364.6156
212.0979
114.6438
473.1336
289.8346
623.7431
578.3107
220.9691
229.2226
404.2222
316.9922
266.5075
448.723
167.4928
192.1487
217.0952
305.6773
318.7314
210.7018
318.6249
703.3067
215.2396
190.3606
265.636
538.1044
190.0061
175.0422
209.5766
464.3164
307.8447
243.969
408.152
410.8367
415.7874
901.4871
496.237
723.3647
175.1842
140.6601
295.9717
188.9082
222.1221
280.6365
240.1863
267.0474
116.1862
860.9033
320.5594
495.7607
310.7537
472.7558
413.7051
163.666
288.0391
139.6059
201.2009
176.5241
216.3772
355.4653
251.3305
338.7788
312.5249
680.5505
269.8647
170.2913
553.0758
246.0458
253.1303
284.1198
199.3465
145.6482
104.4148
108.7784
158.6919
370.9732
464.2119
465.5555
377.027
258.1353
246.0142
185.8765
199.9298
306.8532
152.6531
640.1398
147.5469
123.5197
257.1672
113.69
198.2864
225.0549
187.3914
518.4355
