47.79123
44.45918
42.10893
48.42417
44.62362
49.3342
48.9088
41.78961
47.84351
46.06509
48.46984
50.02966
50.16308
45.75785
50.52181
46.98332
42.52178
39.36155
45.97466
44.53946
47.2625
43.80485
46.04353
44.18324
46.05252
40.20199
48.82582
43.81257
46.32041
45.02145
47.72709
45.68949
48.71746
54.05681
47.86556
50.27424
52.77704
41.75528
44.28458
44.34995
44.61736
50.41388
45.49162
36.23722
42.67598
53.41716
49.74888
50.27619
47.36939
45.43658
49.02276
46.14696
44.06909
45.89022
44.46222
52.55032
43.29106
43.50983
46.69939
49.7348
49.64561
50.50783
50.6691
47.45915
48.57266
44.92524
43.4121
49.85895
46.15125
43.67044
44.8594
41.85556
50.06439
46.33437
48.90138
49.18951
48.74894
46.88371
42.61242
47.96256
46.2222
44.9517
44.72235
44.85816
42.83743
40.27131
42.77921
51.63314
45.89515
47.89063
42.1281
52.87194
47.55543
48.41353
50.744
43.77462
42.50213
40.45709
44.39571
40.06801
47.32898
46.34033
47.2463
48.50389
40.479
48.60784
46.82478
50.99325
50.46445
55.5339
46.25534
53.19851
46.93562
50.46185
50.18508
50.56977
42.85178
49.31782
48.52964
47.60253
44.66194
45.20995
46.2503
47.44902
41.21456
47.03428
42.85014
48.17306
42.97291
45.66115
45.33721
45.03022
44.15485
50.85664
45.00718
45.91196
49.43644
46.57844
47.60863
46.5433
54.46196
48.03455
44.88661
49.68049
50.86072
47.67647
48.27001
49.65724
51.68442
42.61585
49.00958
47.2197
44.28548
50.62748
46.72854
49.98719
45.68737
45.36384
45.57947
45.96617
42.25206
45.71304
46.3101
44.45499
47.9334
42.84933
44.35547
47.16648
45.27745
56.88358
47.51523
45.07654
47.0265
43.31024
52.73859
45.59905
46.55193
44.31716
50.85532
52.04709
46.34612
46.13554
43.62678
45.82864
51.27163
46.41086
46.3878
40.47063
46.32392
49.54159
48.16809
49.49186
49.30337
46.31879
45.42665
45.52407
41.73399
46.82209
47.03741
47.90094
49.93962
48.51012
44.35661
45.85873
46.10114
47.41865
52.04597
53.19746
45.70094
45.41874
40.09575
42.95101
50.87619
45.67015
50.00952
43.34026
44.3503
45.45992
43.17513
49.31863
47.12237
44.20408
44.32801
43.77711
46.18909
45.75918
51.74569
47.019
50.47322
45.67126
40.44398
46.8882
40.4514
44.33186
40.12613
45.9515
46.55041
46.16101
45.51027
41.93368
46.40056
48.04784
48.78309
46.83415
44.15453
42.50326
48.1098
45.24825
39.66546
48.79655
53.91302
46.15981
47.90706
46.82535
46.54521
45.84096
45.48752
51.97217
43.39912
48.01948
49.22851
49.69703
48.2577
47.95594
42.8835
46.14648
55.87251
55.13037
47.39438
44.52291
43.84856
47.13727
45.21795
42.69514
45.95714
44.9367
44.05778
53.76323
46.1946
47.40596
46.67299
45.38296
49.23841
42.34183
47.71426
44.41272
51.02219
43.69023
46.9349
52.3662
48.03814
44.27658
40.10534
39.43513
44.78682
43.14058
44.88624
44.27938
43.31758
48.45644
44.23057
41.74775
50.17998
51.77553
48.19775
47.73835
49.85604
51.44138
45.42708
49.8504
49.02865
46.70493
52.99527
53.46889
49.01281
50.85726
46.12719
53.46659
47.40713
46.22072
50.66325
49.18751
45.80172
47.2248
45.82117
41.07478
41.70577
53.0997
51.00029
51.73754
50.00278
45.94993
44.56216
48.89822
42.43447
47.04041
47.28912
43.67749
45.83243
44.67865
40.65006
39.02219
47.57817
42.94874
40.53089
43.49515
44.7351
43.40428
46.81373
47.20754
47.14175
46.61876
46.12705
45.64503
46.32833
46.20294
48.47445
44.60216
46.13491
51.39881
43.96566
46.88289
47.12694
40.09587
42.61129
48.29476
44.85496
47.12007
46.69831
48.8421
49.08756
46.80754
42.45341
46.49358
43.72175
51.60644
48.32348
42.72414
39.83859
41.46758
46.59664
50.39181
49.74235
47.62781
50.92888
46.88527
47.11957
45.01202
47.19596
47.04901
45.33386
49.82021
52.40945
51.71897
49.54374
49.73795
48.69122
47.02929
47.42076
47.33324
50.33831
45.5384
44.59597
44.48612
51.07483
48.39088
45.14935
50.15918
49.67069
45.70734
47.66387
47.78074
44.67763
50.50392
45.21443
44.58931
50.82825
48.68758
41.19034
47.86709
54.95822
48.20549
47.70257
41.68696
47.27335
46.14265
48.53616
46.01715
47.73719
47.03862
52.3215
44.00842
45.1756
48.51005
42.21204
43.97542
47.40086
50.39304
47.11872
46.60628
46.7978
50.6808
53.78981
54.11826
48.60962
47.16399
47.94627
42.77614
49.90885
46.26434
50.06065
46.04114
50.27193
56.74746
53.56598
45.27676
47.34021
48.81676
46.19953
44.90476
52.76179
50.512
46.57726
48.24683
48.85603
52.50659
48.0945
45.80965
45.27282
48.5968
45.63105
48.55665
42.2524
44.76922
49.33047
40.75641
47.08067
49.91349
40.80738
43.68013
50.54563
48.68951
47.14293
50.79097
45.86204
54.79957
47.66449
51.41081
49.79042
48.92201
47.46925
52.87401
53.10403
52.15115
51.86068
49.75664
44.21636
47.27095
51.33663
41.20014
