13.40437
27.36007
54.86548
112.9292
185.4503
572.8474
1747.908
3376.39
13451.78
48455.88
68073.5
69232.93
78034.49
59325.78
83577.02
73299.33
62153.54
92019.23
68029.71
80961.42
64239.04
54866.93
40374.04
15196.73
3494.139
900.8978
298.2858
160.6251
138.2268
125.9184
126.1362
83.67131
37.50582
49.33747
21.57173
16.49735
9.53829
10.37977
8.711323
14.26604
15.60904
12.70173
11.70705
8.964412
5.964235
6.428419
11.66746
8.541842
7.461287
7.258329
6.316333
9.550457
10.32434
9.074817
10.96141
9.509867
13.98522
11.82273
9.69672
10.3548
8.638565
6.369515
6.065519
8.042738
9.030375
12.66877
8.576102
10.04439
7.166297
9.137422
5.168441
7.520681
8.405824
6.816978
8.409148
9.678234
11.56762
10.6735
12.95865
23.53959
31.83692
18.13229
20.44154
14.06714
11.3108
9.349479
9.324729
13.48391
17.79883
15.13016
14.66491
8.01746
6.575605
7.38764
5.349916
8.924848
6.564601
4.138507
5.919143
8.551276
6.696381
5.773233
7.555304
8.236969
10.26621
10.15865
6.262073
5.925298
5.989171
5.977464
7.227075
7.677542
4.13742
6.235756
6.313906
11.0913
7.059624
10.63108
8.654016
6.34752
6.739033
4.640618
3.896926
8.345644
8.421252
9.392329
7.479162
10.78925
4.300312
2.7923
5.309397
7.84258
8.217048
4.839508
5.454055
7.850432
5.127983
5.603873
4.018893
9.502623
9.044813
7.341008
10.16653
7.088469
6.418689
8.674057
8.184479
11.79328
12.48363
16.80266
17.98947
26.7729
15.70326
9.844627
11.10689
15.24235
14.07284
10.31307
6.932021
4.330847
4.588222
7.776061
7.82646
6.160372
9.570908
9.956456
10.00911
6.662223
6.434942
11.79569
17.43522
18.40068
12.52337
8.822651
8.533159
4.658901
8.943859
12.02427
9.880925
8.80136
15.28379
12.54021
10.44882
8.113518
12.32385
17.63879
18.32626
8.569243
13.28997
12.59512
17.54104
14.08896
14.60462
14.23461
12.43815
11.23544
13.85222
18.13361
22.54419
20.15429
28.20696
20.77883
25.56021
30.85316
16.75666
12.65424
10.52321
14.65504
12.76688
11.92978
10.37929
16.88482
10.15905
14.288
10.61462
11.16162
12.10544
11.64054
18.9095
13.48157
12.75216
15.13039
17.05692
9.535296
11.03775
6.76845
6.96065
6.593136
10.27131
11.69313
14.61167
12.44203
8.689187
10.16487
16.526
15.28668
8.217037
7.622191
8.704163
12.17901
10.09715
15.22154
11.56173
14.36262
12.35558
11.27295
11.09974
6.803781
6.679403
6.425844
6.274798
4.479396
4.347493
6.643397
4.803372
7.087351
8.136034
6.56357
5.788878
7.239315
7.607918
9.080121
12.30369
13.48832
9.276129
8.7725
8.363475
10.48704
12.13935
7.146734
8.889707
9.787614
8.784395
14.66341
11.8462
8.530734
8.141317
8.622021
7.393019
7.656597
7.831183
6.271671
12.73497
9.015763
12.44289
8.312125
10.89478
7.24151
16.66521
13.34101
15.88392
21.95515
21.82071
11.89552
18.04414
14.76418
15.40378
10.93256
13.51432
14.11164
9.097369
6.435586
13.81337
16.02996
25.8366
21.43333
14.91608
23.32016
35.19109
20.79459
17.11804
18.02631
8.969883
9.393566
14.35558
20.76486
22.19608
9.210862
7.831233
7.532283
9.284182
7.630153
6.228841
6.077657
10.08716
7.000251
7.749955
6.745207
7.933148
9.997527
11.63243
10.78582
12.12034
18.03057
16.77428
12.95853
10.63757
9.669762
10.64049
13.49254
16.19956
15.37687
13.95619
16.78982
27.15854
17.08418
18.75775
9.328722
10.0764
10.07582
10.5391
13.91692
16.06366
25.87833
18.52446
9.600545
11.51661
13.70879
10.79514
10.86114
18.06941
15.83312
11.75962
15.64199
12.3958
9.714736
10.12471
10.84142
13.27702
14.06192
17.41211
16.36104
20.33312
20.10303
12.27894
13.53991
15.42861
20.12507
25.37117
23.81263
25.33682
21.6178
16.28271
12.42876
9.377705
4.971364
7.614027
6.8034
7.54477
7.916626
6.494725
5.074543
8.83607
9.387004
11.03381
12.24729
14.97685
10.49011
9.499091
15.24804
11.54701
12.11103
7.877626
8.54922
4.752052
7.011498
7.084066
8.54654
6.731703
4.747429
4.225328
5.059265
4.865993
4.825925
5.24279
4.038574
4.21801
7.656065
8.936726
9.110149
8.24872
7.015809
7.651442
6.714583
10.55687
16.74396
9.370595
14.17565
11.13652
13.21146
18.5219
21.17845
13.18442
11.87068
13.55
8.761163
11.77997
13.57728
10.28835
7.737495
8.439737
7.11701
9.325747
12.47589
9.532115
8.478445
7.536754
8.924212
7.514072
6.166479
6.748576
6.782258
7.624391
8.939543
5.214605
5.646182
5.951854
10.24761
8.715725
8.852679
14.96787
9.493679
8.376306
7.187817
9.189389
6.9719
11.15046
9.463553
7.595042
7.974473
18.02412
13.64795
19.7746
8.852526
8.047783
7.417959
6.90619
11.41411
12.00255
9.969207
8.725955
12.12277
18.76653
23.68994
18.51001
10.89922
8.926873
6.942299
3.578076
6.040896
4.908712
13.48237
11.83298
11.81558
10.38639
10.12741
6.432433
9.602367
10.22468
8.756278
