130.1499
106.3935
88.67491
85.96838
74.69196
76.61408
90.76421
120.0653
155.9458
137.5206
148.7908
130.6658
105.7745
126.2861
96.20461
126.4013
134.2531
123.6979
77.30323
74.84223
109.7642
109.0441
163.5096
146.9517
226.9961
267.3805
249.0194
198.8385
229.8986
229.4227
322.9018
422.0135
492.381
562.9365
471.5318
284.4097
309.1856
311.4951
359.3848
423.541
569.7464
749.9669
744.5315
930.5095
1411.532
1911.158
2018.085
2565.826
3695.482
4105.189
4787.136
5863.769
5529.44
8424.91
13679.75
21586.98
22221.34
30375.56
42877.41
71796.18
91205.84
169992.4
209369.4
596489.1
1457605
5508409
18881000
35110794
38053831
36661961
41560945
42344879
38267336
35936700
44803843
40477547
39221573
43070320
43132945
39859377
43852977
42692052
45412966
36874054
44955247
38194660
38437538
35464249
41298934
40314323
44069071
39474695
39955339
39172903
41172884
40135746
42201796
38906357
42340297
41973962
43553351
40879571
43758734
37111089
39942658
41619819
38097596
43480685
40867249
33769287
41727029
45037110
34749979
40952202
41341444
44209995
44089811
40559729
43973683
42390659
41786526
42104496
34778756
43141679
41976858
39728314
38177970
41194072
42743816
42839057
41740941
42160583
39192137
43071656
46652714
38837317
47215397
41538635
44103319
33370070
38063854
39960234
45893143
41265389
39371050
43937856
45025787
44557961
39930250
43934881
45784030
41833325
35362244
42830974
40390234
36556534
44161514
39288814
43289562
38902345
35967714
39399342
36469304
39179325
42658000
43165050
36952146
46180922
40985519
40678502
36170338
36142487
41358770
41465367
38332561
46279930
45789511
42538163
39978704
44834112
44825922
42211908
43241776
35106726
38388455
40986609
44733378
44821303
43062066
38475157
37902980
45054612
39566214
42131470
35633241
41386435
35174101
39242926
36581905
42193799
44712037
42525781
37568288
38624335
40146876
39593531
41508798
44830518
39483924
36645529
45843104
37858934
32648868
41981855
41227459
45234149
38598588
38367307
43335690
41530601
44322554
43566741
36369068
41310721
38508040
39921706
46304165
40810432
43947909
47999168
43426097
42345906
46977990
42052055
37545829
39953771
41383729
37530083
36481920
39666063
48907077
40168408
39809459
42174738
40537880
40663243
38711493
37697596
38642393
48175714
42692834
39450535
36074543
42731531
40409389
41463261
41245240
48292991
43228154
38525005
39510644
41484410
38392040
40850397
48309617
42045057
34060350
38155262
41731778
38334866
36980302
38480471
40775537
39538037
39729333
41579396
35568233
43028111
40518617
43228987
41282742
41605874
43486534
42138797
44045948
38747428
37996523
43072382
42809145
44297627
40801298
41961171
38564326
43268060
42385533
36466402
42447425
42544071
38866136
38129360
45274268
45252061
42507934
43955939
43774584
41090677
35544360
35547872
41549837
46398797
36152297
43746840
48628154
47005549
40628005
42371958
40825295
43816156
33681803
47311436
41242998
40629790
35324533
43476291
46425158
38730896
42104032
42965311
38930826
38913866
39043080
45040353
36871247
40200715
35629522
37287028
35655138
41611153
36490741
39941686
49440841
49299391
43887282
41002178
38911225
43834569
43089865
42333579
43985717
43041985
39029364
37856314
47442236
50593596
42222283
49017897
39096197
40834716
47017413
40714213
40035232
42752349
38884502
36213503
44367424
36103347
39256447
42939041
44355654
40928363
43826874
36549247
41916410
39245568
41237774
41300495
41123907
39710809
46061953
39850703
41248169
36848973
35834927
45688073
42929535
46431852
42113939
44517569
39216495
42919446
36607048
51140279
31234545
38033167
40859239
49276596
46893496
42729991
45539786
39989120
43340633
35789485
48923741
36854544
39228401
36910860
39303424
41235139
42415224
40926946
46164805
42584901
40408360
37835226
36289209
35465491
36631586
44568666
42562522
42496073
40311185
40145081
40407509
39874185
36592877
48005851
38597263
41595945
42868957
43098654
37550248
39662806
43916032
42373730
36948125
37164368
45926623
45565932
46425758
47135507
45475369
45515883
40818568
41365765
37534815
40330080
45284303
40366106
41394493
38100173
37279644
45032263
40876991
44660936
48142073
36402141
42885694
42055320
43201932
40957240
38869917
40111013
44715206
38085172
41498653
42269336
39708344
46519740
40349759
41282098
39846239
39262578
34729909
41828638
39560835
39398359
38278906
41528159
41733616
42233450
41495388
44897716
40256825
43849538
37486570
42580888
44877727
44455621
41999372
39669219
42804406
41453636
42929578
44179904
41575608
36817906
40644081
40761333
43349808
34354163
