103.4758
100.3412
92.5832
78.71401
67.76758
59.12744
51.785
39.85783
25.16014
21.03105
19.60428
19.1987
23.53279
20.80785
21.24984
21.5824
21.79202
18.61269
24.60324
24.03938
23.79729
20.66333
23.4965
22.21145
20.63868
23.20307
23.2222
20.74758
21.89733
19.8837
20.06264
20.15279
23.90973
21.24292
21.75242
23.14865
21.22231
22.9916
21.27682
22.33344
22.66627
22.19503
21.60107
20.812
21.72574
21.94047
19.77537
20.29878
19.2605
19.45684
21.09882
23.11733
21.15175
22.88762
22.95044
21.2986
21.19053
23.18431
22.87869
22.19701
21.2605
25.43737
19.9323
24.00772
21.54935
22.58503
22.65481
24.46498
22.78155
21.30027
21.2737
22.68408
19.01956
22.05592
20.89824
20.39421
19.91025
23.36649
21.08087
18.66998
21.41933
22.3504
21.34742
22.43652
23.26163
22.08096
25.30286
21.60134
23.48862
21.7672
20.7914
21.09619
21.64021
22.39571
20.11633
20.5586
22.52982
22.50907
21.14764
20.97262
23.15318
24.26906
25.26284
19.97321
22.84073
23.55738
21.28132
22.56926
21.75671
27.06735
22.88245
21.14043
21.32105
21.42147
21.77032
21.42257
22.98326
20.57667
22.2193
21.65565
21.97868
22.01774
20.96162
21.44362
21.1836
20.26647
20.72403
24.07958
23.88173
22.73573
19.84782
22.04236
21.79204
20.21796
20.21322
20.83185
20.67922
22.0033
22.15929
20.35911
19.82231
20.89377
23.8008
22.20733
23.72103
21.94564
21.3847
20.73882
21.51348
21.81498
22.63861
22.49879
22.38875
21.75099
20.94463
21.9889
21.02657
23.12255
21.455
23.86834
23.13008
20.63777
20.26591
22.31309
24.17502
21.93847
23.21446
23.57306
19.82707
18.95284
22.49177
20.06909
20.47347
20.34452
24.33337
20.4657
25.59846
22.3374
20.31996
21.49224
20.59018
21.32865
22.73939
22.8688
22.80239
21.29541
21.2988
22.92834
21.86047
21.32755
24.15983
26.56949
20.19751
21.0633
21.72631
22.65799
18.97578
21.71109
24.46852
25.17145
20.49443
20.92436
20.00011
22.55804
22.41053
17.97058
23.06487
20.97282
22.03723
21.19246
23.51848
24.12976
21.15753
22.94406
23.36656
20.91704
22.39436
21.82449
21.69539
24.3658
25.1466
18.82154
20.51359
20.05994
19.91659
20.98858
20.19982
23.00393
21.27593
23.66994
22.67425
21.33639
23.64542
21.67268
21.45722
23.05565
19.91872
23.05025
23.85371
21.97892
21.26101
21.95263
21.78709
23.97408
23.82641
20.3066
23.04435
23.7963
22.83912
20.1116
20.09774
20.2979
23.95019
22.16857
22.76364
22.03003
23.31661
23.98951
23.35903
19.44409
21.72202
20.17031
20.49727
21.04104
22.62264
20.80791
22.24637
25.38385
24.69517
21.42525
21.65282
22.38323
20.56193
20.41429
22.30594
21.39348
22.71113
20.76865
21.81897
22.68171
21.87018
21.32276
23.04555
21.65504
23.35973
21.00864
23.21619
20.93988
22.75713
23.68333
24.78552
23.0032
20.29183
19.84098
20.95337
21.17162
22.413
21.91835
21.50397
24.39807
21.97745
24.25823
21.71924
22.92041
21.70257
21.74334
22.17985
20.96029
19.42123
21.66551
24.39237
20.39014
21.84533
21.24567
19.53156
23.61463
21.87224
22.45897
22.83418
22.1248
22.03767
22.78128
21.99966
23.27157
22.27338
23.2679
24.85915
23.97927
20.18078
21.58301
23.73706
22.17284
22.08299
20.92334
23.05653
20.33461
21.1764
21.20285
19.38718
19.37618
22.53774
20.35181
20.99547
24.21061
21.81541
21.58826
20.22932
22.21088
21.00984
21.01713
23.34715
20.53623
23.94208
19.96525
22.29169
25.03932
21.64836
22.34801
25.17568
23.39844
21.24826
23.31196
24.1794
24.12112
20.12583
24.23719
23.59102
22.40485
25.24453
21.98633
21.25982
22.54345
25.02684
21.95246
21.38763
22.73204
23.0187
23.80609
21.76204
22.29491
22.1633
21.11743
20.01235
20.68924
22.43738
21.59506
22.14729
22.30329
20.52371
21.51742
23.32377
22.71094
23.43712
20.95452
19.85782
21.06677
19.23715
24.72233
22.97171
23.49276
22.19273
24.06329
23.09667
22.02877
21.79689
24.31675
23.33493
23.36641
22.26307
22.20341
24.86659
22.27645
23.5272
22.2905
22.36938
21.48218
22.86131
22.35073
22.95398
25.01519
24.63639
23.86715
22.75244
20.7326
21.26112
21.45549
22.52763
23.48876
22.16424
20.21628
20.39228
18.60895
21.0798
20.67474
21.70168
22.46083
21.38708
23.61367
22.7974
24.49231
23.37425
20.28809
19.69943
20.37311
24.11631
22.16397
24.84003
21.63223
22.94247
21.00317
24.07963
22.49115
23.10544
20.63675
22.88657
22.54046
20.18014
21.05364
23.45008
21.28691
20.76581
23.05564
19.35281
18.486
22.10374
21.55743
24.94684
21.24941
24.043
20.90522
21.88016
24.91906
21.3333
23.79701
25.3626
24.50506
20.25467
21.27184
23.78294
21.06841
26.26939
22.19782
19.55058
22.04188
19.11089
22.56463
20.49296
24.86767
21.23071
20.12386
19.78234
22.1768
21.98437
22.52929
22.23203
21.78872
24.83776
27.87955
20.83381
19.84892
