106.223
106.0685
105.8007
106.2771
106.1181
107.1921
107.8434
107.1896
107.2465
106.9843
106.6967
106.311
105.8338
106.0754
105.5279
105.4091
105.6291
105.9923
106.646
106.959
107.5504
108.0896
108.0144
107.5762
107.5511
107.526
107.3534
107.8525
107.3237
107.4151
108.2043
108.2045
107.7862
107.7224
107.9821
107.5197
106.8535
107.1533
106.9575
106.9535
107.2856
106.7285
106.3184
105.3044
105.4173
105.7696
105.8719
105.4918
105.2612
105.4244
105.4651
105.816
106.5181
107.0714
107.7333
107.7983
107.2146
107.4383
107.2194
106.5934
105.5697
106.5671
106.8072
106.3921
105.8283
105.3462
105.4544
106.7636
106.5872
105.624
105.8185
105.8965
105.3682
104.9062
104.503
104.4693
104.1851
104.3217
104.3418
103.9416
104.2566
104.1595
105.2749
106.0504
106.6329
105.8595
106.1184
106.1058
105.8355
105.7365
105.9539
106.0399
106.3949
105.7888
105.3856
105.3245
105.6827
104.6434
104.2626
104.0063
104.0148
105.1339
105.5302
105.7539
106.0831
105.9087
104.9937
104.5728
104.5185
104.1061
104.2951
103.7043
103.2046
102.4897
102.973
103.146
103.3292
103.3884
104.1569
104.0505
103.6756
103.0183
103.3074
102.9515
103.0364
104.1158
104.317
103.5341
103.6664
104.0616
103.6185
103.967
104.5539
105.1735
105.8744
106.1899
106.219
105.7504
105.7288
105.9459
105.2855
104.909
104.4075
103.6895
103.517
103.0936
103.0177
102.7062
101.8006
101.0923
100.389
100.5198
100.6169
100.7976
101.2449
101.1272
101.5684
102.0475
102.6394
102.9022
102.9927
103.1215
102.4601
103.3371
103.5887
103.9981
103.6534
103.6596
104.1027
104.2393
103.601
103.2079
102.8353
103.2848
103.384
103.6867
103.5307
102.7365
103.2811
103.0143
101.9002
101.6992
102.5869
102.7372
102.3394
102.5857
102.4281
101.8722
102.355
102.6582
102.8468
102.7175
102.3762
102.6185
103.0906
103.2093
103.5148
103.7511
103.7613
103.7022
103.1545
102.4618
101.8124
102.0407
101.6334
101.2359
101.6963
101.7036
101.7843
101.9455
102.0654
102.5039
102.4815
102.4863
102.7998
103.0648
102.9106
101.9812
101.7855
101.781
100.7777
100.2526
99.40152
99.51727
100.5009
100.3441
99.99767
100.0693
99.12499
98.51372
98.45473
98.49165
99.24251
99.4817
100.0592
100.7267
101.0272
100.9891
101.174
100.6067
101.6764
102.3525
103.2373
103.1926
103.601
103.1284
102.937
102.9321
102.9622
103.3056
102.9938
102.5233
102.7759
103.3021
102.9763
102.9053
102.7898
103.1517
104.2187
105.1693
105.1478
105.6411
104.9122
104.6038
104.3293
103.534
103.3106
103.4037
103.3512
103.0911
103.4835
102.9907
103.0563
102.4698
101.931
101.4964
101.9637
102.1606
101.4668
102.1247
102.1566
102.0158
102.6939
102.0869
102.1981
102.2887
102.1316
101.8135
101.7357
100.6947
101.2894
101.7366
101.4869
101.4837
101.8637
102.3147
101.3508
101.9967
102.1045
101.5651
102.2687
101.5812
102.2653
101.3674
101.2242
101.4916
102.1555
102.7076
102.8406
102.3279
102.7917
102.9255
101.5021
101.6154
101.9404
101.3936
101.014
101.0547
100.8671
101.5
100.7638
100.0221
100.0756
99.8606
100.0961
101.3342
101.7454
102.925
103.0393
102.3556
102.6021
103.4397
103.757
103.0946
102.624
102.9909
103.0571
103.5168
103.8037
103.5709
104.4471
104.312
104.5228
104.0646
104.8837
104.0528
104.0052
104.0066
104.32
104.1737
103.4673
104.2043
104.1974
103.894
103.4206
103.1302
103.237
103.2366
103.7667
104.4746
103.2476
102.9547
103.682
103.2171
103.3425
103.0266
103.2721
102.5334
102.5611
102.5247
103.0509
103.9795
103.4403
103.5994
104.124
103.3014
103.2982
103.1517
103.1579
102.0681
102.0156
102.889
102.472
102.7575
103.0935
102.5711
103.0007
103.2601
103.4092
103.19
102.4967
102.421
102.0628
101.4526
100.7961
100.3433
99.72956
100.0615
100.1082
100.0204
100.4364
100.2426
99.39431
99.79081
99.59381
99.72315
98.90721
98.53787
98.16873
98.75589
98.81316
98.83125
99.36105
99.20937
99.0701
98.92398
99.25657
99.10273
99.09303
98.79375
98.42918
98.38226
99.03884
99.13714
99.71522
100.074
99.96834
100.6322
101.0282
101.0849
100.8747
100.7373
100.9074
101.1015
99.91726
99.68525
99.87334
99.66262
99.82557
99.82769
100.131
99.97494
100.0882
99.62412
99.34625
99.66591
100.2469
100.4859
100.1084
101.3074
100.8688
100.722
101.5886
101.3535
101.378
101.7394
101.4439
102.0687
102.0662
102.6438
103.1479
102.5861
102.1868
102.7632
102.4176
101.8997
102.3882
101.7824
101.3775
101.8024
102.4378
101.969
102.0381
102.0938
101.343
100.9697
101.6242
101.1189
101.3919
101.3411
101.4408
101.1013
101.7825
101.6966
101.2614
100.8376
100.3993
100.2608
100.3418
100.1418
100.3056
100.1342
100.7387
101.2679
100.9298
101.6504
101.4696
101.4911
102.0797
101.1727
