87.11004
86.2556
84.31092
85.98066
85.57984
85.67883
84.24639
83.41404
86.61141
85.73697
84.81778
83.97304
83.6547
85.67748
83.85662
85.47269
84.63775
83.12871
83.47697
85.58743
84.98894
85.32794
85.62539
84.85234
84.13711
83.99699
87.81184
84.4001
85.93188
84.73813
84.31912
85.06556
84.49718
85.85454
84.20326
85.25247
85.84308
86.27622
84.55079
85.09028
82.82149
84.0066
86.20485
84.62885
84.49837
85.58986
85.19206
83.01734
87.10177
83.78755
86.29888
86.33837
85.73056
86.63598
86.40212
85.26977
84.26979
83.77264
86.28124
84.42246
84.86719
85.03569
84.08944
84.8459
85.02221
86.52331
86.77665
84.80225
86.16954
84.17785
83.44982
86.123
84.58977
86.98701
82.46068
85.33014
87.18801
84.58825
85.0122
86.2692
85.76462
85.50025
86.02605
84.5723
86.6224
85.57597
85.84676
85.53185
85.0146
84.31343
87.2607
84.60914
86.53362
83.94048
82.94908
84.91613
84.67625
86.15077
84.5346
83.35029
85.47247
84.67715
85.25463
84.67636
83.6198
87.31405
83.37402
85.93758
83.79001
85.13311
86.53125
86.15171
86.52117
84.76092
85.39692
84.94502
83.12821
85.9172
87.10231
87.47056
85.11799
84.75233
86.00518
83.34988
82.79701
84.70478
84.202
84.86617
85.62071
83.82336
84.98837
84.8974
87.134
84.79204
87.32047
83.27836
84.00503
84.63035
85.81484
84.35131
84.82699
85.51188
86.0897
83.98737
82.93609
84.6188
83.10453
86.05173
87.34962
86.0552
85.85936
84.69381
88.21239
84.24814
83.45415
87.26283
84.49979
86.46662
86.04143
84.5279
86.33609
84.63251
84.43765
83.25897
84.73624
85.24216
84.64438
85.98687
86.39426
85.54307
86.44496
83.32549
84.25767
84.64186
82.32444
83.67498
87.04129
85.70295
85.78379
83.35761
85.01181
85.4262
86.09963
83.54582
84.37122
84.33307
84.48782
83.85658
85.55439
85.50039
86.03869
84.9581
85.55121
86.4744
85.35805
83.15958
83.56177
86.36525
86.6025
82.12168
86.98373
86.11225
86.22182
84.7243
83.5686
86.25759
83.2174
85.58581
85.29912
86.3713
84.58964
83.72949
84.31189
83.41746
84.31173
85.52534
83.58465
85.73759
84.80032
85.37649
83.92351
85.70612
84.69005
85.73879
82.84879
84.48908
86.3442
85.7645
85.96115
82.03811
85.88271
84.07235
84.35758
84.49552
84.11997
86.14283
85.14257
87.88887
85.05587
83.88212
85.0866
87.15779
85.53581
85.28425
85.34872
84.89218
84.57262
85.24209
85.10352
83.92326
84.31195
85.84888
87.49196
84.54254
84.26364
85.7443
85.50761
85.99015
85.01036
87.5494
85.37345
84.71418
87.19343
85.2759
83.47793
85.60784
84.28616
86.05684
84.19102
83.72415
85.79928
83.58293
82.9927
85.81365
85.91271
85.42432
86.33439
83.78708
87.20736
83.70392
84.93551
85.06388
84.55717
84.69104
86.78975
85.73731
85.24981
82.80264
84.52944
84.51768
83.88027
86.33697
84.23056
84.49924
84.46484
84.96728
85.71868
84.61907
84.61961
84.13884
82.43783
85.53209
85.49011
87.93994
86.41726
84.62609
84.01688
86.69268
86.28343
82.03424
85.48554
85.20704
85.49153
85.21533
84.81628
83.25269
84.99021
84.17562
84.22788
86.0966
84.09707
85.57569
87.67012
85.51155
85.33213
84.82126
83.51148
85.26885
85.32818
85.02833
84.56669
85.66602
83.96902
84.86433
86.95839
83.82033
85.80251
86.17148
86.40105
82.30619
85.7304
86.1271
88.10459
86.0218
82.71611
83.97391
85.53755
83.96714
84.30073
86.34683
85.52723
84.97837
84.80092
84.93384
84.43113
85.27912
83.97247
86.17997
86.06979
84.15459
85.39816
86.06051
84.28205
85.28654
86.88619
86.82524
85.93991
83.07488
83.91549
86.16343
83.97008
83.26086
85.91678
84.38511
82.6504
84.30845
83.13499
84.44534
86.39465
85.03679
86.58057
81.47608
86.34206
85.16573
84.08911
87.82823
85.45567
83.79672
85.21279
84.44603
85.65045
85.91504
83.14411
84.23533
86.24748
83.52756
83.43691
84.71694
85.60396
84.26456
84.68915
86.27983
84.72448
87.00001
85.16636
85.88669
86.41333
83.71412
85.56901
85.06463
84.71011
85.46751
85.87529
84.84962
85.38625
84.93881
85.35071
84.84287
82.22415
84.32999
84.25895
86.31439
83.75472
85.75774
86.04506
85.34291
86.14203
85.44651
85.30716
83.95049
83.77306
85.9708
84.90225
83.84383
84.86332
86.70064
83.26467
82.84038
86.20747
87.12957
85.4479
86.84947
88.39484
83.9824
86.82678
84.2309
83.82732
85.19047
84.08213
85.74827
84.01864
85.32932
86.10036
85.48319
83.68012
83.39052
84.29652
87.19743
86.73213
83.45296
86.46406
86.19153
82.40928
84.58753
84.22517
83.61366
85.30309
86.2236
85.39327
84.48326
85.13831
83.52221
83.21274
87.13173
86.1845
85.68237
82.63351
83.31523
84.81083
85.47668
84.04798
85.78774
83.42196
85.71622
84.95315
86.01646
85.56692
84.54493
84.3919
83.70849
81.66221
84.75567
83.38002
84.72327
85.88096
84.5802
83.80035
84.75911
85.65619
84.65479
