397.9405
375.5896
427.3439
405.2678
404.1389
392.0507
369.0264
419.2072
395.23
366.1642
393.2544
370.7152
367.4691
430.935
407.9217
359.7653
374.427
400.4711
372.3298
392.8124
412.0755
386.8201
404.1808
407.9461
419.1042
407.6245
372.403
424.3286
383.7157
362.2519
347.8905
359.3311
377.7168
445.7858
395.9315
397.8582
425.0211
399.0714
387.8217
393.1719
387.2234
386.8816
362.9084
386.8843
392.7695
375.7923
387.4529
405.8409
417.5799
390.8015
386.2805
408.2503
401.4715
393.5453
397.2346
389.0716
411.7712
399.8915
378.7534
401.7676
398.954
400.4858
387.5413
410.9331
412.0608
440.7142
426.6031
407.0372
409.2263
367.9462
384.5484
389.7433
367.4319
368.4263
407.2332
397.8981
391.7769
399.9205
378.6531
416.7716
379.6124
365.8906
404.6391
379.6694
367.8615
390.3186
400.1419
378.1907
396.2768
396.0528
376.0154
398.2795
408.6102
400.244
421.4945
417.994
375.9999
427.5409
410.046
359.4979
410.3133
409.2439
433.3928
377.9938
381.8567
394.1845
376.8686
409.0131
433.1157
389.2699
418.3148
422.7238
383.4799
393.618
375.5588
402.4806
399.539
398.5401
392.9158
400.8575
378.1668
382.1347
367.1094
402.8957
387.0607
394.3999
389.664
406.8098
387.0914
422.0255
393.6432
373.0775
406.6909
387.6358
393.2954
413.8914
378.5662
386.7951
402.7555
450.5002
393.1832
409.1685
384.5452
391.7945
402.0937
422.2741
391.688
410.0995
398.4938
391.693
412.5063
382.6144
365.5326
381.6437
402.8331
377.6453
410.9571
419.8602
413.955
399.0954
397.6594
391.0084
412.0258
394.6127
383.2606
419.0352
428.9192
414.8692
382.272
385.6538
376.7154
385.8945
399.4599
398.4642
407.8347
393.948
404.8422
418.5756
390.5666
363.2455
403.8854
406.7835
404.2034
406.1826
401.2185
403.5413
414.1367
382.8769
394.6034
418.3035
386.6618
421.0349
424.5019
420.8427
388.9414
388.0634
371.1038
369.7083
375.8831
374.9175
404.6734
383.3139
370.1788
396.1501
413.885
404.2105
408.7973
382.9695
403.8177
393.037
368.1547
375.0038
361.7008
370.079
404.5178
393.1554
409.1811
399.8439
387.9757
386.2193
370.0635
398.0512
410.1826
370.1747
411.5167
386.2917
420.0284
412.0438
392.7391
434.5043
434.3861
394.9797
400.2747
398.4178
402.4106
413.6551
388.9626
383.46
356.3389
404.7708
407.0408
390.083
385.6061
417.7501
443.3
393.6799
393.8522
401.146
404.623
391.9535
435.225
380.1779
385.5089
398.0249
412.1262
397.826
419.8485
408.9899
397.781
415.6977
403.7536
384.9832
420.0264
368.5246
358.1993
417.4368
398.2349
401.9786
406.8534
416.8995
368.0712
383.473
372.7569
402.2475
393.6925
404.0764
401.7498
366.7538
400.9531
388.9306
372.2421
413.8647
380.4035
384.9266
368.7464
377.3902
396.3062
397.6958
407.387
374.8655
382.0627
404.7817
373.2263
424.2201
391.1598
423.8264
360.4322
403.7827
372.1821
392.3557
416.5066
377.7418
388.6814
390.8434
393.2959
355.7532
420.0488
375.7488
397.0845
427.1812
398.2919
377.1734
391.1997
422.2474
372.8795
386.2293
413.1984
382.0979
410.5871
397.1695
376.3545
391.157
349.5832
384.833
381.7376
399.8298
423.9996
378.7484
379.5099
383.1812
386.8757
387.6432
402.8762
405.8901
402.7038
357.286
375.5296
445.9181
397.7132
406.19
424.2422
375.0727
371.7371
375.2095
406.9693
399.7291
383.4632
397.927
371.7387
387.3302
419.8681
423.6478
360.0705
418.5157
381.9736
411.2866
393.7095
403.3253
407.497
379.0217
375.4869
371.8628
394.3938
402.4956
384.5321
405.0559
394.2238
363.3982
407.7953
432.1491
360.9243
374.5293
417.8335
406.8195
388.3544
399.776
365.0264
393.326
391.6292
385.1117
398.7878
404.9572
384.8968
434.18
396.6769
410.1601
440.1727
439.2723
400.486
412.5115
459.993
408.9376
409.6361
383.7095
373.7796
393.3077
382.3328
372.8919
378.8658
373.8334
416.8718
402.3755
383.0492
390.7337
443.4459
410.6514
386.0574
408.5113
378.7608
385.9842
391.9574
396.8008
390.0718
378.9596
384.9713
410.7033
372.7389
391.6184
396.2644
395.2604
381.4427
402.0405
393.8547
387.1998
356.4463
425.7781
409.1705
422.1515
390.7889
411.9231
375.5767
389.5535
368.9432
403.3986
384.0617
395.3011
394.9236
393.0841
395.2982
398.4491
361.05
396.9314
389.5181
423.931
381.2133
376.9314
385.909
384.9168
366.9845
404.0511
360.9428
412.5418
404.0151
391.6221
399.8161
401.3364
360.8374
377.0452
403.517
384.3744
390.3601
402.6079
394.901
394.3791
395.3498
389.1235
381.8995
434.1741
411.2572
377.4164
384.65
357.5945
384.0321
388.0541
396.011
420.8612
396.4249
419.5115
419.8568
420.5484
379.7847
384.7109
376.9288
383.6592
361.6603
373.5298
406.4542
391.1372
358.5469
420.4721
360.6213
411.6098
381.614
397.6615
399.446
413.6616
413.1868
417.5045
390.2379
394.1039
