576.759
461.3724
1367.775
3290.01
2922.681
2180.11
1561.251
1105.391
451.4347
971.9625
1907.451
1880.602
2329.97
1320.048
441.9669
1250.123
1099.987
1060.54
600.2084
786.3103
504.5924
2287.871
647.2396
1294.121
878.5777
1001.461
950.0438
1484.707
1840.27
1426.575
1553.296
1286.45
1501.227
955.8803
1648.482
842.7694
1168.828
1035.736
1082.378
964.2112
999.2837
449.1366
1890.203
1793.202
3594.477
1721.25
1547.325
970.7839
492.9239
711.9899
1000.972
1018.881
639.7362
1586.886
1546.887
975.2158
881.3631
1137.247
734.2892
610.659
965.5536
1077.82
737.128
954.3289
1173.939
1094.303
1028.188
1856.348
1688.257
1235.072
1155.353
1252.937
762.3529
554.8211
2345.821
565.2625
1083.272
896.7181
1275.694
4782.2
708.2177
1341.522
1147.358
1275.516
1097.788
812.2724
1450.171
1191.583
1022.615
1484.679
582.5253
1877.272
1119.788
483.4761
923.4699
1196.455
1756.822
463.3688
610.6154
2246.868
1444.561
840.8744
591.1386
788.1376
1156.445
491.5192
1620.131
964.5548
929.7261
1038.077
428.8453
918.0392
1400.013
975.1133
1993.516
2221.841
1429.735
882.208
1256.321
1860.991
1760.393
896.3452
1220.755
1336.329
1025.025
513.2156
853.072
1184.203
2007.573
899.0364
1487.156
8937.56
816.6733
1068.162
2748.117
1009.602
1965.636
711.2474
638.737
1427.401
2150.022
1417.043
1016.683
1360.979
2533.002
1444.961
1188.213
753.7572
1545.093
1065.128
939.3639
830.6111
840.2604
1403.831
653.4329
692.7065
651.2399
3167.512
1128.875
835.2598
460.6802
1321.863
1427.633
3852.756
1099.317
1431.006
2933.673
908.0982
941.9572
1739.627
659.3151
679.327
1028.943
912.635
662.3656
1113.554
351.1039
608.8272
1100.864
1155.557
629.5102
674.8689
514.8076
822.2706
1233.595
809.1235
1413.329
976.5989
876.1413
867.6649
3062.87
820.4385
790.5514
415.2172
1076.678
963.8298
987.7095
917.0278
1449.214
764.3823
675.7506
1099.608
740.2658
699.8314
3919.193
623.7435
1397.007
823.4115
1064.842
709.6255
788.756
1548.133
1187.455
1216.959
687.4421
1880.163
551.6148
1050.396
1612.898
1600.124
932.0707
891.2701
2032.513
1414.199
2511.933
562.0816
684.9603
444.0737
598.7588
1209.023
1093.049
1259.369
683.6427
663.092
693.566
1155.625
553.4078
1510.96
1120.101
930.2721
1240.4
1113.844
1381.573
571.0948
636.4794
3293.747
1528.969
567.2482
1703.481
1557.619
1448.92
566.2707
907.0985
753.0144
622.7868
1474.072
522.4567
438.1397
1129.469
1597.235
1146.101
654.947
1063.508
3325.076
1737.167
925.3831
1991.477
511.89
3520.746
2026.801
953.867
605.6917
1640.167
1828.211
2049.082
788.3114
740.6341
1379.271
1561.201
949.4901
1000.2
487.087
877.2167
1493.55
581.7638
876.2772
547.9064
1667.285
1838.505
2108.28
2354.299
983.696
1144.627
954.1863
1986.926
881.2707
1385.318
1284.342
782.281
1050.079
596.4375
899.1039
1042.195
574.5509
473.1206
2013.931
2378.325
2022.476
2094.151
1548.169
1134.716
2747.512
852.5839
880.2855
2697.119
652.7721
739.9385
781.5269
753.6756
1513.177
1965.316
901.266
1023.504
1428.251
1316.559
1390.132
1065.593
1247.201
1694.017
486.498
551.7738
1009.256
495.3395
621.7635
1468.144
3556.306
1427.031
744.997
841.0656
769.9895
1584.546
2685.353
1060.962
712.778
2719.404
1263.422
1336.148
845.3484
1569.766
709.1934
1292.506
1455.593
887.8458
1054.865
1529.022
910.5804
1548.397
1088.705
1196.937
1189.892
1662.523
820.1001
1139.12
1332.153
2972.259
788.5291
1259.662
897.4583
688.0098
830.3409
819.41
1166.054
1719.781
1384.331
587.8026
1339.007
922.0748
700.0063
1143.627
1014.034
1934.694
1174.86
705.3079
1048.454
3212.16
1952.075
1742.363
1082.349
958.2662
1827.831
830.6054
1140.782
1013.323
1188.136
2039.179
1306.564
2525.759
1360.663
779.1662
3501.858
1342.813
1217.211
1211.05
1762.463
4243.706
2312.352
1649.682
1030.578
521.4014
1609.284
962.5043
1415.289
658.9143
1160.252
656.0326
905.1643
894.7144
653.3094
855.8509
2201.021
1764.152
2633.436
2791.783
877.9469
1075.818
1520.038
691.0731
1139.537
2949.341
1607.738
563.6752
2274.752
1617.405
1366.89
1451.545
1037.478
656.6311
1105.049
2451.422
783.4603
2626.274
1043.851
1264.25
2122.78
3035.648
1466.248
904.3944
1230.084
1294.908
1086.983
611.6931
2219.646
961.0004
807.5185
1308.117
1924.14
1024.622
1296.114
2647.969
2008.781
1100.658
708.9813
464.9411
1397.63
815.3734
1503.751
7729.395
872.8853
1715.543
707.086
865.9564
1887.527
1262.418
2551.525
1043.691
13332.73
2398.251
1363.618
1112.39
957.3317
1386.037
2395.064
1054.231
1515.472
1547.505
1119.022
1079.503
512.6803
971.8841
562.9062
769.8694
892.7804
2558.569
2220.651
1637.826
2456.692
815.933
2578.266
940.1864
1109.047
