104.1815
103.5573
103.8456
104.2141
104.1947
104.5105
105.0675
105.2614
105.1873
105.1739
104.8136
105.588
105.5512
104.988
104.5073
104.5681
104.8798
104.4134
104.6895
104.9069
104.4324
104.4727
104.9845
104.4578
104.4912
104.5169
104.1458
104.418
104.7585
103.5792
103.7281
104.2884
103.9837
103.9219
104.0637
105.1175
104.8882
105.4829
105.6105
104.9564
105.9764
105.9338
105.1947
104.4901
105.0455
105.0622
104.861
104.5092
103.9206
103.678
104.027
103.7718
104.1384
104.3836
104.8612
105.3352
105.4694
105.6943
105.7892
106.4079
106.849
106.5808
105.9351
106.3368
105.9965
105.6952
105.6038
105.0159
104.3974
104.3762
104.6834
104.1978
103.8876
104.2066
104.3012
104.3274
104.3447
104.8803
104.784
105.4764
105.5599
105.2148
105.29
104.5865
103.8781
103.6419
102.3683
102.6059
103.0531
102.7673
103.4994
104.2301
104.6978
104.7592
105.1521
105.6748
106.2869
107.0283
106.8894
107.4208
107.0435
106.8519
106.8592
106.2786
106.2193
106.4747
106.1712
105.9424
105.6183
105.8486
106.5311
106.4208
107.7209
107.4352
106.4058
107.4287
106.7005
107.1873
107.8816
107.9303
107.8011
107.4278
107.4393
106.3871
106.8718
107.278
107.0041
107.1929
107.6293
107.2884
107.8336
108.4538
109.5967
109.9027
109.6577
110.1182
109.1722
109.9036
110.2899
111.2016
110.9898
110.9958
110.2203
110.5706
110.8018
111.6317
110.9553
111.093
110.3351
110.1914
110.2257
110.4287
110.3874
109.7201
109.105
108.5982
108.4566
108.8475
109.5477
110.0262
110.8133
111.649
111.9877
111.7014
110.792
110.6004
109.8215
110.6033
110.2799
110.3617
109.9718
110.3582
110.3028
110.029
110.1534
109.8606
109.2459
109.5567
109.8755
109.9812
109.8168
110.1334
110.3385
109.9982
110.701
110.6842
111.7778
112.3549
112.3056
112.4084
112.1086
112.4029
112.9945
112.3106
111.8735
111.3158
112.1413
111.506
111.2727
111.7934
112.5863
112.7491
112.9645
112.8954
112.9242
112.9802
112.479
112.9615
113.9169
114.3467
113.5244
113.2182
113.5369
113.4896
113.6369
113.9501
113.4908
113.9596
113.9263
113.7564
113.0347
112.9522
113.2472
113.9861
114.3792
114.0689
114.0977
114.8111
115.4203
115.2039
115.6644
116.0798
115.8565
115.3853
114.7537
115.7535
116.914
116.7577
116.5332
117.3309
117.6814
118.1978
118.8678
119.5398
119.4284
120.31
120.2461
120.0301
120.7378
121.4733
121.7413
121.4044
120.6969
120.1113
120.4616
119.9811
119.8543
120.1778
120.4582
120.4992
120.3171
120.3925
119.4231
118.5047
117.6675
117.2051
117.4694
117.507
117.4039
116.7758
116.7365
116.4154
116.333
116.8312
117.5107
117.1513
117.5841
117.4994
116.8382
116.633
116.7012
116.4159
116.1336
116.4261
116.0423
115.744
114.7666
115.3117
115.4166
115.476
115.5676
115.8614
115.2505
115.1402
114.9789
115.4421
115.1425
115.5016
116.6319
116.4398
116.7337
116.7375
116.8246
116.4337
116.7245
116.3073
115.8256
115.8814
114.87
114.8568
114.3423
114.5193
113.9391
114.0602
113.9172
113.2573
114.0501
113.962
114.349
115.5948
116.3222
114.7095
114.5136
114.8478
114.7926
115.2507
114.688
114.5163
114.4487
114.1858
114.0371
114.8224
114.5447
114.4726
114.5967
114.1401
113.023
113.381
113.5174
114.2768
114.1601
114.635
113.1755
112.8065
112.6081
113.2587
114.6719
114.9243
114.7164
115.0794
114.4202
114.8914
114.537
114.463
114.5536
115.1828
114.7521
115.0629
114.8655
115.2019
114.8957
114.5855
114.1685
113.6245
113.7916
114.1421
114.5928
114.867
113.9528
114.5065
114.2446
113.3301
113.5046
112.8282
113.1056
113.539
112.8169
113.1068
112.4361
112.4545
112.0747
112.201
112.6129
113.026
113.1895
113.1558
113.0679
113.1178
112.721
112.4527
112.7795
111.9439
111.5241
111.011
110.8319
110.8361
110.9213
110.983
111.1559
110.5416
111.4083
112.2084
112.9437
113.2295
112.4799
112.2084
112.4817
112.7598
112.6881
112.8839
113.5086
113.2141
113.1985
113.9599
114.1984
114.6293
114.5181
114.857
115.4689
116.0889
116.0094
116.4259
116.438
116.6381
116.5741
116.7667
116.8832
116.8932
117.3664
116.9428
116.5567
115.8711
115.7512
115.5807
115.7795
115.1261
114.8552
115.4174
115.5802
115.5453
116.0513
115.2632
116.0579
115.9279
115.4516
115.8305
116.1519
115.7613
115.6456
114.9218
114.8676
115.1989
114.3223
114.387
114.4016
114.1623
113.5357
113.3633
113.2454
113.4161
112.49
112.3259
111.652
111.433
110.5234
110.1142
109.9502
110.265
110.2537
111.0816
110.8018
110.3988
111.3765
110.5357
111.3504
112.1567
112.2472
112.1046
112.3836
113.0675
113.4955
113.4747
112.5442
112.2678
112.4877
112.2571
111.7037
112.5578
112.3499
112.208
112.1178
111.8894
112.1304
112.7242
112.6489
112.6309
112.6345
113.6171
112.9682
112.3856
