163.0714
311.4605
288.2822
149.5516
296.9818
310.4264
190.1225
235.3902
183.4356
105.8301
476.6206
124.8935
365.6933
219.815
278.9489
125.9392
229.0961
330.3952
311.6384
121.6268
269.4267
235.6258
438.9506
530.4852
223.746
225.2782
200.0332
318.8545
215.0698
245.5292
164.9673
987.1293
607.1268
292.3487
324.4169
144.3295
166.8963
197.3798
435.2939
229.7719
152.889
170.7186
195.0449
501.4983
309.951
137.1862
522.6034
410.511
149.6889
232.8793
241.1381
232.4929
679.2484
340.9954
180.7881
320.3151
174.0726
535.1037
242.7289
260.523
601.8102
136.6144
143.9166
116.3251
255.2623
193.7363
437.8736
128.13
396.4631
375.6794
159.7821
595.6994
211.2075
355.9961
187.6783
142.721
209.249
173.0108
161.4354
272.8349
279.399
376.3064
151.2176
303.2752
387.5627
220.9197
140.8055
127.1035
247.7725
169.7365
350.5489
146.3968
265.4753
279.1339
198.4648
285.6503
756.5392
131.3543
278.6054
199.3103
168.9679
290.7634
125.0391
234.9391
334.6862
323.9011
833.3041
327.6415
114.6757
197.7775
315.2206
448.4194
505.5146
534.6371
283.3563
430.9347
136.9506
554.1458
388.9606
236.7033
177.7714
217.2535
211.266
140.8754
327.4075
326.8643
194.073
306.2916
438.9663
126.6582
279.9348
431.302
526.8765
167.9493
329.9364
245.6534
656.5371
286.5338
401.6077
479.616
1614.996
222.2866
169.6267
338.014
282.3732
134.7499
504.1673
347.7706
112.6423
304.3616
374.0493
257.9315
267.9223
139.0861
225.0933
295.4067
227.4673
159.9744
300.4887
1423.95
699.5461
292.13
321.922
218.3331
323.9555
360.8865
172.9892
153.4896
202.7711
661.8129
433.3266
311.0325
476.4998
787.2329
191.6646
650.094
724.3665
455.362
198.1417
367.826
596.4258
152.7358
281.455
678.4221
182.6517
942.3919
465.7002
261.1576
408.5223
243.248
264.4768
325.2236
191.9052
430.2555
672.0332
239.7366
652.6202
563.9664
485.5625
155.2332
172.1951
162.5666
174.4228
694.9644
468.4299
597.6407
227.248
155.3451
455.229
162.2328
191.6308
655.6284
834.5624
180.3761
210.6746
264.1417
244.3011
241.4209
278.1744
126.8515
186.1172
226.5699
285.6278
447.9477
406.421
210.7006
316.1858
209.3029
162.6527
399.1533
312.4782
298.8745
158.2279
478.2147
258.9423
262.2995
430.0886
185.6048
145.006
270.7808
155.3335
353.9093
332.9246
238.9347
138.105
181.5912
250.9641
466.3455
273.8607
237.6901
207.9693
225.5694
335.4231
368.0674
289.8738
343.578
371.875
306.0539
335.7653
318.4385
422.917
125.3615
365.7031
252.8945
178.9344
179.7677
127.3502
194.2696
311.7683
331.7747
194.0804
304.5752
274.3257
346.5551
464.0822
133.9622
310.3537
145.5881
270.0584
429.0817
166.4075
471.283
254.9617
329.4557
219.2168
350.9472
343.9318
158.2437
235.5043
296.0361
235.5972
207.5434
172.3589
185.1375
226.6005
274.2804
310.444
258.9754
151.7232
159.0236
310.5294
308.9398
181.4931
389.3236
234.1068
309.5046
200.337
202.0588
309.8166
401.7628
149.455
227.8397
221.4524
268.0298
340.5019
532.8429
325.0544
163.3939
276.5304
184.599
327.4684
813.9187
464.895
738.8412
207.6701
339.0363
89.72521
431.0613
129.8428
135.7064
346.5921
645.5566
957.191
284.6044
215.1927
247.5827
429.9258
117.3301
209.5051
601.5437
157.1697
302.5895
281.8652
153.0623
306.1953
276.442
187.8292
295.4574
448.4439
286.2833
145.0869
267.2607
151.7251
333.5335
169.9551
106.1225
243.0843
239.3959
255.1358
149.8028
552.9772
157.588
223.4164
325.9488
92.38248
293.0151
417.1052
325.5772
258.3332
105.1999
128.1198
260.7719
167.8297
215.9968
583.597
187.3582
186.2581
149.1376
338.5337
331.9058
211.2541
464.8697
618.9223
203.497
212.5172
324.4298
525.1004
341.9034
409.3356
248.4409
384.8349
218.8423
344.4844
195.3857
301.874
244.1349
433.729
139.6595
436.8274
199.1117
305.2586
164.1145
199.9105
233.1296
279.0892
480.8555
337.5351
133.9438
274.2548
187.8039
330.8467
579.779
222.2971
320.2062
550.5569
133.4264
85.6886
241.5028
191.1996
447.4028
169.486
258.1082
277.1623
164.0674
283.5884
133.1721
171.1452
233.6409
201.7133
241.3894
147.5465
401.6846
337.2322
289.9263
207.642
192.2495
417.7593
184.5197
227.5976
200.126
144.9778
224.6385
193.1216
284.6486
155.5464
165.0185
149.6435
202.8397
929.3069
318.2227
208.739
222.3511
332.1414
280.2293
213.8769
209.5473
242.8592
374.2052
546.276
149.4913
127.2285
234.3948
208.5393
1223.34
143.5996
296.0326
595.9352
265.2422
339.3293
540.642
151.4699
119.8267
309.8192
216.3031
167.3047
224.2285
219.2561
756.701
240.2126
270.7327
438.8177
174.8452
504.3881
394.929
323.1643
183.3467
221.4882
184.8434
188.6393
193.9969
232.8969
129.8777
167.8656
109.6361
167.3099
330.0453
140.1337
405.6317
291.2798
233.9586
