17.92164
21.42761
21.13218
21.26908
18.36315
43.17373
41.22866
22.29846
12.80258
12.12038
8.876262
12.41135
19.00617
21.9547
27.55335
30.79445
28.87047
16.43319
22.19769
18.38377
29.19374
19.41616
26.02078
16.08322
17.07151
21.81254
23.33005
22.32907
27.0973
43.67821
44.06886
16.80564
15.10034
14.87214
11.57639
22.6644
17.33157
14.7472
15.70277
16.44218
14.48889
12.05886
24.72949
13.63261
17.00502
23.98465
27.25137
14.98515
10.15543
9.329599
12.53287
9.011144
14.26185
13.84087
11.03188
12.27018
11.78536
15.42786
12.55287
17.24337
12.39159
20.36887
25.06038
29.53355
30.49786
26.53723
14.00699
11.84665
12.84293
16.79066
16.20999
14.89923
13.43046
14.70629
10.77598
9.235082
10.07757
11.62501
11.64097
9.459761
10.62209
14.62817
17.26559
20.51859
21.16742
17.18002
18.12449
16.92284
15.87527
16.22451
24.54335
21.83783
30.73282
22.95934
19.65262
11.76818
8.282569
10.89255
12.91276
12.43213
16.66531
13.68096
10.90543
14.18193
19.06042
18.92399
12.1393
21.37751
35.62321
21.84831
19.94793
17.80684
15.61716
15.12367
17.03251
18.76563
27.78212
20.88551
21.28238
21.38307
21.19505
23.08345
20.04602
15.84908
23.67282
33.38292
19.6919
17.80946
20.0928
23.92729
27.03975
32.57266
19.14688
21.98284
18.27519
20.73651
13.08004
10.17112
13.59408
17.01678
22.48861
20.20766
27.25602
33.39759
39.26722
46.02767
22.79727
15.05251
16.85594
32.66926
26.12023
22.13153
24.02168
24.28145
10.93602
9.453559
17.04028
19.03198
26.71683
21.81733
17.61509
14.97418
11.09061
16.67702
13.40906
16.88008
18.65029
9.265211
10.09696
7.663203
7.759474
11.0414
9.984158
8.613062
6.946155
10.72383
9.756228
16.2756
15.33258
19.64245
23.05105
13.66982
16.30329
19.35816
34.79222
25.5707
20.37912
18.02125
13.41225
14.35121
15.91777
11.92359
16.13232
21.84363
17.90785
12.77256
14.53461
20.29158
17.61176
14.42962
13.74345
23.30679
21.66552
14.16496
15.74871
26.72205
35.3807
31.80551
35.23752
20.63853
17.23919
16.25978
13.41858
13.06321
18.83029
15.30946
16.34161
18.22808
18.68905
21.62644
15.57385
18.86165
24.31586
16.54087
16.32259
16.46069
25.15095
32.79922
16.80548
11.77615
15.97051
19.57685
17.52019
15.98609
11.71731
9.537274
9.556158
7.241609
10.51166
10.1222
11.61368
19.70848
12.61397
17.27364
16.85251
13.49028
16.72402
18.97802
18.33542
16.19067
15.81564
23.64944
32.64537
16.32777
28.31568
39.91568
28.28263
35.82517
47.99561
60.56159
39.55101
30.02845
17.0781
20.20629
17.6925
9.744012
13.25134
12.70939
15.70033
12.9545
14.31239
20.66743
12.3588
11.41265
12.59059
17.36012
17.4573
19.582
17.93515
29.23309
25.1373
21.59956
35.89153
15.54233
22.76959
25.62713
30.05246
11.92335
11.0199
22.45039
15.92679
12.37437
14.17856
15.9307
23.07381
11.09792
14.79804
24.37316
30.11269
25.75033
14.13069
20.98359
13.08811
11.24628
8.258885
7.530116
11.25272
14.9749
24.80349
23.8361
23.30084
11.24026
10.94407
13.49299
15.33332
12.09756
12.70625
26.43017
19.89874
25.27961
22.09944
16.48743
22.73181
14.67496
19.02363
17.21464
34.7069
20.5418
13.13621
17.23287
15.10115
13.21167
14.21271
11.98254
14.81365
17.16983
19.09308
18.79898
21.67595
16.19105
18.40805
12.51689
6.240404
11.64624
17.39471
16.65481
19.12179
26.06729
22.19348
13.98318
15.52437
21.32226
14.66772
14.07515
22.40694
19.35911
16.37735
10.01126
6.312125
7.315774
13.29984
19.14332
10.60616
23.47169
18.95884
31.0139
22.44041
18.08306
27.13073
21.75938
19.48456
16.02038
18.47883
19.4137
12.41715
16.32653
18.51818
26.13817
19.24023
13.97028
11.24894
11.25774
24.74789
28.61084
10.19206
11.09422
7.11189
13.04944
13.68863
14.93922
13.34833
13.94303
9.14987
11.09221
16.67321
15.93606
21.25916
33.87086
21.70148
29.62413
20.44632
32.39174
13.51001
9.264542
9.610064
11.01294
15.71912
14.2622
17.0622
16.73058
16.96965
13.71678
12.44862
13.52159
12.38653
17.40679
15.99474
25.62616
18.41721
9.628086
15.24153
20.47333
20.64494
21.57438
9.383685
7.105532
10.30357
9.622595
12.08152
9.696141
10.55472
11.96317
10.88964
13.20116
23.35566
31.11315
22.9178
24.6054
25.89218
15.48497
10.37235
11.54302
16.94531
13.10438
14.13591
18.97775
12.15348
10.01868
7.135172
8.932473
10.93925
5.631646
10.41688
11.3994
15.78682
26.60013
26.01322
14.12548
12.08169
11.44121
12.95224
9.760862
10.69712
12.78237
17.1367
20.85003
25.50546
34.64917
20.64013
27.43584
20.1615
12.68172
15.10358
20.13584
16.13623
4.836923
9.804592
11.41424
22.62298
20.91836
31.33916
30.99775
19.84906
35.96039
22.16258
14.43531
15.99826
9.314851
11.09743
12.86802
10.39431
14.44528
18.13994
12.341
14.91307
9.357388
10.19577
16.76713
15.57674
18.53389
