959.5752
611.5088
551.7773
801.5096
828.4966
978.093
566.9123
1069.537
839.4916
807.9052
1375.914
1047.686
1219.928
1634.317
788.4506
1237.122
1039.307
2050.23
805.5721
1018.018
597.2409
653.6799
659.967
547.5961
506.118
371.0143
693.9097
585.2478
737.6256
805.7535
368.1802
1110.458
1487.426
1059.865
743.57
569.0038
559.5539
1255.133
1949.045
830.2271
884.6864
678.9162
806.5868
2318.636
2704.56
1200.356
1550.518
438.3958
1051.832
386.0916
986.1992
1275.252
528.6602
501.7115
3990.961
811.6358
953.6683
1137.378
1894.242
678.7444
992.2615
887.91
1523.559
1115.374
1380.858
2223.12
719.5167
2169.559
962.8274
847.105
852.2662
1254.837
799.8725
1067.077
1167.861
1195.57
1337.582
767.985
1178.68
748.3367
2531.171
1092.528
808.6573
558.5492
1830.491
588.4548
1363.559
1643.762
783.3951
660.0641
959.7862
769.1728
612.3892
4050.654
1671.69
1578.565
795.7302
2601.328
1627.632
1443.444
430.0817
788.3733
1181.111
3174.039
4262.24
2484.689
1331.9
1441.783
995.1588
1443.557
1647.921
1941.058
1837.93
1816.221
2027.387
2137.532
803.3883
717.9614
2215.642
2629.896
1559.231
1538.666
1605.938
2315.152
1647.795
1082.868
840.4709
1003.581
1490.053
1525.881
2374.857
811.3474
3120.126
2879.471
1619.318
682.0836
2092.562
1053.832
1644.373
3074.188
2146.602
1502.734
2169.018
832.3693
2525.792
1509.062
4840.242
1782.047
1493.953
1064.106
2839.944
1666.611
5718.279
2046.643
2135.955
1030.107
2030.733
1033.195
1636.288
1206.029
1554.388
4800.227
2416.368
1739.516
2610.588
3464.405
1918.75
2388.26
1201.543
1640.043
1864.772
1396.834
1818.335
1877.452
1676.937
5278.412
3938.933
1527.963
1200.173
1106.388
1509.945
1451.705
1847.549
2155.257
935.8973
1909.124
1803.398
1864.693
1297.389
1382.922
1444.567
2182.018
1694.778
3554.542
1629.968
1230.731
2426.431
1190.704
1540.081
1530.466
1162.545
3805.003
3780.727
1752.769
1828.915
1369.169
1718.454
2850.957
1669.554
2176.064
699.0434
1884.24
711.5422
938.7008
2461.727
1282.828
3218.367
3280.899
948.0068
1325.658
4188.75
935.4931
1562.83
959.9848
1536.001
3401.546
1565.746
2645.818
2881.252
2437.197
2229.226
4276.289
911.0264
1295.265
2428.804
1235.919
1225.681
1121.825
2230.154
3798.335
2091.972
1855.709
1523.216
2107.484
2649.121
1849.352
2745.62
1968.419
3593.889
1620.141
1596.851
1467.932
1547.34
775.2753
1782.077
6876.081
3041.647
2405.762
1941.606
3047.091
2032.274
2307.652
3036.717
5181.196
1772.383
2688.169
3661.334
2134.559
1301.438
3011.267
5102.415
1134.729
1542.831
1375.587
1655.064
1585.422
1284.368
1067.341
1094.397
839.6852
1283.367
2211.893
3380.835
2526.724
2422.849
1112.526
1042.071
1518.287
1758.329
1457.359
1419.777
2002.288
3115.708
1284.594
590.1298
944.6573
2854.434
3826.005
2384.806
797.1535
621.547
962.4767
833.7474
1732.062
1103.031
503.8985
1141.744
891.7028
1154.985
1366.861
1019.998
2176.344
1032.706
1436.569
2211.539
2252.719
2540.121
880.5308
1013.035
2170.789
1175.406
772.9015
1238.252
1387.672
833.3984
1320.786
4556.842
978.7155
729.8771
1916.168
901.6775
3390.515
671.096
1318.517
1975.473
590.1747
986.8399
1173.987
1596.985
1327.742
1824.264
1778.46
1102.523
1372.724
1288.393
1261.006
1149.707
1753.422
1421.016
1306.183
3619.769
1185.713
2582.843
3890.541
1273.947
1392.55
447.8232
1230.826
2454.685
1711.547
398.5777
731.7479
2070.162
2668.706
1495.761
1719.665
1368.087
1697.845
1450.84
2403.504
1502.091
1519.889
3168.94
1705.773
862.2711
1509.181
1348.777
783.9982
679.5602
1467.342
2114.402
5503.438
2447.664
1490.836
1516.328
1131.768
1234.352
791.7055
1036.151
1485.283
1755.846
2644.325
1893.618
1411.973
1314.127
1679.66
2079.414
3576.571
1117.027
3519.132
1192.574
487.8658
2042.365
2116.105
3721.905
1298.757
1892.629
1077.446
1141.542
878.7757
1881.94
2730.649
641.7955
2927.248
1315.004
841.5817
1665.976
2273.661
2255.101
2727.768
936.9433
2886.861
4366.185
1001.311
1865.064
1119.945
2172.806
1174.583
1044.527
812.3855
1058.319
3273.961
2112.148
1120.94
1156.558
2391.11
3784.869
4276.098
1192.968
2005.536
2339.304
2294.063
1166.53
909.9875
1436.963
3439.094
2443.666
1198.28
1126.264
2978.457
1851.55
2263.329
4485.435
9021.658
5283.381
1513.717
1940.549
1769.558
1486.864
1441.182
1071.981
2242.698
1310.444
2232.039
1248.022
1326.843
1104.39
1620.82
1001.9
1861.985
3907.738
2150.997
3204.887
2380.956
2429.282
1863.407
1362.202
1266.288
6505.966
1230.192
1521.609
2729.543
1512.157
777.1794
2235.56
1499.73
1049.457
1066.509
2194.653
1376.612
997.6267
2332.144
2396.178
4047.419
2751.001
1733.245
939.7925
2885.61
2075.325
1652.733
