36.68358
23.44326
24.363
19.3364
22.16387
20.2859
24.42868
18.36823
21.52264
19.47943
20.14927
17.98188
18.40358
15.48932
19.15077
18.27318
20.60904
17.36827
15.84798
17.73517
19.08956
23.76729
20.50954
20.27594
17.61877
18.93288
19.24247
22.80398
19.13412
20.2569
24.0555
16.81168
17.72057
20.55245
21.94817
17.2286
18.92937
18.30793
20.89619
19.46921
22.51
21.56907
17.92111
18.43541
19.52579
17.79003
18.12296
19.79777
19.79155
19.75095
16.29039
19.34346
19.41371
18.28167
19.93205
20.43131
16.7885
16.17381
17.05139
21.08765
17.48102
18.54761
22.04426
21.67586
19.4658
18.95477
23.7505
23.35686
22.76359
24.08978
24.48853
22.1532
19.31319
25.04535
19.80114
16.15994
15.9969
18.4833
22.22188
23.98344
19.70395
17.33952
19.9515
23.32287
20.74981
15.65219
17.71774
17.18969
23.16662
25.04582
23.61478
27.51133
20.33707
18.14048
24.79029
21.37686
20.92132
21.96813
22.32597
20.24209
19.16604
20.40093
23.12045
24.62082
19.86429
20.15727
17.42306
19.80917
21.94852
19.3651
18.52999
18.8424
14.80898
14.40258
20.15881
20.38915
23.14722
25.32477
22.30671
21.51815
22.43942
23.56963
20.05587
20.25367
24.35138
27.12414
23.91151
26.18108
24.36333
24.09512
21.52996
24.36299
26.02699
20.01191
20.76701
17.25428
18.24391
22.50988
23.39662
19.21637
18.36444
21.86161
22.07475
23.7443
18.96131
22.38464
29.46385
27.26185
22.30778
17.0165
16.27295
16.71841
24.06214
24.96438
19.12701
19.23623
20.58754
19.01899
19.86355
17.98193
15.52005
21.37709
22.52625
24.41754
22.50097
20.03141
19.88614
19.60829
18.65571
23.73569
19.45833
22.21364
17.82223
18.08956
16.95278
19.87131
20.13911
23.03243
20.76725
25.37341
22.54767
20.87108
18.3141
23.81943
16.83243
24.21492
24.69556
19.71043
23.91871
22.76646
21.29165
15.97669
18.13853
19.53856
14.11923
21.46819
20.15754
19.3119
23.48361
18.3007
17.97332
21.04361
22.9614
19.28989
19.12835
21.44177
20.88323
20.61868
19.05211
25.25646
27.30054
25.09286
23.41532
24.46214
27.7168
23.8576
22.62379
21.96247
18.00943
20.19076
24.16212
15.63334
29.54845
19.0115
21.23034
22.6132
23.80399
16.76692
16.44295
18.70402
20.75372
22.32716
21.86852
22.5456
19.5669
18.14827
19.20424
22.76955
28.42465
24.22845
23.48971
18.53264
17.15414
23.76203
17.07897
19.85518
19.91186
19.46543
25.45493
19.53835
19.53565
17.32455
20.23687
21.08715
22.40943
19.06652
18.8644
19.71306
25.08002
22.30264
24.48103
21.34837
21.12391
17.76786
22.48402
26.87137
19.95671
21.30775
20.34868
24.08332
22.24271
21.69289
22.96295
21.49244
20.20107
20.49962
20.01813
21.97613
28.07658
23.25633
19.59892
18.45593
17.97687
18.70883
19.9824
22.16405
17.38683
18.67159
20.94181
22.53269
19.75166
24.5079
23.42662
22.36925
21.7162
27.68148
24.48336
20.83346
21.10545
24.93539
19.82855
17.82386
16.2183
17.83756
19.25985
18.93425
21.56247
17.93486
17.7116
21.28312
17.96658
25.95498
22.48348
22.90823
23.31683
20.26248
20.02028
22.05123
16.76739
17.09492
20.65111
26.1096
18.66988
21.38309
20.34939
20.77266
16.19309
20.13715
21.378
20.19869
17.19119
18.01115
18.73164
20.50348
21.81564
18.61333
18.5648
21.23976
24.3297
18.86178
23.18995
21.85964
22.22256
19.10057
20.37904
19.03493
21.09805
17.85766
22.22802
26.4997
20.58494
18.77896
17.71989
18.47734
22.47406
20.4293
17.4995
23.33115
20.84775
25.71199
21.88177
21.84774
26.59903
24.07976
19.91328
20.78944
23.4753
18.60647
19.30288
20.05726
24.28747
17.08656
17.25692
20.3797
19.41966
19.72088
20.44363
22.32452
24.16764
23.17479
19.39662
22.96767
18.82723
19.2672
21.76893
18.42186
17.29012
19.33951
23.63123
27.12255
20.21753
17.15906
17.83782
19.77601
24.88088
20.83048
22.20514
21.64459
20.71896
18.45365
19.3455
23.2999
20.59559
21.90137
21.02548
25.53753
23.26853
24.20441
27.45286
24.01433
21.54457
23.7343
21.10895
22.63464
21.51611
21.62714
17.89317
16.76608
19.47544
19.68253
24.19305
22.27547
23.44456
23.72534
21.8427
20.25356
17.9608
18.39034
20.58711
24.06227
22.02766
20.37816
20.187
26.73203
22.67038
23.79746
18.6851
24.47955
22.99787
16.89175
23.36176
15.33684
15.04527
19.0692
19.91989
23.42236
18.1549
20.29573
17.54479
19.20463
20.07576
19.50255
21.72539
21.40244
24.25888
20.43502
18.68663
20.02172
26.08347
19.54858
21.0814
22.45777
18.32507
28.17617
21.45481
20.54509
24.34428
19.85586
27.09564
24.42126
19.11523
22.28217
21.6897
20.7548
22.38692
20.56801
24.07452
19.18214
25.32652
21.41361
21.88894
22.25255
23.05169
20.78036
23.51425
25.85177
18.65385
21.0708
18.56878
20.94813
23.89602
19.35845
21.61024
23.27208
21.91278
19.95623
22.57506
20.51688
22.19639
19.76303
