132.1194
189.9181
181.9271
156.9327
184.16
231.8404
182.0409
181.8204
185.9491
181.4519
192.6576
199.9077
164.7076
167.8569
197.3902
165.5552
204.6751
199.6799
204.0749
186.418
153.992
151.3584
155.9738
164.3626
188.8208
177.2838
164.6829
166.6831
141.7297
176.3074
179.1127
164.4941
185.8944
179.081
170.5538
138.6205
188.5214
184.0108
195.5595
173.2399
197.8848
182.483
149.7931
188.4849
153.8707
163.6076
209.0459
195.4031
177.0859
169.4906
179.4193
184.0675
180.7567
176.017
178.2941
150.1115
166.2098
189.6189
229.3518
167.0735
150.742
139.0084
176.16
182.4897
187.6701
181.0922
172.9636
214.4118
152.7816
149.6612
172.4082
168.2012
157.3113
174.8497
187.1348
168.9135
176.1054
192.0901
147.753
138.8169
176.8364
176.8447
171.6575
171.2492
169.7738
174.0071
174.9726
178.8568
160.6999
154.1512
156.4952
152.7998
173.3143
148.6561
163.9737
147.8215
151.1704
187.2465
152.9932
178.7151
188.0368
199.0706
179.4222
174.2365
189.6113
186.4141
196.0205
181.3661
217.3201
176.4689
154.3913
179.1356
164.0022
171.7541
208.0067
182.252
166.5718
179.3719
174.2158
178.369
192.6404
185.7283
155.6209
154.3117
167.5787
159.0142
168.6446
181.8012
146.2823
176.5276
164.3169
174.6705
187.1259
147.9463
168.781
172.6281
143.6339
148.2375
168.5489
172.8221
190.5869
177.3875
205.1706
166.283
218.7495
167.9931
148.6429
174.0517
203.7185
177.4693
205.4987
190.577
163.773
159.8207
168.8499
135.9971
147.8743
141.0881
180.9688
180.5141
179.0287
194.8667
152.567
176.897
163.9313
174.4986
162.3607
165.983
168.5536
152.0807
177.3643
175.3522
160.1902
166.7186
156.8769
182.2298
148.3769
151.7755
151.5142
179.814
219.5173
177.7107
178.445
153.1366
168.9481
166.9745
161.0512
160.506
168.8015
183.9582
173.2917
144.4032
173.2343
149.6089
171.2538
150.2162
177.1597
180.5416
170.6418
166.7248
162.9178
156.4986
154.1043
146.2499
185.7004
175.1898
172.8788
173.065
175.836
160.4225
169.5112
166.966
173.4088
158.4012
151.4739
161.4019
152.7253
145.1425
202.8853
167.7229
197.0217
191.515
194.0778
169.0375
148.5682
157.1403
171.4102
162.014
161.936
174.3444
175.0432
198.7122
174.992
164.6424
164.6841
149.6987
137.8774
211.7091
169.5336
165.9401
189.6082
182.8173
187.0062
164.1706
169.542
142.8249
166.92
164.9809
165.4495
189.2571
162.426
138.5738
172.9202
210.2958
150.8573
153.9373
152.1756
177.6568
169.9095
159.6456
196.6911
172.8817
166.1949
180.0529
171.2098
160.3042
184.675
144.5603
157.3169
172.6178
163.2357
158.6761
161.8964
165.0744
202.8436
163.5461
145.4115
173.4463
137.4537
177.9612
174.5446
162.5937
169.0723
159.5929
156.2118
135.632
152.2574
163.347
202.9764
183.8109
223.1128
170.14
185.9982
204.2061
161.2658
170.8915
204.2266
194.4262
205.8997
174.7789
155.833
173.192
174.368
189.8104
146.4872
170.2334
160.2672
157.0675
160.8457
154.6358
154.635
186.3621
177.7874
200.1491
179.3453
180.5768
168.6349
157.6274
158.4927
175.0417
170.9068
178.032
159.3967
183.3146
169.9055
173.8333
183.2252
161.1828
158.15
184.3872
196.4955
157.1714
208.1549
193.6885
159.7513
183.0095
157.6737
165.2446
180.372
191.6326
165.8008
193.0534
213.5645
190.9879
145.4607
198.1882
169.2473
199.2536
172.727
179.6404
159.2843
197.4184
155.5165
146.4132
170.0199
188.5425
154.3015
163.9357
171.9023
173.1345
172.3177
177.0216
138.3383
156.9723
176.3825
176.3819
167.0053
168.879
175.8752
153.6916
148.0394
141.5265
173.3253
146.1103
177.9123
140.9681
170.694
171.2079
137.6379
182.6382
178.9124
167.7952
178.0029
210.8878
161.4543
188.4349
147.4302
184.7075
166.3373
190.8863
170.8382
209.1701
136.8865
160.7518
150.1391
148.1845
187.4628
167.1388
139.7932
159.5538
136.8233
170.0409
182.4102
176.3821
169.2103
189.8315
144.4279
153.8614
178.411
148.8134
167.8064
156.4883
147.7482
196.2273
181.1684
174.3377
149.6893
160.7104
170.2538
153.6276
178.9152
163.2344
144.9014
154.6083
189.7221
177.4349
200.2521
176.6281
145.5573
145.66
162.1973
177.9428
146.3338
178.7448
149.1433
137.1841
175.9097
176.2736
199.332
168.4831
140.0084
174.0041
162.0418
222.4708
187.0541
182.0348
182.6411
141.555
175.0127
163.4929
160.7055
190.0076
169.5884
173.047
167.1697
197.8508
200.3613
152.2406
159.6064
161.2792
154.6077
163.0555
152.5722
143.788
149.3697
222.381
173.453
179.7121
185.8923
187.0208
169.7993
200.3652
153.1197
183.9899
158.8173
151.6957
168.7238
181.5418
166.4338
156.9248
197.1933
195.3126
140.5587
176.871
174.1444
159.3721
200.4162
199.6711
202.1721
169.8459
149.1985
195.8308
176.5809
209.396
180.8209
180.8557
150.3248
167.6745
184.0043
176.7614
