0.106395
0.2145167
0.1830463
0.1606826
0.1944681
0.2922292
0.1241974
0.6694137
0.184195
0.1579118
0.1518711
0.3899853
0.06659951
0.2473255
0.07502807
0.175662
0.2354482
0.2676198
0.109135
0.0886954
0.6175036
0.8550618
0.2381996
0.182843
1.734236
0.4596108
0.1084757
1.484858
0.1959853
0.18091
0.1408817
0.1679172
0.2157151
0.1330043
0.5828368
0.7867518
0.8365146
0.1990809
0.1904799
0.1753304
0.5584252
0.1715552
0.9579032
0.1486834
0.2266549
0.1423204
0.2356614
0.1289328
0.1909622
0.07281116
0.1338278
0.1542174
0.8832947
0.3502626
0.6851262
0.2172605
0.3779216
0.2227323
0.2845266
0.3116044
0.1906098
1.419928
0.1297444
0.2583917
0.3321405
0.2350334
0.5456928
0.2230034
0.1385399
0.4278339
0.1308472
0.1491875
0.3977439
0.4032222
0.08614173
0.2284828
0.2018801
0.2263987
0.5474982
0.2648381
0.3180721
0.1261206
0.2898129
0.17461
0.1912406
0.09916233
0.3192341
0.111216
0.3308577
0.3870189
0.7966422
1.311285
4.12769
2.161257
0.3693172
0.1440673
0.2403737
0.1757517
0.4180977
0.202697
0.141034
0.2348687
0.6263322
0.8405998
0.9786697
0.3756931
0.2424347
0.1896749
0.2404369
0.2206406
0.7260799
5.734856
0.4236446
0.09274456
0.2524818
0.4163127
0.6086126
0.5689777
0.2634859
0.2289786
0.1742298
0.4609596
0.2189245
0.5972532
0.3282485
0.1701635
0.6332782
0.1360507
0.2426566
0.2438161
0.37395
0.2176094
0.8854964
2.211046
0.3028248
0.3828005
0.135239
0.1005624
0.3305332
0.5105201
0.06378294
0.1841112
0.1131671
0.4366219
0.1247338
1.079853
0.1619769
0.07107953
0.1859578
0.4153531
0.1806155
0.225575
0.1850662
0.150644
0.3574989
0.1919203
0.156042
0.1877685
0.07020403
0.7854296
0.7581363
0.1949836
0.3397606
0.3037559
0.1261588
0.2536133
0.6179747
0.368632
0.2298525
0.1906825
0.3872912
0.371241
0.216942
0.3172529
0.3860328
0.8919967
0.2085591
0.5226804
0.08334396
0.2625518
0.3554803
0.2134796
0.08702908
0.1159729
0.5469051
0.1874742
0.745099
0.1934301
0.2629097
0.3501457
0.4491926
0.276317
0.1847724
0.3969482
0.09242508
0.08145352
0.4895379
0.1527532
0.1201411
0.240769
0.1833822
0.1726662
0.5163599
0.1751262
0.3035702
0.3181367
0.211376
0.09747486
0.1812028
0.4051012
0.3395012
0.1103638
0.32052
0.4405532
0.147127
0.2027351
0.2590268
0.08692348
0.1845437
0.285332
0.1182042
0.1817368
0.6499966
0.4754383
0.1299987
0.347162
0.2415018
0.218953
0.1553252
0.1218569
0.7675292
0.13143
0.2751474
0.1715148
0.2942429
0.4980304
0.1286411
1.463655
0.2352597
0.2820567
0.3527659
0.1466854
0.3339678
0.2393923
0.3764565
0.2732433
0.1730995
0.1027072
0.431385
0.3395775
0.3459568
0.2150973
0.1859352
0.1509164
0.8632479
0.1824833
0.2859214
0.1098077
0.1741488
0.08411237
0.5347314
0.2140535
0.7179224
0.2420467
0.6447945
0.2952079
0.8192896
0.1363412
0.263656
0.4625402
0.1614147
0.06180882
0.5649819
0.5815317
0.4255444
0.2740513
1.029811
0.5179095
0.3076899
0.2556652
0.1196171
0.2100644
0.1652499
0.2744151
0.1462704
0.2107977
0.1182169
0.7942169
0.3477043
0.2352392
0.2096742
0.1706318
0.330298
0.2173846
0.5516428
0.1892608
0.1974505
0.2012316
0.1647703
0.1633847
0.1603927
0.2517622
0.5534458
0.1630487
0.1815484
0.5364442
0.2880894
0.2994461
1.202643
0.6063753
0.4557377
0.1839457
0.1541601
0.4506553
0.5013422
0.1825334
0.2836164
0.08642717
0.1761218
0.0780529
0.1415776
0.08206934
0.3226908
0.4445359
0.2510216
0.2530362
0.1315799
0.2676967
0.1173961
0.4373967
0.3780587
0.3014994
0.4484526
0.05416749
0.3424549
0.1914015
0.6299937
0.2480311
0.2442739
0.3442313
0.465908
0.8455443
2.136592
0.8969479
0.322058
0.3843087
0.116502
0.09023195
0.2645495
0.182669
0.5809008
0.4588143
0.1016428
0.3137283
0.2416605
0.2437446
0.4412879
0.2299574
0.07033759
0.3880498
0.2184517
0.3861822
0.3321197
0.1939104
0.2750678
0.7415912
0.1490231
0.2707058
0.1270753
0.1828071
0.2263217
0.1974113
0.1269624
0.1114012
0.2070812
0.1253113
0.4526845
0.3582258
0.1336348
0.4679444
0.3602487
0.3024752
0.2418548
0.6928341
0.230394
0.2168614
0.1529675
0.3435461
0.1795648
0.2242972
0.3288957
0.9362599
0.3053479
0.2494848
0.07899634
0.09543304
0.1578118
0.09888938
0.1482712
0.1174734
0.1881962
0.2707493
0.4569129
0.6599576
0.2898012
0.4039374
0.4317532
0.1686215
0.1293298
0.414686
0.2056218
0.1367453
3.252813
0.2484768
0.2036688
0.2521197
0.2389009
0.2040808
0.3833275
0.435746
0.4952465
0.19761
0.1731353
0.4726843
7.648405
1.374761
3.529846
0.2075284
0.09648092
0.1446007
0.1689259
0.1279096
0.1258653
0.1841147
0.1119002
0.09972551
0.6516947
0.1678655
0.2162474
0.4691967
0.2800026
0.390866
0.122309
0.5140484
0.2217564
0.2886688
1.433238
0.1883116
0.6171819
1.523684
0.7399828
0.3693762
0.1369893
0.5587285
0.09415176
0.1913367
0.7597339
0.1430637
0.2626651
1.015595
0.5133313
0.4719324
0.6923924
0.7867044
0.2057626
0.2781107
0.1232153
0.2807101
0.2999158
1.184788
0.3152582
0.4973009
0.4662325
0.1057583
0.09980653
0.5051409
0.1876617
0.2878695
0.2529533
0.3231014
0.1237701
0.1208264
0.2744774
0.6288922
0.1667162
0.2751474
0.1490914
0.2823237
0.5079932
0.4015248
1.343185
0.6735443
0.2319967
0.2336053
0.1805356
0.1737694
0.1382465
0.1124685
0.1296423
0.1361681
