318.6786
312.1399
379.3486
337.2583
251.7395
208.9802
203.4167
245.8442
263.6614
389.8092
318.7437
386.5664
371.8437
382.3675
364.6674
331.3008
496.1715
609.0912
683.2419
767.8643
869.958
888.2153
1014.72
970.1932
974.8696
939.4785
772.0434
727.9419
795.0677
777.8745
721.3362
426.6004
778.2191
853.4329
936.0569
866.2032
897.336
878.6224
1022.378
1306.44
1924.661
1984.922
2176.165
2003.037
1924.049
2583.974
4581.471
4424.315
5722.032
7264.837
10173.93
19493.92
33060.29
50393.2
98924.48
225960.9
370627.4
717420
1192063
2153971
3034385
4443843
7932324
13616808
27820824
68390302
102837323
131917759
165997219
159886872
155674184
140410322
129891760
130820542
117547996
150101730
144118414
161061819
126130400
122496499
144444947
112278261
153956521
125376996
113669611
125625954
136024181
151750149
133091452
137153690
166936146
161134354
157720773
157257356
150408670
137966334
116520618
133127050
138808423
147446120
121806703
141838790
139046928
142759027
134202267
166345709
133362506
128898173
143940919
140515293
118347150
121268650
178683318
131183045
143829609
141692663
125627258
136640254
161801062
135625557
130323576
124931465
144641683
109026297
117936853
138125244
132906648
137807060
133630612
108052035
145083029
123041502
131108831
160391072
126758786
138103254
142564072
160703261
108647078
114153832
116733328
147900006
137881312
143330368
142847384
127420679
148814137
129428729
136983815
130731051
146766203
145195497
116554511
125376063
117284313
146994659
131655673
145778623
145375403
159560952
118317917
130241378
159429391
122659691
132657734
157438538
121812506
143192838
146291739
149878990
147026827
132550650
132033628
130261450
136496271
131654274
152506112
131069067
135339399
133758934
142681287
137730511
155134398
136115560
141347146
127799865
154226521
143768911
109608680
136534750
113216798
129538648
134725128
142738438
143646779
125020157
147517001
124040613
123831152
118016943
133267137
122978763
120070074
133034420
136975468
159580298
139781199
119751379
140829716
118124003
139110038
124020313
155414333
148958680
130201988
140975268
141771225
134484215
125433074
121057956
131718004
144771288
108962787
132526443
142381769
125840321
135096810
117615237
145169786
165653339
154477164
134215806
135012663
130474205
137559022
122050287
153277146
122722365
119022763
127928380
136548870
132021016
137358505
143993193
125522632
115547823
129107357
103423752
154212002
147016379
117061925
121438609
132218464
147326654
148559518
124570300
120712220
142147413
146054305
130397071
139772905
140378066
129550109
122717967
143627646
148324029
150558951
171402868
127510060
138793127
139385309
148402173
126994007
122860835
153142462
150682736
121017952
140670531
150185724
144196841
127125241
126664531
142882634
146728947
127449121
154249803
148852353
134381064
141376471
139373803
159176922
150583648
139920161
133905283
115621745
115106732
144634136
165770071
152007406
146750995
134907553
129822047
142727742
154161225
131095405
165996890
130237715
128562803
125588933
127213714
120923029
117263709
131840767
142917597
124619964
124494944
144551653
100311884
119814701
132785948
137403303
134353012
133309284
140774203
139448857
131597455
136817283
126569431
149025502
137481541
153109592
118731104
119784634
122026655
167633381
153909688
132887986
131423707
142888235
157856469
134996891
127999472
135782348
147702084
141008098
128162740
153489391
123471028
129627611
156072984
162476431
158145662
122921507
151889341
136528800
135035335
111511884
143853504
142478088
136905584
121014704
140494020
156037959
123856821
132723543
129216389
136560369
116168608
137130403
123905918
139218075
138862748
122617782
142162355
125633360
114746383
129278974
147485705
150039739
161981066
123205368
126645094
131719621
134357989
135432542
138205691
136029781
129193740
139306480
147072279
138732075
125719322
142238280
132674311
127513389
131430913
122848660
129607567
120931999
141099072
143765740
147542935
130721632
134516694
132191023
129428463
143624145
122273683
130759688
127450585
142299342
149266137
125676349
128508918
145836195
136545499
156336738
122257332
119120813
151638515
131922157
121925682
134047315
132542790
117579633
139037093
145430324
149892184
134673750
128194813
105263573
119310895
134293140
174463454
148137133
152318218
132468260
121881826
135627833
145597343
149628277
164027100
152321444
142318426
128569884
123776124
132519701
131046540
153226107
123074061
114976794
146670510
144156380
114005221
124280952
140936453
137065689
157927675
115082018
154450332
123036618
123600174
147889771
156615270
149302011
122888443
129107249
139093139
142996113
123455111
149257258
135508591
140850653
121069360
151427895
149242979
113526147
127059195
139521728
158665950
138846253
133569195
133444833
137348194
174176904
123341292
106529053
149654236
134780741
131181601
128861295
136649490
131299882
123343905
137141497
164084627
143927365
129326675
118371011
130211657
