93.262
102.5853
139.9256
129.0666
161.0036
164.1017
221.6294
171.709
117.3337
110.2737
100.9182
263.616
269.2055
270.4042
220.1688
191.2445
214.01
136.613
114.5864
147.6885
187.9663
133.7142
83.5583
83.68281
112.5669
102.9663
118.2909
112.0321
157.0997
194.1274
276.9121
315.3509
187.0077
120.1378
126.1162
112.2768
117.4449
185.1617
241.1425
140.4021
165.7874
154.0513
199.1011
286.8493
298.514
567.1816
396.7462
349.9623
339.7954
285.693
118.4764
95.73693
195.9374
236.7006
348.7776
174.839
216.5022
189.5081
137.8295
163.8744
140.0654
77.91252
96.86394
141.9164
203.3002
137.3363
127.5846
258.298
221.6455
261.5491
148.7847
168.0734
195.7115
150.385
65.37071
105.0913
116.7346
110.7059
63.93345
136.7381
182.2328
144.4705
222.6849
187.693
191.6354
215.0752
187.4289
206.1907
149.2923
190.1821
151.926
164.0188
131.7013
144.0124
126.2711
118.6172
107.886
142.0986
83.54159
212.5826
260.2821
170.4905
193.2938
91.55469
87.3551
105.7159
67.51031
71.71284
95.64107
110.643
183.2036
111.7217
136.4049
125.587
127.7801
141.9829
207.8467
184.9781
195.5533
147.5608
306.3742
444.5874
339.3528
195.0428
172.475
211.8563
309.7189
210.1886
186.8486
194.5232
128.699
103.2462
161.3978
229.2602
337.5776
211.9265
123.655
154.8247
161.6547
179.397
186.8419
162.2249
191.6677
271.5548
325.9853
211.9905
200.1519
171.5061
161.176
141.6201
251.7518
242.4367
251.2117
196.2349
348.6327
262.1347
373.0914
274.3198
215.6577
238.0001
274.98
160.7057
273.4911
241.3
473.8821
381.3517
364.4879
330.4369
212.1859
145.1584
109.4653
131.7757
184.0916
205.5945
223.395
326.8386
256.2154
135.2731
122.885
200.8345
130.0068
121.2557
186.5627
239.9173
288.4154
313.5495
253.2718
229.7689
224.2787
108.6792
119.3902
166.2485
165.9196
195.5832
141.1634
120.7955
150.1805
171.9361
193.1175
164.0618
91.50227
149.6102
237.4556
196.4323
254.5227
161.0332
150.1033
199.3444
162.8762
298.5401
263.3295
147.5391
107.4517
123.7987
212.7125
203.0499
171.6373
209.6178
189.5663
60.44238
100.6332
88.82795
105.1826
98.01292
93.84485
126.8796
85.68572
202.4533
270.5792
462.3161
457.1725
353.7357
210.5295
196.2323
350.9291
217.7117
140.6147
151.2895
201.9641
248.2514
146.13
165.8942
269.7802
253.085
210.5165
132.1717
114.1458
118.783
101.2135
67.90386
93.58121
131.9789
157.3594
179.6304
130.9779
97.09906
133.5724
164.117
206.9003
335.023
288.6917
332.4604
351.0566
350.4817
346.304
137.7295
302.3865
393.0996
278.5024
200.8107
239.1391
149.2684
115.9492
156.0083
168.4086
146.2459
191.4379
165.9943
199.8328
230.0696
147.8923
104.1459
84.00403
52.59816
88.64015
96.15995
230.1193
257.1658
366.2051
206.7918
146.6297
103.9157
108.0586
35.01226
69.80373
105.4166
70.01693
46.64919
53.38605
87.50137
259.0593
264.8823
257.8911
388.5636
308.7627
359.9411
429.0004
289.3378
229.6266
185.1583
131.736
136.7895
109.9145
94.21846
122.1994
132.8189
136.4456
170.4472
168.3116
159.8353
108.8313
103.8026
114.3245
225.9563
244.1002
122.5763
80.1048
164.2045
97.48197
202.4203
213.1258
301.7607
165.2987
246.8458
153.7945
157.9436
103.5786
138.2425
175.8228
283.8765
222.213
210.806
283.9593
254.6705
126.6736
101.3883
112.2749
107.0925
161.029
186.2765
201.6019
223.6978
412.2168
495.9781
527.8815
309.2112
443.338
387.919
425.8308
244.8764
121.5399
138.0057
199.8358
132.2154
153.0801
74.24376
92.30266
64.52961
112.3713
119.7862
163.9991
136.9695
172.6918
289.2978
206.2953
92.25284
231.1227
240.2848
169.9644
159.351
147.9179
126.5597
104.0359
138.3086
113.8072
167.7831
91.91505
59.38006
93.5619
69.34192
85.08663
100.9014
149.1556
118.556
166.8228
152.1313
164.1258
181.294
316.5997
120.6643
127.9667
111.3026
136.0266
141.2981
146.5155
161.0703
143.7786
93.68201
104.6474
102.881
143.0795
103.222
102.8387
112.0971
140.1617
161.1711
157.2326
124.1248
229.4839
114.721
102.3479
94.49674
94.64069
76.99057
72.72413
104.6986
114.2398
144.1772
137.8447
239.6406
208.9403
315.8059
275.1602
182.445
130.6289
139.7454
147.4251
257.4561
271.1676
236.3677
283.7859
398.6561
187.6392
186.1595
116.4158
128.6356
149.8121
193.8661
150.0238
134.2614
182.6035
153.5293
150.5051
208.8736
154.012
277.0906
164.1341
93.57599
144.6612
172.0507
189.362
167.7224
272.7214
212.0339
315.0375
183.3941
220.7426
348.2642
283.5904
166.4031
177.8087
156.9121
133.957
324.7836
225.3206
189.6717
126.8133
179.1705
144.5685
148.9729
288.9822
172.2623
137.1065
134.9329
101.7073
245.0643
157.9185
183.3095
154.2504
173.6895
161.4154
188.1399
220.4402
304.2341
253.5523
124.1618
82.39572
79.01436
102.9313
187.3275
