142.9418
131.5546
97.43081
89.24328
67.30393
82.79203
96.84015
88.7801
81.34759
64.44183
72.71112
62.18454
65.81347
56.34792
65.47711
70.71824
58.69858
71.50884
65.99238
75.66408
84.65333
68.75029
53.35567
56.50838
60.27003
56.34131
42.89815
38.70382
47.7271
57.509
57.85835
56.02215
61.45103
55.52779
46.77414
57.02697
72.87502
55.89264
50.98953
47.18625
41.63212
44.14486
46.77344
52.85536
45.23602
42.18567
37.05787
35.5408
53.83633
46.658
53.01586
44.61939
60.84922
51.19291
54.12458
57.16561
69.75026
82.17813
55.04345
52.20357
51.17394
56.58842
70.42935
84.69177
67.34742
58.60105
62.61999
43.05466
47.09258
59.57105
69.06981
54.80371
65.87667
63.8062
74.1463
85.55899
55.0312
62.02431
75.05496
51.77387
52.08627
48.91501
61.43108
68.48232
63.07187
46.35445
52.97706
61.95867
50.6921
55.72672
44.71171
36.69673
43.19833
54.20206
59.89737
56.07263
46.57877
60.64385
64.2043
66.41891
43.56818
40.37571
64.71163
57.53148
46.69349
53.39284
58.62745
47.5168
52.31106
80.03295
54.69025
52.79333
61.48267
38.05706
45.54953
40.90189
31.17314
40.12369
38.90457
38.2023
50.458
46.27333
35.6526
40.48543
44.17836
60.47291
51.60971
44.27113
33.53497
37.34831
52.16773
59.53351
61.36019
62.62311
68.87978
50.13307
69.93781
59.00837
63.16736
56.35399
62.03902
52.28607
58.69394
39.09517
45.58261
54.33619
42.09135
48.83601
48.04522
40.85983
52.28192
57.67116
62.70715
65.33863
54.62895
39.58768
40.82409
43.30912
49.72842
53.99599
56.04373
62.37303
70.51434
67.41783
61.92448
53.86814
69.21129
77.13156
57.55004
40.56438
46.89504
49.05102
61.52295
47.04379
53.24599
58.56988
46.37127
45.83611
51.41503
48.42977
73.10036
80.09527
53.79368
58.99687
47.52017
48.98447
67.22889
48.4971
40.31988
37.86155
45.99584
54.37959
33.40221
34.86261
51.60483
40.19481
41.77925
52.69147
72.04993
61.24038
62.3657
61.35858
47.72276
63.26952
84.88155
101.8737
86.10875
67.47615
82.53811
53.33319
43.74081
54.24045
59.88226
56.27182
100.0169
78.24228
63.61451
59.57082
47.20371
46.1354
50.42832
47.93895
59.84853
53.71305
47.09449
54.73594
59.3748
74.12265
51.29138
47.41541
50.57421
77.96812
50.98696
47.59261
41.05155
34.26734
39.1418
40.86264
44.43012
61.21984
51.54625
45.79267
60.33932
45.53208
48.36268
74.68382
80.31811
81.13029
64.3831
62.31941
57.458
78.57663
98.04267
64.44272
58.56562
53.50198
42.91297
45.45778
40.75561
36.19131
27.69297
21.97751
35.80563
54.10646
45.72067
54.61647
56.82264
39.332
42.98499
56.62968
47.76232
45.8602
47.46702
54.58194
43.35491
36.76049
34.76206
34.58186
30.97207
32.68356
54.83525
56.50193
45.37659
40.27397
43.2785
57.14835
66.14698
45.49607
58.75487
50.9608
58.17466
52.04028
55.81572
65.31507
71.10983
60.53432
69.18749
69.71661
60.43758
52.69362
59.98902
77.38625
54.25262
56.97298
57.82614
54.49052
51.89158
41.40763
40.32277
48.64759
72.86352
57.35187
52.49022
61.6735
67.78684
95.38567
82.71141
85.10626
49.26852
56.61555
37.06242
48.6849
59.64551
60.4033
62.91613
57.02631
60.76542
76.33226
64.24628
74.92794
72.78027
72.88181
46.2529
45.47393
34.4832
36.10645
41.55444
64.55614
74.34685
53.20342
54.92942
64.6471
63.14288
52.37901
76.82371
75.72016
68.53561
59.791
41.60248
50.29565
65.06619
53.09851
46.68698
41.02015
44.80075
44.59899
51.10658
47.99386
45.57454
37.53056
31.26473
33.45099
33.59634
37.53598
45.44638
49.35648
51.7939
50.61887
47.49378
48.08891
56.26661
88.00312
77.98334
96.29235
79.00737
75.46379
75.28339
62.12419
87.66512
103.7936
82.00858
74.19307
52.54891
43.35464
49.68965
42.74123
53.26589
38.31084
37.1933
29.87485
33.18804
29.72789
38.70368
56.86004
63.95938
59.10219
43.52737
46.39406
55.82911
53.00806
59.78909
54.17925
39.33184
50.33343
48.62143
39.66896
38.17558
32.26489
32.62352
47.23441
37.8611
39.82887
41.25006
43.6156
58.01559
62.10164
49.16815
73.82234
64.96862
45.33792
31.34525
40.05668
42.0747
37.72953
44.48123
52.2151
43.21788
36.97657
27.09526
35.6576
39.05972
48.48189
42.11912
46.94697
67.91352
45.41074
40.53031
36.54689
43.5052
43.94524
45.65641
44.20037
51.83915
41.13849
53.74354
65.60318
75.96803
67.59633
49.84735
51.5352
54.52302
52.23796
47.37724
47.33968
54.19077
42.51432
50.46886
68.05855
65.38116
53.74595
46.68879
62.53014
65.14347
82.01306
61.58939
66.8401
75.35345
102.7163
68.12747
87.57417
79.82491
57.06586
63.29271
63.53612
46.9218
61.15406
71.34157
68.93261
56.25123
47.65009
52.0337
48.81408
55.71878
49.49206
54.86805
43.99687
69.85706
55.71643
66.49547
56.23443
61.5614
32.74635
49.83769
53.49254
41.40106
37.83103
60.8472
49.26887
68.14203
48.88926
