72.31059
70.82998
134.303
130.2562
41.53563
253.2067
90.70392
129.5645
114.3267
153.6276
185.7646
129.1953
108.6064
183.9885
69.9547
172.8639
169.7002
341.8873
621.0142
227.4715
377.8649
149.9118
115.3245
252.598
70.34671
97.97595
166.8283
230.7038
123.6938
306.1079
122.836
132.6248
855.4682
737.9206
132.5057
201.0725
194.2624
380.4701
170.316
276.6695
382.9821
139.7385
161.2348
164.1162
167.2742
155.1198
349.5657
142.6945
133.7483
93.59353
133.1532
149.2733
345.9448
134.3183
429.5961
212.7482
148.395
220.9663
72.16054
115.5732
174.0589
172.2766
267.8029
110.8602
280.5308
470.0047
150.4209
282.2126
274.2437
147.755
162.4342
308.0105
133.6167
105.4402
153.2896
89.02017
174.7977
70.41911
580.7664
72.17907
215.2494
116.0416
107.2749
173.9303
448.279
114.8769
486.8189
94.92845
174.2475
270.3595
216.9754
140.8706
129.3687
258.4494
169.6488
70.2943
166.7617
88.65406
147.0288
161.8468
216.395
56.16675
142.8968
101.2325
197.51
86.65984
152.2451
55.44958
50.06145
151.0964
214.2253
230.0665
124.3903
103.5003
289.9941
210.9129
66.70769
173.6545
204.6057
240.8004
72.29809
157.1306
166.5798
291.75
97.53707
412.2503
296.6312
163.1777
74.54225
165.6797
173.3124
116.4032
63.7557
125.0412
417.4011
288.394
104.0199
974.8896
102.484
205.6365
82.82193
167.0887
76.93345
190.337
86.61807
173.6955
116.0446
139.5511
150.4161
103.918
79.18155
166.5787
250.8913
161.6427
139.4812
102.8827
160.6378
122.6648
82.8823
50.99546
100.835
235.1442
194.4648
164.9563
125.4263
156.3937
106.2806
105.405
522.8134
115.4168
90.06289
486.7758
93.92954
217.3407
77.96497
144.9759
182.032
95.20668
141.6069
191.5934
148.8516
103.9286
820.1296
422.1831
210.9247
100.4846
67.3489
88.05147
98.5554
57.0642
127.9018
121.5895
167.5176
137.3495
204.3428
76.86041
124.3735
181.6035
175.7044
78.28387
93.33463
196.9876
62.58543
252.7903
159.5907
94.62885
94.81734
75.39644
611.9998
401.0056
201.0267
137.0651
96.44141
198.7813
118.8031
140.5017
138.403
214.8585
69.27415
65.69474
225.4311
118.5052
169.2517
134.5338
309.3576
133.8199
269.2499
99.84661
96.22122
114.96
104.2899
236.9109
310.6869
143.6017
236.6073
91.04575
208.3562
138.4971
70.13319
93.20395
63.358
85.84475
150.2249
223.5256
357.8347
161.6878
135.3633
245.3758
106.5971
85.1976
122.9664
250.7586
115.4732
127.4736
48.50804
152.3444
55.67433
149.209
144.4289
281.1443
121.4607
221.3782
431.5379
153.7631
125.1235
179.813
119.5513
192.7833
110.0516
61.81238
82.0649
122.0356
70.70923
248.2168
1020.806
318.6642
356.7377
374.0131
65.42119
143.4694
184.401
79.12527
114.2923
241.6239
95.16748
94.46617
52.4038
170.6631
143.3719
184.5128
105.6011
163.6619
100.1752
286.1422
128.3876
207.4369
358.3025
433.4206
86.98224
202.58
154.7958
202.1182
251.6835
67.13652
93.44637
261.8213
284.8152
121.9702
341.599
233.8755
52.09752
297.8545
106.4002
66.43162
394.5917
366.1605
116.0586
197.5718
185.8525
211.3854
1203.275
220.3977
77.60109
337.9033
617.7174
281.6226
83.80553
188.3321
241.8528
240.2516
106.653
165.5843
67.72182
285.4222
269.2933
185.0802
548.3612
161.4627
329.1993
129.1218
170.463
213.3237
211.6389
175.8253
407.8741
277.7334
221.9943
186.042
190.2564
421.3356
209.6793
123.6691
166.5311
292.8657
151.1129
88.79025
331.1262
167.7291
101.7865
42.46133
253.7123
116.5439
137.2618
151.7423
327.1224
120.6481
141.687
95.03733
98.23568
149.9431
137.3742
84.47933
91.01021
91.5108
155.2821
59.51378
80.39689
302.5206
105.6271
129.9062
120.5431
60.26052
270.4001
232.1818
137.9733
262.2796
109.8023
120.1456
88.53426
192.2228
120.5507
168.9825
106.7082
77.08476
55.14592
84.70707
147.5957
121.0968
338.6672
203.4445
351.3064
444.8478
67.94721
192.9692
129.3212
339.1186
156.5758
308.7339
94.7396
257.3124
224.0162
113.6771
70.50936
101.6154
109.4567
278.4166
212.0043
122.3079
93.29968
120.8299
154.126
103.0197
184.9373
62.84717
395.1016
271.2266
449.7917
189.0832
145.7327
200.2475
225.6486
106.6103
108.3896
98.01938
111.3238
160.5886
87.08879
257.205
185.8108
312.7618
207.915
229.7751
166.6683
224.85
253.4565
86.43844
33.65409
82.29805
366.6299
120.6369
108.8205
265.6935
85.63556
116.3361
321.2757
341.6898
294.4272
161.1729
377.6287
448.3144
164.9228
1053.817
144.4932
73.11477
132.5014
94.79605
236.7226
505.4132
48.90371
55.78193
113.8156
222.1951
970.8353
112.462
380.7979
242.8941
518.667
130.7869
74.93637
121.2124
107.439
173.6792
336.5789
48.57249
84.2361
120.7268
39.23006
169.0965
132.2626
392.1361
160.9247
94.09551
177.9189
88.09887
71.72482
112.9115
83.66469
180.6451
371.0001
86.27085
