188.53
209.7335
200.1515
201.835
194.4052
197.9523
196.6682
215.9065
212.2007
200.1554
199.7644
199.3987
198.2916
194.1852
198.6715
188.5486
204.28
195.3027
196.6974
192.6414
193.2581
194.9606
193.8983
188.9743
198.1942
199.0851
211.9303
205.6161
212.7363
196.4234
200.3762
205.5955
194.9672
205.7188
197.889
205.7741
195.594
194.5583
187.1991
187.6222
181.629
206.5407
199.9259
214.2767
203.2943
201.2235
211.1254
205.4977
190.7244
194.0183
194.6608
205.0883
207.5042
200.9327
202.5966
199.8499
195.9471
199.6739
191.3002
190.2072
196.1662
203.3576
187.1783
193.9769
193.6672
193.0562
200.9147
202.8275
201.1758
195.6723
181.1908
179.4739
197.4172
218.2309
198.3067
211.986
197.1485
195.1138
195.9055
183.1872
183.1627
193.6434
198.9881
213.5096
197.1057
202.7613
203.8084
194.7007
182.7759
209.7482
195.3933
189.4776
216.6807
190.6234
195.2248
189.9497
198.697
202.1863
194.9454
211.2601
195.4556
203.0131
192.3922
195.9489
190.216
191.9151
210.6264
191.7588
195.8113
201.872
194.9984
185.6716
200.3353
198.0209
197.6428
203.0032
203.9526
202.1661
203.8026
190.9112
209.6427
208.6223
193.4546
217.2562
192.7365
194.2799
181.8861
194.1471
173.6759
184.9434
196.1855
175.0863
207.8581
194.3533
199.5092
209.0912
201.8038
188.5154
211.4527
191.5781
203.0705
199.9705
211.2456
186.8708
201.9226
181.4115
192.1271
198.2437
196.1175
206.5608
204.1448
182.561
195.5602
199.7135
201.5839
202.4659
193.8371
203.4794
194.3413
204.0995
198.9259
198.1017
199.7494
179.133
189.1449
206.2528
200.7788
202.3833
182.3479
193.1363
205.2537
194.7059
189.1033
196.2031
188.3795
188.97
198.4599
205.8899
185.0152
195.7011
187.2399
189.4805
206.6305
212.5674
202.0095
191.7284
191.1449
203.8486
207.2248
189.3306
200.6321
197.9944
175.6804
199.0525
189.6044
196.2522
205.6328
191.8943
188.7994
190.7788
201.1734
190.1162
210.361
180.0039
195.3696
203.541
203.0858
200.8769
222.7753
182.696
204.8433
229.8146
180.9931
202.7756
197.2549
200.811
195.0902
190.6149
211.073
206.1178
201.9836
196.4204
189.9251
195.0212
185.3737
186.7251
197.6833
198.6979
192.9452
190.0697
180.5719
199.6202
217.2719
192.8556
197.1585
202.5712
188.2414
204.1684
196.0341
212.156
212.3056
186.5975
201.6547
180.6722
196.5731
183.054
188.3099
199.9815
206.6459
194.767
168.9237
208.3508
197.836
213.8947
200.1876
188.4511
204.9834
186.5649
207.515
189.4753
192.4431
190.0586
200.4801
208.8247
202.5813
170.1698
193.8756
207.1333
201.6943
201.876
190.6374
188.6421
210.4878
201.0793
193.0249
209.9925
196.1675
195.5165
192.1613
195.1576
200.0821
200.5677
193.8817
179.9414
180.5692
186.4743
197.5905
188.5633
206.1886
190.7482
193.121
187.3091
191.845
199.8037
179.6726
179.8593
196.5136
190.9704
211.9681
191.2502
201.6448
189.6678
189.1512
191.4381
185.533
195.4975
202.6272
193.2382
218.591
190.4318
191.0638
197.0515
186.4681
186.7531
188.9641
199.9317
207.2857
193.4335
193.2488
178.2631
196.4359
197.7178
231.5073
190.3078
199.4804
199.2622
202.1433
212.629
197.9985
199.1146
192.944
191.7814
183.6928
194.4665
220.226
198.1335
192.0669
203.8861
202.576
180.0422
204.6236
205.4427
198.2031
192.658
198.6811
212.8848
198.8081
191.3268
213.8311
193.4349
186.0609
199.7242
195.6298
184.7437
190.0105
197.1704
193.6183
215.6668
196.2495
190.3385
213.6562
199.3767
182.1559
200.338
196.3843
176.5416
212.9271
197.6444
198.6858
186.7593
190.9318
212.9022
194.1217
191.4637
200.7761
206.2575
196.8589
188.9727
202.9705
187.9624
198.0332
200.1877
201.6012
188.5185
207.7878
200.4762
189.9506
203.6675
203.1244
192.9932
202.8391
196.378
200.2586
207.2964
189.5762
193.1915
189.838
198.4724
199.0959
197.065
184.74
204.838
200.4323
214.066
200.1893
194.5921
196.2827
195.5571
196.1089
187.2411
200.3159
197.7533
202.9245
208.0978
198.1363
212.5746
193.7141
198.8218
197.728
182.1045
196.6862
205.2678
196.6732
193.5001
190.7702
203.6612
197.0542
207.7625
190.7298
192.9341
186.7102
190.2868
187.9532
192.4782
192.5285
200.4911
192.5311
208.4705
191.0786
197.9435
202.222
188.5998
198.3587
195.1188
180.0733
185.7198
214.5827
188.2219
192.1157
183.1787
213.1929
181.0634
193.9219
193.7704
188.7862
206.2263
188.916
204.639
183.1117
193.5626
197.6387
184.1531
192.1365
201.418
204.671
202.4262
198.7073
186.4375
194.7389
196.8564
184.8194
197.836
205.2199
205.554
203.8013
195.1089
193.3624
197.6023
195.068
197.892
192.9136
201.6565
191.476
190.9881
197.765
178.8803
190.2889
214.3204
198.2425
184.9818
180.8959
193.3548
205.7788
184.4797
191.302
201.5508
210.6627
190.8007
187.2392
189.2343
