310.9491
329.136
316.8864
295.4319
275.9196
251.1182
238.6059
187.0208
151.8412
95.54321
79.1235
85.15969
70.50934
83.89235
72.40047
81.72551
70.41674
73.68158
71.18506
73.52204
86.38782
82.03998
78.50168
85.71684
85.22264
81.91246
75.23286
81.98121
85.60771
85.48567
73.39729
80.52975
76.726
78.81635
80.91738
81.38164
84.05314
69.06416
75.56611
86.56052
71.16042
78.63111
90.61041
72.73978
77.59829
86.87137
75.77427
79.8226
76.96951
79.22754
78.68151
73.70622
78.65109
74.79638
83.63468
79.79399
77.46914
82.75531
82.66564
76.27753
78.73037
71.49479
76.77801
74.48437
72.67336
71.18387
75.83242
75.64196
70.36603
70.86322
80.27789
82.96362
91.95219
68.8107
94.2112
83.35537
86.63695
75.05642
85.68538
97.25883
77.06549
72.94227
73.22277
78.01606
84.95763
102.4105
77.94306
80.71711
71.44515
78.28085
85.06513
68.73201
84.55282
85.624
74.26483
90.92575
78.72876
81.20887
71.52341
74.80448
77.87185
75.57338
74.89208
77.1503
75.49794
76.44074
73.28176
76.65509
80.65353
82.11791
81.47316
73.29664
80.96721
78.93456
76.85517
68.54615
80.108
75.57029
76.36123
79.14099
83.03408
82.85081
76.17477
80.02316
82.70999
81.33077
91.19826
70.26551
78.63923
83.81295
78.2348
77.97898
85.06705
76.05837
80.19114
81.82826
87.5283
69.42978
80.28011
79.39662
83.47697
75.41653
79.8859
83.43962
90.84358
86.31439
80.34431
83.12709
84.97836
71.37514
84.89734
86.40236
71.47724
75.459
74.74666
83.18261
85.97652
72.13077
77.17997
79.00427
79.52602
75.77965
77.51882
80.25374
76.434
77.60141
80.73022
80.04859
74.22862
84.35625
85.27581
78.02983
76.58103
74.11436
88.70148
81.6665
73.92285
87.2093
81.98155
74.65002
75.59545
74.81346
78.21348
90.03198
72.33753
75.85507
72.41848
80.98675
81.61224
72.5605
85.33149
73.92348
96.32587
77.30103
82.54795
78.22379
79.61475
77.73223
79.52194
72.99539
86.83576
76.35868
87.08223
82.19193
74.91824
83.41244
76.28555
82.96166
84.25725
74.18227
80.50166
73.66027
79.56642
79.53544
75.76615
79.17571
81.87861
78.21658
79.64862
74.09434
83.19967
79.37923
82.83558
90.08737
84.67749
78.55332
72.75653
77.71869
76.39008
70.64988
79.89187
81.42869
81.22126
75.87742
83.17
91.24287
83.64371
81.36089
85.6621
84.03053
87.3789
76.15661
92.93399
81.81495
84.74234
84.15805
77.9199
73.89965
71.017
79.4557
71.61931
77.29028
79.75059
71.87263
76.31331
82.59367
82.60951
79.23784
81.07878
75.31364
78.395
96.35712
74.32475
73.94671
74.90887
74.18449
77.57384
75.79902
79.02785
80.95901
80.66789
74.87225
77.33482
83.69348
80.55983
72.52303
82.50628
78.59318
73.81593
90.44118
77.45153
76.45172
76.71931
81.39759
77.88244
75.72095
70.13785
80.55743
66.76149
85.92695
77.37972
81.81246
83.08146
76.89091
79.57676
70.70198
80.48172
96.15126
82.05257
86.59733
87.8426
90.54715
81.68814
82.50708
75.74488
75.40683
85.03979
82.99245
70.39256
86.17751
90.6125
85.11219
80.61005
81.49183
79.72323
72.7662
81.08021
83.41225
85.54151
79.70245
78.87432
82.45784
76.44262
78.01437
77.44029
73.71079
85.29187
75.26043
78.79414
86.19135
91.26343
84.95697
74.26809
91.55107
74.22973
86.61155
69.51329
82.71292
82.50981
85.86496
83.82264
69.12595
76.8859
80.07158
90.32679
90.60087
74.82805
76.79522
77.43836
84.54088
84.17324
85.36893
84.60908
83.2355
77.28832
89.47555
76.11101
78.21287
77.5575
78.56014
84.71985
81.76229
87.92205
75.30801
72.58204
80.4964
72.90139
66.66596
77.28271
86.06575
86.5979
75.5428
88.11812
87.48339
79.45425
91.38185
94.91399
77.47996
78.76536
76.08158
79.69222
84.31458
75.77452
75.41091
76.54959
81.81369
80.08063
79.6763
70.31442
90.61173
74.43147
79.14219
79.02797
67.55559
70.71846
73.49839
74.32293
68.88593
83.58094
86.04399
84.38972
80.93596
73.14304
77.40562
75.86182
77.79245
77.68208
78.72701
81.36845
84.83228
84.28998
83.74793
72.99251
75.69469
82.75898
77.09655
74.36139
72.07871
86.79459
97.62484
79.02835
76.60745
73.78839
82.87949
75.39607
80.85865
74.23745
84.1098
82.57625
82.12949
79.32017
70.61017
77.12355
81.65408
77.96049
87.71906
75.98655
93.5843
76.35946
78.12263
77.75359
74.98706
78.37211
81.10893
83.24835
94.05033
86.98659
85.58847
72.62724
70.56942
78.123
76.33001
80.0983
78.51784
74.77966
76.60176
82.23073
73.70336
79.29465
85.34045
82.1124
74.66362
81.12704
81.80865
75.10861
83.10238
80.05795
74.23029
77.65342
68.80234
81.65177
85.32526
78.53432
84.02194
84.96809
78.69504
74.50433
73.3392
77.93889
75.40611
83.1686
77.08723
83.85592
94.98043
74.20191
70.22774
86.92928
79.96878
78.49173
73.96104
79.18938
79.90718
75.33201
74.59011
79.79844
77.24617
76.99179
81.53842
77.47197
90.07902
