107.2549
109.1526
108.6881
108.5466
106.9938
107.4868
106.3622
105.6641
106.4018
105.68
105.0138
106.0504
106.2307
107.0952
106.7354
106.2348
104.6652
103.8903
103.6633
103.8919
104.5388
105.4973
105.9089
106.4707
105.1335
105.3205
105.3536
105.8096
105.6863
104.6314
104.0824
104.8183
104.111
103.9225
102.5595
103.1903
102.5434
103.9097
104.1221
104.5888
104.9294
103.534
103.6901
104.5946
105.2154
106.5218
106.0639
106.2911
106.5217
106.6224
108.3307
108.0591
108.0997
107.4721
107.1889
107.8868
107.5471
107.4505
106.7292
106.4766
108.2351
108.5744
108.6661
108.0426
107.953
107.68
106.8935
107.696
108.9371
107.4948
107.6256
107.5721
109.2787
108.5781
108.0141
107.5525
108.2869
107.6755
107.6928
106.974
106.701
106.635
106.3249
106.0227
106.6541
106.4008
105.997
106.5332
107.1513
108.4123
108.5305
109.3178
110.0071
110.1824
109.709
110.5136
109.2578
108.6123
109.4165
108.8571
107.5258
107.4055
106.0002
106.266
105.7914
106.7466
104.8825
104.9914
104.8203
105.2454
104.1176
103.1519
103.5134
104.7563
105.0701
105.5987
105.2473
105.1135
105.2083
105.2494
107.6958
107.3759
107.5279
107.2213
107.4235
108.0717
107.8726
108.1996
107.7127
106.8332
106.6485
106.0689
106.6878
106.6606
107.5409
106.7791
107.5533
107.3839
106.6452
107.0211
105.8439
106.4753
105.6209
106.0401
106.3643
106.6045
106.2788
106.2942
105.448
105.638
104.7323
104.8735
103.9797
103.9094
104.5356
104.2128
104.1348
103.9307
103.7242
102.1962
102.9674
103.5174
103.6981
103.2826
103.4513
103.7962
102.9735
102.8336
103.5945
103.8254
103.757
105.2087
104.2678
103.0083
103.2029
103.5646
103.5959
103.2057
104.2612
104.3692
103.1596
103.0401
102.1712
100.9696
101.6657
99.38925
99.61325
99.39172
99.6725
100.3344
99.75418
99.58859
98.51563
98.92603
98.28763
96.94047
97.0822
97.07006
97.60364
97.06507
97.2622
96.96239
97.13698
98.217
98.18633
98.14157
97.89833
98.31759
99.58948
99.2418
98.96117
101.1577
100.4102
100.5675
101.9315
101.2282
100.3382
99.97612
100.3338
100.0527
100.44
101.1292
100.7597
99.80191
100.0161
99.52501
99.17125
99.31453
99.50005
100.2039
99.74005
99.12363
99.50119
98.98931
99.43048
99.15003
98.78717
98.71411
98.94751
98.3565
98.18921
98.71805
100.1509
100.0617
99.25528
100.0905
99.4747
99.6775
99.54401
99.97721
101.2182
102.3624
101.9852
100.9644
101.5719
101.0019
99.31079
99.01387
97.64686
97.20493
97.328
97.25169
96.59132
96.74946
96.0795
96.07236
96.81269
97.21207
97.23245
97.59337
97.42348
97.72155
99.0349
99.04084
99.36684
99.10563
98.35735
97.97876
99.48576
99.47245
98.81401
99.13803
98.40055
99.16275
98.09077
98.81493
97.60598
97.19813
96.83443
97.99723
99.65945
100.4338
99.99853
101.5574
101.4334
101.1246
100.4636
99.87307
99.94824
100.1165
99.36829
99.03945
98.37323
98.94923
98.89926
100.3612
100.4526
100.4264
100.4987
101.0468
101.4011
101.4616
101.5442
103.7857
104.8462
104.5663
104.5339
105.4157
103.8823
103.1863
103.8317
104.5698
104.728
104.4453
102.7633
102.4492
102.2837
102.1324
102.7719
103.1964
103.872
104.6773
104.9276
105.7477
105.4923
105.279
105.6545
105.3414
105.8423
105.6455
106.2401
106.0366
105.9981
106.6528
106.6577
106.3268
106.1457
106.3356
106.402
105.93
106.1594
106.9927
107.0106
106.7631
107.1537
107.2977
107.7922
107.5723
108.3436
108.9652
109.7142
109.6858
109.8245
111.0436
111.6546
110.8855
110.9308
110.7598
110.2745
109.5443
110.0218
110.6299
111.1395
112.5051
111.8966
112.5624
112.084
111.0764
110.4791
109.9251
110.0945
110.4493
110.5656
111.7547
111.2062
111.2887
111.0948
110.7554
110.2735
108.9699
109.6294
110.2905
110.281
111.0771
111.0269
110.6315
109.3923
110.1106
109.3824
109.129
109.3512
109.5077
108.5928
108.6842
107.895
108.469
108.9208
108.667
108.9232
108.2366
109.0365
110.1454
111.6528
112.1663
111.1258
111.6391
111.4775
110.6097
110.3968
110.3175
110.5005
110.4055
110.3422
109.3854
107.8002
108.7685
107.6086
106.2611
106.261
106.6542
106.6761
105.5797
104.9901
104.6064
104.8937
104.1843
104.1898
104.6552
104.8794
104.5944
104.2065
103.6556
102.8646
102.8263
102.2596
100.9331
100.9919
100.6748
100.6047
99.5113
99.15583
98.78821
97.51707
97.48752
97.5753
97.99488
97.61113
98.3084
98.49867
98.75704
98.29994
98.39734
98.52861
97.88568
97.10408
97.03952
96.39889
95.3871
95.66274
95.75849
96.13194
95.32073
96.04816
97.18846
98.14092
98.02449
98.13194
98.77834
99.2085
98.39338
97.49543
97.15554
96.08344
96.32927
96.29465
95.99858
95.47903
96.36704
96.77584
98.4726
99.22191
99.87528
99.08423
99.00992
99.36425
97.66304
97.22222
97.2279
98.01908
97.35157
