748.5033
682.5405
750.0415
682.1469
721.706
732.1643
687.6131
693.2291
790.1197
749.2031
715.6639
630.5917
726.7296
679.3469
690.2623
699.7601
761.1725
697.1969
689.3101
657.3327
705.265
739.0018
682.9732
666.7895
607.4645
646.0238
586.2731
585.0535
557.5594
585.8645
553.2199
563.0075
607.6146
537.9655
566.0816
557.9973
585.6472
553.6495
583.4189
542.5112
569.2163
564.3794
605.193
578.5534
578.6546
577.2431
525.0216
601.8435
593.2012
555.4849
603.483
547.481
572.9242
533.0857
578.8426
568.2973
574.9577
481.4676
592.7985
609.0772
587.7051
612.2421
556.2076
547.2328
573.7675
575.0466
572.3913
550.3424
488.5615
529.0724
585.4655
593.1286
625.3484
596.3568
573.0259
586.3566
587.4598
599.6051
626.9825
554.4739
570.3128
547.3898
550.799
547.3262
610.2433
565.0686
545.0455
600.8428
581.7606
569.76
556.1693
591.2898
588.9786
594.9288
545.4282
617.5009
563.8797
561.2773
608.9153
580.0228
608.0468
592.1501
642.7195
560.7916
584.5965
547.5715
625.347
613.8324
571.404
516.667
569.8917
579.671
563.1608
578.2841
625.7644
531.3896
551.7102
553.41
586.4579
538.2764
537.3827
586.3322
554.0151
525.6713
543.7307
603.3594
613.9295
591.2667
540.2388
580.1303
577.9419
622.8942
501.7594
535.2939
544.1552
606.5441
629.704
631.8732
586.086
567.5465
588.192
568.2949
579.0655
546.6295
563.674
565.2709
557.7344
532.6068
604.9804
594.7418
565.3131
619.1047
533.227
555.4323
573.2556
600.2407
614.4099
587.1458
590.3791
546.7574
531.5857
611.0254
575.4912
567.2409
573.116
558.6514
547.9241
547.8197
573.7838
579.6918
616.4261
530.1784
600.8199
585.3393
592.3554
638.3316
592.5326
563.2216
517.3058
573.0852
571.571
538.5002
573.8872
601.3331
552.7474
561.1418
540.3399
597.812
511.8576
542.6379
600.841
561.0738
523.6675
597.162
563.1464
559.6446
508.1811
538.1876
541.307
575.7967
574.614
549.9529
540.4593
620.1052
583.4591
584.5464
547.8407
585.1714
572.9048
547.9218
596.6352
586.2941
566.5972
584.3129
579.9753
657.1351
569.4061
566.8934
574.4379
566.7126
564.4186
529.7861
603.3601
554.4175
528.2662
544.7236
542.5603
524.9938
573.4685
566.0948
510.448
571.5049
564.2173
587.7474
539.7172
556.8231
537.4529
595.3477
608.9616
511.4437
534.4432
562.8184
577.3957
510.7042
554.309
598.6467
542.1328
588.3356
606.2685
562.1587
546.5362
547.7505
578.8346
540.0577
581.5448
562.7102
555.3134
549.4162
500.8013
573.9445
538.9092
595.4945
557.4076
575.8084
517.6669
570.6157
587.4149
602.3563
576.8098
601.3956
554.6868
579.0159
587.4371
555.3235
559.7387
515.3328
565.2473
568.9831
573.8019
513.5679
553.6
530.3956
570.267
572.1817
577.1617
599.2334
550.5268
543.2865
607.5373
581.2355
537.3657
543.4767
575.4866
562.1484
586.5234
537.6074
549.4565
562.2251
567.8464
589.3173
499.7004
597.2891
536.5398
592.8285
529.1576
542.6439
522.1111
566.4488
600.5905
557.7368
615.4476
615.8462
556.8821
580.0973
551.0102
614.1523
591.3752
548.6402
619.2622
511.733
602.517
544.6863
589.1492
567.1039
572.1014
545.6069
622.7369
588.8608
617.9754
590.6259
603.0063
513.297
579.7724
558.9099
558.2368
571.6591
579.6585
572.5137
561.3102
574.5965
597.5891
576.0077
537.2334
614.9785
538.682
617.0562
546.7896
572.8192
535.1877
555.7772
589.6699
546.0088
552.0683
559.7214
588.087
555.2357
590.5357
581.2222
591.1431
497.9728
516.0945
578.3564
580.9598
600.2898
589.1556
526.6239
558.0054
564.3383
551.5182
543.6492
573.8549
557.9064
560.6885
568.5009
594.1087
579.092
560.376
558.3144
561.9842
571.2422
572.6308
555.4618
587.2484
575.5201
562.8947
549.2477
607.245
518.1941
589.0313
548.8568
555.909
548.3567
521.8197
569.9991
576.9985
601.0359
550.4347
594.7467
591.8549
539.6166
570.7066
571.4515
565.8547
636.7848
577.8038
617.6225
499.044
562.4037
515.7458
531.9401
581.2578
533.29
580.0521
548.5411
571.034
580.0294
653.4431
554.6043
556.9887
555.3284
577.602
536.1424
567.3488
610.6617
578.07
593.2596
574.9805
550.0237
571.4681
557.0102
539.508
591.198
592.9512
596.8498
586.9213
588.3447
629.4052
544.8515
581.041
622.0113
588.6247
610.9354
588.8453
555.5148
586.6416
563.9946
551.555
601.0831
557.8042
556.4921
557.6888
580.8199
532.1491
511.0359
585.1399
562.4888
544.1366
570.4112
571.5144
623.6159
618.6523
655.3154
572.5044
574.8913
536.2026
625.7189
628.5576
538.8223
552.6453
553.9554
592.7446
530.7494
603.4652
571.6063
652.6112
588.512
565.5712
667.5439
575.8923
599.0092
591.2223
605.6409
581.2595
596.1457
560.0491
588.2708
540.0807
561.5575
541.4364
549.8873
533.5729
519.504
571.7552
551.628
619.8553
570.7576
577.9195
537.1386
551.915
570.2053
