0.4811769
1.093794
1.880268
2.119321
7.373241
1.262674
2.114048
0.867667
1.683639
1.11625
1.524451
4.860594
1.697435
1.30602
0.9356605
11.06384
0.710511
2.537664
1.047068
1.151814
1.32585
0.5966139
0.4750504
0.706578
0.712057
2.70393
1.834627
3.369356
0.8108716
0.9779648
2.573005
0.9739839
2.02878
0.5195859
3.873556
0.7800452
0.7468606
0.9990538
1.277217
0.3811587
1.082632
2.80589
2.006485
0.8088016
1.057241
1.72706
0.7931122
1.895474
2.128918
0.6860783
1.202661
0.7396104
0.6152781
5.097268
1.139868
0.8972318
4.908886
2.207231
1.75363
1.501216
1.276967
1.197345
1.904776
1.456903
0.5128266
1.148197
3.812636
0.7108157
0.7594356
4.082239
0.4992711
2.136125
1.557134
24.07734
1.719739
0.432177
0.5429616
2.793875
1.490972
0.3470582
1.78897
2.240576
2.335476
0.5933702
1.077076
0.7440747
0.9024723
0.5591929
0.5887661
6.929035
8.81188
1.285992
2.478411
0.3225855
0.5919048
0.5585371
1.510016
1.302801
2.195591
1.08868
0.7093389
2.517779
4.678181
5.033553
1.449263
1.721576
0.8043212
0.8515464
2.594512
1.119473
2.977423
0.568524
1.442504
1.774244
3.553826
1.244843
1.004934
6.999847
1.206865
1.207889
0.6099599
9.446887
3.726046
1.995584
9.277174
1.583894
1.177946
3.62475
0.8846975
1.919246
1.020811
2.417621
1.826992
1.095252
1.688647
4.624976
0.6436044
1.601111
7.455003
2.452039
3.848953
1.491434
2.918621
2.831124
1.47559
1.017463
1.018529
3.631221
1.230362
3.069145
0.8010644
3.278034
1.362255
1.194577
2.109102
0.902118
1.006744
1.209862
6.288873
0.7615646
2.512305
1.357879
0.7698865
1.559206
2.106074
1.351824
17.41158
2.786321
0.7542651
0.5382007
1.276026
4.47054
0.7136402
0.804276
1.145511
3.967663
1.664372
0.8488252
0.5906856
0.6219612
2.204909
1.226658
3.548147
2.06742
1.20173
1.265358
1.486989
2.725147
2.047505
4.308657
1.263489
1.233902
1.36924
1.152278
0.5991656
0.7516994
0.9374775
1.880441
2.843443
3.70385
1.096189
0.471582
1.388513
0.7036531
1.434083
0.6610235
0.6721611
0.5207007
1.241299
3.239305
1.411189
1.850489
0.5028301
1.353863
1.133296
0.8018917
0.7941408
0.9161579
2.447325
0.5846197
1.144255
2.253187
0.8137669
1.617626
4.510428
1.670212
1.94656
0.7541647
0.7868817
6.709396
2.749446
2.367722
1.095005
4.47487
5.666313
1.788724
0.6824512
1.790269
0.5548344
1.955187
0.6318014
1.351825
3.234909
2.806754
3.210825
3.320146
0.5694559
4.195491
0.7294177
1.211638
1.729376
1.634649
0.9158378
1.975097
1.201712
1.581805
0.3583823
0.9161356
0.9487081
1.439885
3.413281
1.330073
1.45989
1.372379
2.742474
2.163653
3.661997
0.8620272
2.28052
0.7650909
3.291227
2.640128
0.8704844
2.40822
4.757479
0.9078947
0.5885769
1.0442
4.117086
1.333202
1.488958
1.840871
0.8404297
1.426786
1.299171
2.727797
1.225241
5.63551
3.015046
3.394258
1.040267
3.579591
13.13977
1.094066
7.077665
1.87088
1.093576
3.688863
1.233634
1.296709
1.247066
4.079334
1.869237
0.6740653
1.839149
0.5115789
2.354042
1.833151
1.007032
2.838334
1.587466
0.4692125
2.796419
2.201629
4.870433
2.593132
1.083128
1.556466
0.7351275
0.9027433
1.662613
1.384315
0.6189832
1.99758
1.542392
3.283858
1.398567
3.072009
3.693812
1.299211
1.758376
1.614386
6.898776
1.327385
0.6761194
0.6009438
1.096633
2.053053
1.593977
2.702016
1.029859
1.004331
0.7585941
1.553082
2.352925
1.106246
1.56302
2.359516
2.403526
1.43903
0.4350176
1.078141
1.068741
0.8128282
1.687746
1.138167
0.9129181
1.168067
0.7161168
1.823906
1.119225
1.587504
0.7973757
0.3804011
1.547254
4.372365
0.6384022
1.623886
2.254559
2.556178
3.390784
1.107633
1.787071
0.8686157
1.396259
1.718847
5.379611
0.9654933
1.360938
4.831071
0.7827575
2.227006
1.54896
0.9088014
2.089826
3.873333
1.37427
3.117884
2.521639
1.07949
1.147751
1.955843
0.6771028
2.270463
1.824055
1.497517
0.6102458
1.332964
0.4420231
0.5123756
0.573048
3.628624
0.9946701
1.549861
1.423009
1.177572
0.5946976
0.8158515
0.7737494
1.502955
1.155375
0.7323185
2.429064
1.393317
0.5160619
2.348815
1.253438
0.7868226
1.913689
0.7927679
0.7497575
3.997686
1.555567
0.8663935
1.617984
1.576379
0.4132977
0.9346409
12.80042
0.6565521
0.7844856
1.115702
0.7756428
1.621043
0.696587
0.7336703
2.103677
0.9735568
6.582914
1.42887
5.199774
2.977367
0.7266103
1.557845
1.476738
1.663005
2.990014
1.28313
1.104837
1.015584
2.033676
0.6374023
1.174913
1.111303
3.69551
0.4506122
0.9826675
1.576163
2.502022
1.045382
0.6651791
10.25643
0.515784
1.953836
2.212377
1.866607
2.438089
2.031651
3.837343
0.9673102
0.7064321
3.163617
6.366503
0.6503531
1.395113
2.112931
0.6634344
3.148903
0.8298319
1.394674
1.135013
1.070276
1.464407
1.843388
2.693023
2.219771
0.5617856
6.419779
0.7996544
0.8620374
0.7919824
3.205964
1.192681
2.100615
4.038068
0.9343999
2.190871
2.023087
2.216366
1.180867
