86.24189
87.75435
86.4431
85.54392
86.16905
84.12904
84.40733
84.96483
84.75736
84.88121
84.76946
86.23113
85.367
86.13861
85.1074
86.08884
87.20134
86.32577
85.2589
85.43157
85.29849
87.35686
87.66517
89.24401
89.70566
89.85695
89.40672
90.51961
91.02026
90.6052
91.92603
90.71711
92.1367
92.98819
95.22914
95.7451
93.69093
93.0626
94.14205
94.57927
96.44272
97.85776
96.64882
98.28399
98.69519
98.02765
98.01929
98.17096
98.39553
98.63949
97.67156
97.13113
98.50076
98.25005
99.76926
99.14182
98.47614
99.27286
99.22822
98.31515
97.23812
97.66215
100.4749
101.1727
99.33456
98.72678
98.38621
98.36261
96.80217
94.89065
94.2046
94.56382
94.1968
94.0633
94.30195
94.15275
92.99867
92.87671
93.44849
91.16059
91.09435
92.20034
91.35007
91.52188
92.43875
91.92003
93.17031
93.30823
90.51604
90.28896
90.15764
89.37732
89.00024
87.92472
89.60794
89.547
89.1318
89.6561
91.55988
91.63688
92.68035
94.47469
94.40089
94.49828
94.46529
93.31208
93.81169
94.04326
95.75778
95.82031
96.76347
96.20435
95.80036
95.24043
94.51072
93.76396
92.69606
93.11455
94.85187
95.28575
93.66885
93.83994
93.22894
94.659
95.06943
95.4925
95.07197
93.78838
94.93813
95.61086
96.73417
96.80189
97.9148
98.61295
98.81559
97.26526
98.40681
99.34681
98.85525
101.8104
102.5556
104.5868
103.9732
104.8527
104.5654
105.011
104.6346
104.73
103.748
101.8342
100.135
100.484
100.6219
99.66591
99.13523
99.56728
97.30909
96.00105
95.9267
95.29099
96.55199
97.00388
96.72771
95.22228
94.51709
93.41856
93.5668
92.80957
95.41514
94.62665
94.23691
93.01611
93.15254
93.98686
94.04314
92.83872
93.80274
94.96652
94.99984
95.43119
95.83531
96.21087
96.64302
97.83266
96.83106
95.69086
96.23254
97.92966
100.0571
100.1882
98.30076
97.91201
99.46501
97.94526
97.89493
97.2502
98.64783
97.66411
97.09661
96.53663
96.84503
96.92545
96.05178
95.12391
94.83942
95.09506
96.68555
95.1448
95.42117
96.58167
96.30315
98.28051
98.54995
100.3684
102.1568
100.9287
99.71062
99.02072
96.98045
97.1534
97.18918
97.29182
97.96581
97.39796
95.70955
96.67107
96.45986
95.73169
97.35188
98.46964
97.66369
98.38241
98.70639
98.04608
97.08236
96.62095
94.90706
95.23944
95.95927
96.10981
96.04861
98.20426
98.61196
99.38379
100.1835
101.0644
100.5506
99.10047
99.91292
100.3933
100.355
98.82222
98.30291
99.27344
97.44497
96.45044
97.25115
96.2616
95.02284
95.2519
94.873
92.81607
92.22759
93.96705
92.42882
92.07726
92.39257
92.80252
92.3865
95.26171
95.58064
96.1074
96.43732
95.43305
95.17908
93.89374
94.24633
95.73495
94.9183
95.90513
97.08973
97.13406
94.33251
93.91469
92.11402
92.31326
92.28499
93.41973
90.27015
89.19692
89.47083
88.32343
90.87535
92.31998
92.19611
94.14772
94.36795
95.93382
96.0234
96.20214
97.4861
96.28553
96.38458
96.5071
94.75114
94.34648
94.77379
95.89205
98.13436
98.83255
100.1814
98.7507
100.1278
99.42223
99.38139
98.32076
97.43039
95.51109
96.5772
93.39632
94.08536
93.89538
95.11643
95.54512
95.28656
95.66553
96.65098
94.98129
95.61789
96.58314
95.04888
95.394
93.45278
92.80518
90.24488
90.51567
89.18088
90.45362
90.57468
90.17616
89.74347
87.95569
89.61805
88.57381
88.19827
89.73615
90.00778
90.38443
89.82342
89.03668
89.46088
88.48542
87.79852
87.51762
89.30192
88.56853
86.15285
86.46755
87.06775
85.9873
86.98213
86.15056
85.90743
86.76039
87.48599
87.05311
84.60339
85.60866
84.94449
86.61437
87.06367
86.34727
84.95596
84.93789
82.20933
81.55613
82.88671
81.8495
84.63765
84.73793
84.74384
85.80904
85.9618
87.31825
88.2155
87.50635
88.81299
87.99394
86.33059
84.35102
83.91707
84.5743
84.50459
84.06305
84.72781
86.12517
87.03824
87.12445
86.80983
87.88571
89.86115
90.17961
88.64915
88.40339
87.68489
87.69741
85.84289
86.45777
86.00948
86.1887
85.15543
86.80273
86.98625
86.10619
85.58392
84.00814
84.39009
86.02728
85.36381
86.03862
85.81025
85.00642
85.2598
86.54592
86.53427
86.8463
87.96631
87.87132
89.06796
87.54104
86.15686
86.92299
88.01048
85.84199
85.62547
83.4163
82.40604
80.45355
82.34847
85.01094
86.46255
87.34552
87.09618
86.90988
86.12901
86.63739
86.71509
87.43112
87.39723
86.81932
86.97804
86.95182
84.85551
85.94396
86.86071
85.5374
83.88024
83.27306
83.75179
85.15636
83.495
82.5967
82.28039
82.2821
81.44834
81.51202
79.23134
81.48319
81.23261
81.203
80.82292
80.86494
83.67078
83.73107
83.5074
82.63155
82.75963
82.06994
83.02345
83.39413
85.08271
84.62655
85.05218
85.13153
86.06388
85.66199
84.10038
84.74926
84.16583
83.78089
82.91976
82.3591
82.87437
80.83269
80.79564
82.24116
82.9093
82.96095
84.47113
83.61036
