103.0357
104.127
105.2916
105.0856
104.3057
103.9005
103.3867
103.261
102.2229
102.8509
102.6244
102.9156
102.8119
102.0801
102.3162
103.0351
103.7537
104.0176
103.5052
104.2716
104.5357
105.229
104.3192
104.9942
106.1335
106.4373
106.5958
106.1716
106.5752
105.8808
105.2855
104.2862
104.9469
105.6381
105.6593
106.121
106.0369
106.3241
105.8728
105.6783
106.1835
105.5609
106.3682
105.8659
105.7375
105.3842
105.289
104.1477
104.02
104.5341
104.2826
104.2265
103.9365
102.8977
102.8754
103.8404
103.9187
103.8589
104.3802
103.768
103.7107
103.9148
103.8948
104.5156
103.9466
104.0113
103.5772
103.3473
103.0212
103.97
103.2125
102.2708
101.9302
101.3793
100.9729
100.8795
101.2691
101.431
101.8195
102.3241
102.6001
102.7431
102.8243
102.7789
102.3519
101.843
102.0664
101.8552
101.6194
100.9595
100.8012
100.9083
99.53583
99.6302
100.1165
99.97773
100.1474
100.1016
99.78305
100.8423
100.42
101.1368
101.1192
101.2853
101.2084
101.7767
101.7912
101.1822
101.7412
101.8092
101.4298
101.4426
101.0244
101.045
100.8574
101.1844
101.163
100.9039
100.4292
99.68929
99.23672
98.7279
99.45742
100.0489
99.91471
100.2888
99.92186
99.81048
99.99438
99.70846
100.4256
101.3046
100.8888
100.5972
101.6528
101.5095
102.1338
102.5704
102.0657
101.9616
102.9218
104.0388
104.0804
104.2871
104.0938
104.8185
104.6973
104.6874
104.6308
104.5984
104.4647
104.3529
104.1902
103.5944
103.7596
104.2956
103.8318
103.7301
103.0934
103.0904
102.7927
103.0892
104.0087
103.5031
103.6935
103.8749
103.9449
104.3187
104.6734
104.5605
104.8399
105.0205
104.9507
105.3479
105.287
105.2865
104.8994
105.2032
104.9617
104.6652
104.6903
103.9924
104.405
103.7753
103.7917
104.8383
104.5725
104.555
104.7273
104.5864
104.3411
105.4712
104.7467
105.0999
105.765
106.069
106.3275
106.9176
107.3388
107.1681
107.8542
106.8203
106.7288
106.5272
106.1586
106.0469
106.4192
105.8114
105.7606
105.5859
105.512
106.2562
106.2858
106.7206
106.8529
107.5922
108.2014
108.647
108.837
108.6286
108.3099
108.6795
108.5502
108.1493
108.5841
108.5895
108.6336
109.7189
109.548
109.4613
109.0622
108.3082
108.6669
108.4859
107.834
107.5707
107.0679
107.3253
107.1774
107.7793
108.3682
107.9139
107.7547
107.7604
108.1453
108.0671
107.8162
107.3216
107.2002
107.6584
106.9614
107.1222
107.2099
107.5493
108.1946
107.6298
107.5895
107.9832
107.3242
107.1824
107.6106
107.3621
107.263
106.5865
105.8789
105.8254
106.5266
106.4686
106.2843
105.9816
106.266
106.4803
106.5256
106.1804
105.9123
106.2002
106.2908
106.5852
106.6825
106.7581
107.0869
106.7212
106.3606
106.4531
106.4671
106.6294
106.7889
106.5805
106.2203
105.8569
104.9109
104.1829
104.1639
103.7768
104.2548
104.4888
104.1625
103.5281
103.7237
103.6428
104.1383
104.7211
105.1872
105.788
106.2112
105.3301
105.6456
105.3582
104.9488
104.5488
104.8446
104.6019
103.8409
103.4344
103.9567
104.1726
105.1125
105.3316
104.726
104.805
104.3052
104.6599
105.3117
104.7519
104.4255
104.6121
104.3738
104.3536
104.2675
103.8633
104.1043
103.777
104.3585
103.6181
103.8573
104.432
104.5694
104.4859
104.5528
104.2064
103.5111
103.3758
103.5118
102.6064
102.1965
102.6667
103.1243
103.4472
102.655
103.3029
103.7092
103.6689
103.7135
103.1546
103.6401
103.9102
103.8107
103.7305
103.7267
103.8433
104.3686
105.0826
105.2402
105.8807
105.6071
105.5801
104.9873
104.6651
104.5302
104.9986
105.1138
104.7956
105.0665
104.9811
105.3489
105.8642
105.4776
106.0368
105.7316
105.6894
106.5159
107.1843
106.4617
106.1428
106.3119
106.2964
106.4914
106.1364
106.0399
106.5745
106.1587
105.9105
105.2773
105.1305
103.9852
104.3117
104.4155
104.0386
103.5521
104.138
104.2946
104.5078
104.1003
103.7559
104.0844
103.9853
104.4003
104.1172
104.5823
104.0782
104.6797
103.522
103.7351
103.48
103.075
102.7857
103.3959
104.4188
104.6464
104.076
104.0703
103.9871
104.3107
103.8044
103.5385
104.436
104.1482
103.5714
103.9219
103.2689
103.3623
103.4096
103.7431
102.6456
103.2503
103.0181
102.8953
103.635
104.3756
103.187
102.8957
102.2967
102.3586
102.5521
102.1166
102.5676
102.7817
102.7399
102.3604
102.7639
103.4786
103.6081
104.0043
103.035
102.7683
102.6787
102.1233
101.9634
102.1995
101.8697
102.5589
101.5731
101.6753
101.2106
101.7865
101.3914
101.1273
101.1983
100.8184
99.62617
99.58908
99.97962
99.62261
99.58269
99.63523
99.94519
100.7832
100.3008
100.4066
101.0706
101.537
101.8467
101.4987
100.7999
100.4908
100.6114
101.2109
100.5973
100.2216
100.7154
100.1933
100.4201
100.1984
100.8609
101.3404
101.3143
100.5863
100.6723
101.3617
101.4027
