87.01939
88.47881
88.26706
88.98781
88.5884
87.47016
85.96199
85.90879
85.32502
85.11597
85.31025
84.6785
85.11612
85.29638
85.27835
83.84239
84.03022
84.84617
84.99184
85.94276
88.24384
88.21092
89.71282
89.6156
88.20058
87.05665
86.36273
85.52014
84.24298
84.99458
83.86604
84.7402
86.09373
87.00587
84.86229
85.85039
87.04101
87.76707
88.55356
87.57272
87.08499
86.84395
86.86689
87.97644
87.92779
86.73803
85.27607
85.38377
85.8872
87.01757
87.04421
86.34484
86.2068
87.6911
88.11509
88.65695
89.64108
87.16
87.5355
87.49099
86.87208
86.72021
87.29975
85.70508
86.92244
86.24962
86.65409
87.95651
88.35397
88.59956
87.41184
87.56522
87.95189
87.19575
87.12262
86.44706
87.14693
85.22451
84.93696
84.91464
83.32922
82.99255
82.992
81.97586
83.91331
83.29817
83.13105
83.41483
83.08152
83.88189
81.57559
84.47071
85.86522
85.84039
84.99183
86.56699
88.37785
86.06041
87.54619
87.7257
88.19745
87.22822
89.03892
90.06725
89.24373
89.72961
89.74803
89.7295
90.75459
90.24199
90.0769
89.17613
90.92034
91.50208
92.63859
93.51192
93.4693
93.09213
92.60261
93.59231
93.24877
93.61501
93.85229
93.23208
92.36309
93.78656
94.46609
93.26175
92.22705
91.74089
92.34371
93.80235
93.58342
93.47025
92.27011
90.65709
90.8035
91.07092
90.74098
90.81607
90.7778
93.02476
92.54926
93.10957
92.95137
93.67944
94.43826
95.44254
95.88831
94.77587
94.60899
95.04783
95.81253
96.16384
95.3683
93.1126
93.20007
93.92713
93.5562
94.09838
91.85337
91.95884
90.64369
90.49676
89.1111
88.06647
89.4763
89.07526
90.66347
91.58637
91.75308
91.61105
91.47015
90.53237
89.8647
90.28861
88.28471
88.81289
90.26335
89.56706
91.14619
90.18498
90.2256
89.99951
92.70709
93.18314
94.85076
95.55793
95.51917
95.33181
95.29794
96.55334
96.46968
98.06854
97.79926
98.76452
99.60852
97.98534
97.40345
96.92822
96.52893
95.52393
96.90067
96.15325
97.60699
99.22246
100.1798
99.22075
98.47179
99.32473
101.0874
100.1319
99.35609
101.3733
101.357
99.52145
98.22197
97.74769
98.25873
100.0524
100.2435
99.48878
102.3546
103.7473
103.7305
102.5308
102.9087
103.2447
103.2364
102.7596
103.0626
104.0887
105.3621
104.2899
103.1043
103.7426
104.1641
105.0779
106.0894
105.5196
103.8676
104.7166
105.3241
106.6767
106.0607
106.7825
105.9516
105.3045
107.8545
107.8064
108.0811
108.8922
111.3657
108.4946
109.8309
109.0755
110.5211
111.0834
110.9743
111.4636
111.0793
109.2631
110.2637
111.1474
112.5639
112.4243
112.336
112.8094
111.8601
111.0745
111.7348
109.7638
110.2326
111.7143
110.9626
111.4893
111.5639
111.422
113.1068
111.9482
112.2982
112.9641
113.0757
112.9127
115.3108
117.014
116.3018
115.4125
115.4931
115.8947
114.5312
113.6144
112.9361
113.6193
114.1461
113.6604
112.7218
111.4552
111.1792
110.2321
110.7666
111.5285
110.1573
109.4501
109.3034
110.3816
109.1591
108.5982
107.7876
109.9669
108.5411
108.452
107.9962
107.4353
107.204
108.1422
107.4277
106.1757
105.365
103.4077
104.0945
102.5899
102.7238
102.8723
102.1468
103.7616
102.9591
103.5046
102.9166
101.4036
101.2107
100.9565
102.304
100.582
100.1193
101.0188
103.7581
105.5559
104.7337
104.6114
106.594
106.7277
106.3617
106.8955
107.2345
108.2334
106.734
107.0982
106.7128
109.0556
108.674
110.4099
110.2842
110.2864
111.3477
110.7535
110.715
110.4852
108.943
107.481
108.938
108.2325
109.3611
108.844
108.2524
109.5286
108.9867
107.6649
107.9256
107.5332
107.509
106.772
107.1793
105.3245
104.9617
105.7883
106.6841
106.5416
106.8187
105.6707
106.0251
104.8601
104.7278
104.1659
103.0783
102.7859
102.2442
102.9386
103.1245
105.4426
106.2089
107.3477
106.27
107.6929
106.2549
106.0598
106.2388
106.6556
108.9581
109.0689
110.1174
111.4808
111.0522
109.3398
109.708
108.5699
108.8415
110.0002
111.6535
113.0182
111.332
110.7635
110.3803
109.4654
110.2056
109.6684
110.1172
108.7813
109.8177
109.0962
109.6572
109.9935
108.8681
109.3062
109.8627
109.5808
109.6845
110.4825
110.3389
108.9018
108.0858
108.4967
108.1148
109.475
108.8086
105.8489
104.6081
104.2871
103.0638
101.2669
101.0296
101.2159
99.50669
99.86585
99.88447
100.5422
100.6025
100.9928
102.0691
100.3952
100.569
101.6292
101.2807
102.3536
102.9857
102.3905
101.946
103.0062
102.578
100.6325
98.76037
100.563
100.2306
99.3356
99.61955
99.1393
98.67259
99.36612
99.12253
98.83497
99.70654
102.4648
101.8973
102.257
102.016
102.4016
103.665
102.2004
102.772
102.2772
102.8851
103.0548
103.2812
105.2092
104.7353
106.0742
106.5735
107.4347
107.2928
106.5755
106.8775
105.3327
106.1695
106.8116
107.8011
107.8059
108.1822
107.3491
109.347
108.6676
