130.2116
516.4229
565.2993
494.1165
669.6851
599.1255
559.6289
593.2847
562.8648
552.2275
576.4272
561.237
594.7447
588.8586
564.0826
698.9411
528.4548
592.4952
517.394
461.3056
542.7375
604.5948
619.8192
560.6841
502.3285
616.6827
675.6845
612.1482
534.7084
530.9724
629.9337
759.6951
587.4718
560.0768
548.746
526.5952
659.9611
633.0187
652.6275
568.0583
578.7423
548.301
623.9068
572.7677
612.2122
658.982
518.0869
577.4093
733.1375
559.438
628.9664
601.1922
639.8232
578.1039
494.7775
654.0533
560.2939
584.5649
572.6214
590.6038
562.7583
666.0142
607.1534
573.4681
619.7838
612.9881
700.7098
582.4698
557.474
567.7963
550.6778
617.3405
527.8717
615.5525
602.6497
676.3308
586.8528
551.7649
702.5151
603.6413
546.7471
648.8822
558.9812
544.1058
515.4118
582.4781
602.4958
544.624
495.0246
602.5812
612.1703
630.8182
559.4534
697.2959
700.8747
561.0513
548.4493
594.9463
573.8799
539.1062
527.6167
540.7
563.6389
560.5004
603.7163
527.1014
567.9489
624.0181
525.0052
687.3079
559.547
482.007
568.3227
575.3715
615.9531
534.7256
490.7646
557.001
651.813
601.606
644.9727
606.1213
507.5465
540.498
550.781
531.2105
614.4382
621.8833
604.8595
551.0234
556.5812
581.2544
615.6929
615.1342
665.1036
660.0282
594.6588
567.6801
573.787
574.9194
696.8892
599.4599
587.6338
602.5771
615.4738
625.1642
535.7351
613.0701
713.8537
551.5084
614.5823
602.1409
567.5214
640.1559
586.9596
605.1895
540.6264
518.5481
514.8653
615.6853
592.6543
639.5051
574.7429
566.8298
479.4979
588.7857
509.5188
630.8882
515.3762
579.0952
568.9417
599.0999
665.1202
533.5988
566.0478
628.1058
495.2541
548.2198
664.0709
534.2685
498.5243
537.0563
574.3541
551.4683
547.8767
572.9008
526.1123
559.6762
572.0002
564.0262
613.9016
482.4409
514.3569
545.9402
578.84
587.6543
576.7906
583.7299
546.1875
533.8578
567.151
567.7795
688.8266
595.5863
511.3484
616.332
638.8637
672.5613
612.4835
573.1701
544.0703
529.5876
555.4207
593.1348
587.2344
510.4234
560.9322
615.943
542.0205
593.0078
575.2924
512.8169
556.7879
538.0502
573.9016
561.0927
631.5097
558.9546
684.074
552.9337
563.1488
642.9073
533.5992
671.7672
576.8928
518.1609
607.1831
628.0222
569.2204
593.6587
608.1848
556.3862
612.6184
498.2468
523.9945
603.6532
587.1659
548.5586
532.1537
525.5049
553.0173
564.2895
516.9866
513.6686
585.4793
605.7631
590.0222
521.2809
492.374
493.0825
561.2563
647.4561
652.3222
611.7133
572.3433
585.6935
648.5366
559.7729
758.6452
518.4293
555.8347
591.3159
566.7148
654.9707
663.1014
617.7263
637.5419
681.8211
599.3753
637.9794
614.4053
587.4148
516.7812
543.0546
492.6193
627.539
714.2965
627.8939
569.0272
602.5633
511.7923
593.9977
642.771
643.5604
607.5349
526.4876
528.6114
620.1236
600.0658
595.2813
519.7141
514.3244
565.637
590.2972
612.3792
545.2048
503.0605
578.7447
587.197
544.0831
569.1699
584.1617
535.009
630.2785
635.1086
611.7062
566.7098
596.3415
566.8938
531.327
587.5156
594.126
525.3892
580.0691
570.6776
573.5578
650.4023
589.3553
604.2439
594.2653
723.2534
572.6401
631.7422
506.4122
643.6725
563.0614
542.2143
538.7834
534.6437
556.1616
581.8935
526.0054
519.1507
678.4744
632.1386
598.0735
704.8452
505.864
583.9092
665.0542
579.6357
604.6434
556.0749
521.0023
619.8951
547.6391
593.0316
573.0779
535.7474
542.0687
569.3363
537.9253
595.2002
597.7635
657.7495
615.043
533.1656
611.1766
563.6256
621.6415
611.0673
528.484
611.6845
586.5533
592.404
629.3784
522.4087
621.3529
610.8347
644.6428
624.7112
583.7773
625.1807
585.637
515.9183
543.5342
606.3796
549.883
626.3802
559.6552
572.8139
629.8226
596.0348
560.6341
529.5808
645.8349
583.1484
633.557
581.1979
491.1921
505.3009
547.3597
547.522
622.7146
562.2301
515.3815
526.58
606.9677
555.2709
655.0059
616.855
631.934
560.2751
622.1701
515.2089
593.1304
547.7713
544.4263
620.5982
540.6365
608.0467
613.2571
632.471
539.9318
600.2958
566.4331
523.1191
567.2763
579.8346
543.2511
554.2109
559.3577
615.0542
609.9098
553.3588
541.0333
523.3241
613.7357
575.0891
651.216
672.2337
523.1274
592.2751
624.0537
548.8531
589.3967
594.4032
489.3007
529.9308
520.2341
561.7511
504.2974
512.2172
611.052
616.7305
610.383
565.7092
558.2608
640.3134
609.6003
629.5938
566.8677
659.1762
622.0757
556.3071
582.2075
534.2415
580.8016
594.7514
629.9957
573.1821
665.8347
629.3997
526.293
529.678
533.3349
655.9661
535.9241
680.6868
607.2285
634.3026
604.0963
620.5491
578.7202
667.179
554.9511
568.7891
571.508
536.0717
597.5068
559.9951
541.3004
679.787
472.4315
615.299
547.375
593.293
637.9904
586.2856
631.4755
