104.0457
103.9797
104.1864
104.3597
104.7362
104.2609
104.6525
105.3163
104.9065
104.4354
103.3157
102.9018
102.1678
102.2761
102.2936
102.2826
102.0808
102.6409
102.4145
102.6646
103.2689
102.3935
103.0796
102.7001
103.507
103.3424
102.9708
102.944
103.4201
103.5528
103.5605
103.034
102.5105
102.4473
102.7193
102.3982
102.4273
102.4502
102.6503
102.6765
102.5615
102.353
101.7649
101.778
102.0426
102.0878
101.9822
101.7195
102.2586
102.5362
102.4224
101.7883
101.7707
101.4265
100.6762
100.7027
100.2749
100.0441
100.062
99.30148
99.05964
99.20922
98.77136
98.2579
98.7011
98.5636
98.83625
98.58169
98.603
97.66852
97.46599
97.97503
98.74226
99.36687
99.60277
99.15921
99.47238
100.1257
100.016
99.74009
99.64652
99.90684
99.86388
100.5153
100.4431
100.6311
100.2885
100.3127
100.0901
100.2267
99.86776
99.60956
99.93129
99.29605
98.44128
98.03886
99.40731
99.24683
98.89209
99.10569
98.57421
98.1148
98.18355
97.2928
97.56741
97.23554
97.7153
97.33941
97.53736
96.30582
96.35975
96.28844
96.05618
95.84016
95.51724
95.54564
95.73953
95.34304
95.64058
95.20339
95.52949
95.5773
95.96397
95.66778
95.8529
95.34768
95.39466
96.15705
96.43079
96.14064
96.2846
95.91811
95.73908
96.3861
95.94795
95.75173
96.01595
96.37989
96.21196
96.47242
96.33506
96.60975
96.61218
96.51928
95.49247
96.06625
95.93591
96.2243
95.38292
95.86373
96.86205
97.06182
96.46009
96.63917
96.60441
96.25314
96.17704
96.381
96.66924
97.41742
97.16853
97.4161
97.05117
97.72397
97.60959
98.16565
97.40981
97.73002
97.20807
97.16614
97.48536
97.68162
97.381
98.3364
98.54605
98.15516
98.35266
98.48023
98.99732
99.05235
98.68151
97.82139
98.04227
98.56209
98.2749
98.03354
98.34116
97.8822
97.70826
97.69949
97.68785
96.89443
96.83416
97.4458
97.5595
97.34614
96.99448
97.02891
97.17512
97.41554
98.35782
97.8705
97.79814
97.20789
97.66623
98.00883
97.44363
97.42285
97.37439
96.92103
96.37953
96.54083
95.92357
95.78678
96.17354
95.92046
95.45778
95.99922
96.06658
96.18596
96.01474
96.87746
97.03565
96.56734
96.3337
96.79521
97.3518
97.34473
97.38196
97.54983
97.69309
97.43065
96.85763
97.06404
97.11215
97.07673
96.98299
96.35154
96.34886
97.02219
97.26157
97.473
97.81747
97.54845
97.8505
97.95152
97.62145
97.24895
96.54176
96.82237
96.21298
96.30218
95.96962
95.91405
96.11375
96.50765
96.6977
96.61305
96.46327
96.4998
96.89193
97.20421
97.1226
96.78019
96.15724
95.46141
95.69905
95.12231
95.37173
94.85955
95.00822
94.97615
94.42483
94.56617
95.00452
95.42454
96.27387
96.31321
95.68367
95.55068
95.62945
95.22174
94.82433
94.64989
94.7997
94.9355
95.48964
95.45304
95.34319
95.78825
95.67819
96.04574
95.86644
96.10062
96.27099
96.81441
97.25395
97.70694
97.23968
97.92805
98.16182
97.98472
97.67055
96.90127
98.3102
97.83217
98.69519
98.66269
98.87255
98.29301
98.46999
98.33801
98.52319
98.4698
97.95808
98.99577
97.61865
97.23741
97.55644
96.78124
96.15289
96.12565
96.62961
97.23714
97.8742
97.46796
97.16187
97.31549
97.91618
98.04441
98.40803
99.15926
98.46993
99.1183
99.5368
100.5064
99.57168
99.38169
98.15046
98.20416
98.22624
98.52757
99.36756
99.24304
99.05201
99.75919
99.43702
99.8022
98.64622
98.5842
98.6802
98.56586
98.43678
98.75749
98.80426
98.75093
98.81828
98.83629
98.75188
98.69174
98.97365
99.344
99.25272
98.73971
99.08247
99.15921
99.23605
99.26747
98.92654
98.81919
98.88051
98.35867
98.02897
98.24278
98.83207
98.7052
98.36231
98.07285
97.69575
98.19822
98.04711
98.17296
98.37911
98.70388
98.20835
98.27334
97.33407
96.87189
97.45778
97.89845
97.12004
97.93386
98.28446
98.69307
98.02383
98.05071
98.13958
97.82809
97.27606
97.77187
97.53868
97.59042
97.85299
97.47406
98.76086
98.19459
97.79481
97.66473
97.79069
97.33412
97.88533
97.96795
98.11419
97.93239
97.30602
96.8543
96.61014
96.89462
96.81491
96.59388
96.64946
96.53923
96.84854
96.5787
96.02704
95.98415
96.4168
95.95627
94.90814
94.73195
94.72523
94.72804
95.64552
95.76326
95.38176
96.34644
96.35428
96.12774
97.02629
97.17463
97.60943
98.03975
98.09766
98.61334
98.17795
98.25891
98.38
97.69833
97.74303
98.24025
98.74937
98.62954
98.86051
99.90258
99.65456
99.18518
99.09576
99.48595
100.4301
99.67235
99.93289
100.0657
99.74659
99.91599
99.85008
100.1981
100.3532
100.319
100.4069
100.6188
100.5639
100.2244
100.4355
100.3472
100.3006
100.1341
100.5273
100.9168
99.89534
99.19414
98.12099
98.01408
97.53687
98.02133
98.41481
98.38927
98.359
98.77749
98.57431
98.60148
99.19938
98.99482
98.90636
99.20302
99.9867
99.37819
99.1657
98.72959
98.29056
98.42735
