96.84581
97.21297
83.98386
83.89841
74.3738
74.14854
60.38664
47.18591
33.05163
24.00582
23.20688
21.07964
23.39251
22.78957
18.9435
19.83352
21.89741
20.79153
21.05157
21.19888
21.38618
23.1492
25.15982
20.86523
23.48328
20.42591
20.41159
19.41724
21.89421
22.61306
20.4685
22.66324
21.43577
19.7953
24.84564
21.30608
20.19919
22.9462
21.47809
24.06745
21.37379
19.40076
21.77275
21.16228
23.24442
22.72974
19.38425
21.85966
24.44468
19.0816
20.12928
23.60144
21.66564
20.3888
23.00555
23.01316
22.86402
25.38534
20.55378
20.51055
20.45469
19.19569
20.46401
21.73731
19.49091
18.01963
21.49595
20.52398
22.05151
19.45117
20.80562
23.77896
22.05872
24.1869
24.66513
22.04954
20.80713
18.73711
22.27677
22.31119
21.52259
23.94142
23.32335
23.52657
22.28908
22.8693
20.51156
21.72919
21.71313
24.12622
21.6755
22.17915
21.28117
20.39145
21.45997
28.55226
22.51709
20.55686
22.70996
21.40311
24.87266
22.56513
22.62203
24.50976
21.54465
24.20497
24.85955
24.04214
23.19793
24.05368
21.87561
22.42544
21.77978
22.0928
21.96335
21.96867
23.14732
20.76416
22.65985
22.26901
24.72767
21.26373
21.03204
21.19214
21.67049
20.98292
21.11515
20.8003
22.06068
21.64791
23.0879
25.3351
21.5214
19.74351
20.98604
20.75928
19.86224
20.79762
20.79143
20.77831
22.50678
20.7386
23.95588
20.21073
23.33771
20.69513
19.67005
21.98166
19.83859
22.95074
21.39408
19.88766
22.45194
21.4381
22.99514
21.64519
22.84907
20.93546
25.15287
23.44926
21.55917
23.71635
22.34509
20.63717
22.18843
22.11921
22.19214
20.26973
21.10985
23.95592
21.45526
20.87358
20.49754
23.3988
22.2693
20.0289
20.71574
20.84946
21.53309
22.43225
20.55754
20.98993
22.51245
20.02074
21.26242
20.39379
20.68001
23.84466
22.51714
22.23979
23.08675
20.91843
22.15507
26.64391
22.24876
21.68219
22.48997
20.6179
21.44865
22.69643
24.79532
22.76628
21.03786
22.55157
23.63609
25.16534
21.11118
21.68552
25.67301
22.17905
20.62946
20.27301
21.92092
20.76121
21.30276
20.85584
23.01605
27.71467
21.24251
22.49582
21.61723
21.61962
21.24262
18.8577
20.16204
24.46663
20.31049
23.85715
21.79524
22.21671
23.01721
21.73471
22.06159
23.7047
23.13475
21.45318
21.22969
22.25358
21.70208
20.28453
20.76811
23.71357
21.94176
23.33309
21.2697
21.17021
24.29145
22.63945
21.08835
22.60809
22.21842
22.4488
20.62084
20.94972
20.73948
23.4838
21.51705
21.70453
19.60558
24.09833
23.57239
22.94212
20.57877
23.42865
23.15819
22.56025
20.11964
24.37054
20.71987
19.33726
21.03525
20.41269
19.94515
23.18757
22.57615
21.4871
21.89157
20.37809
22.45669
21.61935
23.64442
19.82307
22.23572
21.42197
21.22296
20.05129
20.95124
21.12833
22.68362
20.11798
21.97852
23.00181
21.15776
21.16773
19.84104
19.31523
20.77587
20.64494
21.38097
20.20184
19.2184
22.45459
21.87158
20.71438
22.59818
24.24511
22.28988
20.98411
20.37516
20.20755
20.97091
22.58964
20.80217
24.95409
21.49674
22.8572
20.84387
22.01505
21.96261
25.1297
20.35569
21.0629
21.51083
22.95703
21.38139
21.03944
22.50297
20.39057
23.411
22.82856
25.06545
23.09667
22.08596
21.37337
23.33335
26.02653
21.55594
21.94331
23.81546
21.00245
20.77423
21.7213
20.39488
25.21956
20.92055
21.59662
19.41126
22.55629
21.30501
22.04881
19.37694
22.36044
20.38162
22.92228
22.63814
20.90755
21.53875
18.82949
19.87402
22.97991
20.27943
21.29569
22.90379
21.94081
22.58305
21.27228
20.61939
23.26007
21.16815
21.38924
20.50063
22.90253
20.64366
20.53173
23.54287
19.52368
22.05214
23.04007
19.12983
19.86697
21.83019
21.05351
20.50517
23.89772
19.9433
19.473
21.66331
21.98875
23.51687
21.56329
21.71913
22.97485
21.65578
21.90132
23.69336
24.08602
23.36431
21.66235
22.54826
25.02223
21.18573
19.74374
20.44168
21.94721
20.10447
19.72832
18.62699
23.43256
19.53417
20.83139
23.85849
20.57569
21.06333
21.10768
21.24769
23.04805
22.8308
21.35906
22.12277
20.87607
20.76916
22.74417
22.31104
21.01974
23.7926
24.06064
20.5859
21.47417
22.25626
19.88225
19.95601
19.31679
21.27711
22.9891
23.86142
25.19614
20.66623
22.20706
25.47695
20.32904
18.53438
24.32639
22.50162
23.11726
23.44407
19.77051
20.89536
20.07665
20.96888
21.48976
23.96154
20.07055
21.48824
21.21054
21.63255
22.27889
22.64034
19.65156
23.04575
24.17013
20.80971
20.62552
21.33278
21.78396
20.13212
19.94766
21.20742
21.40726
22.41528
20.73613
24.1144
19.74586
23.60335
21.25776
22.64192
20.84129
22.61649
22.55395
21.3551
23.29737
23.84607
21.80979
19.65835
20.26608
21.87594
22.51442
23.91759
20.85331
22.03059
22.61716
23.21222
22.0138
24.74447
21.62271
21.95185
21.83911
20.85467
23.9792
20.73075
21.85217
