62.78172
115.0069
74.95798
51.3797
55.20021
56.90508
148.8308
499.2493
12075.29
14808.16
19710.97
17858.69
16079.99
17780.45
16811.65
15649.31
18551
17484.15
17773.98
20867.46
15322.51
18437.5
19700.09
21050.41
18524.05
20509.12
18676.87
21127.2
18861.68
15017.91
19444.27
19368.16
17808.99
18544.65
20214.87
17925.98
17542.23
17514.24
19532.66
22719.45
19057.89
18119.51
20150.04
20303.78
18658.78
20217.25
20092.38
20419.17
20715.65
17860.31
19486.06
17630.7
16925
18500.46
22275.8
18727.74
19683.18
18290.66
18131.58
18741.11
17164.45
16297.45
14655.72
17846
16835.46
20125.48
20715.56
15574.79
15900.88
19867.37
18310.1
17555.11
20374.05
17423.93
19275.67
17492.9
20313.19
17794.74
17486.46
18484.67
16024.31
18137.66
17862.37
18605.33
17688.57
17725.43
18500.93
15436.52
16982.21
15969.63
19822.69
17968.95
21623.17
17604.03
17427.27
19759.04
18673.34
19977.08
19432.49
18456.48
19119.82
21802.1
16888.27
15264.88
22405.41
18152.78
17664.66
17445.17
15805.78
18885.21
18201.69
20236.1
16735.3
19422.63
20043.52
17752.56
18255.28
20807.42
17985.88
16704.9
18153.39
17544.74
19219.06
19244.56
20319.77
19686.56
16915.07
16194.11
20608.85
17047.58
17098.63
16938.5
17391.84
17276.47
20812.94
19010.66
19488.11
20694.48
19513.66
19094.95
21860.6
18530.06
16609.22
14359.73
18502.22
17767.8
20082.09
19113.01
18176.02
16763.08
20722.74
20248.05
18728.16
25068.51
17604.18
18017.24
18423.57
15328.8
20703.68
17509.07
20743.78
20752.05
17813.48
15783.46
19036.03
21830.65
18425.37
19459.86
22017.04
20176
18690.4
20235.36
19795.19
17411.16
21425.5
20011.66
17978.43
17551.14
17950.2
17219.8
14946.93
20552.31
18026.43
18628.52
16831.24
17905.2
17143.58
16096.88
22181.14
19569
17777.85
17212.61
20754.58
18569.28
18150.45
15181.97
18712.21
21360.31
16154.41
17967.34
16717.43
17716.89
18010.62
19186.28
17500.77
17180.39
22016.93
20046
17519.94
15882.49
17138.05
18445.87
16687.87
19831.42
19296.78
19934.21
19093.32
15820.69
21969.04
18618.46
19002.7
17523.03
20188.32
15555.68
19361.35
19413.62
16502.59
18340.77
19932.18
20920.61
17456.53
18059.01
20098.84
18988.67
21605.57
19881.5
16485.02
15950.04
14935.85
17832.75
17587.59
19079.83
20580.9
18606.79
17142.64
20224.38
19635.07
20703.32
17801.62
21299.07
20485.05
18885.02
17866.44
15886.73
19916.78
19171.64
19174.15
17552.94
16085.55
16087.56
20608.12
17507.92
16728.15
21305.93
18511.22
19639.93
18595.54
20126.97
19240.05
21404.93
19756.33
18135.14
17804.39
20457.47
17897.27
20195.63
18815.7
19340.95
20181.65
19083.45
18386.69
18736.45
18429.75
19834.33
18321.82
18278.6
17630.49
20070.03
17627.81
18775.33
16528.82
17927.59
19594.6
19204.22
19907.39
20238.48
19872.3
22053.79
17904.14
16458.13
20130.27
17466.5
18183.54
18080.88
16527.09
20157.17
15964
20131.92
16779.65
18625.63
19455.98
22458.53
15103.22
18038.06
19225.5
19621.88
18963.05
20136.21
19714.64
15460.54
18916.83
18498.14
17164.76
20208.96
18350.46
19326.39
16115.34
19468.18
18121.26
20250.93
19473.01
17708.94
19978.64
20096.18
20040.71
19361.39
17396.63
16636.8
16997.14
16560.84
17494.2
20345.41
17600.41
17559.65
17572.15
20322.29
17395.81
18729
19853.24
15571.05
18032.11
16255.55
16126.84
19141.79
16825.63
18138.53
18253.46
16248.13
16970.89
19349.11
21024.79
17726.01
19843.32
16960.07
21263.74
16552.54
17944.48
16225.05
17658.68
18656.49
18592.02
18865.52
19741.81
19723.27
19324.46
19947.34
19537.63
20610.63
18354.21
21688.13
18591.31
17096.28
16421.81
17514.34
18854.97
16977.77
15935.66
17330.88
17465.43
19580.58
19402.4
16769.98
19588.39
18803.48
20290.82
19164.3
17340.63
17606.36
19418.29
16945.7
19382.56
16852.87
20072.23
18664.26
21290.56
17144.02
19679.59
18837.27
17033.78
14360.52
16498.68
16941.61
16160.39
19224.18
19034.12
19647.47
16767.8
21853.34
17263.49
15806.72
18581.81
20177.47
16857.38
17883.29
15616.73
17541.34
18848.97
17132.9
16381.91
17339.04
19941.72
21017.16
19003.1
16509.66
17694.52
17362.49
18453.45
18002.25
18447.76
17317.98
17476.8
19454.51
16576.63
16479.29
19315.14
17668.34
18435.58
18167.85
19059.39
19749.95
23019.28
17057.21
18266.35
20537.38
19590.94
18124.11
16312.66
17600.57
19996.23
17068.7
18720.46
14861.55
17312.23
17062.74
20193.4
18130.83
19221.42
18763.78
17544.29
20163.52
16901.77
15346.8
17396.98
21697.2
17452.25
16828.25
16326.73
17846.47
15707.32
21159.77
17702.03
19048.91
16276.65
19576.21
18710.66
19465.96
17114.3
17739.07
22346.96
18213.98
22403.67
17343.76
19583.57
17675.97
17412.76
20380.66
18304.16
18241.57
16017.83
19618.25
