289.2044
162.4038
110.5361
144.3821
139.8936
157.1366
201.1738
217.5642
174.8922
138.7337
138.8944
159.4131
198.3423
179.4572
169.7663
167.3005
146.4962
159.7081
169.4073
164.2171
133.4368
170.9615
132.4328
143.6425
171.0502
131.0788
119.4458
145.051
139.2827
187.0358
207.3137
163.6504
161.6387
163.0943
167.2047
146.0974
176.1467
150.731
178.9153
129.3335
194.3887
176.8266
162.1831
185.2985
164.2484
157.2002
114.2594
136.7055
158.7296
162.9733
191.4005
158.9543
157.2306
185.9503
129.3242
159.4351
180.8926
148.8541
152.7853
138.5666
120.7112
165.0497
176.0431
194.6912
165.1198
124.1845
132.2821
172.9729
131.2817
154.8785
156.0919
225.586
133.089
161.2366
153.9227
108.1595
126.4817
153.2115
161.2493
225.7383
193.3714
182.593
160.4019
143.4264
179.794
148.9254
174.0542
141.5025
181.4852
162.0683
141.2421
219.5542
195.2343
226.0848
165.9084
149.5421
163.0292
147.3971
137.6961
114.8726
119.9724
168.1022
167.9884
132.9573
183.7623
154.5379
139.4355
156.3118
142.0254
131.0758
106.6799
147.2965
132.3227
141.2202
133.3615
141.9563
141.7222
148.863
167.2931
119.2295
124.5726
163.4677
199.5932
167.9026
171.417
161.7355
138.5566
143.9481
183.5356
173.5295
145.9248
166.641
172.602
209.3269
158.9932
137.9707
161.6991
160.8092
184.7898
165.4084
170.7879
165.4084
163.7187
148.544
144.94
166.8536
145.0301
191.4678
165.5968
154.5884
161.4949
187.2356
173.5962
150.0681
136.2091
179.031
181.9629
134.1918
157.3275
177.1938
156.8879
125.6051
140.2649
156.6797
152.0335
143.7699
163.9475
148.4644
195.3712
161.8196
177.0064
162.6151
140.6621
129.7361
146.6189
165.7441
204.6037
172.2548
139.4671
160.6844
189.9449
173.7783
119.9678
117.3049
131.0877
166.9365
184.0413
162.3328
168.4294
199.3412
137.3229
132.6773
132.0031
150.1926
142.4474
124.1512
129.2915
160.6771
150.361
164.967
132.2853
104.3769
107.1761
119.2817
147.3617
156.9308
163.2865
132.1684
149.8243
160.6851
167.6779
118.8674
133.6205
105.8602
129.5332
134.8508
121.1436
120.1191
133.3431
141.4678
161.8121
142.4915
175.0488
131.9081
146.1695
143.8955
166.9464
133.1835
116.1915
182.8792
140.9558
172.7689
164.0308
142.4526
168.641
143.8011
157.0575
162.3451
159.1195
156.2013
147.407
145.1128
150.4941
200.333
183.9902
183.9908
174.4852
174.6239
217.4586
205.5971
169.1319
159.5217
213.8649
132.7837
171.2089
155.3558
201.1801
152.6605
194.2527
167.5551
185.2737
150.3929
147.0404
143.3963
161.3753
101.8387
120.912
111.6863
132.103
156.6425
115.4508
132.7581
129.1794
135.5491
152.2602
140.9673
156.2483
155.0593
157.5755
128.0443
133.0105
191.7043
178.0906
191.7684
174.132
179.4719
196.9606
216.6975
156.92
147.4854
174.0088
166.0714
152.8148
144.7972
164.5763
167.6787
147.3741
131.0844
113.9055
144.6512
144.3459
143.4284
174.7446
228.0518
258.8099
160.4541
144.3077
173.1458
169.6089
168.2583
151.6292
231.7337
203.2665
194.2373
177.2956
165.1083
160.5455
155.9928
179.7999
172.9395
179.4032
177.3255
140.6406
143.4882
148.1228
149.3346
138.6426
162.2601
140.0767
140.7091
145.1434
163.1014
174.3997
137.25
157.1747
157.5402
159.6198
140.7612
121.2341
132.6531
176.9336
160.9084
159.774
136.2754
119.6786
132.8159
163.2192
150.5201
129.6183
132.6749
90.33355
98.15685
132.9154
124.2642
156.07
162.4233
108.6918
135.5711
139.079
152.3695
142.6111
136.0203
131.8917
151.2574
182.9769
163.5158
140.2178
123.6805
121.4164
152.7634
168.2623
183.3814
151.2204
181.4812
195.4388
180.9006
162.9085
164.3923
149.2117
168.4989
188.9275
156.0542
151.4184
205.1985
170.9348
163.4439
109.9857
154.6472
150.8558
133.6258
147.688
139.0126
153.5264
162.8792
134.4797
127.4864
151.3882
134.6886
134.709
152.9542
145.0823
125.4522
153.7558
134.858
154.8902
202.2735
173.2095
145.4619
134.517
121.8669
115.099
154.531
185.8918
143.7315
160.4782
212.6359
163.3227
121.7344
166.9072
142.8966
141.9766
171.5837
147.4022
122.8407
136.6288
139.2515
165.447
154.613
168.8035
163.4747
153.4358
160.6204
156.5908
172.3374
199.0582
166.6127
132.7139
150.7587
151.6764
133.987
133.5021
160.5916
154.3166
143.0187
153.7018
143.4671
135.2854
128.9175
149.3555
187.1406
130.7991
137.6293
141.1192
145.1663
152.4553
129.6068
150.0101
156.5872
160.9256
143.7385
111.6323
166.323
117.2545
122.6053
131.9174
116.2133
145.0882
159.4701
200.3211
140.2836
137.9024
156.9713
136.7815
136.9482
144.9933
149.6574
176.0522
168.4896
135.8711
125.9938
137.8933
143.694
190.3849
141.4604
208.0789
187.6943
139.4382
138.743
130.477
150.3064
154.1151
156.5033
154.2074
162.6331
150.0153
150.0505
132.6714
107.9832
105.9646
119.6692
