89.97524
87.42946
92.03472
90.47375
84.43712
83.75645
94.96079
86.86991
87.24329
80.26996
101.8148
75.19282
79.03863
105.783
82.53654
83.8977
89.25384
87.22902
73.35243
75.11558
85.0934
100.8895
88.94772
93.54307
80.37818
95.16024
80.41542
90.53695
78.75912
88.05791
78.95851
91.60314
86.06967
96.60717
92.84705
99.22008
83.84983
96.56444
93.7327
77.32213
94.81745
74.94052
90.82693
118.4354
92.54987
96.33966
94.33767
83.52884
90.27404
78.94989
98.34223
88.95498
76.89711
91.80514
84.475
90.96153
77.27244
98.00669
85.02305
89.71404
90.57867
92.82792
84.0437
88.83222
76.9684
86.76313
81.58866
96.30732
110.596
89.7127
95.10629
83.86932
86.71943
81.60843
97.9544
85.51565
86.94613
83.26721
92.63139
90.8955
80.59897
89.37893
84.44317
83.35188
93.84631
93.05235
86.19898
91.2117
96.23546
85.22554
93.45521
90.71931
91.72381
76.92114
73.78612
83.57787
79.39141
85.66499
94.44286
87.41139
86.05074
81.06298
79.25143
85.68312
87.51808
83.42042
87.06976
95.55251
96.13126
75.68074
77.72013
74.04859
81.24803
84.61428
72.40674
88.02515
84.48801
89.49382
81.60443
75.63625
85.40567
83.04596
87.63057
89.74311
84.32498
81.80605
75.18188
80.19099
86.16931
83.26803
79.64669
93.02981
100.1792
91.89593
98.3416
98.8749
94.95325
84.24294
81.44441
83.76235
88.32973
82.18665
84.60021
84.36314
90.47614
89.13304
78.58258
77.14138
75.33187
80.15441
74.47899
77.83629
79.31537
80.87015
76.67573
88.51657
78.23843
90.04426
83.34623
90.85952
77.2055
84.71645
80.53584
78.73221
78.70048
83.51519
86.16756
93.27217
89.65095
97.53486
91.37689
94.35286
100.4315
73.92909
90.05306
85.74642
85.95318
102.7089
92.80679
79.07895
80.4806
77.68969
87.7098
82.35992
92.02209
85.00392
85.43198
91.61986
83.36553
88.5326
93.0448
86.96403
88.4109
85.86305
80.2715
82.38785
78.41336
89.41218
90.2866
78.45085
90.77637
97.0716
84.81769
90.75324
83.2287
89.29316
83.65532
85.98355
82.81542
75.95355
88.74735
76.81731
87.81512
88.52291
83.11802
81.13559
88.43339
69.69341
77.79518
75.07308
79.46613
87.17953
96.81768
70.67368
86.09974
104.8577
77.98603
85.67427
81.47836
69.88997
67.99745
71.50839
75.22682
71.6351
88.2747
80.70834
66.93919
77.13939
87.41895
83.23103
70.7457
78.04783
71.71784
63.95665
65.95127
72.06425
77.03258
66.6689
66.98463
68.89948
77.32647
75.9305
63.03727
78.44217
68.86918
67.8507
65.40454
58.53968
65.38091
59.91908
55.92708
63.82597
70.17842
60.57303
64.26279
62.59908
62.70897
59.50195
67.90544
79.86628
62.8275
64.28089
59.83398
60.85847
68.73213
58.40426
63.3986
71.2201
55.1225
60.4353
57.03995
66.35097
65.57053
57.77858
64.81313
65.34358
78.81563
69.74399
66.85232
73.80245
66.30355
68.15794
65.97558
64.95323
66.49602
64.62485
61.0276
69.94184
69.18089
65.83179
60.152
75.71169
60.90256
69.31358
72.90343
59.93063
56.69431
67.6953
59.14805
68.6364
64.68941
55.89829
69.51412
75.16722
63.97103
66.75578
84.20605
59.47974
62.17525
71.52502
63.81769
54.65755
51.63366
69.33935
53.21354
61.47603
73.53448
57.00369
58.72578
63.83579
54.74448
56.38586
65.07694
63.27263
61.83031
62.99064
66.4667
60.62938
55.99701
55.48222
61.54998
67.22975
68.63893
56.20107
60.48905
76.85803
65.62078
66.69094
53.9553
56.31286
59.52232
66.66272
63.12468
55.36982
63.72904
63.40429
57.73358
54.15043
57.27531
64.48923
63.29536
49.99903
54.77252
51.51458
61.8599
58.40012
65.03572
67.20205
64.232
59.37492
57.97175
57.93687
62.64745
62.78866
65.08201
68.72356
50.25822
56.49777
57.44892
57.79511
63.83145
78.65742
74.86651
71.17843
57.15492
59.30517
69.39893
66.11258
69.29601
66.67178
67.09954
67.20344
62.98517
58.92105
61.20891
63.71265
58.871
67.03423
63.8059
63.90951
71.25018
64.37134
69.23663
67.62316
69.13508
81.92053
70.25667
65.07262
74.92581
67.52789
69.94774
61.07578
65.71331
69.80103
65.51431
70.94214
63.9891
72.80314
56.96342
59.14925
55.59988
60.9479
74.13897
61.60348
69.59435
67.95919
60.95369
56.86183
65.9621
63.948
76.89726
69.5333
68.0029
69.74925
82.11442
67.79086
62.88921
68.01083
64.21595
67.98693
63.85413
68.32549
57.12061
63.00192
61.51907
59.13345
69.11826
61.27974
64.76544
61.92004
50.11568
65.17195
56.87271
59.81532
61.59643
58.49966
56.31207
58.82389
61.80223
60.65516
60.3936
56.6344
62.65518
68.76008
67.69727
71.88757
65.43358
55.90305
62.68508
68.76671
62.37789
70.2704
61.2154
57.60411
68.24193
72.03074
58.17307
61.58084
69.25004
56.90984
59.88189
71.84503
57.88991
60.58457
60.20369
57.38353
66.58265
55.57235
55.50381
70.9343
64.3504
55.70158
68.68215
66.20147
49.88035
65.69882
59.77593
65.85269
59.97911
63.58379
