85.18662
85.81452
84.39802
83.5325
83.85309
83.99738
85.08889
86.2426
85.87043
84.67506
85.0298
85.31512
85.64225
85.31096
86.52735
84.69935
86.20972
86.99479
87.65754
89.12113
89.52986
89.83223
89.94256
91.11866
92.87617
92.19479
92.31457
91.80937
91.29727
91.30444
91.17867
91.11754
89.63362
87.64471
87.53749
86.42692
85.91634
84.76977
82.46909
81.49457
82.08253
81.58483
80.53333
80.16265
79.0447
76.90448
74.10798
71.74984
70.41987
70.8009
70.19693
69.09989
67.76739
67.18537
66.96199
66.69263
64.98777
65.84766
65.44515
64.91705
66.50863
66.34407
66.0377
64.85419
65.76646
66.29043
65.95609
66.2396
66.35366
65.62744
65.97085
66.04176
64.82398
63.54031
63.36377
63.02986
63.82924
63.59938
62.46785
61.73224
61.02779
60.47425
61.57402
61.41527
61.11257
61.14146
60.55851
60.54465
62.06451
61.89077
63.05268
64.33165
64.14052
64.6262
63.47773
63.38603
64.62534
64.68718
63.36996
64.0028
61.72587
61.74472
63.13598
63.91938
64.60092
64.45881
64.3434
62.67967
63.44031
63.07013
61.91845
64.02956
64.1341
62.30649
62.6399
64.67707
64.06196
64.96678
66.08268
66.28751
66.45646
67.38005
67.41461
66.15111
67.24836
66.85919
66.82495
67.23858
67.81767
68.7463
67.82625
67.66502
67.1841
66.44119
68.39075
68.85289
68.32922
69.38955
70.58476
70.60943
70.53332
71.79793
72.24383
71.76865
71.64379
72.66805
72.73425
71.48
71.00833
73.29418
74.24235
75.72242
74.90305
76.57954
75.36458
74.96913
73.74963
73.26504
71.67447
70.3312
71.23669
69.55185
69.4402
71.73345
71.8999
71.91069
70.99028
69.89325
69.54765
68.52754
69.38969
68.70357
68.17309
70.06351
68.34233
69.24548
70.97347
71.50681
72.62656
73.6098
74.33757
75.74091
75.5235
75.65289
73.68383
73.524
73.53792
74.24329
74.59165
75.1849
75.81406
76.86345
76.06358
74.52206
74.66629
71.67914
72.74308
71.86275
71.59553
71.37806
71.07606
72.43075
74.82183
74.47542
73.23028
73.87213
72.86677
74.27352
73.09253
72.67538
71.98998
71.6861
71.69928
71.7775
71.91874
72.96656
74.1435
75.37647
76.08465
76.19
75.98494
76.69651
78.13616
77.50763
77.29189
77.05388
77.63614
78.39397
79.37113
80.0169
80.53603
80.73298
80.88174
82.66013
83.12408
85.26009
84.87731
84.50642
84.93693
83.76676
82.3012
81.34002
81.47211
81.88689
82.69446
83.65906
84.40218
84.81959
83.00333
83.8798
84.36192
84.15202
84.24836
84.66571
82.12017
81.65493
81.20762
81.334
81.42472
82.03518
81.32265
81.14202
80.33765
80.89009
80.04587
79.29291
79.54133
79.75371
80.18022
79.42754
78.06729
76.91118
77.08024
77.56103
76.76314
76.21084
77.16513
76.87649
77.4127
77.9562
77.01161
78.01734
76.44808
78.40939
79.15158
79.64332
80.45942
80.35631
79.17227
80.10881
80.7468
80.06314
78.58797
79.7917
80.10694
78.95987
79.06555
78.58632
77.4701
79.22301
78.89104
78.75322
77.46892
78.19629
81.05104
82.11066
83.55219
82.31503
80.65239
81.91295
81.61312
81.17515
79.55762
80.41296
79.57931
80.55082
82.13348
82.32991
82.89898
82.80601
83.59078
83.73039
83.12516
81.32317
81.82782
82.38499
84.81632
86.38413
85.19873
85.8048
86.88907
86.87865
87.12548
86.21932
87.9729
88.2648
89.6079
90.11404
90.44238
90.84784
89.32854
90.772
95.15073
95.68983
96.22548
94.88004
94.75354
93.75836
92.34295
92.91598
92.32184
92.97807
95.1382
94.98456
93.87285
95.50681
95.48249
95.52091
95.97945
97.30062
98.43089
99.49851
100.6908
100.3231
100.0268
100.7373
100.7057
99.2168
97.29237
96.70196
96.56056
97.12942
96.04263
95.89022
95.15939
95.30656
94.41553
94.03587
94.72365
95.11616
96.79459
96.57572
98.088
96.97639
98.08269
96.99254
95.2662
94.74876
92.67519
93.91287
93.78584
93.9196
94.35764
94.65605
95.14812
95.38805
96.05848
94.49348
94.4673
93.75362
94.39239
93.25596
94.17435
94.68605
95.30122
94.45129
94.64355
95.07484
93.51804
94.0559
95.13694
95.15762
95.37129
97.48741
95.91999
95.01961
95.31763
94.87589
94.86684
94.67573
94.92147
96.16173
98.35595
97.67822
97.34822
96.55667
96.83536
97.7716
99.07963
99.46502
99.92737
101.274
99.23695
98.10202
98.37788
98.96083
100.1197
100.1003
99.808
100.6271
100.3277
100.2031
100.675
101.1751
101.7433
102.4942
103.0627
100.0353
101.7575
102.8675
102.3852
101.5234
101.1696
101.4787
102.1942
102.5794
102.7087
100.6414
99.79733
100.2736
99.85836
100.5642
100.418
100.9682
101.2449
101.2951
102.4609
102.422
103.7925
102.8652
103.0827
103.1748
103.7421
103.8445
103.0314
102.7682
101.697
102.455
101.9869
101.3673
100.3532
101.5243
101.252
102.9848
104.549
105.1473
105.7152
103.9077
104.8509
104.2537
104.2177
103.5381
103.3582
103.867
103.6998
106.0762
105.3
105.2277
105.3961
105.5191
