54.71595
45.96396
48.99971
46.49514
47.80236
52.39565
51.30855
48.62695
49.76485
54.34977
47.88966
50.63029
48.98157
47.71328
56.01983
48.69145
47.24913
52.63097
46.92881
48.74807
56.02194
51.20985
44.90435
48.58589
58.3842
52.39282
50.26667
56.86291
56.31673
47.9832
50.33945
46.95244
49.89379
47.35707
49.42675
48.4163
53.10964
52.91368
51.42093
58.10944
54.31523
57.86194
45.60794
50.52933
51.12086
51.30119
46.42315
54.20595
52.89166
47.42602
51.59127
52.46522
48.19813
48.86186
53.97005
49.85798
53.31438
56.55939
49.37826
49.61533
48.40818
44.58956
50.0881
52.47241
47.7353
50.12446
55.84369
55.02458
55.74846
47.37694
50.01009
51.76994
53.47917
51.90013
52.37456
58.43042
45.18995
47.74808
50.14056
47.12825
43.83711
57.20691
49.55792
50.7484
50.36103
47.00198
50.88297
50.44964
51.29592
49.73821
50.54122
50.51302
50.69929
46.7107
49.90268
54.62393
52.5011
52.5192
53.47956
53.17654
54.00176
49.81097
49.83804
46.79626
52.20631
52.58537
49.25962
48.41464
53.20263
48.1055
52.90914
49.1714
49.63191
50.28683
44.32607
46.02991
47.64601
56.35968
52.92978
52.39791
46.76134
59.87069
51.32518
47.44983
49.83832
50.85053
50.43238
54.88867
48.9556
51.50902
52.63535
53.0436
53.98726
52.10355
50.66077
57.19189
51.58331
53.86567
56.73057
52.94016
53.82182
47.33908
50.50034
50.14932
47.92128
46.96205
49.19704
48.71916
48.29765
48.04185
51.3377
49.397
54.37722
52.34809
48.43773
52.18473
53.42258
53.95774
48.73213
48.27989
49.73342
52.03465
57.2772
49.61805
52.60526
49.12193
45.5566
49.05082
47.4309
51.10697
55.59532
48.62478
53.51786
53.03899
43.81142
49.28143
48.33701
50.53914
50.29844
56.66323
48.75836
46.74181
52.71501
52.27998
51.72247
48.8351
48.96646
50.03186
58.20754
51.03688
51.65147
50.08499
48.75826
49.5867
46.53131
52.46749
55.4655
46.67548
55.14287
50.17045
47.98364
49.33633
47.52381
47.91571
55.96418
51.68049
53.94608
55.23892
49.92301
52.54096
50.64844
46.60712
49.15506
46.27078
42.93597
49.14208
51.8523
51.36724
50.65824
52.0791
53.7155
50.97947
49.36658
49.73845
48.56424
51.21002
54.78053
45.99684
51.13976
50.10942
43.85569
52.46494
50.91866
52.90375
55.55511
49.17647
49.32845
46.22748
50.37527
55.00884
51.37008
52.69749
52.53063
56.58396
49.48797
52.94046
50.80415
44.81849
53.72046
55.03351
48.44572
47.83053
52.82091
50.758
51.13382
61.91975
46.13271
50.24839
52.98383
50.91634
50.72371
52.88913
43.70552
49.65993
49.3411
52.81734
49.42894
53.75194
53.06457
44.20231
47.6412
47.29932
52.47511
49.1794
54.67131
56.16504
51.53919
46.16208
49.08343
51.75036
54.01698
46.9948
50.34531
53.47725
53.03298
52.85876
53.09547
52.50106
53.14841
53.81529
47.91299
52.28896
48.87805
52.91096
53.78421
50.79753
48.51001
50.72878
48.64552
48.34393
48.97144
46.93146
49.66262
50.03935
50.14083
51.82876
59.0224
53.50164
52.14289
57.67722
49.34128
48.72221
54.67451
53.02519
46.85165
45.06241
52.89597
49.18672
44.40793
49.67515
48.38861
47.75067
48.67333
51.37057
55.96226
50.14067
56.56443
49.69753
58.46529
49.48343
47.91916
48.46077
55.99239
48.97039
50.91882
46.59778
52.56717
48.28529
52.64356
50.76458
53.95245
52.57311
52.1088
46.92252
50.49399
56.53586
47.58185
54.82227
54.99692
49.35744
49.64186
49.31848
49.53853
48.70707
47.44578
44.1099
54.40657
53.35006
54.35541
51.84054
50.15353
48.2589
55.25997
50.3033
45.02416
52.84414
46.75076
55.78709
51.63463
50.86873
47.92181
47.23579
47.71982
50.61532
51.12477
51.5081
47.80939
51.84453
47.96218
49.17608
51.03987
50.29574
51.33197
51.92289
50.65892
56.51472
47.25774
47.35518
49.97675
54.74242
54.15797
48.81192
42.51194
48.45052
45.46973
56.3053
45.26966
49.23537
47.70418
46.97752
52.73624
45.53402
49.66804
50.44285
54.11695
54.56611
56.73178
53.12114
52.29355
49.74775
48.55174
54.35635
46.00353
46.98372
52.4984
47.84215
51.97949
54.21051
46.6754
54.36227
45.3631
48.53609
51.39526
53.33207
44.79593
49.28926
54.35666
50.6328
50.58178
55.52672
44.74785
47.9137
55.55017
50.83083
48.47277
52.52686
52.811
54.38837
52.18567
48.64564
47.99271
46.65117
53.95837
48.42516
43.92359
54.37173
45.51017
51.61627
52.72653
54.10682
53.85543
49.76191
48.97926
50.89644
53.67791
54.84453
45.17177
47.21494
49.44381
51.36937
53.14121
51.07006
50.20486
55.19491
47.27506
49.65046
52.66639
55.94962
49.29711
53.42683
46.20656
51.18265
56.26152
48.61354
51.64494
50.81191
47.35179
50.44965
53.37836
48.78591
54.07376
52.54529
52.84821
45.63499
44.14884
48.2542
54.00987
51.00536
47.32626
51.67749
47.72079
54.75367
51.88811
50.62378
54.54561
47.39094
46.80119
45.30962
47.73004
48.34146
