40.95404
23.05597
22.0216
21.10529
26.08909
28.0499
20.06798
21.21152
21.73588
20.98959
23.94289
24.12998
25.0256
27.41906
25.72565
19.01455
22.2798
24.34421
21.74762
18.30773
25.73442
27.30415
28.95742
18.88755
25.32171
22.05568
18.22608
19.29095
20.91899
20.92579
22.56769
23.18404
24.90466
24.77169
24.17278
20.92955
22.47329
17.64113
18.7042
24.33593
22.8512
24.90883
22.64286
22.56225
20.99561
20.78446
23.91841
22.83594
25.40319
20.74421
19.86519
18.62086
25.26793
21.54086
22.49141
18.6671
23.46323
25.93415
22.12119
21.23083
20.64623
25.45252
23.00021
21.7993
17.19656
20.81652
24.58204
21.29988
22.00431
25.39128
23.79655
23.12106
21.07376
18.92197
24.22808
19.68525
19.16168
23.14746
21.33915
21.06875
23.97946
22.31171
21.06558
18.06062
22.72212
18.29173
22.81251
16.00629
20.50904
21.48027
18.82968
25.60012
20.53024
22.06498
20.87943
19.1689
25.9309
22.65722
19.15803
17.62192
17.99248
24.28462
20.34276
19.52819
20.6705
19.92952
21.72403
23.99038
26.30031
26.5459
18.0655
22.07732
25.63779
28.72432
23.02021
19.70446
22.54698
20.65856
23.57837
22.30871
14.91892
14.89643
23.46278
27.13178
26.76353
24.2222
22.43957
28.18558
23.62348
22.40933
19.54499
21.28204
26.56902
25.97502
21.174
25.65869
19.35052
21.85314
21.13208
23.64286
24.05234
24.61512
18.63718
22.73134
26.30504
26.4089
23.65738
28.40839
22.99741
23.9603
24.6546
24.06051
19.5497
24.16705
17.15282
23.64469
26.67404
25.82895
22.0307
20.11676
26.74201
16.27504
18.61189
19.66183
22.85897
22.08028
22.04577
23.2696
22.16289
20.54553
21.86104
23.20486
22.90058
21.31233
23.51933
23.09953
20.58139
25.92122
23.51848
24.00757
18.81067
21.16502
22.08061
22.99792
21.57446
28.92802
22.86813
22.90784
24.39083
23.68388
20.44054
20.35139
24.6972
20.20147
16.84829
16.65422
22.98926
31.02468
25.61592
25.16654
23.08608
18.99011
25.20275
20.73598
19.96109
19.69846
19.59076
25.70025
26.12894
21.55824
22.18087
21.01642
18.21916
23.68098
20.91353
20.70465
20.50043
21.51537
20.98869
20.25755
23.55324
19.92687
23.84664
24.77165
23.19801
20.73112
20.74953
24.79184
20.11809
24.52113
21.57779
23.6588
19.47589
19.64423
21.55081
22.4357
22.25917
23.31929
21.59757
24.01866
21.2577
23.71227
26.32604
23.77546
22.39776
26.43247
24.56172
21.20967
23.31142
22.70703
21.28013
19.68165
22.65124
21.21069
26.76678
24.54219
25.08708
22.88608
22.47234
25.99489
22.92707
18.09643
23.66081
32.7482
22.23833
24.34246
23.70813
21.11549
26.69478
21.20697
16.9652
21.73457
21.29547
16.76065
18.53787
21.67929
22.86564
24.26958
23.96943
23.3004
20.8822
19.15126
22.90676
18.12144
27.31378
27.53706
24.34297
24.84842
23.88542
23.92348
27.44088
19.47623
16.71812
14.95774
20.15807
24.91387
21.52197
22.00311
21.30324
23.91573
22.14927
20.89202
25.01805
27.00314
23.96861
19.93678
19.64104
20.70061
15.33937
17.94058
25.03453
17.35036
23.04408
24.08487
21.49885
19.4117
22.8405
25.19249
24.48423
22.68189
20.16732
21.07798
20.04947
20.05812
24.17826
21.38343
25.1061
28.52567
17.37386
18.54514
22.83413
22.95527
25.7362
20.84476
22.6224
20.70329
23.03251
18.78481
22.5635
24.75306
21.74551
20.94207
20.14582
23.27261
19.32193
21.38373
21.61052
21.74333
19.83024
17.899
19.2276
22.61324
21.06384
21.64269
20.48546
21.09421
17.95313
19.6852
16.41174
24.98794
20.92834
17.76263
20.54025
19.73354
23.28797
20.76253
18.65795
19.65937
22.28417
19.23489
21.88815
23.21663
20.1991
23.30436
18.73559
20.78311
18.35858
22.06867
17.65431
17.53322
17.10556
19.292
21.99938
20.77993
22.2247
26.19399
22.67991
22.16322
21.55551
20.91266
20.67352
26.9315
22.58203
16.50803
20.1418
23.8237
25.05958
22.33384
25.08118
21.39334
23.07026
21.55676
20.94884
21.68541
27.78511
22.5719
24.2502
22.08953
24.86871
19.88038
23.01355
21.58303
25.74748
24.02898
21.92913
16.54981
24.07205
24.76967
22.78415
27.80206
21.58905
19.9015
20.00652
19.95372
19.20653
25.05316
22.82224
20.02833
22.5573
21.46934
22.35445
19.21624
21.13057
26.87893
22.44137
21.39065
25.05262
24.87429
19.73607
21.67489
20.82546
25.76297
25.44475
19.56627
22.43375
21.29603
22.7785
20.36278
25.75837
23.76854
22.31837
19.71582
23.86994
24.16821
21.21703
18.94516
21.1666
22.36457
22.69425
23.36929
18.07242
22.02579
29.26086
20.85201
26.47572
27.04129
23.67035
21.49847
24.05585
23.66042
20.90484
20.86558
20.52268
24.63876
25.54312
18.58887
18.34021
23.02974
24.60383
26.1548
26.75902
22.97107
22.72465
19.63547
22.4464
19.76196
20.74099
24.88565
23.8179
24.7915
18.60603
22.55324
23.71159
22.12934
24.51443
18.36254
18.72387
23.52161
19.47083
20.12724
