92.98548
106.6923
228.5654
516.9513
640.6684
587.2854
715.5277
1645.249
2035.007
4804.738
4524.885
9465.788
11245.79
10738.52
8564.456
7476.639
9613.723
10813.31
9370.187
11204.5
10315.41
12906.45
9450.795
12552.57
11266.08
12037.61
9448.353
9215.685
12307.95
6349.423
11094.57
10083.97
7910.928
8114.641
9053.903
9460.149
9983.206
10086.26
9126.45
9559.878
11900.44
10344.2
10331.87
11512.03
12186.66
9334.758
13176.59
10079.39
8925.398
9989.502
15666.22
8457.765
12404.49
10255.97
7851.324
10709.92
9635.042
6840.091
14273.17
7558.936
7093.918
9413.127
11226.49
10594.75
9287.112
10228.25
10835.67
12453.78
10761.7
7192.704
8650.462
10859.92
12270.7
12371.77
9961.725
9106.559
12494.43
9042.192
12522.4
11765.4
8999.291
9074.926
10675.95
11275.06
11070.88
10869.22
8618.817
10177.94
11816.51
10945.38
9838.002
11473.86
12777.75
7575.971
11009.09
12441.54
9689.228
10828.07
11314.69
12679.46
8020.712
15260.78
9214.199
10264.02
11628.62
15116.02
10690.16
9023.7
7711.502
9340.088
7128.418
9908.429
11438.08
11562.32
10617.75
12025.06
8134.92
10293.04
12161.29
9877.427
11466.54
8316.884
13590.73
11508.22
9283.787
13384.03
11880.9
11998.57
9878.558
12467.83
8431.334
12094.34
10758.65
7997.851
11846.95
7852.626
9433.316
11100.13
11121.88
10613.38
9781.428
9159.177
7782.221
13955.52
9782.493
11406.62
6698.091
8153.577
8503.905
12791.82
9172.831
8452.16
9170.29
11273.22
9412.516
14225.19
9614.292
9901.348
12220.92
11204.01
7842.225
10286.15
9379.939
9857.037
7876.845
11236.16
10226.26
9275.387
10533.97
9391.612
9894.86
11472.28
10431.52
13197.57
9678.383
6817.086
11005.11
8455.444
9895.838
8472.441
10168.73
9744.474
10539.44
10783.44
9445.724
9441.881
8366.218
7540.206
11164.63
9869.499
11280.09
10563.21
8855.203
13899.79
7479.586
8581.425
8787.356
11839.85
8508.609
11747.43
8428.335
9887.973
11418.53
10876.43
11244.14
9352.477
10100.86
8822.157
10576.14
10917.1
14134.38
9248.444
8528.099
10516.76
9430.161
11002.54
9623.305
11992.22
13855.23
10576.79
12967
9524.112
13134.54
11858.45
7426.27
7379.548
9359.075
10149.36
10489.21
13784.74
12263.72
12658.92
10506.84
13341.79
8441.873
9236.818
8279.542
8537.46
9996.285
7603.696
8904.965
9139.217
10970.42
7835.573
8868.173
7639.215
10837.15
10922.96
9226.661
8303.127
10956.76
11727.96
12095.7
10543.87
12069.97
15466.06
8127.66
10352.73
10956.55
11691.64
13691.79
7464.485
13519.16
8911.241
5428.263
11695.47
10158.95
7606.936
6768.904
8860.804
9523.514
10281.34
9810.416
9737.693
7851.324
10202.48
10395.51
10570.4
12717.95
10818.57
14438.8
9408.527
9580.027
13100.01
9409.43
9582.395
8671.3
8959.627
8479.692
10105.14
9466.878
8445.823
9470.072
11959.44
11973.25
10257.1
11234.66
11806.02
11965.53
13899.34
9922.305
10216.18
13040.18
9627.092
7159.499
9380.505
9221.174
9850.518
9569.418
11232.43
11702.25
9085.171
10284.44
9916.543
7663.235
10220.31
7505.328
12212.64
11548.83
9253.227
10883.42
8260.804
10686.28
13188.87
11616.2
12953.84
10112.96
10174.1
11990.77
10600.5
8506.23
9693.303
10036.97
9700.288
10474.51
9227.732
10158.17
10764.43
13397.04
13842.67
10192.01
12329.69
10748.24
9925.971
10340.38
11170.31
8607.246
7193.3
12988.95
9895.305
11218.16
12734.69
10758.2
10235.87
9391.616
11979.36
11722.6
11167.69
10126.84
7748.164
9268.71
10702.77
13314.33
10575.28
7292.513
8381.955
11265.97
10233.75
11402.59
11413.41
8940.166
10165.43
12378.81
10140.37
11888.13
10562.32
10977.23
8033.038
11257.74
10192.81
12329.9
12341.07
7567.725
11006.5
8765.143
8486.347
9831.089
13776.12
9542.276
9293.106
11289.95
10015.73
8027.905
10380.71
7759.924
9890.605
12519.6
11922.79
7578.536
8809.908
9686.813
8507.883
8947.896
15175.34
9030.285
12203.33
8615.623
9000.457
10752.9
12368.54
7759.109
13210.35
12570.26
9210.739
9151.774
8341.777
7373.529
10455.66
15422.24
11615.44
14067.71
8790.589
11701.87
9445.603
7842.669
9823.788
11248.67
8313.414
13306.9
11923.99
8282.988
9809.202
7463.48
12454.26
9309.071
6838.83
10162.36
6843.855
11526.09
10717.24
9270.937
11160.07
9665.635
12744.51
8439.67
8436.503
7888.699
7955.548
10891.79
11074.84
10613.07
10115.8
9875.972
10900.7
11216.14
12290.55
8208.131
12686.61
10837.8
6915.191
7422.346
10059.32
10401.07
8451.364
9391.28
10147.21
10405.73
7570.854
9908.802
10829.01
9999.446
10642.74
8862.788
9134.755
9420.091
9676.261
11938.02
10799.08
7868.192
9123.172
9156.267
9396.262
7486.468
9674.966
7924.429
7636.107
8867.368
14882.94
9037.83
11285.98
11179.31
12475
7863.125
10828.05
10312
9518.573
11066.17
7927.289
11893.54
9287.377
