87.93454
89.84303
88.4792
84.93841
82.69679
82.22963
82.82408
83.24169
82.96882
82.2633
83.47909
82.49867
82.50226
83.50076
83.9129
81.64846
81.54621
82.00521
83.0913
82.4092
82.7827
84.44474
83.78106
84.7233
84.50417
83.41805
84.504
85.05839
85.3619
84.1085
84.46619
85.0991
86.21499
87.70073
88.42711
89.52181
88.60863
87.44691
86.98106
86.60573
87.42837
87.15963
88.57845
89.12397
91.62016
91.80768
91.49399
91.5529
91.99395
93.57533
94.03106
92.12048
90.11631
89.7204
89.65422
90.64766
89.33802
90.01449
89.48692
88.26796
88.28411
88.35893
86.67438
88.62357
89.70293
88.72028
89.3605
89.19748
88.58964
89.20197
89.58526
91.08221
89.20446
88.68617
90.17475
90.76888
90.80467
90.9743
91.07835
92.32036
91.3578
91.17484
90.09577
89.42172
89.91029
89.06426
87.36222
88.51974
87.70655
88.07342
87.01581
87.80541
87.09714
86.16359
86.45337
86.72081
87.45275
88.43763
88.49837
90.19726
87.78459
88.77218
87.32091
88.25848
88.90158
90.31301
90.95018
91.0966
92.10955
93.47782
92.28646
90.96386
90.50232
88.41351
87.32288
86.33113
86.11626
85.04272
83.96809
83.93948
83.24109
81.82426
81.38831
82.5641
84.32325
85.05165
86.72258
87.54498
88.33161
88.76844
89.08875
89.43159
87.34522
86.99592
84.74753
86.15596
87.37112
85.80114
86.74171
86.82377
85.69012
85.57963
86.67209
85.15665
88.46224
87.7373
88.64731
89.17233
89.35245
89.86994
89.4915
90.40258
92.99621
92.0014
91.01733
90.86847
91.77368
91.41119
91.92652
91.37589
91.21724
89.11549
89.97512
90.19883
90.89611
89.16358
88.80486
89.10683
88.22347
88.08218
88.0885
86.85921
85.06178
85.66391
87.01306
86.53819
87.15851
89.21569
88.34835
87.63822
87.17825
85.44019
85.14227
85.64393
85.14078
84.73348
84.44152
84.87778
83.29948
84.5596
84.86202
84.5836
84.18821
84.26068
84.60166
84.91988
83.54473
83.57164
83.12721
83.54174
83.99793
84.19662
84.86028
86.17634
85.11947
86.05704
85.18786
84.85976
85.19361
86.93035
86.59279
86.33681
87.31959
88.80804
88.39921
89.05822
89.70382
88.68515
88.4071
87.33845
87.57394
87.1432
87.37609
88.17953
85.70076
85.21993
84.86452
84.79589
85.7875
85.84293
85.5269
85.79905
85.87238
84.98948
83.70787
83.43138
82.69628
83.48198
84.19811
83.79437
83.77273
84.31565
84.98738
85.6456
86.96271
85.96247
85.25775
87.14188
86.1702
87.16951
85.80122
85.27283
84.98562
83.61812
84.47068
84.18769
85.40208
84.06698
85.22922
83.90112
84.1056
84.92051
86.25787
88.11503
89.07255
89.45362
89.64836
89.67127
88.41471
90.25332
90.60355
90.78091
89.3857
90.04747
88.69842
89.92741
88.38793
87.08659
87.55022
86.00876
87.04429
85.45425
85.85711
87.73166
89.99238
89.4834
88.8319
88.54282
89.94695
89.45289
88.2967
87.9434
89.47551
88.18334
85.70232
86.84062
86.71764
85.99547
87.24031
87.17175
86.2955
85.68169
84.48609
84.89218
85.7267
85.9341
85.67397
84.89417
84.74084
82.50567
81.73104
80.55588
79.75395
79.79591
78.88193
79.61767
81.0716
81.34759
82.28453
82.46494
81.92425
83.2664
84.37073
83.68592
83.75624
83.71942
83.45599
81.70648
81.07585
79.89599
81.25935
79.92456
79.79482
80.41264
82.1314
82.40033
83.01979
83.92236
83.67866
85.31345
84.09593
85.48117
88.36398
88.39172
89.05554
92.01849
91.9861
92.23037
91.68765
91.21086
91.69138
91.92975
92.68805
92.81085
91.7501
92.33347
93.61497
96.28254
95.49137
95.2917
95.66026
95.35915
93.9646
93.28778
93.1991
92.5393
94.06543
93.97057
94.20066
94.50511
95.11096
94.37646
94.99298
93.82509
93.71685
94.17809
92.16431
92.71262
92.92149
93.08861
92.60273
92.54678
93.15094
95.48604
96.50388
95.53309
94.67722
94.86083
93.57066
92.52667
92.66581
92.38989
92.94413
93.66414
93.72339
92.6281
92.01208
91.17188
89.66746
89.8559
89.42089
89.72745
89.19165
89.4308
88.96562
89.56444
88.37407
88.89348
88.27405
89.9613
90.34199
89.90198
90.30569
91.93868
92.45714
91.97443
92.05088
91.81447
92.49562
92.09566
92.94571
95.27291
96.34306
95.23178
95.4901
97.35706
98.11657
97.01365
97.3241
97.54419
97.70767
95.85246
95.39941
95.72158
95.01572
94.14258
95.99006
96.30695
96.27462
97.48607
97.43543
96.15807
97.96263
100.762
101.1409
101.4308
101.5727
102.6811
102.0273
102.2227
101.4562
102.1298
104.3482
104.6951
104.4007
104.0192
103.5175
102.8008
100.7554
101.2628
101.9504
101.2397
100.267
102.4808
103.9455
103.5216
104.0311
105.0755
104.1547
106.8038
107.4578
107.0749
105.813
104.8607
103.9251
104.3687
105.6819
104.8298
106.3441
107.968
107.3541
106.212
105.5262
107.4605
108.4063
109.4676
109.9921
109.7801
108.4956
108.7041
108.4273
106.4009
105.5023
105.3361
105.7738
107.5527
107.5369
106.8409
107.5575
106.1356
