230.7166
278.5894
173.7494
369.1749
252.5801
232.9496
196.9053
203.1499
366.268
249.7613
118.3923
187.5771
144.407
291.2303
228.749
328.0071
288.7856
112.3595
121.438
272.7043
245.5362
610.1339
178.1028
94.68398
404.3542
215.0175
236.1202
468.2304
150.5043
111.4133
254.5821
247.4538
256.9644
335.2905
143.124
193.069
178.3937
194.687
175.3135
151.7195
197.5664
151.3783
106.0089
185.573
143.0912
161.0372
114.5111
167.5864
122.8856
115.0598
267.3711
334.8955
66.35912
239.909
121.7792
129.9713
116.6192
154.0735
122.2699
404.3253
202.7469
455.1873
156.864
170.2258
334.1256
253.7442
238.1254
233.9653
164.2212
162.7835
141.3891
102.8088
167.5574
163.453
157.0466
210.2646
211.449
368.813
130.2831
134.6493
113.6643
199.1509
181.946
189.302
159.1506
160.9789
85.50716
232.3003
201.0602
276.1841
199.6834
167.8521
491.6031
437.0662
95.88058
721.2868
180.9686
168.05
300.4894
376.5057
276.372
165.2583
496.3606
307.9946
405.9721
162.7789
179.6338
116.4162
119.0157
102.7361
158.9083
87.36511
112.9851
556.5582
96.91331
90.31476
149.1704
183.9711
187.7994
128.0614
229.5478
87.21183
146.8312
110.4636
146.1419
83.16973
84.58425
341.8562
199.4175
172.4798
85.89574
128.1378
73.40407
164.7828
110.6457
212.2357
145.7488
111.2176
115.0576
178.1124
165.0999
378.9342
207.7249
188.1782
222.6642
205.5813
65.44265
137.9804
71.99796
77.1809
192.1924
171.7096
188.2536
215.1531
908.9979
187.3941
238.6153
106.8901
227.238
319.1431
191.6122
111.361
127.5044
125.3895
81.09304
144.6852
183.3224
186.8236
125.9076
100.8833
189.4584
103.2279
244.7799
208.9589
224.622
169.0541
180.7303
151.0204
802.3219
170.2863
56.52292
181.5028
225.1524
158.1751
120.4078
147.3147
198.236
237.0531
132.7415
150.9111
76.91313
245.1518
218.9201
138.6815
128.8631
158.1054
88.23636
163.3898
126.4544
154.7889
133.4836
187.8861
242.6426
96.18198
297.4578
327.1537
139.9888
93.32801
86.86295
104.6088
202.7712
339.8156
88.8328
49.3127
83.78941
116.2363
102.3552
78.23985
71.80832
213.5616
119.0226
152.9466
135.7058
82.06741
340.3597
78.43802
124.8034
46.50878
106.076
107.0125
44.31916
42.49318
71.85489
49.51585
89.12519
69.86918
85.11129
125.5425
210.7525
40.09294
73.73504
25.75125
87.56367
73.6179
112.8879
35.70733
73.1015
53.2579
56.65539
82.17552
70.04937
30.79872
39.9439
65.01663
64.11
94.79644
53.79746
49.63469
87.37317
52.80765
155.1584
64.22141
43.78865
126.0315
176.1318
46.95432
119.826
85.59704
29.6796
73.18818
92.28735
42.00865
61.49029
75.576
53.46814
51.51593
67.83686
42.68329
190.0674
54.13906
67.35538
138.4839
129.533
86.61215
57.09595
31.22677
41.09083
43.38641
43.57277
41.34053
85.58994
33.25118
44.61145
55.49658
56.25571
88.98688
63.47421
67.14475
59.47329
65.99954
76.75023
59.88808
26.02133
44.09666
98.67572
30.35484
89.50639
79.51843
94.9435
47.81324
68.29006
65.12575
58.56259
44.44374
146.1309
118.2317
162.6321
133.7947
123.176
54.95934
77.54908
68.66147
40.41787
33.83548
78.69073
70.03006
42.33386
37.09497
76.82891
41.50738
47.78555
39.88772
38.68194
92.70855
60.93498
65.32931
54.42186
47.25167
95.64803
56.37997
60.0658
91.23858
50.19979
328.838
84.82799
94.70391
53.68084
50.47859
39.99132
40.43331
112.1693
57.53283
177.2084
51.10234
43.76165
127.6381
67.70766
72.18101
65.53463
48.40971
74.9792
80.26821
118.4791
53.62712
94.23549
167.1717
44.61934
45.96603
78.70031
65.10998
102.007
68.52244
102.1275
88.71494
233.5328
69.45766
104.0601
59.86661
44.06451
107.4568
85.01652
133.2982
77.24843
74.03903
106.7571
114.1659
70.98275
84.36871
62.73205
87.99495
165.7721
83.18269
145.2845
242.6857
120.1591
64.98733
108.9979
109.935
347.1901
368.5012
210.2548
92.1942
380.912
185.9188
105.3996
183.918
248.5075
113.8079
103.1133
85.81147
97.20946
135.6448
83.13796
94.77556
201.3474
114.7899
239.4704
115.8505
183.5167
98.57797
232.4467
102.1578
103.1756
102.0289
218.409
61.02109
168.1665
104.8809
270.1511
117.1987
98.60867
133.2408
105.7639
309.3667
375.3624
73.05024
111.6172
165.108
77.56673
76.82631
256.0812
317.8175
97.35826
82.88092
65.93118
90.32987
130.0002
98.83739
83.16353
70.20503
69.25852
147.3971
112.7201
129.4598
121.1036
87.00623
138.91
164.0594
199.2242
51.61396
366.5115
519.4397
127.0597
81.74577
79.9158
134.6574
282.7813
213.0439
163.4331
175.5646
152.2355
96.45089
84.43726
79.5751
140.7563
248.4925
124.858
183.3344
132.5252
267.2756
90.34506
413.6509
80.57123
368.8625
158.6637
184.0441
454.0381
481.6655
186.3682
245.5442
258.2977
144.0507
516.0681
679.8965
527.0788
105.9783
430.9557
66.11127
129.8041
185.5349
