163.2219
156.2517
153.6446
129.214
119.7383
124.7617
168.3463
210.5977
264.4791
208.8491
276.0193
295.3394
272.571
325.6768
379.9726
278.6656
263.777
356.0147
370.7388
208.6635
173.8091
194.9525
201.5837
181.5888
164.4058
122.277
123.2303
107.6247
91.92908
107.5463
106.1065
137.9243
111.1286
103.0965
136.8293
111.2438
141.1336
192.3544
215.6477
197.2774
229.314
188.7522
154.2571
153.6633
208.4525
254.7237
232.9433
259.1122
219.5289
211.8528
261.4917
286.7318
346.0241
390.1128
354.2737
391.6439
337.5505
360.5765
301.7598
281.3938
184.6402
146.7126
137.0676
166.5292
180.368
212.8731
226.2339
171.0006
143.1278
143.9413
118.8216
142.4217
108.2575
138.0135
171.1652
204.0332
191.1648
249.1211
218.5148
284.8992
309.822
458.4361
359.381
234.4942
156.9015
206.0932
205.8578
148.8716
121.8295
132.541
119.5535
179.5107
164.0214
200.159
246.1314
188.8162
173.65
178.0679
158.998
176.5991
131.5324
116.2523
106.5796
98.22112
102.9671
131.2559
130.9502
132.1535
136.8337
177.4793
208.8047
213.1995
215.7297
231.4976
296.326
208.1924
180.8141
251.1178
222.877
178.7851
183.8567
203.585
240.0622
244.0063
171.0912
162.5434
169.8093
178.5265
126.8914
119.1895
151.6186
165.7089
208.4462
193.7768
145.1913
161.2148
162.9783
150.3536
145.1791
152.8827
168.4178
215.9816
161.5844
135.4467
113.2483
108.7927
128.7224
169.7931
159.82
198.6288
198.0219
231.9406
285.7004
335.586
324.6514
383.569
373.9808
496.451
554.4309
560.3631
466.7512
385.9777
257.9627
202.2634
165.7843
179.9899
144.9518
192.3896
168.9479
214.5305
148.3619
130.7625
185.4038
191.6011
199.0976
228.8933
227.4886
215.4519
213.3087
258.5967
189.7518
207.7124
221.1037
214.5691
237.3199
259.3807
243.5674
200.5428
163.5168
229.9212
228.2334
216.6757
180.2994
164.1771
140.0602
144.5144
182.1635
254.2275
181.4001
187.5632
228.3021
238.546
224.5959
199.285
212.4427
198.871
192.4006
179.7826
144.1689
182.5306
165.0242
172.21
160.5234
193.8296
230.3284
213.3575
171.8842
225.7382
248.7498
226.8487
197.1327
201.5026
237.1066
260.1918
282.6127
323.8263
290.0338
279.7921
281.34
184.1888
150.9132
145.877
122.0235
118.1105
129.0701
165.7878
203.382
189.9226
210.3812
148.1312
117.9716
144.6905
163.4675
147.7046
146.8078
181.227
207.2711
219.6251
168.9938
154.376
166.8698
160.4775
183.1682
174.1035
135.3017
119.6612
134.6912
156.4853
158.5127
158.4989
143.8641
166.659
142.4973
122.0969
164.56
139.2218
110.5325
103.6875
135.3495
157.5514
146.3526
176.676
138.0076
163.1937
164.9581
116.2085
132.8879
170.0495
200.2744
204.9478
236.7569
163.525
171.3645
162.6374
128.3535
109.9286
104.2301
101.4994
122.8889
121.0376
165.1788
100.5037
107.5952
117.0914
102.8084
123.2186
116.6735
104.4174
94.52826
88.35917
96.23324
95.33465
103.0891
122.5128
225.6103
308.2704
298.0752
246.6498
205.6839
167.4336
202.3279
145.0691
158.7807
168.3316
144.2322
134.0419
150.1393
110.9925
103.2894
121.4278
91.94319
119.8258
101.5017
99.11724
126.7892
111.0497
153.2678
171.0206
160.4278
153.9276
181.4783
177.7989
204.9387
179.0573
170.633
209.5889
182.3718
287.5622
203.2137
256.6681
306.9134
278.8158
309.9898
366.0952
364.5412
326.8763
240.4675
218.6804
131.5618
129.2102
125.6647
188.2263
219.1681
253.4002
251.8537
286.3939
238.7401
236.5547
278.4602
233.5595
272.3355
288.1433
273.6966
267.2717
212.8616
269.7597
232.811
218.7552
306.8224
315.3333
353.5969
336.616
438.1874
375.5704
358.3705
309.3486
308.371
268.6612
206.0244
160.6674
180.2726
234.6352
274.735
257.4054
310.7835
367.1492
376.5964
350.4695
281.4167
418.132
271.4705
228.5112
257.8822
179.2013
200.9144
227.1586
276.855
242.4063
322.1732
286.661
189.7564
151.463
144.1668
171.8366
170.4173
161.8779
159.689
172.8526
163.0018
185.3304
198.8018
140.8321
165.0057
174.2976
135.4246
167.0272
191.5833
211.2737
149.2215
169.656
164.4042
145.0671
142.1601
130.0433
153.3256
128.5946
119.8045
148.3375
204.8845
288.0748
263.029
268.8301
219.4155
262.2737
262.3684
237.9429
231.3166
259.6977
395.6683
288.8078
320.7813
488.4001
520.7642
382.635
312.1686
386.2001
352.5917
377.4639
434.5891
372.3806
341.0892
380.3819
362.8114
214.9227
198.7341
234.0324
234.6892
198.8685
209.7704
193.8996
149.6903
181.0593
218.2
265.7064
265.6615
232.2907
197.5845
210.5835
195.7609
224.6384
202.9885
250.9194
184.2341
174.816
149.2266
125.0573
138.3129
112.7905
74.9237
119.469
95.2393
94.15889
108.5478
135.5781
118.4367
98.16652
102.8215
89.50386
118.7755
109.0858
126.0455
125.5067
142.8785
212.889
211.3933
232.6205
224.1869
257.3849
268.7689
213.1103
