454.2631
510.5238
84.74141
439.2479
113.1091
178.3983
262.6998
278.1796
508.4085
103.4168
175.9382
267.1424
267.0362
287.6229
222.8644
233.5586
177.4676
140.6602
212.2051
194.3225
282.5315
471.9159
711.2952
513.8641
259.1418
272.0534
397.3191
160.0905
172.5514
311.4615
295.6834
427.2055
380.2744
126.1081
186.1854
268.6504
202.3644
525.2892
174.3386
359.5597
199.0686
199.3529
245.7547
259.1001
144.1197
243.1048
860.474
168.3645
259.2655
237.8325
482.8692
233.9605
183.1649
253.5617
357.3212
456.6645
275.5052
231.6604
173.4009
252.0391
147.6617
528.8249
120.3212
187.3909
168.8749
219.7117
353.9251
243.6582
290.0193
193.2046
299.7056
544.379
167.1172
140.9625
228.2945
533.0845
224.2042
519.0574
727.2719
218.0923
264.1649
309.9453
252.455
164.8612
318.5426
110.7749
533.3083
220.0587
224.5839
193.8911
125.6519
238.3086
200.2004
238.642
159.5487
572.3157
178.6271
419.8366
300.7949
137.5997
217.3417
779.9943
266.4019
368.0121
179.9665
295.902
227.9375
163.986
395.6394
339.8128
317.7639
340.2984
343.3788
494.2378
207.7041
226.2805
157.2441
296.6046
503.1817
177.6273
163.6969
260.1463
132.295
229.7124
881.6828
118.6807
129.0023
541.2764
217.554
233.2805
209.1851
287.0535
166.0731
172.4305
203.8929
600.3029
260.0864
243.427
163.4317
298.1451
413.4158
233.1677
229.0325
230.2024
324.8595
96.27671
281.2944
373.0246
486.9497
233.2541
325.1323
221.7305
568.6167
416.1649
353.8484
170.0694
150.4094
217.8145
213.4204
168.16
167.9021
365.382
404.0217
842.9886
203.5935
478.5053
213.6911
126.1265
256.5996
218.3944
171.1353
373.7646
322.4985
250.4202
275.0011
222.0259
444.6728
185.7705
268.0495
118.481
213.7557
121.3995
163.9959
262.5959
139.9893
488.0897
203.2445
377.7386
145.1393
113.1975
455.0865
421.08
114.1735
265.9622
135.1942
374.1859
690.6756
341.8956
159.4519
254.4278
439.2679
157.9868
158.9373
172.6293
207.9404
511.6392
348.6287
212.923
244.2929
489.7034
706.1821
1243.704
384.296
401.9866
251.1706
183.1144
401.9945
215.2031
183.9759
373.0955
338.391
135.4025
268.8964
153.2354
183.6117
211.7133
189.1334
264.4139
600.5478
177.4491
241.9312
167.5481
138.6041
253.7537
363.5965
144.8224
353.9534
231.837
724.4123
160.9146
316.9392
368.4836
407.0666
132.3303
165.8637
267.7814
740.278
250.7986
225.6798
144.5444
259.7373
418.8953
179.0703
303.3708
525.2497
196.844
275.188
284.8109
668.3944
116.7277
206.4413
187.7197
170.5475
137.5917
217.6319
196.6468
91.14012
135.176
346.1504
178.0564
255.7906
258.8613
219.4723
270.8162
301.7939
326.2325
184.7196
712.5285
160.1953
252.7875
288.5982
652.8787
217.3591
219.215
402.1569
303.9732
370.3049
244.8207
444.2641
294.4142
628.047
244.8263
288.8346
372.5661
153.2776
441.8142
222.5466
180.6792
461.387
312.0672
302.386
102.7763
316.5464
353.4514
224.8378
971.4845
222.3405
448.931
339.7762
166.4775
491.0211
327.9198
582.001
147.9221
314.477
210.5927
166.3795
224.4632
259.7088
356.9317
300.6142
370.8576
267.9197
202.8453
311.5535
299.1276
636.4215
281.3696
308.4732
157.7441
164.387
179.4761
613.4674
739.0508
589.0183
287.6404
391.141
235.3533
369.3147
336.7235
512.6944
698.1032
236.8421
173.1009
119.001
163.6866
253.7254
251.513
168.0238
352.5824
219.8042
245.0604
331.8301
167.8372
186.9713
336.4171
297.8224
314.1726
332.7389
184.5371
184.3582
242.7408
499.22
504.4197
509.0272
612.6696
217.7314
178.964
183.9449
290.7159
209.1284
234.0625
262.5403
618.7952
123.8038
343.8803
550.3803
404.0297
210.9586
177.6034
228.6171
154.966
248.793
833.0391
142.3053
200.8864
109.2137
219.8653
207.4764
181.291
126.0262
389.0445
260.4033
352.0348
199.982
316.3301
188.5197
239.9469
148.7651
216.0088
237.555
172.5958
235.3273
266.3576
411.3122
281.4733
207.4877
441.5174
216.4848
109.0307
372.2067
327.6197
247.1183
238.1826
174.8878
373.9794
289.5826
313.7694
299.1913
162.779
537.7029
161.8483
89.08816
143.1504
536.1644
233.4077
93.0652
281.4812
273.776
483.6069
261.9639
223.6367
188.1008
318.6465
217.2071
195.283
449.229
144.4835
283.2093
320.6941
631.7149
82.90409
738.3578
115.5603
614.5128
196.9822
208.2991
315.0959
144.8884
338.8457
148.7042
229.3744
268.4978
119.4012
289.9463
221.5997
180.2679
351.8424
628.1429
391.2919
398.9139
174.3735
596.4632
397.8406
300.7395
202.9625
461.1084
366.1183
145.1859
76.21483
402.4545
281.1964
150.3528
141.1513
180.0881
258.5967
215.1407
280.2662
188.3071
167.5195
350.3271
126.7834
714.293
161.0169
474.7466
239.164
289.8767
326.8775
276.1631
254.8398
317.1752
153.445
523.4185
215.7532
407.4367
2920.497
389.5333
135.3408
239.2565
180.3045
