25.50903
43.31292
38.36748
121.2086
274.7549
917.7871
3334.623
13165.7
37610.57
80592.23
108091
112239.1
83962.16
80769.88
61612.29
77371.88
76800.14
64708.21
80010.06
85137.82
73862.42
73144.49
81286.05
56742.2
88124.88
84524.6
85345.17
82972.27
71422.56
69639.76
88185.2
74099.64
75061.49
100938.8
78068.84
59476.78
56856.47
87403.97
96962.41
78827.32
84109.01
98828.21
120252.3
94003.38
114300.4
69359.13
67285.5
90908.32
65083.76
79372.41
71734.63
69070.34
83320.66
92617.56
80741.43
108392.9
62444.98
69868.72
75382.16
66981.86
60838.61
59990.77
88508.16
71413.53
85127.14
84788.29
79619.28
92825.01
82106.59
51382.86
86177.28
83923.68
101012.5
101455.6
80611.24
81781.2
97616.8
91435.67
76618.16
82893.25
73442.08
78790.06
90859.71
98526.45
112237.7
96700.12
109869.6
99656.1
87035.08
85915.45
70304.66
60665.89
96853.76
85733.47
105356.2
94895.44
82445.19
71848.66
64384.79
83196.7
78407.58
70522.61
77996.77
60738.16
80114.65
83484.28
77934.89
57487.83
110711.9
101566.6
90459.41
73114.06
83156.17
85112.24
107967.9
70723.71
81137
92704.99
101921.7
85737.85
69000.7
88305.99
74868.69
80021.57
76471.42
85417.33
75042.51
81202.04
76098.85
73609.81
106452.3
73317.35
67616.11
63560.71
74388.24
100384.1
111619.1
80930.25
83193.8
71896.97
88009.34
77967.35
98551.86
94158.72
104346.2
50059.54
89358.41
89875.32
70745.87
62610.52
82142.9
72387.75
77224.14
81707.08
79906.4
79848.54
105821.4
92666.28
65500.6
92165.21
77396.09
105968.6
64267.91
80694.3
65493.33
102746.8
91416.54
95645.72
98321.37
96642.66
77693.99
81606.48
92068.11
82965.07
61221.42
73706.26
74739.82
82278.72
93510.4
76982.45
63424.42
70974.96
88543.83
55062.07
67962.01
83093.98
93378.68
76950.81
71484.35
77768.92
63597.12
78834.81
78984.83
91059.87
84241.69
75458.33
96993.82
73166.96
67582.45
66010.76
73928.88
101954.4
113940.3
78673.95
78731.34
62438.34
70881.85
83350.4
77595.21
108385.5
85848.33
85449.43
100265.4
94357.02
94422.76
86920.06
75690.44
111268.4
104139
90092.6
79213.02
100422.5
78494.03
74893.04
61901.81
70605.84
75351.46
76181.47
84039.44
82879.86
96889.54
88935.84
109930.5
81414.14
103770.3
70758.67
94763.24
68750.13
61137.88
116184.4
72763.61
69600.67
89254.02
82415.97
106308.8
105576.2
80205.07
69171.96
68537.13
79836.69
117072.4
87873.82
83859.67
80712.26
113202.7
70274.1
99621.73
78992.5
87505.43
88214.45
78523.72
119845.7
101767.1
92786.84
95492.52
75429.13
78234.46
70404.25
82799.21
72698.02
89948.13
63096.93
64322.04
64462.06
87503.41
102000.3
80375.14
89668.47
87702.16
87860.28
84910.01
104305.9
79195.09
74118.42
91872.39
116744.9
84031.19
78386.19
92393.39
91176.98
64534.53
89118.65
78280.07
61720.23
68103.22
70600.06
87335.3
67482.01
78083.42
87679.37
71362.96
121201.9
81098.57
91175.61
78846.7
75821.27
81246.65
112623.9
102784.2
95555.86
71520.61
71918.39
79834.67
70988.46
94991.28
65556.89
86303.6
74487.69
88576.49
81272.32
83158.71
77985.85
78251.49
95226.62
78984.07
87494.92
74361.8
68185.42
61267.35
71307.27
101154.2
78781.69
99099.84
76779.79
69373.41
94182.07
81530.04
82512.42
86420.18
79060.26
64361.97
76658.4
79234.97
55162.26
59819.13
87200.27
81605.66
64291.04
76071.65
83742.24
90844.53
92372.07
62562.49
86789.81
149006.6
104497.8
96476.27
100274
78718.81
46769.13
72381.87
65386.42
70150.81
78039.01
85855.9
70473.92
129603.3
80702.37
69868.21
97740.36
86595.68
84663.71
82987.32
99100.47
76493.34
85849.23
91107.77
83810.32
79822
92913.17
78778.54
94246.66
87688.59
76837.13
72066.93
85016.84
102233.9
80930.93
75528.77
77977.82
93871.16
76672.12
83548.94
69005.67
75569.36
82999.32
113047.4
67646.41
83423.21
85468.56
100853.5
87518.52
79034.28
78768.84
70306.73
71023.95
64081.5
97717.47
103210.4
75689.51
66056.91
79350.56
68071.58
122833.7
90230.29
109465
90142.76
86460.44
81215.78
86827.9
81338.82
111269.9
82181.29
108769.8
81889.17
83415.32
95858.85
100770
73891.44
88313.6
88663.09
88696.77
82941.28
107159.1
110003.1
80635.06
67628.85
73083.12
89615.12
94527.73
74814.55
63426.3
86453.86
78502.21
88934.2
82740.66
95493.72
70637.01
81617.47
95905.58
83569.26
72077.56
102319.1
76796.53
64268.35
82778.73
80202.96
81598.42
71729.62
80367.24
90095.01
73039.85
80660.66
56368.4
85232.51
98344.05
90680.17
90278
68366.24
53557.42
68636.09
74281.77
84777.73
74393.39
78194.33
81612.25
92909.69
96690.08
82005.09
71712.92
98502.8
94547
88340.98
80222.85
103801.3
56828.6
61394.46
88201.85
82454.97
70476.68
62642.2
93563.88
80210.27
74447.42
63463.37
67797.79
73321.81
93257.51
95960.22
74630.65
