19.43145
17.76796
17.98587
17.69744
15.4546
9.919081
5.716793
6.570961
5.354214
4.844928
4.503629
4.587212
5.036641
4.365426
4.514655
3.889703
3.658997
3.167969
3.318568
3.147817
3.644586
4.703812
5.017891
4.517638
3.695525
4.442065
4.732545
3.553676
4.274571
5.139125
3.43818
3.325612
3.786004
5.007717
4.89761
6.187684
4.362954
4.986627
5.485611
4.732201
3.411726
3.25374
2.990845
2.549042
3.078305
3.9863
4.095412
3.170282
4.532196
4.080411
3.287029
3.830947
4.626326
5.304665
3.850561
3.111458
4.51501
4.927681
4.18201
3.582973
4.51606
3.851797
3.912436
3.279741
3.470961
3.730078
4.144318
3.629282
4.026169
4.46253
4.172429
3.438677
3.480709
4.490451
4.355529
3.83293
4.47236
4.20217
3.230523
2.349443
2.519517
2.774232
3.548817
3.693762
3.960392
4.206091
3.487866
3.0831
4.504091
5.080532
4.463378
3.70275
4.954664
4.410522
3.774085
2.870703
3.137385
3.537793
4.062555
3.581101
3.754706
4.95411
4.582811
4.044683
4.441884
3.918714
3.738805
3.56147
3.677805
3.740569
3.853589
3.501038
5.091942
3.920524
3.459407
3.741485
3.591925
3.755669
4.062333
4.053999
4.082752
4.242646
4.000365
3.698553
4.395869
4.97379
5.341818
5.563403
5.328804
5.917035
7.259549
6.9502
4.50431
4.994777
5.222857
5.283573
5.555614
5.804419
6.133833
4.855741
4.510026
3.666179
4.1001
3.111945
4.511357
3.638923
3.976056
3.810585
4.729873
5.398038
4.138521
3.553696
3.79855
4.795467
4.183427
4.279185
5.15094
4.282347
3.442447
3.745557
3.91079
4.514001
4.359189
4.153374
3.900587
4.506228
3.440979
4.458094
4.742028
5.469858
6.161047
5.265367
6.856018
6.040456
5.356162
6.202802
5.276056
4.161803
4.773917
4.750593
3.929188
4.669847
4.15837
4.427081
4.889154
4.682705
4.102437
3.426279
3.816988
5.474298
7.332993
7.242054
5.253588
3.701021
3.491904
3.229334
3.788946
3.474912
4.217415
3.713427
4.055861
4.629249
3.974789
4.728377
3.728737
3.700058
3.230015
3.333819
3.464538
3.566215
4.158299
4.136891
4.503918
3.947236
3.903756
5.069417
4.884759
5.058545
4.797668
2.79953
3.918947
4.783355
4.683813
4.015916
4.731176
5.541492
3.55265
4.385893
4.500728
4.216092
5.899557
5.704128
5.266158
3.977355
4.018602
5.320573
5.693243
4.566779
4.182732
3.309452
4.107162
3.081573
3.782494
4.034336
3.485513
3.336369
3.666559
3.920982
5.075112
6.648098
5.519721
4.617638
4.683774
3.958214
3.544109
3.302348
2.482352
2.991735
3.311241
3.587686
3.542533
2.970033
3.305809
4.438322
4.563919
3.827465
3.413487
3.746671
3.309023
3.714137
4.215951
4.848271
5.099724
4.249407
3.348262
3.459079
3.676934
3.365333
3.051355
3.147363
3.40944
3.531235
3.803188
4.099635
3.991063
5.651623
3.836012
3.759656
5.070614
4.667134
4.183889
4.739519
4.873671
3.181103
3.076384
3.602015
4.733521
5.401214
6.022238
4.845409
3.613587
3.932466
3.784059
4.447077
3.716738
4.072665
4.084299
7.049919
6.578951
4.460334
6.188138
5.270267
4.940634
5.51263
5.052838
4.983911
4.946445
5.30955
5.165919
4.99462
5.161581
4.267801
4.341589
4.326939
3.596423
3.12079
3.484296
3.430708
4.093098
3.581323
3.801252
5.539174
4.552664
4.128237
4.633132
4.25411
5.158399
4.611063
4.772175
3.985733
5.311546
4.19524
4.064779
4.033232
4.390309
3.613197
3.953646
3.674086
4.161466
4.644867
5.179026
5.214665
3.40975
3.473229
3.292562
3.006208
3.468685
3.206474
4.525419
4.3104
4.206382
3.67351
5.030782
4.388001
3.739736
4.710116
4.842811
3.707499
4.406659
4.374689
3.78116
4.04225
4.727297
4.232969
5.102405
6.212222
4.424316
4.537461
4.792373
5.085859
4.673136
4.629649
4.887855
4.696464
4.839733
4.502054
3.675532
3.033995
3.812306
3.672151
3.987866
5.099275
3.241748
3.388087
3.609851
3.000766
4.020521
3.830125
3.363053
2.533295
3.314153
3.647413
4.899598
2.974299
3.811005
4.011321
4.363402
5.015301
4.677104
4.471724
3.81285
4.87325
5.364698
5.550146
4.821111
4.16301
3.078628
2.795931
3.487324
3.359947
4.565683
4.771406
5.550407
4.837837
4.40833
3.265529
3.372047
4.17461
3.818592
4.117854
4.681183
4.847381
6.044634
4.930751
5.785921
4.926162
4.025224
5.855862
5.380191
4.975467
4.319378
2.811078
3.775023
4.713533
4.852412
3.620552
4.421751
3.545985
3.452578
2.949282
3.018175
2.86171
4.066293
3.353819
3.294042
2.842372
3.773409
3.32719
3.586672
4.494297
4.664726
4.016201
3.641922
3.941156
4.156937
2.887635
2.635201
2.910473
3.454971
4.592242
4.82607
4.562062
3.903091
4.163568
3.92342
3.338883
5.110429
5.404007
6.360991
7.361619
5.553275
6.171504
3.464655
3.917683
3.692085
3.510657
3.279154
3.701678
3.96679
3.974081
5.043612
5.238633
5.655367
4.450751
4.73703
3.816017
3.876404
4.347212
3.869875
3.778177
