11.61575
55.61091
124.673
470.8597
1719.573
4553.636
13163.18
38828.16
31984
46045.2
42092.05
48594.54
40745.09
38796.33
50424.21
32587.21
43524.52
37210.42
41952.78
40180.6
46955.78
42198.68
41409.87
49602.91
47600.89
34984.99
38758.42
38864.26
40021.57
36833.58
38062.33
45433.21
38575.55
44023.69
52087.83
37611.72
35808.39
39146.55
34289.09
37308.92
33726.52
39331.09
47740.89
35289.5
38348.45
43513.27
32549.49
44306.66
41230.26
37551.95
46364.41
44755.07
46963.38
57652.11
39634.88
37457.98
42039.26
35344.78
35646.08
39694.92
44357.18
39723.08
39654.2
46818.16
39203.12
40706.97
34984.1
47073.48
35850.37
38884.17
41353.12
39761.38
40720.11
38942.51
47892.03
40573.73
33393.45
43740.06
41813.39
49289.85
53930.71
45398.18
40077.34
41800.92
39316.22
45633.99
42827.3
35204.52
40059
42598.76
40851.04
41115.16
44290.99
46338.1
44495.04
32143.84
41108.33
45322.25
36297.29
37669.46
46592.11
40664.86
36644.02
35954.04
44213.43
39328.24
41073.58
45661.81
40172.47
35182.77
40278.93
39250.25
39871.8
53832.32
29527.53
45138.67
43366.77
36229.42
47000.05
47600.94
44050.9
35210.8
54458.74
33301.44
43816.57
28066.74
37380.26
41091.95
44475.85
48373.69
39209.55
48981.53
33474.41
39000.06
44675.13
47153.87
32861.38
42554.26
38042.92
33941.14
42431
47434.6
40701.83
32617.39
29543.27
41515.3
42470.57
39403.43
43289.57
46274.65
40005.38
32434.08
39243.04
42813.9
36344.57
41483.04
42845.49
36221.61
29787.4
34628.73
46230.1
36508.63
35904.32
39551.45
49028.08
31136.79
36455.33
44930.26
37183.23
36672.69
38060.89
30320.67
44647.04
34648.67
37067.37
39427.69
47697.71
38786.06
32515.48
36410.38
40090.28
37122.06
37702.61
40173.94
48180.93
35997.06
43151.33
42982.71
35193.25
34909.07
49185.32
39277.49
45878.44
35241.35
42780.06
37954.16
40689.87
37880.88
34485.93
50330.33
36277.18
35076.52
37293.95
48351.14
38119.94
39293.06
37340.16
47295.39
29296.89
39708.1
36124.98
46347.86
32889.75
46133.38
40551.75
33143.09
33785.82
43030.61
42137.15
42084.03
35817.75
41078.31
45412.79
43965.91
32756.11
39245.64
32285.3
50220.79
43790.24
45343.04
45188.67
34895.23
47439.56
40498.84
38689.92
37538.41
39893.1
32727.14
34602.59
44688.49
40235.66
40052.34
41382.03
40655.15
47114.71
52109.29
35643.08
40135.32
37093.57
28407.27
41061.86
41195.67
35347.33
40124.27
36021.81
44429.6
33852.12
54079.82
35870.28
41747.12
35279.7
36860.18
33975.75
40037.32
40727.26
35635.66
41764.19
44695.22
36993.58
42880.22
45450.86
45338.03
41100.48
34848.47
39198.71
39512.24
24437.13
39034.87
41353.42
41078.93
43526.83
33482.82
28677.94
43806.76
41963.64
41914.38
40836.5
36187.71
40575.03
41435.22
38097.13
32368.57
37453.11
32050.03
34858.95
49800.86
41532.07
32718.75
39600.2
43491.77
45610.08
45153.31
57428.63
59930.97
44985.7
48749.12
44007.5
48420.55
39081.19
39973.17
43409.11
39743.65
39803.65
41364.48
37974.89
45341.55
36846.31
51777.5
37298.23
42225.6
32639.59
37742.07
40209.25
37453.28
47266.1
43870.17
40677.85
43319.73
32973.64
36293.94
49334.68
32010.23
33001.46
41662.15
33031.6
38680.63
42532.03
41784.5
42456.5
35941.54
32789.17
40184.18
30577.41
33309.65
56411.03
46683.35
43048.98
41374.72
39615.02
41862.18
38349.71
34317.11
36925.43
36554.33
37284.6
56810.81
42341.87
36975.86
45230.26
44525.93
45601.7
50157.32
38229.6
29108.69
36389.41
39360.72
35824.11
37776.41
27371.03
32269.81
32894.4
38326.21
34991.5
38618.57
38066.79
41499.53
35998.8
41295.97
37488.9
34597.09
31467.33
37589.08
37727.61
40076.56
42427.05
47589.05
43282.85
38477.89
35504.86
45471.46
39216.13
45951.67
41936.52
37990.06
43061.97
42479.81
37260.19
43496.98
34946.18
48553.07
43355.24
41597.09
40874.14
40250.04
41369.66
48482.3
44767.41
44527.73
44352.2
41007.51
33181.74
51477.42
44221.98
40918.76
38908.64
39436.16
46365.2
41374.59
44810.24
39098.86
35816.95
39390.11
31351.71
52284.98
42487.29
33598.98
45283.98
48805.93
39059.46
37482.83
33044.16
33235.56
39844.14
48138.12
39748.87
37184.81
37262.51
38301.97
45447.38
40025.79
45190.86
39380.71
31866.19
44219.72
44853.77
59706.59
55225.16
42012.35
39873.11
33504.32
39690.69
41247.39
62726.58
51143.3
35775.3
38181.36
32451.46
36077.84
27801.63
36026.64
33007.78
42551.48
40440.55
48198.98
39385.17
45077.4
39785.23
41213.46
33779.06
44123.7
43513.58
34024.17
38321.98
46114.86
28037.6
34513.54
47522.45
38468.48
48956.53
36491.99
41228.42
34407.99
28101.31
39534.58
40688.08
35963.7
34678.66
39641.19
41032.96
36889.86
49302.74
36321.54
40410.82
35413.09
33889.54
33868.84
54515.31
38109.37
45583.98
38170.32
