271.0236
222.834
169.0433
181.5816
232.5841
279.398
173.3392
237.8328
130.4636
246.0008
895.9902
467.3892
245.6653
491.2449
246.0745
193.252
264.8817
198.3497
813.1514
365.2462
188.3893
134.4912
329.4446
131.9553
491.2484
308.1177
494.2376
296.9829
308.5258
330.1857
241.3908
188.3478
262.513
185.044
299.0361
490.3789
157.4432
570.0008
110.8604
163.9288
475.9125
583.0176
166.6124
264.4108
186.3116
184.4811
157.0073
869.7421
504.4194
238.339
189.1034
965.4046
391.4928
134.9546
252.8197
213.3933
1019.099
438.6686
342.7592
416.3874
227.7921
306.6472
497.1908
250.8362
286.6421
245.391
269.6964
467.0786
96.47002
496.2942
231.4439
149.7479
252.7093
187.9226
167.2261
415.8476
150.6398
161.1738
181.8454
263.6062
174.2205
215.8712
180.3342
732.7976
174.9088
688.7632
164.131
250.2485
629.4707
864.5274
351.4502
1392.909
469.0727
163.2245
542.0247
217.3435
209.8683
375.0281
261.5089
418.0151
220.0027
386.6507
174.915
248.1925
165.438
175.1258
185.4936
282.3751
194.9817
164.8785
184.0707
416.6789
228.5884
191.9015
132.3655
111.0509
103.638
609.1285
294.1347
244.9547
166.9044
274.0857
127.4014
588.6081
147.4727
304.8723
431.2413
211.3092
503.0901
180.6944
221.6795
316.659
297.1874
570.7629
222.1536
269.7579
274.908
127.386
907.0121
203.0954
93.34619
414.2444
408.2221
325.3983
226.9878
285.242
200.4542
936.3631
150.0865
235.0534
215.3257
192.498
211.8111
272.8649
328.6432
197.0696
127.2093
1092.454
317.7974
336.7624
158.9239
292.7782
212.9732
113.8649
119.2787
173.8757
168.6914
221.0073
160.7549
230.7552
96.76572
175.0769
363.7538
155.0482
579.9872
385.1279
165.8718
242.1692
89.66747
149.071
298.9629
622.9703
208.197
177.1107
159.1846
307.1817
295.12
560.8229
777.8566
328.3337
234.7044
607.3903
217.1648
772.6811
297.7507
149.0313
396.8137
179.8105
220.9861
197.231
266.8357
283.188
261.2924
119.3445
193.9518
118.3688
131.2691
308.2642
818.5386
277.5832
273.7818
378.0132
185.164
570.3774
205.7985
133.5852
127.0949
230.3857
1513.759
152.5794
247.8116
202.7319
148.712
157.7085
341.3645
178.3269
397.4326
292.6183
232.9582
358.5745
191.5919
330.6276
274.33
128.191
258.8212
871.201
303.4499
147.0819
276.4
186.7582
138.972
236.6516
184.0297
554.0129
273.7674
247.3922
344.2013
262.1299
375.0607
416.5019
306.9485
217.2801
152.7087
245.687
143.3197
222.2491
606.5235
251.862
182.8151
310.8802
403.9914
229.5011
590.6473
132.889
160.4051
417.049
275.2572
187.3847
622.7491
277.1879
120.7038
593.966
671.1695
476.7466
689.8084
578.5672
396.5561
161.5715
171.7285
384.3507
414.971
1785.782
335.3935
448.2706
297.4734
157.2279
235.8982
352.4533
189.4773
212.1461
186.2081
225.9807
138.3462
234.5832
1097.79
182.9293
256.4104
205.9672
178.5451
194.7179
186.9226
276.5173
197.9453
353.6205
223.4826
514.3206
146.3722
351.8204
114.7781
712.8754
223.522
199.2644
270.4086
350.2374
410.888
169.0626
725.4166
164.0867
231.9386
461.6341
616.8545
255.5557
169.0575
336.3027
180.0523
327.3993
588.485
547.1259
421.9164
145.1528
236.2308
279.4299
209.7288
183.5877
425.1214
205.7521
189.1557
326.2835
332.1159
165.3778
191.6863
284.4204
207.426
118.1247
243.4496
385.6114
1613.891
164.8801
1074.983
288.9445
182.644
366.7398
194.8505
510.4375
527.7225
270.732
1223.317
326.8842
162.9693
346.5371
202.1554
308.1204
201.074
617.6545
141.0004
197.4857
368.3103
221.7589
304.2191
357.1111
391.9928
226.975
242.5191
164.8587
217.7926
193.7459
245.7112
151.9095
317.5798
187.7866
165.6789
453.8741
211.2603
549.7826
274.5305
357.9047
205.6115
480.4343
536.6715
256.1311
322.0033
282.3247
483.0223
200.6433
291.0594
163.7358
246.2294
357.0133
737.4506
882.7623
365.0683
358.2743
380.8699
104.9178
332.6304
251.0256
263.3721
224.306
306.6819
193.714
539.2346
276.1413
246.6195
376.6092
549.8432
262.6018
148.1132
475.2753
187.8929
337.0276
152.1609
183.58
215.0193
177.8913
326.745
395.9576
492.291
432.7869
231.3437
214.8698
434.2634
533.2161
501.5424
292.2992
163.2697
118.1539
247.6474
455.005
328.7851
201.1411
171.775
269.871
405.3892
783.3432
592.1403
729.3519
467.0783
367.3263
476.25
423.9774
209.0786
213.0394
281.7987
227.7584
478.9193
169.4898
234.3698
209.2976
466.9037
361.0024
1076.836
512.7246
134.9005
569.0076
485.3094
340.4672
268.9371
400.1808
407.8481
455.1469
191.4419
460.6615
537.8938
311.6594
204.4675
815.6371
271.6142
508.8517
452.4865
168.6697
228.3231
229.9308
316.5427
939.9141
336.6748
284.1566
292.2525
321.3376
484.1206
534.6988
544.8129
606.5892
667.9924
504.1185
415.7833
424.2765
603.5938
602.8894
991.8649
330.3183
