224.6169
130.0955
420.6678
357.8594
354.2964
278.4215
883.8201
421.9625
279.3337
298.5272
649.5767
389.379
143.8353
120.9654
247.5163
327.3803
351.7578
108.6373
910.7305
99.36433
322.8157
449.3873
210.6308
169.5057
206.8347
418.6918
164.6713
219.153
96.54023
130.8786
418.6728
234.5542
278.8394
266.0585
219.5734
451.3229
336.0373
201.0606
186.5979
263.897
363.9216
367.1545
183.2273
539.8748
274.0405
264.3237
267.8858
172.4772
206.62
176.3057
640.0048
240.1446
336.0616
481.1945
196.1426
211.4849
721.423
195.3414
349.0405
415.1475
141.5746
245.9447
256.5255
390.2383
439.0811
361.0257
190.8484
182.4313
267.192
212.3091
117.7373
209.7535
380.5206
253.8683
223.1045
316.0803
232.9308
341.8167
135.4639
136.6276
123.5363
191.9769
213.0101
430.6152
204.6402
573.4513
320.614
372.3371
465.3195
211.7977
326.5293
150.8011
282.3538
387.2817
585.7244
229.4456
180.2778
113.5118
87.64339
260.0803
365.3745
121.0957
277.0599
215.846
334.4585
240.1046
153.4023
290.3103
215.0505
369.0934
935.9749
331.9288
244.3381
296.6139
317.3292
399.7335
402.8917
164.1196
157.2771
336.6134
179.6601
348.3839
181.9218
197.3463
207.0818
376.0054
334.5616
353.7021
273.9951
190.1035
197.0138
505.7939
302.892
447.364
684.359
256.2701
227.77
533.4668
253.996
735.6916
258.844
411.1561
397.9176
151.507
173.4259
143.8993
92.86853
527.3712
159.3532
131.3502
457.7107
240.7432
323.9364
155.1896
275.4697
129.9441
345.991
269.7252
205.6831
968.9498
324.0147
297.3901
138.0369
277.89
163.8059
165.5672
273.1404
227.0182
306.5182
299.0841
502.3446
217.824
212.9793
165.3102
152.527
365.8014
186.9224
132.3194
239.1838
186.8262
255.023
416.3195
297.8385
369.3306
1241.035
223.8439
179.1375
160.7742
613.9743
260.7899
137.2049
381.1521
282.4918
191.955
141.0709
205.705
387.9165
330.054
154.5889
563.9738
248.7447
154.144
417.478
244.6633
273.0198
364.0291
305.0354
196.5334
264.3342
162.777
183.2791
397.3094
299.2794
529.4186
205.6093
340.1839
272.6678
321.8947
340.8025
121.18
198.5879
120.9908
533.824
706.6405
374.4358
345.6522
374.3586
354.1756
191.8058
156.5677
161.2183
148.317
253.4027
811.9041
320.8114
391.2424
567.0402
224.9712
419.2898
871.7108
120.892
267.905
249.8158
191.5066
142.1794
212.0282
142.9735
395.3678
250.5977
199.2489
444.4198
229.6334
204.2878
239.5031
211.1044
123.3039
345.7789
651.6186
110.3255
219.432
226.7857
304.2056
602.949
246.5953
365.3108
145.0381
266.5967
173.7111
244.1048
194.7063
3836.238
238.293
282.7961
285.5838
118.9668
130.6071
638.103
297.755
189.2891
167.9254
290.9888
233.359
383.44
364.4652
218.6772
154.9472
197.5557
403.3747
245.6104
154.7306
629.2841
210.9547
547.498
265.1559
324.095
190.5068
2031.564
178.0886
182.4499
267.6696
266.6295
513.6433
309.0846
264.9507
154.2612
199.3973
302.9794
175.3634
142.2822
142.6929
238.8627
146.8027
924.7472
383.1413
288.6099
389.969
537.2101
198.4597
429.1794
407.9284
150.7741
211.3073
270.1115
303.4868
308.0471
191.3552
398.6321
236.8991
309.4504
90.72249
154.7962
282.3509
297.4143
370.2463
167.5919
255.7961
169.1217
97.00943
395.5959
162.5496
312.1436
429.3439
264.4206
157.5983
711.043
199.6805
315.4787
203.709
333.5594
169.5013
394.3724
185.4108
259.4129
198.1411
541.288
340.614
210.9108
297.2986
367.1991
293.496
370.6025
240.1766
323.5257
197.7456
294.7611
370.634
518.9713
400.8795
200.2438
534.3572
725.7948
118.2619
555.0566
221.7682
258.2167
661.0956
174.8565
406.2277
217.6232
668.3719
263.0759
225.0573
562.1447
395.3476
181.2307
404.6465
218.6303
278.2889
402.1956
569.4194
167.9932
420.4008
209.5851
194.5589
165.9676
225.6644
193.9466
273.7497
345.1224
179.1513
168.7397
693.511
409.5947
116.4947
114.5707
304.986
259.5754
190.7568
304.2771
339.0507
370.3177
183.4758
154.4221
257.3583
364.6484
118.4252
119.7682
240.6426
412.7241
171.968
261.4527
248.7809
306.8057
222.4918
148.0098
209.1547
189.0411
500.0953
274.8636
303.3635
728.874
175.1738
175.2643
620.5106
269.2663
150.9742
464.1255
147.4291
300.4166
213.3684
212.681
476.9858
146.5611
292.75
568.4795
270.1906
178.7923
387.4519
328.8673
292.1164
258.5896
213.3556
272.3239
340.4358
176.7326
327.5246
267.2886
332.595
269.2342
286.823
194.0472
205.0685
272.406
144.1747
187.232
188.9192
417.552
284.268
264.4405
155.4944
118.6747
706.3937
162.6961
97.3989
274.3262
216.3157
727.7217
360.9858
191.4743
320.619
164.7192
260.9954
258.706
364.428
625.5084
380.817
344.9566
187.5813
157.2757
347.9987
109.1686
483.8999
205.2645
229.527
291.5461
244.8575
220.1484
371.0328
248.0433
297.7317
