388.464
384.3248
370.8116
382.6176
391.6524
395.8298
365.2865
391.7023
354.2335
375.2959
369.4247
371.1051
398.0873
405.3563
400.8902
395.9564
396.2736
373.8274
387.0821
398.3674
368.2908
332.0656
364.2809
399.346
418.0002
402.164
351.3998
374.4725
363.2115
395.531
394.5439
391.5283
386.2175
359.3275
387.6383
358.9299
346.7961
399.0752
373.4063
381.1596
358.3336
359.1593
416.9369
394.0219
386.6442
376.108
403.4301
389.3211
372.7495
378.7016
389.6853
373.7848
376.9086
386.1
394.453
388.0176
389.8088
384.5623
398.4529
413.7677
372.4047
377.0378
393.9736
390.1907
386.3333
387.211
385.1486
396.4032
388.5656
359.3763
345.9153
388.852
407.8215
384.5775
349.8479
406.28
403.7268
402.1155
413.4224
391.9933
385.563
369.904
384.4132
384.5871
377.5817
372.4025
370.1712
375.8839
379.1211
382.6284
382.6304
379.9944
371.2235
370.4151
390.1669
370.8544
416.5282
385.3403
369.6731
345.0021
371.162
384.1813
395.3436
407.6785
400.97
386.8393
390.3138
367.6679
400.9493
410.2802
380.0354
406.871
389.6455
378.7742
446.9242
410.3117
399.374
396.7191
364.124
386.8515
408.063
370.0091
396.6671
387.0728
373.1976
360.0954
366.8897
383.4767
371.7369
379.1286
374.3137
387.256
374.2783
358.1646
391.4608
384.4018
371.4527
402.395
365.4654
385.3524
396.3506
395.1928
349.3383
393.97
394.1439
382.8314
364.0877
381.1282
399.0346
417.275
377.964
390.4022
381.6297
369.1758
374.5078
382.0109
386.2479
394.1575
365.9558
396.8327
369.8373
375.6849
391.9305
373.6628
360.401
375.8038
387.3782
333.4563
438.0942
365.7041
369.2481
389.7704
367.1412
394.4343
372.0419
360.1079
357.9921
382.2459
343.1886
407.4744
377.1671
405.0465
367.2377
386.2569
362.6981
391.1373
352.2108
397.9628
392.0146
393.0818
351.7031
411.9403
371.3989
387.9285
385.2977
400.9365
400.0426
350.8566
405.5983
406.2004
409.8899
402.1984
390.9457
372.2823
416.0385
382.0428
392.0365
400.9799
415.0118
386.8063
409.9623
352.5079
363.7539
388.712
369.9209
406.5333
423.0637
378.0586
358.8827
411.0093
364.0617
369.7393
361.9451
378.6839
381.9498
356.7484
376.8189
378.7937
412.5541
397.7322
392.3062
381.094
416.7234
386.8715
426.6902
449.4593
439.1822
403.3732
399.2901
369.5261
393.3133
413.8989
378.0496
356.9311
383.9612
349.0391
387.1625
357.1272
389.1299
380.0911
375.9995
406.7239
373.253
397.351
374.2796
367.2876
391.0898
358.9201
346.732
380.0132
389.838
388.3573
374.255
392.4777
380.9394
401.5832
388.6971
374.0181
386.0125
427.7557
378.2447
404.8916
370.6145
375.7196
396.8428
344.8069
405.5761
352.341
421.4426
393.5014
383.3478
423.5024
386.0251
401.9689
371.5789
368.0574
367.8457
352.9615
359.2021
399.1864
390.0302
396.0401
392.5083
402.4218
401.7487
379.9646
402.3796
375.4948
363.7665
366.9234
359.6566
385.1414
366.8662
386.2962
378.5473
374.3747
395.6184
378.7713
387.8829
367.8146
379.4837
394.4875
373.8666
387.2003
375.9669
378.039
409.9387
367.3945
371.6171
376.1388
370.7597
372.4731
369.0614
344.4913
363.3078
406.0813
393.3256
408.7917
372.5098
381.9071
365.822
347.5506
379.2038
401.3746
365.5463
395.2296
401.2417
394.4007
373.5449
366.8541
385.7962
361.066
397.4284
379.005
360.4821
384.8898
374.6492
383.3546
388.2354
377.3378
400.4948
427.0994
392.6561
393.8537
395.2961
379.4406
380.3564
383.4789
355.5503
368.8664
336.5726
375.4594
369.998
361.636
391.8318
394.7719
378.2859
368.2527
385.9419
393.3108
386.1457
388.3819
361.2879
399.0676
377.0911
358.8161
392.0964
396.5202
380.1912
336.8964
385.2775
377.9077
376.8533
394.9615
395.1277
366.1716
375.4944
346.756
371.4742
343.8906
388.5639
375.7209
385.3375
360.3424
398.0841
401.6697
388.035
405.7658
337.8424
372.1812
404.463
375.5566
363.2853
365.247
391.6232
397.7123
400.0147
362.4762
387.2285
399.2049
377.1204
395.5607
424.5017
403.4355
413.4194
420.4842
378.6184
411.9999
434.8012
392.7468
400.9203
345.6564
356.1415
364.1567
390.0067
382.9411
374.4327
374.4302
377.9484
353.0221
390.2364
363.8107
389.9899
405.2315
420.0161
390.8699
379.9556
371.3817
386.9396
394.308
389.8986
379.3155
384.988
369.8334
364.9225
401.6704
377.0889
403.2468
429.1722
383.2977
379.9508
409.0223
390.0021
404.4713
381.2018
377.9458
378.0598
373.5505
384.2349
400.5718
372.7356
367.324
378.1304
369.5751
377.9701
395.3677
386.0484
369.7923
401.412
392.2938
406.4704
366.1454
394.7947
369.2248
393.5041
400.6271
353.4686
342.2461
370.4027
375.9485
370.5322
376.3565
351.1538
405.2901
370.6687
387.8438
396.3519
377.0052
374.2817
419.1602
365.4645
372.7977
364.5502
372.8336
341.2363
409.6203
395.5163
393.5548
380.9604
359.5442
