10.48906
12.89318
16.70707
12.13495
16.00438
15.38418
17.65541
15.02602
14.48171
12.70295
8.378641
16.83456
16.16562
20.11216
13.42534
16.85932
30.76837
33.3998
46.39304
41.77083
67.51453
87.37706
320.3905
1736.801
4526.33
5684.018
6042.905
6010.659
5472.92
5944.487
6077.754
7101.336
5720.557
6377.074
6698.142
7168.11
7109.224
7474.418
8241.61
8079.373
6718.216
7453.281
6645.532
7432.976
7298.537
6788.226
7443.82
7195.937
7551.585
6931.168
8089.348
8034.591
7247.062
8164.919
7846.204
8272.28
8093.613
6712.706
8624.332
7967.776
7011.91
7801.365
7531.689
8142.398
7629.898
7406.782
7172.71
8507.019
8081.497
7971.762
6865.763
5916.139
6605.535
8000.393
8256.814
7978.246
7486.887
7704.378
7951.495
7044.326
7008.24
8283.256
8344.363
6942.576
6984.96
7090.135
7279.343
6461.143
8352.515
7588.289
8390.624
8185.557
8342.053
7522.354
7962.871
7223.419
7126.237
6996.963
6748.736
8458.536
6960
6866.016
6632.515
7693.36
8446.741
9238.416
7242.856
7386.007
7617.62
7254.79
7109.807
7432.568
7749.959
6693.847
7112.839
7741.967
6667.324
7337.853
6227.904
7222.948
7754.081
7956.861
7465.772
8112.073
8515.908
7128.039
7756.015
8022.924
7746.226
7273.157
7998.025
8340.055
7940.174
7720.819
7663.244
6634.836
8708.685
7160.689
8593.396
8135.251
7829.867
7353.66
7125.237
7416.932
6814.223
7178.394
7549.32
7984.521
7774.073
7501.013
6827.414
7531.491
7831.592
9193.439
7962.566
8393.538
7713.294
7367.48
6784.611
5905.031
6726.377
7534.533
7438.498
7100.451
7441.578
7217.496
8112.64
7647.828
7676.864
7382.932
7697.808
6173.01
8100.359
7876.625
6669.67
7017.32
9768.253
7762.32
7259.157
6908.897
7456.109
8014.486
7505.408
7266.364
7106.301
8640.496
6930.208
6899.627
7538.65
7842.318
6957.061
7867.957
6884.169
7805.711
7099.248
7274.202
6832.598
8018.021
6730.433
6958.934
8631.517
8077.09
6514.522
7640.383
9310.749
6268.406
6595.514
7652.6
6991.91
8399.136
7139.689
8348.649
8972.964
8212.491
7650.398
7311.347
7870.336
6883.289
8522.816
7667.013
7517.877
7065.827
6774.018
7180.864
7374.704
8101.852
6985.385
8626.056
6756.226
8248.073
8781.561
6517.909
8629.983
7420.333
7584.194
9003.696
6697.748
7233.769
8295.022
7290.344
8133.006
8098.652
7367.29
7703.565
6783.794
7111.098
6675.468
6850.224
7309.949
6553.639
8587.565
7361.254
6872.796
7003.37
6903.838
8280.85
8620.87
6468.475
7488.53
8293.746
8445.791
7718.329
6872.665
7517.473
6924.869
6950.4
7843.653
7939.974
8494.844
7166.563
7506.71
6937.31
7599.987
8584.6
7678.582
8221.215
7318.829
6987.276
8087.587
6852.907
7344.856
8168.604
7241.822
7901.658
7384.36
6300.604
8437.418
6993.196
7944.742
6738.094
7872.239
7668.465
7831.968
8307.697
6769.973
9894.275
6596.172
7507.207
7339.253
9214.94
6838.91
8048.067
7876.348
7669.251
8134.491
8283.97
7529.733
7307.863
7490.23
7778.901
8182.786
7815.56
7648.581
7396.055
7157.64
7038.428
7611.87
7405.783
6988.5
7602.299
6484.711
8163.07
8350.103
7675.145
7428.026
6621.9
7031.394
7515.199
7415.141
7982.417
8007.068
7640.457
7584.307
7622.378
7440.232
7611.665
8819.39
7311.557
6873.184
7975.357
7310.995
7113.021
7430.281
7232.343
8420.968
7181.452
8202.618
8404.627
6976.727
6685.32
8439.266
7791.502
6572.89
7378.062
7523.805
7316.187
7615.489
6505.803
7979.011
6809.67
7432.706
8328.272
7079.564
7494.564
7494.364
7068.918
8387.596
7711.22
7688.32
8092.681
7089.004
8309.976
6675.528
8275.466
7298.144
8247.96
6935.814
7433.903
9027.256
7253.801
7751.654
7437.923
7936.913
6896.365
7693.975
8389.065
7185.687
7314.973
7107.724
7260.472
6450.463
7594.535
7898.307
8138.359
8844.413
6923.386
6922.913
7393.485
7690.102
7803.885
7387.041
7670.906
6663.787
6855.904
8337.188
6303.186
7357.043
7202.696
7957.547
7146.949
7360.642
7893.776
9173.495
6944.169
6957.497
7296.905
6682.149
7997.001
7563.837
7369.59
8285.126
8273.351
7756.845
8262.556
7786.224
7737.421
8136.59
7255.41
8601.955
7205.798
7368.169
8105.502
7336.757
7453.318
6843.893
8143.311
6277.218
8808.959
6605.672
8829.654
7257.968
7172.961
6991.868
7530.18
7939.92
7141.959
6828.212
7945.775
6998.312
7300.308
7338.046
7648.433
8014.752
6561.519
6360.663
7866.024
6807.393
7016.679
6830.723
6106.274
7199.754
7986.676
6976.08
7047.305
7128.727
8149.996
7524.705
7065.288
7676.914
7861.224
7715.924
7711.905
7259.948
7866.155
6973.641
6618.202
6689.077
7981.814
9068.905
8434.517
7206.593
7321.48
8331.097
7705.932
7144.81
8008.429
8454.584
7455.179
7567.329
7861.631
7010.981
6202.296
6747.629
8462.938
8218.893
7877.339
7147.234
7419.124
7216.764
7302.235
