121.8535
237.8888
110.9792
138.7142
476.2036
52.95579
60.86444
287.4281
87.05947
106.5136
95.4416
873.7255
181.2698
118.4253
242.5194
100.8489
76.00215
81.1887
147.4354
115.9771
58.67768
124.6494
47.84752
190.561
326.3592
739.9589
127.5523
236.4961
252.4163
122.921
267.51
251.0676
139.4189
158.6875
265.9351
139.6825
54.64283
98.87072
152.4855
108.2521
87.11354
184.5151
539.9932
301.3298
112.3205
424.332
93.48189
80.57176
162.2418
225.6463
455.6853
110.4363
99.86075
86.06373
144.3817
59.26533
413.7402
87.49733
66.28099
73.24039
102.9513
261.7375
119.4571
175.5223
306.0154
98.75678
160.8573
99.48006
355.7731
256.7961
147.1031
138.9673
184.9168
93.91726
116.7326
883.207
161.0798
405.8551
154.7206
126.573
129.3453
118.6456
366.5891
114.4098
86.76458
91.66516
84.40198
476.0468
89.1213
120.3539
87.03059
85.86424
120.2232
360.6406
79.36679
151.7409
104.6997
273.0228
236.7262
85.17734
578.6235
123.3457
377.4492
92.73593
114.9551
100.6722
185.4627
73.92255
177.313
164.5801
110.8587
194.2087
449.0038
83.34353
349.0913
203.6182
127.8869
83.13125
246.0915
143.3089
137.0267
101.6399
46.5203
369.7458
83.27174
131.0165
81.68636
184.9858
278.3709
132.4136
378.0352
67.99729
168.8673
167.8714
890.3137
91.6016
94.62158
129.1258
119.6845
427.3565
102.479
129.2265
150.8945
220.3882
363.5751
62.67763
159.3511
135.0884
250.4669
150.7306
79.09307
135.9151
336.3484
191.6279
147.9592
122.6492
356.4936
133.5257
80.19546
332.2577
194.9017
252.3697
142.8277
110.2011
182.6444
240.2929
237.8993
98.7493
268.1454
276.1441
459.6692
178.8223
141.864
71.98209
218.1718
68.02967
338.857
160.2371
147.4116
1089.278
237.9997
203.4419
105.6128
97.24309
54.58797
154.7538
147.6113
97.53398
239.7485
163.4605
202.1824
116.8188
99.23961
349.0407
291.2147
432.2859
274.3914
145.1942
194.2284
148.2298
73.97154
244.456
101.4543
70.11332
101.037
117.046
264.6067
153.2524
172.0813
96.79141
272.1227
90.61727
195.0867
156.7384
188.6384
478.6429
117.1047
180.3737
64.09154
56.67587
145.8178
268.6361
148.7946
597.0038
230.5467
217.179
64.22897
152.5473
281.5407
228.9973
611.5081
243.9785
265.9555
65.78061
169.3951
135.5687
73.51199
92.91344
140.4501
68.42195
229.9571
1293.304
107.3959
119.8038
149.3358
286.2436
460.3814
156.1265
113.2786
614.0728
281.47
863.4978
147.1103
177.6837
284.2726
276.1455
101.5617
57.94642
299.9683
152.7592
51.53188
101.6305
110.8856
151.6785
156.4991
66.62452
124.7277
511.7921
205.9822
84.41028
346.3722
638.1175
193.2958
347.4248
836.7555
507.6308
495.6422
173.3765
171.3769
225.9758
146.1123
420.0846
275.8896
362.9763
149.0191
323.2244
417.5426
241.1058
437.8877
513.5922
446.2557
382.0916
115.3431
200.3874
157.6091
416.5929
308.7919
375.6926
422.4
213.6874
169.1531
216.6073
115.8055
137.2214
194.0141
68.01971
226.9636
131.2405
139.5345
81.70923
199.9184
133.1643
185.8702
217.8418
288.0938
216.3871
163.3003
51.80556
112.42
151.192
180.7223
76.20029
115.0475
327.2594
91.35226
69.3008
165.1317
95.9735
371.0616
68.79153
154.9814
213.8959
110.3795
114.3026
72.48961
109.1913
1094.509
31.6939
254.6442
174.2455
302.8395
394.3963
151.5016
91.01084
94.5074
320.4631
93.06727
191.5705
459.5197
90.77555
120.2179
124.9682
134.3992
134.6648
109.1824
102.5107
58.1465
49.16985
103.4106
156.6548
107.066
144.3897
51.19668
160.8069
103.5652
94.54607
487.9642
332.485
176.7526
93.55538
64.39604
104.1634
159.7322
134.7897
204.8049
204.6397
76.51651
202.8435
567.5307
63.41749
67.33756
570.3528
96.79574
184.5716
305.2514
204.6426
185.0697
113.2352
56.2918
110.0216
109.6006
131.8063
63.98711
135.8174
167.0309
182.1177
130.9206
166.0278
64.47983
85.5532
112.7274
77.65006
90.39063
145.6998
156.4955
304.8367
239.9422
118.9576
117.7853
243.3541
213.6722
55.76853
127.4243
237.5477
67.94069
174.3171
287.0035
510.5459
149.482
199.9161
100.3578
78.0394
255.1478
85.35471
129.0987
151.7664
713.5616
96.82318
72.36247
128.8737
174.7801
86.11955
205.5137
194.4107
67.27642
115.2249
214.5628
101.0859
131.9415
343.4391
118.3001
49.07263
93.47582
84.39891
168.5541
94.58882
85.16938
99.33494
275.1717
153.4802
633.7674
99.38891
212.3706
102.4374
226.9083
95.36838
197.7551
222.266
47.60446
144.2079
158.1086
95.50942
133.7073
186.0393
151.686
225.4806
183.3754
194.2132
110.068
127.2653
218.2008
149.2938
86.39392
104.0759
443.8438
101.1414
175.9056
84.66932
226.828
616.7679
320.0654
79.70407
221.1582
307.2542
123.9594
176.0435
580.495
53.22038
84.04855
405.8462
92.34667
59.68365
100.7929
305.7853
171.0427
346.6159
104.4136
173.4521
65.14406
320.0721
