405.1476
432.3418
631.7013
561.4759
491.0062
740.9528
450.8898
403.986
446.1008
624.2368
800.7115
882.2875
532.0969
542.5839
613.8022
907.9878
749.1511
824.0525
820.5006
909.698
990.5262
842.0217
610.8006
805.7737
476.2855
501.8892
604.3936
623.1191
646.6251
622.8445
460.6657
532.7197
763.8686
599.9847
665.8145
754.6344
834.2349
808.2794
807.6136
679.2879
697.5192
546.8986
481.3553
504.0862
644.3932
423.1069
425.6575
385.0721
755.8884
892.949
680.9892
835.403
819.4125
952.1209
803.8321
686.2243
737.295
802.3286
548.682
604.6954
631.1659
767.1079
512.5934
282.7481
507.6637
695.8391
787.3934
670.9067
843.998
841.4464
784.7441
647.987
386.9464
380.3347
342.3741
418.9675
525.7548
684.0627
608.3082
381.6602
564.0626
595.7463
358.6041
456.2818
704.8021
535.8936
491.3765
715.5213
584.0005
615.9331
598.752
536.3688
448.3458
502.2348
294.764
351.41
532.062
299.3027
554.9872
690.5127
814.2383
548.4392
600.4398
631.0731
479.505
492.8931
562.1699
552.898
540.3495
743.7149
754.145
734.8372
398.609
552.1032
1061.093
824.4906
917.2716
621.458
711.7618
837.5188
1025.413
681.9538
459.4937
677.825
419.0683
427.8652
536.6897
669.6915
754.9672
570.5622
410.8759
439.6533
520.4828
492.5621
445.4412
529.2013
615.6093
480.3962
569.8195
537.8823
539.9696
578.7007
505.6933
591.9926
521.5094
507.7203
942.4621
740.5663
656.8778
553.9212
385.57
576.4178
562.8244
528.5756
540.1221
502.3175
715.7146
629.7348
663.0956
684.7955
755.7578
583.9306
475.0753
372.4704
418.0182
472.8145
425.3112
594.7625
763.4257
596.3923
391.4219
508.3247
609.3323
607.1481
454.2067
498.5698
658.7848
477.2395
428.3084
310.6396
390.1519
421.3183
628.8987
646.3731
526.2129
529.8681
532.6737
681.826
418.9782
472.6026
541.4446
621.7529
658.4046
1006.247
676.0246
662.5244
739.8696
562.0102
630.8765
777.0972
582.7825
535.671
505.5054
656.5669
702.6081
736.2344
504.187
548.2328
590.3509
357.2305
415.7255
707.341
550.6376
433.8296
349.1416
549.0826
554.8483
770.5477
587.0206
448.7364
364.7543
572.8771
549.8324
873.4672
513.4684
594.8513
734.1038
495.3656
668.4459
838.2199
910.3287
697.814
367.4566
472.468
351.3904
401.7948
639.1749
948.9926
693.524
746.0619
520.9945
392.4911
536.4087
763.7255
690.6965
796.2899
572.4783
566.399
698.9091
496.2797
500.372
409.2743
546.945
838.4474
742.2669
448.247
581.2861
372.3421
362.5265
671.2954
440.623
534.4054
734.0423
887.9732
574.9024
587.3682
725.1655
565.3142
606.9662
453.7113
547.3505
771.5798
958.8624
841.8422
510.5638
559.4713
424.0468
416.8272
605.7077
792.2091
802.4846
598.7012
658.5766
525.1819
481.8893
497.2376
544.6567
796.7596
631.7099
883.5092
858.0188
881.694
570.1334
462.9443
721.1777
745.1024
723.6788
780.4483
700.3652
722.4976
419.3252
403.2115
504.1604
339.2608
385.2694
807.4737
893.7421
661.8529
1122.857
757.3333
451.2477
385.2761
426.7513
626.1974
544.8658
605.1352
459.8823
560.0168
447.0413
539.9491
499.0609
557.9384
577.1535
462.1315
581.7972
794.9895
817.2031
677.58
782.2737
728.2875
803.5195
676.1874
524.3958
487.604
508.9223
445.7928
406.7774
876.4459
963.9963
816.5862
785.8262
410.4612
495.8372
414.6082
488.7469
536.054
487.338
583.3097
684.6035
572.4875
621.1913
537.4312
739.6806
540.5577
426.0691
723.0677
531.0662
913.6271
715.2154
773.2077
486.1846
460.8175
487.333
397.0294
477.609
487.6824
477.7535
652.5883
607.4195
391.2054
359.2858
589.8315
485.6608
430.2916
457.8143
400.435
449.2379
566.0632
532.3603
916.2324
401.3028
530.5795
945.4265
896.2671
603.3963
418.8027
431.3387
531.0236
509.2543
454.2212
635.8678
467.4176
523.2035
534.1399
542.223
878.6413
802.5651
725.9947
810.3221
627.313
577.8714
789.3529
499.7262
516.5856
712.3579
485.9307
618.2228
650.3257
610.455
789.0236
489.0528
542.8155
775.9776
577.6799
653.3298
893.7792
617.967
725.7282
469.8711
422.7245
442.2035
679.0286
471.1552
606.6022
532.5015
513.1952
674.9312
789.127
517.9634
435.4071
442.6882
615.4621
516.8154
498.8056
647.8137
569.7284
629.1901
562.4209
545.1851
664.6904
752.514
469.257
607.3785
780.5947
519.0066
446.45
366.567
557.2021
641.4565
861.2342
492.6619
370.9795
401.4523
351.6741
563.4732
889.9356
710.2008
664.9208
539.1574
663.7458
899.492
617.2384
554.0422
594.8821
555.8493
823.3336
748.6118
944.9972
571.9781
530.194
378.3387
548.4067
561.8573
883.0654
642.3997
466.5468
592.0785
1047.944
672.9312
793.419
631.0823
645.3359
664.3302
465.5747
722.4589
619.8888
667.278
712.6957
548.3138
414.8468
514.6358
825.5865
409.0287
631.9741
649.5258
551.1938
566.8076
413.7952
572.3868
569.0081
