85.02483
83.86595
84.32476
83.71001
84.45712
83.55331
84.28092
85.4636
86.53323
86.54744
88.10841
88.39243
87.61462
87.67663
87.77405
85.9785
86.98087
88.18344
89.3759
91.15014
91.43747
91.04447
90.84532
90.17282
91.53019
91.13149
90.37841
91.8067
90.16939
90.55861
92.23985
90.24766
89.09373
88.72623
89.14985
90.1566
86.86208
88.0506
88.26352
89.27437
87.58997
85.8318
85.33353
84.96686
85.20739
85.95532
85.62876
83.71635
84.78426
85.42252
85.70766
86.26243
86.97905
85.2466
85.55416
84.25297
83.5281
82.4966
82.45228
82.33565
83.83586
84.16378
84.45793
83.34573
84.13297
83.31812
84.53606
83.33598
82.286
84.09072
82.82681
81.07247
81.36046
82.09187
81.69105
83.13646
84.21744
85.1383
84.24794
82.22367
83.14574
82.54544
82.64418
83.96689
83.82036
82.88031
83.13704
85.18015
84.5552
85.65146
84.19319
83.43598
83.65553
82.21292
80.90231
81.92817
83.70965
82.89798
83.74322
84.20275
83.44415
82.45878
80.59865
82.59253
82.76634
84.60995
83.20126
81.64484
83.86574
85.6852
86.62638
86.96814
86.79934
88.13989
87.44554
86.15887
85.90036
87.76917
88.18084
88.60498
87.67322
87.24
86.98371
86.55313
84.43635
84.30458
84.00557
83.34687
82.63773
84.17138
85.15034
86.46113
84.13732
81.83028
80.89761
79.45795
76.87683
77.50438
78.25299
78.24841
79.91337
80.54046
80.13358
81.24499
80.23027
79.30682
79.39226
81.85254
82.38667
82.39619
83.1436
83.24428
84.6263
84.66007
83.55207
83.53481
83.08517
83.78507
84.92657
84.59903
83.96041
81.86942
82.59208
82.47417
82.29074
83.02885
83.15078
82.96251
84.61845
83.83676
82.13049
81.47635
81.94436
82.41333
84.4108
83.99874
81.82332
81.52092
81.0008
81.74599
81.7258
79.94787
79.66331
79.58328
79.17669
78.29906
77.94863
80.63384
81.39323
80.77173
80.19198
79.95303
79.49554
79.8117
79.21761
78.28745
79.63267
78.77046
78.87101
81.29918
83.04821
81.90807
81.88469
83.69685
83.64156
84.18621
86.01632
88.26075
89.42492
88.7428
90.65016
93.06859
93.0706
89.96914
88.45542
89.30791
89.77223
90.42079
89.75814
89.33347
90.80832
92.78438
91.7626
91.1117
91.34198
91.4523
91.77784
92.63124
92.4703
94.36709
93.4841
94.52076
93.04646
93.32215
94.02932
93.86544
93.16814
91.13531
91.17985
90.73728
92.9694
93.25116
92.26124
94.93218
93.07745
92.8131
91.82748
92.3856
89.24533
90.80135
89.62106
90.78809
90.37953
90.04533
89.10341
89.42354
86.3542
86.21066
86.94509
86.71665
86.18258
86.52489
85.43858
84.50446
84.53924
86.75304
86.76107
86.16232
87.63386
88.46427
88.08928
88.13786
88.0924
88.47294
89.19914
88.12406
88.49954
88.23329
85.81361
86.95682
86.1103
85.86806
87.09835
87.36535
87.36596
86.28141
86.32786
87.06629
88.28521
88.13719
87.98989
86.8738
87.09783
86.61409
86.79829
85.50787
86.77279
87.03152
86.07178
86.49092
87.80012
88.47204
87.69365
88.69454
90.2811
89.54147
89.95942
90.22383
90.99868
89.69126
90.54528
89.83045
90.7517
89.01143
89.75911
89.76789
89.48669
88.69572
87.74068
86.59991
87.95965
85.84767
84.65534
85.74938
86.05873
85.10829
85.7016
85.88149
85.1419
84.33058
85.35027
85.05822
84.78992
84.71557
83.57091
84.91528
84.84733
85.83568
87.52375
86.2974
86.91681
86.10396
86.68242
87.04488
86.40913
85.71571
86.61659
87.8162
89.2711
87.86987
88.87662
89.91959
87.68967
88.12721
89.7218
91.20873
92.32891
90.02479
90.20922
88.71785
90.19686
91.17094
91.91825
90.22247
91.41114
93.34724
92.31684
91.8937
94.1856
94.7228
95.34874
96.84134
96.17541
94.76983
94.34764
94.29504
92.97596
93.40317
92.37914
92.28479
92.26522
91.88916
93.10774
92.54562
92.777
89.87222
90.69193
89.75938
89.36071
88.69621
86.66845
86.9996
86.51725
86.03806
85.49319
84.26466
85.25204
86.26972
86.18492
85.52155
85.2419
83.76174
83.87852
82.56909
81.79666
82.23322
81.84279
81.91802
81.54102
81.38896
81.05304
81.6695
82.56256
81.97562
81.30742
81.25325
80.5233
80.40786
79.08081
79.37659
79.29057
80.02225
80.59857
82.75113
82.14952
80.50998
80.11232
79.55091
78.81869
78.14968
77.23963
76.53976
77.57394
77.92213
78.54667
76.62869
76.91724
77.49297
74.60921
75.11085
73.0921
71.71089
74.47112
73.66962
72.21345
72.33735
73.57929
73.74501
73.5044
72.18633
71.12754
69.88527
69.88874
70.79371
71.59527
72.27167
71.76636
69.44096
71.76082
70.51474
70.96266
70.47508
69.23614
67.81896
68.44404
68.5032
67.37662
66.80147
66.41722
64.9655
62.52065
61.72841
60.99325
59.06793
59.74222
58.53534
60.12771
58.47865
57.71974
56.81221
57.39071
57.34108
57.06911
55.84724
54.71706
55.77139
57.35089
57.31738
55.07344
54.80477
54.76986
56.51285
56.87929
57.82873
57.79366
60.31783
59.55927
59.75056
58.96171
58.59396
