746.0373
760.0195
713.9543
747.8201
752.1511
818.9635
717.598
760.5025
785.7221
771.6724
769.0397
808.9592
762.1571
791.1263
754.4232
782.9487
703.2405
767.0194
699.9757
792.7368
715.9568
776.2227
711.4143
754.6114
740.9649
730.8924
756.8621
791.6464
766.4717
779.8788
761.7731
774.4991
729.6858
799.2462
742.9025
751.1797
725.173
729.5144
789.0091
716.3825
725.2361
780.0855
786.2203
737.2346
805.0831
794.8459
757.5422
736.6794
723.7183
677.8256
756.5512
671.8836
758.0079
757.2233
787.7086
767.3197
742.9887
766.1821
735.9826
746.4091
747.8364
770.0073
726.2439
712.1873
736.1994
760.7974
737.3575
707.5026
716.7926
734.6342
807.8123
804.8095
749.1396
743.7478
752.8988
707.9272
713.1437
735.1354
757.5537
765.9054
762.5093
810.2584
808.9102
792.6699
751.9337
773.3383
768.2219
776.8648
758.2709
720.5435
815.5653
689.6318
786.7282
718.1987
754.9624
759.1171
670.4441
729.7067
762.9388
753.4843
695.2903
763.539
739.0183
705.3285
738.7661
784.6292
767.3573
773.9642
764.6359
704.8008
782.1515
733.7169
730.7024
791.315
808.1307
677.6051
793.8922
765.8914
706.439
796.8802
688.2113
770.8689
714.5367
759.7152
788.7491
771.29
764.531
743.2099
785.8537
724.5766
757.1102
762.834
813.8758
759.8722
701.7905
716.6869
718.3761
751.7211
725.4993
793.3341
740.0775
780.9062
779.8645
714.385
774.7224
741.2281
836.4544
770.2449
809.7439
787.6523
760.8245
749.7059
778.8226
758.8431
755.0671
740.9721
766.0711
770.2438
768.586
786.19
703.8007
755.9604
739.8237
700.3112
683.5812
766.5952
721.3368
763.5361
767.0026
706.9994
727.9546
760.2885
837.8675
767.5258
761.4801
753.4269
782.0893
741.6519
734.4543
754.4258
730.6592
761.1639
770.9854
740.1909
718.2624
757.4116
773.6494
781.8944
686.5888
741.0279
731.8372
738.7097
762.8112
719.948
722.8827
748.7627
766.7122
740.5131
781.0708
667.6806
788.8446
729.1663
833.1256
789.7588
757.7544
737.0547
738.0122
766.589
729.3836
780.0507
773.0379
753.641
769.1193
716.2674
812.5272
740.4701
758.495
768.6247
733.6909
766.1548
740.5017
761.3534
715.7184
788.3644
779.052
741.9025
740.9553
801.3243
722.7417
804.2411
819.3309
735.6139
775.1857
759.8246
762.8904
721.3214
723.9882
753.8827
741.6275
681.0036
784.3075
693.2106
741.7725
748.1923
777.3781
677.9857
741.5212
742.4825
728.3909
731.8933
742.9098
784.2952
722.3307
693.9419
764.7053
752.6214
718.9693
751.0439
724.2686
711.9926
720.3764
703.326
780.2147
690.124
821.5192
759.642
805.6442
760.8321
796.7863
736.2222
803.0929
703.2084
779.2647
729.0256
747.8455
745.8775
729.5375
769.9677
769.3026
779.6187
798.6404
794.5352
757.8442
705.9068
827.2442
796.6467
741.2258
683.2027
752.051
734.1071
749.3185
748.7068
734.2039
737.4844
695.6346
711.1588
771.7056
722.3951
759.12
773.4005
769.2717
752.8914
782.2162
787.5326
744.9112
717.7157
732.9178
760.498
766.6627
719.9926
704.8418
797.8073
817.5752
783.6688
706.4563
770.3425
795.4897
795.804
712.5077
782.9149
779.0265
784.1722
753.9056
808.5247
788.9049
807.0739
755.4402
746.4871
760.0332
773.1819
760.9249
730.4005
760.6769
824.7465
752.0865
789.7461
735.0035
714.9296
733.0746
762.0311
759.0232
706.6326
696.546
777.6347
771.4687
738.8269
756.8737
724.0421
808.9742
731.1947
717.273
763.5002
759.6868
740.5295
722.9983
772.9895
741.6853
755.5157
757.2348
783.304
763.5474
730.9581
847.9361
723.9736
738.8874
756.6518
736.4482
755.8078
801.2745
749.0872
757.3877
732.5565
781.5621
695.7698
796.2253
704.2492
754.6693
814.6048
761.3299
720.7307
799.8996
726.8477
772.5132
776.0799
774.2769
766.5384
751.3326
782.245
743.3089
708.6591
764.7678
724.9135
780.3359
819.8053
745.1804
687.301
726.4884
734.2838
779.7105
727.5002
740.533
814.6313
827.7882
769.1912
782.6706
730.8927
760.5563
831.0542
741.3925
750.3293
751.8864
738.784
754.8564
761.5102
771.1134
841.0706
796.0945
776.4656
768.6676
727.1157
804.1782
689.1525
773.5006
774.9336
727.4571
776.9275
749.2538
706.2489
819.4952
749.7491
715.9901
727.3666
728.073
762.5602
747.5964
777.4252
757.2635
735.7146
772.0923
744.6648
731.362
782.4644
767.0325
709.1462
747.6608
748.9705
776.4441
746.6046
738.2335
755.4499
672.8451
787.3532
767.7314
717.5707
754.9366
736.4002
752.6621
772.9605
705.033
751.5296
809.0586
804.5939
724.8511
755.0641
729.4964
789.9164
782.6765
744.7853
742.733
687.5022
744.3763
825.8452
753.5022
729.124
759.245
677.6552
769.9751
766.7126
779.3069
731.0155
728.3612
689.668
784.076
743.6877
809.3833
782.1328
776.6636
771.1299
740.5109
724.0379
741.8392
810.8003
731.3526
815.3332
665.4966
727.0592
767.2891
716.9743
719.4205
739.3484
