85.07226
86.17307
85.67067
85.8027
84.23739
83.04343
83.80708
83.62581
82.97233
82.10476
82.35613
80.67139
80.41372
79.78439
79.59513
80.5561
80.19097
78.72792
81.1936
81.19975
79.81983
79.96664
78.54015
79.4977
80.46446
80.47296
83.38607
83.86044
83.69828
85.16018
87.57396
88.3229
87.39997
88.87453
88.80839
89.00197
87.71373
87.69771
86.59919
87.76215
88.47514
88.70228
88.47854
88.21122
86.33185
87.51949
88.72207
89.08412
88.95938
88.41176
86.46584
85.89662
85.91917
86.08464
85.18346
85.78417
84.31335
84.06662
83.0441
82.89721
83.90223
84.57913
85.0754
85.19513
85.28638
86.62006
85.75719
85.50873
86.11354
85.43918
84.67624
85.31016
83.68149
83.57454
83.96568
86.10256
87.73173
87.12511
86.66735
85.94305
87.29808
88.65191
89.31879
89.4702
89.14314
90.22089
87.9206
87.01857
86.81515
87.33739
85.94524
84.47145
82.73036
81.39344
80.42174
79.27774
79.09545
79.43553
80.67342
80.19831
79.68172
79.26961
80.03176
82.0805
83.69399
82.97326
83.16684
83.03129
83.85721
84.60638
85.60037
85.42669
85.20823
83.8768
85.7024
86.24045
86.48516
84.97912
83.69086
81.94263
79.34944
79.44939
80.29534
81.11252
81.83286
83.93578
83.27099
84.41669
84.42565
83.33636
82.96962
84.1738
82.51078
81.85443
80.58375
80.01687
81.70803
80.59651
80.81659
78.36802
77.08245
77.11256
77.13068
76.38885
76.00922
74.96874
73.48189
74.03057
74.30844
73.60534
72.91892
72.49959
72.41447
72.10415
73.20295
73.47036
72.47471
72.41308
72.76828
72.76706
72.00047
71.0994
71.45466
71.35892
70.93138
69.77559
68.60585
69.29174
67.92757
70.44367
69.91264
69.7798
69.05133
69.44815
70.86775
70.64191
69.84825
69.094
69.57285
69.89944
70.26607
70.70174
69.24915
68.38859
68.80007
67.71589
66.07782
65.93475
66.32632
65.48486
64.95092
66.3343
66.31817
67.11604
66.44085
64.68284
64.31409
63.97672
63.66175
63.86704
65.55268
66.08572
65.73817
65.86662
65.65267
66.00853
65.57251
64.32583
65.15916
64.23261
63.0946
64.07505
63.62991
65.47897
64.22956
62.99068
64.0426
65.95864
68.53574
67.84405
68.27855
68.00063
69.83363
69.63887
67.69514
69.05681
69.19587
68.63197
69.35169
69.17897
68.57846
69.56261
69.53882
69.73734
70.63779
70.05434
69.78064
70.67957
68.26318
68.786
69.03523
69.10292
69.15146
68.8508
67.73836
68.66411
67.2092
66.68558
65.81486
66.72478
67.67351
70.61643
71.47196
70.91583
70.7812
71.25842
69.41026
68.5147
68.73987
67.54695
65.65604
65.88394
67.09851
69.76146
68.08495
67.9149
65.83088
65.29336
65.20273
62.79188
63.9891
65.67029
67.24585
65.97908
66.48074
66.83969
66.8534
65.699
65.21022
64.04621
64.89191
63.72349
62.29224
63.6503
63.72998
64.43542
64.36418
65.49338
63.75069
64.47948
63.71257
65.63233
64.79057
65.30786
66.00602
65.38265
63.4264
63.34695
63.60322
62.96859
64.46434
64.43364
64.54062
63.74287
65.65202
65.94056
66.26293
63.92481
63.19579
62.14922
61.4884
60.90893
61.94807
60.23008
60.18029
59.36044
57.63527
55.86512
55.45504
56.76263
57.65253
57.28359
58.9538
58.48162
56.19393
55.81452
56.31879
54.94817
53.43236
54.74652
55.53447
55.52909
58.25898
58.91111
58.5295
58.72083
56.55731
57.09273
56.96956
56.26717
54.19934
53.61722
52.73649
52.63391
53.08627
53.83928
53.38319
52.2835
53.27566
51.23282
51.29216
52.49572
52.53483
51.35545
52.01786
52.51187
52.26777
50.73127
51.79942
52.70626
52.22932
51.96377
52.26866
52.14976
52.58152
53.59547
52.02861
50.26703
48.94335
48.3688
47.72299
48.56242
49.41659
49.90333
49.69169
50.12471
49.19843
50.41237
50.3469
49.61956
49.07324
49.6586
51.32994
54.18127
52.73686
53.82245
56.13394
55.76686
56.73293
56.32556
56.98696
58.14543
57.49607
56.6956
55.75697
56.12601
55.77936
54.17494
53.85517
53.82674
55.59154
56.29853
57.44417
56.48806
57.16778
57.31308
59.54869
60.38986
60.39565
60.13565
60.63593
60.2474
60.41981
61.10168
61.81932
62.76202
61.51672
62.97214
62.1987
63.08457
62.6676
62.48797
62.62705
62.10339
62.90555
63.04024
61.27183
60.50493
60.58695
61.84931
62.42239
62.31292
61.15397
61.26938
60.46674
59.58578
60.46789
59.95169
59.10441
59.33399
59.65937
58.89835
60.01393
58.13045
58.44385
58.794
58.74683
58.11834
58.84219
60.17703
60.64752
61.182
61.71379
61.16597
61.17649
60.64207
59.88352
61.05644
61.52798
59.57137
59.72511
59.62987
59.91005
58.92376
59.2342
59.0501
58.00678
57.80645
58.89743
57.08495
56.0144
55.04255
55.83431
54.56085
55.3816
54.4062
53.4057
53.83381
53.47199
54.22901
54.69526
55.25893
56.13888
57.35572
58.3586
57.91462
58.55278
59.15316
58.95592
57.64692
55.95036
53.42784
53.60939
52.99451
53.83654
55.18905
55.29689
54.88766
55.5105
53.7793
