76.82294
55.47057
48.79978
30.11469
39.0906
53.18244
45.78063
24.64079
41.21472
39.36551
29.35585
28.15951
22.76155
36.16499
21.0142
22.94573
23.55136
28.23262
28.24504
27.32838
41.39332
38.46117
31.16585
43.46687
30.68479
41.2478
29.05188
36.4041
41.98004
52.12465
46.21929
49.92535
33.24673
29.30732
25.2738
24.18481
23.68203
31.31911
22.36105
22.84428
26.66856
27.07779
25.73261
22.3305
27.82795
23.93351
20.44559
31.77188
35.40544
41.69719
27.36187
25.09843
29.35033
31.94818
46.44736
50.9886
63.58387
53.58853
39.17086
38.30037
45.59651
55.31224
44.24221
38.75644
34.16476
28.65017
27.92245
29.41114
28.81581
26.66259
31.85246
29.18332
41.05387
34.71647
42.04115
36.56416
42.75664
40.17564
23.99413
22.35576
18.34848
38.98394
33.29689
24.71859
20.46816
25.38734
26.36123
39.57262
51.38565
50.98875
45.65469
35.06159
24.2859
23.01755
28.81075
38.87455
35.15033
33.53182
31.29346
23.80079
25.21471
31.40068
36.29868
48.32205
42.4367
39.80052
32.88111
29.90504
30.43928
30.12602
16.58776
27.5378
32.94403
39.24499
47.91581
31.17939
28.57054
26.07621
28.44795
32.31455
32.88073
28.01497
46.14196
48.60565
47.37895
42.87446
39.14398
29.93398
28.13615
37.11634
37.78801
33.26931
30.64789
32.02943
24.12587
22.16451
25.05689
35.91923
42.9927
38.04173
34.41277
38.94222
31.61998
36.69513
48.50536
42.81271
31.40164
26.98543
28.09424
39.77034
31.98532
25.96948
33.56786
53.54395
32.78838
29.96706
24.83046
23.46209
24.87219
28.69439
37.09566
32.42236
44.25947
55.11303
53.20031
48.38112
57.65807
37.90144
32.2756
37.37111
37.51269
38.39224
39.95067
43.17284
38.26622
27.49571
35.31415
52.72248
39.56031
44.34859
31.36493
35.27552
41.18484
53.94373
36.82405
26.89764
26.93553
29.03095
32.06384
25.08064
26.13936
34.41798
38.30846
32.98704
27.08386
32.11515
30.74257
22.35129
38.89307
44.18135
42.98529
37.15978
42.66343
45.46295
31.50332
27.10797
28.10819
31.61196
40.27536
39.05825
32.1308
28.36061
31.42255
43.31249
39.67574
20.65343
20.86717
33.90922
34.70031
31.87167
23.67955
24.07205
25.85805
25.9573
40.7144
35.26267
35.70192
45.6798
34.58211
31.96919
29.80637
28.50081
32.06406
20.54758
27.98382
34.84045
26.52915
20.43857
29.57377
36.90152
38.17165
33.36861
27.71029
48.32043
53.50781
50.60322
34.32908
32.80907
21.32841
38.95164
41.78006
31.98136
42.38699
37.50939
34.11373
24.045
29.69368
30.33684
29.7246
26.791
24.46362
31.27977
40.85361
40.96049
26.26894
34.36685
33.06556
45.00338
32.26192
26.77564
26.67948
32.95987
46.51595
35.58476
33.28647
35.3979
45.35999
37.84124
36.72975
38.11296
37.4156
32.67365
28.03811
31.10547
28.67454
34.27734
30.47105
28.67634
35.91272
29.12373
31.65248
38.909
23.97335
23.92192
31.63408
22.69107
30.68182
32.72351
31.16278
35.69287
38.1455
26.02193
21.11098
29.83281
35.21395
40.55927
35.94287
53.34959
46.0417
32.85752
32.40038
43.96745
40.05521
38.1236
23.62115
25.22835
26.34062
26.07474
21.87561
30.69864
31.34368
32.59617
37.54798
20.31778
20.50962
23.15649
22.74615
23.34075
34.50216
34.18181
29.44186
23.52072
25.20894
29.65125
23.93249
28.06829
39.48032
36.96792
42.61195
39.53068
31.34671
28.28397
33.2015
23.09723
27.70346
25.2007
30.3767
27.09982
22.28297
25.27181
38.55452
28.51947
25.59546
34.33794
36.99955
35.53931
23.36113
26.46513
29.21975
34.10793
39.30788
37.64659
36.42997
29.95196
23.25806
32.86888
28.62232
33.09065
28.42919
21.91558
25.15735
27.84561
29.32781
33.31724
34.09479
27.40767
26.65512
31.72877
41.02048
25.33324
29.76129
25.61557
28.75103
24.2231
19.07894
23.79894
20.42517
18.67694
17.45291
32.47122
32.84176
40.33149
41.82515
35.81761
27.13698
28.28541
35.13563
37.95069
34.55775
34.33369
30.06328
32.94524
29.38524
32.51676
37.63094
28.55831
28.26107
30.6925
34.63531
24.5005
27.47533
24.79051
32.17801
24.55704
28.77597
32.58872
30.53393
23.23833
30.43446
26.53932
33.55459
47.75092
31.59186
47.47836
31.24252
35.54256
37.90423
56.39308
42.71796
29.36539
35.5836
30.21999
31.52187
27.10037
28.07697
27.99015
24.55533
31.88386
33.15447
35.16678
35.0872
40.66572
49.89057
42.13648
33.04678
36.69097
41.48355
34.68492
33.54864
36.58812
45.51376
36.08413
30.27268
41.05079
29.13792
23.79538
31.2327
27.07462
32.16321
32.96515
27.65951
24.05821
32.37411
23.01154
24.67628
29.05412
23.03085
31.35274
25.28053
28.81641
35.71262
50.92436
31.4214
23.36913
31.46187
38.93501
34.80483
37.53382
40.00088
38.10788
40.30413
32.10138
35.50107
43.61306
38.88899
32.21897
40.18151
37.47892
33.40866
45.07687
44.61131
31.46497
38.261
34.35187
32.28243
36.27963
36.97926
45.49082
47.13884
38.73093
