52.1544
41.53104
38.2663
37.28474
44.49668
47.45457
49.13566
42.49283
31.5678
30.47648
31.61226
35.78537
52.00957
48.10261
45.78202
38.95398
31.82974
28.94851
29.69125
54.49066
59.92553
68.48235
60.51923
48.16021
52.38963
47.27006
41.66123
37.77169
49.33408
50.58511
59.41334
67.86904
64.59813
68.02929
73.07486
54.01283
66.37513
75.68676
83.90965
62.23526
58.7413
61.03184
70.64544
78.16491
81.07218
76.16174
79.40931
52.36354
42.31933
42.59761
48.07441
50.39358
50.40504
45.27646
54.27167
51.54362
28.56421
25.41842
24.59394
29.27963
27.89406
23.66024
28.10503
26.34203
26.57035
23.78545
34.88145
49.11802
48.78318
55.57935
53.76593
43.23315
80.24049
62.7015
43.98484
47.68472
45.82873
41.17119
43.26488
30.42647
38.32276
44.7233
49.12161
44.76269
51.56789
58.94446
53.06449
48.95934
37.78251
41.10417
44.723
51.60198
50.47008
46.7698
63.63015
53.32237
44.02053
40.76906
40.5211
44.26947
58.20434
57.09809
45.0647
53.97791
55.72531
50.29597
56.35001
46.72198
36.99672
39.47072
43.7541
40.55152
47.37279
48.52246
69.51762
48.31504
33.81506
36.57279
44.57893
46.06249
46.13846
41.42439
56.38003
37.46451
42.51622
59.46064
57.1565
65.07665
49.46804
38.84089
49.23737
35.05555
35.52732
34.21626
41.29125
28.345
34.74117
38.55559
30.35594
21.68345
23.76908
19.21418
21.65012
23.50992
19.90419
22.02552
22.83602
20.96554
29.90658
33.8726
40.72765
41.15067
29.65821
35.67719
36.12494
40.31771
42.65338
34.52698
34.06281
38.00392
31.44799
33.22703
41.09846
36.63356
32.01621
28.37014
24.86379
23.93894
31.93144
32.93697
38.4206
38.98518
39.37938
33.58931
35.9691
51.65276
48.21009
43.3462
25.09689
41.03465
28.91319
34.72129
24.76712
31.96125
34.06521
30.91632
22.30625
19.26393
18.07442
23.72008
22.19605
34.21359
32.59302
38.86763
42.08221
46.86146
30.37089
32.41581
31.77226
24.16149
26.78387
33.28806
37.97967
46.06639
61.96904
59.17919
72.56171
56.14933
42.49496
71.62966
64.41711
83.89695
71.03335
70.26181
82.77207
79.14886
78.64223
83.16345
65.82553
84.72155
139.7062
155.3217
153.2099
129.9883
103.475
125.2034
96.48883
123.6379
131.2804
154.8198
105.4567
121.4643
117.113
84.87813
96.93666
115.0736
113.2141
86.2007
89.63191
83.04603
83.56947
65.63965
54.30057
55.21526
57.19232
40.92654
30.56317
44.48297
50.39702
63.78515
66.75743
78.6029
57.42792
45.43653
41.99283
61.22138
42.23884
59.96557
54.53685
48.34433
50.86243
46.75398
52.71916
55.07012
38.95811
41.17939
40.65542
56.00432
59.5422
42.09363
52.37599
49.99127
49.72379
39.45671
43.13916
37.16856
44.81582
52.13602
46.57972
45.62522
56.71317
53.13537
47.16504
61.26922
47.31647
50.8358
55.52937
60.64492
62.53825
72.18612
52.75571
67.9028
70.56322
61.98239
61.60327
54.03277
40.91423
46.90226
44.28075
42.64185
35.66975
33.30565
35.55333
53.13673
62.22137
64.67003
102.6321
102.4767
80.49465
79.41953
73.68395
73.13457
80.25311
56.40958
54.75836
37.53895
32.5588
34.80353
50.22093
30.41735
34.81903
34.21098
48.08077
52.18429
52.3221
63.40678
64.34736
57.5822
47.56739
49.90674
55.38474
42.52368
38.48933
47.07795
47.51258
60.69331
42.41873
35.36172
44.07226
51.25806
55.87389
76.34507
84.72812
62.24665
71.94164
65.64393
65.5854
76.17198
81.84542
91.37915
95.79692
82.52933
61.41024
70.74088
66.15934
61.31399
55.8017
53.78056
62.75203
48.69528
51.80492
64.14108
46.22596
40.22804
26.9622
37.73129
33.82524
36.64469
37.50893
38.40491
42.70247
57.17737
103.6987
81.28017
72.1441
49.11671
46.73171
48.30332
53.15997
34.20806
38.56502
34.962
35.53216
26.97444
20.84787
16.7539
21.11813
31.31512
43.04839
41.79504
47.58398
38.05813
34.28393
40.62863
50.01285
56.4401
46.3479
43.96583
44.56458
53.4734
54.2671
58.67735
55.19251
54.38167
49.63418
37.88795
54.55939
41.8323
43.12178
47.36473
54.60498
45.78361
47.98486
38.77653
42.7397
40.86971
44.24578
53.06177
51.90669
53.63848
65.37739
61.63897
53.39763
64.53607
70.14544
48.85773
43.54309
57.42855
58.18696
76.27726
67.14241
54.93765
63.50052
51.7666
68.32814
52.09806
80.23526
66.88628
45.26322
59.65221
59.29984
64.18193
62.39804
82.23078
86.5625
88.8726
87.08938
75.68593
85.66544
83.34034
81.10688
63.50708
47.73509
41.68328
41.22465
49.02974
82.82405
106.5231
92.46704
93.93454
81.90894
90.12567
114.1194
138.0603
140.7582
125.3401
107.3518
115.3171
66.85175
87.89365
66.12887
60.31026
53.15867
49.6225
46.55159
37.80343
46.2038
37.13923
38.68972
43.36306
64.89268
46.08927
46.39332
76.55109
51.63447
71.43449
67.97203
86.79974
88.62501
93.58646
80.05503
78.88953
98.21106
90.67499
54.1784
53.8245
59.59388
48.00546
42.62976
38.25676
