228.4047
261.7877
296.8524
377.0647
451.9152
383.3208
283.2485
258.0968
321.1677
216.6204
183.4308
164.1301
143.421
159.372
259.7431
301.6781
407.2155
548.7968
488.6107
405.0172
372.1956
324.7757
356.7668
373.9816
435.8952
318.3192
309.3362
309.1753
265.3267
193.6034
178.1294
178.3479
261.2822
270.809
229.5602
162.2818
192.9805
219.335
211.2783
166.3218
240.5944
280.1617
267.8245
334.863
496.4471
576.0161
669.8231
658.1746
577.7892
470.1625
434.0024
297.4563
276.2162
313.677
283.6927
273.4815
332.5409
301.5246
301.223
222.2657
226.7913
199.4028
221.3623
238.4829
196.9447
181.4415
177.5598
212.9385
171.8048
170.7278
163.8406
127.9848
127.2376
194.3793
321.963
314.0682
330.1451
406.3979
525.0076
580.5439
476.0145
324.1285
293.2299
458.9605
352.9291
278.0654
206.6305
236.8853
266.1412
270.0486
292.4225
274.4828
250.8295
259.7984
272.3075
303.8176
286.4738
285.6805
233.1942
221.6025
303.401
248.0509
226.955
326.2301
444.0731
463.1258
605.3796
500.7114
478.3625
450.0154
352.3371
288.544
268.5295
280.3648
344.5352
300.5338
349.7372
383.2545
399.6668
327.3838
320.1607
458.5071
416.5469
325.0662
264.8759
233.9782
196.9214
149.8265
152.5894
205.3473
267.1092
239.0978
255.012
338.3504
291.9123
326.2238
268.0682
216.5774
188.5268
196.6734
236.7051
207.7604
288.3279
345.0934
315.8977
278.2219
326.821
363.6633
459.7055
322.151
354.5926
338.4023
243.4004
239.4278
263.9518
260.5004
207.672
190.1585
155.0502
192.3096
184.5349
161.1561
194.9772
178.8664
228.6755
192.5557
258.1851
184.194
180.4673
206.1766
233.1893
282.4662
182.1312
222.1235
219.4783
194.472
228.1963
204.3507
194.7125
187.4892
184.2198
190.4251
175.6649
212.1024
249.1257
231.0329
276.4829
223.9524
286.5402
235.3306
297.5588
347.0917
342.603
288.7775
266.0166
211.4422
213.5954
208.29
208.1809
198.2584
217.09
208.6499
236.4947
122.7921
140.8773
135.0023
136.68
152.8793
169.11
212.0127
179.8521
143.33
153.3095
211.7441
237.0001
244.7682
263.6033
363.7973
242.2334
263.7391
330.3426
351.6008
321.3437
243.1194
235.7998
224.4554
237.7046
220.0973
199.2177
150.5534
146.5544
135.1877
125.3858
143.7908
170.6222
176.7962
193.2973
205.9274
167.4003
116.6636
103.8942
112.7568
117.1204
170.7922
151.698
152.3213
148.3261
159.2321
139.6209
144.6283
144.5333
129.8067
192.5356
255.6436
318.4054
355.1579
292.0759
399.9052
417.143
372.7437
293.6244
319.9579
308.9266
241.8747
190.0069
207.1497
199.1095
197.5682
175.8471
178.1616
223.2449
282.1822
343.4303
318.1184
234.1059
252.3563
307.8819
462.0042
287.071
241.3509
212.2003
216.677
289.064
253.9784
255.6796
243.0363
307.1839
278.7118
306.9469
216.6298
192.5214
177.9784
172.3128
208.4963
214.1774
168.2025
212.5861
230.1143
208.9355
257.69
217.9145
339.1395
416.2875
420.1305
505.9789
492.8124
451.1083
380.6476
333.0513
326.5757
356.9039
450.4364
542.8161
626.7441
619.5515
587.7367
691.6509
559.6532
474.6058
410.5799
365.9043
290.5428
290.3911
314.9793
309.5719
248.9437
330.0368
277.6784
379.4064
383.9328
399.486
362.7724
350.7615
419.0636
551.2787
503.7063
527.948
470.3488
435.0593
378.2337
313.6355
337.8636
393.1601
340.9425
383.5113
457.292
431.9277
419.1188
407.5787
298.406
247.4763
184.1489
201.6009
164.8395
195.9472
176.5749
175.5807
199.4612
226.1246
154.9058
174.2779
204.85
272.7763
316.3027
432.9824
421.7545
329.3411
268.0628
237.6961
288.349
324.0805
401.305
468.5511
496.3377
519.2717
460.7902
443.747
444.8485
433.4846
442.5279
371.1877
381.4914
484.6184
469.8377
391.9706
394.5865
292.9797
215.4347
147.6327
157.1065
150.309
156.9618
195.1178
281.5302
251.4716
232.9066
222.8184
287.2354
308.7361
203.3203
195.0146
235.6428
280.0961
266.7083
250.2045
208.5744
276.9409
243.3596
199.5147
143.0165
176.0391
238.8749
235.0895
227.645
203.3482
245.0358
195.95
231.9999
212.905
272.5602
322.7163
295.7771
330.1284
375.9973
307.1246
340.7458
374.542
375.03
304.3047
238.0371
210.9905
173.6055
227.5258
224.6775
300.9907
402.1663
498.908
697.7707
563.8371
603.8792
538.3669
550.3906
407.801
329.1066
369.1331
284.5795
273.0247
280.698
242.8545
256.8804
170.2335
171.5653
154.9314
146.8095
160.0831
189.0694
239.8339
344.7052
429.9276
389.1453
346.9019
276.6953
293.4873
479.4985
349.625
434.8321
527.5581
474.1477
425.0446
395.1654
389.314
418.8353
510.6323
512.9342
660.5095
585.2601
774.6889
595.7217
511.5967
412.9883
419.0569
416.2423
370.4896
268.7742
369.927
449.2371
456.2092
287.3008
187.9429
136.8824
128.8893
240.0272
274.715
258.3784
242.1665
328.494
335.127
288.059
393.8757
430.5018
