284.1199
184.9878
124.8207
133.4428
159.6836
157.7476
173.6929
159.9406
145.0122
182.6756
185.9763
156.59
165.3565
147.584
141.1133
156.3996
141.9164
165.5186
189.1621
190.5031
200.8492
184.7253
191.7283
181.5901
153.1847
141.7565
140.6285
173.7057
152.2843
116.2394
109.1266
111.9874
149.3739
158.1033
144.1192
125.1736
149.7257
148.721
150.2872
165.6918
182.3681
192.538
190.3122
138.8474
193.8666
158.0419
135.0734
133.3055
162.7407
139.8415
141.9072
152.199
145.3092
193.3376
149.7902
157.4944
171.6676
184.9317
155.5886
131.8446
138.5953
130.4045
152.1853
139.617
150.0739
124.1403
139.9386
102.9382
129.6522
134.7351
114.8103
131.1711
176.8227
117.4278
142.4986
155.3055
182.8454
123.7714
145.4555
128.5444
172.4344
146.9245
135.507
143.9148
132.3198
153.3196
154.9039
163.1044
128.8928
161.4362
149.3308
153.9399
143.5935
157.5484
161.8298
154.7776
113.5469
155.3368
154.6951
152.1702
129.0071
139.667
142.6479
131.1414
165.3423
152.9589
119.8918
153.225
197.9063
186.8555
161.9109
157.2494
179.4774
174.3195
166.7566
141.7232
136.5915
149.3781
163.6247
166.8976
139.9141
158.4918
130.4647
150.1186
177.133
178.8084
151.4797
125.4205
144.4505
157.5418
150.5688
148.7578
158.145
120.6377
145.9697
186.202
154.7551
185.7333
162.2865
154.357
148.6454
127.6241
166.6324
154.7916
153.4438
166.1375
144.8914
159.8905
150.7323
126.446
154.351
156.8003
158.495
156.7046
162.9976
119.9945
123.3502
108.4877
118.6968
142.7405
117.4873
143.1978
127.6431
128.0501
136.5679
198.1161
163.7601
152.0613
145.8821
133.9572
202.0249
162.4909
165.3433
178.5969
162.3661
166.227
147.5016
140.9502
160.5963
184.0739
179.554
167.1003
189.9017
171.5924
157.5987
164.3608
154.2895
168.0775
196.0208
146.0927
169.6438
144.0685
195.722
117.5785
160.4951
180.9023
135.959
115.6231
114.3409
191.0711
139.9974
121.4799
144.7283
170.4609
134.9786
113.1613
140.2115
143.3805
173.308
161.5655
184.2773
142.6716
163.916
208.4561
126.5738
133.603
173.8673
202.8522
149.4645
155.3746
130.1463
155.4862
136.5802
136.8116
155.7721
120.7372
121.3308
124.3469
157.3398
153.8094
149.7978
133.288
140.9766
131.9418
135.5177
117.4834
108.8655
145.6706
163.4903
159.5435
170.0394
131.7779
138.1747
156.6612
173.002
149.2734
171.687
122.9931
137.6836
150.1774
166.7804
205.2622
164.1507
164.9747
157.8024
113.7856
146.7193
126.9356
114.7113
116.0345
122.555
153.3488
171.0205
187.1223
174.7603
154.2341
141.3403
152.7517
161.624
220.5212
173.6702
172.9831
223.3109
188.3294
179.153
153.0743
129.3819
139.358
131.8293
159.7878
192.598
141.1034
189.4427
188.6872
145.6744
144.9593
122.3355
151.7149
144.2456
146.7
160.6724
193.3082
169.1999
118.1483
134.4302
154.3984
134.1027
126.5994
167.2451
179.968
162.5291
126.2249
128.6099
148.9776
120.0955
115.3314
134.0928
123.3649
134.0614
146.5516
143.0768
165.1726
129.5362
169.6569
123.6901
161.2275
123.037
118.658
151.9104
227.1639
215.8504
157.7139
154.81
157.0247
171.3772
154.1265
110.1284
115.1706
122.7273
161.8909
161.1504
152.447
139.523
130.0083
139.4629
159.0051
164.2546
137.4622
124.301
152.8163
133.0782
136.3117
194.8821
247.4351
157.2863
143.396
97.06056
120.2806
97.63799
136.9412
119.3467
125.2097
174.097
171.3865
183.1649
158.7709
136.9982
125.7688
114.3552
136.0867
124.4946
116.1366
108.2173
136.629
138.399
123.534
151.5446
137.8514
173.3734
183.0417
176.5838
159.1482
151.7087
143.3047
144.5978
180.3784
172.4884
169.1652
166.9207
211.5675
198.3789
145.4639
127.3404
109.8187
118.7133
145.3407
174.0452
176.1435
205.5287
174.63
160.1746
150.3672
139.85
180.9059
140.0634
204.7768
148.0102
173.5966
198.6737
197.3116
177.7867
133.704
126.0148
108.9434
129.5077
149.0513
168.6265
148.6494
130.6312
102.4053
124.2009
118.8899
166.8912
115.6271
120.0891
160.1915
152.0568
148.0225
148.7847
157.4762
147.8976
155.209
169.6697
225.4524
181.2106
161.8287
136.1056
170.7046
146.927
159.4028
153.4528
120.5712
136.9561
178.406
173.6541
127.818
130.1997
114.616
149.5996
157.5776
155.3521
161.0697
153.8766
148.6193
155.2342
202.2132
176.0251
192.0703
175.2722
134.6431
137.3329
157.892
183.4409
135.1278
173.9507
129.0647
121.3885
122.4357
117.0438
104.8721
142.5837
140.7933
142.6749
166.0092
159.8627
180.9758
149.8812
151.274
158.3661
118.4457
113.3819
134.7391
142.6448
147.4832
138.7357
119.4022
103.7011
144.1293
184.2379
170.2516
146.0622
124.2346
138.0626
146.3537
158.8547
156.3538
135.6907
123.8668
141.3209
152.1777
133.5996
167.7021
120.5359
165.8142
195.43
224.2351
188.3767
162.4647
143.5622
150.2463
