79.08458
98.26149
140.3174
123.7358
140.4273
59.55964
95.20692
337.6386
226.6138
148.663
66.10178
310.187
181.2609
97.60974
145.5376
444.0859
70.44093
657.5167
216.8199
127.0093
93.66596
573.0757
115.2555
102.037
116.9654
108.3619
126.7844
211.0261
65.63879
59.94495
186.2601
180.5157
161.7816
178.4149
211.156
127.9689
177.7206
272.722
244.0884
121.001
61.18219
61.82463
224.4542
173.568
164.5021
58.5891
209.162
117.481
231.0083
106.0184
388.0418
210.5965
610.4656
236.9866
179.4456
245.5084
105.8387
139.9344
248.8388
219.5223
401.9964
63.3012
167.5723
107.3678
1373.28
124.3653
250.2656
126.9445
71.1265
110.5119
101.0059
158.3537
264.9304
257.7373
128.8539
174.9498
95.0725
204.449
331.161
258.3232
52.87604
104.1369
382.6732
255.7516
280.6682
88.75518
152.4132
115.9488
132.0842
192.4263
219.134
370.6501
99.56711
283.6271
671.4602
436.312
135.2458
138.2487
436.7347
185.0431
272.238
125.4019
1901.342
162.9778
205.3895
118.6048
106.3994
107.576
378.377
801.7346
144.8828
151.99
554.7695
157.4749
117.7092
84.35299
1361.002
100.1801
78.30392
134.6212
107.2655
157.5358
222.9259
137.8355
181.4321
108.5851
209.9247
1849.771
475.927
305.1646
257.2872
182.5487
358.4742
431.3102
217.6496
351.3558
256.9144
140.0349
794.3584
244.9396
114.9334
482.247
287.793
781.1946
1544.716
514.0663
281.6501
241.2392
216.5173
408.9375
140.0861
203.3221
226.1661
406.6911
112.2692
279.2027
138.2287
91.49487
281.4032
279.6425
260.3069
101.3603
461.9916
696.8309
83.12383
124.6178
131.2724
168.1708
116.7939
106.3177
166.1269
122.4681
332.0258
589.9924
321.7646
212.7682
112.162
46.29349
371.2424
260.7902
109.5041
151.4052
104.4167
72.31824
255.695
268.0203
72.58204
213.6616
84.04588
93.99066
82.51417
112.271
145.5054
101.8461
170.2868
90.90495
104.2298
242.5356
120.4598
108.5877
104.6402
247.1989
114.802
131.2623
89.90455
61.84587
169.13
431.8047
652.7123
153.949
256.9889
224.2912
825.4007
316.9039
1007.542
756.5542
399.6852
226.9076
464.7185
499.655
162.8669
310.3922
220.3647
328.6855
248.2545
174.3989
386.4232
278.7095
365.8799
463.7951
281.242
127.6112
435.7217
422.0483
191.3119
593.7993
148.0942
363.1976
124.1415
425.6552
240.1135
270.2527
306.064
143.3157
108.0301
80.11445
209.4534
131.9295
193.7768
103.4768
111.5234
100.0818
214.1239
290.8327
164.1381
163.9355
147.3456
222.7051
89.49465
238.0702
148.0752
179.4561
80.35716
107.8639
230.2222
66.61969
96.48098
121.9131
263.7873
120.9372
252.5633
382.7468
115.9359
157.0963
370.2107
57.28351
64.61451
83.51986
161.6258
431.4446
117.6768
161.961
123.4121
473.0637
223.8616
153.5606
218.1769
173.4836
473.13
367.8386
520.7947
106.422
438.908
182.1866
253.8473
290.2996
1467.288
239.8259
480.428
1059.393
241.0426
813.3166
2986.129
274.5197
229.7471
414.2538
266.9527
636.6574
477.5977
707.3209
543.3963
530.3541
763.4504
627.7329
501.6301
637.7654
757.9758
517.5897
497.3203
544.8709
1177.211
997.5081
442.0314
384.6267
414.3269
767.3937
490.6032
632.1675
452.7606
661.0007
469.6992
1073.35
198.4242
379.1574
560.1201
435.33
774.0105
199.6757
256.2594
418.9766
180.2441
298.3815
381.5164
156.9278
883.7168
187.8392
302.3621
134.2915
321.8211
179.1089
153.3551
144.4687
321.6127
678.8203
151.3395
274.0078
323.3698
217.6442
462.1594
334.3117
224.2776
212.3267
606.568
711.0963
381.0553
1211.597
337.5121
551.307
108.7797
399.304
870.5109
697.4459
249.9861
226.7407
192.8734
574.5939
201.2845
284.7991
516.1123
180.2984
354.094
275.6306
604.8855
591.9707
127.164
299.9248
259.7821
151.3017
180.9764
159.0886
398.0151
328.7458
133.1092
94.04376
102.3488
465.2721
295.535
735.2811
97.15399
111.8645
187.8443
182.9336
254.3169
199.3149
199.1664
124.0862
61.98184
887.3471
53.89737
217.7237
220.5862
413.4124
151.3768
92.32543
161.6442
169.7003
126.503
128.4474
69.43511
116.637
260.9669
158.9821
93.25586
119.9553
102.5786
154.9933
293.8212
91.31815
426.4471
304.6688
101.7047
78.55618
347.1004
55.61068
170.1148
190.7517
157.8896
117.0331
98.22697
77.08409
128.2695
116.0138
123.3951
93.08005
133.2489
309.3038
99.41461
86.27367
82.73643
90.79895
94.20531
110.4631
128.1403
85.73298
136.4516
111.2945
195.5745
135.0347
143.452
97.17591
134.7111
189.6699
96.92524
116.6783
211.153
167.1377
146.6568
97.7628
204.5998
259.3682
91.09487
95.53748
76.40962
53.1023
85.0701
557.6811
150.9113
334.8115
260.5001
160.4678
107.6511
124.9582
62.24662
193.2387
143.2386
94.43663
298.8891
418.9573
214.3815
80.95397
103.8732
96.13996
318.6421
110.8316
258.7615
285.2781
315.1023
112.701
97.95537
334.8345
