329.2346
322.3404
292.2327
237.6798
54.35531
58.96844
50.43191
56.97473
54.32929
50.03385
55.45456
58.15946
57.26856
52.5412
58.61574
55.05022
57.84201
54.76714
50.29443
54.95909
53.04826
50.65571
58.73382
61.85697
53.82267
60.6432
50.24445
56.6572
57.97874
55.60927
54.55385
57.37412
53.65948
53.22056
52.3893
54.63276
55.19599
49.96527
54.32393
49.07176
52.59089
53.15863
53.94472
52.7266
51.88928
55.71562
53.09268
54.97803
47.8023
47.95149
50.94948
49.89128
49.96128
52.28226
48.44421
49.29126
57.21312
58.57194
56.23094
60.39715
50.27779
52.61574
56.94389
50.54663
52.77467
51.43601
50.12051
48.31391
49.15793
52.01815
49.77362
57.31124
48.94904
55.46302
55.10579
59.31449
49.36149
55.98559
51.63337
51.95947
49.08637
59.05663
51.54096
50.90069
55.57385
51.12069
49.83459
53.14617
53.07846
58.33394
52.87772
53.1866
54.27111
51.90498
51.62348
54.5584
59.96422
47.79743
62.91289
50.9398
53.33149
51.38977
47.76308
58.62615
45.43866
53.3281
54.56755
55.63851
51.22969
56.36166
52.54988
49.38609
47.90695
54.84146
58.47899
55.65551
55.95748
58.56011
52.84612
50.83002
50.1615
54.087
56.07696
54.68584
51.94466
45.90338
52.88764
58.40981
49.48414
55.53522
53.51132
54.96
58.5788
52.16051
50.5553
51.70812
54.44353
51.72073
56.83788
55.88146
52.55967
51.02877
48.8507
56.83433
54.22118
54.57336
51.9721
49.70816
51.01379
54.00205
49.03384
57.79101
53.29473
52.6561
55.33317
56.46563
54.54912
55.90191
54.23714
54.53566
58.03211
62.28086
54.57104
61.35289
56.76201
51.40233
51.1664
55.07558
52.87386
63.68178
56.01607
58.77684
55.4882
58.22428
54.75478
50.17615
55.30452
61.16434
52.30125
56.76833
51.22563
53.53279
55.89003
52.43291
51.21217
58.63231
50.30773
55.53487
55.04517
54.64786
58.45348
55.97164
55.82753
50.42424
56.42326
55.00203
52.40525
50.17281
51.01914
55.91429
53.87405
54.46091
55.79542
56.9048
55.7479
56.26386
54.09345
50.4338
53.87632
57.40345
52.77185
53.4071
55.61745
49.87094
50.84611
50.36453
53.54245
53.39615
50.60555
47.18171
55.43159
51.12262
49.86976
47.56955
58.76273
52.16149
56.08611
49.77526
51.08169
50.40654
53.68486
59.20939
53.23088
58.80466
55.99438
62.81133
51.81612
51.90445
55.24587
51.50851
51.9472
49.1422
57.84719
55.33969
53.40864
52.90179
54.12973
54.54208
55.13127
58.58599
52.94788
55.23444
53.64478
51.81493
53.66239
55.33544
54.88741
50.94587
50.3684
56.42522
51.02526
52.44779
47.68338
55.86801
58.04962
50.07288
52.42124
56.16822
53.71055
54.56654
50.40205
55.3527
57.72573
56.4353
54.63785
53.12526
53.01734
51.63545
53.91077
51.2461
55.80876
52.31735
55.41749
57.59331
53.73447
56.16184
60.81965
53.0182
49.79681
58.93275
54.05373
50.42777
53.96747
53.27004
47.84245
52.85305
51.98203
59.64547
52.20095
53.83148
56.16985
57.99108
52.07112
55.75128
56.44296
53.55523
57.05106
55.68345
56.19483
52.36389
57.3459
52.81338
55.3372
51.20719
54.29262
57.34285
57.24086
46.97969
50.67835
49.7715
47.11625
59.05663
48.57066
52.14693
53.41847
53.6482
52.60311
51.11373
60.8071
49.72798
54.45308
55.34844
53.93068
50.09602
56.54217
57.83364
46.17598
56.60475
53.96299
47.6387
62.34141
52.22187
57.0702
52.56019
55.5086
53.57817
48.15868
48.12571
48.24776
57.48961
54.37862
55.91923
52.14257
53.39363
52.58341
52.75412
55.73512
57.99031
52.95307
54.22658
47.3588
52.20648
53.75861
56.0079
52.70412
50.35458
54.04721
56.40842
52.27373
57.48332
55.63495
49.43901
56.08637
54.00635
54.87397
50.88065
53.57214
53.63853
52.00258
52.54739
65.07973
49.4055
51.95569
46.77756
50.93507
56.0054
52.57321
50.59282
51.87005
52.79689
53.08309
51.10464
47.91109
52.69162
49.18092
44.65413
55.30863
49.45154
52.92631
52.99706
56.62364
53.0554
51.47243
55.93305
54.47731
54.85213
57.59241
56.8622
58.36283
50.75072
50.13852
50.82045
56.04281
51.59667
60.45382
52.69843
51.88985
52.74175
56.43511
53.36143
53.49056
55.59823
58.07585
55.23658
54.43839
51.81334
53.86843
51.62904
54.77023
55.96093
53.32832
59.21191
51.40703
58.68478
57.26714
58.18971
55.89872
57.45422
51.68235
53.66944
51.78097
52.93495
50.93639
49.03616
51.83644
53.64535
56.8487
54.41258
49.91648
56.66989
47.974
56.15409
55.39328
53.80076
52.26004
54.22415
49.15048
48.44803
54.06143
58.07306
53.59818
51.81796
56.87578
54.97171
52.93139
52.18507
53.23013
53.86881
52.13913
55.77174
56.0056
51.61729
59.58743
60.43562
48.65972
56.5259
56.23465
53.94708
49.27438
54.26446
57.23508
55.64985
52.55403
49.91491
55.25572
52.45428
55.87638
50.92306
59.50727
49.06394
55.20671
55.48525
50.77922
54.48352
52.90783
55.958
54.11018
55.47983
58.45649
53.87999
