259.1382
252.2812
368.518
309.9429
358.1336
370.9777
302.5661
323.0679
377.6886
453.6215
480.9496
408.7288
579.1188
619.0503
529.6971
306.0628
284.6511
310.4893
294.3307
189.2235
195.3938
254.6124
317.3922
308.2663
316.3081
328.8733
323.7045
402.1895
347.5367
260.3231
423.3715
381.191
338.5973
287.054
412.3338
509.9216
508.2588
524.0151
484.4658
470.9255
492.2563
480.8393
789.2063
965.3684
981.2791
914.2742
852.3599
1380.289
1778.086
1476.849
957.5223
1225.651
1412.519
1564.086
1405.601
1374.314
1344.919
1460.993
1446.6
914.316
815.7724
755.9397
897.1053
788.6251
642.6161
751.7806
1090.063
1517.699
1708.197
1005.852
585.8766
471.1104
487.5295
489.6657
650.6564
494.1847
502.0268
369.3879
367.2967
334.1313
413.2921
420.3859
432.7358
515.8588
491.3166
535.2507
492.3599
465.8368
355.4613
268.2872
280.0462
320.6927
279.4482
284.9451
293.3866
239.2641
248.4146
259.1961
196.9304
240.5438
259.5769
327.6021
368.0696
322.7857
358.7424
394.1331
427.4293
527.4973
462.9467
368.9291
257.8692
278.3437
264.6463
237.7538
231.7475
252.1851
342.3492
309.4646
446.2017
338.4021
428.782
338.5873
217.6753
228.4301
208.4877
183.4294
166.5674
226.179
237.3884
229.0241
202.2772
186.4535
153.2371
182.9226
124.5635
130.1083
92.29694
101.1076
90.86898
91.7946
125.2872
157.5124
205.7868
171.8868
160.9359
183.7911
167.9929
227.5799
213.208
262.0291
303.8525
274.4054
298.9347
385.9416
466.9869
533.8045
633.6655
427.5663
423.4741
375.2914
343.2172
336.1201
354.4818
449.5148
460.9106
574.1899
440.2316
616.8839
517.1104
832.7222
516.2389
518.3284
455.7222
536.4875
692.0515
395.7724
376.4212
267.3151
200.4318
223.3971
286.2716
264.3689
185.7233
248.3579
311.3194
240.1995
211.0373
194.3828
132.6235
136.178
131.5741
114.0307
146.7496
133.993
130.545
148.2847
211.0196
230.9506
267.3532
267.6574
206.5688
190.1622
192.6385
133.4025
140.32
151.9818
134.1811
91.09449
102.2681
79.48298
96.20582
89.91781
93.46404
105.9765
112.8773
121.4001
119.3468
130.3568
129.8067
119.2574
166.3866
200.6955
261.7012
218.1472
254.3459
213.3058
201.6613
182.6409
135.3258
160.3486
101.39
150.3988
227.298
321.8427
272.4605
220.2634
192.845
217.5787
268.5141
361.9905
390.3898
280.4203
252.0529
203.8762
180.079
257.5344
215.8007
224.8133
228.1657
230.3079
347.6739
276.3162
306.3409
271.6297
231.7504
283.2693
360.5979
382.9178
429.839
635.2631
640.9429
547.5049
410.8716
319.7646
272.8544
214.6588
216.7387
151.8093
115.1497
142.2828
156.8927
108.5474
96.77501
80.71395
102.9897
104.7259
88.96374
93.43222
87.41662
83.2616
67.91939
92.51898
88.77454
110.4325
142.2306
149.6589
180.391
208.1568
184.1978
192.4995
227.7991
343.4499
288.8213
293.6656
322.258
304.3558
334.6184
320.0798
227.9794
284.8144
358.9013
435.7031
422.2183
527.061
576.1265
524.8055
461.5248
571.7355
549.9611
435.885
408.5358
359.1122
360.544
415.4566
378.4778
368.3977
336.653
310.96
361.8587
434.7608
348.4358
381.3469
466.1401
342.7508
393.6366
344.0859
413.6001
400.6576
361.8764
268.7686
315.0535
427.7159
480.0033
442.1428
387.639
398.6877
344.3999
495.9339
365.6306
351.6938
302.4801
315.1927
275.0932
331.787
496.4828
533.2202
448.0295
439.5332
355.951
560.1331
629.6266
717.399
381.3978
343.046
327.375
291.7662
311.848
418.8644
398.6235
269.4226
232.3013
201.5575
221.5921
206.5515
183.513
137.6989
162.7462
212.4456
238.2922
262.0425
293.2921
285.5344
322.9083
365.0318
396.8109
334.0036
362.0967
328.5132
395.5791
295.5457
315.1414
360.9991
269.541
256.6485
339.3826
296.1748
297.173
288.9845
258.5765
220.8462
306.9508
429.6108
446.1034
512.4292
398.4475
336.1248
278.008
317.3264
226.7136
182.3815
178.7228
160.8644
156.5408
158.529
178.3205
162.4143
123.6553
109.2866
120.11
102.7102
134.9294
114.2906
130.5974
141.9673
115.2911
123.1439
91.13025
109.6749
143.7927
178.8644
166.3327
122.8494
140.1511
172.2959
142.5262
156.147
129.7726
133.4149
89.0442
81.74363
123.8726
156.1179
166.6632
145.4628
193.8402
222.1513
239.9413
218.8097
323.9211
412.6224
700.2999
599.715
571.3242
701.5662
659.7337
727.5722
761.0605
838.3668
934.9016
796.2809
593.7939
479.6562
493.5785
405.8551
398.402
417.4173
503.7179
536.1449
455.8495
616.2849
487.9145
486.8798
602.0177
597.1284
528.5991
571.3264
464.9573
476.8319
554.1379
495.7985
550.6968
394.2771
425.3047
418.831
324.4418
247.9744
252.0548
201.287
213.7226
155.2572
193.3389
225.6786
227.5593
196.9385
188.2946
202.5384
157.8229
269.9567
257.7815
253.1518
290.2092
230.8516
172.829
156.5801
150.0181
146.1831
188.6458
215.4472
173.2257
181.6416
