177.7492
242.0179
322.9627
152.9263
172.9363
257.5981
555.4854
403.3262
377.3226
126.8454
360.7678
187.091
134.2013
331.6341
651.115
398.3647
374.8368
146.4238
312.4504
394.5174
272.2154
204.2115
396.6634
329.5337
230.2139
254.3439
272.9173
472.033
231.4242
322.0756
198.2962
149.6545
441.7319
437.4091
200.159
207.2518
283.4634
237.4459
209.212
307.0064
244.0578
505.4333
119.2621
317.9462
358.2764
154.7016
423.1699
165.8223
306.1695
199.8715
719.9051
300.1183
476.5834
209.1527
601.0713
221.6207
400.8978
254.1154
233.4356
575.9577
1202.031
353.5173
408.5148
288.1142
199.5143
287.5149
362.6322
416.826
421.7239
687.7041
195.2165
463.6513
726.3344
382.867
149.7947
177.1409
105.8057
175.8599
703.4332
283.0433
133.5817
134.1104
530.2548
252.9078
419.7274
237.7953
397.5393
192.8884
107.5911
265.4293
329.503
120.5703
364.748
195.6262
206.4456
301.0893
117.7125
351.8401
347.524
369.8489
178.5437
273.7612
288.1181
184.4132
396.599
513.604
153.9681
327.0681
157.4783
129.0175
451.1128
115.868
300.9633
315.8104
308.3355
329.4028
258.3624
372.225
132.0626
299.6957
599.2466
1110.109
396.9379
625.6605
748.2902
427.3771
389.28
1962.261
293.5071
288.6681
241.7891
245.6249
259.9249
156.8305
382.1613
186.7587
626.2466
194.8793
244.2013
348.5183
256.3403
263.9966
271.4168
161.4059
202.893
609.3622
694.7749
131.226
280.2902
531.3262
504.062
325.8775
145.2158
350.5226
341.0626
127.2469
256.9493
724.4836
109.6237
501.5587
268.8982
387.9768
320.4756
165.6418
244.9357
485.5492
237.4722
1221.342
148.7939
354.8543
495.4153
311.3883
166.1128
198.2722
371.7084
385.8944
173.6302
217.8305
146.158
307.1805
136.1296
279.0722
431.5371
403.2212
177.1795
564.2063
178.612
440.7866
185.8693
307.4145
275.0605
336.734
400.7967
185.7281
201.027
180.5891
208.137
675.758
344.0756
269.4834
214.8496
310.4222
297.3849
320.6162
204.547
865.7501
189.6814
454.6144
187.0733
722.0931
567.1945
211.21
279.1844
413.7322
249.5609
438.9952
228.6656
406.2273
430.4151
604.7148
318.2696
250.2932
219.9418
509.4938
196.4797
212.8449
241.754
410.4981
441.6246
296.85
239.1206
255.9458
326.604
240.5086
227.0224
351.5958
172.9423
324.0587
1418.894
475.8467
121.9773
361.0722
393.5892
248.5378
382.1564
297.5078
84.57336
163.012
160.3318
223.6033
1946.666
786.802
471.9806
206.8499
373.6139
187.2703
254.9352
336.9964
329.2635
331.8228
422.2744
300.9875
153.6794
338.9064
345.2977
545.5074
561.7106
256.1339
241.6848
252.9245
436.7465
428.9325
273.6108
204.9336
190.9231
418.5968
282.9877
651.0176
314.5812
283.8565
359.7896
179.2983
214.5884
274.932
132.9249
683.7076
493.128
324.7516
133.0119
297.7675
225.3072
236.3267
185.5825
574.3538
320.4467
505.5155
680.5717
914.9425
214.152
137.5989
295.1718
88.58068
253.2508
430.6106
127.0755
311.0302
518.9829
867.0556
177.1362
308.4468
453.6718
142.0515
860.2463
142.2596
289.6304
531.4116
380.3062
263.0409
352.9928
489.6257
281.2607
200.9807
309.5002
312.2426
151.9057
322.4596
1261.184
260.5636
195.3524
232.0418
322.6449
586.9971
293.0924
233.8565
733.5611
601.6439
360.0809
228.3221
319.3071
514.4281
305.8357
163.1379
247.5521
257.0429
185.4682
291.7643
288.4147
124.9888
336.787
449.5819
707.2859
193.5867
101.7952
265.8574
152.8612
212.2263
154.014
518.4907
312.9181
397.0932
290.4302
313.5726
290.4331
589.0547
331.7674
177.4747
402.3944
282.2388
144.9304
158.976
196.9662
628.1971
243.8723
128.3103
206.6779
401.7718
316.706
119.4242
150.4935
367.0803
114.7416
200.5707
266.3604
454.9112
423.0689
92.60755
301.2596
277.1837
197.8776
373.6534
235.0863
175.7636
197.0234
208.7225
253.527
568.8106
496.0461
539.7493
373.1011
161.3237
248.024
564.7112
225.9262
236.2388
246.6402
150.294
296.1496
167.0794
252.6864
359.1586
270.2812
481.052
234.7346
294.7341
316.7616
257.2879
283.7162
331.5886
135.1441
290.9589
362.9574
135.9636
381.2062
141.9651
283.0986
914.9857
369.3351
238.0604
209.1382
709.2101
272.2177
319.165
246.82
353.2084
242.5124
158.9109
401.1437
188.4858
563.2553
327.8309
212.9365
330.2355
245.7497
308.7477
274.7504
127.9604
339.4955
346.9891
224.6576
186.0876
214.7951
156.3071
235.9256
237.0232
135.7053
381.9919
249.9234
473.0981
145.4634
137.3763
295.5962
307.7172
351.9588
152.0898
152.7048
447.0797
227.3897
119.0612
363.1312
325.6021
162.1539
506.6352
205.796
132.7968
293.7477
262.7731
260.3971
722.6097
142.8345
211.9093
446.2317
108.2498
312.6916
267.6415
184.5999
187.9675
219.482
177.2759
159.2635
192.7498
184.5869
105.6806
242.9958
339.9342
144.7872
269.1725
215.7636
144.2834
107.8111
254.5784
