77.55316
88.46572
101.6952
97.0709
102.8951
86.09766
94.30267
90.6949
106.6701
106.9283
112.8965
107.7578
99.9646
91.87937
80.75938
84.4735
91.78052
91.21522
90.24074
86.15009
85.3272
104.679
88.69465
81.0122
93.87804
84.89705
74.83158
96.73115
100.2017
82.57406
83.61727
104.2944
80.89745
100.2866
88.5091
78.0867
85.07416
96.84602
101.2947
80.10356
86.60013
111.1102
95.26475
81.91989
89.36813
88.65484
90.37252
84.91639
91.43184
93.86878
96.60495
85.17083
89.56954
102.5233
81.63319
94.56488
94.00123
82.47084
86.80436
88.0688
87.69225
101.9559
76.37189
93.86778
89.61504
98.49744
102.2502
82.15492
85.07683
88.61346
83.54
85.0481
89.57197
99.92129
78.05837
78.61026
82.53964
79.42235
92.0017
101.7717
87.24999
115.9758
102.4824
89.32963
86.86051
83.88748
92.47995
101.8471
84.97243
87.94796
100.7133
101.5674
104.2556
109.4045
87.84993
89.51791
90.18911
103.1119
76.19414
91.64143
99.83195
92.36658
89.23749
99.60849
87.91844
94.70979
81.28898
93.51892
97.70042
91.98591
89.55386
90.76136
82.01926
98.1637
97.99166
86.56129
94.24287
78.70886
85.17653
96.73482
92.41723
105.6039
102.6465
94.35617
92.21932
85.3914
94.37182
87.75981
94.22631
91.2178
98.92234
87.96444
77.78339
88.18551
73.28164
93.67232
85.44418
94.95336
89.31019
98.40295
93.67743
83.38551
85.54109
90.33243
86.52274
92.97681
92.50148
95.37199
77.50422
80.97294
83.56874
96.76708
84.16244
82.13372
79.80844
96.13801
87.9497
92.50446
94.13891
85.12137
96.44808
80.51554
82.38641
96.76096
100.0694
93.37333
107.8957
96.20125
99.25824
91.60369
85.05429
95.81033
106.6866
88.97909
93.74463
98.76528
109.6926
109.9607
82.51662
101.1738
99.07058
101.0943
84.91953
96.53547
77.7706
102.5022
87.57613
82.90558
81.37151
79.25097
95.58249
93.73434
90.57005
88.93585
86.97989
92.88206
94.07445
85.9395
96.09398
89.08332
93.72318
88.93597
87.97291
87.76132
84.38237
86.19449
75.69914
100.6196
99.35183
106.99
91.66475
75.39591
87.94518
84.42364
96.39373
87.72914
88.62942
88.82007
90.87361
86.91202
82.06429
83.23858
91.10059
91.02202
91.29742
98.26351
94.33493
104.9591
75.32341
86.86819
80.38323
95.24548
90.96709
71.98911
87.1971
80.67307
88.02712
81.24047
89.01041
87.57886
91.52096
85.3309
86.62238
87.22894
89.5956
90.79132
95.21965
94.83993
104.5685
89.08509
94.58908
94.12933
88.7722
72.48939
101.3455
86.0782
95.46605
105.8503
91.41161
86.49164
103.7752
91.06755
90.08146
89.70623
92.52388
88.98961
110.9901
98.26878
87.15298
98.66883
100.5452
88.48971
99.48742
82.83299
95.47788
88.00944
101.0661
84.44186
88.98614
91.09078
101.8313
103.1978
90.05156
80.97032
87.93861
93.07108
82.70631
111.7709
90.13858
87.21162
117.7682
87.72802
101.5268
116.8964
97.14457
93.65337
95.56878
90.17938
82.48856
87.95494
82.06259
86.30889
90.18793
87.29306
83.04019
87.18145
90.18737
81.82081
97.21427
78.0673
85.42924
91.68784
95.17185
83.49017
87.20978
77.46871
79.95653
94.8041
82.04934
84.32335
90.9556
101.1697
84.31342
106.1595
85.12016
103.9639
89.40674
91.37751
86.70117
95.46319
90.74428
98.05535
86.94727
89.12222
103.8185
80.8712
91.78326
85.23761
84.08674
115.7824
84.04967
77.05156
77.18769
80.7794
101.8226
93.93884
81.30171
81.85226
87.11305
86.24991
97.08767
84.90447
96.47619
91.26719
98.42578
89.90456
107.859
82.83348
93.01829
83.27836
84.25321
102.9487
80.84736
88.55419
97.0711
88.17338
85.40733
88.02033
100.5277
101.896
84.07351
92.00441
100.4809
87.4323
87.70131
83.92077
87.48701
87.04724
94.06856
87.81445
106.0626
115.2866
82.96927
77.99461
104.4386
91.50001
94.25686
79.99285
97.79285
92.94762
99.74373
81.02377
79.06075
98.73041
87.11679
93.07115
88.99101
89.83418
103.4872
100.6533
83.57685
82.29597
95.37023
82.38478
102.0594
98.14249
116.1403
93.99596
96.51491
102.4574
83.00031
82.57867
90.22161
93.06031
93.06941
96.48539
99.32745
84.97481
96.55668
89.42695
100.8238
95.9628
89.4944
95.02836
92.91656
89.52891
91.3024
84.46649
85.14161
85.13236
88.77293
85.18249
83.8456
86.41928
88.36851
97.44846
74.74028
87.58815
83.17335
77.63138
88.31301
92.91688
94.94937
93.62087
91.36588
97.03046
91.23957
71.86863
93.30516
83.01101
81.5344
73.70106
80.25593
89.18426
84.3228
89.37009
85.92883
78.72049
87.32618
80.85819
89.50016
97.74075
88.4756
89.29968
88.47504
82.37397
109.4124
89.80125
79.63381
88.10073
93.43085
81.36037
85.13087
89.50309
79.672
90.83689
85.86298
89.66207
95.37766
72.03071
88.50819
87.15063
90.34695
96.05947
95.64425
94.76974
84.28087
83.31598
96.14483
88.28523
80.11997
86.95148
85.03886
97.08275
108.1528
88.94213
102.1005
84.48612
98.68913
90.29441
