26.74633
25.89832
26.90471
14.7887
15.35226
10.11032
10.18409
11.89942
14.39462
12.01477
9.299333
11.58389
8.426094
9.217309
8.671524
7.816515
7.601968
8.40315
11.50354
10.90041
9.462678
10.15421
13.72842
14.15343
11.58019
14.80832
17.3416
14.78816
14.46889
15.08246
10.68859
9.476562
11.17984
11.21745
11.01475
6.796975
9.305432
10.64425
10.64175
10.85029
8.314936
11.1264
10.78247
8.275763
9.213409
8.781191
10.58922
8.057293
9.308183
7.766299
10.34209
12.01395
8.847334
7.835134
7.680372
8.2132
6.818323
6.664615
8.752464
7.328439
8.93952
10.34369
7.975962
9.156512
8.225128
10.35829
10.08217
8.570417
8.051341
9.628865
7.871475
7.004469
7.497127
11.19812
9.194598
10.99048
8.233276
8.591372
8.072831
7.153127
6.944083
10.47167
9.938033
10.96378
8.88755
10.61396
9.111567
8.391682
8.271758
7.829475
8.183556
7.884076
10.30834
12.37765
13.51243
13.84896
13.59855
11.32598
8.147435
10.15629
11.69742
12.92845
10.46468
8.587541
9.063613
8.770985
8.239835
10.54432
8.900727
8.111695
10.93987
14.26435
11.86083
12.62557
8.896418
10.0742
8.043819
8.123489
8.357521
5.997581
7.615404
8.890901
7.84968
9.976589
10.35162
8.298879
7.164831
7.300364
7.605779
8.341008
5.815629
6.18488
6.725937
6.181321
7.202183
8.481503
8.711173
10.09231
10.5394
8.965408
8.636978
8.371891
11.2025
11.07876
10.77849
7.852875
8.940674
7.841921
7.194142
8.009251
8.699237
6.258291
6.03304
6.913436
8.36647
7.498036
6.723827
7.295949
7.48752
7.384174
9.320663
9.097226
12.43756
9.908978
9.741086
8.752526
6.651747
7.536217
7.998171
8.296206
11.52524
11.60877
11.20214
14.91127
11.22277
10.68294
9.582676
8.544225
12.68021
14.40086
11.15985
8.598068
8.758364
9.597608
6.111196
5.80335
8.379158
7.531568
6.445744
9.488733
9.226054
7.412117
6.548389
5.408169
6.391871
6.825705
6.723666
7.592768
5.237957
6.36339
8.950978
10.0082
11.26116
10.20924
8.802969
7.462081
6.111033
6.34426
6.881944
7.819109
9.141226
7.86888
7.938863
8.339819
10.27486
9.932779
7.769442
10.34874
7.549834
9.520984
10.05114
7.056559
8.191978
9.489791
8.763291
10.77021
11.37367
9.995152
11.33253
10.32066
10.98239
10.74803
11.40954
11.81342
10.62753
10.10065
10.38316
9.55303
8.883156
7.128296
6.299524
8.49811
8.285534
6.435608
6.826359
8.072709
9.004656
10.54842
8.147095
8.409914
9.648287
9.31145
10.12196
6.775027
7.583539
8.641719
10.66795
9.585199
9.471524
11.65707
10.69957
7.814763
8.388742
7.565178
9.658584
11.2611
9.206872
6.829392
7.612842
7.140123
6.328697
8.61395
9.663558
10.08488
9.080346
9.763352
9.848506
9.488709
9.751612
8.586874
10.77773
13.48591
13.61489
14.31424
17.03058
12.19725
13.85902
10.70639
9.9544
9.578052
10.03044
12.93105
14.70905
14.22952
14.80631
12.69118
12.00088
15.31358
18.08065
14.21945
10.6883
11.93283
13.79548
10.34064
10.13043
10.68748
15.36946
12.76707
13.18237
9.032265
9.500689
9.175604
12.31293
11.8414
11.92133
13.29385
14.24619
9.9975
10.456
9.260774
13.9147
14.09562
13.7824
10.55469
9.595876
9.814347
9.266867
9.222156
10.4519
9.532493
8.315389
8.736865
8.964409
11.16073
10.36202
10.15521
7.321148
7.5389
9.085428
8.322166
8.774901
10.50209
8.179894
9.645858
9.581974
10.8774
11.87147
13.44987
11.90914
11.23288
10.91427
11.99083
8.476257
9.209555
10.49724
9.359931
7.540391
7.022672
7.749957
8.205955
8.06528
5.922947
5.840686
5.187694
5.782468
5.270867
5.744597
7.916535
9.239817
11.36496
11.6623
13.22316
10.83886
9.188619
7.841042
7.8209
7.520335
7.693833
8.425392
9.523397
6.391525
6.794858
6.709278
8.23971
8.489288
6.86186
7.957325
9.531687
10.6029
11.60663
12.26987
13.87743
12.40317
14.71704
19.41751
11.18117
11.4751
10.88839
9.190014
9.47366
10.62476
8.452388
11.01112
9.344642
10.60939
10.96755
9.889737
8.603662
12.03962
9.35319
8.827906
8.049877
7.720957
10.35619
13.2867
12.2381
10.50352
11.21395
10.46601
10.91367
8.498004
12.67295
12.27823
8.474543
10.20494
12.60753
18.37039
12.22992
11.07891
9.985463
9.029605
8.817157
9.78068
10.83911
11.42315
9.285967
9.859057
11.74616
11.87445
11.99782
11.4785
13.09
15.04771
10.87998
8.633902
8.935821
6.305838
6.190458
5.586802
7.929424
8.066285
10.15572
11.30458
8.753733
11.31739
12.48706
9.818566
7.075374
11.5391
9.199878
11.43893
11.29321
8.313448
8.679974
7.434643
7.401074
6.394956
6.19161
8.924159
7.474483
8.133201
7.804127
6.552432
6.309279
7.087259
7.144079
7.713003
8.765541
6.404571
8.205791
8.378485
9.883701
10.19208
10.88418
10.20747
9.034058
9.965649
8.910749
8.302462
8.030278
10.13035
11.15851
9.364062
14.02911
11.59658
12.74707
15.00916
12.5251
12.07638
8.708389
