84.32749
93.0853
90.92972
89.44141
93.6312
93.81197
93.88754
93.47225
93.95918
93.8841
94.09457
93.9694
94.54641
94.93179
95.34024
95.12044
94.23565
94.79217
95.38028
95.87527
95.72144
96.13935
95.18359
94.53265
93.04669
92.28299
92.57061
91.82565
90.3428
90.13161
89.66527
89.6478
89.83554
89.74574
89.97132
88.71856
90.60268
88.98991
89.80714
89.02699
88.37708
89.34205
88.40935
88.88769
90.32451
89.49683
90.98763
91.31972
89.07046
86.00225
85.82199
85.30024
86.31815
85.48764
86.65105
85.75467
86.97175
87.02339
88.30692
88.79328
88.1124
89.85015
89.77266
90.50478
89.1657
88.19538
89.89241
90.06774
91.29147
93.53946
94.67136
94.18457
94.08978
94.57511
93.46847
92.69551
92.71347
92.60174
93.86503
93.86693
94.69782
95.07473
94.25132
92.65452
91.75223
92.75544
93.98082
94.55659
93.28176
94.16395
96.24921
96.91419
96.18596
95.27359
94.28485
94.17934
92.71616
92.79511
92.38088
92.25801
92.16767
91.50569
92.05168
91.65896
92.19294
92.53581
92.25217
93.06428
93.93635
93.51822
93.73059
95.20901
94.03665
96.30461
98.20952
98.15995
98.47656
97.97555
98.05567
99.17904
98.48507
100.0893
98.90758
98.05844
100.8081
99.57495
99.65968
98.81593
98.32046
96.88096
96.97586
98.94077
98.19365
98.05479
96.36452
98.02859
97.62865
97.95288
98.21152
99.32368
100.7676
100.1904
98.98865
99.39885
100.2557
99.53219
99.47451
99.5069
97.69319
97.55049
96.49435
95.83002
96.47508
96.07239
96.65793
97.27296
96.07673
97.40964
95.93534
95.17865
94.92562
94.0324
94.15243
94.06303
92.44201
92.22312
91.04586
90.9036
90.30883
91.71153
92.28765
91.52849
92.01263
91.9702
91.21696
91.57206
91.17583
91.30519
90.98142
89.7025
89.36529
88.38299
87.71955
87.01046
87.44374
88.05222
89.16364
87.12262
87.94484
89.43273
88.0905
87.69166
88.20198
88.56403
89.39332
87.83798
88.85322
88.4493
89.86564
89.83497
87.21817
86.27697
84.47923
82.56338
82.92807
82.89269
83.08833
82.81732
84.71062
85.51968
84.64346
83.0542
82.51432
80.83718
82.18794
81.1018
80.85656
82.23744
81.61961
82.10016
81.17623
83.59828
80.97009
82.59552
83.88058
83.08687
84.88414
85.64936
86.30337
86.85067
86.7426
87.05625
89.04811
85.74583
84.77284
83.57251
83.48634
84.78978
85.53597
84.57855
85.6822
85.76207
84.92718
84.89546
83.97169
84.42052
83.59072
84.07749
85.22309
82.43478
82.35422
81.61831
82.06718
81.10165
82.73925
82.46251
82.81886
81.90893
80.16128
79.57464
78.49451
78.32954
77.80965
76.62491
76.65403
76.98152
77.50825
77.80116
80.07685
79.5666
79.49103
78.81184
77.80073
78.1652
79.37504
80.26428
79.7968
81.63912
81.25949
80.02638
79.74708
79.718
79.42778
79.71931
78.12581
76.71525
77.69354
77.29142
78.15089
76.75775
74.21229
76.41769
75.97135
75.53708
76.35473
76.75694
77.5592
77.19067
78.2013
78.88726
78.00773
76.66332
77.63274
76.45256
76.69175
75.33379
74.65496
75.31578
75.56065
76.20962
76.84739
77.08352
76.5767
76.28158
77.01023
77.09826
76.0644
75.94308
74.39025
73.82464
73.96984
74.34005
74.98802
75.90508
74.74533
73.95901
74.43485
73.70909
73.73545
73.99699
75.45682
75.0672
76.7233
77.58929
77.22004
78.19341
77.55241
76.5028
76.22789
77.44116
78.06372
77.91875
78.80848
79.30619
79.17214
78.91447
78.58563
76.21586
77.20742
78.03064
80.03893
79.08406
77.92834
77.58406
77.72237
77.32595
78.05418
78.77843
77.62375
78.96627
79.03843
80.25962
79.95432
79.82284
80.98172
79.00745
80.42341
82.26912
83.42818
84.33752
86.0423
85.22392
86.98798
88.88875
89.49568
90.55147
90.39187
91.20311
91.53688
91.47977
89.74972
88.50787
87.64223
87.44423
87.87061
86.26089
87.07273
88.30191
89.98326
89.65773
87.53048
88.86931
88.86429
88.57041
87.72569
88.58098
87.86085
87.1429
86.35274
88.21918
86.62977
88.10326
88.72902
89.25415
89.29681
89.36335
90.48166
91.07474
90.38981
88.66548
86.95819
88.59202
86.97091
86.18718
86.1434
86.59098
84.82349
85.24796
84.51759
83.06301
83.37321
83.27743
84.53593
85.33936
85.26008
84.08357
83.61317
83.21899
83.84841
83.49811
83.37988
83.43687
84.07313
83.12294
84.04023
84.33288
83.63535
82.50069
81.97665
82.64891
83.19077
84.81944
83.70628
84.01152
84.24665
84.98373
84.35111
84.58253
85.51093
85.67524
86.18485
85.89914
84.79089
86.03398
87.10433
86.60649
87.85524
86.74072
87.76628
87.2157
86.70398
85.21469
85.13324
85.44971
85.13253
85.61022
85.26718
85.24041
83.8681
82.29452
82.25953
82.16159
81.79971
80.62079
79.37266
80.93849
81.88366
82.89175
83.2482
85.24768
84.95817
84.93388
85.7047
87.11447
88.33985
87.85753
87.20149
87.55542
85.53024
85.58572
85.01052
85.4659
85.51131
86.66824
86.82575
88.39867
87.71185
87.70154
88.52558
87.54104
