1604.242
1624.186
1536.59
1544.721
1513.367
1597.559
1548.401
1519.652
1573.34
1481.246
1669.505
1470.016
1600.068
1535.649
1519.777
1627.226
1607.905
1546.158
1508.156
1509.204
1497.899
1577.018
1514.397
1540.558
1488.187
1606.332
1515.478
1431.193
1486.126
1540.022
1548.648
1438.534
1605.707
1521.228
1526.692
1500.906
1493.334
1520.805
1528.253
1562.338
1525.286
1522.267
1539.586
1449.006
1519.882
1552.308
1501.017
1438.076
1478.082
1472.732
1509.19
1481.476
1436.381
1515.289
1636.941
1549.291
1558.721
1482.782
1549.423
1459.279
1548.587
1578.023
1613.078
1620.858
1492.343
1498.824
1428.797
1563.064
1534.109
1477.674
1493.122
1670.849
1480.958
1490.532
1464.691
1489.323
1476.244
1591.533
1480.923
1415.637
1377.191
1532.007
1521.273
1578.42
1507.513
1634.927
1532.865
1671.804
1525.252
1546.875
1521.626
1439.776
1546.99
1496.046
1502.83
1565.995
1670.352
1500.556
1575.765
1719.286
1600.037
1505.105
1583.755
1572.001
1715.287
1439.452
1535.08
1698.631
1547.365
1601.829
1701.087
1577.947
1642.104
1452.645
1558.191
1672.467
1609.13
1660.699
1726.797
1519.225
1515.41
1581.709
1602.567
1510.888
1642.109
1473.998
1542.045
1460.242
1500.055
1651.622
1534.402
1546.618
1568.048
1627.002
1576.418
1592.939
1661.962
1431.07
1469.479
1523.286
1534.407
1558.743
1496.252
1602.34
1752.042
1623.103
1614.096
1517.314
1540.417
1681.353
1670.933
1600.385
1458.579
1668.633
1570.563
1482.235
1429.688
1519.482
1712.755
1430.547
1569.043
1645.812
1504.71
1608.668
1556.551
1541.174
1591.896
1572.165
1601.979
1529.302
1396.102
1478.59
1568.726
1463.241
1599.027
1514.324
1545.879
1686.529
1534.626
1535.709
1678.719
1552.862
1549.473
1615.449
1715.791
1493.01
1498.274
1575.637
1569.702
1457.889
1594.528
1657.954
1597.157
1649.653
1587.527
1497.729
1493.213
1613.876
1639.437
1545.741
1481.772
1539.586
1600.627
1558.648
1611.658
1618.592
1613.214
1638.436
1548.784
1564.273
1559.979
1449.195
1697.467
1660.391
1643.595
1633.231
1550.115
1678.22
1503.06
1556.511
1503.794
1593.362
1662.876
1553.368
1579.28
1662.888
1385.496
1559.855
1565.47
1647.665
1509.72
1497.256
1796.477
1526.809
1465.69
1483.148
1415.115
1540.155
1572.43
1423.651
1455.796
1591.776
1429.585
1509.026
1563.448
1590.381
1492.106
1437.636
1637.404
1466.662
1488.123
1551.089
1456.674
1544.222
1589.634
1732.893
1580.231
1586.78
1623.34
1507.211
1696.115
1534.081
1550.19
1530.495
1621.706
1531.349
1573.483
1514.048
1486.615
1647.801
1527.394
1498.616
1659.924
1492.622
1515.708
1595.591
1693.721
1441.697
1471.927
1468.794
1644.185
1643.287
1491.773
1626.374
1608.42
1621.312
1611.372
1705.927
1397.454
1541.954
1634.063
1509.927
1683.127
1652.099
1539.102
1640.657
1609.833
1502.102
1495.504
1734.768
1475.405
1534.482
1527.753
1519.225
1542.164
1491.291
1491.962
1472.934
1526.16
1579.697
1510.21
1513.896
1447.927
1508.595
1536.753
1474.636
1501.479
1521.758
1513.496
1533.726
1596.158
1629.083
1461.075
1644.884
1448.622
1512.153
1527.085
1557.468
1614.321
1480.815
1596.172
1774.543
1627.572
1522.47
1520.983
1461.888
1495.614
1509.672
1478.735
1387.715
1424.825
1503.575
1465.764
1599.478
1573.777
1513.686
1529.385
1527.926
1545.956
1554.156
1485.339
1603.517
1656.976
1624.048
1471.974
1555.237
1595.144
1586.865
1555.24
1550.834
1620.065
1593.595
1552.674
1611.52
1653.349
1589.332
1525.168
1502.393
1554.591
1601.652
1644.298
1561.708
1425.491
1474.075
1562.87
1572.115
1573.186
1480.673
1440.469
1528.713
1454.602
1319.166
1427.473
1636.122
1447.989
1421.426
1558.233
1389.194
1385.49
1624.859
1562.123
1712.459
1708.985
1486.074
1578.171
1560.667
1483.993
1406.934
1477.591
1547.587
1431.172
1466.249
1556.403
1613.972
1545.643
1516.732
1420.08
1504.092
1605.725
1513.081
1533.964
1492.225
1664.247
1765.084
1551.36
1488.727
1425.896
1697.583
1572.319
1500.773
1596.742
1392.413
1457.868
1648.19
1568.664
1623.963
1553.405
1576.933
1570.018
1639.493
1743.656
1661.32
1521.685
1443.052
1542.617
1580.828
1495.535
1587.31
1456.362
1455.34
1623.222
1582.839
1519.624
1462.905
1540.78
1522.464
1469.475
1564.241
1537.038
1502.032
1521.733
1506.579
1512.178
1448.379
1582.275
1508.723
1515.148
1533.146
1585.47
1599.273
1674.218
1521.551
1614.627
1615.841
1480.176
1641.165
1557.425
1462.149
1586.807
1660.079
1557.165
1480.016
1524.961
1382.143
1482.575
1704.916
1557.363
1473.491
1630.231
1550.325
1460.769
1521.007
1542.253
1496.524
1499.112
1593.585
1625.145
1439.731
1365.631
1417.62
1341.746
1554.143
1446.405
1442.161
1483.947
1483.923
1482.809
1630.529
1453.147
1517.096
