93.95254
89.84034
90.8054
97.76305
103.7409
104.145
103.7167
98.84616
96.58343
95.80411
103.6423
101.1412
98.22761
102.9226
100.4129
103.2632
103.1929
108.7999
108.271
108.9428
112.9178
115.0097
115.5116
118.6792
119.0581
118.5186
119.2107
123.5309
121.8116
117.5178
120.0702
119.7072
119.5748
122.63
125.011
128.1221
121.4616
123.0975
120.7752
119.6525
121.1343
121.3247
118.9736
123.228
118.9188
121.6751
122.0861
124.5509
123.4234
122.6038
116.4599
117.4016
114.8234
112.9331
110.6898
110.6799
109.2459
112.6554
114.0468
113.5072
112.359
107.7121
104.3412
101.8745
103.585
100.3283
99.47752
94.72951
95.30819
99.35986
100.7793
99.10761
95.96195
92.75676
92.72247
92.7782
94.21353
96.68221
93.86078
95.03124
92.53861
90.98553
89.45181
88.91814
91.19749
92.44235
91.12775
96.52324
96.27084
98.52226
100.5038
102.1535
102.4092
102.2603
98.9
98.63558
101.1838
100.8583
104.6482
102.9308
104.8028
103.1717
102.2442
98.51619
97.35693
98.00232
97.51663
97.98362
98.10468
101.2389
99.03242
94.26133
95.60374
92.9128
92.89051
91.22573
89.09466
88.11025
83.76809
82.177
85.09255
89.89664
91.83832
92.60005
92.87234
95.53972
91.96725
94.03437
97.16043
94.44887
90.12444
93.79946
96.73858
99.43502
100.1658
97.99448
98.69966
101.827
103.9198
104.176
105.0027
109.4874
113.3514
110.1697
103.0959
93.88777
92.99066
95.89467
98.84615
101.0946
102.0233
101.3766
103.6858
99.86354
101.2655
102.5227
100.7214
100.6646
103.7279
100.2622
105.4375
102.9178
104.1254
102.8647
105.0444
107.9694
103.2302
103.2366
105.9748
108.3994
108.5337
109.8095
112.8978
114.7292
116.1658
110.9399
109.9029
111.4055
111.9142
112.2937
115.0798
116.6353
118.7031
116.35
115.8061
115.2294
120.2105
116.9556
112.5983
113.3441
110.7369
106.76
108.1394
109.6966
105.0222
107.2697
105.089
107.7892
112.0449
111.8178
108.3931
109.2232
110.6761
111.3755
107.029
106.8639
106.4927
110.0839
112.5527
115.7658
113.8712
109.2544
106.6505
107.9978
108.6383
103.4048
109.1708
102.0368
102.325
103.1187
103.3644
104.7946
108.0808
104.5248
103.1028
105.5769
109.482
107.0582
111.5342
108.9321
111.3031
113.7522
110.1835
112.731
113.4565
115.1982
114.1359
109.1837
113.714
113.832
115.4411
119.3509
121.0825
118.1963
120.5347
121.5167
120.1509
119.7576
120.469
123.5934
122.5447
119.1966
117.8487
120.8918
118.2214
111.9846
116.0283
113.1371
112.0194
113.2774
106.0051
106.1964
107.4969
116.318
115.4936
115.6331
114.5617
113.9658
116.7044
116.6872
117.2392
114.3533
113.3838
114.2716
106.8226
101.3857
104.9503
99.42698
102.0766
97.90406
95.5064
100.7407
97.13844
97.3767
94.44872
95.97619
103.0753
105.5298
103.9098
104.1275
108.1454
103.0013
104.3986
100.9973
102.1942
102.2037
102.8882
99.93255
102.7169
105.8732
103.4498
102.2669
100.4267
103.8063
103.2804
100.6533
98.11977
97.7922
96.10022
96.46878
101.7707
100.5651
100.5178
104.0374
104.5406
103.5444
104.5504
103.5033
104.1885
108.3513
103.2382
103.683
98.1149
98.10144
99.03282
100.9583
103.5876
99.71425
102.0694
97.38521
95.89504
90.84183
90.42969
95.28432
102.0256
102.3585
103.0428
107.5424
108.0368
106.1115
104.3432
105.9847
107.6346
109.2586
107.814
107.2307
110.7159
111.7955
118.3525
114.9731
116.5942
114.3122
108.8858
106.4747
108.0901
105.849
106.7606
102.1507
103.9178
102.4159
99.75672
98.73427
102.3877
103.3764
103.4658
103.8539
103.6107
106.2855
100.8511
99.33815
104.1486
107.2083
101.1201
103.0473
103.7122
97.28403
98.42359
95.47253
98.17349
103.0246
100.0764
100.9735
98.05655
95.68266
96.56239
95.58387
95.07265
101.1319
99.95852
99.83786
103.7881
103.6252
109.7685
114.9246
117.1739
115.5667
116.3602
117.6734
113.0945
118.5341
116.5715
115.6493
113.7221
112.2342
111.8486
113.0967
110.8428
119.4752
118.3554
116.7688
116.7635
117.2554
117.8446
117.0162
116.959
119.4322
121.3584
121.5465
119.616
121.3074
119.892
123.2051
122.238
114.1149
112.1454
117.2857
116.8
116.6789
113.6103
111.8635
109.4038
110.4649
115.1374
109.7459
105.1131
106.958
104.1163
103.4333
107.385
108.5508
106.5363
100.4249
100.8612
97.98529
104.6139
100.5789
97.25509
99.17043
98.41115
96.49736
96.0817
93.51799
97.57606
98.35005
98.24396
98.91751
95.86004
93.37057
92.43759
95.35221
91.38901
90.91843
88.90225
93.89035
98.34935
102.2057
105.3777
104.4238
107.2332
106.5146
108.6872
104.128
107.6323
108.4045
110.4296
110.5754
107.7847
103.3087
98.84381
101.0315
97.45777
97.68122
100.0551
97.21964
99.05404
99.46771
102.621
101.8558
100.379
98.18685
100.0248
98.1713
98.53834
97.99686
98.41648
93.24026
92.16805
93.56899
92.44376
90.68764
