324.2436
297.4446
304.0985
329.197
304.2292
314.6059
329.5303
321.4893
304.9484
293.9573
341.2765
321.2708
297.0728
291.8898
309.6148
302.2126
292.2215
323.4927
297.8277
270.495
320.3042
280.7746
296.7016
320.4043
285.3602
308.2675
309.5552
323.9323
292.8449
296.0985
299.9966
316.3614
303.9531
304.3411
305.538
316.3532
295.1891
297.8849
298.8322
307.13
312.439
317.6518
321.1469
291.8244
283.7421
284.2884
264.4751
290.8695
297.0868
268.7814
284.5505
268.1865
255.8137
249.8988
235.9323
224.4341
220.0489
206.8788
218.1756
201.9067
212.7963
179.5156
162.2978
167.6169
131.4785
114.7958
80.42647
63.14373
57.05748
52.35363
62.07939
60.0608
52.53628
57.29034
58.3202
53.31023
57.30922
61.63825
54.45824
60.07925
68.64618
58.68139
63.17499
52.99142
56.12543
59.08317
59.69946
49.07048
65.50018
62.09197
58.17932
52.54163
57.87287
54.92514
53.92317
55.75689
60.97099
61.934
55.52192
52.73249
54.66569
56.31546
57.08448
60.45742
51.46463
57.1119
63.10929
58.14538
54.04971
55.40453
53.60139
53.16918
60.17217
60.77214
56.2432
55.3773
46.80396
54.34987
57.81581
62.14551
67.93601
59.32514
56.93323
53.3317
58.28414
53.32372
57.03234
56.71211
54.56988
55.07817
48.61407
55.49972
56.07723
58.28244
52.38243
49.75513
58.22955
55.62957
57.31723
50.49071
53.56689
58.02809
57.0774
48.79138
53.7798
68.92936
59.85715
52.99312
56.78093
56.33872
59.87226
59.08359
57.31831
55.72591
58.85422
58.6478
54.68743
53.43495
64.99305
49.25493
65.51083
51.5373
57.42296
56.05638
55.27173
69.33041
60.30891
51.28949
54.02822
60.91584
62.64034
68.54369
57.74191
57.11009
59.32471
59.31374
56.57603
58.45159
61.69332
50.38581
59.06368
51.96272
55.31941
54.14256
53.28266
56.0262
53.72958
54.24439
59.30508
54.94399
55.77615
54.50126
60.56082
56.94098
60.69198
59.31997
57.42131
61.98077
58.62703
65.78664
60.82046
60.04942
55.49088
57.97259
58.52169
60.19126
58.9662
63.69599
62.3134
60.94696
55.29652
53.58303
58.65375
60.66616
52.97673
56.89997
58.96751
55.25741
56.83635
56.04806
67.49538
59.30972
47.97021
66.19612
58.05955
49.79907
61.20087
55.7901
52.54615
70.04197
55.17059
57.12694
54.29858
58.26225
57.71412
59.57934
61.50075
53.57535
63.96947
55.89681
56.22718
62.97914
59.52541
56.52431
57.65973
60.18693
62.19091
53.44192
65.18274
58.26417
61.91009
59.67239
59.68179
56.21812
51.49097
59.29761
60.96426
59.79027
54.11265
56.93167
51.51803
54.05313
59.48153
56.48001
55.63298
60.45156
50.98767
57.88639
58.489
57.43253
60.45915
57.45845
59.08621
59.66362
54.64589
58.60148
51.84611
58.63805
57.01022
53.54141
54.85724
52.8796
51.45426
54.12391
49.20985
61.25756
59.08175
59.2637
56.58078
70.54502
66.81741
62.05103
53.84018
53.06207
50.1773
59.65247
49.94649
57.29712
58.86207
59.08732
69.30134
52.59462
62.93481
51.38268
57.43986
52.55707
65.59024
61.10261
56.26909
60.70164
59.30533
51.86445
54.61251
55.42357
53.99291
55.92322
59.17592
57.67026
60.21383
60.64364
50.59483
60.07245
48.89389
56.8619
50.38313
50.70616
57.90468
61.9012
57.00648
47.70829
56.6859
54.47886
55.254
56.95876
55.02923
56.63975
53.10439
58.67576
55.65023
64.45413
58.25765
51.97449
52.6981
56.60481
57.74595
63.06401
55.42153
50.54122
58.89324
55.82515
53.35526
57.45746
52.97887
44.66994
53.02999
55.13824
56.75744
63.68473
62.23886
63.30033
69.40834
55.48286
56.54637
55.14193
61.48094
63.83584
54.00796
59.60026
51.39807
59.52667
55.08213
60.34521
52.27856
51.46364
55.38324
56.89576
64.96157
55.22928
51.45433
58.16106
59.37904
56.49453
54.60309
56.08383
60.94366
60.89281
59.31941
64.94782
57.60368
51.41114
55.422
57.74431
51.2818
54.60661
59.87973
57.8935
57.7573
58.6398
52.40056
64.61595
60.16534
64.1533
62.979
54.13929
52.63369
61.74435
59.71154
59.5279
54.70708
52.0614
55.07896
57.47984
68.60649
55.55509
63.48561
55.59302
56.40023
53.51481
55.25013
56.5016
62.82021
61.05117
60.93283
58.09477
57.09328
57.74163
61.12609
56.21291
67.84054
53.39861
53.75681
55.66521
58.48341
58.76829
63.73094
56.72639
58.2
59.55925
65.81954
56.6219
64.03724
53.8493
54.32915
58.61844
56.80891
50.12929
53.97272
58.48328
53.6992
57.13828
53.62921
58.0508
54.34765
61.31917
59.48732
56.85684
56.87169
58.80072
57.06971
51.5865
58.68982
56.89228
59.58912
58.91763
52.81756
59.45968
62.96569
55.99499
55.58693
54.14414
65.54538
55.3883
59.05355
55.38035
48.32993
56.3919
59.4522
70.89803
57.88196
53.37265
59.32993
55.15726
61.64618
59.14422
60.95456
61.23183
56.469
61.75217
58.0376
62.2247
58.92984
55.28274
56.88458
55.56008
54.05087
57.54026
55.2366
53.8383
59.3883
56.83317
