52.13518
61.05366
62.8522
59.54001
72.77071
75.67007
81.80865
95.78643
136.7408
199.1438
215.2918
240.8145
210.4899
175.4514
253.9398
301.3427
260.1686
264.8176
324.6453
508.5906
555.263
568.232
379.7187
298.8251
213.7877
179.8274
251.2516
205.1294
250.4183
243.8948
252.8611
194.2425
177.5352
221.5764
260.0042
292.8274
392.9805
410.6841
563.232
577.0202
844.9512
1008.183
1521.161
2074.272
1834.678
2120.655
1730.864
1945.876
2017.917
3092.161
4460.638
5005.224
8537.103
6753.896
10652.95
14171.27
15174.75
15409.99
19786.78
29473.52
31876.21
50852.85
57769.15
99522.97
169110
228659.7
429636.7
890215.5
2219456
11912367
30162698
37323876
41192639
43396084
49307919
37601009
34836995
40304081
43772596
48153432
36184844
40725881
41050301
41534089
36168042
40113280
37485545
43218168
45532636
40956721
45462240
39770143
38202432
35148024
42371658
39095499
37747840
43930387
37515593
41778891
42407363
41821384
45334300
40951488
40103137
36241768
40994025
41563844
39982333
38761420
39850582
42980637
41500910
45428236
35867620
38879572
42841004
38700750
36655471
43360178
42450827
42477825
40691189
42066093
39189111
36298572
43620233
42990062
39968709
40981105
37365168
36933209
44202001
42766186
41060093
45240873
36908016
41365534
40141034
42772463
42858419
39597555
38638841
42885003
42065120
42271872
37993158
35040173
44170860
37589905
41703502
40893392
43198983
37842612
39741304
39766306
38590522
39910103
39956742
39480793
47927456
43521916
36887185
40754089
46902130
40448170
41004325
40671972
39661635
40066692
43711497
37410703
41631430
40619010
39507301
48412331
46224665
46683407
39586410
35103991
40131420
35495398
38401336
43354338
41671266
40186508
39965834
42902836
45507169
41010973
43383315
44595461
40433209
38285889
38974441
41655036
40579403
42550700
41668829
43328603
45760365
42228004
37902766
44297060
42059582
47301368
42962454
46873827
40877639
45962958
41162958
37723404
36729616
43383724
37033667
45813218
44985491
39230190
43600573
42171110
38435116
41424922
41403063
41681349
43305928
43892593
44975605
36983895
42057076
46219122
44201063
37975026
42019559
39593528
47038367
39934974
40676207
44818398
33426699
34780028
47654939
33602663
48085949
43573406
44212833
41059034
38154025
36201485
39958501
33802554
44751225
43590489
37507880
33616921
44003766
45420487
42011655
41781199
40738992
41816487
36671807
44450802
43993416
43761205
41157307
37367287
40666397
49476240
38344379
38685269
41311287
35673565
36963013
34180210
37725424
48108643
42131936
41173347
43568171
47564457
44397025
36904348
43619763
33602763
39435366
48211748
46431630
39345273
39672217
38412673
50437530
41030104
38112903
38584858
43688456
41472007
39139541
39147085
37751047
43239966
39349195
41623679
41136088
37037027
38486539
41860583
41241744
41726272
41676604
45984754
41382989
37259927
35318041
45918231
46154844
40758138
42084856
40492043
42930002
40182021
44226508
44201405
41008174
40207336
43203476
45862376
42865107
42089700
42316684
42063364
37359389
46301586
44637779
42589152
47198414
40514887
42128214
40767381
38321067
35719231
41190397
42200733
46450866
40751168
45732730
46131437
45766364
40232281
40364663
42137301
48054879
45294724
36683093
41820762
46196497
42576011
37926989
40474904
37627076
40269857
37485674
38783165
40025112
43886211
38708849
47282390
50503098
44541688
40901195
48240967
40887643
47968921
36255891
39379824
35264176
38288607
36007596
38499422
38248380
49331017
41376798
38329414
38049096
39642752
39713429
40777255
44214960
34871169
40035036
41867652
37147696
44644270
43542884
45003767
38904889
43631366
48207060
38734588
43570347
36945402
46439007
34963735
37161684
40470058
40919153
40218145
40111638
44439387
40610507
41951588
50714763
40903853
43744027
47483956
42543450
33241366
42092280
37774498
40718030
47156819
40870773
41251473
42142563
41073843
40622454
46168327
38650655
42218557
42868844
42798816
40896141
38929125
40482565
37451226
45284744
41745985
37898017
34078056
40510487
45206054
42493124
35773580
43262611
42150394
40272617
41240905
44638719
48682732
40930371
45972830
37533411
42969162
42775731
43815525
42361649
40563759
41912262
39443408
40252221
39544538
44953588
47808287
50094482
37682052
40064445
40075373
42630431
36319904
43758107
41225465
43385458
50028266
41703139
40709043
39566583
36338313
36416804
42800112
41373420
42557926
45343668
43772197
47306771
47558142
40692322
44040967
40622203
40205470
38980198
35501865
46443484
36162064
38699102
38636176
40957542
42463677
45013692
41477821
37573091
42237412
