752.3754
739.3787
742.0723
761.6329
712.2632
743.6985
798.6216
715.9091
741.6526
745.5071
772.4002
754.658
779.8589
779.3093
776.4841
757.5447
733.3946
771.758
772.2214
786.3319
750.4232
766.3718
748.8059
728.8328
780.5118
785.9612
774.1695
833.3587
738.6828
754.5676
738.6231
713.6831
790.2014
778.0107
727.6605
812.9317
726.4955
735.6404
755.6381
732.0728
704.4133
831.5124
805.1944
805.1446
782.9477
727.9271
798.7332
762.0441
783.879
699.6193
782.5101
760.4731
845.7021
690.4342
764.2734
764.7294
787.912
731.8205
763.3881
794.5796
726.7678
693.9975
678.9945
783.9473
774.0488
765.1461
728.3718
756.5959
737.585
772.0795
742.4792
744.7316
803.896
786.0302
794.1053
753.3443
736.5487
788.5469
715.3012
783.0422
741.6513
727.2741
735.7698
780.0562
747.9439
722.3646
745.5149
800.891
730.0866
760.7014
802.6701
757.496
734.9624
777.7317
745.495
715.9679
736.1943
793.1387
691.9049
768.2963
805.3077
757.2994
821.9288
736.806
785.8448
713.2036
745.0034
742.2886
752.6961
748.5423
791.0773
830.738
782.6696
744.2767
770.4631
804.9477
736.5548
764.1249
756.7302
740.5483
775.8626
724.8372
755.2775
779.904
678.8152
736.5644
773.8262
723.1248
736.9621
800.299
776.8493
862.9165
737.5964
691.4371
738.7649
718.0436
749.8606
791.5004
740.5659
820.1021
750.8298
800.7492
716.8404
716.1333
738.2041
714.5721
707.4264
775.8399
749.3632
766.5807
746.0208
797.8901
787.5312
821.5305
709.1634
751.2924
835.9681
758.4335
795.4204
764.6366
793.5867
773.4669
738.4977
758.7957
742.701
745.3731
737.4379
772.6217
754.853
762.0909
757.2638
743.9351
756.4756
753.1592
756.0438
723.7589
698.828
799.0716
774.928
789.926
727.8874
761.5304
809.933
823.9355
749.1499
727.7047
750.6036
707.5781
723.5912
759.2777
717.1227
727.2446
740.3109
729.5371
719.2896
777.9946
788.5715
768.8059
797.7177
782.238
778.55
802.6559
798.9421
760.4938
734.6595
711.4383
730.1537
721.4779
715.0812
741.9367
771.7578
694.0639
787.9349
802.0119
772.887
742.4146
792.9284
779.4442
713.9163
781.919
756.9995
756.3087
689.7406
745.1884
721.4359
775.1579
761.8397
779.7093
783.5413
721.329
793.9897
690.0764
768.3716
748.2086
745.0814
748.6784
802.4179
820.3093
758.0018
802.4634
774.001
702.9424
723.9841
782.4204
772.2194
791.1369
787.0776
747.2348
773.5971
762.5974
722.0585
709.1537
821.563
799.0374
795.9692
763.3874
729.9913
750.4617
754.3735
724.2896
746.2389
754.7083
754.7749
804.6805
764.5448
745.7042
779.8663
725.2423
737.3167
718.9632
724.2916
738.5734
779.1345
760.8705
733.0835
764.4305
795.5621
749.5171
800.8212
757.3958
774.5866
769.3289
744.8051
798.0284
718.9372
844.4274
737.3609
791.8338
771.0249
745.8784
754.458
683.9387
737.8263
749.1478
801.699
769.7086
728.9791
736.1247
800.0256
712.8387
683.3505
716.6742
754.2765
777.0935
784.5637
809.6391
796.534
724.109
767.6616
746.716
709.0231
761.364
812.5888
757.6998
762.9581
782.7258
800.485
779.7886
823.5602
727.648
766.197
739.8257
764.7273
815.8832
770.284
693.4607
774.4194
719.839
752.4061
732.3427
743.0077
788.0285
671.7917
746.6833
735.7201
791.7492
747.7513
745.6271
724.6723
747.385
796.5427
775.0156
719.0537
778.3169
743.983
743.8263
758.9443
730.1025
759.6485
715.9276
730.4369
780.053
753.7947
757.0768
803.0045
747.7958
726.5759
748.777
733.6057
817.2664
799.9624
742.4561
710.3074
787.3267
706.1315
748.2567
769.2692
734.8295
755.1869
719.2739
744.6214
743.6226
715.7623
725.9645
748.1746
840.6074
802.0866
764.9984
739.6834
717.7835
755.4127
733.7597
742.7345
757.6321
759.6086
872.6434
755.151
776.5827
765.2236
795.4154
754.6801
694.2876
798.7708
762.8127
731.0722
722.6149
731.7017
761.5678
806.2616
710.5622
713.1897
754.7136
811.5045
673.013
740.0957
784.3281
738.1905
709.8458
731.0033
765.1499
835.0251
749.2064
723.4007
738.1821
787.7547
717.1429
742.8867
785.354
740.2514
738.243
792.9231
784.9156
758.2805
736.0622
774.9126
744.4527
791.7357
770.1009
687.2758
746.756
811.1452
751.7229
782.4125
775.4944
777.3391
736.5179
766.2752
732.2901
757.5511
784.788
785.0157
732.2004
724.6393
729.4707
772.4962
731.9838
760.7209
702.1383
824.0217
728.0904
793.1466
713.9235
788.9878
732.0128
740.6202
803.8813
747.3063
803.1554
758.841
805.4714
806.6665
768.4714
765.6102
728.3119
747.255
749.3429
736.5116
805.1799
761.7537
750.7939
755.399
780.4116
838.6889
826.6981
671.308
761.397
769.9107
750.4972
781.9715
779.976
748.1096
757.2324
794.9541
674.367
718.785
729.8924
777.3482
787.0854
755.8603
734.564
728.1904
817.3025
761.6362
782.6008
740.5651
743.2018
742.1556
762.2891
708.8785
742.097
