37.74766
36.62556
32.70917
72.70459
223.8196
7136.321
6788.18
7189.353
7662.563
7157.859
9757.316
6873.917
7905.623
6348.209
7157.707
6978.948
8240.548
7020.96
7888.485
7545.969
7245.023
7771.769
7862.085
7770.741
7771.877
8374.127
8317.295
8056.471
8857.998
8247.226
7316.951
7615.644
8353.411
7540.866
7970.155
7225.055
7699.242
8209.085
8411.104
8099.122
7459.853
6991.942
7693.49
7782.971
7893.46
8600.691
9148.568
8401.869
6680.459
7958.602
7003.773
8948.425
8237.166
8260.736
7727.141
6577.333
8383.433
8057.268
7649.464
8170.877
7177.286
7398.881
7304.642
7605.327
8153.995
8101.035
8019.761
8018.215
6979.83
8601.098
8213.016
7009.135
7071.841
7564.318
9129.17
7513.071
7454.287
7828.285
8154.035
8077.652
8719.87
6746.867
7864.983
7764.697
7144.985
7667.516
6175.621
7098.265
7227.575
6737.462
7340.155
7810.812
9059.66
7264.935
7995.489
7732.732
7138.697
8129.36
8013.778
6978.059
8439.616
7269.189
7198.316
7681.38
8876.245
7332.985
8194.653
7773.771
7229.703
8390.917
8830.683
8006.842
7379.004
8646.852
7755.752
8031.104
6822.38
7139.318
7973.65
7967.016
7652.365
8395.133
7573.853
8019.18
7190.024
7980.112
7692.91
8838.841
8389.909
7260.278
7372.328
7458.011
7668.195
8332.102
8055.914
9259.312
8581.859
7486.491
7162.947
8047.334
9016.589
7482.263
7545.77
9029.648
8394.757
7254.823
7450.889
7505.179
8026.781
6583.333
7049.938
8224.044
7981.801
7621.186
8501.841
7381.963
8746.236
7476.94
7694.707
7463.209
7109.259
8386.432
8062.383
6415.845
8290.102
7372.9
6480.127
7484.77
8592.426
8157.53
7104.561
7700.921
8008.625
7688.135
8930.839
7894.465
8219.004
7900.114
6411.843
8076.992
7146.422
7781.538
7845.455
7274.821
7027.807
7629.764
7401.309
7423.753
7370.312
8745.595
7352.878
9055.06
7549.694
7890.295
8628.954
7341.664
8246.078
7232.638
6876.955
9223.101
7085.83
7569.687
9250.514
8498.953
7868.214
6857.641
6527.425
8101.476
7960.753
7131.894
7854.501
8370.155
7285.879
7257.998
7871.433
8700.843
6447.486
7171.787
8072.854
8881.412
7714.988
7814.938
7730.528
7231.969
6785.325
8117.547
7592.577
7443.5
7103.788
7395.768
8691.943
7962.382
6896.463
7256.865
7870.517
7430.754
6966.976
7768.095
8459.613
8616.727
7466.432
8681.595
9141.254
8144.314
7951.12
7478.265
7393.294
7055.811
7587.899
8092.442
8060.605
8766.824
8515.045
9094.313
7127.755
7340.035
7619.151
7394.099
6687.005
7274.42
8400.695
8024.981
8444.481
8148.119
7438.969
8709.302
7974.693
6508
7426.783
8303.036
7478.673
8154.802
8517.005
8574.347
7194.51
7358.689
7680.82
9333.492
8748.871
7710.651
7425.172
8482.367
7614.052
7645.703
7190.319
7495.728
7727
7702.274
7088.646
7410.176
7992.491
8045.254
7950.583
7109.531
7564.872
7944.426
7640.756
7796.167
7296.931
7734.58
7640.33
7717.2
7083.836
7710.313
7075.047
7302.481
7353.011
7449.876
7440.017
8629.451
9199.342
7288.758
8644.456
7918.562
6990.397
8890.001
8274
7330.467
7523.991
7503.962
7186.183
6647.114
7227.127
8300.144
6715.591
7393.953
8491.255
7883.923
8343.175
7267.158
7670.143
6202.508
7584.491
7489.722
6320.61
8294.397
9306.352
7664.523
6571.2
6604.282
8109.661
8057.835
7951.648
7596.942
8937.736
8615.506
7598.623
7658.948
6311.063
7759.718
9382.947
8469.094
8218.147
7796.137
7114.818
7332.618
8369.495
8069.406
6797.008
6924.157
7590.544
7142.348
7785.969
8096.621
8329.739
8079.323
6494.945
7620.774
8105.332
9346.536
7228.169
7540.151
6963.694
6998.141
8746.777
7957.308
7574.594
7566.253
7523.241
7229.676
7733.689
7706.172
7941.633
7376.388
7508.663
7807.666
8334.492
7152.002
6982.023
8007.667
8260.727
8207.27
7563.728
7536.476
8407.616
8667.379
7000.721
7794.839
7566.001
6707.381
6727.766
8293.278
6512.758
6994.847
7134.309
6758.69
8848.996
7601.461
6938.659
7888.913
8374.852
8532.98
7649.783
7194.701
7592.334
7621.972
7422.987
7601.069
7817.176
7652.555
9080.683
7449.802
8013.247
8227.029
7581.535
7810.021
7760.613
8592.758
8773.017
8918.635
7282.784
7946.556
6437.753
8103.862
8057.125
7761.989
7789.888
7504.234
7431.836
7768.967
7586.146
8613.844
8332.073
6985.537
9603.68
7381.385
8457.352
7765.872
6874.727
7261.881
7932.545
8594.026
7743.246
7091.889
7549.856
6312.511
7596.861
7220.4
7299.032
7322.364
7004.755
7639.628
8277.07
7925.665
8235.849
8119.343
7103.303
7672.469
7688.5
7724.242
7607.91
7306.772
8051.574
6960.715
7945.127
6386.083
7258.629
7182.476
7998.825
7493.719
8860.17
8354.498
8571.155
7672.743
7892.325
6837.645
8076.532
8516.811
7874.866
8319.714
7408.314
7773.771
7170.099
8383.734
6970.783
7612.248
8679.69
7620.197
8734.919
7331.102
