181.6688
140.3464
499.8307
535.0974
452.527
123.0409
212.7188
270.1436
225.0414
185.6005
305.7202
141.6727
149.2061
279.1753
233.7887
112.0487
184.442
341.6609
167.5302
92.6906
130.6087
132.4389
117.5045
74.51738
142.0239
234.0367
178.7071
222.3588
179.7917
111.526
101.5004
121.9381
674.9571
100.0223
151.1852
202.1219
183.858
174.0977
124.4803
123.2323
130.727
393.1008
120.2069
145.7617
113.7348
94.86314
151.8939
162.3803
165.3982
88.60178
133.1227
89.28497
203.3602
97.65794
102.147
277.4611
110.2734
42.83101
139.8691
171.9084
62.30056
185.3249
444.8174
147.0542
180.7678
57.98257
47.80651
230.5797
146.7089
166.879
79.05387
112.3364
345.135
114.3794
148.7047
148.7875
179.3778
231.9965
290.657
89.32936
185.2434
83.33121
48.87584
158.0397
121.6193
86.78348
131.7582
51.87508
80.63539
64.05791
63.22288
81.96276
87.21542
97.58297
147.52
1071.943
206.1909
222.1077
167.0718
212.722
85.62098
205.2693
91.40076
41.24894
66.15146
186.2225
67.55037
95.33827
115.9814
499.5494
125.5112
192.3262
137.4507
207.5196
180.9475
118.775
80.92421
77.66478
213.3392
180.1792
329.0424
77.05049
122.407
64.98858
213.7998
204.1752
106.984
193.5703
150.7186
151.9569
66.8031
174.1769
210.6786
253.5245
257.907
248.8486
185.6507
126.4454
196.4972
313.5966
369.4265
163.1627
239.1193
78.10476
78.83921
153.2744
131.8953
113.433
139.9198
392.4568
155.347
254.9885
252.458
141.256
90.68938
224.1063
180.751
74.13735
74.54231
105.2378
309.9888
331.9395
94.18138
120.2513
174.5179
155.8051
163.6776
50.31911
414.9156
84.4732
132.8774
141.3775
402.2961
290.7354
121.2389
184.4036
144.9753
227.1776
101.4467
89.66414
600.2874
182.0551
81.74228
85.03902
200.3154
131.1123
101.4625
45.64146
94.95667
83.35801
216.7483
894.4113
116.4087
265.1954
160.2217
173.5168
82.02882
142.7686
292.4106
83.68379
220.7359
115.3132
209.2199
119.7894
251.1466
129.2498
397.3824
200.1311
97.8199
192.2473
327.8021
225.7344
144.321
284.0893
276.94
103.0211
118.4485
154.457
217.6461
399.2945
134.9922
340.4961
133.7223
189.827
221.8875
281.9513
142.9595
204.8571
424.1518
382.9866
128.7792
258.9336
348.9918
156.4465
144.6387
360.8977
426.0081
275.1256
277.721
289.9852
185.1242
179.0391
172.4384
249.6678
195.1048
244.7441
182.8985
280.629
274.584
145.0538
540.1035
392.3227
118.1714
96.46165
168.4697
218.6828
133.219
360.4435
66.73706
144.5216
158.0216
200.588
224.6885
132.2673
416.9896
618.4327
243.7395
191.1492
416.4069
124.399
463.6309
160.1143
169.6951
154.8954
240.7256
235.0488
225.6395
178.1006
201.8743
439.1989
274.9448
183.9096
193.0251
354.5461
218.5468
275.5847
270.8534
990.6345
303.5626
179.1315
532.9086
226.6529
485.2168
431.3712
381.6592
294.6425
462.9813
432.0638
195.5054
3583.86
241.4624
223.6755
168.9667
410.6429
616.9585
246.2727
970.5196
315.7079
342.9936
532.5926
300.7992
525.243
322.763
358.5834
446.3062
198.1102
613.6842
352.6518
428.9268
231.5655
492.0112
238.4744
260.4623
335.4527
284.4086
264.3688
509.7227
319.6511
179.2261
260.673
331.1722
331.2008
665.7026
169.7738
287.0202
486.5651
307.8405
389.3478
235.6969
344.8366
244.3063
430.3325
149.9745
345.4081
190.1027
392.9815
123.9396
269.4913
314.4397
121.7502
375.501
347.0296
331.4994
295.3121
136.3371
305.063
331.4487
189.6204
211.1161
249.1435
127.7667
345.8684
186.6585
215.7463
144.7458
227.8695
100.0745
200.5944
222.4897
143.6574
132.4268
122.3733
168.2593
62.67046
149.2892
183.5059
229.8981
134.1924
141.1175
253.6961
266.7768
254.1859
190.6547
228.9232
205.2065
128.5494
186.7074
102.6185
387.0654
103.2335
265.8134
192.7848
127.2461
122.9893
265.1157
73.09465
205.7583
275.3518
86.871
99.62333
112.216
259.7532
108.3818
115.5005
226.6886
120.5314
262.34
224.6958
196.1788
209.0809
138.3661
89.93942
113.2459
180.5948
142.976
97.0548
312.8106
67.36137
353.2905
216.1204
194.5641
301.0674
167.4881
227.2594
177.9601
168.8282
179.3256
151.8956
231.3346
259.8489
156.2267
107.9055
155.1621
105.492
134.5493
270.0399
106.1477
217.8062
115.5006
186.009
133.6386
127.2424
209.6432
242.2747
138.8999
65.65046
261.0284
100.648
119.9436
255.537
131.3549
207.5283
183.6387
153.4963
152.2545
186.4328
97.21366
95.46347
266.5922
134.2201
154.7683
97.03799
75.59499
295.6477
67.14712
70.61863
307.0393
69.68643
69.45193
102.2493
282.7497
205.2219
120.5405
151.3654
185.4924
63.08114
109.8458
456.5809
208.7937
77.84477
107.5246
63.15117
102.108
56.69849
214.0352
126.4487
98.6489
90.84611
72.31523
151.7349
704.5495
161.7006
96.0791
106.5001
104.0726
117.0773
249.273
62.83119
315.2637
113.6694
