918.2845
1063.858
1084.03
1477.607
1147.945
1235.934
1181.42
1173.278
1223.867
1128.622
997.6205
1168.855
1357.62
1204.994
1197.952
1050.756
1103.217
1015.616
1095.309
1198.63
1320.424
1209.192
1169.591
1180.697
1338.845
989.8231
1311.635
1125.991
1214.182
1194.826
1174.075
1388.437
1181.972
1274.546
1282.225
1362.641
1177.448
991.4125
1387.973
1163.018
1353.925
1190.051
1271.402
1325.73
1199.502
1156.422
1120.268
1190.635
1256.633
1318.469
1231.444
1154.915
1261.796
1516.156
1096.606
1114.47
1232.288
1091.697
1291.401
1179.79
1221.779
1291.795
1228.703
1277.87
1416.74
1239.007
1163.559
1209.753
1143.164
1312.996
1286.738
1330.388
1242.363
1190.553
1261.701
1143.02
1145.453
1188.384
1277.472
1173.105
1274.494
1398.935
1248.541
1352.571
1049.138
1227.433
1114.359
1328.617
1319.402
1303.867
1300.292
1290.804
1303.566
1165.998
1175.302
1370.519
1254.981
1307.475
1456.227
1097.57
1022.241
1211.725
1170.359
1163.923
1233.512
1353.478
1018.845
1023.047
1257.611
1242.694
1203.235
1094.325
1217.878
1032.705
1193.052
1424.047
1184.005
1221.792
1304.795
1319.917
1367.041
1193.898
1195.005
1324.866
1316.607
1209.475
1337.427
1323.028
1370.334
1214.474
1269
1488.601
1255.28
1451.968
1175.177
1232.374
1120.096
1250.641
1151.727
1399.249
1242.754
1314.058
1332.287
1450.153
1154.98
1132.361
1568.625
1328.606
1112.231
1381.548
1101.176
1127.427
1348.029
1087.611
1461.551
1105.583
1056.955
1162.146
1176.768
1339.656
1173.919
1416.343
1097.133
1045.269
1092.277
1108.885
1304.519
1177.646
1126.351
1078.48
1154.314
1304.066
1161.945
1329.746
1123.258
1151.509
1318.241
1232.946
1114.935
1116.916
1364.775
1125.57
1113.72
1136.366
1156.923
1354.031
1356.196
1265.11
1281.073
1101.521
1183.197
1028.142
1180.267
1183.058
1139.307
1036.663
1338.422
1234.627
1108.416
1161.333
1139.343
1123.396
1291.769
1390.03
1261.836
1248.601
1246.375
1122.294
1339.351
1196.448
1195.584
1335.569
1384.921
1135.791
1405.49
1207.152
1111.358
1377.598
1084.116
1278.033
1615.214
1355.905
1283.718
1248.823
1439.522
1132.429
1160.28
1234.977
1281.658
1293.395
1224.625
939.1594
1159.105
988.8447
992.9471
1240.05
1240.941
1119.815
1413.118
1302.597
1270.312
1042.132
1113.023
1255.116
1322.938
1131.597
1046.888
1118.437
1189.357
1487.131
1147.804
1156.715
1337.246
1229.275
1332.495
1385.029
1507.67
1326.659
1188.31
1355.639
1262.265
1391.942
1496.3
1344.51
1460.894
1139.96
1288.268
1167.857
1013.544
1373.101
1296.214
1095.733
1422.394
1076.021
1365.306
1279.188
1035.28
1197.038
1171.26
1232.357
1305.513
1112.46
1021.759
1330.479
1288.153
992.0082
1184.095
1150.504
1325.829
1222.627
1364.982
962.8253
1152.916
1307.516
1347.511
1426.269
1131.968
1068.954
1046.447
1091.005
1299.238
1169.388
1487.992
1430.999
1348.666
1297.844
1242.773
1335.079
1294.806
1344.792
973.1086
1080.853
1144.679
1438.356
1273.603
1217.044
1299.643
1281.753
1428.076
1097.69
1375.485
1344.018
1224.207
1128.809
1235.813
1295.998
947.9332
1538.304
1082.435
1287.703
1203.219
1347.054
1414.05
1350.194
1383.855
1123.04
1593.753
1211.969
1248.897
1255.516
1202.334
1113.18
1431.817
1183.425
1013.723
1340.668
1232.241
1404.505
1594.511
1169.717
1155.695
1145.174
1246.754
1243.826
1497.204
1266.694
1392.514
1157.904
1219.501
1412.41
1313.287
1027.656
1323.393
1363.849
1446.096
1195.957
1145.158
1392.704
1127.226
1482.8
1363.767
1262.036
1541.203
1291.78
1444.674
1403.609
1086.13
1061.027
1276.598
1284.14
1182.449
1306.085
1175.76
1317.611
1230.018
947.1807
1271.991
1322.101
1148.581
1436.445
1348.254
1067.944
1107.405
1242.428
1253.426
1142.393
1089.857
1399.506
1265.917
1224.163
1143.193
1248.289
1248.717
1265.659
1386.59
1268.688
1155.379
1269.887
1259.843
1136.142
1173.258
1134.389
1136.744
1365.308
1181.299
1489.134
1332.799
1323.724
1303.054
1326.585
1332.331
995.8587
1136.778
1078.649
1161.405
1120.908
1145.751
1220.408
1508.457
1193.276
1380.218
1198.595
1111.869
1126.331
1074.866
1472.224
1340.19
1422.078
1155.972
1289.45
1372.013
1030.25
1087.949
1378.628
1154.794
1227.743
1315.416
1415.997
1184.154
1255.203
1093.901
1187.068
1046.843
1250.712
1146.738
1121.363
1421.457
1290.496
1189.503
1224.356
1417.73
1304.719
1245.559
1246.96
1362.773
1384.668
1250.212
1161.837
1085.139
1480.647
1043.351
1335.642
1141.542
1376.427
1288.399
1378.059
1284.285
1351.23
1195.684
1246.77
1191.612
1078.155
1174.21
1366.366
1211.236
1346.882
1009.757
1004.231
1308.798
1126.832
1151.726
1248.939
1113.666
1342.057
1171.032
1006.807
1181.848
1288.657
1351.592
1188.136
