86.44142
84.70435
87.66253
83.94474
84.49558
85.81169
85.89603
83.95823
83.92318
85.97788
86.7109
84.04297
86.2988
84.97395
83.83386
86.35767
83.09928
84.68033
86.48513
82.70461
85.01252
82.11989
82.50569
83.78628
84.31731
87.07155
84.93259
83.90686
85.0282
83.05987
87.60697
84.71493
85.91874
88.31004
84.79477
84.74504
85.42564
84.55094
84.35372
85.00448
83.37928
85.83181
84.9935
86.39205
84.2536
83.17111
85.66466
85.15124
85.63872
84.45968
84.56023
86.20932
85.6145
83.0432
86.24696
86.1417
85.28591
82.66321
83.61743
84.90711
85.92
85.17092
84.11953
84.62422
85.39851
84.48844
84.45354
85.38688
85.21387
84.09177
84.9086
83.97249
84.79087
82.81131
85.40804
85.25174
88.135
86.82678
85.36049
84.71675
84.05272
85.89772
84.24504
86.46486
84.04805
84.34093
83.52615
84.01067
84.35141
84.03761
84.95134
83.95531
84.97649
84.43632
83.89634
81.74124
84.86664
86.46354
86.98424
87.13843
83.65942
86.46842
86.06984
87.0897
87.77522
84.48162
84.24532
83.21351
83.41456
83.63242
85.09201
83.21299
84.43209
84.26875
84.69698
84.95603
84.38288
87.85129
82.8183
85.13991
81.45752
84.03259
86.56756
88.38816
85.18839
85.11927
87.17081
85.24108
86.61635
84.33176
86.1676
85.9149
85.55663
87.97888
83.12038
85.84257
86.45291
85.57523
84.94013
83.76947
84.33382
86.14838
86.48895
84.12191
85.64825
85.27549
84.03956
86.68721
84.74417
85.88099
85.92618
85.70152
83.98566
84.3687
86.68129
86.72318
86.18979
85.29129
85.88955
83.43975
84.72568
84.9337
83.9485
87.60583
84.85304
82.83964
86.31666
85.99836
85.00554
88.3862
85.50231
84.69634
85.97192
84.28032
86.48325
83.75809
83.51398
84.58072
86.14321
84.55188
84.34313
84.60777
85.13327
86.01953
83.5191
85.93002
85.64019
85.23363
84.44514
83.35505
82.89031
82.26876
84.86536
86.59591
84.11166
85.56997
83.43902
85.75216
85.39565
86.88904
82.71904
86.07184
86.67014
83.65911
83.70766
86.16116
86.92411
85.63093
85.76059
84.50756
82.91726
86.38741
82.57074
86.30277
84.18463
84.41008
84.88306
83.12351
83.68671
85.73783
85.98142
83.93372
83.0437
84.55384
84.10711
83.29103
85.01415
85.75816
84.2708
85.09112
84.45704
85.66068
85.3041
85.64404
85.71401
84.5175
85.24847
86.76504
85.97812
85.385
87.11537
88.02217
84.76822
83.91372
84.21399
83.94875
87.60448
86.92435
87.20891
85.61701
87.14906
84.46224
84.18878
84.47387
85.23739
84.05344
83.11253
83.12689
83.64915
84.29242
84.9387
85.46872
86.59554
86.98176
85.61706
86.39764
86.73268
84.40721
86.09411
85.1457
88.42238
85.74586
88.68854
87.96112
83.51071
86.77422
83.67864
81.68095
84.37139
87.53924
83.98697
85.42106
83.43034
88.29125
84.45232
84.43666
83.6465
86.08701
83.7766
82.75346
82.56639
83.92267
83.62235
85.5556
85.65735
84.81489
84.91776
86.50904
85.21632
85.14661
84.64872
85.26572
84.52218
83.92125
82.75983
84.3541
86.40145
84.7195
85.62265
84.61338
87.55264
84.40475
85.95037
84.58489
85.49777
83.17034
84.05933
83.53964
85.6673
85.20349
86.69138
86.73634
85.95135
83.12117
85.10713
85.29228
85.69468
85.1685
86.84463
84.76577
86.32597
84.17423
85.60335
84.68748
83.0638
83.14668
84.0222
84.35623
84.42385
87.00765
84.18705
86.27623
86.20428
85.74007
85.91862
86.06485
82.16831
85.93177
86.36749
85.40109
83.20188
84.46162
85.08975
86.99953
87.5152
85.20351
83.92517
86.4734
83.9897
84.43429
84.4203
83.88764
83.63931
86.27468
84.98665
84.61822
84.72415
86.25625
85.10905
86.39831
85.24914
84.32143
89.29598
85.64155
84.80427
87.05867
83.95268
84.66601
85.7812
83.78258
82.25298
83.51868
84.91833
83.62506
85.63835
84.39429
86.70968
85.52567
83.95625
83.40576
84.58436
84.52908
86.51596
83.70183
83.15001
83.25567
86.28638
84.61018
84.20941
85.65427
83.17989
84.39424
85.11431
86.39825
85.32984
83.66934
85.67857
82.86409
86.44671
84.58966
84.23683
84.17349
84.64345
83.65858
84.16246
86.17879
82.6235
85.21662
85.17258
86.48293
84.55687
83.84408
83.88152
84.79364
84.85984
81.91847
85.77798
83.83662
83.80963
86.57868
83.2167
84.5185
84.70607
85.67601
84.50969
83.12563
84.30483
85.4263
83.1962
85.57359
85.99079
85.39105
84.72207
83.91749
86.75309
86.89378
85.384
84.88115
85.44159
83.71514
86.86315
85.43313
85.37983
87.05433
87.4423
86.05351
83.93982
86.63043
83.39711
85.19598
84.32189
83.45252
85.19687
83.74381
83.74698
83.2159
84.29589
86.49074
86.46594
86.28355
83.52459
86.75444
84.9716
85.24808
85.46244
85.03796
86.01429
84.36778
85.45174
84.50388
84.94564
83.85278
83.301
84.66197
86.23025
86.05594
84.78599
85.90635
83.68485
85.62227
87.12513
86.11981
85.04701
83.41599
84.23161
85.38755
85.01931
84.24879
85.63143
86.37692
