13.14957
11.86284
11.23186
12.14174
11.68501
10.97845
11.84882
12.33117
11.42475
10.338
11.49513
11.35538
13.41973
12.17601
12.03768
11.34794
10.29716
10.38403
11.27399
10.69952
13.31302
10.63242
12.18772
13.60569
13.6714
12.08729
11.22499
12.02944
10.29113
11.62094
11.49464
11.97521
11.44698
11.96539
9.958245
11.11223
10.12793
13.7859
12.38323
11.76971
10.83221
12.51877
11.03203
11.88784
11.03465
11.03992
12.05437
10.85157
11.03611
11.09263
12.42354
11.1862
11.12598
11.79063
10.59077
12.22534
11.06922
13.10854
11.93438
10.91029
11.02423
12.48922
11.61334
11.69342
12.18487
12.25127
10.48108
13.47638
13.90757
10.7613
11.17561
13.42239
12.3573
11.76793
12.52254
12.76752
12.51194
11.45674
10.93662
13.07067
9.839415
11.89047
12.96193
12.71148
11.59565
11.08161
13.0149
11.15178
11.99367
12.66169
9.639751
10.29607
12.28612
12.14946
11.30126
12.21978
10.88245
12.24045
12.80538
10.66554
11.29503
10.98486
10.27338
11.56397
12.55681
12.93019
10.21862
10.82576
11.79669
12.57396
9.707556
12.12017
10.78472
10.86075
10.16956
11.26885
12.01076
11.68543
12.23464
11.50517
11.64629
12.06111
13.0627
13.27525
12.137
9.615537
8.687866
11.37968
9.936896
12.35319
11.62766
11.64708
10.82789
10.77132
10.30317
10.71919
10.9404
10.49954
12.10927
11.0368
10.19485
11.18389
10.88933
10.12833
11.47916
10.29983
9.905363
10.64184
10.81614
10.64742
10.64786
10.03101
9.927625
11.96588
11.23353
10.77425
10.52877
10.22072
9.720347
11.40859
9.36189
11.70358
11.07579
9.650351
9.672896
9.951803
9.659296
10.39482
10.65582
9.96685
9.225542
10.29519
10.38761
11.38584
9.405403
9.01596
10.39496
9.742325
9.817786
9.998953
9.870219
10.40604
10.05068
10.40232
8.992243
8.643717
9.004586
8.733685
9.987515
8.932797
8.992974
9.095721
9.286103
8.180143
9.396847
10.13685
9.399925
9.239624
9.74726
10.59261
9.136711
9.753149
9.582104
10.77114
8.973871
9.859057
9.09391
9.655473
9.138401
10.03986
11.05985
8.623526
8.812061
9.665439
10.42345
9.628289
9.43122
8.812478
9.617513
9.885985
10.66929
9.320163
9.895187
9.824606
10.65086
10.56783
10.31325
10.06793
8.641591
9.204647
9.730796
12.04069
10.52485
10.75554
10.20876
9.913799
9.127258
11.06727
9.629476
9.772244
9.590752
10.12847
10.25458
9.257703
10.31731
9.913996
10.41888
9.979959
9.140775
10.02555
9.660998
10.50288
11.06759
10.83825
9.889688
9.898906
8.22827
10.84824
9.810063
9.156247
9.378427
9.17019
8.818557
9.187268
10.39139
8.884842
9.872967
9.150253
9.611115
9.16453
9.870077
9.730515
10.14111
8.628003
10.06066
9.82012
8.936911
9.650632
10.26484
10.28992
10.18695
8.62961
8.146636
11.11097
10.38698
8.841001
9.977894
9.143422
8.474623
10.46018
8.638211
9.671882
9.904854
9.993709
11.18956
10.06813
8.35164
10.02339
8.362593
9.893648
10.36558
9.325681
10.04341
9.671584
9.467699
10.14393
9.755191
9.528898
11.00935
9.601162
10.75973
9.498203
9.040572
10.214
9.638369
11.32131
10.45893
9.254824
10.279
9.375764
9.315012
9.523662
9.106733
8.853482
10.25338
9.127598
9.857359
9.083582
9.36085
8.362458
10.62349
9.633799
10.23878
8.979834
9.411125
10.85729
10.17131
11.03263
10.02846
9.923614
9.957675
10.3716
10.30565
10.18639
9.62718
9.714722
9.876661
11.01656
10.34609
9.795798
9.60568
9.750133
10.35433
9.270358
9.275173
10.65132
9.660635
9.849499
10.37552
9.92617
10.03339
9.890609
10.55468
10.17842
10.09597
10.58888
11.11656
9.662982
10.31903
11.43581
9.527954
8.94448
10.63661
9.058441
8.707757
10.52707
10.32731
9.5252
9.261554
10.2753
10.78269
9.289614
10.50544
9.106474
9.719747
9.958262
9.380453
8.660039
8.910197
9.306548
8.584432
10.33531
9.35682
10.53177
9.455189
10.04166
9.606072
9.392622
9.194772
10.89432
9.257066
10.22147
10.19611
9.043609
10.35873
9.326568
10.5022
8.40625
10.57071
9.066567
9.728893
9.554594
9.774943
10.62444
9.799833
9.495949
9.087356
9.924085
9.103298
9.931323
8.599389
10.40927
9.429642
11.55668
9.645825
9.155292
10.27936
10.65109
9.559202
9.24679
9.650972
9.468559
10.19186
10.63708
10.81497
10.59677
8.903927
9.525659
10.78477
9.596708
9.808676
10.12343
9.474932
9.642909
9.919335
9.484585
9.49728
9.889155
9.781758
8.635956
9.753184
11.08662
10.02874
10.14837
10.06718
8.800449
9.918539
9.523203
11.10526
9.074248
11.15202
10.23266
10.17708
9.16725
10.15113
11.11139
9.56855
9.5534
9.510991
10.8506
9.737741
9.544697
9.496293
9.462545
9.280757
11.11089
10.53953
9.272676
9.755932
10.47783
9.615846
10.23631
10.16294
8.270876
8.906558
9.185658
8.900732
8.997934
9.728025
9.3028
10.80725
10.05197
10.68464
10.90784
11.17302
9.253856
9.590364
9.65376
10.7225
9.353017
