94.15556
551.2983
579.7161
649.2591
607.1041
541.5182
602.7439
554.138
572.7079
653.2059
616.3596
569.6084
586.512
555.2697
536.063
593.4567
690.3991
640.1514
506.5446
666.2013
624.355
639.835
709.1591
584.7507
582.2296
453.3224
582.6878
615.748
578.2511
637.2685
547.656
611.0933
634.5951
521.3648
511.9297
598.5217
519.9196
551.332
675.9696
549.7778
593.5676
558.0733
604.5379
546.5635
591.0007
619.355
511.9962
502.6307
594.3791
548.8729
496.4863
595.4191
540.8549
648.5376
572.0904
575.817
563.168
576.6842
655.4736
590.6869
572.4218
613.077
579.0275
613.6811
651.6066
649.3632
579.6306
617.453
556.2836
646.6911
523.5235
620.7927
658.8909
670.6065
603.2434
658.7092
567.438
566.8344
523.0569
512.0729
552.656
506.2638
589.6673
586.6495
608.831
581.3856
508.9453
559.4164
660.7718
582.3161
600.6387
552.5112
551.8403
547.776
540.1217
581.2533
575.3799
577.949
651.8544
551.5686
629.2324
663.3818
574.6753
576.9575
632.9346
689.5107
558.4922
579.5174
582.3594
663.1699
604.3741
634.1961
636.5449
622.3296
565.9062
601.8738
614.3398
531.922
546.8311
537.8473
569.7027
545.7154
510.2165
540.1979
511.1992
602.0965
638.3008
654.35
567.4873
682.3872
562.9429
631.4688
464.5847
599.758
594.3347
643.4692
527.9884
510.7171
549.2558
631.0199
581.3347
597.0646
550.303
585.9456
592.1125
573.6751
548.8112
639.1608
639.8442
608.6502
544.8753
523.7161
607.7859
550.7126
568.1567
611.9454
496.5966
503.0856
631.6135
644.7455
577.5018
529.6221
528.0589
582.165
554.157
674.6396
609.6998
639.3447
563.6569
729.1281
591.1174
633.2351
570.1929
614.5036
541.5567
615.6453
636.4682
562.251
562.2285
510.3672
592.6682
544.4231
581.7155
489.63
597.4378
679.403
733.4575
589.8335
622.7159
609.5073
579.5425
623.5744
643.973
559.5749
504.1555
664.147
499.3716
505.8822
477.0555
601.8887
645.6635
654.0174
539.6501
461.1199
579.2697
521.0374
524.7218
580.2011
560.684
554.7079
610.3499
549.3086
619.6755
538.5157
512.4796
527.1278
580.6853
595.7852
562.5784
557.7187
594.8408
571.3136
577.0254
569.6279
627.3494
456.5875
562.0017
525.0648
633.6861
541.43
636.9661
663.4162
553.8241
575.7472
599.7063
551.2721
636.4465
688.3775
627.5494
536.8949
583.2467
526.3616
594.7105
530.7424
582.4579
614.7036
501.1861
621.8444
565.9336
586.7024
597.7915
588.6427
589.5445
627.2955
704.9981
557.9142
598.6177
497.1812
595.7273
550.7242
591.6598
538.753
533.5515
514.7257
575.4723
679.3622
542.4825
551.8195
694.6403
525.3022
627.9918
583.6625
541.9701
651.3117
456.0764
580.6281
642.1654
630.3028
510.9007
560.8004
597.7464
653.9869
729.3615
583.3896
547.2615
660.3612
539.6456
604.5646
597.8068
583.0188
562.3679
547.6899
600.564
558.4785
643.2695
597.99
565.9518
552.6261
546.9405
571.8273
497.885
572.5137
552.4661
710.3466
704.5416
613.535
692.1094
589.753
530.0004
591.2983
580.3057
583.4456
574.4567
638.1639
536.0316
550.2778
580.4775
609.995
650.0888
551.7139
547.3378
576.0695
609.2542
710.3233
534.0861
575.7988
533.0156
549.0768
579.0353
581.4636
480.8726
576.1392
622.4484
586.6527
592.5494
543.7521
606.0754
526.3895
699.7396
663.1121
515.4483
596.0679
603.8997
577.7375
646.1916
528.0546
587.733
556.9262
675.5723
507.2947
607.6034
656.3299
475.9104
584.2937
567.8892
526.9228
567.7184
523.0736
532.9878
601.0029
563.3436
557.5083
645.9918
577.4631
566.9505
718.4802
543.1297
595.5951
628.4405
678.9804
581.5638
586.0143
590.6377
644.3023
642.995
517.7784
548.1801
571.9727
657.6983
689.0257
598.163
614.2425
642.6117
514.0498
530.4413
551.3423
541.0374
552.9072
626.3102
619.7885
575.8032
659.6371
656.5775
609.0494
590.1681
553.9606
666.6933
672.4671
629.5268
590.0551
559.4205
682.8178
567.2421
565.5199
675.3614
547.1171
663.2887
613.5835
499.7257
490.5391
624.238
618.8903
557.5702
598.349
533.1606
547.4859
565.8851
561.0937
539.8066
560.4811
615.6801
573.3616
578.1242
641.092
563.021
530.5676
606.642
563.6332
525.4674
683.1272
582.5573
707.0298
665.2446
521.9969
652.847
581.5615
550.7377
524.9909
529.7786
488.8527
600.7939
658.8371
569.1955
565.1454
636.9064
553.9905
602.4928
577.6476
532.89
619.8706
558.3959
602.0132
636.2365
635.9848
591.1735
569.1237
579.4688
676.3326
561.0572
572.7178
611.1553
511.9378
599.1064
563.626
518.9046
674.2933
584.7028
649.216
574.1582
565.2218
554.0475
515.8465
572.3078
533.2413
590.096
657.7481
687.6785
519.8865
537.1599
503.0444
550.0473
535.609
727.16
679.3997
611.5652
589.6514
533.53
567.7252
557.3542
589.3239
635.8851
583.8064
489.9101
526.3632
572.6009
551.511
507.8344
583.2079
608.2362
521.6956
