105.7031
106.8483
105.2543
101.9468
101.801
102.2935
103.0699
103.9711
104.1044
103.8911
103.7955
103.4949
103.4729
102.9339
102.7692
103.7035
103.0964
102.6415
102.2666
101.9703
101.0763
101.122
101.617
102.0373
102.1744
102.5523
102.5496
102.4139
102.8286
103.3327
103.2842
103.2996
103.8681
104.8265
104.7286
104.6736
104.2747
104.3326
103.8423
104.2302
103.718
104.6297
105.0015
104.8512
104.5248
104.9132
105.0924
105.4931
105.2709
105.2617
103.9832
104.0312
104.5747
105.2048
105.6043
104.8735
105.0102
104.8918
105.5303
106.1692
106.6178
106.1848
107.5583
106.33
106.4291
106.4002
106.405
106.9809
106.921
106.5186
107.6572
107.624
107.8766
107.9189
108.8792
109.6656
109.7174
109.346
109.2879
108.8024
108.7769
108.875
109.312
109.6197
110.1178
110.7149
110.3193
110.6636
110.3764
110.1832
111.0602
111.0397
111.0193
111.3044
111.566
111.144
111.076
110.3502
111.1242
111.0011
111.5452
110.9144
111.5582
111.5645
111.2597
111.3163
110.8627
110.8555
110.8819
110.3852
110.99
111.0274
110.6166
110.9144
110.4333
110.1428
109.7845
110.0988
110.1123
110.3411
111.4542
111.6845
111.3565
111.7014
112.2787
112.3611
112.7448
112.6587
113.0213
112.185
112.1606
112.7791
112.6471
112.8126
112.196
112.8216
113.4197
113.1395
112.8759
112.249
112.667
113.1055
113.1922
112.2176
111.6933
111.8896
112.5494
112.4496
112.3528
112.5619
112.3522
112.2003
112.8262
113.0548
112.7178
112.5843
112.3667
111.8649
111.9497
111.6295
112.5157
111.9349
112.0295
111.4369
111.0839
110.7071
109.6663
109.7249
110.5758
110.7598
111.7115
112.1133
111.6845
111.8797
112.0423
112.3775
112.2702
113.5674
114.2954
113.8383
113.0391
113.6952
113.2314
113.8986
113.1655
112.7885
113.3169
114.1766
114.1872
113.3058
113.0038
113.1352
113.295
113.7234
113.4977
114.5214
114.5918
115.0804
115.4052
115.4835
115.6907
115.7037
115.4836
115.5833
116.5143
116.5341
115.8549
116.1458
115.9825
115.8856
114.1574
113.3325
113.4311
113.5419
114.0344
113.876
113.8156
113.0855
113.1621
112.6726
113.7829
113.5813
112.7457
113.5278
113.2472
112.4139
112.9893
112.4999
112.3218
112.5101
112.5509
111.976
111.6823
112.24
111.8568
112.5397
113.6262
115.0731
114.9607
114.5327
114.7118
114.4704
113.9482
114.4116
114.1094
113.9507
113.9572
114.3155
114.8782
115.108
115.1804
114.3279
115.2494
116.383
116.2016
115.8678
116.1879
115.5608
115.309
115.1579
115.1636
114.5972
114.6814
114.5944
115.6863
115.9263
116.4223
116.4243
116.9156
117.2623
117.026
116.6399
117.1826
117.791
118.0168
118.6614
120.2653
120.2671
120.2007
120.4125
121.004
120.8038
121.0461
120.4917
120.7244
120.8926
120.2537
120.0102
119.9375
119.5295
119.5611
118.5606
119.7807
120.3905
119.9802
119.7007
119.1189
119.88
119.6269
118.9423
119.0291
119.4444
119.6799
119.7314
119.5532
119.1104
118.9563
119.5734
120.0518
119.989
120.332
121.2962
121.1409
121.5955
121.9012
121.0748
120.7346
120.857
120.7496
121.1564
120.7808
120.9111
121.2365
120.5993
119.9215
119.6351
119.7914
119.981
120.3385
120.0725
120.2866
119.6171
118.8878
118.6705
118.6514
118.2432
117.7026
118.331
117.9611
118.4507
118.6477
118.1643
118.1915
117.7848
118.2698
119.2903
118.8933
118.5692
118.7003
118.8047
117.8492
119.696
118.8853
118.312
118.7695
117.9207
118.2631
117.9611
118.0214
118.018
118.0698
116.8007
116.4252
116.5897
116.2539
116.5909
116.0689
117.2901
116.5471
115.9874
115.7294
115.1686
116.1265
116.5675
116.873
116.4448
116.1825
116.0565
115.5893
115.3361
116.1814
116.3483
115.8125
115.7628
115.6383
114.9757
114.2309
114.5602
113.985
114.3425
115.118
115.1338
114.9846
114.1404
113.9031
113.7836
114.514
114.1079
114.6055
114.0721
114.5369
114.0046
113.685
113.9326
113.1618
114.0905
113.6143
113.5676
114.0507
113.3089
112.7333
111.7784
111.8342
112.1021
111.4286
111.194
111.246
112.0376
111.6255
111.4585
111.6711
112.201
111.2974
112.1954
112.0156
112.5654
113.0504
113.0944
113.2767
113.0672
112.8096
112.5833
113.4128
112.5703
112.7883
112.4203
111.6954
112.1053
111.9782
112.1607
112.0954
112.3159
111.7975
111.6405
111.1985
111.9656
112.8364
113.91
113.6272
113.4174
113.5692
113.3884
113.4088
113.1608
112.7822
112.1285
112.4166
113.2799
112.8555
112.6872
112.3232
112.3485
112.9289
112.6015
112.8803
113.8587
113.8159
113.128
113.3019
113.0284
113.3028
112.5769
111.7843
111.6092
111.778
112.2225
112.8256
113.2019
113.601
113.5308
113.6046
113.4263
113.7108
112.8499
112.5665
112.4682
111.8861
111.2485
111.4093
111.5221
112.0271
111.9229
111.9893
111.7305
111.4232
112.0799
112.4389
111.736
111.4988
111.6498
