304.3595
288.6074
321.4676
267.4399
218.7561
59.28632
49.56573
48.44536
51.48327
53.64515
57.86328
55.71767
54.2382
52.6782
53.1833
55.51714
51.22809
54.93759
54.03917
50.62469
53.03691
51.02367
48.35273
54.74117
52.32562
54.88543
55.73925
49.47491
49.43549
52.76492
51.4472
49.16387
53.57212
54.56232
55.23401
49.08642
56.80179
52.66199
53.80489
52.03653
55.56469
48.19277
56.53887
49.23819
48.81656
56.82026
56.1612
55.29915
49.02605
55.89508
51.44173
54.95265
47.01427
51.85645
53.15873
48.67628
43.16394
50.17272
52.13374
55.98374
45.8271
49.97526
49.5215
47.41026
55.26827
45.1698
48.04569
54.79796
50.64562
54.56401
54.67723
53.41183
49.11125
45.10193
57.78146
46.13061
48.80161
55.19931
51.05449
49.4274
47.98862
54.36876
54.94837
50.62228
54.84326
52.66296
48.84443
54.77009
53.2618
48.69495
50.4119
52.16242
47.39737
51.96802
48.24613
58.34091
49.85296
50.67353
60.08667
53.1777
49.1308
52.87188
54.38968
62.03058
56.05575
58.46689
51.47033
58.57985
51.66939
51.57895
48.52462
55.72752
50.3029
53.5042
50.15376
55.6981
54.49678
50.31021
52.95579
55.61221
52.2865
52.33036
50.53901
51.01382
53.22894
53.29958
54.76711
51.06354
51.0562
50.48146
51.9929
58.0806
49.46997
48.50274
50.90835
50.62078
54.32563
51.46591
46.77865
50.99632
52.7613
52.68273
58.96829
56.04645
54.05293
55.03441
58.18025
54.0151
55.76317
57.12851
56.37465
52.91931
53.75817
53.75353
54.69197
54.07721
52.42872
56.29909
55.89785
53.38016
49.28385
51.99178
52.42854
57.64714
55.72005
55.77733
46.99362
56.00397
49.65721
51.07852
56.97037
54.71729
53.27273
56.41732
51.78582
52.38025
49.81387
49.63992
59.59586
52.43052
55.04651
53.85469
53.40964
53.84875
60.42704
61.78981
58.45893
56.05033
55.58911
55.75926
54.49703
51.72223
57.73786
52.57261
53.73834
49.81825
55.2071
52.13588
55.02175
53.22912
56.11413
52.09977
54.95111
53.12197
57.83581
59.5205
52.34743
55.01177
50.45283
57.19874
56.39276
60.65024
55.4937
53.71924
60.66933
57.25182
57.23932
56.10215
56.65178
55.24724
52.31921
52.58442
58.42969
52.36102
54.04826
47.2298
54.6908
62.16704
54.20642
53.5315
46.88759
49.94259
49.7454
53.6382
53.52058
52.67332
50.56852
55.60496
55.90396
48.06268
49.67614
58.74344
52.54173
51.50949
61.21131
52.67149
53.7728
58.36235
56.31012
51.81315
49.37571
52.20501
47.22075
59.77415
48.05981
53.59766
49.93714
50.37594
57.44001
47.10036
60.60526
50.62966
53.03098
54.51847
47.62357
47.92587
55.53226
57.34023
52.28518
50.43857
52.24998
56.4791
51.26492
48.76393
61.40289
57.3047
59.0108
54.27485
54.45307
54.92932
50.03133
50.97838
53.0342
51.56261
57.35726
58.25873
51.96756
54.57758
53.49445
59.61921
56.88088
54.54813
53.1927
53.27759
63.73782
52.10765
53.47486
52.79311
51.19147
56.90222
47.24465
50.59617
52.80002
53.36913
47.31689
57.17879
52.55625
60.36899
57.59723
53.16395
61.70735
57.58164
53.06287
54.89393
53.62438
55.6282
56.61426
53.74687
53.0314
49.29214
53.87253
56.78302
54.61948
53.99386
52.46708
63.42041
53.66207
51.24846
56.1024
54.48426
54.0644
56.47828
58.02264
58.45702
58.07464
52.54695
56.81572
53.02164
51.88266
52.10858
52.29237
56.52331
51.67043
54.1041
49.29054
52.61845
56.21425
52.2809
52.53081
53.54549
48.99869
56.29245
53.81703
54.03851
50.43372
46.35767
50.72592
53.24497
50.19076
58.43839
56.63478
51.55661
53.74771
62.35508
52.29385
49.70538
46.7926
58.03596
54.70945
47.62047
56.39623
60.51335
59.89255
53.51816
52.45962
55.08592
49.17154
50.5305
54.79449
51.82809
53.96215
53.22595
53.91238
54.622
52.60017
54.08869
55.46186
57.04909
56.38486
52.39329
47.58985
57.52487
54.29532
57.65097
54.12176
53.63417
57.2262
52.01655
52.92484
56.70756
48.30871
54.17729
48.58277
46.99601
53.45185
50.81041
51.30265
58.42755
55.38053
58.11224
58.89246
55.43254
53.53864
59.7029
58.18875
51.42827
54.09934
56.22104
57.16771
53.82794
61.1611
60.33981
62.01472
54.30917
52.64719
57.49757
52.91716
56.5793
54.98345
44.66314
52.77947
53.16948
49.93064
56.66128
48.15984
56.60262
47.67023
46.43268
50.6994
52.32461
51.66576
55.83548
56.6696
63.8278
57.35191
55.19477
58.60753
58.43338
53.19155
51.42945
52.15408
52.93647
53.5162
57.43471
53.83686
54.05902
61.70203
55.44782
48.88629
50.07419
50.47229
55.29244
54.86979
57.66182
58.90861
56.21804
55.86682
59.09733
50.55858
59.53328
57.49596
51.56947
49.56234
56.3722
50.34105
51.16855
53.10364
50.61359
53.88503
55.96223
55.42919
54.11253
56.52097
54.8658
50.63841
54.23695
53.02228
43.54592
55.48698
56.10531
60.47105
54.0324
56.12837
50.9687
54.09056
53.28842
53.29735
55.33861
53.46738
56.86361
