347.1957
72.13491
338.7143
151.4449
84.31403
278.1357
139.189
72.82155
150.4576
91.62034
86.85784
320.037
136.8386
73.65587
162.5914
119.7548
448.8095
227.8676
172.5673
184.6624
217.5629
193.0088
347.9298
83.99004
187.6975
361.1507
342.7373
289.8036
176.9462
132.2486
166.3121
314.9963
342.5819
122.6132
136.7838
312.4152
94.22351
127.5956
69.82798
91.98966
177.0446
115.038
137.7129
157.3186
266.2137
69.75461
151.3311
201.2151
192.8667
127.9197
152.7423
47.33904
73.57011
206.0373
607.3548
323.6227
165.7993
67.81685
159.3908
104.6209
862.489
1103.721
379.7527
241.7074
123.0817
294.2398
1405.555
169.8076
329.4346
363.3295
80.67074
267.0782
105.8805
180.7462
243.8548
117.456
424.8218
198.3979
37.58968
265.8069
136.5382
87.35687
279.3716
311.3153
238.0666
111.584
152.7573
79.12799
204.9158
87.35208
92.09538
185.6602
322.7465
123.8819
71.88189
195.8437
372.2787
214.8488
349.0996
75.46499
72.39634
82.90216
123.8542
95.81611
105.8538
188.6717
124.9172
76.47333
124.4459
222.7249
405.4271
215.0887
68.12728
56.50778
86.41612
95.84828
211.4683
120.4293
239.8711
109.0369
223.0615
124.0045
72.93707
97.72658
89.06923
132.8632
182.0817
269.2391
192.9369
120.235
112.5878
390.063
123.3916
98.13907
245.8905
298.1239
126.3672
79.7162
260.5539
209.6109
171.6458
1218.506
147.9936
62.03466
72.84056
62.95559
78.01066
390.2814
81.36804
114.5928
31.08766
73.59514
148.1838
172.5706
174.6722
137.3957
104.7675
176.3993
121.9664
140.6464
81.54713
134.8627
79.65803
192.4434
154.3926
73.28335
56.3039
58.41738
137.3777
65.22083
73.05891
150.2421
207.4646
149.9222
233.6901
94.00295
372.2436
83.17427
186.615
149.1405
182.3252
52.58355
136.899
245.9804
100.4311
131.3687
266.0754
177.3308
120.975
384.1097
114.4539
151.9998
103.0327
632.5689
71.33897
156.093
205.504
864.0973
193.034
353.8899
76.08769
79.37364
92.26098
170.3925
212.312
505.5
459.0418
118.0649
493.7976
127.5967
136.2089
102.3315
120.9674
187.8204
196.579
208.6327
131.9709
337.3043
98.44429
141.8992
162.4794
90.04254
502.5298
243.6525
556.4983
108.5305
339.3786
155.3992
416.6187
106.1374
103.1497
362.7272
205.1963
115.8754
142.29
429.6315
136.9241
521.239
371.6084
305.1784
174.8298
123.6716
94.39455
203.0325
182.5027
212.2194
225.5261
118.0581
98.57008
142.4074
98.27884
167.6709
431.7415
73.46742
105.5106
138.2502
194.5769
90.07603
276.4231
85.4379
131.4278
86.61221
81.93874
132.8254
166.1336
66.22314
69.56269
86.59512
130.8121
93.59336
130.5513
106.599
652.8261
129.9443
177.2074
246.7753
172.6349
194.0304
202.8779
360.1601
127.6933
114.3706
114.2169
136.6382
266.6282
181.1868
100.0714
258.8766
67.16503
107.168
71.91973
72.18226
141.4198
394.2545
228.299
183.7024
88.91275
234.2318
400.1635
112.3837
219.5206
302.7857
125.3546
100.9085
177.9831
102.3486
426.8594
174.5371
71.40004
172.4846
132.5631
89.798
194.6054
283.2283
251.9659
61.41532
131.9242
43.08508
113.9694
138.9238
152.4344
219.4474
174.3058
64.18462
248.6299
249.7719
58.79967
78.64336
70.82932
207.2013
203.788
94.49411
123.1168
261.2385
103.9058
82.54467
61.27865
126.9654
303.9851
93.85189
222.3247
67.80009
117.7166
289.3157
225.3026
347.2043
63.86829
134.6952
75.9756
59.54535
81.37368
125.0057
109.2973
102.3114
81.96082
225.3062
527.7232
59.14489
200.6607
78.0337
107.9941
81.56423
111.9755
102.7403
93.384
222.4447
138.5136
167.0441
233.0624
147.5128
104.5761
91.37812
65.46006
63.57997
131.1088
115.2095
240.1329
126.8112
183.2223
199.3611
343.3728
173.5369
117.2594
140.7851
308.5022
94.57999
210.0546
133.6828
434.542
79.02507
78.52501
243.4264
424.405
196.1794
887.8174
185.2912
482.8331
166.3661
187.8155
286.1549
85.0092
329.2582
112.2187
208.4277
128.1327
168.7569
56.5466
83.32223
134.7108
180.9247
121.7823
59.71028
124.0144
248.954
187.5108
89.94131
202.2363
80.54645
152.3175
118.507
206.5621
61.31944
61.09588
127.5941
172.4735
171.4977
253.6494
133.8653
344.1266
209.8809
79.4785
123.7988
169.5404
92.2109
1210.283
88.52499
94.27342
266.8193
160.7519
232.7423
149.4627
75.11528
140.8462
124.606
264.2243
113.2379
151.3068
425.1152
102.2359
268.0888
167.6166
249.1098
246.7649
246.7873
118.1391
120.3849
474.7906
387.7471
546.7316
392.7325
199.4866
1505.127
262.2676
369.6255
181.7242
117.3906
402.1561
219.2197
351.9013
522.7289
184.2131
304.6036
143.4746
407.176
1237.094
333.3468
898.3074
753.0903
325.1969
172.5662
398.7373
577.339
675.9609
1280.335
1787.384
539.0658
403.21
1100.129
159.0847
210.6545
700.7615
169.5371
490.5432
757.072
187.6692
469.786
351.3998
606.1349
564.9984
218.5274
