77.40123
95.99558
86.40641
95.1
92.8736
102.8081
96.01831
99.00777
93.78273
83.73942
95.29332
93.62008
92.8683
92.73095
84.97675
79.46685
82.5888
75.59617
91.53341
90.09196
95.61892
103.2571
87.8238
96.60726
93.43413
100.3167
109.4587
92.25437
86.07997
94.20251
94.92854
101.6901
114.1245
99.28042
113.5858
87.93378
91.6896
102.0738
103.7011
89.26306
94.49583
91.89821
83.95911
101.7013
117.6317
84.57758
87.45288
93.36771
87.7216
86.59746
94.39452
90.69504
115.0779
102.7908
98.56423
87.39064
89.09233
92.66284
98.42622
90.39633
98.2575
90.31633
96.28901
96.59271
105.9047
100.6126
89.64362
95.93064
98.0689
94.06479
104.8009
86.3092
91.96905
85.92828
104.3544
91.30246
112.2849
104.5225
82.53803
122.7107
90.07782
91.53819
78.87117
95.3373
88.05285
96.6658
98.58718
93.75466
90.72587
88.96775
99.63321
91.15179
100.5632
88.33526
101.9147
102.2818
97.02091
96.52347
102.8681
102.4153
97.16918
94.36328
87.01954
82.64756
84.39605
105.7647
89.30089
88.85435
104.6837
98.21135
105.5392
90.25587
89.8444
86.77652
99.23479
111.5309
102.3459
89.16713
80.51099
109.5597
81.97992
94.63173
96.68242
95.94234
91.38431
104.7381
110.0107
95.19668
95.63545
93.12575
98.59178
90.05683
87.41465
89.094
82.65333
93.56066
85.94224
89.75128
101.3477
102.0842
88.26173
96.58902
105.9993
100.0358
78.19265
88.32972
103.9354
100.0679
102.125
122.9747
89.46412
100.0562
97.12405
109.8375
108.1655
82.12868
90.77073
82.99563
83.68249
93.18886
101.7221
100.4126
90.49559
91.27098
87.02792
92.21483
82.43598
88.04082
69.70016
82.29438
84.10464
92.13938
91.98972
83.82361
97.47572
94.95016
100.4711
97.29075
94.21777
98.44607
93.3765
99.36138
80.4
94.56384
93.6007
95.59918
106.544
84.30041
101.0291
94.43095
106.4227
76.67681
97.31807
91.50385
102.5629
91.89566
91.9772
99.03708
111.5336
88.77693
97.63679
94.34276
96.51056
100.3689
90.21222
81.41935
101.923
90.75691
83.12678
86.32734
103.0391
90.84135
95.62575
99.90574
85.01124
79.16591
93.7565
90.42342
82.04562
94.35373
96.13009
81.24186
84.63649
95.01839
94.81594
96.21268
94.73232
87.764
91.9469
90.92754
90.81171
97.1334
97.77077
97.54485
93.2987
99.28
84.28788
98.67204
85.85508
91.97193
88.23255
88.56783
98.2167
103.6937
92.61105
98.02186
117.0928
97.06467
91.65752
88.72684
91.71583
93.95151
95.7619
94.31525
99.74372
92.29159
93.3554
104.9429
110.1783
102.4071
99.36622
109.9154
85.43931
85.96653
95.40576
91.06846
96.75024
111.5028
100.8691
90.98577
98.32666
91.7639
98.23615
89.2841
95.38758
90.45216
99.78393
90.72513
88.48481
94.13311
90.51111
100.6814
95.97479
101.6919
88.36816
93.76461
102.6006
98.08556
94.67953
98.87914
94.65653
81.22341
87.36708
99.82277
110.3046
93.3309
97.79372
100.8635
103.6893
90.5955
105.9833
95.52874
85.09781
78.69743
95.92843
84.74215
84.02806
94.07747
91.57812
86.31072
83.59397
96.8783
89.14207
79.14164
95.255
89.52726
92.78296
86.25239
98.58709
86.97368
99.57583
103.9109
121.3158
94.19218
79.55809
92.49384
86.27629
93.32272
99.50836
99.08376
101.1181
103.8779
88.2068
87.79758
95.53399
86.01895
100.8517
88.55288
96.94972
87.52627
90.87119
74.61087
79.85489
83.84178
83.10626
94.85778
100.9233
84.45683
128.2982
86.58957
86.09435
85.593
110.7103
94.30944
95.25134
81.96366
83.75336
87.55767
109.2259
114.9008
85.32711
95.45719
95.98455
100.3063
102.872
83.12264
88.77129
92.19133
88.12368
92.55391
97.57942
106.2741
99.7258
96.50951
87.4989
82.9747
107.1962
90.12329
90.48575
87.81507
103.6351
96.49678
104.6551
78.57996
110.8742
90.74797
113.0867
101.9195
96.86841
102.4436
90.9278
93.74492
112.7898
107.3529
110.8668
86.76121
95.78853
84.31886
88.32181
83.71344
99.08417
104.0837
101.8281
80.87521
88.23835
90.16366
95.91021
93.399
103.6801
92.56117
78.30631
90.54402
90.2207
90.91355
100.0418
105.0671
71.49073
97.76408
85.41121
98.68464
97.33256
91.18964
89.15352
95.57003
84.44161
79.06294
85.93597
85.37497
92.95206
108.1028
90.39248
100.7109
86.11661
93.22878
92.81324
83.36564
96.86286
96.47772
101.2896
80.37649
93.44544
106.9255
92.78794
96.68
111.1481
101.3872
91.37482
101.0016
92.43679
94.48949
113.5447
99.88731
88.48168
89.29816
92.02088
87.5926
105.173
103.6441
88.07457
100.8393
96.41771
92.96801
91.66288
83.2669
87.06751
98.12499
87.97292
110.0489
86.94227
104.6204
87.27424
91.34858
89.52838
90.6581
93.84509
102.4882
92.29253
89.14732
95.445
103.0803
95.99484
96.98702
89.5066
93.93461
104.8258
95.40194
89.22084
93.57085
103.5716
97.12954
90.32569
75.9176
105.4215
88.36087
99.13852
93.08049
80.82084
85.44401
97.0959
84.48448
