13.13347
8.512372
7.517855
7.641122
7.1479
8.378385
7.507292
7.124634
7.079554
6.569756
8.092999
8.20308
8.188514
7.890367
8.74807
8.04202
8.827057
9.899596
7.313539
6.364391
7.323988
7.035317
7.300682
7.555869
7.68348
7.969596
9.775079
7.959411
7.710451
8.577128
7.289662
7.166723
8.718687
6.666304
8.179386
7.776446
7.751416
7.373319
8.163892
6.995185
6.436884
7.72503
8.140966
8.135488
6.844993
7.430318
8.235596
8.099854
8.134103
6.237804
7.635456
7.454679
6.24174
6.084916
5.87511
6.039385
6.254165
7.073189
7.979085
9.963788
8.668589
9.510002
7.27528
7.458306
8.865788
8.614814
7.23056
7.22882
6.325409
6.574767
6.024323
8.019006
7.788109
7.21458
7.84863
7.815476
7.23247
7.337606
8.127354
6.471012
7.44928
7.62888
7.43749
6.376199
6.252078
6.858998
6.023593
8.33532
6.97952
7.023823
7.30421
7.020078
8.072257
7.899711
7.825481
7.394661
7.006351
6.298025
7.919111
6.08219
7.814959
7.520844
9.189053
7.533749
6.267253
8.244265
8.163951
8.962692
7.492626
7.330001
7.554137
7.891357
7.497669
7.550503
6.209459
7.152191
6.505308
7.389744
8.122219
7.565512
6.902826
7.645807
8.385259
7.268323
6.362859
7.520578
9.34079
6.823799
8.184689
6.997337
7.5335
9.041546
8.05139
7.101003
8.38784
7.233166
6.66774
6.030381
6.669227
7.080522
6.95869
8.16671
6.742961
7.183818
5.763594
7.511891
6.439558
8.046548
6.496654
6.816351
7.700101
7.648846
7.998205
6.796502
6.789934
7.916601
6.635007
7.357253
6.038101
5.669508
6.669883
7.439967
6.626212
6.829424
8.47087
8.094691
7.485447
7.504289
7.877459
7.219624
8.700837
6.895564
7.305184
6.754096
7.68446
6.047539
6.789168
7.91027
9.16443
7.651884
7.997714
8.772087
8.609847
8.001518
8.657716
7.487794
6.311314
7.999491
5.924298
6.583165
6.443744
8.213144
7.473491
6.174849
6.508733
7.506298
7.331163
7.380606
6.41599
8.136101
8.242028
8.883088
7.460816
6.668001
8.019313
7.636916
6.49337
6.349335
6.46913
6.966618
7.532321
7.850988
6.699379
7.493188
6.227282
7.446329
7.525396
8.395568
8.294186
8.105972
8.212796
7.071225
8.115529
6.511571
5.86089
7.923653
8.073795
6.504311
6.296109
9.469637
7.665974
8.22482
6.760961
6.674961
7.310886
7.236948
6.555554
5.897859
7.019806
6.157628
7.082437
6.845804
8.426381
8.313992
9.262974
8.035235
7.31504
8.076626
6.821446
5.993674
8.105237
7.322976
6.609163
6.915736
7.055687
7.213441
8.869887
8.376967
8.691484
8.380972
6.748072
6.50272
6.839835
6.865598
7.774139
5.404423
7.721148
7.035176
6.498779
6.994939
6.476629
6.372941
8.226391
7.539895
6.928829
7.751373
7.024722
6.250824
7.927108
7.154364
7.183344
7.460947
8.28867
7.475704
8.177841
7.413508
5.746529
7.151449
6.992969
6.579956
6.332274
6.984326
6.72249
7.240756
8.18013
7.542394
8.063768
6.699003
7.476838
7.49091
7.032789
7.434939
5.958656
7.655702
7.437697
5.956554
7.187305
7.102034
7.595518
6.317749
7.790608
6.909813
6.26685
7.155295
8.417413
8.389111
7.60127
7.048735
6.736146
8.467061
6.528922
7.825889
7.993612
6.939373
7.247424
8.388721
8.932724
8.106453
7.137136
6.271809
8.125742
8.80413
6.96854
7.303618
6.881799
7.104036
6.229644
7.479887
7.762887
7.034718
7.235684
6.199542
6.027454
6.178398
7.497012
6.45589
7.204537
6.690289
7.088998
7.339794
6.846918
7.465588
7.886133
6.887783
6.38964
7.4452
8.805205
7.968441
6.350761
7.586315
7.279294
8.145473
8.139814
7.797336
7.52351
9.440096
8.448247
8.914677
6.466233
7.214179
7.662464
6.833502
8.131442
7.242679
5.51351
7.153597
6.812687
5.792098
6.889933
8.262649
8.344888
6.819375
6.587285
6.468156
7.112676
7.828427
8.356816
8.625964
8.022369
6.85949
6.746816
7.670017
7.731291
8.484818
7.925844
7.477428
7.184196
6.628131
7.573499
7.075889
5.967458
5.965838
8.11005
8.044702
7.639413
8.181158
6.607231
6.910622
7.342422
6.447634
7.678153
6.36257
7.242963
7.930281
7.456549
6.821445
7.061714
7.851308
8.076187
7.768158
6.647584
6.41559
8.139025
7.383191
8.500212
7.844238
8.536164
9.45576
9.040109
6.589845
8.334353
7.898719
7.789726
7.435481
7.466716
7.852373
7.219034
6.531562
7.586631
6.43217
6.438142
6.370463
9.075837
8.817414
5.893032
7.001857
7.846661
6.268128
7.707805
7.92068
6.398159
7.094068
7.951433
7.42503
7.961954
6.506712
6.626334
6.894719
7.380267
7.190434
6.820387
6.996446
6.009872
7.139326
8.204047
7.34877
7.314099
6.576163
7.655569
9.205243
8.840863
8.050413
7.190906
7.297223
7.54184
5.565382
8.321595
7.839595
7.749223
7.614731
7.618048
6.47557
6.50559
7.301368
7.387369
6.241437
7.115356
7.781581
8.492791
6.70498
7.225474
7.323475
7.788338
6.792384
7.13058
7.551841
7.187191
6.053636
6.445953
7.475106
