7.382987
15.01427
28.67061
87.47486
405.1495
1034.705
3220.405
5743.316
13165.34
35415.57
35463.91
38241.07
32752.54
46023.24
33327.9
32743.14
43136.06
36281.44
46965.52
30678.34
42838.93
55659.04
30781.27
46443.96
41006.83
38264.56
39814.47
35216.58
45920.05
43062.67
36852.37
39614.64
36331.15
37584.8
35169.61
41283.97
48821.62
32571.52
35336.83
40296.49
34496.45
42316.42
37846.97
41595.3
36265.62
30824.81
33367.19
43503.75
37086.18
39043.68
35437.63
41918.11
37742.25
37460.04
39264.62
43523.35
45388.58
32699.65
29424.78
46120.08
38145.44
28364.08
32774.42
40696.58
42323.15
29427.93
39822.64
34580.38
47230.34
29422.34
42081.92
48957
39417.68
55864.3
36845.75
39352.04
48847.47
33538.58
49148.09
30545.91
38474.95
40713.73
37620.23
31279.31
33950.24
40798.12
37767.41
27956.83
28533.25
39711.61
34622.61
34750.51
44750.24
45265.39
36458.33
44780.45
41228.32
33589.76
41525.74
33892.55
49441.6
43248.53
49779.79
57934.01
52302.92
39609.58
33207.57
34196.66
37610.27
31755.65
33415.19
42768.92
37435.32
35579.68
30077.25
40540.36
36790.23
39472.09
36359.14
42983.81
43146.14
57088.97
42007.45
37185.05
48731.28
35019.96
49707.78
33891.04
41404.9
39120.86
29130.95
34915.19
41393.98
44595.99
39517.28
34849.35
41818.1
39245.97
36239.55
42462.26
42027.02
40822.34
36892.79
36131.61
41239.44
43489.51
47301.46
43516.46
40421.71
35338.64
47910.34
37587.98
45341.01
43042.38
35650.08
34680.46
40983.7
38405.72
37361.24
42583.72
48962.39
31973.97
45341.36
46195.51
29093.43
43114.79
41933.52
37025.63
32387.9
37420.39
36666.83
40319.13
37951.73
42111.06
32321.23
43406.31
39633.85
38871.18
42619.27
50943.78
43526.75
38525.71
39144.27
37322.64
50110.29
42657.6
39865.37
36536.2
44252.49
42512.69
33691.69
28008.19
35044.55
42159.57
30984.89
32270.07
43880.44
38211.99
37362.08
46721.32
48051.61
44612.33
50234.61
47983.56
39446.24
43510.39
36020.38
35899.03
33404.02
54139.78
36950.98
37952.66
47965.48
40375.96
36146.6
36222.96
30098.06
32110.87
37666.29
35921.51
44079.15
34037.98
27294.12
32381.52
43899.26
40484.68
41374.01
39562.55
47030.23
35584.79
46483.79
40289.46
37970.15
33455.34
39919.57
46036.66
39695.63
40270.14
32777.84
44263.21
39146.81
46215.41
41122.4
41076.31
29412.29
30443.36
37662.35
37080.82
29674.74
48607.22
38601.03
29230.14
39682.94
39054.71
36016.59
53069.17
43546.64
39402.98
37403.75
36352.03
46359.55
39388.62
39659.26
42311.94
40307.1
41428.99
37158.53
34124.74
39803.9
45549.43
34983.86
40426.04
41422.84
40672.86
49623.81
39840.56
30503.8
40927.55
43683.66
38837.02
41972.89
34317.22
43549.02
55007.47
50439.17
38135.97
34419.47
35518.62
43614.93
40535.83
33183.54
48268.03
35747.15
43761.82
37797.84
42523.66
53191.63
44502.25
41452.03
38292.2
42167.72
46383.66
32747.97
27136.12
36760.19
45763.65
41054.97
35313.78
31885.4
37863.03
41522.88
39856.12
43699.93
43442.78
43798.9
45336.42
37004.85
39835.18
39956.12
41476.85
46931.92
50361.75
34264.76
38473.68
36732.57
30106.49
43957.22
35742.55
31137.35
37961.86
32766.94
44368.68
46083.9
40172.73
32626.44
36219.13
40354.7
42002.98
41744.41
36694.83
40634.81
31521.61
37427.71
32163.15
47710.96
40479.66
37832.86
41861.85
35777.71
37091.39
39954.93
32023.9
37448.03
36721.48
31594.94
41975.84
39372.33
44793.7
42013.72
46737.08
35372.7
43007.2
29283.42
32524.54
37698.91
30595.02
49322.2
40794.29
51272.29
41044.57
32767.2
47288.2
35277.7
35667.33
35320.42
42428.16
42240.64
35025.37
43955.06
29923.77
39301.42
44977.66
46669.62
40435.63
38937.4
33573.49
35952.83
47221.46
44709.52
50348.09
33730.75
37645.41
38123.25
43321.57
38484.3
33654.21
43320.12
37745.8
35339.91
42951.56
43396.83
42647.63
37413.62
40709.51
42947.4
41444.92
38379.51
42609.9
43158.43
37648.19
38736.96
32893.49
35704.29
32895.93
33649.22
41456.3
36603.3
34263.24
41947.94
43906.01
34932.6
42312.72
47264.35
42009.03
38475.4
36012.64
35118.26
42364.03
39228.12
39273.31
39569.13
45447.64
37149.61
31895.99
38657.98
44755.17
34426.64
45279.96
45061.35
41466.93
47794.25
42524.44
46255.24
35117.61
39932.21
42253.05
34469.1
42826.15
34198.74
34577.64
31862.29
34771.55
32626.41
42743.7
45450.43
36369.65
50195.02
38425.08
36919.53
32998.31
41050.38
42614.05
35719.53
43780.32
39182.66
52840.03
27685.83
40287.1
33156.86
35302.42
40291.94
41304.11
28725.02
55927.11
36014.85
37091.85
30533.32
31407.75
42600.3
40078.3
53859.43
34193.24
34638.07
36137.42
34815.12
48051.68
47574.15
43609.01
39209.52
47987.47
57232.42
40369.88
46984.17
31410.66
36845.78
34450.97
38495.6
34865.35
51955.75
32265.4
