354.6963
920.4884
2128.742
2349.565
2105.679
2328.298
2433.163
1738.591
1604.983
2458.898
2883.645
1928.087
2275.024
2145.55
1695.804
2707.762
2201.334
1757.755
1508.613
1219.143
983.9947
1059.91
1207.973
1536.283
1206.875
1530.758
1818.774
2017.714
2320.181
2284.272
1616.563
1773.589
1947.008
2512.316
1822.282
2111.884
2237.426
2125.025
3260.054
2286.105
2260.072
2774.603
1356.704
1307.83
1610.402
2203.885
1812.041
1863.801
2814.343
2457.118
2127.609
2246.765
2571.117
2817.954
2166.762
2290.225
1960.202
1535.943
1616.367
2114.574
1827.992
1735.454
1162.403
1337.969
1268.073
1472.575
1135.856
1403.935
2188.606
2201.073
1885.968
1915.868
2212.683
2381.067
1775.796
2047.835
2191.903
1524.859
1326.028
1333.191
1472.425
1651.139
1717.83
1535.066
1567.609
850.7595
941.6246
1025.58
1308.848
1486.345
1920.859
2600.187
2146.981
2557.233
2397.423
1914.35
1579.174
2395.14
2354.584
1953.999
1432.058
1976.926
1137.707
1018.221
2362.797
2388.501
1969.912
1429.096
2252.829
1582.365
1846.99
1697.346
2333.284
1945.993
2387.689
1668.69
1752.446
1712.889
1038.358
872.149
1110.395
900.4201
966.1729
955.7639
1915.416
1418.042
1335.07
909.4323
692.8932
539.907
998.1537
1219.477
829.5184
749.3074
854.3025
715.2846
765.6437
1409.372
1647.349
2785.309
2536.96
2495.897
3190.351
1358.364
1334.448
1426.277
1559.975
1587.981
1565.841
1437.328
1127.861
1390.121
1442.428
1160.587
1773.768
1889.503
1744.939
1610.001
1764.747
2375.249
1843.398
1679.489
1524.542
1506.058
1943.602
2405.478
2190.621
1216.792
976.5485
1199.609
1252.44
1304.588
1368.503
1783.887
1583.832
1713.98
2201.394
2094.219
1718.005
1798.574
1845.158
2514.936
2129.365
2358.949
1933.101
1964.444
2273.887
1981.856
2242.114
2158.468
2759.5
3463.024
2381.394
2483.122
1688.469
1142.059
1081.335
1160.68
1709.481
1597.314
2538.438
2235.706
2370.036
2228.876
1901.742
1178.347
1026.143
1350.43
1804.891
1840.299
1457.378
2006.003
1388.485
1504.58
1800.196
1572.74
1751.348
2096.276
1279.682
991.1452
1157.223
1526.113
1828.099
2141.95
1869.918
1567.997
1499.14
1916.774
1978.434
1476.294
2094.514
2738.392
3123.346
3411.615
2470.311
1985.019
1724.423
2049.563
1375.101
1516.036
1631.652
1222.187
1544.306
927.0039
852.6273
928.6698
1424.954
1372.002
1810.368
1991.161
1811.994
1621.87
1561.021
1165.093
1250.555
1022.797
1468.896
1913.127
1262.743
1387.532
2285.378
1982.261
2426.07
2840.468
1954.269
1604.997
1640.346
1289.561
1188.972
1719.625
1302.858
1205.697
1674.334
1872.909
2250.667
2633.263
1788.607
1351.538
1608.458
1788.269
1439.809
1174.228
1655.857
2186.19
1949.074
1701.608
1510.61
1116.319
2529.837
2350.503
2513.742
1748.114
1369.351
857.6883
1025.692
1532.039
1958.129
2300.513
3042.728
2546.576
1778.157
1222.693
1486.413
1886.011
1679.899
1482.223
1762.613
1729.488
2512.045
2398.638
1850.22
2030.225
2225.103
2106.248
2221.023
2268.795
2990.985
2220.91
1831.934
2117.881
2261.566
1413.553
1776.04
2106.628
2459.111
2127.546
1702.538
2099.172
2106.606
2290.947
1965.785
1776.051
1219.784
1269.612
1349.575
1294.266
1700.358
1463.259
1517.03
1946.131
1658.173
2077.874
1852.253
1917.813
1992.459
1476.797
962.3643
961.99
928.6798
1078.506
1324.965
1549.751
1996.891
2122.284
2045.342
1544.288
1703.653
2319.697
2378.906
2370.808
2004.873
1792.16
856.1655
807.9715
1120.166
1163.638
1762.572
2356.382
1680.92
1232.654
1308.833
1196.763
1439.011
1183.209
1574.813
2514.415
2036.971
1482.541
1322.276
1332.428
1628.346
1468.566
1338.185
2473.095
2189.73
2447.214
2860.531
3190.982
3438.42
1924.58
2276.282
1673.275
1670.617
1616.476
1657.907
1606.31
1922.369
1602.078
1325.32
1381.832
1494.547
1239.816
756.0138
893.2608
792.849
852.7327
947.2539
934.6787
1373.622
1794.351
1376.245
1930.664
1076.331
1907.515
1477.519
2379.918
2308.615
2233.429
2111.128
2080.124
2527.745
3015.337
2573.656
2388.061
2530.489
1918.617
2460.069
2376.678
2022.937
1526.627
1491.782
2000.938
1954.029
1531.69
2034.98
1512.228
1248.588
2504.864
2953.407
3367.5
1892.204
1908.201
2763.374
3101.878
2044.654
2118.11
2879.406
2584.88
2437.573
2723.298
2018.597
2080.742
1796.253
2636.156
2363.602
2444.115
1890.855
1947.722
2245.558
1917.938
1702.237
2337.33
2541.393
2986.244
1948.346
1643.75
1297.325
1582.909
1268.902
1077.719
1349.164
1026.764
1053.926
1001.011
1291.641
1204.686
1397.349
1779.017
2103.913
2151.107
2019.86
1819.117
1615.467
2295.415
2331.424
2231.356
2784.143
3195.541
1928.619
1497.182
1504.021
1693.618
2198.389
2289.587
2828.65
2134.536
1429.792
1840.931
1896.645
1698.122
