82.38027
79.4158
78.59359
78.22876
78.266
76.65477
76.92144
77.60813
76.76158
76.20531
78.03939
78.72013
77.15176
77.29498
78.19556
76.54016
77.54535
77.54874
79.37516
79.18337
77.76415
77.65325
78.59577
79.21492
78.44044
78.46831
78.6181
76.70654
75.84982
76.35468
75.90731
74.88065
73.30927
73.41926
75.13798
75.82914
75.48339
75.87158
74.12341
73.61918
75.49797
75.22246
75.79385
75.65419
75.25979
76.61966
75.01783
76.73138
76.0364
75.86117
76.02847
75.72881
76.00648
75.19171
75.60876
77.15249
76.05981
76.33129
76.8251
76.76028
76.09071
76.87531
78.06297
77.86934
78.64771
79.31395
78.56906
78.41264
78.58923
77.74122
76.90163
77.46478
77.68293
78.09431
80.48148
80.83884
81.48966
80.10208
80.2063
80.92307
81.69525
84.7241
84.96718
84.39439
84.30378
85.15394
85.87631
82.90807
84.18195
83.63936
83.86761
84.14272
84.85569
86.75016
88.5486
88.10608
86.5416
84.96834
87.51794
88.72457
88.35856
87.35731
86.58623
84.63299
82.48335
84.28881
82.49304
84.60438
84.17212
84.5902
85.16255
87.00047
86.49639
86.06345
84.58323
83.96158
83.77245
85.21223
85.73459
85.91748
85.44506
85.76954
85.99885
84.60723
82.84966
83.24681
82.16512
81.92408
81.18975
81.44773
81.99593
83.25296
83.37055
83.01517
82.6484
82.65958
84.25582
85.42405
85.49847
86.6957
87.0238
86.80192
86.32449
85.7931
86.87028
85.92931
83.96114
84.14134
84.61988
86.15629
85.47594
84.71578
85.65011
84.46591
83.23604
82.73072
83.72694
82.37792
82.65193
82.61668
84.54777
84.07596
83.9767
84.53325
85.02945
84.47578
85.44532
84.40685
83.10221
81.30671
80.82006
80.60454
80.91891
79.67909
82.40424
81.67326
83.49107
83.18606
82.85387
82.27239
81.04809
79.64566
79.81756
77.18405
75.32107
74.22847
74.13183
73.69834
73.05678
71.16046
70.17055
71.09514
71.15251
70.95219
70.96702
70.59239
70.62146
68.09575
67.91151
66.87608
67.21275
66.69018
66.75805
66.78522
68.26864
69.9574
70.37931
72.0821
73.33278
73.74989
73.55422
73.73738
74.99908
74.91878
75.76341
75.11251
75.94139
76.77551
76.38272
76.60472
75.29659
75.29282
75.39097
76.17644
76.53744
78.08945
78.51336
78.59939
79.83507
80.38991
80.99064
79.91476
80.39139
83.24857
82.23006
82.45052
83.57967
83.53265
84.35562
85.62722
85.15782
83.81942
82.77321
83.67909
85.45233
84.26165
85.18981
84.18297
84.73611
83.21968
84.19821
85.73633
86.84173
87.85676
86.96436
87.29192
88.21229
88.65073
89.21615
89.28255
86.46649
85.75758
85.73447
84.88983
83.26347
84.16626
82.64507
83.07426
82.32354
83.82838
83.3947
82.18088
84.47006
84.72958
83.68362
84.30363
83.52792
83.43055
81.80314
83.35723
82.64156
82.50032
82.77858
83.40421
84.38241
82.78671
81.16412
79.22828
78.60568
78.2875
78.85769
78.25268
77.8082
78.31576
77.93312
77.39611
78.17954
77.73997
78.49471
78.60977
78.57246
79.61331
78.68531
77.95319
77.89585
77.72722
78.89592
78.47913
78.93573
79.61964
79.93943
79.95164
79.77873
79.51778
79.92417
81.02588
82.00972
81.52782
82.03298
82.48045
82.97494
81.68113
81.79895
81.3603
80.52342
80.62437
81.74569
80.11765
79.73253
80.31798
81.77275
82.31524
83.96515
85.82674
85.89198
84.69055
83.97486
85.02117
83.10479
84.52257
83.9127
83.87296
84.23316
83.70633
83.19408
82.76979
82.96602
83.33797
82.26216
82.08097
82.60072
81.65717
82.54161
81.87492
82.27667
82.71054
82.43661
82.12327
81.93573
81.23135
80.78026
78.93637
79.93452
78.89874
79.91353
79.77802
79.90841
80.82344
81.45651
80.27094
80.15402
80.81439
80.6335
79.69895
80.2345
80.07423
79.28945
81.06103
82.1676
81.52313
83.419
82.33477
82.85452
81.98555
82.31301
83.00293
82.92254
83.00386
83.82131
82.22369
81.17581
81.40026
81.352
81.49651
80.62256
80.84327
80.64966
80.6678
79.64182
80.55666
80.40927
78.62255
78.22529
78.62132
78.75328
78.03983
78.23257
77.55369
77.41055
77.86593
79.24858
77.99593
79.57444
79.5659
79.11882
78.89868
79.61566
80.94749
80.08953
79.71074
80.09886
79.18783
77.26982
75.212
74.35881
73.23346
74.86448
76.42153
76.12148
76.42516
76.25174
75.54141
77.38874
78.37611
77.56781
78.54655
80.76428
79.96225
80.08885
80.36869
80.18155
79.1553
79.2281
78.84677
80.66406
80.25901
80.50832
82.79477
83.61058
83.98228
85.43902
85.89624
86.12055
86.79357
86.80731
88.49182
89.36123
90.18436
89.99918
89.36003
90.40426
90.41598
92.41123
94.59593
94.98587
94.88458
93.81831
95.70028
94.99606
93.94906
92.91657
92.71642
91.60381
91.2948
91.60434
91.30966
91.903
91.84382
91.26352
93.03057
91.9067
93.41705
92.91033
94.43991
95.05432
96.82375
97.14018
96.24145
96.28427
95.94266
97.64329
97.58881
98.46116
97.70709
98.54346
99.54568
99.41736
98.4852
98.23618
97.2996
