117.449
117.2836
102.9008
68.19198
13.96769
13.27972
14.62475
13.86066
12.53605
11.82745
13.04159
11.69119
13.03409
11.56441
12.06986
12.73251
11.94815
13.7367
12.17475
12.14455
12.84437
13.77636
12.86935
12.39566
12.09898
12.98726
12.09526
14.31442
13.68031
13.96442
13.3846
12.07547
14.62213
13.91759
13.16515
14.01856
12.8249
14.09107
13.30806
10.98094
12.38571
14.0367
13.838
13.59267
13.74967
11.47198
13.9789
13.55083
13.71111
13.60125
11.39344
13.35215
12.4854
13.88854
13.52134
13.94152
12.89098
13.84646
12.37037
12.93218
12.7698
12.93675
15.10882
11.66035
12.39176
13.13899
13.53897
13.131
12.5979
12.1082
13.45168
13.37618
12.96333
12.38286
13.18504
13.02548
12.99122
14.01116
13.58533
12.77256
12.87021
12.17874
14.39367
12.64987
12.70252
12.95679
13.61301
13.64545
13.38734
12.42481
12.92899
12.53564
12.92558
12.45742
12.028
11.87666
11.82097
11.09415
12.50028
12.649
14.77345
12.41858
12.66423
13.37923
12.53069
12.74529
12.02004
11.54183
12.36382
10.32316
10.9941
12.45661
13.37515
11.78774
12.16852
13.1072
12.0777
12.458
12.84324
12.65726
12.19528
11.1204
12.75271
12.69133
11.90118
11.57653
11.9443
12.6124
12.98101
13.48884
13.53179
13.06779
12.47911
11.7888
13.43903
12.7707
12.50006
13.14763
10.9191
14.40206
11.77912
12.393
12.35157
12.68283
12.29611
12.92437
11.4974
11.60509
13.03819
12.83631
11.54802
12.68169
13.00271
12.81704
12.65608
12.00792
12.31845
12.4458
13.03807
12.36529
11.20183
13.30438
13.5038
12.19453
12.92869
12.16622
14.33497
12.33808
13.44961
12.73494
12.14212
12.67981
12.61302
13.97027
12.28139
13.84195
14.00744
12.70872
14.6367
13.71891
12.55604
14.39553
12.13074
14.08629
14.06402
13.34568
12.56228
12.4111
12.37306
11.9033
12.95658
13.79553
13.97271
12.79583
13.2684
12.7723
12.31833
12.66913
12.69427
12.27465
12.64719
13.61166
13.90614
11.59057
14.22764
13.5982
13.51004
12.49483
12.37387
12.34443
11.93728
11.79926
12.39643
12.70418
12.54121
12.20024
12.92706
13.28919
12.49977
12.62825
13.19607
13.67379
13.9988
13.24266
13.97816
14.67036
12.44758
13.16652
11.98854
12.81904
12.99667
14.3835
13.93291
12.47073
12.6242
12.51462
15.28102
13.37792
12.81465
12.85935
13.84778
12.41336
12.63977
12.71914
14.07113
13.60722
13.09076
13.54264
13.44403
13.1208
13.54918
13.30752
13.60584
12.93078
13.92488
13.44399
12.84568
12.60821
13.02672
12.24137
13.63616
11.86792
13.28708
12.80161
12.6166
12.29896
12.4865
11.48167
12.24441
12.01689
14.01679
12.3652
13.01416
11.19753
12.1536
12.79224
12.28777
12.29444
13.13569
13.42522
12.75933
12.8077
12.67465
12.79659
12.50389
11.81388
13.09935
13.51124
11.46444
12.96873
12.27941
11.33062
12.57018
13.18641
12.7727
12.17193
12.29376
13.16478
11.54664
12.61661
11.84033
11.37442
13.22642
11.74428
12.7724
13.09267
13.37325
11.68399
13.16617
12.65633
12.15987
12.29219
13.83112
13.50131
12.33003
12.10653
13.06215
13.17693
11.27605
11.48555
12.84255
12.19157
12.39025
11.36447
13.2263
12.13664
13.55124
13.39964
12.57814
13.56851
11.89725
12.27003
13.01986
12.87575
13.89855
12.63961
11.1973
12.48579
12.53371
12.26501
12.83995
12.13341
11.85958
13.01971
12.9129
12.25627
13.24584
12.7937
12.267
11.87002
11.1327
11.80894
12.69898
12.09084
12.31547
13.11434
13.23829
12.14343
13.65407
12.351
13.32563
11.63379
12.73653
12.50342
11.75086
13.0758
12.05286
12.45789
12.57015
11.70548
12.44652
12.09209
12.38202
13.52403
11.75724
13.29174
13.07731
12.93151
11.60441
13.36297
11.62027
12.83223
13.03015
11.83228
11.85219
12.04844
12.75324
12.16676
13.36771
13.61783
11.40766
11.75767
11.66291
13.41983
12.47372
13.095
12.14545
11.64395
11.6756
11.10082
11.5501
12.65329
12.54399
12.71552
12.14953
11.17349
11.85399
13.93294
11.29874
12.42522
12.30635
11.65743
12.39494
12.66836
11.18238
12.25349
11.85521
12.03793
11.66292
12.26481
13.81672
11.74278
13.47361
12.72997
12.40781
12.98429
11.42705
13.17042
12.05659
13.93652
14.66433
13.30038
13.73095
12.46866
11.96246
12.55398
12.37788
12.96603
12.87197
13.51707
12.95126
13.05031
13.56907
13.29311
14.13968
12.73959
12.99641
13.00114
11.84746
13.08695
12.92771
12.56661
13.41273
12.11923
12.55924
12.3649
11.02131
12.76796
11.83021
12.57521
11.8083
12.72877
12.11066
13.44486
12.29591
13.19242
13.25185
12.26902
14.91037
12.01885
14.26513
12.00097
13.18766
12.38132
13.61679
13.85073
12.73269
13.55736
13.38745
11.82354
12.14678
12.51132
12.20627
12.59675
12.8013
13.03909
11.74806
12.41799
12.26893
13.03328
12.26373
12.43714
11.7813
11.42081
13.90607
12.41986
13.11339
12.28509
13.92573
12.94335
