48.2865
39.46313
26.02129
26.7693
27.18311
23.57286
31.67655
35.53979
20.69801
25.82581
20.79564
24.49042
20.05347
22.02622
22.25264
19.43491
14.45714
18.88709
23.22702
18.70981
14.73857
23.31437
23.13268
21.60417
26.96842
38.87696
37.58543
34.90363
28.30048
20.38257
15.4944
11.1209
16.51124
24.0635
21.95522
21.54724
15.48914
23.13058
17.86432
20.2516
24.83166
24.20518
28.48599
28.74073
31.56376
33.42167
28.2753
20.41822
19.79465
24.76189
28.71099
18.24931
21.28963
16.50507
15.73643
21.76237
18.61152
22.29054
25.09875
24.47202
22.83571
22.23151
32.74262
33.22309
30.7974
23.80804
19.84996
18.43084
26.76994
32.56892
31.82632
30.99794
26.09167
32.32614
28.52573
24.6241
21.70163
30.00882
22.10502
27.55463
32.89283
26.59352
21.75765
20.39857
18.84522
19.44492
24.35234
21.09536
27.99033
24.18543
23.12245
28.67065
20.79226
19.15992
24.5119
19.78579
20.47895
16.23495
15.65417
21.22971
16.57522
18.63146
21.19617
23.33907
17.99241
28.15096
18.3269
19.79992
27.06181
18.98352
18.02505
18.12923
19.9001
21.67767
33.04218
31.90387
28.14718
16.24282
23.94869
28.22564
25.93812
30.89919
32.75478
24.66936
18.33998
28.64178
24.77911
22.74413
22.94553
32.42731
23.74711
20.32515
28.06765
22.98327
25.49221
23.16164
26.7965
27.77275
30.38992
27.8328
32.37685
20.41433
21.94289
19.84121
15.97534
14.43733
17.70427
24.81042
32.58761
37.89169
27.62514
31.97129
27.19441
28.7826
22.85166
20.48973
28.30617
22.78909
23.44826
28.95099
26.91322
35.17603
37.82983
43.57761
35.25283
29.88162
27.15883
24.69645
21.25104
19.40509
16.9886
14.54225
14.18978
24.99942
20.6118
16.91731
17.06986
27.9872
33.26856
22.65614
28.62354
24.59458
27.96094
31.06599
19.04935
27.924
29.83434
33.91908
30.20248
43.67219
37.32451
29.72269
34.35404
23.03315
25.12529
32.19066
35.37459
31.61994
31.227
24.47816
18.70155
24.53785
25.81054
23.07088
34.19819
37.31268
26.39181
26.11022
33.14099
26.98543
23.68524
24.15962
28.46997
31.8982
17.32114
18.69913
19.18114
18.98719
31.9052
28.8646
26.85795
45.05765
32.35568
32.55389
32.13165
38.90029
28.72383
25.53804
18.93111
16.53564
17.77954
21.55586
21.60055
28.82416
34.82152
44.09699
50.5436
32.09248
46.14858
59.12535
46.82624
55.348
52.98549
36.35176
42.65734
26.71611
28.0171
22.54876
24.5107
33.72673
30.6482
33.26665
40.53602
48.53139
63.46162
58.49324
38.67412
47.57995
37.13916
34.4711
22.10923
23.40383
30.46828
33.70384
36.3616
32.4425
49.47665
49.81946
36.96823
41.84662
39.81765
40.95586
41.10523
36.63335
41.31864
44.69101
36.0332
23.60518
26.29447
25.86119
26.52107
30.08022
30.87193
35.94727
38.98063
39.72431
34.66455
31.79372
30.47055
31.76745
26.72747
30.03536
25.22928
29.80805
32.20084
45.92791
31.93399
26.59031
20.97324
19.20122
32.31109
32.99182
32.43015
28.47097
21.81128
22.52575
20.89797
35.76167
34.06944
39.2463
26.00959
24.46262
15.92165
17.44566
12.35155
19.4733
15.65369
19.86724
25.26484
20.13291
22.49175
15.88548
19.7194
21.36914
25.11951
48.13554
44.95149
33.06712
29.63243
30.17993
29.04569
37.98743
31.87471
35.65956
27.44746
27.48642
28.0097
20.77331
22.2537
20.18844
23.12881
26.38227
28.21867
27.28118
18.91077
21.37948
21.04122
25.11594
22.86081
23.36519
27.35506
22.45382
24.9154
43.76896
44.66723
38.13667
31.28071
35.5017
33.70618
25.54839
22.98184
20.88373
25.46399
25.03176
22.02786
22.55705
18.50674
15.46365
17.62733
21.23892
25.38217
33.97197
29.78901
22.43046
23.73257
35.91758
27.73839
19.31468
26.65932
20.5982
30.24682
32.34499
32.28434
28.13235
33.12809
45.28957
30.40397
28.39117
24.8016
35.19538
32.15346
23.75658
23.24258
26.13672
20.60663
20.95744
18.88036
16.33225
18.85295
22.06696
16.45675
17.36401
18.94947
18.81309
21.40846
19.80231
15.10302
13.53261
12.76307
12.22247
19.95966
19.00344
18.11812
15.27114
16.8506
13.96546
18.54378
24.98722
28.06602
12.11323
14.26843
16.2106
16.49053
16.13957
18.54657
18.27571
17.93113
14.83271
18.96934
14.82446
13.27273
19.10544
24.89004
21.58589
36.63787
26.2285
30.24925
35.74398
33.60606
27.20741
29.45445
30.55867
26.3148
36.56503
40.27625
47.4317
28.75991
29.02786
31.66713
31.96203
24.88876
31.7281
27.57201
26.27477
23.44262
18.32894
21.52603
19.86752
18.10127
20.23885
19.87367
28.01642
28.0863
42.95603
24.75214
28.15559
30.46998
35.91232
35.56623
39.55843
40.98824
43.06261
34.62748
29.96499
37.01198
47.27961
47.06689
38.53699
32.80714
31.24485
32.82239
35.09728
38.95631
30.16073
32.70706
25.53717
32.63544
32.94397
27.14146
42.67874
35.27062
29.56044
35.3635
22.51625
33.89469
34.4813
20.60098
22.34477
25.13204
24.78902
