150.6786
149.8495
145.6287
154.9209
138.2393
156.5555
155.013
156.4744
159.8072
156.0988
147.9178
147.0545
156.5891
160.3465
165.2104
157.0496
149.7325
152.0128
160.5781
149.6205
149.512
159.2697
147.461
148.5626
153.475
142.966
149.8703
161.5145
154.5494
153.2842
150.7201
153.7593
150.7336
146.6877
161.3154
151.498
151.3061
152.5296
156.382
147.1438
154.1669
152.671
150.7153
148.0062
154.287
158.8722
157.7261
169.8003
154.8036
139.6422
147.7844
154.1614
145.3306
159.6274
156.109
157.4615
150.313
138.4219
163.1435
158.253
154.4122
158.3388
143.2457
144.6303
143.5822
152.2095
158.2886
146.9919
161.4399
145.6579
143.6189
159.9378
145.5485
155.408
140.2914
156.9831
153.3434
149.9396
173.2226
154.9344
152.8594
150.9482
160.0073
148.3866
154.5732
176.6887
155.2724
168.8642
148.3296
156.9674
142.1047
164.2183
157.5253
156.7142
157.3134
160.0693
168.2513
159.2125
142.815
145.4603
152.8327
156.2883
160.3237
151.5654
152.8606
153.5836
161.763
162.1621
153.1316
164.2062
159.9441
136.7079
152.0029
152.3352
159.0141
149.7467
144.2484
143.5742
147.0148
153.3567
152.0625
158.4727
153.7314
144.1766
152.5775
148.7883
157.6588
138.1454
145.3278
144.4054
146.7115
145.5538
162.3081
156.5109
171.6312
150.3728
151.5563
159.4328
153.8656
162.7876
147.8888
158.4265
159.5278
154.5598
153.5672
142.0465
154.906
162.4254
142.1668
154.4903
148.5618
156.1271
147.8179
155.285
147.5547
155.7507
164.2336
147.8432
141.2736
161.846
165.6884
155.8824
142.9603
156.676
138.5563
168.7797
150.6354
144.8299
139.6566
144.0615
146.6493
159.2164
153.4911
154.1055
161.813
164.2287
168.4852
149.5589
156.9428
161.6498
161.0957
149.0656
151.2841
165.3977
160.7901
152.7095
144.9824
153.5802
158.0316
137.0203
164.1026
156.9523
147.8235
157.9428
162.716
167.5749
136.9957
155.8858
151.4791
157.2931
143.5613
142.8575
144.5389
144.4372
160.6071
155.7952
144.215
156.8547
155.4652
144.6998
135.1709
159.0466
149.3066
161.9613
148.1123
152.1743
155.0736
150.6822
152.9526
153.294
142.3263
155.4516
138.3518
167.0792
160.3756
153.3605
152.3467
140.1121
152.4353
159.09
155.7221
151.8303
159.4464
148.7785
142.203
146.1524
153.0336
145.3888
157.7131
159.8415
150.0935
155.9843
163.936
166.2837
160.0855
158.1685
152.3483
150.0367
163.7528
162.6154
159.8842
142.7339
148.5557
152.6577
146.0056
147.0725
148.0047
157.0604
147.3447
155.3308
166.2327
145.7241
146.5075
145.2061
146.3238
153.5467
151.2571
151.0193
156.3053
141.8987
148.8774
152.7845
147.1418
144.8661
154.2726
159.9711
152.5766
158.3078
154.401
156.775
144.0931
145.7991
139.7886
150.4471
156.7718
160.3129
141.748
186.1603
159.9939
153.9077
178.5759
167.4107
145.0171
158.4827
164.9565
151.7783
163.0253
137.1839
156.747
155.3404
151.7902
146.7047
155.7948
160.5607
156.7831
151.8478
145.4704
146.4161
138.563
156.5545
153.4043
153.6958
150.8053
144.3186
150.0579
149.1392
154.2692
152.2865
150.7296
157.6821
158.8408
159.5006
153.4039
145.9057
149.8126
154.4541
156.9482
146.2636
150.002
154.7065
145.0848
145.9212
152.5165
156.5764
162.5219
149.0166
148.4584
156.2211
146.2921
151.5024
153.9086
140.8395
147.6819
138.1926
149.1354
148.9376
156.7747
166.9492
169.3403
157.2483
154.8796
149.4167
147.842
143.4696
155.4826
139.1519
156.6371
152.5969
160.4386
182.5547
140.0238
168.9574
166.3357
153.276
148.9432
154.5121
149.377
154.3071
135.7159
143.2798
162.8516
138.6596
144.8407
169.7004
140.3113
152.0873
146.3276
161.6402
141.1066
146.5141
152.1998
159.3433
140.5487
149.5703
154.21
156.0911
148.524
160.7947
138.5161
148.6978
147.3715
141.213
154.8038
150.7915
155.0574
157.6861
170.5529
145.8082
154.3135
160.8545
165.9279
150.7626
148.8576
160.0095
148.6279
161.6538
147.4283
165.2498
150.9002
146.6897
168.3674
160.8365
148.2101
143.4816
142.3578
157.0546
146.059
150.3961
147.8011
150.0489
157.4931
154.2725
147.3618
150.9021
162.3413
151.095
148.7012
163.5553
149.3293
141.2682
153.6948
155.2022
147.776
159.8003
156.4281
143.0265
147.5211
152.6441
158.8287
155.362
144.4232
148.888
159.7608
161.6566
145.7276
152.8719
154.5666
147.59
134.2259
161.5707
147.1045
153.4533
150.3655
152.9164
151.4385
158.948
155.5976
148.0324
158.1338
149.5174
144.7045
146.2895
146.7324
147.0779
151.1133
134.6677
124.8357
154.4716
165.5994
159.1813
160.3389
154.085
155.4661
156.9368
163.5866
161.8994
158.6401
151.9737
149.4081
154.2258
144.1695
153.7354
149.0569
154.552
162.1796
161.5725
150.8133
172.8475
162.7297
152.8014
150.7437
169.4797
151.5634
145.398
155.1456
157.5712
146.4868
161.297
137.6517
150.6231
