205.8173
215.181
194.686
199.9261
224.5847
202.2522
203.0003
201.856
198.1885
210.9121
195.8877
210.2629
209.8207
200.248
210.1252
196.2722
198.2269
198.645
191.35
192.2986
189.4136
193.6691
220.6057
197.2318
198.8945
202.9403
193.0888
220.0657
210.5559
188.7356
184.4486
173.3633
159.5428
155.5531
147.3908
149.1679
153.9604
136.7673
156.4809
157.5225
143.0331
139.1602
152.5346
144.3041
150.9696
156.0309
162.1052
153.7429
146.0551
147.9932
140.6349
147.6827
154.0105
151.6761
153.5347
158.5193
164.0094
150.7958
140.2745
153.857
147.7474
146.6936
138.2027
159.1166
157.8991
158.0082
148.3688
150.6477
147.9279
138.3169
150.3082
137.7306
153.1424
148.9616
152.7586
163.0788
144.643
172.1223
157.9948
147.5264
153.4243
146.1243
151.1149
156.8774
144.7369
143.1983
147.6157
140.8417
157.4844
143.6458
148.6107
167.0976
138.088
153.8632
143.4559
151.2355
140.5197
143.383
144.6676
146.9526
140.9697
143.6927
163.2385
148.0931
159.9949
164.9902
144.358
151.1552
157.8488
145.1516
150.2852
140.5956
143.828
144.8345
159.2546
148.644
157.9458
143.4132
143.4416
155.7187
152.997
149.8873
138.7971
143.4781
145.3388
149.2023
141.8158
152.8798
137.8018
142.2352
146.3222
160.8509
134.1358
145.599
150.9915
157.3026
161.5313
142.2214
136.962
145.4506
161.5455
147.8876
155.9708
157.5651
149.554
145.9351
152.7827
141.6537
162.7678
156.2869
148.419
135.4107
158.6085
140.3595
134.7329
150.1711
141.47
147.6604
149.4123
154.3546
138.4952
145.8157
154.9652
148.6159
149.0275
141.8574
153.8712
159.3642
148.5599
144.4754
148.6465
155.679
146.8792
155.4287
159.1281
150.3012
161.6827
143.5557
148.0542
150.4703
147.0712
134.275
141.0057
148.7389
166.0352
132.7184
139.7521
153.1237
145.1775
149.2517
153.321
156.2225
144.6833
153.1417
154.896
152.8138
155.6909
151.9121
140.1754
159.4254
127.833
156.3448
147.3384
175.4551
152.9889
162.1168
157.8784
138.453
144.5234
153.5033
152.8269
168.554
141.0082
143.423
154.0386
160.0197
149.6071
146.1056
153.4074
152.5943
152.1778
161.877
144.797
140.9587
133.3318
149.2923
147.4801
140.015
152.2727
158.2834
142.2866
151.0898
140.8587
159.7472
158.0418
144.2947
150.3708
155.6383
162.6407
152.5785
150.3581
151.678
137.7595
146.1965
157.7008
143.3081
164.2475
149.9297
146.8314
154.013
140.4126
153.2942
135.1513
148.8846
165.4116
154.9645
143.2477
147.5487
147.3664
149.2802
156.7884
142.1381
144.0292
144.7387
151.6464
169.7986
162.051
155.3453
150.416
151.915
146.2301
147.3578
136.1258
159.1033
145.8046
144.9493
148.738
157.0446
153.0605
155.1239
148.897
149.9667
135.5318
146.1509
148.9169
139.4053
149.6181
142.7934
144.4156
155.1287
155.1142
170.7536
155.4053
137.4368
143.1114
145.2348
161.768
152.5309
139.9184
141.6342
150.9457
143.7586
155.7591
155.3359
153.6506
151.7254
166.7946
148.9749
156.4622
138.0086
136.7985
159.1598
143.59
142.6905
145.5582
158.4644
147.4271
163.2348
157.9401
152.1991
147.0948
133.7048
149.4891
140.6587
154.4894
147.2114
148.0903
145.0717
154.0438
136.4388
157.3368
160.7555
149.1302
153.4389
149.4268
138.1292
167.9407
155.3764
152.2241
159.2752
152.2759
134.4298
149.5677
164.274
167.5359
150.2192
161.0257
149.2881
139.0118
150.1048
152.0143
148.6118
156.1599
166.259
144.9227
154.0996
151.2373
169.8507
139.8515
148.8495
149.0603
149.3076
154.6912
140.9644
142.0871
173.5432
154.1375
142.213
157.5661
148.097
137.8682
148.1893
135.5935
144.6815
158.7208
161.8173
155.0666
137.86
159.401
153.3119
154.5601
138.4216
158.33
155.416
149.4209
162.4746
152.8708
147.4084
146.7392
152.2309
159.4243
149.7917
160.9576
146.4406
144.6716
139.7814
151.8874
142.4754
153.5934
140.3547
151.8423
148.5374
161.9937
152.1593
132.0833
140.4053
152.3455
154.1541
156.6161
138.3592
145.8665
139.4348
151.2621
155.0324
158.5348
144.1557
152.8101
149.4242
166.2018
146.2886
147.9954
145.9238
161.3121
145.8721
156.8271
161.8843
143.9811
148.8968
163.6058
147.7097
144.1139
143.2931
160.6894
157.0243
151.4362
164.9445
140.6336
144.8505
146.4655
159.8385
138.4154
143.8012
160.909
154.3311
138.0951
147.4454
146.9023
151.5764
149.3817
146.5099
155.0152
157.3481
157.6214
160.1819
130.5062
151.1722
148.2769
155.2708
159.3044
148.1608
140.3844
150.09
146.3967
149.8067
144.9714
147.139
139.6183
150.2735
149.1482
146.7096
140.7717
148.2063
148.5583
146.4563
154.7486
157.5989
158.8602
150.5338
145.4456
142.5125
144.8598
142.5073
136.8765
161.9839
151.0562
151.8222
152.076
147.1321
157.6828
159.243
147.487
152.3382
155.8854
150.6443
132.8414
156.8606
155.9018
133.8793
146.4646
150.0381
