24.70926
19.73146
50.80379
42.44405
48.41158
29.00133
22.0758
26.4782
34.22787
38.46758
27.99765
18.68953
16.35961
12.42911
11.47692
20.12656
38.5428
33.0821
24.47201
19.32577
16.4302
11.27206
8.293986
8.202307
12.0081
7.322589
9.864226
10.93849
15.48721
29.3934
38.06205
46.8947
41.61535
33.06923
25.73345
24.30005
19.45148
27.28342
23.93482
18.80958
27.44314
30.75435
20.30839
22.69524
26.10771
50.36589
29.20387
33.94005
17.23284
21.76885
13.19229
9.323531
13.10724
15.78142
20.60349
19.47888
15.85655
13.04515
20.49718
30.81275
28.55332
16.37074
22.01227
19.71057
15.20009
14.80315
11.48186
10.91625
12.1168
20.50707
12.49369
16.25773
18.55853
14.68358
18.57104
19.47332
17.47865
18.0973
27.24553
31.39312
22.98763
15.22978
16.25722
17.61763
26.19503
45.54978
35.96002
41.52352
56.55341
40.29192
63.59823
73.11799
77.76337
61.5529
44.31118
19.53164
18.90088
13.73929
27.67055
30.62726
30.09512
25.74261
29.37882
16.6441
17.30984
18.66949
14.44906
19.91367
23.21494
14.93175
22.56601
19.35989
22.0628
56.30909
48.21051
60.8824
44.19936
38.16155
22.67227
25.18764
19.83763
12.28607
17.47158
18.97887
23.62847
28.15522
23.40568
17.99554
16.75081
16.78409
21.27054
29.94637
35.25585
15.70999
18.8863
15.28548
19.63333
21.20731
19.31624
15.27475
14.10743
25.30478
28.34086
28.93128
25.92526
20.97851
12.17965
17.08105
16.08838
18.11169
23.65752
23.34191
14.65197
10.19387
9.318782
17.31198
15.72643
22.60862
27.01608
22.73182
35.26263
23.2636
21.2114
15.68849
12.60851
12.46886
29.23825
23.47065
18.10501
25.44529
23.20737
21.36932
19.06407
10.98818
10.93744
9.533924
12.67952
17.6522
19.71997
15.17949
10.45528
22.19931
23.39133
20.2925
19.55147
11.33108
9.126173
12.15922
11.87552
11.38311
19.37222
17.60806
18.41569
21.1705
22.7053
19.59568
20.54416
29.49564
26.62091
39.80153
32.31404
21.59353
17.52606
20.83124
21.47779
16.40413
19.36342
14.05615
12.46232
9.634435
12.68506
11.48194
21.80121
29.21178
21.01497
22.08001
15.14869
18.10756
24.66014
36.41376
53.44215
43.45634
59.3372
65.36624
65.90912
69.28461
37.98599
28.37168
28.16893
18.04638
9.313071
15.48743
15.28386
14.88875
16.30936
15.58864
12.99488
16.60629
17.89803
18.42177
17.17263
13.26744
13.80002
7.774048
11.07622
12.50373
10.60608
9.974002
13.14777
12.02504
12.57294
11.38892
10.05699
9.839655
12.61723
9.876229
9.398668
9.765978
12.41392
21.58516
21.04724
12.84418
14.74149
11.65307
24.62205
33.39234
49.55491
40.48953
57.30462
24.3153
10.77939
6.906372
8.891556
11.82967
12.13283
20.27273
34.0886
20.46257
23.79596
20.97583
42.41517
54.02383
39.50083
59.41644
28.37921
26.36105
21.07994
16.35999
19.93753
13.06966
14.98659
13.80603
15.64497
10.74629
8.372982
10.5442
16.79586
17.58425
14.90832
11.95566
10.96731
8.931599
10.40348
8.899239
7.182959
9.552708
9.098078
9.240536
10.58475
18.54082
25.7907
25.51516
14.36246
19.42821
25.81846
28.82755
17.34382
14.87552
15.4521
19.08307
33.71154
36.91704
27.89392
35.48108
22.37174
13.30825
27.42326
24.93701
20.74352
19.64149
24.81852
34.62728
31.85875
41.33879
40.95222
20.71404
22.19017
24.32751
36.10075
30.35449
38.30178
54.8079
37.19881
57.58778
33.57093
54.50464
42.45385
19.42394
35.20821
22.86541
18.51357
17.73991
13.89054
13.4587
15.71237
16.50141
18.05079
15.1475
14.74045
24.83422
20.43338
36.99783
24.53598
21.0901
26.57692
26.95195
21.8381
18.49849
11.69806
10.5812
13.51483
17.28149
22.51525
16.83532
18.72196
22.97175
21.20178
14.20583
11.3608
13.24013
19.71996
28.61489
21.34399
13.56585
18.15601
21.38825
17.91829
19.781
18.09116
23.76343
15.19269
10.99589
12.55894
12.08448
19.83458
13.82787
23.34547
17.12471
18.46495
21.58789
38.31882
18.32702
22.78414
20.56904
14.37504
9.10405
8.96164
13.01679
21.67184
25.7188
20.4118
18.42919
19.99043
19.63883
19.11508
22.06413
22.71159
25.15018
27.9216
29.10611
35.29411
28.52923
22.05058
19.18157
11.39512
9.281267
11.24785
8.994665
9.488507
18.53626
14.03017
23.7674
29.37369
30.79808
20.51871
15.7173
17.49561
20.04846
22.63923
20.76829
22.80108
23.01614
29.3147
39.10031
33.97706
36.80107
17.14232
16.01313
16.84153
16.11495
22.70457
22.53563
22.18671
23.27808
19.9965
20.7945
24.60871
22.23842
27.95963
36.25654
21.98184
42.67243
21.78199
24.46153
18.73555
23.02796
20.29014
10.35405
7.986067
8.736398
10.37976
15.2284
22.57257
27.82546
18.86961
26.77497
20.93044
17.97867
24.45568
40.9406
34.85821
28.97702
22.03952
24.53978
24.51452
16.5398
23.92954
13.84435
22.62678
24.31551
13.93811
11.25061
10.55883
16.05448
22.09934
22.14317
28.26103
28.32952
20.78127
30.58203
