69.04499
57.19657
63.78655
59.27101
61.94193
70.69017
64.19381
61.13051
62.12146
54.274
49.26551
48.85968
48.34312
41.7373
49.05861
38.98712
34.76935
36.44335
32.34023
39.29683
35.86687
48.69762
51.9381
62.92161
53.25489
70.87481
65.20214
57.25045
46.12538
55.76975
61.00429
85.24242
103.4432
78.7731
59.59296
54.10171
60.67453
56.87551
49.26722
41.47098
37.40442
43.41021
54.07576
54.50662
53.74968
52.81463
47.14484
45.87076
32.26566
54.63761
49.24532
55.62886
59.68918
67.04021
68.12372
61.9451
55.05271
37.0933
38.87011
42.17245
36.47847
40.42793
39.85261
35.19329
32.84766
37.48753
46.63969
43.82986
34.54058
47.81573
37.96576
60.70899
48.9897
45.82457
49.55511
46.71168
41.51314
48.07451
44.24238
40.4767
34.69928
48.52664
58.15315
51.70274
50.38854
45.30532
45.15789
37.10738
39.76196
36.01878
36.0074
31.55834
33.04232
44.08534
43.89725
51.92645
48.32858
57.98081
45.02307
69.10921
57.78019
46.89603
45.01328
36.37654
27.95448
28.0837
34.75756
39.28785
42.46429
35.69517
57.59514
57.64585
61.8523
58.54702
65.00428
61.76372
66.60011
68.90997
59.33295
69.36529
71.22534
56.23745
39.88855
41.18257
38.37711
50.30951
42.5486
47.25055
43.60322
32.43348
28.30589
22.58928
25.12088
28.89659
30.59171
35.17942
33.38842
46.52235
37.1529
35.36254
43.55149
50.19664
50.62718
51.17744
54.83175
51.60863
60.68233
81.9933
79.92549
113.0853
86.10461
81.58889
111.0296
111.2504
85.75313
65.53415
53.66368
65.80159
61.18088
60.5567
83.3506
65.89069
81.4476
97.18105
62.75143
59.271
59.30717
68.94627
59.94249
65.26258
70.22146
73.01009
82.30646
86.54807
90.02906
110.1562
95.24064
75.185
75.4413
80.12886
112.002
119.3721
124.8628
115.3732
100.1982
111.7883
80.34751
60.49337
56.13787
54.36093
65.71716
77.37319
69.98644
56.1973
57.61669
49.21166
77.34104
78.5042
65.62489
66.09787
55.4836
72.99037
74.50654
70.16761
99.36333
78.43341
69.80381
41.06694
42.75667
44.05676
45.32568
57.10579
48.45248
49.80506
45.76148
55.09641
52.52059
42.49538
45.74602
43.5116
40.83389
55.27765
43.57796
33.17008
33.22929
31.10019
29.82022
43.84026
38.25175
33.38507
38.42744
41.32108
52.39171
45.17673
41.38158
50.482
49.62293
57.80346
52.96037
45.84271
56.31421
62.54951
75.3787
79.54416
86.35238
56.53161
46.37699
54.87958
57.94117
66.4028
76.66428
43.66744
40.06011
36.41939
35.18474
31.68549
44.01322
46.77943
44.43272
40.60644
42.10192
48.16626
42.66656
44.22467
49.16623
46.80147
41.41865
48.6382
45.31924
45.87706
46.43799
55.91828
53.85697
46.60562
56.19777
42.58207
32.89156
59.76783
64.58897
44.52967
41.8133
36.28372
35.1467
40.90652
33.38635
33.07982
32.97053
33.40922
37.31041
29.17905
43.53546
47.41413
48.83743
42.78861
51.12727
45.18782
52.16033
81.7697
67.21088
60.51299
95.97977
67.36044
59.53638
55.85509
76.82433
64.31723
53.0348
59.76135
42.81531
42.77034
28.68818
30.8809
41.7585
47.87114
46.99837
48.2589
44.11029
34.68739
36.48924
39.00084
44.78224
41.51002
42.93294
39.83764
38.85624
32.08928
29.93269
31.57947
22.87206
25.93765
26.27746
38.69181
44.57781
42.68594
54.12669
42.9877
40.35466
40.32198
49.9668
50.93801
41.34796
39.00679
43.22331
52.13754
40.53736
32.14052
37.11303
35.97321
47.69382
58.31183
55.77947
61.64067
49.6078
38.39585
52.94301
41.42776
52.45365
60.66964
73.80545
60.19546
56.72489
49.49864
53.33916
51.04239
41.36923
32.04686
33.47643
31.12865
30.83656
32.87691
32.03824
40.36147
38.1509
42.11293
28.82455
33.34847
40.77804
41.06727
60.07079
47.05752
39.14804
40.76733
39.79471
57.0723
40.04043
31.72422
31.7031
27.0288
29.26212
29.79142
26.13914
39.46052
40.89943
40.47043
41.063
45.03948
41.16223
45.20534
46.29418
37.42541
44.59606
53.32588
40.62576
54.69722
61.74786
56.3257
41.91372
57.3412
63.72585
51.08827
46.69951
54.36466
52.91103
46.49674
43.59813
44.294
46.50661
41.122
41.54158
39.56158
52.18323
59.77754
47.93141
68.68847
73.41925
73.07726
83.43294
61.91543
60.92809
56.48122
53.89492
54.69702
78.22347
67.21175
72.99179
91.11174
69.77351
74.92582
61.2538
62.77829
69.02387
71.71695
50.62525
45.37531
55.05305
58.36315
43.62794
42.90155
41.31464
47.67874
51.71483
56.62577
54.44164
57.76384
62.6919
64.87477
58.58061
63.54206
64.43666
80.07327
59.24142
49.9883
56.90249
58.76336
55.2984
61.5847
58.6209
73.89081
78.0679
75.37129
65.63482
75.37265
74.5602
77.54419
55.6446
78.58986
93.74745
86.38869
82.83038
50.5671
45.80316
45.24466
46.26672
32.22032
36.17557
35.44362
38.38215
39.36754
51.4736
50.73232
54.43599
58.88015
56.79748
73.79195
64.08704
57.64792
43.8976
55.56438
50.55883
61.3352
