108.3624
113.4932
62.64812
11.99166
11.43993
12.07309
12.70262
12.39536
12.38997
12.59556
11.18634
12.7031
13.18166
12.62355
13.21949
12.43932
14.51916
13.53923
12.19765
12.68957
13.50031
13.96386
13.18989
13.39941
12.89056
13.26161
11.93412
13.46964
11.25641
13.22021
12.00284
11.03985
13.3954
12.95484
12.8814
11.56892
12.31641
12.52857
13.15051
13.06283
12.73128
13.49735
13.4289
12.44857
13.90077
12.83931
12.85658
13.88708
11.72567
12.26666
11.78354
14.08024
12.51016
12.73591
12.18491
12.70019
12.55883
13.61013
12.72147
12.64512
11.66023
11.96633
13.99406
13.06588
13.51535
12.55101
12.67446
12.49795
11.77021
14.7892
12.55141
14.4707
13.64645
13.58419
12.74867
12.4051
13.23191
12.82493
13.34872
12.81806
13.82171
13.97154
13.30982
14.28618
12.14689
13.06035
11.63303
13.77601
12.84412
13.15219
11.53778
12.77505
13.29048
12.03352
12.82012
12.56244
12.65765
12.75272
13.29342
12.19242
14.19438
13.67492
13.54362
12.41972
12.76035
14.91802
12.15928
12.76236
13.9525
13.05767
14.17124
13.19685
12.50562
12.67161
12.55934
11.74014
13.06328
12.98191
12.62194
13.3812
12.59652
12.50899
13.29617
13.60724
12.64352
12.4716
11.99778
12.95163
13.49057
13.83876
12.3032
13.11015
11.23864
11.73004
13.10248
13.11319
13.31544
12.96395
12.59075
13.48043
12.39431
13.05621
12.79828
12.27101
13.32701
12.76018
13.14281
11.6462
12.61111
10.81668
11.37259
12.58969
11.6492
11.32644
11.25552
12.21333
12.35598
12.34618
12.062
12.33934
12.33515
12.1928
13.41133
13.7735
13.45531
11.48677
11.30317
12.08894
12.15191
12.28133
12.1984
10.93521
11.26454
10.83353
13.40987
11.80566
13.21898
12.1498
11.37278
11.21195
11.59154
12.83714
11.50901
11.96661
12.79538
12.3178
12.22063
13.22023
11.99592
12.05622
14.17502
13.80102
12.39884
13.32918
12.93207
12.10805
12.40578
12.48483
12.62575
12.03104
12.04502
12.20577
11.86505
11.93657
11.86391
13.41286
12.50828
12.42611
12.46775
14.00528
13.57176
12.67745
13.45468
13.17573
12.97053
11.90905
12.71006
12.58505
12.60563
12.29506
13.13781
13.01831
13.22618
12.89782
13.27714
12.82609
13.32784
13.93012
13.55998
12.97029
12.6401
12.89702
13.35551
13.28261
12.01857
12.72402
13.87405
13.29079
13.06273
12.29636
13.68055
13.52395
12.91922
12.58836
12.29452
12.77404
13.37768
12.47182
13.42466
14.4056
13.23662
12.44591
14.10703
12.30737
12.8197
12.02294
12.01671
13.39191
12.67103
13.06855
12.24558
11.86173
13.13073
13.43471
11.70789
12.40289
13.48482
13.29314
13.31754
12.55146
12.05411
12.81157
13.07727
13.42034
11.63846
12.28056
14.22754
14.4201
12.24882
12.11738
11.9708
12.12553
12.93173
12.65403
13.3925
13.33122
13.67366
13.3131
12.18695
12.33511
12.09974
13.10395
12.84324
12.73742
12.53099
14.2974
13.27843
11.99705
11.65054
12.97796
13.37861
13.11465
12.73395
13.02771
12.60771
12.28648
13.74383
13.09002
12.84638
13.0177
12.70856
14.21868
13.42368
12.01939
12.1491
12.52848
12.69526
13.39426
12.47177
14.56348
12.46696
12.39015
12.71184
13.11537
12.7899
14.23458
14.01392
12.8802
13.64074
13.79984
13.55666
12.13106
13.13797
13.09286
11.61831
12.34828
13.26076
12.50777
14.9374
11.99009
12.06634
14.9812
12.18434
12.97721
12.27975
12.81877
12.51207
12.98899
12.91801
12.46294
13.08719
13.46815
13.31433
13.27468
13.16943
12.60565
12.51089
12.39981
12.38256
12.52036
12.4428
12.00624
12.3999
13.30105
12.41515
11.95925
12.89198
15.49631
10.96806
13.41738
12.69323
12.22942
13.21027
12.90741
12.4216
13.23199
12.83445
13.58322
12.90119
11.51048
12.8567
13.35102
14.09011
13.12924
11.70791
12.25106
12.28556
13.46466
13.1175
12.92476
13.53039
12.9711
12.72201
11.96979
13.05045
13.08053
11.77495
12.85073
12.61852
12.54999
12.31075
11.70345
12.89564
12.86327
12.66013
12.08752
12.41744
14.56706
12.08174
13.38972
11.81132
11.62416
12.47693
11.75021
13.12037
12.60947
13.23993
13.46721
12.8387
12.73169
12.11395
12.84623
12.45755
12.85375
12.66562
12.71355
13.85857
13.79509
13.62862
12.44689
13.80198
13.33602
13.20877
13.28409
13.79634
13.08235
11.89911
12.56442
13.43136
13.48784
11.39657
11.94723
13.56093
13.57811
12.9186
12.46448
11.84577
12.53559
12.7854
12.36793
13.30277
12.65371
11.25069
12.72297
15.01636
13.2387
11.72769
13.92049
14.49452
13.20811
13.00843
12.03643
12.75514
13.51295
12.66731
12.9169
12.99134
13.05373
12.45401
11.80875
13.02573
13.73724
13.60908
12.53186
12.7968
12.24697
13.97149
12.80556
12.46523
13.24519
12.73573
11.32883
13.38796
13.3274
13.39505
14.23425
11.63311
12.67214
13.55199
12.87161
12.73417
11.15005
14.53297
11.82273
12.23467
13.93499
12.79505
11.53924
12.94571
12.46791
