580.1654
716.8937
1160.108
1326.493
735.5225
354.7898
513.0736
588.2854
425.7452
541.9395
565.0322
437.6063
1098.047
571.2984
780.038
713.3843
1923.143
531.519
753.6737
585.8387
344.8412
986.2241
704.6632
484.0448
516.4076
558.0738
659.8434
767.6645
2097.533
1565.67
797.8117
2025.405
1085.764
1370.506
1110.328
1942.84
403.8972
422.1096
616.1696
432.7276
496.5224
650.8518
686.1498
974.7145
484.9981
464.1059
344.7148
611.4053
386.7485
1820.432
384.655
597.4544
454.7002
680.1226
586.9403
535.0858
846.6421
340.483
976.7773
431.5936
1025.968
1186.193
436.9847
930.7946
747.8867
502.9332
545.6325
618.837
347.7965
577.6677
697.5289
678.6688
599.9039
428.7418
417.6576
362.2213
306.0186
291.548
410.6613
549.6805
476.7028
536.4775
268.6672
417.3753
652.9815
470.3593
742.2967
580.887
166.7755
632.0242
469.8467
310.2153
340.7453
976.5754
458.7299
343.5114
727.1912
753.2157
346.2746
1051.352
315.1159
411.4951
999.9347
323.5381
294.0612
535.702
486.5252
311.5894
599.4341
398.8683
771.1571
290.6958
694.9105
419.9593
691.0255
326.8432
331.7106
510.1465
783.6919
343.945
393.1122
750.8654
559.5432
395.4769
504.9534
624.3884
1231.518
1101.418
746.8886
378.7281
237.5505
447.6472
524.3105
434.4936
714.3031
588.6107
1587.512
331.5115
898.3285
632.4596
665.4414
468.221
530.8653
839.3101
230.3731
718.6534
443.1241
380.1001
605.96
584.4736
305.0073
903.3921
527.5895
558.8567
638.9954
549.2273
1352.1
975.6884
571.4873
911.2422
438.2214
369.7469
753.5496
718.3119
389.7195
309.4537
1525.856
798.515
797.4001
563.3755
549.801
446.9554
744.0132
563.6522
896.3742
528.2889
626.0853
472.4692
483.0747
397.6977
333.4426
354.187
428.3902
318.426
1755.092
361.0098
403.332
547.8183
231.8899
264.6609
341.9501
436.908
295.4106
725.3599
671.2742
271.9308
707.6364
347.0565
496.0058
420.7046
431.6933
568.784
1652.499
549.8565
366.4251
774.9703
745.6797
3217.094
476.8862
2680.512
273.4168
526.4047
244.544
1065.296
1443.969
588.3677
735.0104
744.4389
555.8084
297.2239
653.4303
464.2746
437.9463
530.2144
768.0307
464.9181
1231.4
399.7021
591.5496
565.2233
752.2423
441.3465
472.6058
424.4368
689.6438
404.5873
936.4888
638.1407
284.652
319.222
438.3674
786.2466
506.9382
537.911
279.479
708.6497
448.4287
373.5865
548.6296
440.7216
665.4723
842.7372
401.6157
1146.284
1128.742
464.3396
535.1902
967.452
914.7506
470.8457
753.5535
655.653
747.0594
1215.457
1132.84
756.4449
349.6979
454.0488
762.739
505.358
614.9029
861.6647
601.9856
1400.989
1136.575
1027.578
523.5649
804.8558
652.2193
558.8836
713.4196
935.1246
579.5629
980.855
423.4642
1108.973
389.4496
662.5435
1673.327
417.2744
3323.494
526.3997
1073.732
462.5258
516.2007
470.8639
635.8841
475.4101
374.7
750.3995
403.9794
399.175
453.153
254.9246
412.7282
456.2771
901.7141
370.0144
449.5028
372.1352
346.8724
362.1526
361.0087
334.2365
480.1388
487.0462
1365.532
368.0929
463.5934
339.0258
590.3173
277.4726
703.0927
346.336
869.5547
617.2274
514.5972
350.4902
480.7048
1367.125
552.8095
556.712
903.444
496.6058
1915.484
470.8042
1038.013
678.31
922.1828
1630.125
2551.586
1316.657
797.7437
1164.861
1210.577
1744.047
449.3897
863.4613
985.1181
1381.864
424.4387
600.7125
580.5474
802.7768
680.7395
491.0224
460.4744
600.812
381.371
463.6615
817.1764
1058.396
695.855
1042.961
1473.383
3416.868
1648.953
570.2425
1390.35
1316.22
618.9537
2097.78
767.2854
715.9853
1174.866
909.7933
751.1912
1766.68
823.6656
897.7839
688.9749
1374.268
1134.77
885.6598
477.4772
495.8384
837.7208
1598.777
1442.304
765.5393
1269.374
669.2253
1426.739
949.8467
822.2133
1138.086
1724.605
480.4473
1201.959
972.9433
785.2131
1015.997
1462.188
1852.12
1345.985
1916.001
1364.374
957.6077
997.4317
412.022
863.269
1073.724
1438.336
2190.92
2439.672
1175.067
707.6885
2459.83
636.5376
1349.429
1112.098
1784.087
1619.361
2262.32
648.344
588.657
628.5454
2264.289
667.0675
3110.13
677.9679
1304.838
945.8836
1882.398
617.0989
2256.143
1971.714
540.1436
1718.715
2777.689
893.017
806.3862
1061.225
2625.769
1309.017
2006.707
663.624
1179.708
1256.866
5009.607
1448.452
1227.474
1779.987
1084.347
1395.866
844.3195
840.7526
1192.125
1948.782
677.5177
1056.546
2169.859
1703.184
2433.873
1383.854
1066.124
1347.111
1926.148
1715.387
967.557
2714.672
2840.668
3348.662
907.2956
1271.078
1331.207
2292.91
1522.699
716.3607
1597.461
1398.321
2005.727
3339.078
1821.081
801.134
807.5018
1612.54
621.5437
1309.45
1190.276
1542.087
1010.742
906.8397
1551.165
1309.792
1944.16
671.2004
805.8343
1299.919
828.7372
