325.1501
309.075
306.5985
321.0495
333.4662
281.235
295.9817
314.1604
316.7476
321.8391
277.6167
306.9387
296.725
315.8216
300.5272
282.8559
299.2237
289.0938
325.5899
286.3459
282.0748
289.5454
296.3744
287.1279
296.2312
299.9553
275.5204
280.4403
259.8043
272.6743
248.6484
251.8251
249.1119
244.7638
223.8346
224.4835
205.3189
203.9832
205.0854
177.198
185.0988
174.2977
168.146
154.8431
166.9425
159.9202
133.7597
119.4912
76.92489
62.06042
55.68462
54.83804
52.58339
55.83801
62.1616
58.97754
51.53814
51.30058
52.81122
57.924
50.83266
51.04467
60.29122
54.05712
49.15384
52.74735
55.03693
58.91492
68.1557
56.65427
60.9806
55.59058
57.86056
54.02677
59.69063
49.60069
55.29327
54.67938
50.4853
52.30533
54.44273
61.13156
55.68137
59.35864
52.86481
51.23888
57.81907
60.11673
51.80598
57.32458
53.25325
52.35355
57.86072
54.54249
57.15436
61.84139
55.64764
66.06932
56.84803
55.24633
57.24024
59.68805
60.03662
50.08379
47.48337
54.70197
54.34222
54.63494
60.45907
57.32727
54.79313
56.91345
47.22696
57.06407
56.66551
55.86479
50.74641
55.27542
65.80861
65.49836
54.45833
53.43975
56.02003
58.62877
48.05925
57.34434
54.98804
54.70493
49.56635
63.09838
66.76579
54.24016
56.3983
49.08281
54.74617
52.95506
52.16204
51.87555
55.54347
60.02699
54.20218
49.42214
55.05049
55.51951
64.55853
58.27199
56.05309
51.09476
59.89395
54.31124
50.79043
66.76406
52.87482
51.85035
53.83722
58.28927
52.86413
55.4066
56.45939
53.48337
56.16558
69.13181
45.83098
55.41649
53.60457
57.80801
54.22864
62.78659
54.6136
54.84539
58.28498
64.92201
52.42472
57.73202
54.73864
62.17875
53.14399
49.7942
53.36006
53.75551
58.90008
62.38292
53.09629
60.67664
62.74822
56.42196
57.25228
63.38725
63.94644
52.5808
58.1692
48.29983
58.0218
48.99717
54.37807
52.49355
58.67468
62.42938
53.03422
54.74579
55.5097
60.92717
54.70359
49.08974
53.51314
68.28659
60.03932
47.34434
55.82887
60.7037
56.33346
51.57989
55.74898
54.29258
55.38318
61.52647
54.34158
63.87496
53.35135
53.34289
52.52622
59.84786
51.46404
53.57902
63.53424
66.64274
54.77329
55.62348
48.50812
58.69919
54.15749
51.00287
52.17234
53.02383
58.85747
57.75325
68.11199
56.49461
52.25925
58.69192
56.29022
53.75782
55.11793
57.94865
59.15301
52.32948
49.93966
52.13661
60.76897
56.60257
53.5378
52.65381
51.14827
58.05583
49.49489
58.78014
54.59458
62.51741
62.50119
51.80335
53.73209
54.38071
57.09593
62.87475
54.7419
55.29614
48.73574
55.25402
52.12932
51.93813
56.62111
57.33788
57.13887
49.2847
50.81173
58.88533
63.01769
58.24943
59.40999
48.59644
55.23473
58.0313
56.73009
66.14572
58.91582
53.39478
52.68728
53.04249
57.29671
53.38747
53.16
52.40088
53.14383
55.14217
50.59053
66.50012
62.7744
63.10803
52.93494
51.81327
59.1357
59.78535
55.0584
57.40019
52.71936
50.34631
49.38497
55.92342
58.17425
54.32037
48.5919
56.1445
53.40628
63.90619
59.53627
52.35707
59.03895
55.76873
59.66189
53.82232
54.70275
46.46924
59.02321
55.19901
50.39325
55.01303
53.32893
60.66209
65.19161
52.78411
51.57961
52.52501
54.37325
57.53764
53.78307
50.18199
62.14521
54.76721
57.06532
63.19405
58.39507
60.58642
55.06251
52.42753
54.26641
54.61286
56.82774
60.31452
58.27996
60.69475
57.59501
60.70617
48.90739
56.10111
51.28804
53.49414
59.86676
54.82592
57.78453
54.33616
53.30989
58.6477
60.80042
55.56195
58.29116
54.98318
56.89026
57.29592
56.33533
61.34016
58.26286
57.43042
59.39941
55.47113
50.25285
55.90567
56.67843
47.51128
54.19092
54.26732
52.28682
53.88479
50.88757
62.68875
59.3285
52.36328
54.26262
57.86825
58.57567
62.08407
52.46595
52.4625
58.43734
61.30128
63.7139
50.4304
53.92164
55.48517
55.84047
52.34179
53.15108
53.56331
52.45712
49.04005
56.14224
57.25992
60.23139
59.89746
57.32134
56.85172
54.98074
49.66106
57.86536
51.97738
55.48602
56.87032
50.85511
50.83588
58.8555
51.65323
52.34539
55.04461
54.42027
64.86825
51.88515
54.75086
53.06083
53.99793
53.28386
61.1647
69.46252
56.46787
52.93785
55.599
57.8234
54.74689
66.24766
54.96836
51.06771
47.82821
51.90782
53.49198
57.15818
60.47006
48.25977
60.16142
54.69893
63.74682
56.8265
58.541
57.59682
62.70875
55.6638
53.77333
56.96245
56.77722
50.55188
52.9925
59.76888
50.56179
55.68339
56.89954
48.50561
53.39544
52.92899
54.91774
59.54445
48.82808
52.41714
57.52841
56.62683
61.23641
58.07408
54.96295
47.53173
50.73721
51.8445
56.50935
55.53677
58.20543
54.08596
56.35025
53.07942
58.31298
51.53705
54.58049
54.52645
58.3394
49.99731
52.41464
54.0742
66.21021
55.98101
50.51209
53.03877
57.44829
53.43866
58.3546
53.1465
65.11444
