71.48939
57.72912
57.99857
42.52327
43.7524
42.07259
42.60021
46.11267
33.39609
33.49108
42.66509
34.83506
41.53095
31.40995
38.33437
31.97545
30.631
27.76905
25.32922
23.6821
29.41295
32.43317
30.28148
34.76955
35.41678
35.16898
34.709
29.59405
36.95514
32.06576
47.60045
47.89693
47.52498
35.92366
34.36888
38.33096
36.31686
34.5034
34.67584
39.87945
30.63631
39.00222
46.82926
80.47694
58.67272
44.33973
44.09794
54.88423
56.9032
49.37726
54.83735
55.63869
48.27099
52.8224
34.44935
29.37809
40.28399
42.27225
47.36692
55.24233
47.95999
68.44529
71.71794
54.65893
53.7622
49.83694
44.74035
42.30694
42.36719
30.98611
27.82821
23.52655
27.9594
34.07176
36.9683
32.42344
44.39716
46.16865
42.78341
40.10483
30.13495
39.87599
44.74525
49.43243
57.10706
65.32467
51.50276
43.50481
33.91138
31.67171
44.64579
44.08235
42.31774
34.80439
35.46904
33.23162
34.35397
24.5745
32.30212
34.64111
50.38967
45.76501
54.53946
61.73504
33.28377
39.68173
39.72308
37.75613
43.82214
41.87343
48.64324
52.52231
55.0821
49.98334
40.79781
43.49301
37.73823
46.32091
46.5631
44.04411
30.97294
32.62074
29.54853
30.14181
35.47075
42.95523
39.29867
47.03222
51.032
37.85765
32.78387
34.23945
49.15057
46.49795
43.91628
38.30821
33.89041
25.2952
25.22757
33.82062
43.54178
32.15005
31.52122
29.95598
40.28274
42.54581
39.02804
38.83537
46.30393
54.08075
76.85552
71.97448
57.79122
76.46833
99.56989
92.38676
100.5858
60.21721
74.93854
88.80745
79.43433
76.56128
83.27146
58.20582
41.88239
45.29014
61.48982
50.56611
79.53414
61.27833
51.28168
61.54316
76.91927
74.7822
87.62015
119.7003
95.98521
119.2776
94.10477
90.03561
69.22658
67.36338
52.50898
58.48676
57.07171
62.43718
44.5929
47.60538
47.15416
53.08194
54.18479
40.98835
39.57786
55.64236
66.7466
45.01035
34.43668
31.28158
21.51783
19.90676
24.21444
17.99801
20.61652
27.67676
21.18654
23.505
32.20315
29.30694
27.9984
43.48354
30.29388
32.24433
34.39644
29.89552
36.63038
43.468
46.34662
41.38867
41.87782
46.90773
47.87698
57.39278
72.40726
76.05292
72.94029
66.91105
56.6713
51.83985
74.19365
93.83582
79.92028
49.34473
40.78281
31.62594
29.52774
36.05761
51.49015
42.10137
36.89828
45.37611
37.08993
40.35001
43.295
45.01536
39.5827
44.40617
40.5655
37.20273
41.73113
39.85478
35.87731
36.65567
31.54721
36.62089
31.53043
25.29133
36.44175
37.01322
38.76118
33.79507
37.79319
77.8402
61.08675
85.14363
78.23671
63.88177
62.84614
65.51943
73.33475
82.49915
63.58262
62.49344
54.21523
63.05021
35.38414
33.21651
55.35648
52.82439
51.78787
63.99854
67.08581
57.68999
52.82508
54.21003
49.28594
43.8656
40.55188
62.12236
85.31841
87.16262
87.53953
86.97892
81.81791
67.82575
58.07813
44.09271
43.35773
40.74312
60.30921
49.43331
57.35262
49.77649
44.50087
50.68968
75.46954
78.96355
87.93456
75.39568
67.35071
56.42096
57.1253
57.28126
44.12976
37.72754
37.21577
40.90582
45.36633
41.83219
58.76006
54.31227
57.60256
41.49928
45.06216
33.34285
31.0676
31.91556
37.45149
30.33963
37.90099
40.00658
42.93068
62.36854
38.35442
31.2631
31.1179
52.60685
40.23363
38.1848
35.27977
41.41658
37.25162
46.99341
35.72784
49.60657
64.22834
46.36083
34.43371
47.83542
43.48377
57.16403
53.55776
51.04747
58.76238
54.65577
44.36843
47.71683
46.23138
46.71475
49.013
52.62464
49.22898
47.06046
52.15242
46.03264
43.40988
41.50522
42.46657
42.03474
43.897
58.35257
47.13024
43.59953
41.16287
39.87929
39.83837
34.93293
29.84948
33.51967
32.7814
43.40369
37.21478
44.20115
39.5265
32.01527
28.16904
21.65445
21.54353
36.50015
43.85597
30.86445
28.40198
36.60414
43.96701
52.44642
56.8985
29.74149
29.8636
29.59936
24.15098
35.96872
36.78241
44.81016
32.76209
33.11849
45.45308
54.52674
44.35655
28.94819
25.4783
24.79649
23.82666
29.4596
29.05748
20.59664
22.55045
22.9173
24.37673
25.02757
19.93246
16.26528
13.9779
18.05119
16.52573
19.67406
21.78762
27.07402
31.56284
34.74119
35.2878
37.57864
29.31841
25.37139
33.69758
34.49956
30.86588
38.93864
34.23481
33.60249
37.4467
40.61283
38.98126
48.48617
38.15668
32.89422
37.69399
31.53712
33.21369
41.44116
47.99343
60.98708
70.73899
81.99204
83.65939
69.51651
74.09735
70.18075
67.96081
63.46022
54.16138
50.02571
51.67899
62.7533
72.7121
56.77322
67.27685
69.0481
85.34138
97.88898
63.35889
45.81067
47.95986
61.98155
52.6849
51.39308
51.05137
44.74082
45.07983
50.3246
43.28869
48.53071
58.21448
50.19083
47.75079
61.3848
65.43085
85.43326
71.61402
75.39394
100.1925
71.24137
76.40987
54.15169
52.93316
44.40835
46.62889
74.42663
72.58432
57.58243
65.9717
75.69
