12.2521
8.191229
8.037285
6.208408
5.196235
7.041681
7.258224
7.536767
7.114346
7.12334
7.337526
6.682651
7.349816
5.857198
6.474245
7.809905
6.862407
6.598909
5.240053
8.478918
6.232224
6.008344
7.325281
5.801411
6.252655
6.862592
6.021978
6.10831
5.741305
6.538305
6.574175
5.913983
7.507167
7.231002
6.659351
7.43892
6.363673
6.29719
5.9855
6.885996
5.001297
6.421857
6.472736
6.319027
6.780794
6.418737
5.675635
7.540034
7.362542
7.529872
7.874846
5.967776
5.864222
6.214232
7.835203
7.124276
7.646155
7.170667
5.511247
6.913141
6.477767
6.410491
5.546987
6.290882
6.534032
6.143546
5.760412
4.857056
6.163293
5.481423
5.974732
6.307709
6.030983
6.42368
6.975148
8.187605
7.162989
6.438315
7.500981
7.652615
7.774012
8.197267
6.734184
7.460477
6.931657
6.962652
7.928733
6.367491
7.253952
6.773277
6.85589
5.858644
5.678411
7.093955
7.671718
6.458819
6.773794
5.385436
5.758569
7.098799
5.42555
5.565712
6.047184
5.60466
8.37528
6.519793
5.634512
5.189434
4.813367
6.820549
6.322489
5.51788
5.675932
7.023955
5.998793
6.375797
6.063574
5.870473
6.11061
6.172276
5.891246
6.367542
6.690996
7.32627
7.591927
8.432055
7.568276
6.648436
6.045252
6.755639
4.668825
6.692654
6.250878
6.522361
5.874777
7.386625
8.024179
5.871268
6.220247
7.811349
6.022527
6.904792
6.604656
5.670966
6.585545
5.499394
5.451845
5.20697
6.233649
6.216523
6.329959
6.524468
6.983899
6.821488
6.413696
5.854389
5.928095
7.575452
7.257599
6.411625
5.759977
6.286993
5.096329
7.125913
6.844452
8.245558
7.274701
6.002221
6.201475
5.34589
6.959586
7.287249
5.303285
6.731479
5.975739
6.540032
6.961613
6.582578
7.0943
7.166237
6.910384
5.698409
6.198826
5.481334
6.226872
5.276682
6.281773
6.34586
6.883495
7.078761
6.012542
5.93915
6.741604
6.857826
6.131518
7.065036
7.693617
7.927247
7.049899
5.673109
6.915019
4.906849
6.889301
5.518768
7.043538
6.904418
6.069391
6.971861
7.830127
7.292002
7.055145
6.139758
6.478164
5.097871
5.062752
5.730022
6.94457
7.651292
6.483117
6.889697
5.761133
5.359426
6.348246
5.839213
6.668406
6.950528
7.227433
6.436899
7.309655
7.417618
7.05639
7.15335
7.114592
6.799447
6.979856
7.130871
5.660202
5.946684
6.036799
5.817118
6.262075
5.667058
6.061567
6.978271
7.145791
5.830618
6.411386
6.324336
6.063709
5.778407
5.975631
5.13454
5.709432
6.819139
8.136047
7.16876
6.566077
6.804199
7.636053
6.980554
5.864771
6.944595
6.765817
7.913509
8.676134
6.5448
6.698063
7.571118
6.072426
6.267059
5.62181
5.94055
7.791054
7.487189
7.225898
5.292273
5.297641
6.081462
5.905402
6.134862
6.749225
7.094954
7.930755
6.44766
6.981657
6.378906
6.204351
6.177903
6.319293
5.888031
5.588435
5.922602
6.129827
5.874949
6.67807
7.162216
5.992933
7.774233
7.458674
7.869196
8.306293
7.261238
6.940933
8.464472
7.855545
7.234153
6.142467
6.480053
5.094801
6.23391
7.0688
5.212751
7.447824
5.23946
6.092216
6.428443
8.083839
5.685815
6.618132
8.27772
8.449066
6.67853
5.7858
8.452562
7.007694
6.597784
7.55517
6.339556
5.599086
7.108807
6.017775
6.094061
7.255811
7.436285
6.323574
6.287354
6.298748
5.722579
5.877993
6.472224
5.594437
5.383184
5.577293
5.669658
6.224445
6.343829
6.863662
6.51029
6.292779
7.539575
6.604348
6.601868
6.864169
7.123718
6.382692
5.544606
6.89762
6.503223
6.521986
6.702277
5.695429
6.463505
6.370766
6.372535
6.74877
6.708997
5.647769
5.577458
5.254439
6.187416
6.424793
6.151587
6.586782
6.952838
5.99845
5.989262
5.810307
6.034073
6.524272
5.601759
5.671849
5.361179
5.880376
5.929966
6.556749
5.800699
7.091565
7.750978
9.028116
7.494253
6.34413
6.010878
6.546557
6.76063
6.509349
6.439933
5.370736
5.236249
7.52191
5.35825
5.084817
6.086927
6.001129
6.615293
5.476285
6.192243
8.534987
7.463374
5.698137
5.514402
6.00496
7.318429
7.350696
7.031723
6.830479
6.138929
6.853547
7.379949
6.038075
6.366492
6.63748
7.300805
6.449226
6.315336
6.625343
7.379623
5.603322
4.928052
5.60217
6.292683
7.482756
5.958559
6.176935
4.475859
5.645212
6.157263
7.264477
7.203209
5.905253
7.560595
5.954728
5.281035
6.028457
7.33087
5.25608
6.839767
7.369456
6.516682
5.606558
5.167646
8.905938
7.158853
6.003196
6.576258
7.946899
8.0346
6.647095
5.762449
5.065742
6.06926
6.8216
6.613606
6.412977
6.041597
6.134682
6.000384
6.86306
5.756665
5.980613
6.452808
7.276236
7.139331
6.018447
6.952825
7.965195
6.479282
6.016561
6.909523
6.616478
5.763922
5.104576
6.320935
7.313971
7.485086
5.467345
6.413295
8.608677
6.180496
7.540776
7.550247
6.735688
6.624103
6.067155
6.268816
5.929114
7.409522
6.740112
7.520608
8.382416
6.829952
