1799.285
939.4922
770.8698
1731.697
622.9026
1954.161
1336.31
647.7779
524.2569
903.3351
1252.815
814.4722
572.911
1134.118
1764.891
1027.329
493.5043
634.3309
1365.86
892.5539
619.9257
843.3129
637.5647
613.9915
718.5064
1501.147
824.2576
676.4708
1594.776
2622.975
1108.189
648.9896
842.0258
762.7556
581.6375
956.4668
696.912
433.4845
685.5765
1513.45
862.5348
978.3831
1297.406
1424.288
497.4415
1538.118
749.2812
877.7533
679.1105
458.6761
469.3801
1200.37
941.5236
929.6003
410.9559
2320.258
1255.628
1346.019
1451.464
2246.554
1494.429
1525.721
1135.61
1083.541
776.2831
721.4437
2272.31
1504.547
1496.037
426.1386
1015.398
1702.885
849.8902
1410.095
1031.372
509.1924
716.4023
799.5729
2384.747
1324.404
652.1833
509.0237
1410.88
636.2059
1094.572
879.3888
726.6794
928.9198
1338.436
2158.249
599.6875
1576.806
2380.362
594.5108
565.3773
511.4014
1935.665
1131.201
440.5599
945.7235
846.6016
455.8315
911.4073
703.7298
823.9784
672.7098
1011.282
1103.108
1239.168
687.9986
2446.591
565.7008
832.4143
2094.614
899.1057
1499.213
1959.154
691.2618
2192.025
759.3351
3485.683
786.0796
1372.966
3225.277
690.9441
1284.778
2383.01
998.0951
1308.137
1103.795
772.506
751.7212
575.0187
1515.956
1082.672
825.5619
651.5219
2275.804
1228.038
1082.149
620.527
628.7448
973.277
1357.269
1163.34
842.8179
1277.26
1392.245
1281.67
1032.961
1743.379
615.4856
583.2274
380.5303
1335.943
1192.246
460.1342
552.7599
926.1956
484.0364
1002.752
1836.745
701.3826
1017.743
920.0442
381.4817
1011.171
368.5786
1297.712
1153.784
1026.364
363.3795
574.3891
501.3479
579.8325
909.1882
1127.019
538.3629
1624.056
1081.344
1895.534
844.3113
762.2425
785.0313
642.7772
1578.95
1145.236
809.0006
2533.134
547.8842
2388.324
1234.671
392.1763
1381.499
2513.569
777.5352
594.6428
2831.953
1317.446
2080.035
1174.243
1280.37
1383.301
1889.999
2120.996
437.2029
982.3716
751.917
669.8081
1349.131
968.2749
593.8253
1501.554
628.4843
457.5606
829.4944
1573.694
2008.826
625.9135
739.1975
814.1713
695.362
753.8121
1004.197
1115.689
423.1103
741.7694
691.4939
1012.783
812.4947
1122.702
745.3529
1162.758
524.9449
800.8767
921.1781
693.6607
565.2105
1276.804
824.0764
550.3862
1366.68
1622.207
440.6968
1251.071
2126.624
807.5378
2814.791
1147.78
1107.276
402.0921
1058.119
3379.429
792.2062
3119.426
598.8388
531.693
1109.654
1039.344
1084.748
1654.727
753.5901
1194.793
1496.701
718.0816
1423.423
614.8917
693.3849
566.3793
755.2014
875.3222
1159.614
528.9268
1108.793
1301.058
1401.945
624.8155
588.2444
860.0265
1542.649
1159.485
701.3064
1776.566
853.5695
1613.265
654.5258
829.2474
2812.189
632.7455
2533.942
1187.886
1113.936
1608.291
1682.067
1004.975
1681.823
1005.055
425.7031
838.1274
1249.211
1495.471
1466.998
3295.779
653.4971
752.6254
730.9273
560.0849
1213.336
767.2572
1258.889
706.0456
1441.923
563.4291
880.3956
454.0565
982.3158
913.3913
1834.336
1698.018
799.1156
1281.909
1618.132
1673.374
928.1617
898.6023
1140.56
831.7101
1480.242
1153.371
860.3133
640.5705
549.3598
928.6495
654.4355
728.9938
899.6211
854.963
751.6241
1371.817
1336.455
1572.961
434.0051
1039.771
1072.123
808.3472
2776.636
982.101
1266.348
1577.274
902.206
346.688
451.1506
638.3051
1950.785
2632.961
2068.457
1165.18
1271.937
2001.96
645.5829
2145.025
741.1438
1437.241
1881.825
1444.679
864.4797
1105.302
1034.921
2342.213
583.673
3063.616
1118.917
1154.58
2449.393
651.1428
2790.52
1822.59
652.3571
913.1695
1676.008
1707.877
755.2276
940.3141
1270.489
757.5982
654.3148
1662.929
1609.049
517.8856
1217.27
640.7512
548.1988
2435.386
697.1236
1073.223
612.5691
756.5379
1440.775
1877.182
1504.18
810.041
2581.405
897.9495
1768.142
1110.038
838.5026
1419.823
538.6709
647.4047
889.6969
2140.248
4014.966
674.637
1518.11
1525.239
1013.104
690.1802
827.1274
756.5946
659.1553
762.5193
679.3672
841.9226
1092.621
873.6179
1182.569
547.8993
504.7362
1585.702
1243.112
569.5421
1233.903
720.8168
1851.992
920.5877
3252.013
765.5492
906.3746
494.7198
1461.221
885.4393
1245.869
534.3091
895.5612
649.7834
634.7291
2173.284
1879.492
2211.428
1161.186
995.3584
495.7342
2390.922
816.0267
665.7591
1137.839
1213.773
1173.409
2583.374
926.6718
1624.493
766.1087
670.3524
1281.822
699.7085
1048.171
1409.584
1315.725
1023.478
731.398
844.2067
976.7636
2362.702
795.1317
636.0149
629.6064
969.7469
684.6053
434.5701
616.2502
1337.171
645.2529
2172.639
611.2536
2016.161
988.9019
1630.451
1187.642
450.0595
1632.188
843.7721
610.3228
1455.409
459.86
434.886
765.7374
1245.317
1038.787
1206.646
1229.213
