89.73127
123.6591
164.6366
140.4468
149.5602
264.9882
268.6612
326.2984
397.6282
287.1824
369.2222
430.253
358.2396
191.8118
173.3235
168.8893
255.4991
246.2656
168.4967
155.6334
195.3643
351.563
180.6925
255.9475
155.4259
103.658
138.1067
205.0017
206.3007
245.9881
271.0925
257.1617
254.2776
247.7169
142.4253
126.0364
104.0074
138.848
266.2
185.3231
113.6427
160.5842
247.8476
179.5702
93.02022
141.7388
199.0949
156.3144
318.8521
278.0224
235.2717
269.5893
200.47
206.0363
197.2925
162.1318
186.565
162.4422
217.1439
385.7875
443.1641
430.4094
458.8447
514.5286
379.9333
543.8321
366.1887
311.3148
208.2918
186.7388
181.9127
138.4299
179.0466
144.6577
112.0433
62.54683
122.483
134.209
155.9988
137.5514
119.9436
101.1354
95.01192
145.7229
125.9134
172.0269
314.4291
543.4165
317.8104
206.7485
181.7497
137.0774
155.8688
201.5881
358.2501
234.9078
439.9945
223.4638
184.4422
191.413
149.6183
172.3147
167.393
190.5342
260.8528
177.4308
239.7764
305.1158
322.1333
421.9539
458.8554
270.1193
174.3489
186.6907
223.2262
299.6757
182.9845
154.2834
174.2389
238.6948
174.8182
142.8722
130.5582
164.5878
193.7688
168.2054
181.3766
191.4546
175.0431
259.6988
147.4338
183.8343
257.9577
166.6226
122.1477
151.8922
112.5775
158.2948
169.5169
124.0276
173.4128
192.1661
280.9355
185.1032
192.942
259.6639
223.744
198.9835
212.9051
195.1579
200.4083
272.5935
310.3248
277.9021
550.0938
489.0624
349.9593
209.738
156.5964
136.3381
276.9165
271.9426
225.2107
571.4702
668.1955
711.6522
796.0962
581.2354
360.4162
236.3725
161.101
158.4567
300.7524
252.5335
207.2564
236.1239
354.3383
290.838
215.1165
136.5241
234.6654
182.1406
437.4104
349.6673
374.9879
199.4189
201.9158
257.2259
183.1003
145.1577
128.5052
281.8456
213.2125
179.1617
201.4407
133.1546
153.1748
162.8721
274.1523
506.9582
265.6603
95.26273
162.8654
112.5409
112.6606
92.99735
135.7338
57.98031
64.49047
78.79657
121.9187
102.2177
181.5241
159.1307
222.2101
194.3634
221.944
205.4006
316.4585
274.6906
218.8173
341.9903
448.4644
370.3503
169.8198
309.6513
129.4975
144.2915
145.3033
141.0084
98.59598
81.03551
108.9995
148.483
94.80452
87.7592
219.1466
196.4878
186.2804
281.3224
272.6455
273.9172
270.9696
215.2792
130.2923
91.93902
254.1443
141.2715
126.6847
135.7791
131.0301
156.8158
260.9637
439.7184
290.6086
328.4593
476.3588
304.8521
305.4163
214.3863
161.8041
288.6489
477.446
336.9904
388.3577
329.031
136.3377
270.891
191.0849
419.2451
272.506
309.0626
213.7275
335.3712
388.4736
512.0028
422.1994
583.8659
326.9547
162.8231
122.7428
118.4111
97.93082
141.7696
224.3941
199.524
450.0954
706.0405
339.983
279.2031
349.4506
736.3059
485.0053
459.3212
416.4882
462.3399
298.694
265.9241
203.6041
184.3815
140.6343
236.8219
117.4304
140.8794
169.5533
267.0624
282.3602
185.6542
242.4684
365.0107
307.1131
162.7818
173.6971
200.4034
209.1113
131.5732
138.9049
191.5256
216.3893
113.3709
115.158
135.3491
168.3317
223.9084
266.9515
288.5535
280.2383
151.0553
142.3284
172.5745
132.7168
137.7755
120.46
228.1589
193.9349
151.1281
108.4313
302.4862
321.9952
320.7183
233.2462
372.9272
374.367
346.9386
338.4205
442.0221
330.9052
214.3478
175.2833
261.3707
341.7146
248.9763
146.0629
246.4666
158.2183
128.8443
237.301
146.4837
113.0523
125.1501
149.8422
194.6701
191.315
461.7465
195.6166
240.8527
164.738
221.6141
207.2414
244.7141
159.4567
123.7092
121.1343
136.8134
137.6567
75.85502
93.72903
111.8685
116.1913
127.9439
220.4039
266.8201
287.8473
301.5499
315.2086
384.1281
538.5107
532.3267
462.6978
332.7765
255.3351
154.6078
214.7282
225.043
181.7089
182.0666
127.2958
158.6645
157.8264
123.3368
104.7991
134.432
293.2851
255.7726
229.8831
370.2866
852.817
1279.12
703.2445
374.2146
170.2548
128.7535
121.2975
104.5547
121.9882
123.0351
118.6613
139.1516
100.5269
147.9751
167.6261
180.0968
204.1877
137.1884
150.1758
141.9389
154.7659
67.94743
138.1097
197.9689
157.3001
309.0608
347.8523
221.8058
201.5223
238.185
144.0589
142.2854
99.22296
115.8319
179.0008
140.5989
190.3533
144.4145
256.3601
421.4995
208.3059
84.22045
78.32674
103.5157
120.6598
137.4969
142.5873
108.8818
176.017
228.2387
225.0856
284.0029
254.2005
198.3578
328.4481
467.2004
315.5485
192.075
380.2977
426.1568
520.3898
612.6437
497.5043
568.9947
906.4561
476.4314
446.1891
338.0913
362.8089
263.0277
312.0998
315.8025
306.507
521.2016
354.5214
361.3596
366.8408
556.3248
307.4492
330.3722
304.4184
131.1449
203.026
242.7467
199.0067
145.5957
215.6344
186.2422
167.2614
189.1034
163.6576
230.2523
202.824
84.4256
