11.44639
8.112068
7.036362
7.014412
7.677801
4.714286
5.918532
5.748648
5.601746
5.681425
6.161531
5.855614
6.011
6.170272
6.331716
5.124182
5.404428
5.823454
5.618152
5.026019
5.422024
5.140173
4.763493
6.522795
6.121708
5.729777
4.813896
4.605327
6.661614
5.940516
6.712765
5.571382
4.544878
4.341501
4.891176
4.788629
6.047725
6.292992
4.129761
4.95228
4.531605
4.973512
5.505213
6.094517
5.088835
4.998677
5.514711
4.912592
5.146981
4.475058
5.497373
5.783073
4.972429
4.973321
5.310189
4.916093
5.58186
4.821714
5.786914
5.915877
6.015806
4.609278
4.900638
5.185112
5.866764
4.894816
5.726131
6.040344
5.730959
4.755895
5.570476
5.281067
6.189695
4.74879
4.751723
4.899803
5.391152
6.05407
5.844616
4.261113
5.393434
5.574261
6.757789
5.398457
6.496755
4.509315
4.822932
4.313934
4.516935
4.900088
4.492731
4.493464
5.089346
4.742689
5.757859
5.939656
4.378642
4.65706
6.147008
4.267214
4.112252
4.427056
5.049072
4.668347
4.275781
4.892485
4.863923
4.497854
4.692865
4.656825
5.408812
4.668027
4.18936
3.827362
4.030342
4.512118
4.288823
4.319286
4.444526
3.92475
4.988107
5.496119
5.310978
4.761571
3.924483
3.605662
4.326695
5.147631
4.79296
4.490942
5.314954
4.972806
5.34099
4.810675
4.333506
5.041134
5.723023
4.136839
4.149051
3.931027
5.071228
4.694148
4.158063
4.391634
4.407133
4.558547
4.54155
4.586886
4.289677
4.793101
6.098955
4.844449
4.688487
4.119582
5.021831
4.478305
3.731651
4.208527
4.938717
5.009646
5.18086
4.975354
5.59358
4.164399
4.548999
4.408268
5.625495
4.57749
5.124005
4.39805
4.158339
5.441
5.040685
5.176944
5.596894
5.264154
3.656195
4.16288
4.562688
4.971769
4.012111
5.271948
4.153726
4.522144
4.422253
4.958393
5.336756
5.862911
3.690935
4.279095
4.466247
4.678361
4.8687
4.093519
4.453002
4.757449
4.879285
4.657462
5.098057
4.350802
5.237559
5.781262
4.068799
3.998061
4.205663
3.815577
4.511186
4.939772
4.197458
4.848754
4.858915
4.96411
4.53799
5.048372
4.777197
5.045638
4.038011
4.063218
4.446727
4.641849
3.836007
5.204156
5.349294
5.32362
4.319931
4.16878
4.354553
5.233729
4.589608
5.167165
4.909343
4.153169
3.936188
5.158204
4.714612
4.766303
4.713413
5.450114
4.389251
4.438842
4.037448
4.556483
4.96039
5.319468
5.751703
5.850164
4.53262
5.195097
3.749722
3.843573
4.417394
4.635035
4.464407
6.121921
4.831317
4.119188
4.704942
5.789305
5.950667
5.120367
5.386207
4.402067
4.913681
5.670717
4.887051
4.293548
4.626546
5.00157
5.371488
4.350116
4.6793
4.304893
5.375307
4.975835
4.460674
4.610542
4.70722
4.720152
5.631439
5.317882
5.171588
5.212534
4.726725
4.609364
4.17074
3.84292
4.299979
4.347975
3.715207
3.793656
4.062899
5.696768
4.589306
3.950492
4.672565
5.014835
4.802794
4.781605
3.951936
4.548837
4.14879
4.654791
4.0482
5.137455
4.557857
4.290393
3.878806
4.216287
4.159454
4.393093
4.934649
3.685794
5.082707
4.532873
5.121659
4.830465
4.059676
4.268866
5.461393
3.777984
5.187958
5.580877
5.137314
3.953618
4.424421
4.210757
5.106485
4.49944
4.542951
4.92238
3.88438
3.960426
4.122559
4.352997
4.443457
4.240908
5.095416
4.519478
4.613666
3.482142
4.9042
4.269679
5.099158
4.519376
4.359803
4.670818
4.9283
5.063681
4.191468
3.663295
5.045745
4.305909
4.641213
4.381175
4.770588
4.873033
5.150719
4.471945
4.479098
3.906001
3.972545
4.371789
5.065489
4.676412
3.616447
4.695055
5.018571
4.951005
5.662467
4.655005
4.826665
4.927218
4.326463
4.6043
4.229756
4.859387
4.563368
4.235812
4.546977
5.317605
4.236611
5.517399
5.175892
6.346716
5.413328
4.693278
4.085706
3.557538
5.268503
4.277405
4.051983
4.883215
4.752657
5.865099
3.843977
4.072906
5.257704
4.620284
4.51281
3.294502
4.480961
4.042359
3.873316
4.159519
4.025327
3.973219
4.966747
4.376655
5.034961
4.892853
4.969835
4.398398
4.431326
4.312043
4.484736
4.145888
4.981838
4.74238
5.335771
5.621742
5.502033
5.869318
5.362105
5.371595
5.131126
5.640468
4.912129
5.281692
4.097283
4.357585
4.342589
4.886945
4.843462
5.487507
5.219936
4.685397
5.370473
4.501721
5.051839
3.877452
4.438599
4.334664
5.09045
4.653944
4.157747
4.751112
4.737278
4.947081
5.090961
4.464292
4.63616
3.698545
4.521665
4.645045
4.560831
4.73738
4.386539
4.599432
5.073968
3.490662
4.043578
3.901953
5.000726
5.465681
5.022307
4.043152
4.805086
4.857181
3.902823
3.933394
5.287018
4.372781
4.172836
4.513588
4.829155
5.00539
4.185153
4.638996
4.116017
4.53047
4.836169
4.916656
4.495229
4.086981
5.016695
5.467323
5.744865
4.247924
4.198612
4.069418
4.164623
4.487774
4.565633
4.538794
5.32168
4.372605
4.124462
3.782502
4.597373
4.291834
