319.2461
282.9643
403.2202
187.1233
216.2277
294.2238
208.7139
405.1459
200.8587
527.0513
287.734
279.6293
490.8452
280.4138
445.8636
248.5942
182.9002
289.7424
588.8725
243.3106
148.0681
243.3249
237.8683
120.9036
296.7689
217.0267
143.7358
457.4301
237.5802
111.5208
264.6745
87.47745
328.5898
633.1774
762.6412
131.455
107.4634
187.7012
171.1915
381.3433
1622.461
154.6457
326.6242
290.9121
1071.72
131.5253
180.9728
247.6814
126.6524
129.3804
286.0942
191.085
202.3833
534.2556
410.5108
387.2567
414.8815
184.5378
114.657
121.2774
338.1044
214.0986
1070.304
654.2327
156.9155
180.15
215.1268
335.9896
105.7493
235.706
167.9974
164.3907
224.7571
268.6364
185.3237
338.5234
316.6274
251.159
193.2242
264.6089
380.5779
100.6496
130.5565
322.9996
229.831
266.7848
239.8133
247.0141
90.18674
234.1518
198.0609
625.2694
303.5284
219.4445
316.0637
268.8492
536.7159
301.3875
154.9222
195.7599
131.0873
560.2714
278.2417
237.4602
330.6074
184.5971
349.6361
119.5836
225.2409
238.4702
139.753
362.0358
146.5734
157.8419
521.0696
130.9003
284.4812
443.6831
222.4138
146.9733
386.2505
143.5662
328.987
139.0347
193.0278
279.7551
262.5745
130.1807
278.4796
284.0421
233.922
370.6999
223.9208
214.1381
113.8439
282.4152
206.8318
192.8131
243.6312
121.2106
144.6187
249.3753
570.7664
220.9098
569.7228
376.2094
436.7633
294.1131
755.1072
713.1171
153.6564
375.1142
275.886
266.6778
287.7477
180.0134
255.714
116.3872
235.8049
152.7524
260.6795
155.311
178.8509
272.5649
353.4995
295.6411
509.6244
316.952
211.9967
587.2727
137.9068
361.4876
251.0288
375.3187
314.4964
862.9826
558.7462
308.0805
135.6935
189.9307
506.948
250.0255
219.9462
498.3946
725.1675
299.7394
193.9198
305.0198
193.083
235.0266
189.9065
313.0372
245.719
281.1215
242.4248
183.624
183.4719
397.5019
78.72587
445.6106
158.9137
199.924
266.7063
251.0377
180.5917
356.5641
201.4655
271.2554
173.5973
257.0152
86.23035
214.1928
497.7158
143.6753
102.7204
305.1393
303.6368
286.6418
1213.137
148.3795
121.2736
211.3034
309.2792
226.4226
218.5333
126.774
1071.167
172.2665
210.0948
159.7584
265.904
203.3574
173.4143
234.8451
424.4116
201.6
217.1348
215.2082
282.5721
302.3493
198.9824
235.7957
377.9781
175.4042
101.7227
301.8202
355.7053
145.3582
270.0566
104.5975
619.0457
274.7471
457.241
134.8197
407.7708
326.0437
543.2517
142.7664
300.9833
111.5489
229.5852
141.9476
147.8205
335.0807
172.3901
132.0115
132.4528
125.4208
195.0377
318.381
226.0173
286.8946
407.5715
1067.437
518.8233
448.3621
251.3264
155.5867
266.7124
174.5361
331.9765
177.429
136.1
329.7235
130.9574
222.9678
452.2476
265.9096
248.9207
137.1519
241.7822
459.2562
178.8382
281.5864
257.2303
506.1361
158.5207
317.8217
344.6293
167.5004
128.2958
179.0575
249.9612
180.2123
127.3959
263.5127
170.1995
525.8422
430.1483
173.2324
225.7455
187.0148
314.2696
100.1726
176.5742
380.7641
246.1688
361.5024
153.3912
224.1148
153.8792
264.7174
334.913
218.4662
175.7621
386.1639
415.1016
850.3383
134.4353
129.3682
166.8827
363.5242
189.2316
162.7289
143.9209
325.9285
930.4419
154.6018
90.7579
162.8737
147.0052
436.9632
255.4223
229.7221
472.3523
361.6811
264.4917
642.746
282.1964
273.8378
227.3576
173.2428
209.5147
304.2314
477.6718
156.1137
190.803
208.4052
179.5276
89.21126
144.1518
130.7605
239.6897
176.9339
399.0719
532.8694
299.1734
408.031
395.4
228.6484
206.9118
174.9476
404.0404
123.924
186.0353
126.1631
405.4727
101.5911
253.6112
163.3949
225.9124
170.7105
497.0364
117.4445
232.5481
194.576
209.1263
145.7192
446.9812
164.8117
151.2526
130.176
523.6016
234.6452
316.0641
165.8989
361.8574
189.2591
270.6861
156.074
307.0141
269.3637
113.5007
555.8178
154.1277
114.8471
399.5411
228.3458
208.8596
152.1531
620.3029
198.207
141.6555
226.5475
352.2262
235.7751
144.5378
123.7608
129.395
616.9947
372.1812
277.3855
119.2062
321.4624
479.5634
857.9442
265.3699
290.2531
178.0174
156.1888
194.109
215.7365
493.8662
342.24
500.8452
216.4682
153.1868
267.4023
157.7215
171.2877
203.5431
111.3518
639.304
156.2371
159.1979
188.5823
210.3662
242.8519
159.7134
375.5626
186.7622
504.6508
186.2065
149.5951
194.3737
253.651
190.6338
246.2484
261.1759
131.1684
181.5257
814.5732
321.4193
294.9704
289.5159
398.7835
138.9424
136.6118
207.3289
212.6338
245.3663
430.9042
152.4234
155.2292
139.6285
669.5619
201.2811
94.01111
172.6067
238.637
282.7189
160.644
145.1678
389.067
252.0236
481.8663
232.9734
214.6516
239.5501
175.111
197.917
327.2489
294.4523
192.3331
1051.159
144.8732
283.8637
292.9384
166.3688
236.9963
