24.39225
22.13152
25.72114
58.44167
67.28368
62.60552
25.64893
15.12791
10.55519
12.51985
11.04372
12.57573
18.52583
17.04204
13.01867
14.39693
20.39248
16.59925
15.70404
33.81878
30.39323
23.75199
15.20412
10.64968
8.088531
6.917488
14.4868
10.23856
13.78991
17.92099
13.41406
15.8362
22.186
21.00969
12.20802
13.67605
16.31654
10.79386
12.77459
13.34969
12.90786
10.23531
13.82768
10.85302
11.83269
6.993385
9.571514
15.28011
12.94835
8.199299
14.95132
28.4762
27.98154
12.24862
13.79889
7.67812
9.569736
12.75117
11.15294
12.13116
14.88241
23.79139
23.03251
22.50368
21.30433
17.17865
24.09178
33.51708
21.30937
17.78564
18.41099
19.66652
8.077631
9.617235
10.50572
7.07174
10.78338
12.99427
11.89285
9.605638
8.085275
11.05079
12.15893
16.78466
12.47512
10.0823
18.83684
27.46753
16.85199
11.07306
11.35897
7.073428
7.65976
12.43294
16.35837
15.40459
23.21693
21.44689
18.22439
19.24555
15.37437
10.11096
6.771984
11.50895
16.70479
12.09243
7.149487
7.542678
10.14265
15.91829
14.95642
9.176705
14.04521
15.52439
16.27517
8.978852
12.1965
11.64677
12.73913
15.97491
17.35822
17.74345
13.89665
12.06148
9.950123
10.75218
10.53169
7.585096
13.28421
12.85109
8.48654
8.708609
8.454802
11.56265
14.14966
10.28568
15.60339
12.19396
20.08173
19.18183
29.25002
37.67653
25.02548
28.07094
49.53388
29.00457
24.492
18.10043
14.40046
17.43674
19.08346
11.19223
8.23169
14.77885
11.71142
8.979577
12.69514
27.74596
38.73022
41.79642
29.07492
18.25954
31.1882
32.05047
21.23825
19.40496
17.99967
13.54232
13.06127
10.1036
13.7168
12.82593
9.127285
8.310575
13.4214
16.49924
24.50062
18.28748
14.51383
8.989604
11.98362
8.89649
14.48511
11.28612
11.97951
15.272
16.94785
20.33006
22.23772
20.22211
23.10466
33.91864
9.869305
6.901675
7.988382
13.5198
14.3945
14.42388
15.71621
11.53937
15.90739
15.13075
26.01493
27.46364
23.27055
19.14455
12.1895
10.12815
16.08946
11.18943
14.16028
19.0804
17.11966
17.41979
19.27568
16.83343
18.62819
16.39276
21.45548
16.6274
11.75383
14.34782
15.07715
18.97888
19.49563
20.9209
25.49016
19.82316
17.55444
13.17882
12.35484
22.99643
18.37903
26.42308
21.89481
27.30586
13.13074
14.86148
27.95413
17.27394
17.61061
15.90637
10.21905
12.72176
9.798801
10.86332
8.658486
11.47416
10.07928
10.47201
12.05387
18.49369
15.86104
9.26634
7.905237
10.71848
10.67374
13.29836
18.57462
15.15317
10.45913
6.579081
6.681072
13.08836
20.55264
15.46481
12.61395
27.96223
19.62304
25.32491
14.43704
17.20067
25.96279
19.47105
17.8355
13.29926
17.51922
16.48895
12.9018
17.02902
29.31382
32.61449
21.72431
16.72196
15.74809
20.67839
23.18463
19.74957
11.34739
16.28343
11.3834
16.27825
13.17483
15.75957
20.26496
16.19619
8.907865
12.0435
13.44666
20.11986
35.02031
19.93454
20.9689
15.61282
13.89266
10.97149
20.60062
14.89184
13.52553
15.66564
14.13
13.66679
18.25637
12.69672
25.4783
31.18682
35.9959
25.76375
18.68384
19.73324
16.988
17.07054
20.43209
18.36622
15.5828
12.71088
11.7669
18.6701
21.01234
18.52026
16.56961
9.566276
21.28341
16.80994
17.45509
12.18618
8.456349
12.58544
9.736853
8.96385
10.85106
18.26502
14.79656
11.7643
16.02866
26.48928
25.85267
18.93369
33.94749
26.78375
17.00989
21.92775
13.94599
15.40209
16.06558
15.51939
12.02403
8.73278
13.20264
10.43675
16.77103
37.73263
20.91584
17.16513
18.74118
18.7252
11.51413
9.789308
15.79288
23.84064
12.12477
12.32645
6.675426
12.94705
12.18929
15.54515
19.88377
14.84626
17.98934
13.21159
14.21536
15.54466
17.60822
17.59272
18.11767
26.71244
18.21858
10.08036
10.03439
12.61063
9.496949
11.05282
19.0273
32.21244
17.45891
10.12738
18.25205
16.45713
22.235
17.09012
22.36078
14.14286
23.98639
39.9803
22.20042
19.28577
19.29247
14.01527
23.83594
28.3429
16.6829
16.19653
11.35852
9.32792
10.80087
9.375707
7.614879
10.95916
12.96554
15.97385
14.133
15.07121
19.93845
15.67386
20.70815
19.72956
14.97729
14.24535
18.49551
24.13561
16.1751
13.76209
20.87793
25.77195
34.38291
27.82374
19.01322
21.24231
18.04007
16.99876
18.51996
25.06889
28.11845
23.77425
25.43619
13.24298
15.78817
27.07832
15.20679
11.51073
14.22468
17.86622
15.4633
16.85418
16.41011
21.99455
17.01269
13.42032
13.49746
14.63472
12.97174
16.54178
23.31823
26.97367
38.2687
17.19307
18.47839
14.10433
17.09828
32.6424
41.38605
25.52898
22.39499
18.84321
14.78355
17.68659
14.6008
12.27082
12.86252
11.41721
18.05302
12.30041
16.25783
7.04037
12.98038
9.864092
20.23633
22.79198
23.24471
36.27054
39.02222
41.5173
29.05204
20.20775
11.71252
16.36809
11.80253
10.14144
16.89152
17.18163
