17.15028
19.23568
38.6074
103.2763
468.9212
5648.138
5490.48
6146.554
6267.841
5940.257
7933.037
6945.537
6881.623
7585.079
7535.993
7112.583
7416.957
8118.517
8295.566
7036.146
6794.287
7068.21
6553.412
7913.08
8300.788
8978.411
8611.576
7129.22
5904.773
7080.47
7811.528
6171.979
7228.905
7194.151
6742.339
7858.699
6985.229
6884.322
7450.407
7710.538
7535.936
7136.984
8304.718
7612.228
7922.274
7825.068
6932.397
7626.489
8383.396
6235.525
7050.724
7012.567
7905.884
7574.348
7882.567
9280.192
7870.044
7580.878
7793.406
7979.943
6683.665
7009.534
6991.069
8591.067
7511.16
7572.212
7045.069
8284.546
8067.59
7136.016
6699.359
7228.472
8014.391
8397.157
8449.873
8197.415
7826.632
7510.474
6746.354
7761.734
7365.793
7136.451
7917.881
7439.028
6919.814
7186.74
7077.112
7490.799
7345.055
7445.978
6708.658
7440.861
8497.708
7468.95
7017.604
6550.364
7294.899
7738.404
7413.852
7423.788
7264.252
8730.76
9006.407
7684.48
7648.962
7768.74
8540.588
7365.294
7951.996
8157.281
8286.266
7736.402
7887.87
9105.611
8107.714
7233.089
7271.802
7178.252
6487.22
7131.23
7933.225
7777.031
8156.024
7024.026
7550.705
7242.843
8370.467
8392.273
7263.637
7141.129
7074.878
7048.008
7451.88
7801.64
7542.288
8043.238
8233.931
7437.75
8038.581
6559.501
7961.103
7099.531
7363.329
6889.446
8950.283
8361.44
6925.637
6413.8
7091.666
8015.744
8492.2
7656.052
8117.536
7676.641
6683.164
7092.783
8025.639
7731.802
9049.802
8563.183
6521.161
8164.752
6962.18
7765.501
7889.6
6177.934
6905.581
6769.278
7248.074
8233.416
7131.576
6862.573
7468.023
7272.163
7549.993
7688.358
8243.166
6745.441
6570.515
7993.928
8038.133
7328.626
8030.485
9145.538
6889.138
7346.689
7966.709
8466.229
7526.247
7116.004
8334.555
7795.819
6824.647
7885.983
7726.742
7901.391
7115.274
6501.003
9066.051
7222.263
7681.552
8232.677
8451.038
6419.25
8298.818
6443.498
7039.544
7005.391
7319.286
7646.364
7356.38
7487.384
7860.803
7210.396
6819.129
6733.506
7144.318
7490.331
7215.722
6800.904
8006.244
7031.708
7598.897
6982.575
8183.341
8629.106
8019.893
8154.373
7619.347
7767.577
7832.725
7272.908
8076.815
7539.706
8627.306
7030.769
6831.515
7302.269
7385.329
7515.263
7121.12
8383.936
8114.654
6947.258
7630.543
7426.402
7019.393
7632.553
8216.739
6947.579
7794.698
7766.023
8173.976
6789.814
6156.07
8004.972
8374.647
8191.384
8271.177
7392.923
6981.389
7915.576
7159.354
8364.855
7308.14
9627.313
7427.321
7640.905
7669.171
6860.593
9502.911
8495.294
7403.676
7060.895
5497.197
7157.38
7630.066
7323.264
6846.729
7893.879
6944.237
7150.77
6103.51
7980.53
7955.774
7868.159
7175.83
7977.538
7888.751
7059.04
7052.769
7943.505
7813.214
7036.584
8695.902
6577.323
7744.207
7953.326
8006.913
7079.266
6920.929
8546.405
8038.325
8229.759
8357.253
8702.193
8450.77
7075.216
7062.518
7473.285
6859.044
8545.789
6161.141
8099.522
8214.233
7289.528
7921.591
8276.272
7820
6886.813
6794.389
8860.875
7368.738
6458.299
8385.284
6474.578
7410.741
7880.824
8060.792
7122.123
7925.358
7225.936
6597.488
7831.584
7640.38
7574.788
7131.929
7299.59
6918.086
7777.152
7276.907
6921.796
7284.645
7692.506
6984.205
8680.328
7009.048
6880.666
7069.232
7895.134
7469.109
5873.526
7676.124
7032.374
8482.057
6754.667
7280.818
7756.894
8654.957
8829.831
8289.288
8523.602
8379.75
7719.604
8290.414
8021.315
7639.71
8513.809
7490.147
7163.47
8342.182
6483.922
8153.73
7868.943
6864.797
6288.464
7871.552
9098.453
7652.042
7702.725
8479.935
7750.065
7091.405
8034.138
7934.153
8554.997
6572.233
7944.744
6793.434
7233.747
7599.627
7869.946
7935.928
8060.192
6897.677
7757.497
8235.378
7468.955
7455.255
8081.661
7669.504
6737.935
7629.923
7837.107
7653.877
7555.73
7174.69
8294.479
7185.866
7844.796
8058.478
7480.818
7790.556
8441.143
7869.08
8486.93
7717.875
7545.199
7332.761
6826.655
6544.321
7363.415
8011.056
7017.734
8127.498
7850.177
7820.58
8021.821
7611.497
8403.176
6619.906
7363.883
7023.115
7620.077
7994.525
7531.471
7964.646
7240.59
7309.749
7783.726
7691.439
6733.555
8354.482
7566
8187.045
6122.334
7619.543
7716.942
6492.75
7379.197
6999.641
7757.53
6946.267
8322.041
7336.385
7862.393
7298.859
6929.717
6954.301
8334.696
7623.353
7731.341
7191.061
8044.355
7211.46
7133.44
7744.499
8165.124
7945.316
6967.814
7336.466
8448.113
7990.677
8173.389
7530.722
7805.215
7034.314
7538.189
6223.567
7667.791
6993.922
7982.948
7650.737
7689.48
10010.53
7122.135
7486.856
8238.892
7996.421
8088.093
7649.054
8197.35
7158.352
7043.157
6630.036
7553.053
7686.532
7210.607
8631.955
7613.922
