15.6901
14.87734
16.32156
13.90926
14.08607
16.45931
15.88143
15.87652
14.99465
16.77157
15.49044
15.13677
14.91217
15.18831
15.10867
15.48016
16.01142
15.52034
15.18642
13.0553
16.3251
13.00575
14.54737
16.93738
14.13589
14.37541
15.00084
14.30391
14.28352
14.05526
14.5628
13.97369
15.23691
15.10987
14.90968
15.22027
14.28372
14.28251
14.93672
13.82499
15.5328
15.31726
13.80095
15.37774
15.4849
14.9108
14.89428
16.0953
14.7651
15.49363
15.91688
15.08763
13.41681
14.35922
14.05671
15.64069
15.59096
14.16667
13.90538
13.45976
14.41347
14.71888
14.28987
12.84267
13.39426
14.3068
13.41469
13.95705
12.3138
15.69825
13.48645
14.40574
14.62263
15.4568
14.09804
15.4467
13.94955
15.42998
14.08147
13.30273
14.19616
15.27356
15.09326
14.57246
15.10186
13.1074
13.76059
15.95498
14.14864
14.9046
14.01425
15.93203
13.89903
15.19371
16.10295
15.90531
15.52996
14.7913
14.35942
16.83794
14.39121
15.21346
14.0506
14.91661
14.52527
16.23161
14.01437
15.48175
12.11545
15.28781
14.16057
14.78801
13.9708
13.33486
15.54736
14.28176
14.48694
15.00181
14.56551
13.67704
14.99441
14.04461
15.26996
16.70048
13.88513
14.60072
14.21022
14.55784
14.62944
14.63139
14.83252
13.81374
15.73858
14.91356
15.66179
15.07169
14.16707
13.59778
14.5445
13.0161
14.56192
15.32005
12.60821
13.19502
14.24652
14.06473
13.29456
13.39833
12.78098
14.19263
12.68062
12.59428
13.93082
12.42084
12.70482
13.53629
13.72978
13.47085
13.67541
12.80251
12.5075
12.94166
12.80524
12.75567
12.69348
12.40281
12.5406
14.65222
12.77368
13.36912
13.79895
12.03121
12.50897
13.3666
12.01587
13.64367
12.03873
12.42513
12.35172
11.88422
11.47447
13.78393
12.36568
11.99229
12.23238
12.24561
12.92804
12.82588
13.65069
12.71147
12.08853
11.64441
11.11613
12.15787
12.27077
11.83111
11.36628
11.29406
11.94103
12.69603
11.0768
11.67206
12.24456
12.99326
11.43654
11.96431
11.52288
12.24946
10.88571
11.41704
11.41992
11.18697
10.82627
11.35145
10.84706
10.6546
10.97803
13.00987
11.60477
11.21844
13.05039
11.71675
11.34445
11.59539
9.734075
10.80738
11.56874
9.845257
11.54831
11.36125
12.42583
12.60768
11.20959
11.66026
11.62565
11.50847
10.69337
11.53573
11.48522
11.0983
11.84388
11.03676
10.77537
10.92311
11.98751
10.92543
10.28825
10.7915
10.54156
10.18094
10.64152
10.9053
12.23018
12.33887
11.9481
11.14343
11.70158
10.41494
10.13137
11.21742
11.12945
9.710969
10.57515
11.56642
11.45554
11.62845
11.34345
10.98256
11.24633
10.77053
10.46267
12.11194
10.21165
11.38901
10.68195
11.37031
11.2722
11.37685
12.02965
11.57434
11.32796
11.38049
12.02226
10.90757
11.13708
11.19577
11.07801
10.76901
11.05553
11.76458
10.21713
11.72423
10.81035
9.647626
12.02821
11.59061
10.95898
11.52181
11.38969
10.76851
12.4849
12.05569
11.89088
11.54932
10.67775
11.19078
11.19202
12.37043
11.09704
11.48114
11.42929
12.23767
11.30129
10.92174
11.74383
11.50882
10.69353
11.89793
10.77343
11.06069
9.860072
11.88801
10.94977
11.37365
10.46108
10.94512
10.68251
11.17302
11.29769
10.78206
12.04242
11.43771
11.64875
10.63647
11.39008
11.98407
11.53398
10.57229
11.30469
10.76502
12.21566
11.92415
12.21457
12.15292
11.6492
11.29205
12.56344
11.83182
10.6504
11.65084
11.13241
11.26333
10.66723
11.23309
10.27071
11.27845
12.31893
10.89387
11.77944
12.83474
11.09189
11.14553
10.80582
11.28033
11.36963
10.696
11.12879
9.865796
10.74674
10.59556
11.68909
11.03552
11.32393
9.778498
10.64819
12.62826
10.15121
11.94424
10.32422
12.39999
10.78108
11.76177
11.1597
10.88081
10.85583
11.23571
12.56327
11.05887
12.58706
10.45356
11.38012
11.74958
10.43011
10.90242
12.44183
11.27194
11.35107
11.88467
12.36478
11.27916
12.15815
11.47063
11.85641
11.44567
10.38493
11.55111
11.37474
10.99342
11.45281
12.83731
12.03211
11.88392
11.38158
11.589
12.1993
11.87319
11.92304
10.16925
10.65033
12.4293
11.02897
11.45771
11.5698
11.64481
11.69661
10.90828
11.60149
11.35694
10.67035
12.2113
11.04292
10.99519
11.63434
11.73371
11.89916
10.84654
11.0196
11.76493
11.44473
10.84096
11.5769
11.47837
12.59822
11.07829
12.33106
10.92425
12.98244
11.80059
11.38658
11.41429
11.95329
11.77462
11.58826
11.18965
11.3662
11.20779
10.56687
10.4064
10.30049
11.72917
11.87688
12.15632
11.77663
11.3062
10.16232
12.21884
10.7403
11.76231
10.53519
10.75989
10.52828
10.96693
12.52818
10.88309
10.58413
10.04112
11.49259
11.8073
12.0191
11.39812
11.50107
9.74434
10.88926
10.96798
12.62201
11.87922
12.36917
10.98117
11.96735
10.44146
13.06338
10.93205
12.85968
10.66314
12.51197
11.30122
11.39336
11.40797
11.91237
10.85844
