66.63558
57.67548
49.43403
56.05272
53.93837
55.6768
59.91259
53.56972
63.83696
55.99198
59.14693
52.10386
56.95023
64.7632
55.04156
64.01383
64.09358
57.63262
52.8413
54.84176
58.22598
56.42005
55.8519
54.22777
60.40642
59.55156
60.54302
59.27813
60.26472
55.69963
60.21115
59.09667
63.29386
55.84186
56.11145
51.92629
56.55122
60.08308
56.0063
58.80323
62.15834
53.83427
61.27263
52.41927
56.40657
55.00629
56.00936
54.63768
57.4105
65.03722
64.51571
61.35984
56.76907
58.37328
54.32298
57.22247
59.50667
58.64574
60.02523
59.21264
55.47729
62.58092
58.31013
61.72025
56.659
64.28325
52.47284
56.64541
66.82008
57.0398
54.9112
58.51563
67.43579
57.98758
60.01553
63.02518
56.00292
61.85924
61.06406
61.1611
61.59114
58.5443
59.24795
69.45181
53.69309
57.39234
58.60823
58.59743
60.6703
68.39358
53.16503
54.49936
57.99906
57.92894
53.4524
56.05147
58.08644
58.23179
61.86125
61.4639
53.87461
58.75216
54.52165
57.17478
54.16482
56.18789
59.56948
57.68222
62.2664
59.9933
54.91124
50.44452
63.73728
57.95806
58.50125
54.98861
51.7971
58.81937
57.46896
55.40221
52.92884
56.9685
57.39998
57.71209
62.12551
60.02451
56.84613
57.57521
60.23897
59.14952
62.29199
63.66759
60.58727
54.64453
59.74311
55.18563
58.08103
61.54814
54.43935
60.07219
58.56673
59.74452
53.42623
58.96484
53.43313
54.80413
60.98515
54.18078
58.25973
62.38842
54.30421
54.95837
57.14781
49.97649
56.85153
62.09782
63.46308
60.29877
54.35862
59.40881
60.86615
56.41624
58.02059
60.45126
65.0455
58.04273
60.89062
61.5407
62.29542
58.71757
55.8383
57.70993
59.96128
57.42699
60.7611
60.45883
62.28757
56.23308
52.15633
57.95253
58.35442
62.70759
55.52467
56.52556
53.99175
57.44544
57.57414
54.04151
56.2579
61.45221
59.27157
59.03615
59.8406
60.59412
59.78148
54.15204
62.68098
61.26023
55.47536
59.0885
58.08025
59.87847
59.98347
63.26176
59.84019
59.26992
61.29859
56.81636
55.80439
59.43178
60.81415
62.87038
63.05064
60.71789
62.04983
61.11853
63.53942
53.77875
61.58104
56.56701
58.94435
54.04657
62.7763
58.4248
52.37942
57.00747
58.45114
55.71332
60.13102
57.65752
58.14044
62.86712
59.06937
57.26609
60.96268
57.94824
55.44929
63.8525
61.07815
56.37889
57.76399
58.61829
57.29728
55.11405
57.17166
53.28577
60.12
56.86743
58.43335
48.63206
55.8351
60.53818
54.76562
56.65054
59.07738
56.89159
60.97865
56.01921
57.03924
57.85282
64.55267
57.36655
63.06405
56.45218
61.1081
58.12851
55.02364
56.40996
57.94657
57.76913
53.86947
53.30018
56.93495
58.24569
56.63642
53.91232
56.63599
61.23971
58.34197
56.08324
55.75429
53.61022
58.18389
54.41665
64.58295
63.60796
56.42652
58.03883
52.44534
54.00317
61.12318
57.69918
63.25803
61.99684
53.9274
59.88498
62.09632
59.3696
64.77837
57.57657
58.82179
62.6313
60.42695
60.07487
56.60814
61.33508
58.45621
55.66503
54.81987
59.26736
53.67556
55.76134
52.45075
56.17494
60.32933
58.5245
60.02468
52.57941
64.00708
51.18745
54.81369
60.84091
52.455
58.53152
58.19772
60.47567
55.02856
56.19138
56.73882
59.6196
61.45229
54.16549
62.0165
58.4194
63.87669
55.22386
53.67474
57.95373
57.63269
60.76639
59.93203
58.8422
62.03476
54.93764
59.66248
56.55115
54.47488
55.4027
61.50367
63.71933
58.11551
58.99353
54.17395
58.15895
60.66383
57.04478
57.13063
68.14457
59.44267
62.2007
59.64696
62.49819
57.51883
59.65183
57.99835
61.41833
59.07413
58.3058
59.97109
56.48145
55.8604
53.42296
57.00383
55.75019
56.44256
60.21647
55.63092
60.70834
53.47414
59.52078
62.47487
53.83988
62.3953
61.46954
54.82385
56.64779
59.82538
52.9656
60.95219
56.64513
63.24689
65.18658
55.38451
64.29986
56.78701
57.49689
60.07293
53.40848
59.9778
53.48932
57.83429
54.56468
59.11571
63.67802
58.09876
54.7617
61.9777
56.87702
54.13145
53.68479
57.14207
56.24982
59.99314
52.21823
54.45523
56.82629
56.1553
55.24458
55.97854
59.08846
64.73011
59.02705
55.63729
62.21009
59.32568
57.94974
57.89394
57.34287
57.69659
64.06277
59.89072
62.72488
56.27531
56.7728
62.95204
56.26116
58.45885
60.6221
55.60698
64.49475
57.31607
58.44152
53.34432
57.28199
57.97778
60.87715
59.00675
59.93081
56.35694
59.78729
57.09829
60.19495
60.47805
57.76917
55.73632
59.90989
58.60371
59.87397
61.93024
56.20522
57.93186
52.54842
58.75525
51.82796
52.16142
57.71111
51.73048
55.96483
58.9397
62.3653
54.59409
55.91573
59.6242
53.57573
59.12431
62.01356
55.60027
61.32088
55.49835
58.10826
57.90264
63.06064
58.84429
60.35622
65.66246
57.74696
57.4722
60.75279
62.56731
58.38162
56.98702
60.619
58.88113
53.99986
56.2027
57.56286
59.69042
59.1635
60.81516
59.03399
