53.27996
40.837
45.29369
47.44772
46.96034
42.1812
49.4794
45.54371
50.24764
46.66554
51.82607
47.5995
53.56702
46.08164
45.55333
47.66731
41.90818
53.25019
41.66337
51.47901
54.6182
51.63934
45.19014
47.42985
49.95815
45.45858
47.832
41.87735
47.4848
52.55701
46.65531
42.47156
50.07421
46.14325
43.35408
53.44098
51.1473
47.74215
48.20888
49.31932
43.34638
45.28683
45.36087
50.84012
44.48674
43.63453
59.53223
51.98476
52.4504
54.41402
45.31408
46.84618
47.25922
54.0695
41.89059
39.52421
38.24429
46.39312
50.4066
40.70103
42.35697
46.95601
41.292
46.71668
44.11726
44.13774
42.6513
43.30483
50.49389
48.20632
46.79261
47.07821
42.42445
49.18068
51.17788
46.85003
47.7906
55.11174
46.07783
42.96603
43.43742
52.72056
50.92979
51.15426
45.84596
51.99826
51.33593
52.43765
45.70155
48.2211
47.61142
46.36443
45.94298
47.01939
43.43633
40.76711
46.61301
42.6075
46.51045
50.23627
43.22043
43.67029
48.52792
46.88025
43.62309
46.87724
45.33447
43.37527
44.00495
49.42493
48.95144
43.63334
48.39702
43.93496
48.20352
41.87178
52.78966
49.63096
48.09573
40.18168
49.59045
47.92118
48.82704
39.67777
42.56874
45.72507
44.47258
50.92847
49.98759
50.5585
44.94312
49.45854
45.26413
44.86046
41.74864
47.33777
41.91171
46.13387
48.90619
48.58383
51.72045
47.90534
49.49354
47.80066
52.80149
48.57593
51.03073
46.16865
49.39367
44.14456
50.66906
47.87181
48.8121
53.88013
54.2209
49.6494
49.88946
50.84683
51.16476
44.29604
44.428
46.25634
50.64292
48.35702
49.05072
44.14153
51.09396
41.03751
49.26588
48.17483
47.26188
49.82165
43.01402
50.95209
46.08416
41.49789
45.67564
50.56931
50.67631
45.5915
47.43943
45.19659
47.68294
56.23989
41.91461
52.30536
43.87231
48.54357
52.6914
50.79907
46.67893
47.76003
46.37182
47.35585
43.13698
53.45756
46.39267
47.73832
46.71267
51.10526
53.30266
48.74666
40.94442
49.8711
42.9002
47.93123
48.87619
50.91998
48.8595
42.83437
45.78307
51.70718
42.07818
44.52964
42.95538
47.76463
45.40251
47.39053
45.38603
58.83461
45.55092
47.2284
48.43916
46.87748
50.25865
46.2852
46.56341
52.48328
47.53526
47.84329
43.2824
52.00005
47.26854
49.93609
48.73751
51.35052
42.99802
50.51281
41.38883
45.39075
49.03158
47.93671
43.88192
51.58532
48.46618
43.66689
43.81793
44.73352
46.49527
45.09798
46.00971
40.64185
45.80016
47.54031
39.86711
47.07298
45.8819
50.14378
47.99597
45.07599
48.87542
49.59336
43.81612
48.11485
46.38863
45.72126
46.43004
49.48738
44.32761
51.72174
51.87529
47.38825
48.63437
46.05167
45.29275
40.53174
47.48528
46.78375
50.64592
43.75558
45.46389
49.65695
55.48153
47.35708
48.28092
54.80123
52.33891
50.23849
45.85578
43.82643
46.38422
47.39838
46.61868
46.66438
51.87281
46.16294
51.67639
50.23621
45.77307
48.7911
50.21407
43.70559
49.2316
50.94653
41.60053
44.24128
40.89571
45.02409
46.02002
52.84149
52.01136
47.49606
49.43999
50.18292
48.69621
52.02505
44.18233
45.04052
49.08739
45.10954
45.46786
53.38251
48.11894
53.67253
49.92411
48.52199
46.49131
47.61641
49.2002
43.41437
48.17643
48.55969
48.95662
44.26919
46.68251
45.23944
38.51024
43.01657
48.12601
49.92323
45.1153
47.11331
47.0599
46.95767
44.98025
45.99952
46.83488
52.07095
46.70476
49.40097
46.43512
44.65161
49.64705
45.00497
46.09044
47.80786
44.677
50.39706
46.43789
41.94669
42.13717
46.20882
41.58413
42.6722
47.83163
51.63359
46.35389
45.15428
51.49923
45.85992
53.83136
41.55355
51.27552
47.9123
45.91736
42.05123
40.2938
42.76952
45.18433
46.72625
47.67153
45.7606
37.68541
43.73998
45.90225
47.77322
47.57053
46.00033
49.61585
49.35001
46.60653
43.13169
43.55618
45.89224
43.18947
44.39181
42.20491
55.21674
41.7808
50.81095
50.03075
43.8884
47.28381
48.06816
46.97172
55.44414
48.01586
51.68335
47.50766
40.74707
45.95948
45.36215
42.11835
42.68611
49.77316
46.97665
40.84778
50.66625
46.33959
45.49589
46.70892
50.85978
49.41051
46.91737
48.06106
42.57571
42.2833
47.89561
51.27334
50.30787
49.50319
55.60489
51.34903
47.39229
42.09344
45.611
44.82457
46.76806
43.65586
49.85455
48.44258
48.18624
44.25415
40.97351
48.18385
50.15022
47.75248
47.75529
49.33389
46.75397
44.29664
42.28818
44.14537
48.75491
44.37531
48.16353
47.13621
47.92371
43.42697
46.76557
44.93507
46.70159
45.62814
40.75573
43.73781
50.09804
46.47364
48.56367
50.77176
51.26164
49.164
51.21061
43.36666
44.30754
45.98156
45.22545
48.0817
46.83294
44.63036
49.10631
45.50193
49.4802
45.48845
42.17155
46.56822
52.57573
42.93196
47.30584
43.38313
43.26825
40.98627
40.19291
46.2302
52.52696
45.54399
47.36611
44.60991
41.77715
42.22814
43.76936
