108.7762
108.1947
107.1339
104.8637
104.6579
105.9964
111.5452
113.532
112.464
108.1579
114.1035
110.2022
104.9811
108.9974
107.1161
109.3872
113.0668
111.7407
114.7939
115.1667
115.766
116.9164
117.5747
116.8309
122.7323
120.1431
116.2067
118.6035
117.7804
119.374
122.3637
124.7014
126.598
122.5754
120.242
124.1094
119.606
126.7121
122.4181
122.5606
121.5561
121.5475
120.0332
121.0732
123.9644
124.1332
128.2823
125.3589
120.4782
123.18
120.8861
124.0859
124.9833
122.5103
122.4427
121.324
121.5673
119.6309
118.6384
120.9601
123.6216
120.5969
120.3984
119.2534
117.7283
112.3099
107.7505
111.038
116.2224
121.5693
122.2676
126.4374
127.4318
127.48
129.3241
131.8013
130.5672
129.8644
133.7944
137.7466
135.3299
133.4507
132.4803
129.7329
127.7339
133.0035
134.6672
132.2149
134.0198
135.7457
133.7372
126.8318
133.2392
134.3601
134.9751
129.8318
132.5322
132.6622
139.1519
134.5789
136.4175
133.7906
130.9608
131.8228
131.3812
134.8804
138.5608
134.6882
136.5569
132.1561
128.8593
131.8971
134.1627
138.0393
137.636
134.1472
133.294
128.042
133.5771
131.7543
129.2244
126.0831
127.4648
127.4171
126.9476
127.9932
126.5924
126.9671
130.9582
133.9206
137.3366
139.3072
142.6945
146.4523
152.4622
146.0964
146.3475
148.08
152.3245
151.1656
148.8863
149.8609
154.6757
151.8156
155.9825
155.3807
153.8372
156.6274
155.0312
154.381
154.7872
154.5979
156.988
151.7196
152.0228
147.9168
148.4151
148.3687
144.485
142.649
146.4605
144.8692
148.0605
150.7651
150.7345
155.0041
155.1688
153.2969
153.0369
154.4946
154.1689
156.878
162.0469
160.2826
158.7855
155.0385
154.7843
156.6961
149.3383
151.8047
150.1893
147.1346
148.598
151.1834
146.8769
150.169
151.3483
152.213
156.1612
151.3829
154.4208
154.966
153.1199
154.0193
157.2329
159.5482
165.3562
165.8872
160.9687
168.0277
166.3818
162.3653
163.3199
156.5881
155.7943
158.4575
158.1591
154.0027
157.5949
151.5429
152.2955
155.8949
150.9442
149.3008
148.5983
151.2839
145.7953
141.6601
144.1136
148.0897
148.0494
150.7033
158.9557
160.9208
160.0651
158.1391
157.5801
162.1359
160.7652
162.0244
162.1027
159.5686
160.2833
161.9152
161.6478
158.9811
160.2535
161.7517
159.8238
163.0607
164.4704
164.734
161.6219
161.8974
159.7524
163.8491
157.3235
155.6392
155.9259
157.881
161.3515
164.6741
166.0728
161.6557
168.0332
168.661
167.6993
169.5872
170.4896
167.0086
168.4918
164.8753
160.2047
160.0212
160.9024
160.0771
160.2029
161.6219
157.062
156.6007
154.4881
156.4145
154.8875
156.8281
158.0551
156.7203
157.0004
154.4262
154.2382
160.022
159.72
158.1855
155.8107
155.7651
156.6005
154.5079
153.4228
156.3601
157.2762
154.5811
151.7945
151.5886
150.1827
144.0109
147.3333
150.6561
154.2333
152.306
151.4417
158.0998
154.8323
154.051
153.1015
158.9341
160.0157
160.9235
159.3017
160.4253
157.5837
156.3667
154.0292
151.8368
148.3261
144.9168
143.2394
142.6086
141.0803
140.1386
143.5775
145.4748
151.0435
149.4016
148.4613
149.3638
149.0363
151.1465
152.4819
153.5777
151.1502
155.7419
163.0585
165.8844
169.0357
172.5455
170.6655
170.5119
168.269
169.6149
166.2342
164.2572
160.4151
155.5557
157.2933
156.7454
160.0666
160.2164
161.6422
163.7439
166.4936
164.52
168.9421
172.0279
169.9881
163.8212
162.2676
166.2409
166.4822
167.659
166.3797
171.5202
171.8145
172.7175
173.3548
172.0502
172.6042
168.4938
168.9419
168.8819
172.7158
172.4958
171.8828
173.3928
171.7763
169.495
168.1799
170.6029
170.001
171.4391
171.879
169.1097
166.7531
165.7947
168.8222
167.0339
164.0273
160.667
161.2904
165.5882
163.2127
161.536
160.5234
163.7455
162.3741
164.9241
160.9094
161.0106
159.6666
159.3083
158.0795
155.7268
153.6347
150.8688
150.1591
152.1319
145.3782
141.6388
143.6916
147.3632
146.8478
146.6587
149.1572
147.4492
144.0087
142.991
144.7612
150.9083
152.3345
153.0843
149.4053
149.7351
154.6853
155.5506
155.8243
157.7348
155.8855
151.764
154.1756
156.3048
155.2879
154.5796
152.2895
150.0944
146.9432
143.0101
144.609
144.0439
144.146
145.1816
142.8273
144.9782
148.0292
148.5722
150.8592
148.3187
150.3688
149.9001
151.2085
152.5357
152.4554
152.93
150.9402
155.6246
157.6474
156.806
162.6004
160.3486
160.1417
157.4713
159.7464
160.0586
160.6808
157.4676
156.3725
162.2012
164.3712
165.3469
161.1125
165.2692
166.6217
166.8366
168.6748
166.5214
172.1933
175.563
171.6975
169.1579
172.1543
170.5699
172.2919
174.064
174.4793
175.484
174.8798
174.146
169.8094
167.1812
170.8134
167.9299
166.7049
166.2302
163.3868
164.634
169.3729
164.832
167.5002
170.1896
166.0202
163.6565
162.2426
167.2538
