83.93115
90.33099
97.23124
101.2554
93.76307
98.01191
96.17239
94.86624
89.41744
86.20366
90.60517
89.54744
82.75625
87.3957
89.86055
99.54275
97.84621
94.57028
105.2396
110.1578
118.1046
119.2512
115.0718
116.1568
116.0544
110.7024
107.729
110.3852
112.3208
104.0317
108.1147
105.546
107.8411
107.5323
110.6443
113.6841
104.9249
106.9993
104.1016
100.0159
90.44012
89.18561
76.17854
67.96529
63.10743
65.07667
62.12902
61.132
64.40844
58.51526
65.80951
60.73085
51.94076
58.1135
60.42416
57.8806
62.45893
63.47456
72.46044
71.79827
68.0647
66.73224
64.56828
59.91453
69.42017
65.7095
63.80665
67.63566
82.0681
86.7712
87.26653
94.38084
93.50782
91.66743
92.94439
94.5889
92.74757
100.533
96.9908
105.8646
107.3359
103.9953
107.671
101.5393
90.70352
76.87375
75.7514
77.87907
73.62471
76.75098
75.56352
75.76574
69.71813
73.4554
77.66903
84.8025
85.73344
77.07451
85.49823
83.9379
83.31374
83.56571
82.5839
82.52515
83.6098
82.24937
73.01784
65.19157
62.61206
59.95966
60.81651
67.22164
69.30065
61.81291
65.56299
64.41387
62.47983
59.81648
53.8241
58.25841
55.93949
48.92402
48.37353
55.03562
49.65693
43.90136
61.31712
62.9762
63.221
60.06453
62.25522
59.87461
59.81646
57.77899
63.1182
52.02811
61.14248
58.93489
62.38965
63.28507
53.77717
62.58112
58.82272
61.24906
63.75111
61.30716
59.19687
59.46548
55.65443
57.30581
50.41558
55.88898
68.43373
62.81042
59.89333
60.61547
60.35414
63.70586
59.32122
71.04464
68.62798
69.84246
62.57148
66.74856
68.78151
65.48702
59.00684
57.17344
58.13076
57.33767
56.96871
48.54624
45.781
39.62167
39.48963
26.07019
27.39926
33.14183
48.92359
54.17903
41.90013
42.98394
46.31815
51.60541
52.71579
59.31484
54.90265
49.4295
47.83488
42.93949
39.87743
42.25207
39.6097
43.72381
38.03923
33.84521
38.70039
35.56834
36.39882
37.82277
43.05238
43.47346
41.98894
52.81724
59.28877
59.27983
67.07554
77.1118
73.60684
80.02199
72.64749
78.98515
80.45104
86.54182
80.3207
66.33061
71.71477
53.86141
62.15514
57.14353
55.79731
57.15609
57.06546
49.61884
45.41145
49.91489
49.36608
43.87974
37.46137
48.19839
48.00633
45.9334
47.02857
46.42685
42.757
36.71959
30.20602
37.52216
40.40118
41.14489
34.96629
38.05588
34.29851
40.13263
38.21027
43.70969
36.07822
41.11383
48.53571
44.16495
46.00453
43.89806
35.95837
31.04934
23.81782
27.20919
24.88567
28.29138
36.05156
38.01528
27.84929
27.55011
33.84204
25.34536
28.97953
37.12804
38.76378
48.50557
48.55598
42.9362
59.99956
53.73057
56.93996
65.39626
72.70321
72.11479
78.01022
75.59779
80.86665
71.86016
70.62408
67.09495
71.77533
71.81375
80.38955
76.09223
79.3848
66.40314
72.05108
70.13994
78.7027
75.70784
85.17029
87.02587
75.02464
75.09043
83.33102
79.67435
81.17616
88.09327
95.21082
87.83214
97.81191
90.19674
79.01491
84.10499
87.20808
92.30834
95.30978
86.27813
87.57215
87.91147
79.71376
79.48068
75.62438
72.3265
67.86494
61.79823
71.74679
64.52379
61.27795
65.01597
70.94919
66.33477
69.98985
79.0833
76.82776
79.58766
76.51453
76.7896
73.24373
71.31052
68.76871
62.05434
58.718
54.77307
60.74068
61.6504
62.69352
71.59695
68.56625
72.48727
68.30359
80.41823
79.89249
81.55754
89.20021
101.3504
98.08343
97.25051
97.72138
92.48858
89.26322
87.74163
87.29708
78.02318
75.70081
82.83487
79.09083
79.53048
82.50106
72.60983
80.10676
84.66266
91.94274
85.26469
83.62416
70.62049
64.46069
71.13489
73.03414
64.08737
72.41286
74.04992
79.84399
85.64705
93.48553
86.40016
89.54561
82.11786
83.95352
78.52791
78.5407
81.85916
73.17347
75.35165
84.55318
92.49066
94.28187
83.62911
84.6931
85.99393
79.24791
77.07224
88.01837
85.74194
80.68221
85.25256
90.04504
99.41058
100.6098
100.2327
98.01413
91.9959
92.64499
94.01165
96.30381
103.6705
103.0048
107.1296
100.926
99.18825
92.40881
93.94472
92.43425
87.80361
81.89351
91.25168
85.93436
87.81813
88.69335
83.17378
96.43873
95.96738
94.82077
95.10037
99.45784
95.74094
93.76061
86.05533
85.59315
84.531
88.16781
95.32496
106.2379
108.9916
108.801
106.6767
112.7211
117.7154
115.116
113.8673
112.9015
111.7954
122.3114
125.9879
131.1541
147.7308
149.1769
151.0585
147.2634
151.453
151.9351
155.2362
159.481
155.2933
162.5982
162.7649
158.8199
154.2993
154.122
156.4244
160.5236
161.0089
165.0576
160.7575
161.6497
154.8132
155.8148
156.2452
164.0358
169.8207
160.312
161.6682
165.1917
176.3065
180.5122
185.1502
184.9037
186.1469
184.4978
192.083
194.3945
198.6162
194.7081
199.0657
200.8658
194.3184
189.4075
203.5064
216.677
203.4255
206.0803
212.0001
205.8029
201.999
194.8736
191.7422
187.6112
188.8694
