304.4248
109.3617
58.38046
56.45708
59.54362
63.36173
59.18076
52.28153
57.25667
56.63124
61.43141
59.94918
52.48627
50.10989
51.85563
53.28962
59.73336
58.04077
56.59807
50.16465
56.94467
54.19613
52.07556
56.75375
53.10362
61.4552
57.57259
58.657
56.3226
49.84655
57.72604
54.479
60.69021
52.95075
58.03215
55.90257
55.8914
54.16936
56.38377
60.73793
59.88258
53.98197
56.14133
54.95601
64.1425
55.44783
59.92761
55.039
52.99092
51.41118
55.39094
59.02685
63.11598
61.14421
53.86801
53.28902
66.80752
58.22012
56.84464
58.20447
51.7788
50.29951
57.12701
51.53268
51.00746
56.85604
52.03065
56.95868
57.33514
54.30603
50.65009
54.66641
52.83125
51.52078
60.74395
52.01886
54.71054
54.99368
58.78408
53.87587
65.19073
56.86369
52.26862
52.1713
57.19158
57.29789
57.64064
50.86177
57.82477
60.35695
53.47712
55.6975
54.99819
54.2948
59.31969
58.54969
59.80522
58.82147
57.45814
56.08921
54.09782
53.17839
55.91188
53.96132
59.52568
58.83186
54.85027
62.62643
61.9304
52.56274
59.43628
50.18239
60.16134
58.68414
53.49613
57.53644
50.73297
53.38085
58.74394
57.06265
55.81307
61.44513
50.50798
53.02926
53.62981
55.44883
58.29233
53.10985
54.80474
55.66585
51.49988
56.00497
58.8413
55.73873
55.20844
54.01557
55.61696
53.92489
53.09839
52.24109
53.20594
52.49884
56.83285
51.99962
56.59312
64.05612
53.60332
51.38184
55.61221
57.69336
58.77231
57.5424
58.41263
54.53774
55.03906
46.92217
55.66702
55.49489
51.6985
55.88471
53.11811
58.63897
56.9671
52.41726
55.6806
52.91987
54.88824
60.64446
54.60731
56.58699
56.5867
53.87403
54.44823
51.3891
50.76447
60.92125
57.16969
59.13665
53.26051
54.10341
56.9464
57.208
56.54553
52.14602
56.00481
57.79801
52.31651
60.73385
54.2998
60.72631
58.1625
61.36394
52.70212
60.06834
60.23808
55.09703
51.13353
56.8809
56.62595
54.37911
56.09764
55.4627
57.96558
55.28538
56.06999
57.13236
58.0644
57.98703
52.77434
52.77571
56.93008
54.39148
58.50132
52.6487
50.6687
54.67841
54.8403
58.27956
53.99283
55.04786
55.33552
53.50978
55.96489
55.36426
57.5602
51.91477
50.85215
63.07626
59.54299
61.98105
60.90041
55.38473
54.53951
60.76102
52.2413
59.03298
54.21209
54.69091
57.34806
56.47776
54.15582
53.2585
60.68423
58.00368
57.60765
58.03189
50.2339
56.3168
57.01739
62.69362
58.8026
55.89601
55.04787
52.98579
59.42202
59.7733
61.72486
57.7076
54.43305
54.93856
55.49893
58.21539
64.85022
62.78539
63.08824
55.71581
63.71113
57.67522
55.41195
56.49225
52.95618
59.29526
56.43465
53.45585
55.91258
55.88755
59.5022
59.22662
54.93509
55.55674
53.62054
57.83972
55.04067
54.57765
55.0426
60.32792
56.53485
56.50638
57.30816
55.54045
50.58204
58.60223
52.21668
51.14103
53.72046
56.11287
63.01601
53.13147
53.88425
57.91803
54.88648
55.22955
50.52722
62.88619
57.41347
52.75757
54.00919
56.75931
54.51244
54.3311
53.8718
54.54783
56.32923
55.66188
55.18363
56.37772
55.6454
53.92482
55.62637
56.8709
55.79222
53.79019
56.45928
52.47823
52.58895
51.61102
53.93332
67.39752
56.01656
52.92839
55.56984
52.73487
56.9682
55.67169
60.21094
60.10736
54.65502
52.58673
63.44274
58.06514
61.15749
56.39077
58.85859
53.41131
54.67499
55.08611
51.35236
52.86525
60.69335
56.48452
55.82639
56.01859
53.18624
54.98344
53.31599
55.87537
60.03742
52.93339
54.62104
61.97417
51.52489
53.09124
58.17736
54.2277
52.83916
55.26793
56.23306
52.88148
54.83777
53.57144
56.42069
56.87193
55.63825
54.6759
56.90261
57.94009
53.95885
54.36866
53.65525
56.75726
56.48904
55.38876
53.97962
57.50653
56.85388
54.64322
53.09947
58.34232
57.46487
54.12229
54.20048
58.13041
58.58838
57.31544
59.83528
53.02477
52.22609
58.13768
50.65332
50.49091
53.75512
54.58011
54.39028
53.86405
52.35251
59.79341
49.7231
61.05379
56.23705
53.46335
55.95557
55.79484
60.33999
60.30058
57.21488
52.18223
55.81999
55.83864
56.43801
57.143
57.65537
61.1874
56.86478
58.05429
51.19711
55.21173
54.00256
57.37366
50.95676
55.10704
54.85413
56.13236
55.71495
55.01281
53.70561
53.13536
60.42304
55.29218
58.5224
60.42007
56.18648
53.3018
59.25573
61.62514
57.9387
53.3612
53.39938
56.53765
52.36084
52.26961
52.15884
57.2181
65.01833
54.74824
53.78612
56.40354
52.66564
56.42756
56.78031
52.2309
58.37039
54.62434
61.39995
57.86207
56.72582
52.83495
53.12816
57.60457
57.49664
56.98604
57.07234
58.05627
53.1824
55.58501
55.51851
50.61294
55.36088
50.14419
52.54576
56.37952
57.69504
53.45211
55.82368
60.31573
55.17453
55.82648
52.01262
53.90931
57.34411
55.09094
54.2395
52.01722
57.18047
61.67624
54.97511
59.6194
54.92337
59.14789
53.61882
57.91745
