112.1056
166.069
214.1354
244.5166
157.2736
155.1086
190.6521
150.6066
163.1906
122.9916
161.8816
201.6999
210.2584
225.5327
284.0941
131.4409
159.2658
246.6313
163.4521
149.4549
88.12384
96.50417
103.8769
102.681
96.91495
132.7535
174.1082
208.1349
188
100.9181
96.27981
64.83887
83.78794
189.592
221.1477
223.8921
139.7568
132.7351
104.8858
137.4469
202.6061
111.1706
195.7981
180.1794
253.1825
269.4622
130.1682
167.3449
142.4026
102.0219
127.245
113.3338
123.0982
196.6976
190.6756
120.4274
164.5093
114.1771
176.7337
200.8802
151.2153
169.2269
141.0424
253.3599
153.1845
131.8978
90.13602
131.8632
204.1025
223.3887
154.7616
198.1635
155.5403
163.5867
158.9331
163.1392
161.8151
100.4026
159.3152
130.0883
85.56995
102.3458
124.0812
155.9162
151.4905
173.7932
218.767
142.5594
152.3761
180.4606
196.75
214.0574
158.9359
172.3679
228.2942
227.7915
185.59
192.0097
274.282
326.4216
170.5168
168.62
155.9114
112.8266
71.53133
104.7352
174.6289
115.5175
74.79039
157.7528
135.078
90.62167
89.60834
97.9169
157.2829
119.1443
97.25929
126.7623
144.0436
185.9836
174.8325
179.3228
163.6354
150.9642
157.8357
92.39981
87.08902
112.3119
198.3646
149.2706
130.3208
132.7311
106.4858
154.204
131.7882
191.1859
159.1432
237.9181
172.7889
268.3905
163.9881
122.1497
169.1458
138.605
162.8328
95.77636
148.673
162.8279
179.9093
287.9903
147.7327
204.5062
152.2051
214.947
232.3988
321.3512
330.3903
377.3521
347.8431
236.9226
129.565
126.5093
160.0065
213.5849
193.4853
128.5967
169.7438
253.5084
192.3185
141.5052
181.832
84.45544
172.3015
147.5627
152.3797
176.3719
133.4992
147.8145
171.7623
165.7474
103.287
72.09844
97.44518
181.8535
127.2866
95.91335
101.7601
102.889
94.14783
140.868
237.6853
306.4203
242.7298
565.723
411.246
258.1414
413.7599
436.3888
224.0643
249.8372
358.1289
247.1209
185.7338
202.2667
169.5518
126.9921
143.8901
225.8418
340.9166
191.0301
205.6598
145.9256
149.3556
109.6375
104.4382
184.7567
215.4988
201.0836
167.4891
95.44744
84.89772
195.126
150.6645
155.2761
258.2124
199.7962
112.6513
97.71765
124.54
162.8075
111.8617
170.7971
204.5185
369.833
406.4655
175.1079
113.4088
127.3912
96.59135
83.88626
126.5968
95.62143
108.4265
84.48196
109.4629
74.38629
99.31008
154.6031
242.9953
263.8165
330.3342
256.1797
427.77
513.1781
378.0127
257.6917
153.8594
153.5901
116.1343
188.8686
158.6673
116.0303
110.6383
274.9761
133.9783
62.65624
102.3968
179.1866
100.3545
137.2856
123.0864
143.1649
127.5414
152.467
116.7937
130.126
100.5875
198.6736
146.6475
169.6144
252.3441
245.1501
318.1467
219.6176
181.8635
176.7492
167.213
276.5203
218.5768
291.0486
175.9717
179.6468
130.2765
233.9966
199.255
262.0705
246.4719
166.4054
220.0964
139.7328
189.6625
158.5871
110.2232
182.7128
168.3482
136.8541
159.8888
187.9676
185.0361
131.7552
140.7124
131.1943
125.6312
198.6097
185.0388
299.9
203.3219
187.6182
193.6424
187.013
130.0871
120.4377
158.0825
164.6684
174.7635
151.9425
133.7859
130.0634
87.63379
140.1025
246.6893
145.3663
196.2714
107.1531
113.7076
102.2852
160.1628
145.5104
209.395
221.5401
145.3267
155.1599
124.9974
169.9405
187.9109
321.3724
176.971
149.2714
139.9964
253.4193
194.4895
229.7578
196.2217
249.7426
226.5934
112.1883
183.3489
176.6535
132.6219
209.0748
232.9056
171.6375
110.3458
129.5598
76.88264
130.5675
165.5491
130.0978
128.5349
112.293
188.5394
128.9798
136.893
159.8726
183.6697
212.8684
196.9456
93.66202
94.62601
126.3841
81.84172
148.0776
137.0401
87.55699
113.977
108.1446
145.3556
127.8355
144.1531
102.1962
115.5405
110.6137
169.2167
184.1456
208.335
196.0652
186.1695
149.0065
199.3603
201.2179
248.7271
305.8049
208.8409
249.8325
84.53253
149.8053
142.0616
128.1258
199.2188
215.0477
202.102
175.4014
254.8431
223.1742
186.3486
221.5344
180.0363
196.1438
244.8302
266.1631
137.9101
100.1857
138.0227
107.1661
92.64062
78.05217
94.15749
147.6043
110.4092
145.0127
201.5139
140.0814
164.7322
110.3094
160.8164
105.4016
150.4725
154.0305
134.5099
118.3435
134.0367
201.0529
149.844
158.37
148.3402
198.8203
130.6802
155.8868
226.0136
175.0187
233.6348
381.826
310.0821
206.0322
144.6208
182.7594
137.9932
110.0766
106.1272
83.59077
79.49439
177.602
238.1141
187.4942
107.1282
183.199
133.7718
112.5723
119.8825
177.8318
252.794
249.5246
116.9837
158.9182
134.0102
141.8899
119.3558
157.1876
107.8184
152.5016
180.4697
235.8885
131.933
176.3087
160.3579
188.9577
172.4475
134.1743
202.4058
128.5015
126.851
100.9481
163.8035
168.7561
187.7946
195.6983
219.5111
193.2855
158.866
145.81
