689.7665
3908.572
1423.279
541.3643
1180.341
846.1976
1582.064
529.6055
4327.305
965.7198
561.1064
602.279
688.5679
6398.171
840.3855
560.9288
865.9468
672.8389
979.203
2986.384
702.2958
516.2927
2763.43
991.1889
639.7697
787.1491
920.176
509.5066
1213.615
629.2189
653.148
459.8817
1290.819
2317.561
897.0189
502.1911
1225.653
1237.846
1354.103
1279.384
967.4894
530.1341
1089.916
984.3552
852.2091
929.7968
737.3676
878.7354
1099.637
908.7228
1034.4
953.1171
702.8054
1417.857
716.15
1137.71
938.7434
665.0477
684.6173
1520.426
1725.018
1764.714
1521.151
711.686
586.4972
1099.429
1171.85
1206.706
2374.021
465.4874
2551.582
1915.31
634.2635
1374.022
1218.765
858.0941
1187.667
541.9606
882.5493
1042.733
624.2532
1948.857
2516.836
699.1818
1033.951
1295.764
3863.171
2003.212
1747.737
1439.299
5100.736
939.3903
546.1719
765.5687
1067.766
642.9084
488.6788
2229.4
855.8604
971.0697
3172.11
1182.744
879.4172
1660.697
670.6783
1225.201
1058.77
1138.503
1719.848
820.4982
2095.323
561.6933
854.3049
816.4847
2000.864
1639.59
1481.097
1526.664
3049
1219.596
1043.867
558.592
1379.429
476.1007
1051.314
901.5025
865.1383
1687.58
1491.068
741.5868
1579.703
2074.774
905.5355
1607.159
1190.005
1108.703
1083.12
1683.156
1806.137
968.6278
2155.935
1770.875
1198.678
1425.245
1895.524
657.2487
1352.759
566.6887
1087.351
1200.643
525.0125
1078.839
1025.513
938.3417
1120.921
557.1834
922.298
1180.596
1110.086
1264.051
1360.566
894.47
459.8574
3518.876
1687.054
821.6662
1522.944
724.6457
624.8686
562.3728
694.2363
1165.361
1327.196
1209.641
920.6197
1237.549
929.5486
1656.882
2818.255
2408.611
1990.068
1050.82
1941.896
1119.761
1131.463
1295.052
1120.454
1240.562
1586.981
785.3143
1519.507
2918.455
1588.095
944.5104
1691.17
972.4819
1846.591
1675.426
1072.911
1036.038
765.0207
2611.843
1156.732
767.8428
1239.131
950.325
683.428
1378.153
662.6814
833.8489
1948.357
1782.478
1606.834
1143.474
2132.839
1372.04
802.9512
935.9698
4641.606
719.2662
660.826
566.4311
424.8511
2409.179
1168.326
1043.205
750.839
798.2243
1570.642
3474.548
1852.222
1517.884
1681.236
1409.748
1321.679
1525.07
889.8087
4632.805
2108.249
6784.773
1215.214
1895.235
748.0157
6240.337
1469.767
672.8095
3800.719
547.1813
1505.079
908.884
1152.012
1063.616
1026.627
1261.111
1180.237
938.862
2192.913
3412.038
653.7965
739.7284
4120.494
1577.729
729.0472
1375.801
1615.748
2210.717
1468.685
885.9135
735.9119
1742.04
1656.097
1204.21
2295.556
1569.527
2369.152
2317.597
3342.88
1537.353
1230.291
2337.494
1143.848
2074.908
2000.647
1107.615
1072.563
1690.845
2814.282
2876.944
878.9457
2179.08
3455.689
1138.724
4289.26
1502.258
1808.117
1078.202
1165.804
990.5775
2556.937
2035.569
1467.69
4227.594
1784.472
3738.032
1548.871
1824.844
1382.591
851.1666
1283.815
1340.179
1141.723
1887.558
1682.633
3836.427
3507.228
829.1387
1644.134
2342.581
1373.228
1194.052
1892.369
1143.708
768.0784
809.9198
697.7513
878.0828
1869.507
1043.099
1405.074
1323.253
2984.206
2008.818
1293.327
2256.744
913.8578
981.839
1953.367
805.096
1896.48
1070.471
1030.222
2546.654
1609.326
1234.866
1404
2966.771
966.9207
1609.598
2410.214
1270.859
2162.588
1001.893
2327.751
1413.389
3969.621
2215.692
2096.179
1284.388
2839.75
932.5334
889.5908
2057.615
1210.966
1785.949
1835.06
1216.017
1444.853
1360.187
1251.749
1033.494
984.6882
4147.083
1122.257
1242.427
1162.852
1836.885
2135.776
1079.859
1051.343
1819.654
748.4916
824.5288
785.883
2919.043
1566.004
932.6927
1668.873
2435.737
1542.445
2201.304
739.0433
1866.964
1576.847
1713.897
3238.55
1351.693
2208.448
991.2787
1645.324
760.9697
1288.684
1103.649
1831.135
2846.562
1093.918
1660.37
1116.941
838.7579
786.9896
1379.394
1241.377
1231.784
978.1661
1014.098
1316.823
1583.268
497.7348
826.621
1170.425
794.296
1681.924
1481.194
2566.918
793.659
895.7229
984.9191
2231.88
568.5032
832.007
5574.996
1339.179
555.1131
1787.533
533.1742
2057.643
997.0548
878.4658
1093.238
950.5213
634.8093
944.4943
790.3913
1500.132
1807.888
761.3504
982.7666
1461.803
2411.627
1023.654
1102.955
1020.156
775.4439
801.4001
2128.648
822.6259
1023.287
864.1028
1700.179
1151.504
667.3072
2703.143
900.2021
699.496
756.4685
820.6964
985.8147
608.2716
548.7305
625.4955
921.4659
858.4799
1246.389
931.585
2190.067
1448.116
759.0208
658.9557
609.0375
1131.587
3190.061
1272.565
3100.424
879.2398
2125.243
637.1731
1293.682
818.0318
1197.807
842.8448
1558.329
6418.408
1054.629
1346.778
4173.689
1808.959
608.9891
1215.83
1049.095
1282.054
1639.431
