618.0472
1665.218
661.0249
1014.935
378.0993
889.3997
396.3484
717.1723
842.1874
1035.281
900.2718
366.9469
355.0153
500.6915
523.3333
248.0869
1465.152
652.4607
1610.261
488.5032
216.7779
391.8563
530.7026
327.2025
550.9278
600.4878
636.809
2628.771
431.5835
421.9177
735.5628
590.9368
250.2734
937.6189
701.9389
719.3038
316.4205
359.0744
897.5641
306.2992
610.6905
338.0648
689.2801
450.4346
451.3616
415.3717
2049.393
259.1838
397.1967
378.2346
4733.014
382.3264
363.8865
447.2527
272.4801
1227.831
810.3184
572.5228
258.4203
467.9452
413.8756
281.3972
701.6347
443.1424
497.7902
1578.112
1115.119
407.8318
402.4583
1142.795
1452.661
416.8474
1584.647
308.663
293.718
237.2576
713.9246
458.7787
582.6665
574.2617
1187.417
611.6312
334.0562
1219.12
956.3683
372.4503
493.0287
716.598
794.7646
386.7541
2129.54
950.9141
698.7844
1248.101
669.396
743.8909
4767.176
442.5776
604.8022
251.8735
728.4656
398.5125
747.226
410.0475
208.5573
452.6104
336.8354
498.8803
444.3557
5868.787
1180.235
375.5651
769.9833
967.4524
450.0397
1258.096
548.6322
668.6637
536.5677
647.3776
1947.894
814.7154
336.4291
136.5084
250.743
2030.643
696.8555
863.4471
325.6662
530.5415
317.6062
421.4611
1788.108
685.4033
1724.043
1561.41
772.0696
389.5917
536.1808
486.553
604.5487
666.7461
418.6144
3482.665
671.8681
567.4053
112.8021
350.3222
382.7525
396.5907
368.7953
580.4984
644.703
1356.941
317.681
569.6666
244.0733
344.7687
517.8395
908.3042
942.7304
431.3461
722.4463
458.3149
1438.425
813.1446
200.0168
260.2925
342.7227
643.2357
418.7066
842.2736
346.9673
652.2018
1614.691
560.2179
910.1997
566.0043
1162.711
359.1091
698.886
691.1778
371.7126
636.6254
367.806
2031.848
363.9392
274.3079
308.0164
477.0012
660.5624
832.4174
195.8031
310.1927
539.6629
810.7538
341.2977
804.6933
516.9984
509.6282
811.4644
1408.741
783.7995
608.7762
393.0495
919.6125
1006.931
191.6084
746.9025
225.6126
749.3907
329
555.1271
1064.576
276.2387
451.018
705.9398
429.7292
1206.233
1049.262
240.2135
832.9273
469.9478
384.6274
341.8185
1035.67
1452.684
2261.968
2432.811
544.6039
625.1509
883.4332
880.715
602.7407
526.1209
797.8314
546.2165
4393.886
254.2786
1061.218
1081.693
493.2681
767.3262
1437.937
930.5204
759.31
659.8086
572.3926
420.0468
9246.35
905.7246
367.6727
743.5708
1364.231
511.0499
616.0679
1764.563
353.8781
778.8099
464.7138
1440.959
241.8964
876.3973
851.231
1242.111
1071.236
626.9182
201.2894
268.693
378.9437
434.7777
767.3558
846.2456
342.5183
254.1873
508.8035
378.7847
545.8968
453.3111
434.4886
254.2755
683.1081
1146.464
364.6285
1290.201
488.6805
454.4063
565.6911
230.2281
219.5135
405.8723
263.4286
449.2397
557.8971
728.2765
301.1436
311.5499
583.6977
437.6448
868.4625
558.2372
532.8503
460.7652
797.4823
334.4673
573.2434
214.8015
418.7477
328.1862
595.9626
536.43
656.937
493.1559
638.6548
327.5645
1118.448
1277.716
556.3396
870.7774
1106.54
503.5485
1096.681
456.4875
337.8288
288.5242
945.7862
361.8212
893.2983
647.7634
391.5252
550.8797
483.3884
150.1183
867.9163
314.6674
545.0901
507.1464
394.6432
671.1702
620.3766
1076.64
3194.026
1041.269
664.1719
973.6496
1353.482
631.0356
762.0153
561.5733
949.6742
1080.306
2473.772
962.9621
1183.975
1267.506
630.3349
1720.356
1697.042
1138.77
1430.427
849.9915
2342.733
1263.236
704.6484
1078.773
454.2672
1083.922
1302.807
594.3251
1741.002
393.4688
1113.631
829.4639
1754.856
636.1359
1285.437
972.2416
2669.355
966.357
1637.704
733.2258
582.8394
374.02
1251.975
3057.704
1012.187
470.0341
585.6959
1245.333
2456.645
248.3654
1363.665
597.231
404.186
1019.235
733.2655
630.8983
540.5783
476.3209
254.1514
261.5426
537.0189
1230.879
382.3761
751.5642
636.8823
877.2168
567.3217
479.3344
256.2665
3294.739
554.4916
410.9549
262.1597
252.0508
317.0159
710.415
288.4128
345.9631
582.0136
473.9763
591.7788
399.0716
258.0265
593.4454
676.5978
1421.162
377.8365
803.3174
821.2543
362.6924
435.1689
1817.433
600.4501
514.1108
1122.304
679.06
723.6132
776.6101
205.0392
624.4035
2512.094
363.8762
1218.969
780.5538
396.8734
446.1461
545.9135
1080.43
872.7518
858.5304
421.2317
4107.569
772.6805
534.9594
795.6598
223.3294
753.9155
595.3402
915.0479
258.8555
178.3426
589.7896
763.2631
659.741
539.0643
503.4362
378.7793
635.7045
403.8479
736.5983
533.3373
824.7646
536.1298
826.4082
409.7739
698.6322
980.8147
1133.116
5171.2
242.4522
796.4894
305.1058
463.4556
1237.612
218.3229
223.9977
701.5531
497.8975
417.0567
513.8257
287.1265
995.2314
405.3137
584.7491
312.8304
596.302
995.3321
404.0577
1041.364
