89.04984
82.14203
82.23739
82.23001
79.75715
79.35642
81.2397
79.26628
78.9538
77.67656
78.18448
76.1212
74.33254
76.69021
75.8507
76.91476
77.30929
74.98176
77.04435
75.02243
73.99981
74.27105
73.42721
73.97043
73.59159
74.71751
74.5128
72.97737
71.96069
71.6548
72.67003
71.72494
74.26193
74.2727
72.08048
73.22076
72.57096
72.81856
71.92314
71.07415
68.91882
69.13346
67.75319
68.45648
69.60532
69.79895
69.40917
68.85056
68.04927
70.08093
72.65169
71.08636
71.28565
71.87171
72.09497
73.0692
73.13343
73.51887
74.3393
73.4283
74.89998
73.73477
75.48175
74.79391
76.18239
75.61916
75.96354
76.27521
76.22831
77.80166
78.98441
80.81469
79.24179
78.74453
80.16278
79.04786
80.37112
79.31765
79.49747
78.8395
76.60751
75.95718
75.30183
75.1683
75.40909
75.33846
75.028
74.18266
75.03384
75.41724
73.05568
75.01753
76.12384
76.77459
78.79215
79.3614
79.2447
79.72879
82.73023
80.82698
77.4963
78.59688
79.51406
78.60408
78.83397
78.02644
78.48036
81.02199
81.94741
81.18963
80.40234
82.49143
82.25958
81.75306
81.18535
85.54082
86.32994
84.02581
83.73805
83.71362
83.59583
84.8065
84.95656
84.04307
84.76876
85.44188
83.89124
85.7996
87.63576
90.01665
89.81391
89.78406
88.30382
88.51174
89.05826
89.19448
88.06947
90.40536
91.21141
92.49894
93.18901
93.54921
92.72166
92.86249
93.15702
92.89824
92.35516
90.43929
90.07836
92.10532
91.83197
92.17307
92.58267
90.78782
92.52818
92.57185
94.18168
94.01317
93.0865
92.50994
90.68673
91.64097
90.52017
89.45225
88.71883
88.41485
88.02724
86.90751
88.22138
85.33723
86.59492
88.1246
88.79519
89.19936
90.4077
89.42112
88.03819
91.2833
93.80493
93.46918
92.08784
91.14192
89.79255
89.56673
89.04953
88.09565
87.99482
86.23893
87.27376
85.8873
85.32607
86.00301
85.44424
85.49584
85.42732
85.24522
84.05571
82.96112
83.61556
84.70682
86.23562
86.34885
86.91213
86.2097
88.48707
87.38051
88.71357
89.64452
89.12973
87.49392
88.19781
85.27633
86.08332
86.82321
85.04926
83.69637
81.86369
82.002
78.10136
78.27295
78.33635
77.89259
76.26902
74.52357
72.38853
74.12283
76.2843
75.26339
75.24846
74.39612
75.63962
75.02907
76.30642
76.70404
77.60967
77.74421
78.41116
79.32762
79.94046
77.71449
77.51974
77.47453
76.44486
73.95496
74.2937
73.47786
73.19283
73.22917
75.86464
75.08335
76.7702
75.72099
77.25656
76.8242
74.81941
78.66969
79.98254
79.97437
81.92526
82.04017
82.745
85.20822
84.58085
83.58204
84.17211
82.77396
83.94195
83.62998
81.80583
83.26694
82.28957
83.08001
82.92329
81.36862
81.24298
84.2382
84.71206
82.75118
82.39889
84.29185
85.19153
84.9808
84.23673
84.26911
84.61587
84.52742
85.74384
86.74861
86.28061
86.98212
86.11225
85.3827
83.81581
82.86749
83.34124
82.92641
80.84242
82.55184
80.82945
82.26347
80.00745
78.73479
77.50582
77.39728
79.47686
78.08298
78.22872
79.72362
81.20125
83.30893
81.66568
82.6133
83.51762
82.81211
81.4193
82.14932
83.21423
82.47643
80.66086
79.58839
79.76781
78.9932
79.0541
79.03565
77.78187
78.80711
79.08138
79.89717
80.6134
80.01701
80.90552
80.3642
80.70754
80.78927
78.94939
80.64789
80.02286
79.61468
81.4655
79.70212
77.93662
78.48795
77.43258
78.23318
77.61115
75.45314
77.10983
76.8765
76.16707
78.57789
78.59171
76.33925
77.19463
74.3562
73.58867
75.59749
77.62686
76.94398
77.53135
77.16063
77.22574
79.24018
80.5552
81.2687
81.34785
81.55514
83.38624
83.28215
82.04126
81.81116
83.20109
82.56869
83.1881
83.18346
82.34891
80.46896
81.28422
82.31007
81.74984
80.60672
81.9912
82.00965
83.51681
84.13222
85.77562
87.87852
88.67131
88.75802
88.94258
88.12768
89.54646
90.46598
89.33803
87.70475
87.23875
88.20788
87.42751
85.87085
87.44442
87.08348
86.91953
86.09206
86.52554
88.58225
89.18178
87.30546
89.14403
87.7098
88.33225
86.93319
86.7245
85.99658
87.72829
85.82021
86.58505
87.19513
85.87632
84.31257
84.70176
83.6904
80.8516
81.58285
83.77288
84.66391
86.84219
85.90305
85.10598
85.36989
84.62568
84.11859
84.13865
83.48521
82.06122
82.05555
83.00051
81.74624
81.79311
81.41879
81.47036
83.71523
84.819
81.615
82.49033
80.48713
80.78618
82.46259
84.65428
82.55912
83.20442
83.36682
83.5567
85.21389
86.12497
83.89225
84.5735
81.44241
80.1603
79.32476
77.03736
75.92744
76.22034
77.36215
77.79226
77.72224
77.20804
74.63296
74.22384
74.45891
75.27496
74.48672
74.74892
71.8893
71.93237
71.62451
72.08581
70.45788
71.86986
74.37372
75.19646
73.31278
72.43955
71.16032
68.9698
69.31553
67.17552
66.05925
68.59734
67.66842
67.89424
69.82982
69.9453
69.38035
67.54581
66.8225
68.39559
66.86239
67.05755
67.92654
67.53183
66.02915
