102.8083
103.9666
93.21874
96.40218
101.7895
99.79193
90.72445
108.5181
96.17784
94.0668
91.96093
95.59783
92.16876
100.1956
97.69081
95.82298
93.15671
95.03554
91.26022
99.75829
95.50202
98.82782
95.83264
91.23423
103.7837
102.9489
101.4192
96.735
98.29059
100.6396
96.43534
94.24835
96.50141
91.61743
91.27509
94.80745
92.23526
90.49231
102.6408
93.73291
102.2141
91.26331
97.35854
92.31394
90.82592
88.26398
92.08662
91.78311
95.35577
85.817
88.31128
93.12802
83.31162
92.4271
87.57343
85.86933
79.29191
81.49
79.25299
80.83517
77.65448
78.53446
78.10633
70.39088
70.00956
69.34716
65.5928
64.67491
58.71548
53.5866
39.35533
18.55923
11.49314
13.4157
12.27825
11.65444
12.10994
11.68705
12.99913
11.326
11.51448
10.41319
10.85481
11.64472
12.84509
11.62392
13.06445
13.53005
11.92985
11.7103
13.19219
13.61367
10.97554
9.914359
14.58212
12.71146
12.91134
12.89264
11.70587
11.45393
11.6583
10.90418
11.38807
12.59783
12.65234
12.85097
13.22417
11.07745
13.07136
13.22528
14.35034
10.92794
13.08063
12.55873
11.04916
11.03974
12.11296
12.76785
12.50091
13.82427
12.4604
12.64197
13.01773
12.24867
12.82945
13.69914
15.47989
13.2225
13.6598
11.35701
13.51102
12.64916
12.13823
10.56882
11.50914
12.67467
15.00617
12.89401
12.1143
11.58614
11.67797
12.59209
10.8856
14.47666
12.66769
13.64513
12.05828
11.92808
12.42344
14.06069
10.66407
11.70273
12.04964
13.00709
12.28262
12.06175
13.74977
12.46458
10.18218
13.08814
13.58265
12.28481
13.8942
12.3628
12.61131
12.11532
13.25487
12.04436
12.72109
11.31926
13.98661
11.26616
11.42434
11.59416
11.25563
10.83522
12.11965
11.88901
11.32929
12.76359
13.43405
11.8478
13.60909
14.08962
11.90818
13.53712
12.96006
14.55901
12.839
12.45171
11.77136
10.8383
12.50878
14.46654
13.50773
13.12571
13.79617
11.54224
12.37057
12.83878
14.10569
12.89484
13.95454
11.65226
11.54308
12.91995
11.51446
12.50696
13.86565
12.55901
11.59053
11.95297
12.17461
12.91271
12.49713
12.79796
13.46094
12.48719
13.20261
10.89195
13.67772
12.30605
13.73258
12.24366
12.41081
13.03819
13.26386
13.86955
12.12761
14.82718
12.66347
12.07486
11.78579
11.8019
12.71798
11.90751
11.63082
12.7185
13.2064
11.99896
13.21007
12.46639
12.43308
12.1924
11.99388
11.97664
11.95337
11.2251
13.04939
13.27772
14.06263
13.20399
13.59864
12.49183
11.19044
13.16416
13.78545
12.13372
12.97666
11.99289
14.01398
13.33442
12.79029
11.81586
12.00834
12.38956
12.82731
13.78869
12.39391
12.41214
12.18773
11.39534
11.03531
11.67805
12.36743
13.23366
11.89713
13.94266
12.73094
11.40303
11.67971
13.08543
14.41246
11.43238
12.20318
14.11432
14.55969
12.58709
14.20148
13.27292
12.83655
11.07555
12.48371
12.69466
13.02761
12.90904
12.23158
11.49691
13.51128
12.36429
12.98484
11.96308
11.30203
13.18642
11.33517
12.31328
15.80729
14.01391
12.25599
10.92928
14.18613
12.72692
11.17473
11.68037
12.19376
10.53042
13.39945
12.56466
12.16248
11.59846
10.95115
11.88128
12.9467
11.30094
12.28804
13.12644
12.53108
14.16916
12.14898
12.77089
12.48813
12.90393
13.03323
12.0654
11.8593
13.01962
10.93705
12.05063
14.07519
12.86636
13.37648
13.12048
14.18629
13.25668
11.5425
11.97138
10.91917
14.2903
12.34886
12.48027
13.1067
11.87693
12.84719
13.43597
12.23429
12.51185
11.75127
13.23399
13.03188
13.04556
11.87106
12.79187
13.5033
12.79312
12.69276
14.31626
11.96096
13.61885
12.11984
11.4296
11.45014
11.37508
13.43744
12.75884
12.35496
11.43786
11.62772
11.65514
12.38821
10.9549
12.12291
12.90398
13.81156
12.1767
11.79565
11.04841
12.64831
12.44655
12.44192
11.82258
14.61637
11.94873
12.27585
11.46252
12.45123
12.58932
13.34857
12.09724
13.00285
15.12791
12.52126
12.73243
13.23693
12.94865
12.22827
14.21814
12.90361
12.28608
13.29356
11.57667
11.65522
12.61568
13.28583
11.3122
11.44848
11.04847
12.0398
13.00704
12.88934
11.25175
12.24277
10.91573
11.95724
12.65842
14.13655
13.25316
13.95382
12.22175
11.47647
12.47234
11.83275
11.83989
12.07469
12.39255
11.20907
12.38713
12.5526
11.99576
13.48366
13.44829
11.24077
12.59772
12.81289
11.73892
12.08346
13.34851
12.10881
11.02036
11.22646
12.61958
12.57962
14.17309
11.51946
13.35008
12.05215
13.71765
13.23872
10.96677
12.43153
13.38221
12.73089
12.60503
12.88875
11.23121
13.26746
12.84459
12.73445
12.27505
14.55921
13.02694
13.60093
13.99045
13.39621
12.41914
14.09074
12.84947
12.573
13.02452
11.79172
12.5709
11.79282
10.94875
10.85303
13.15569
11.84152
11.30738
12.08647
12.72182
12.26269
12.70472
12.75771
11.95028
11.95101
11.25552
12.48153
12.10473
12.06403
13.51425
11.21671
12.55822
