123.9563
428.6694
185.9319
98.22226
428.0366
246.9115
802.6183
112.7655
276.7664
290.997
190.2011
165.6626
325.2093
145.7337
248.2597
181.5443
355.0157
534.2671
333.3802
293.6097
376.5003
279.4691
299.4123
370.6695
233.3011
290.9333
285.3413
251.0869
458.9152
541.9581
1039.261
370.6174
315.1393
420.2027
706.5073
641.3861
265.6289
793.0293
450.2153
391.2382
461.402
332.5339
664.0799
281.187
196.3762
520.1126
254.6276
184.0934
203.1123
402.4774
412.3492
239.5098
247.8702
151.0765
330.4239
208.9343
704.1039
328.3738
238.0394
371.3717
178.0392
190.8271
475.3083
334.1308
192.698
977.4799
210.4591
292.7041
331.0003
449.9116
328.977
265.8953
241.7795
330.6346
240.9806
152.9822
284.3522
367.7359
270.0497
123.1773
167.136
198.5424
182.5151
146.5817
402.2229
357.1537
143.065
386.3327
240.5132
116.753
309.6034
208.832
550.1341
347.2833
848.1127
535.369
275.3371
389.4357
729.7456
334.846
191.4551
191.013
145.4085
154.5871
500.141
591.8178
440.9283
292.9814
262.2188
143.9467
415.2549
404.4297
357.7855
366.9958
172.7489
345.2019
299.1136
223.8584
348.9594
260.634
279.0272
178.2826
1027.438
218.4385
260.3697
179.2841
858.3846
382.069
293.4654
326.8177
441.1379
212.4716
168.883
529.3383
417.9168
448.5408
678.5259
750.0008
379.7384
729.799
412.9956
256.2332
374.5331
262.8086
736.7689
877.5396
484.0906
343.6713
139.4583
355.7302
227.6015
358.5495
271.8735
336.03
324.9328
335.2026
353.8279
231.6534
421.9729
426.8793
452.8507
509.3071
840.7756
224.6717
204.2478
476.7074
630.7794
644.0928
550.8102
1511.201
307.0785
244.7313
309.8684
344.3776
365.3701
813.3791
954.1928
509.7452
214.6636
878.4203
280.975
1096.263
399.3552
1153.304
278.5657
426.3339
423.2795
269.93
267.6904
178.1116
221.421
124.7214
253.8264
386.0095
178.0435
242.1096
325.2166
460.576
131.5024
590.0699
677.893
262.7551
318.9254
299.3518
894.3809
364.3469
307.2601
301.4215
345.8116
312.5918
461.7118
363.0654
554.294
471.1302
203.5348
1711.149
253.0212
237.0051
589.0654
735.6258
227.5241
262.4351
384.6801
315.5785
228.0945
699.9659
599.25
291.5311
229.93
579.8415
564.8229
421.9068
618.3147
1546.856
589.1868
467.9928
389.5728
415.9382
2362.838
228.1283
245.3129
426.6629
189.2205
228.0497
448.1016
535.1279
388.9451
321.9074
250.0103
296.3296
1914.468
243.9827
238.5677
181.7055
364.7511
268.939
282.7978
531.2535
388.756
330.6681
182.466
533.0734
1002.252
328.1948
290.4376
297.2285
369.0596
297.8971
695.794
188.5724
413.811
376.0531
228.6056
378.9317
904.6419
147.2279
296.9273
549.8533
277.8017
272.4344
284.1717
283.1736
233.1971
607.7061
302.3885
412.2221
242.6725
399.3084
490.6708
1122.357
1208.695
690.0553
387.3685
468.405
962.3834
252.5145
626.3349
478.9429
431.7266
323.2809
1304.052
263.844
263.1836
814.1197
394.5187
228.8094
341.2911
1054.302
352.5452
537.352
259.7382
525.7528
257.7675
330.4745
213.8421
286.4218
585.1446
640.3638
349.8363
918.8821
383.0489
310.579
457.3413
207.8092
253.2794
259.7479
298.6101
580.1987
494.4218
649.9172
745.5731
431.5126
836.733
405.3654
316.513
201.1948
476.9887
871.1923
1121.979
323.0092
943.2332
623.4226
334.1098
867.2232
468.8851
834.5819
405.9143
213.5272
413.0897
728.1082
665.078
631.025
193.9398
657.4514
191.5682
789.9375
198.2807
374.4198
781.4347
944.4176
256.7448
728.1675
434.8716
575.6176
971.23
420.4591
853.8979
289.346
699.367
751.1865
581.5095
635.8225
397.6349
391.0174
341.311
437.3016
821.5026
293.4147
318.5525
1146.689
373.7326
352.0221
1151.738
279.1231
645.7389
1058.44
684.0639
228.1983
235.2331
288.2217
538.9706
439.0251
994.9808
219.1172
463.2544
345.4348
507.4418
370.7216
560.0562
343.7748
275.7483
460.1592
1079.236
1129.191
355.3034
552.9644
361.1625
485.311
260.757
302.2092
449.1168
196.6552
391.7167
180.8307
270.6092
380.0518
741.7179
979.8159
374.2987
152.1157
547.5276
525.0333
701.6212
677.6592
363.5324
839.3407
335.7604
496.9742
795.0043
318.3969
281.5253
333.4185
656.7317
296.6762
270.8962
302.6466
495.2798
521.9638
557.169
318.1521
1826.488
268.161
332.1282
465.8846
108.7673
516.691
321.2808
481.7202
279.6389
296.3036
299.8028
704.4957
295.2366
439.3275
274.5299
181.8709
205.8316
312.709
449.9185
898.5932
502.8406
659.5572
198.403
298.5848
266.4066
446.4384
452.3048
390.8697
605.8471
254.6286
741.7901
510.944
914.4591
315.5907
569.7826
181.8589
419.9194
2138.27
507.4626
386.6701
434.562
336.2891
374.3855
381.081
342.6829
648.3803
259.4256
461.2292
276.0785
156.7908
695.4231
330.161
510.0951
414.5085
303.9825
272.7747
427.25
231.9983
322.2363
479.0849
