11.09687
7.487922
6.454826
6.415717
5.183922
5.011154
5.81012
5.716658
6.596243
6.666282
6.771067
6.14246
5.603059
4.987561
5.155599
5.986456
4.63599
5.438596
6.375683
6.216949
5.730977
4.517093
4.25299
5.450371
5.69436
5.135819
6.35283
6.086439
4.929675
5.496375
6.42118
5.342378
6.575624
5.053135
5.77879
5.492359
5.732803
6.05646
6.146722
5.328203
5.492507
4.988909
5.489173
7.414361
5.298295
5.37153
5.422823
4.530588
6.686393
6.033004
6.050811
6.008491
5.101182
5.527558
5.669092
5.899533
4.332453
5.915695
5.043833
5.727827
5.966235
5.473609
5.418286
6.748313
6.323373
5.227416
4.580989
5.188525
4.763729
5.141421
5.404465
5.862456
5.951636
4.968792
5.433284
5.235046
5.240415
5.955473
5.601083
6.445463
6.068158
6.020742
4.318023
6.044295
5.44796
5.026328
5.765512
7.41005
5.347472
6.498087
5.380843
4.628742
4.378707
4.655318
6.333354
5.064585
5.963579
6.246882
4.940928
5.569514
6.793425
5.25885
5.083068
4.62255
5.454659
5.948104
6.10133
5.947314
5.958371
5.71507
5.17699
6.423245
5.528909
6.865456
4.972323
5.54172
4.42901
5.759483
5.310536
6.276266
5.422516
6.015547
5.037211
5.477373
5.668597
5.469229
4.714552
4.462908
5.34269
5.1027
5.23503
5.192163
5.410237
5.752468
6.143321
5.483757
6.440455
4.854033
5.24019
5.902827
6.996337
5.753161
4.888917
5.486698
5.177502
4.675575
5.575528
5.470711
6.591804
5.328683
5.037546
5.855706
6.084766
5.954713
6.44389
6.166059
5.502506
6.080838
5.820009
5.265547
6.266589
6.022885
6.195073
5.673942
5.625915
7.517611
5.156973
6.209969
6.2202
6.799581
6.153764
5.339869
4.71638
4.345264
4.888489
5.221321
6.942612
5.090771
4.708578
4.603467
5.009327
5.302384
5.02731
4.794829
4.935324
5.212763
5.570315
6.045054
6.428567
7.028125
6.511775
6.123721
5.157564
5.906351
5.849625
5.25143
6.677599
6.552644
4.826574
5.687503
5.474965
6.491035
5.642027
5.05059
4.854945
5.421675
5.772423
6.295254
5.588184
5.747655
6.838119
5.153573
5.339183
5.101368
4.883522
5.943929
5.152086
4.38001
5.213364
5.462945
6.829063
5.237871
5.355077
5.201702
7.381468
5.959834
5.82792
4.907083
5.513345
5.980712
6.086474
5.194439
4.487359
4.259587
4.439199
6.466714
4.401864
5.201769
5.472473
4.924076
4.85079
5.591715
6.362556
6.802448
7.090974
5.215864
6.56826
5.150162
4.833785
6.120549
5.584538
4.87244
4.580217
4.952163
4.335639
5.939884
5.874698
5.086159
5.384772
6.001352
5.245604
6.117343
5.148959
5.102026
4.906021
5.339066
4.872817
5.192797
4.851725
5.037677
5.426986
5.317711
4.826101
5.842854
5.008452
6.400706
5.953298
6.285155
6.233177
5.343663
5.37642
3.518019
5.156685
5.275267
5.027724
4.306311
4.781337
4.398362
4.987907
4.291197
4.431382
4.7163
5.043765
4.759868
4.10879
4.638453
5.041761
5.402368
5.686749
6.117931
4.930195
4.160323
4.271051
5.531655
6.466416
4.504217
5.694626
4.735932
5.377326
6.474534
4.387796
5.577968
5.400746
5.444261
5.70404
5.316346
5.528926
5.775336
5.136266
5.481276
4.882408
4.879406
5.557279
5.372225
5.548757
4.736867
6.011052
5.553034
4.584427
5.376335
5.006104
5.196415
6.655216
6.232655
5.772867
6.406649
5.275911
5.037543
6.985248
6.261801
5.564476
5.099096
5.80602
5.457313
5.6063
4.148013
4.668659
4.609102
6.036844
5.539086
5.25375
6.02593
5.616686
5.979277
6.293466
4.977515
4.34026
4.489939
5.734905
6.280044
7.330996
6.451911
6.276646
5.626675
4.326071
5.313394
5.49862
5.096467
5.556374
5.416836
5.675014
5.326097
4.606249
5.848916
6.019348
5.996896
4.586696
4.456476
4.865717
5.83312
4.84504
5.349888
5.669913
7.096638
6.460277
6.45137
5.048741
4.580763
5.812226
5.002031
5.725506
6.101719
6.087935
6.843418
5.124374
4.397705
4.342694
5.164184
5.209242
5.859837
7.727928
6.824195
5.429764
5.962826
5.093604
5.709532
5.290463
5.346717
4.874885
4.987123
5.805943
5.24211
5.687357
5.447485
5.384021
6.406905
7.270573
6.274012
5.887513
6.075897
5.612902
5.866161
4.964326
5.106053
3.985661
5.141946
5.753575
5.163062
5.538299
5.727738
5.988685
5.582122
4.969809
4.460587
4.976202
4.974776
5.197008
5.728644
5.228933
5.478999
5.254054
5.035848
5.172996
5.444508
4.985346
6.089713
5.377444
5.241943
5.282275
6.218827
5.394851
6.424045
6.184852
5.397031
5.506846
5.69638
6.091264
6.404467
6.850843
5.301086
5.150395
5.108844
6.831963
5.809337
4.763261
5.149586
5.38869
5.707987
4.930884
5.852581
4.799599
6.181614
5.92582
5.306962
5.112783
4.698516
5.886544
5.960482
6.316403
5.755604
5.612687
5.332038
4.60326
4.309972
5.168039
4.716942
6.222538
7.075621
5.692775
5.684203
6.028782
4.606749
4.253225
4.726374
5.347189
5.589343
5.520532
4.939724
6.126467
4.591312
