465.1819
2340.314
1810.991
1522.329
1018.889
1344.19
2997.005
1791.702
1769.853
2224.172
682.0514
595.0674
939.2319
815.8697
782.1345
989.3001
1096.788
1935.04
759.7619
482.3014
1843.562
818.9378
1503.048
1219.678
354.1395
953.1309
1721.444
521.9359
2324.712
1664.885
1282.108
1307.785
758.5601
683.5096
828.1968
1023.016
1068.506
573.1689
3426.267
969.6859
2924.402
703.3891
380.839
872.5723
649.7189
667.4271
313.4747
2021.201
1191.115
434.9777
3065.69
1574.698
690.0272
3337.27
1505.376
1408.135
1175.713
1399.84
2831.808
1642.136
658.7429
994.3112
784.9169
524.7656
758.0326
974.6188
1350.699
750.3613
941.5252
1175.538
820.0964
1055.489
255.6338
1084.814
1160.481
784.5085
418.3994
1046.736
2241.49
1028.578
404.0028
676.9176
826.8362
457.8201
683.0182
2198.528
344.6537
1583.264
1587.096
734.5515
772.7052
935.2638
548.0632
1327.343
974.6849
677.6189
828.936
756.508
682.3159
1078.687
1841.414
732.8424
739.4398
383.2807
429.9617
575.1465
379.622
1034.99
3178.076
932.0172
326.6213
494.5475
641.4693
842.5121
500.2862
326.1759
1519.495
454.2194
1123.115
595.1676
1151.918
600.4902
1466.829
784.948
1179.387
1900.915
712.8565
699.2294
695.7477
640.7607
669.3668
948.9168
527.1518
1048.659
825.7761
1448.684
678.6069
809.6278
1383.075
1494.744
919.5522
1911.453
2831.996
693.8357
1044.087
815.251
738.6274
695.7352
1301.677
1946.778
389.8603
754.003
1361.692
1866.504
823.0498
465.7158
1279.974
509.9071
1945.806
1673.457
551.8639
932.4164
851.0037
489.1729
1396.177
2045.906
774.4988
1073.322
393.2419
770.671
802.4064
1586.029
1988.136
637.9733
1790.559
847.0276
621.8623
964.7744
870.3898
690.0366
1500.796
455.8604
573.3475
1154.959
1084.814
822.5074
1313.396
1216.982
2200.409
892.165
625.665
652.3409
661.4722
918.8679
618.6599
1317.838
626.6031
654.4739
881.8198
913.6571
866.6611
2034.864
1114.579
922.563
948.9818
513.9582
993.0123
1680.72
1005.982
2457.128
728.9379
1552.507
781.1165
600.8466
677.8598
763.7413
1118.121
1188.744
962.5095
416.1542
699.507
1610.526
1039.303
1134.198
1057.17
1175.343
1192.443
833.4266
1540.228
2149.538
1603.242
1965.386
1234.888
1680.586
1141.338
593.3513
4736.217
1657.09
887.7081
1469.426
654.8365
637.3134
572.3341
1647.862
815.9365
1461.677
1652.568
1577.863
659.9484
520.0745
1098.544
1991.379
1374.842
887.8003
642.4075
1592.936
1242.978
689.3337
870.0046
833.3158
1809.291
842.8917
1065.952
1506.62
871.3659
2709.72
969.8691
735.6299
707.6757
1157.736
723.906
1286.765
823.4292
945.0723
1045.04
744.9221
593.6865
1305.115
856.7175
583.7726
777.1848
2222.59
1828.138
1053.373
568.4936
519.8857
1933.916
771.118
674.8659
760.5056
1175.768
1622.36
1063.56
694.5874
999.6964
1472.335
400.5365
1419.743
1069.643
713.353
1651.592
646.4985
825.7544
753.7071
1119.838
757.9044
652.3976
805.5688
1052.96
544.606
2705.088
669.2169
497.7143
361.7111
1117.356
678.6094
1009.771
1080.857
415.8926
673.3343
1066.697
882.7295
1414.862
701.2982
1193.618
579.0179
1107.427
413.557
780.3828
2214.143
1770.409
735.2933
566.8822
1215.773
524.3884
555.0872
729.5119
903.8643
2279.49
1827.489
485.6567
1067.81
734.7113
2226.589
717.5826
1617.177
1406.112
867.154
2528.622
1206.139
1094.728
604.4556
569.8835
492.6207
625.6088
712.4943
1038.296
1560.552
1199.428
915.4655
1481.666
764.1596
567.6081
447.7509
459.9371
270.9741
1157.151
1095.497
599.5223
1700.981
1354.734
635.3464
396.9418
865.3554
460.2655
2459.952
674.2986
1665.998
922.5527
690.0005
451.7792
646.2846
962.2962
1081.501
566.7326
997.4132
1099.47
592.1262
693.1846
1177.246
993.6647
455.0994
1326.172
823.5438
2324.499
899.1578
533.8166
502.5265
1378.008
899.8244
645.7229
758.9132
906.2806
524.0819
737.3624
681.3697
508.3155
437.2556
1564.103
618.7684
590.7818
1485.441
904.0653
941.8259
2569.169
1153.018
688.2068
1583.223
1617.362
1050.141
709.1581
297.5974
923.6371
610.3124
1369.084
557.9046
653.5732
655.9136
512.3556
2331
659.3979
629.9759
1108.466
978.8559
715.7212
409.7105
1495.645
664.6456
1939.681
561.8052
643.2016
610.6345
545.199
852.2294
2943.894
515.6704
758.58
590.3538
1791.913
1668.651
800.3177
1212.984
1143.508
1179.664
534.2399
931.7712
1042.229
2007.654
1926.342
1767.215
983.6535
1074.183
3064.334
628.7555
709.054
823.8896
578.8816
1256.863
1793.826
1191.793
1657.138
1412.844
781.4986
1347.561
456.756
6104.804
732.3941
878.5665
445.0953
661.7098
451.0803
900.3812
830.1859
477.3064
5239.737
1140.869
1050.142
966.8441
1755.232
365.6483
1064.207
1374.23
1146.106
442.6166
552.6845
837.8294
981.6832
4206.072
890.1565
867.2706
