58.52936
75.9123
95.41546
107.2208
140.601
102.9791
88.58833
84.51773
71.94964
78.48748
91.66936
77.36239
135.1711
144.3599
131.9368
104.125
96.02377
118.0337
137.4409
152.2685
149.3571
189.2377
240.5306
230.1739
228.2441
214.0088
157.4337
187.8548
169.6061
237.0261
235.1767
294.0655
353.5475
325.0544
245.2226
297.786
279.2859
331.6586
290.1944
343.7421
304.6078
353.7126
427.8387
328.9339
456.9509
470.1311
396.3746
461.1179
399.0199
433.8177
304.7371
287.217
334.5249
372.5998
496.0549
522.8159
464.4781
402.2024
360.5699
409.0966
406.796
411.817
493.8593
430.2231
618.8681
544.415
734.2243
855.4133
1243.791
1609.997
1995.518
2452.816
4239.179
5707.2
6606.563
7532.419
8665.71
13749.83
15693.57
15393.36
21915.85
21206.82
22069.37
33125.96
51086.69
61110.07
102189.4
116255.7
161368.9
343912.3
507717.3
817236.1
1834089
6266885
26046992
40297439
47252361
41531034
39914146
42396218
42784632
41520663
40446557
40519084
37314551
40699823
41945713
37179869
40932221
44912448
39467163
41988459
45711480
43574162
37440082
37545985
47320614
42975086
40042504
43163732
51242525
45830785
43223478
43377324
38963111
45087997
39257479
39182870
41510021
38057590
38474945
38475418
49141670
36497631
40799215
48144949
37013911
47415050
34202173
38368218
38697447
43827404
39652722
44885594
40818027
41589796
49437293
37997220
41819316
48318551
42919548
37051287
41961494
44977690
40688329
45500535
34306132
40803610
38172434
41272546
32892134
47314315
43955945
38343399
43796852
46114008
42990525
42570477
41335132
49895806
40304442
42234392
38890419
42476784
44306674
38353337
38070463
40798590
43665012
38514097
45322109
44471664
44839502
43327532
42562919
43708773
35937178
36175876
39022572
43403608
42781596
36414825
39427110
41079768
44612051
48465292
41453165
44387521
44039654
42013037
38461598
38245809
38935407
36800253
52872335
49269652
37336508
45074299
36834391
39810841
45977519
36697643
37848697
42486721
40407794
41494133
44037378
43799911
42345507
34899634
39304054
46419435
38574150
39550918
44738020
46050531
41247540
40991637
38231056
40441031
48133488
46976020
40851420
41921788
41642271
43398359
46569503
37172157
44708119
47777576
39089633
38063416
39064616
43758459
33512268
37219644
41650534
37938730
43511961
46860971
47185943
47978695
45648450
42797517
43856688
39148463
40130202
39911674
41093421
43123734
39934988
35802777
44009040
45463815
37896951
39639697
38362153
41441622
40152380
40919125
47762435
43987442
41472477
40793927
46323172
43869065
39503315
41301634
37416183
45838576
39990236
45906752
41440499
40853569
41397225
46024591
47032839
42024527
43041830
45322825
45057607
48343690
43020548
43338194
41095846
40825956
38136004
39170507
37598678
43029784
42020095
45905581
41890013
40491091
38850318
36831631
36690333
41013941
38870086
36712452
42115196
38972481
43943503
43898157
37166484
43732057
45134076
44274128
47498126
42721547
41753507
41288054
42802946
39467938
42029825
40134441
39938053
39133708
47154523
39171928
44820939
45315424
38956387
41500438
42374534
39084671
35305707
39556453
39929693
37200902
46936137
49972768
45037336
34454853
43207305
39260514
39678660
36401949
43146920
43116237
32932176
37137333
45228568
42422969
38504011
37310357
44222079
39131185
42588566
40539746
42236053
49369600
44157385
47584783
39433222
38359285
46312778
40277576
42493402
42509501
38738274
42680125
32847976
40854305
43001377
40873391
40085073
39420785
42602719
40810422
40984753
40564013
34261385
40632348
40538349
42081577
41774014
41502272
40786400
44896993
43665171
37670323
40632046
47340213
46172570
44645613
38357105
40511533
39055715
41167835
43483229
39410960
41412961
41441018
39392857
41030507
46266362
48973611
40922255
43812505
44928870
39238914
45320181
42259114
42410699
37849974
42508117
42758581
43509420
38957911
39868172
46038554
41737780
38279796
43968719
38527639
48965070
40166224
40823870
42133697
38915971
37853870
38912136
45127247
41303328
36351628
43650388
41390907
44418911
39468751
44236822
42256373
46691928
48192714
43296217
45437530
42397124
36920398
41713287
39653429
37107789
40003517
39765819
39617992
41050384
41749078
44988316
42456537
36668209
39276412
45417235
44153501
44141975
39212537
46942376
39028864
44781337
40290695
47105940
35417205
44557446
39907808
40741542
43710338
43551115
48975421
40058408
37723915
38081224
36047387
37325743
36899120
42156113
42775725
38282555
35118327
40119578
41165458
37517038
39339846
43348292
40581326
41035240
37703445
39153851
39345450
41527843
41687660
45764597
38448279
