86.69014
89.64346
92.46597
92.47121
92.91226
91.30784
89.7606
88.63435
90.27928
92.81818
92.44052
91.14864
90.26809
90.43068
83.96953
86.23584
82.32809
81.33278
78.20975
82.48081
84.69906
84.42587
81.6461
79.0761
79.33401
81.93463
82.95369
84.49844
86.26081
82.96518
83.92029
82.37478
79.95835
81.87847
77.9969
78.574
83.7773
84.45416
83.18242
84.65915
88.9293
93.74961
94.98246
95.29789
93.72299
95.07802
94.9696
93.77389
97.02456
92.64073
95.82735
96.51032
100.7711
103.8872
100.9677
98.88543
96.54726
95.86592
96.80979
96.72144
97.84469
98.95657
97.79911
97.25832
99.3699
98.50417
97.27787
94.96478
93.72149
93.0632
92.26336
95.16271
96.57586
93.76715
88.9971
87.65081
87.74331
84.04819
88.78203
88.05236
91.4231
92.81135
91.54153
91.51092
90.4123
87.14035
87.37069
88.42402
88.11598
84.7755
87.75131
90.29739
89.55496
86.52483
84.94541
77.41985
77.41529
74.97382
78.96872
79.3295
81.60864
80.1129
78.66207
76.26371
77.73193
78.90057
81.47944
82.46671
81.87717
83.67701
84.39853
83.80882
83.90636
83.19279
81.46881
81.81868
81.03707
80.96282
80.51758
79.40355
79.99534
78.88382
78.08751
77.31227
77.09302
77.35015
75.8863
75.06284
74.44118
73.28956
73.10891
73.14203
72.15267
71.28197
72.56523
73.55431
74.37697
73.7809
73.51043
75.53101
73.81943
73.2141
72.81177
72.39192
71.1173
69.81895
69.17494
69.57032
70.87803
71.18407
72.12329
74.03993
73.4816
73.98324
73.13461
72.97567
73.96517
73.18808
74.31174
73.89906
73.51519
74.09909
75.56962
76.11782
75.14337
73.49567
72.75356
72.12105
72.33714
71.62546
70.33724
69.64384
68.63626
69.06328
69.84516
70.29733
68.58843
70.18027
70.45426
70.03833
69.74517
70.01724
70.107
70.45275
70.45056
70.04251
69.1376
68.26236
67.9477
67.52588
67.67448
66.51297
64.53008
64.78971
65.31432
66.62077
67.13829
66.98536
66.9962
68.04447
69.18298
69.07015
69.37457
67.02142
65.50783
65.92318
64.91715
64.88935
64.77339
62.89744
62.42489
62.09078
61.59981
63.37152
63.90445
63.34551
64.61616
64.62159
64.58809
63.80217
63.04644
64.15129
64.8572
65.24328
65.07595
64.66147
65.00541
64.97358
64.33814
62.83297
61.88248
60.57928
61.34729
62.84392
62.39234
63.98768
64.77763
65.26067
64.68624
65.63633
65.92113
65.82673
65.79502
67.52871
67.09452
67.01134
68.275
69.50651
69.66554
70.43085
71.83618
71.61332
71.84273
73.20554
72.90016
71.56684
71.92799
71.91418
71.29601
73.21854
72.0497
72.24532
70.8281
71.4547
71.60073
71.31153
70.9601
70.85035
69.50459
70.66642
69.27939
68.93017
68.73117
67.70762
67.38726
66.47723
67.10969
66.93828
66.92732
67.144
67.42851
66.52089
65.49529
63.83857
64.18095
65.58854
65.69027
64.86263
64.95497
64.54098
64.53166
64.78684
65.63661
66.1708
65.6851
65.94782
66.17241
66.70567
67.49366
67.63926
70.26651
71.22052
72.94108
74.52537
75.85346
75.27254
75.4189
74.5464
75.68125
75.55887
76.02802
76.12942
74.58922
75.32321
74.89261
74.50256
74.37151
75.92502
75.39365
75.57724
75.04541
75.12601
75.70587
75.00352
74.08978
73.47075
71.67424
71.25676
68.53284
69.22317
69.68371
70.11206
70.59036
70.38226
69.946
69.4347
70.63212
69.69259
70.4885
70.94268
70.0292
68.3403
66.63278
65.89543
65.24317
63.98378
62.36868
62.8497
61.23896
59.69629
60.69636
60.25243
60.856
60.17434
58.0836
58.94183
58.17367
56.73765
57.8194
59.32517
59.51149
59.43721
59.20459
59.64248
59.14904
60.24322
60.05457
59.97747
61.59042
61.3774
60.97048
61.26985
61.31608
61.67291
61.49282
61.75636
61.65788
61.67277
63.57004
63.85959
62.45944
63.17789
63.13186
65.88849
63.95282
63.28103
62.55062
62.49835
62.45955
62.97858
65.51454
65.72684
66.05231
64.88699
64.60695
63.65524
63.47151
63.50259
64.02
64.06144
64.4587
64.6474
64.02539
63.61244
61.66581
63.15498
63.54569
62.26027
63.01807
61.68797
62.19575
62.32262
61.58258
63.31899
65.16529
65.57724
66.33515
67.13786
66.92508
68.56726
69.53028
71.77516
71.86829
71.95053
71.75104
72.32125
73.33393
74.55246
73.81191
75.08712
75.97338
76.96707
76.25554
75.42374
75.57847
76.02492
76.1686
78.23577
80.15427
80.53959
82.56185
82.86411
82.40064
82.69211
84.9555
86.31949
85.52862
84.14334
84.70537
84.46408
83.53208
81.9745
80.8396
81.21573
79.91611
78.51488
77.60047
78.14882
78.85779
81.03162
81.52273
82.31902
83.28132
82.27013
81.80921
83.97985
82.67171
83.27468
82.41483
83.25543
84.80081
84.09478
83.89805
83.53884
83.67688
83.99916
84.93334
84.60184
84.90069
85.3576
86.12017
86.28842
85.91096
86.85923
86.95431
87.85928
88.71179
88.60732
87.64639
85.40746
83.43467
82.80481
83.88262
83.04769
83.26224
82.47813
82.62144
83.05661
83.85345
85.27905
