102.9058
101.8326
100.2686
104.3748
104.8774
104.1738
104.6112
103.0247
102.6689
101.4959
102.6531
101.9544
100.4462
99.47494
100.2208
98.22099
99.25206
98.89874
99.82128
102.2385
101.3765
102.8542
102.6476
102.0309
102.1486
102.0887
103.4539
104.9926
105.4727
104.3964
103.974
102.4273
101.8804
101.7776
101.469
100.2401
100.7466
102.7141
103.363
105.3052
104.8351
102.9632
102.0395
100.7583
99.76041
99.29841
99.62282
99.57075
98.61136
99.43431
98.54825
99.39613
100.0482
101.6638
102.2032
100.3981
99.31364
101.0378
101.5976
100.2057
101.8241
102.5609
101.8274
102.1259
100.6105
98.05133
98.71695
96.78317
98.13835
97.06206
96.29628
96.79154
97.98424
98.34321
97.33592
96.64638
95.31299
95.29923
95.64218
94.74382
93.71134
91.89827
92.76938
93.42897
94.98384
96.73061
95.32278
96.06331
96.89528
96.63436
97.24424
98.33256
99.62978
98.92488
98.34714
96.44459
95.7857
96.08867
98.36441
97.48903
96.55191
97.79925
97.10068
97.70397
96.68478
97.19294
95.44438
97.94919
99.83979
99.84909
99.52313
98.84062
99.66244
97.90437
99.69213
100.559
101.3743
99.19491
99.56818
99.46921
99.90329
99.44849
99.46137
100.2082
100.8336
100.2247
101.2092
100.5285
100.3835
102.8874
102.453
103.3545
105.3702
105.8117
104.8643
104.5632
101.633
104.3963
104.9901
106.0505
105.0034
107.3771
108.344
107.1636
106.3434
106.2164
108.0379
108.8232
109.1106
106.2197
105.9297
105.517
103.4769
102.0168
102.5779
103.6123
103.2779
102.6547
104.1184
103.0032
102.67
101.6524
103.3462
104.78
105.8126
106.7992
106.7406
106.4079
105.9639
105.8227
103.789
102.9359
102.5435
102.8049
101.1965
100.1036
99.21753
98.97565
99.27472
98.57262
100.7823
99.46445
98.99258
97.9654
97.37387
99.35858
99.33515
98.72699
98.85474
100.0129
98.73773
98.51032
96.19198
95.1347
95.44284
97.031
97.94719
95.59336
94.29161
95.27139
94.89674
95.564
94.62967
93.64503
92.69074
94.77883
93.27792
93.52504
93.87268
94.42051
94.99619
93.86519
95.2977
94.21371
96.14065
95.75951
97.83241
99.01706
99.60362
101.2283
100.1761
100.4227
99.96104
101.4381
100.1256
99.42479
98.75294
97.36174
97.30938
96.6711
97.32088
97.10618
96.46061
95.54661
95.36172
94.57554
95.11411
92.67172
92.07944
91.93372
92.64792
93.30956
93.02907
92.73755
93.2716
94.23822
93.10994
92.69456
92.9668
91.75408
92.98834
93.63338
94.6085
92.76983
92.2973
92.64192
91.47498
91.11051
92.46812
90.54688
90.61957
91.08408
90.2927
90.49161
92.07367
92.64982
92.26046
92.92767
92.81729
91.92018
91.05625
89.45463
90.24064
90.56538
90.82079
91.02469
89.72049
89.53366
86.68905
86.62972
86.53008
87.17883
86.08133
85.41235
84.39547
85.493
88.99478
90.4701
88.90949
90.57171
88.95998
88.8091
90.71801
90.40222
92.67064
93.29312
93.03573
93.15564
92.64795
92.20491
92.96786
92.72781
92.88243
92.13038
91.79908
90.12359
88.26556
85.91067
86.04749
85.92871
87.64984
86.90781
88.29399
87.78247
88.63417
89.24109
89.83523
90.04781
89.84913
90.70361
90.47301
90.14417
90.26554
90.19003
91.08486
90.89359
91.62623
91.23191
90.26773
88.23407
88.21784
86.83419
87.2548
86.51433
88.37109
88.86645
88.72417
89.17935
88.91413
88.48732
89.95055
87.85282
87.91274
87.7959
87.04548
87.10881
88.39887
89.00036
88.30208
88.1795
89.14858
90.81633
90.16298
91.02486
90.29353
90.00562
90.65999
90.45088
91.15288
89.84657
89.49935
89.00347
88.52745
89.1792
91.05548
90.76584
91.24545
90.0854
90.22102
91.3039
90.33523
90.44485
90.67695
91.39936
90.99954
91.06449
90.57958
92.03694
90.88498
90.99828
91.1996
91.9215
91.45935
91.73384
92.31364
92.73705
94.76144
95.83986
97.00335
96.69154
96.62079
98.08742
98.94498
100.456
102.3572
102.3
101.5742
102.0025
102.2139
100.8191
100.9827
101.0224
101.5287
101.6504
100.1512
100.2271
99.79895
100.172
101.5516
101.9194
101.2622
100.6608
100.3039
99.88019
100.5408
101.3405
99.10521
98.66996
97.48658
98.59122
99.41927
100.7377
102.5565
102.6606
103.482
102.7649
103.2234
103.8644
104.2329
105.4374
105.0294
104.9074
105.377
103.9831
102.7471
102.8546
102.0686
102.3333
101.2329
102.6626
101.4865
101.1185
101.1256
102.7231
103.9682
102.9995
103.5771
104.6841
104.8592
105.7758
107.5289
107.3891
107.6102
107.6638
106.9344
107.9171
106.9954
106.4535
107.8411
108.5555
107.4863
108.5964
108.4836
108.3115
108.9366
109.1935
109.8367
109.5104
110.1469
111.8738
112.6664
111.9497
113.1562
113.5713
112.6242
113.5087
114.149
112.2691
111.3936
111.5824
111.2702
111.6663
110.4868
111.3565
112.1951
112.5473
112.3859
111.9909
111.603
111.5303
112.0127
111.1689
111.414
110.1223
111.7539
112.1655
113.5677
115.6881
115.8095
115.6045
