177.8446
155.9829
95.66182
80.32686
107.9351
112.9517
69.58013
65.49703
67.02948
54.75471
41.85224
58.88818
47.28778
48.3931
59.02255
56.94623
68.01541
59.89059
44.6954
52.87251
40.83986
54.39697
55.00687
71.81899
83.56076
93.38089
75.66611
81.92872
77.60226
92.04657
90.28155
70.29946
57.50791
76.17585
69.13651
72.62405
94.0623
96.98625
93.88583
84.96449
68.28069
70.97848
59.56283
54.95224
52.62732
75.4141
78.61563
85.88369
87.49076
84.22166
57.91638
67.30251
49.30541
50.13692
74.0276
57.56147
53.16999
59.17451
61.99369
72.59576
57.22683
67.75517
77.89807
54.67025
46.47859
59.63962
55.25449
55.04297
56.61169
51.0947
49.88499
53.24754
44.20236
52.48057
41.05696
66.8581
64.57868
48.49747
71.54841
60.41138
76.58103
64.65695
63.05596
72.47804
66.08432
81.36277
72.53998
100.6783
90.75784
73.79551
80.38924
55.65082
49.56118
59.74375
58.79274
58.25213
33.22802
31.71054
40.58979
41.56065
45.238
76.26913
75.50399
101.1142
65.84763
67.54824
66.30818
92.99189
85.85597
101.0457
76.36915
58.07182
52.5568
58.34843
49.26194
53.95374
52.35342
86.56372
88.60251
76.67449
57.77571
62.05473
67.65253
44.58929
47.78762
56.72724
68.46315
88.87747
68.76873
77.55976
75.47247
98.67261
86.15895
84.56971
52.26777
52.7157
50.63301
45.67844
46.34255
41.88628
32.49403
49.85315
53.48788
53.56937
64.13301
58.75435
48.70013
49.91672
63.83236
59.53508
52.73263
51.10932
46.44838
60.36654
59.01065
68.11737
64.15384
101.1118
97.40118
79.41162
72.63762
76.1667
70.20164
81.18238
71.46811
82.59065
65.31738
75.66394
78.77419
74.15076
77.6158
95.47443
97.91791
90.02464
132.9433
160.171
112.4164
98.8239
63.64779
67.78225
66.46976
60.8505
74.21944
76.29701
70.15142
42.36132
37.8415
29.52384
41.82904
48.72351
63.1235
82.30164
70.9272
66.57282
66.23927
82.40096
83.9804
76.32568
69.93167
75.61247
94.71781
100.5971
80.9281
65.30547
52.39918
36.06404
35.03674
56.82652
70.1339
73.58843
65.84831
57.31733
44.706
54.38993
62.32529
54.51058
33.35632
37.35674
35.28441
51.5891
39.77032
52.97249
63.77458
72.04708
80.25666
77.62341
56.16293
69.35385
57.75661
66.7401
64.26438
53.31809
56.2928
80.95977
130.9794
116.0225
123.7002
126.2298
91.95167
71.03171
50.40805
70.87952
74.09459
54.67856
71.56446
81.6632
86.93646
66.36092
95.8662
104.4836
95.21874
71.58131
65.36939
62.04718
57.87988
69.36055
51.399
57.06553
63.82833
52.25538
69.32076
50.83067
66.96363
70.74945
67.65529
67.65952
61.29643
56.05026
41.49062
40.17532
48.07731
43.56894
50.32629
51.38715
72.71628
69.61723
57.94845
67.67915
66.8404
63.71371
66.44122
50.37091
56.80748
62.44522
64.91537
70.70065
94.98001
82.03423
91.94151
75.14725
75.70968
97.77599
83.66003
87.59434
74.98544
81.13792
61.34121
51.7227
42.93574
62.59751
62.39034
51.11019
54.64343
59.38679
53.57062
52.94904
52.65903
39.09737
38.13888
46.88076
50.88275
40.16904
42.71576
33.34524
37.24437
42.55448
54.98618
65.02794
66.23143
57.61987
60.13333
75.62069
108.0529
65.9564
61.70755
58.00579
57.28343
55.6742
47.26634
55.37814
53.1902
77.1235
71.52123
69.10036
64.7491
78.44491
51.58442
53.11271
62.83531
43.07618
35.11718
38.28894
34.32058
34.45526
55.42481
47.25673
65.39175
67.32925
72.84463
71.5607
94.02763
64.28356
57.9062
40.84819
58.19818
54.64232
49.2707
50.93983
57.29524
55.16562
69.251
74.79785
68.64832
68.88508
54.39049
73.04315
83.53559
70.28846
69.49972
106.8911
76.0695
66.52849
53.15177
59.4104
63.26931
52.6596
68.05527
54.88237
54.1497
51.59923
54.18689
69.51841
77.62619
54.1397
42.14243
34.4055
43.16737
50.45758
51.91019
62.06782
68.85491
66.83921
54.67539
46.30074
90.79973
102.6293
110.2404
99.63083
93.86563
108.9434
104.9491
98.7926
78.56047
81.0727
71.16647
55.15151
75.67377
49.68036
51.68854
53.94943
51.0282
51.88546
76.59788
79.12614
82.52612
95.66863
89.98371
62.60117
65.46567
66.73057
63.8709
48.00717
41.55212
42.89993
53.12894
65.04929
55.84089
62.75028
53.17683
46.00407
56.30192
65.45947
62.48598
73.02079
59.70452
61.68235
54.36237
55.66494
66.17323
59.11374
56.0735
75.40318
90.51499
75.58417
99.39017
65.8925
72.03721
59.79471
78.18969
75.95372
76.69195
87.02332
77.65
93.96072
105.478
94.12899
82.59211
91.87394
83.10728
68.45411
86.87079
63.60395
71.03836
88.8713
68.92353
67.01731
64.42918
64.18886
61.915
45.99001
50.89948
72.84207
93.37288
89.15651
85.07824
93.13523
71.50689
83.66327
73.43774
68.41784
61.54737
80.95062
63.32357
70.24572
93.49047
74.4863
54.56297
57.04032
50.98707
58.10363
71.56275
69.34327
64.80697
59.66616
56.39135
40.79353
49.44572
92.47588
99.62905
92.20844
