33.61744
66.81883
117.3139
172.6452
201.5568
264.4523
309.827
1045.33
6514.437
16860.42
11396.36
13513.31
11412.22
14151.22
15648.95
20349.69
17298.67
20098.18
15982.68
14648.9
20578.36
21582.75
23940.42
18601.8
26648.93
18435.82
28987.03
15993.89
13579.12
19627.56
24521.6
21820.9
21763.45
22172.83
26390.74
31338.58
28393.39
22172.37
23515.78
28211.45
27820.22
22433.27
34559.88
18665.99
15777.21
22532.95
35534.74
35800.72
17691.28
27976.85
24735.07
22282.53
23708.68
16763.06
22661.44
19570.53
18607.48
12120.44
30779.66
31908.15
19740.41
19925.16
11266.28
16074.38
18043.84
20676.18
14546.77
19226.36
27020.26
30284.39
21740.58
17210.17
28305.61
16888.28
19604.52
22717.47
17203.05
25906.17
24288.06
21697.4
27872.27
19599.22
13168.92
15995.47
17410.59
14453.41
21923.52
37517.76
34053.19
32644.81
22717.16
23770.47
30443.32
26098.9
20406.69
15369.11
16204.6
28988.63
19172.52
18100.98
23211.2
20145.04
14307.42
18011.93
16181.15
17949.13
19913.7
22745.26
15416.29
19362.62
13864.85
16078.07
18183.71
30679.65
28756.07
26923.92
14670.88
14531.97
19445.03
18797.35
30247.19
26313.02
27999.98
24739.34
22040.93
28652.67
26456.73
26757.4
23590.67
20889.56
17521.85
22023.22
20430.76
27004.37
20469.63
28985.91
24090.76
25694.13
22115.33
26589.33
25436.49
24227.82
23771.25
21501.72
28902.72
26373.37
25442.57
18498.61
16641.71
19781.62
10939.18
15546.14
16839.44
20028.54
9121.875
14371.44
14509.54
19658.83
13222.52
21149.76
18581.49
20652.8
22815.11
14026.81
16740.65
17209.36
23986.97
18728.16
22611.16
18886.88
24308.4
17473.66
18985.24
20402.41
15284.81
22608
28524.19
27136.93
12568.1
20258.62
13420.12
14713.97
30901.67
21036.28
18973.54
19031.09
16735.7
12858.35
17520.7
22204.94
35083.05
20818.21
23859.62
23296.58
31706.2
22715.05
15723.85
19626.36
16857.09
17514.52
15832.34
17747.57
19881.67
28710.24
36347.95
21948.57
20723.16
23935.61
23914.25
24152.62
21314.81
18343.69
15585.27
24962.73
15590.93
14777.54
14536.49
21350.87
14262.64
14379.23
18042.89
26913.15
15162.43
16700.1
23537.19
24716.34
18281.63
19438.56
11984.36
16297.11
16245.81
14861.44
14755.02
14881.56
12541.71
14963.41
19569.17
20263.1
14408.07
20926.41
15460.41
19292.18
21935.41
30581.27
23119.99
17542.58
15798.23
12775.78
20413.65
28153.36
18463.34
25971.02
19788.42
15841.87
21302.19
32258.13
24738.65
24897.75
23972.69
34267.16
33046.3
19836.86
14126.67
21678.31
33853.8
30576.99
20664.89
20797.31
20378.61
14621.84
25652.48
19458.56
21805.94
24583.19
25510.45
25306.4
21882.93
14977.53
17973.95
22086.77
21929.18
29849.89
16368.37
13303.07
13873.42
19197.37
22513.54
21235.83
22636.17
21614.32
33064.57
32126.43
20173.64
18867.45
13238.85
28553.4
18363.63
21324.5
30581.9
29782.84
28066.85
20991.96
11278.33
15185.32
24979.71
15516.62
15700.44
16006.19
18167.65
20577.48
20920.58
24150.63
23483.98
14410.17
18852.65
17747.41
26259.02
17300.27
18064.22
26255.65
24694.63
15293.88
20850.3
16689.62
18271.95
23794.9
12934.02
20141.62
20745.85
26298.97
17030.33
15855.99
17696.69
17094.75
18430.07
22096.96
16155.2
13858.66
22693.46
22071.63
18844.5
16926.28
22872.66
23833.17
18290.71
16252.16
13317.36
13300.14
19307.16
22941.39
18262.36
17003.24
19023.37
30037.26
13099.37
14599.68
28077.8
22905.47
28615.56
29872.96
27232.97
29492.93
18924.53
21581.48
18139.29
22111.61
20537.03
24162.5
31159.14
20109.75
15218.44
19184.95
23341.27
24254.29
25687
20210.01
25475.02
21571.12
28916.07
31260.35
16715.86
25195.99
17680.86
19597.45
17437.91
18369.62
21556.38
16652.27
18160.47
12732.68
20038.78
23100.45
26985.84
24721.03
21809.83
21653.58
23304.33
18649.25
25336.86
18862.92
31021.39
20967.73
24538.66
23996.93
15893.42
13619.04
19756.13
29218.6
25247.21
14760.73
12361.2
12747.55
19229.34
20522.72
21605.76
18439.02
12518.78
14271.17
21695.82
24022.99
10123.97
18128.47
23012.11
33923.85
25805.52
24894.7
20644.99
18978.66
16571.39
17769.64
16394.29
22399.07
21228.96
24319.04
18194.95
26435.29
29106.31
18957.93
14591.3
14274.77
18671.05
23320.51
19818.48
17469.06
22368.24
15841.98
19220.37
15101.73
29576.51
19568.45
23973.23
28680.77
17459.09
18126.29
17156.12
21343.77
26847.9
23193.91
28362.76
23695.39
25725.6
17454.9
19119.87
27496.82
18672.47
15064
18518.58
16701.24
15582.05
22907.14
12563.22
23133.42
24620.53
22291.63
16181
15035.93
14594.27
23301.09
25504.76
29692.84
24591.24
19303.58
12593.86
19787.47
22630.29
23957.13
15537.12
13385.92
18728.81
30165.94
22653.8
18163.73
19833.38
15188.18
19483.1
24611.59
19749.49
17671.15
27503.96
28643.51
