35.3255
64.10634
70.70461
77.06766
89.7986
167.3846
267.7562
228.5661
192.8964
121.3806
384.5917
892.3907
1302.385
3418.056
13444.38
21047.82
16451.78
11885.99
17913.65
20555.74
18805.67
20029.41
20280.3
30018.43
20148.51
19005.8
14396.87
15643.73
20207.82
16780.19
18284.79
13914.26
25177.9
12025.66
20944.65
16454.24
20068.08
23955.46
26192.69
20980.32
14966.6
18915.07
20104.06
24012.35
14666.08
21925.51
18787.58
17980.93
15165.2
12014.54
18623.45
29752.92
33911.46
25685.84
26468.47
17261.21
22178.71
17983.88
24033.18
20284.97
18467.36
22570.86
22210.04
19802.31
16612.76
18538.48
22886.85
18197.28
11074.55
12576.84
19216.38
35528.49
30621.3
13997.78
14103.7
21630.58
22465.99
18782.72
18316.51
15228.18
20941.22
18695.51
30615.71
20301.91
20043.08
16607.2
13772.9
18043.7
19072.75
18354.1
13389.3
13197.65
12034.46
22869.49
31817.95
48085
19838.14
16780.91
18975.29
20240.86
23346.39
18276.65
20999.53
18887.83
28008.53
15894.52
26903.74
14371.19
13585.63
15094.39
18666.47
23072.56
16091.96
17001.78
26460.42
20953.1
18092.63
17039.89
21435.08
14197.61
17129.48
18388.27
14560.75
19910.81
20845.85
22594.01
19955.52
23378.71
20077.5
19062.1
21579.97
16776.1
19229.89
25008.63
14718.25
19171.35
17021.6
24838.55
31417.44
18149.28
17745.19
20087.21
30747.66
14495.16
14362.97
23557.3
13150.85
23775.98
34886.65
31040.69
21224.94
19177.37
25678.31
19954.25
18149.3
17159.74
10866.12
18056.17
18124.52
18685.6
23251.07
20291.93
26238.01
30188.63
33954.23
27219.55
21633.56
19261.44
21902.87
17126.65
14821.43
17993.04
26165.19
21085.21
14915.1
16767.35
22231.82
36000.73
26792.76
21745.16
24787.64
21412.85
21321.69
16807.44
19737.57
18827.18
10244.3
16719.5
31996.32
24317.22
22036.27
13752.96
24322.29
24814.57
35600.21
15595.29
20025.69
17688.09
15322.36
17145.83
19454.92
27779.11
29035.9
14774.26
30788.16
22115.11
13921.33
15469.53
11702.9
15595.92
20304.34
19555.27
18087.85
17787.86
14206.29
23912.6
23103.55
12317.66
20009.53
12249.44
14243.84
13884.56
17646.99
14065.41
13660.98
17913.22
15676.06
28101.27
17766.93
16971.5
14718.1
15312.18
20336.25
22719.82
22438.3
13325.76
16885.05
14505.91
23708.23
22495.01
17415.29
16479.21
16772.58
28120.84
41555.52
20254.38
13938.29
8756.685
9867.445
16334.31
14147.28
17456.42
24425.31
22782.76
18525.14
16748.39
13707.66
15957.76
21912.77
20674.65
16060.9
21201.36
24989.53
13866.19
29044.03
21561.98
19120.62
13962.46
16558.38
14920.41
12916.71
16457.07
31429.83
24014.86
25144.66
20291.13
17219.92
20514.1
20011.06
32567.94
22284.42
15362.68
21671.08
27262.89
25139.35
24976.93
25745.7
12368.05
26160.59
20172.66
21421.17
33580.34
35235.19
16699.4
16686.76
20681.22
18849.63
16294.94
22649.15
19479.16
17247.29
14889.37
12119.8
12388.35
17838.55
13315.28
23699.68
24648.22
17075.42
21344.61
25613.32
23160.24
26123.93
15515
19863.57
29402.8
21120.91
22637.68
17000.37
12706.05
15894.24
20496.39
18067.22
19166.46
22828.86
16116.87
20897.43
23367.72
16996.91
23419.73
13379.07
14927.91
18687.34
17594.31
25429.47
20748.15
18581.15
18738.7
22935.3
17310.92
14275.25
13141.33
14109.4
16084.83
19254.42
16904.55
18100.47
19253.16
10371.03
23623.04
21370.67
11110.84
21103.57
12793.73
23028.37
27561.18
15993.11
19051.55
22002.18
13176.04
14109.01
18856.86
16254.11
21147.38
25998.26
20420.75
25742.1
24392.19
20894.64
24522.55
20017.63
13828.43
19900.14
26160.61
19390.38
21432.86
13462.32
19098.4
19300.93
17120.09
20446.43
20921.79
17390.08
23974.17
22586.62
22965.94
25617.94
26375.34
15361.67
17313.64
16952.53
27292.91
32656.26
18947.78
22345.54
25424.75
23300.11
22673.33
14045.28
15718.94
29044.31
16305.15
19262.65
17874.82
22802.48
17936.17
19638.45
21194.49
14553.44
24255.92
30006.64
45819.45
29048.78
14691.98
13289.82
14848.15
15486.59
22739.47
20721.02
19202.27
24483.4
23725.16
23068.53
19681.63
15992.4
21864
26565.69
18020.53
25139.54
14227.2
18065.79
14118.61
16952.41
19444.84
15593.03
18667.37
14487.29
13576.66
14517.06
25052.61
16794.43
20333.12
24834.05
25204.21
22586.1
20972.72
18049.3
23597.56
20137.49
24586.19
20001.21
19928.89
25832.36
26486.42
22412.95
23367.37
20034.29
14972.94
17192.26
14172.72
18367.31
27809.53
35911.55
18282.79
21303.08
16589
11437.44
12572.88
17628.41
12314.85
19414.45
26265.75
31794.75
17946.82
13899.84
18404.41
12274.28
14256.38
27066.07
19195.94
16781.75
21349.15
15533.6
15510.08
17834.05
23681.75
11251.44
21460.95
17889.7
21420.59
15957.92
11565.61
22263.77
23550.75
19349.96
19232.49
46421.44
29516.63
31229.55
19947.65
