88.44646
91.27736
92.04063
88.13037
89.25208
90.61122
87.92584
90.55851
88.98618
88.69779
90.12372
86.63572
83.53722
83.46747
79.95902
81.39948
83.03868
84.59794
84.94527
83.83554
88.63652
89.67949
90.66726
86.81552
87.9369
89.27749
85.95425
83.41561
81.15312
83.73692
84.16532
83.98034
80.38073
83.59388
85.80814
85.57728
86.3734
88.72625
86.41582
89.51652
95.00105
95.26897
95.94766
95.54595
96.7431
92.60355
91.5079
93.83074
94.97467
92.60022
94.84178
96.19085
95.14693
92.095
90.92461
91.25189
92.04341
91.97211
94.5154
94.25728
92.33556
92.75982
94.91799
94.2038
95.67169
96.15763
97.64986
94.2881
91.84073
94.45625
94.8856
92.30197
94.10735
96.15886
97.48081
97.4165
100.11
100.1495
100.7691
97.9765
95.10064
94.39423
98.19308
101.4241
101.7753
100.7334
97.703
99.96978
98.29316
101.2975
101.441
103.2497
106.6011
112.7436
115.167
117.1169
117.9207
118.7446
118.4681
119.1355
115.7328
114.3032
114.2935
119.0514
124.1125
124.0869
129.9689
134.0634
134.8351
132.7661
133.393
129.727
128.298
130.7694
129.7372
124.2889
127.1058
128.6521
130.0042
128.1522
126.0465
122.6276
123.4994
123.808
125.6258
126.4173
124.9938
128.0681
128.8349
131.8705
135.6565
129.5761
130.3456
127.6948
127.4936
126.6868
123.4893
126.8383
126.5256
124.5757
123.4652
118.18
118.7927
119.9813
124.9446
125.938
121.0904
122.6237
123.7478
123.6737
127.2399
123.363
125.2422
120.4395
115.8833
112.2726
110.5529
109.7512
109.5667
110.215
115.041
114.8275
117.7993
121.2387
121.5563
124.7625
125.3439
121.6035
122.1898
123.8292
123.9442
124.4896
128.3192
130.1225
131.6508
132.6406
133.7901
131.6566
129.0581
131.3273
129.7296
130.3313
132.7872
131.1842
132.8363
133.8525
132.6846
130.163
128.8709
126.392
121.6389
124.449
128.7382
131.5029
130.2627
131.3074
133.9115
135.1374
133.8901
130.2271
132.0192
127.6356
130.1384
131.769
129.8031
125.6174
127.0117
125.0733
127.2143
128.4003
129.5172
129.3322
128.9922
129.4017
126.1149
128.2267
126.1569
127.5836
129.7181
129.8574
129.5012
127.6173
128.7192
127.131
129.3729
127.915
125.2385
124.2217
120.6681
118.5925
119.7359
122.2396
115.3535
111.1376
111.6867
112.1083
112.5996
111.7525
110.829
114.3176
113.7139
112.6299
112.06
112.2187
109.7216
109.2131
114.136
115.3085
110.3435
108.4944
108.7702
107.6391
106.7152
102.3496
102.1845
105.7919
100.3607
100.6329
101.848
100.9005
96.41386
97.05185
98.80612
100.7659
98.44643
98.1552
97.63937
102.6681
102.5641
102.0596
97.23308
100.1926
102.7569
107.5181
105.0912
103.4883
103.1591
101.7854
100.0731
98.28416
95.42171
94.12092
93.20772
89.85815
86.20522
85.40722
87.00649
84.92279
80.70994
81.75452
81.8521
81.73411
80.8776
80.8756
83.76028
83.03856
81.28171
80.5178
82.15116
84.04368
82.48734
82.25144
81.5744
81.11638
78.80468
78.02797
79.77286
85.1876
83.79098
75.79611
73.25561
77.13864
78.95821
76.9818
76.97175
73.27863
73.15594
73.26408
72.42914
77.21583
80.93859
79.15739
80.52187
80.6107
77.71397
76.45844
72.51101
72.12272
74.41503
76.06267
76.49441
75.83962
76.60159
79.31186
78.33769
80.39749
80.22011
81.57167
83.66027
83.91546
88.92276
87.49248
88.44341
85.8191
84.82517
84.60541
84.1916
84.71095
81.77619
83.39133
83.64863
82.02941
83.75479
81.17275
81.1217
80.77893
78.9811
75.28557
77.22069
78.11786
73.84261
71.97768
77.81758
77.05165
75.397
72.82213
72.54733
71.86154
73.21453
71.0188
64.90898
66.42245
68.44058
66.45504
65.06466
63.80422
63.07106
59.65943
56.52058
55.84136
58.12489
59.52959
57.00113
58.64598
63.49787
59.14954
58.24277
56.93019
55.03167
56.18371
56.38368
55.60361
52.29819
50.36137
54.39293
54.36782
56.505
58.10994
61.38029
60.56351
64.51976
63.06011
61.68787
62.7061
59.13954
61.82433
59.55912
63.82978
65.96032
66.92044
63.51516
62.93883
59.75029
57.05659
59.20123
61.72267
59.41735
59.05041
65.30948
66.74258
65.19117
64.7847
65.63502
66.49908
65.33641
59.08593
58.53066
58.64111
54.07342
54.14514
54.91107
51.06249
51.12195
51.05856
52.13088
52.78428
50.78171
47.06628
48.95066
47.01121
44.11893
46.0793
49.71021
50.48519
54.38924
56.18888
60.04004
63.93054
63.63167
63.32235
62.46306
66.19252
66.06875
66.48169
68.48275
64.8529
65.00291
64.17798
66.05029
67.15823
66.25432
65.10523
62.61768
65.54549
62.58673
62.37134
64.92926
65.157
67.61542
66.71789
65.79677
65.60374
63.51518
64.22647
60.41494
61.51302
65.77007
67.49452
69.23303
68.46102
66.77229
65.14309
67.37996
68.49501
72.32136
70.34383
72.56124
73.90196
72.87128
70.83477
71.30927
73.68864
74.22325
72.07641
72.39324
71.22861
74.56668
76.10393
77.63077
76.02386
