1049.657
1110.274
3109.443
450.657
1347.881
1586.535
1708.685
665.8646
526.55
878.2422
1056.266
816.3836
774.4297
436.9337
1137.034
785.9652
2475.469
1114.587
817.4559
599.5522
2518.666
1342.335
874.9093
726.3253
1527.344
853.8262
1220.75
2059.624
1003.548
2012.416
1209.538
615.0827
1097.293
5303.292
631.3999
1175.271
722.7927
855.9623
564.7887
3030.952
925.0429
654.8027
1275.415
1008.718
685.1555
2664.196
694.0633
1167.537
2865.822
626.2058
1187.736
917.0128
1347.125
880.715
955.925
1348.949
1049.505
778.8802
1275.884
862.5622
856.5918
968.1841
982.1995
1683.582
2569.751
640.4808
400.5718
1714.89
1355.997
1746.201
2048.483
1075.441
1576.611
622.6672
1589.223
2100.962
1313.474
922.03
1784.39
1806.6
2313.154
589.9836
1207.833
957.3108
3099.3
913.5062
2385.099
1835.249
599.9613
1452.602
1428.988
1757.587
1781.824
728.2769
679.6888
1312.998
930.1717
1990.385
2299.619
851.9766
815.4977
962.3386
1979.032
1381.722
1938.911
2276.641
864.4424
902.2296
753.4137
1278.987
3179.239
1250.658
844.9993
2086.403
1786.096
1218.18
895.5501
1072.656
778.5278
961.0282
1163.429
522.729
1910.828
913.7787
837.9292
1102.063
657.5996
879.3629
553.3112
1102.375
2484.773
554.2464
917.95
1870.032
2369.327
969.104
1606.112
571.7108
571.6359
391.6701
1049.165
1550.477
625.9627
547.2957
1652.076
471.8121
1018.115
1184.363
3075.084
1463.301
939.9851
1406.989
417.7516
2989.787
1224.396
1690.452
955.826
1367.454
1178.418
840.0665
775.5407
1174.029
1038.861
687.8129
1177.844
495.0732
1375.88
2944.563
1525.662
777.2139
1207.715
1050.365
675.4503
1047.497
1312.789
2765.511
1131.734
867.7199
1588.525
627.6321
918.0593
376.8219
1670.452
1935.992
458.2564
646.0721
659.191
2025.845
901.644
1423.781
455.3094
884.5083
1200.4
2454.346
681.9619
711.272
655.2626
836.274
2189.36
739.047
1340.55
1186.438
848.7161
1602.831
3023.733
1983.822
1691.662
864.0188
1567.916
1620.161
1005.147
1546.078
1371.351
1186.493
1450.904
2209.936
1352.407
1399.985
1183.637
625.3781
696.1023
1590.486
479.4649
447.3011
1381.123
982.7377
634.894
485.7352
2715.024
1991.218
970.2184
2165.652
1194.456
1213.81
1415.195
643.0041
2680.688
670.8092
2004.599
2197.81
1170.767
890.2721
1349.196
1744.186
1812.784
1559.255
1342.628
1577.884
745.1446
2406.637
1232.131
10404.89
780.7559
871.4542
853.7234
2343.075
1552.501
1619.993
2239.839
2321.209
1002.101
2078.378
2633.69
2852.416
1056.728
1557.037
554.5164
1634.719
1534.713
1230.697
2572.788
1286.646
2414.692
1881.075
3165.86
1589.719
2751.449
7335.258
1401.331
2156.727
590.5063
2922.884
1883.536
1668.991
1999.639
2065.564
3293.782
1629.271
1047.509
3151.927
1838.204
1061.59
2199.733
1345.084
1377.144
3609.101
1084.352
1597.545
992.706
2365.173
2227.484
1303.787
1034.975
4521.37
2710.404
1196.854
2802.291
1836.967
2698.074
1999.675
1452.918
1007.106
1560.634
4555.152
2024.502
1371.612
2501.54
2590.469
1369.492
923.3406
2542.324
1500.036
4718.51
1619.89
1353.68
1314.202
1732.614
1078
2237.41
1238.865
1632.873
2382.026
2303.462
1863.96
2472.781
793.4383
2334.536
1126.194
4399.553
1441.815
1036.616
3311.212
1087.119
1045.834
2294.614
1281.645
1594.586
1155.626
2320.884
1891.605
2439.604
1050.468
1408.874
2129.428
3503.638
4594.687
2054.372
2876.184
1384.67
1487.898
1237.899
1458.652
1829.865
2622.128
5100.54
1863.962
4655.351
1352.17
1935.394
1593.39
1653.553
2557.852
5888.815
1481.201
1128.549
3863.018
1706.411
1589.866
2243.212
2122.444
1675.616
3732.44
2678.397
1495.665
1975.478
2640.15
2861.652
3658.536
2545.52
1391.537
2362.26
2154.816
1284.003
746.1933
2365.332
2330.189
1620.042
2955.197
1336.881
1762.74
878.2559
894.4382
1581.431
1559.367
2737.342
1951.329
2105.523
2393.034
1348.878
2272.636
893.9419
1708.177
3809.642
1814.483
1377.421
1644.923
1047.933
1690.636
1164.049
801.0702
1354.473
1597.229
3484.593
646.6526
1200.57
437.9188
2181.653
2338.134
1469.092
1428.006
1119.248
1194.07
1182.326
1170.509
561.799
1222.454
1004.387
1825.121
1849.619
1279.364
1553.112
594.4772
1568.24
1245.845
698.103
947.1414
539.2038
4741.811
1819.76
1653.28
991.631
1737.475
857.3778
1408.236
1744.847
1311.573
2483.201
6140.666
1421.251
4718.949
3417.32
4674.523
1495.075
1816.328
1660.773
1699.51
906.8985
2402.986
2141.187
1521.915
783.875
2994.014
1664.795
3222.426
1523.449
1091.048
1088.846
2373.839
2934.197
1674.763
736.8
2088.59
3226.437
1628.908
767.1341
1062.883
2868.379
1117.19
1134.254
2230.669
1123.606
1343.379
818.6306
1420.346
1295.763
1028.219
1057.385
1054.096
2523.399
1511.483
