81.44318
82.83995
80.86045
80.37979
77.75826
78.18933
77.3448
75.83001
77.84604
78.85605
80.75616
80.47076
79.08906
81.29214
81.58337
80.76373
82.46678
82.99419
81.94604
81.09753
80.93537
78.76091
78.39745
79.76776
81.08408
81.65807
81.69398
80.65786
80.39028
82.13522
83.50299
82.69511
84.83526
85.58601
83.00845
82.17571
81.3296
81.57014
84.19277
83.8871
84.12738
82.78743
84.99962
84.6591
84.14037
84.6599
84.74142
85.1909
84.25371
84.61039
85.46825
82.79178
81.7698
80.78314
80.21352
81.26123
80.83839
81.83931
80.42671
79.94114
78.42066
78.37217
78.25838
77.44797
76.44314
76.14469
77.47345
77.79999
78.75463
80.29204
80.99581
82.87473
83.74075
83.17911
82.5252
83.0403
82.14934
81.98612
81.32664
80.6731
80.13168
78.03276
78.14799
79.11844
80.4417
78.86134
78.14834
77.35055
78.12158
78.55115
77.82203
77.44995
77.61157
79.71659
78.14475
78.14652
77.72896
77.77469
79.55232
78.10249
77.75857
76.52017
74.04197
74.08671
73.71367
74.7149
75.62185
76.07821
76.08729
74.76359
76.6155
78.02021
78.10624
77.46593
78.02426
78.51754
79.04127
77.91948
76.28162
76.17871
75.04181
76.41874
75.73065
75.33028
75.38202
74.2621
73.85963
73.96679
75.21143
73.84009
75.462
75.82251
78.18254
79.53569
81.2905
81.21493
80.2808
80.93414
83.26547
82.90525
83.32597
85.12727
84.55604
85.07153
82.42755
82.80905
82.99613
80.66241
80.23031
78.43545
77.57387
76.45651
75.46566
76.75527
76.27005
75.08469
76.36325
75.39392
74.75391
76.53935
76.35494
75.77492
76.5824
76.99254
76.55706
77.05265
77.03496
77.41546
77.32287
77.34399
75.86369
75.71819
76.32224
77.92175
78.76451
78.96877
79.4604
78.31497
77.55033
77.25658
77.71934
78.21175
76.23544
76.65135
75.9599
74.73234
73.52854
72.6104
71.91667
74.3064
74.31882
74.24604
73.29433
70.8625
69.94558
70.1949
69.96915
69.40339
69.33935
66.23746
65.39902
65.18189
64.76844
65.19658
65.61125
62.43737
62.38981
64.06482
63.9589
64.51427
64.32981
65.74852
64.67058
65.31108
64.34297
64.00136
64.60867
64.36848
65.33951
64.03457
63.73633
63.78876
62.01376
63.15303
63.68372
63.78993
63.69857
63.23878
66.24123
64.48694
64.47763
63.05128
60.89851
60.07582
61.11775
61.21314
61.84244
63.80657
64.46123
65.1405
65.86797
66.95447
66.76729
66.41654
65.88015
65.38417
64.79783
63.58159
63.73311
64.87911
65.38332
66.2385
65.56175
64.43554
62.88929
63.65387
62.59301
63.32794
64.6998
64.86488
64.1473
63.07662
65.99963
64.53298
65.91284
65.30854
66.08582
64.63211
66.26162
66.22591
66.08549
65.79902
65.00988
65.42458
64.11058
65.44369
64.8527
66.24219
64.30197
66.86123
67.2394
69.91481
69.09921
68.485
67.81183
64.99065
64.59378
66.20952
68.74394
68.79145
68.14425
67.17962
66.3476
67.6338
69.31193
68.41578
66.78235
67.43053
66.40795
66.36881
66.7611
68.31358
68.94422
69.43856
70.64511
69.38953
69.90894
70.6918
69.90217
69.18933
68.59234
69.86791
67.70927
66.60508
66.9721
67.02775
66.98605
65.59749
66.37015
67.89561
69.41091
70.00247
70.50095
69.72891
70.75081
68.04031
68.73759
69.4413
71.38097
74.13088
73.00838
74.24251
77.28257
77.19777
78.38289
76.23146
75.53194
76.3712
76.48857
76.92797
77.12224
76.60433
76.42709
75.40586
73.65465
73.99841
73.15552
73.83551
73.14872
73.66905
73.30682
74.26993
73.82709
72.36085
71.77005
72.25274
71.43281
71.65238
70.751
71.70538
70.75448
69.61913
67.90377
68.23608
69.35721
68.04793
65.28988
64.04412
61.89241
62.71282
61.80484
60.83066
60.83873
60.76718
61.48434
61.51095
61.84404
63.65593
65.18846
64.09978
66.52541
64.69601
64.1318
62.88878
62.53137
61.70361
62.68184
62.01116
62.54573
62.82073
63.38222
64.25129
65.08845
66.15982
66.91704
67.9434
67.6771
68.34189
71.3177
71.93626
70.21264
71.3371
69.29832
67.7223
68.67399
69.28574
68.89974
71.36489
69.00081
70.47239
68.37036
69.07813
70.52969
69.45218
69.80526
69.60471
70.65741
73.39592
72.13118
72.89514
72.77133
70.60295
70.76107
70.04717
71.71569
73.60724
74.34971
74.48023
75.23116
74.58577
74.59261
73.82282
74.22288
73.20216
74.40416
76.41144
76.86579
77.33885
77.8494
76.32089
74.94019
77.045
75.102
73.90272
73.63168
75.71905
76.41207
77.03982
78.02154
76.66809
78.09937
78.57926
79.27105
80.71328
83.29725
84.94774
85.08706
85.60249
84.72573
83.75557
82.70831
82.94301
84.15396
83.89157
83.44632
84.15988
83.92584
84.71644
87.06741
90.48312
90.60295
91.30593
91.52024
92.97457
94.01683
94.23169
96.30848
96.72491
95.16015
94.46171
93.38442
94.27588
94.3052
92.74048
93.13504
94.52807
94.53966
94.07846
93.4933
93.49535
95.43307
97.07827
96.37763
97.31115
96.38777
96.73293
94.97249
95.89199
95.36736
96.09645
