2.120694
5.881509
0.3809898
2.64034
1.827579
0.7686232
0.9803966
0.9904173
1.25466
2.359258
0.982804
2.570647
0.5590851
1.060041
0.9965865
1.914892
2.511428
1.905093
1.523684
1.46049
0.5536784
1.626993
2.794473
3.185803
3.70568
0.9525902
0.4790646
1.913268
2.412358
1.92278
10.36607
2.336639
2.299402
1.214951
1.614998
1.447121
3.122316
1.25366
1.052319
1.284037
2.63813
1.235207
2.063689
0.6792931
2.73142
0.6249412
2.68421
3.976745
2.956278
1.178192
8.107621
2.234929
1.06611
1.216679
0.961934
14.06604
1.274239
9.219911
4.047447
1.546553
1.509445
1.527694
1.145491
0.6898177
2.705119
1.722657
0.8497294
1.21127
1.330665
1.683273
0.8374518
1.596559
2.62182
1.230416
1.236099
1.434097
2.405957
1.620661
1.115828
1.612076
0.5951126
0.6908279
8.176369
3.943599
0.7380469
1.404549
1.060251
3.379293
5.806688
1.96001
0.787882
1.386568
0.9088762
1.470747
2.691281
1.553051
2.864945
4.673962
1.839695
2.605469
0.9679638
2.212906
0.2876518
1.659785
1.699425
2.225982
1.380027
2.662877
1.016748
2.11612
0.8632297
0.6407622
1.373121
0.9972531
2.027519
0.6368043
1.681767
3.178108
0.7496668
0.9537927
1.267436
0.5704372
1.978429
4.145761
2.353099
1.252898
1.110181
0.8944972
4.170187
2.664833
1.052244
7.053466
2.203457
1.724041
0.7373993
1.35838
3.324331
0.6738846
1.036069
5.999769
0.6419096
0.7801354
2.966585
1.845072
0.8150233
2.928197
2.331408
0.9685458
0.5596605
1.26884
1.068605
0.3904967
2.03224
1.064562
1.788698
1.102084
1.233154
1.388916
0.7944749
3.275524
0.6481089
1.000633
0.7373786
0.5944688
1.550399
6.948762
6.102647
1.87396
1.375761
4.870405
4.447471
2.225183
1.641284
4.069345
1.937776
1.921122
0.8355387
1.627087
0.6145658
1.851159
5.214089
1.967458
1.442384
0.7526372
0.9143774
3.820519
1.33736
8.609625
4.576094
0.2959507
1.275149
2.312846
0.6317365
1.482665
1.301247
0.746301
0.8830044
1.458961
5.139394
2.53543
0.9921016
4.557605
2.754813
3.769554
3.454556
1.226801
0.9864528
0.6624412
1.218066
2.412572
2.76146
0.9548605
1.788708
1.426666
2.831297
2.645126
1.669848
1.230805
1.315019
2.984396
0.7802531
0.9800554
1.250908
0.7729337
0.5089562
0.7294313
0.500093
0.5184866
1.828781
1.59368
2.005131
0.6761715
1.098553
1.075228
0.8436582
1.505084
1.27577
1.61915
0.93049
1.511744
0.9971982
0.8257872
0.7455451
0.5516068
1.498415
3.058615
0.4093867
1.38895
0.8634786
6.076961
1.094436
1.597318
1.574707
0.5158338
0.8698623
0.9746431
2.235949
1.564167
1.37983
2.098207
0.6509411
0.6686173
0.9640393
2.17656
1.719234
5.498576
12.05413
4.537664
3.811042
2.479758
2.57819
0.8361956
1.034659
2.884958
1.649072
1.186214
1.486564
0.537607
1.178705
0.4463515
2.269734
1.013779
0.3493661
2.912053
0.653536
1.071526
2.768328
2.070959
0.9971838
2.989843
0.5633602
2.917643
1.238094
1.416977
2.916899
0.6158348
1.436601
1.187027
0.6455049
1.603725
1.09937
3.070927
1.868451
1.018966
4.888044
4.18158
1.30636
2.132351
1.295567
3.589058
1.238507
1.400192
0.357921
0.7364395
1.750856
0.7815646
0.7225595
2.497254
15.98512
2.605213
0.7823932
1.405974
1.240953
2.051106
2.162847
1.265885
1.653622
0.8518795
2.600835
0.9257503
1.68952
0.699072
1.391004
1.6112
0.9134564
0.7404333
1.456639
2.019557
0.6851948
0.5933917
1.315028
1.193461
2.927534
3.209863
3.723838
0.7959516
1.428475
0.6564357
1.382418
0.894871
0.475557
0.5031382
5.09918
0.9583319
1.510735
0.7551914
2.16116
1.75104
1.732223
0.5514195
1.228973
0.6001678
1.582753
4.062432
3.119008
1.096059
1.936838
0.86599
0.9374376
1.291473
2.770238
1.204209
1.420918
1.343266
0.7565509
0.5631663
0.5838713
0.5666334
2.237125
0.9029004
0.5535785
0.8868355
0.77968
1.240768
1.299467
0.4866848
1.634417
0.6644299
16.6802
0.9658239
19.4764
0.8825636
2.436385
2.086422
1.50706
1.642866
1.453366
2.624424
1.418757
1.455094
2.284809
1.083249
1.559278
0.526204
0.7761429
1.075964
0.5310877
0.6344708
0.6691261
0.7819322
1.153575
2.227523
2.338105
1.296417
1.654772
0.9301344
1.638787
0.5073449
2.119725
1.331134
0.924472
1.383572
1.102419
1.134451
2.633638
1.315177
3.049656
1.252934
1.687858
1.043963
2.27533
0.4695755
0.8763991
0.9833967
1.051973
2.086503
2.656097
3.389175
1.6251
1.486865
5.385421
1.116724
1.29562
0.8312607
1.469681
0.7409706
0.420657
3.285363
1.397527
2.68359
1.601201
0.7440547
2.469853
1.478334
0.5168173
0.5670411
1.506593
2.326331
0.3226958
2.049339
1.551103
0.9203907
4.334164
1.033034
1.371135
1.85323
0.7417472
2.321288
1.269826
1.24355
1.16635
9.188826
0.7249824
1.702119
1.641368
1.175619
1.429689
2.051226
2.34572
1.845848
0.4448782
4.16426
2.238882
3.175672
1.504149
0.5375071
1.515446
1.819827
0.8827367
2.833728
1.734449
0.5630163
0.7472885
0.8732812
1.499692
0.9478659
1.216606
1.05303
1.701998
0.7007597
