201.52
210.9851
200.6413
551.1152
106.9363
334.9192
235.9318
330.0749
358.7932
140.4029
280.27
183.5711
365.909
344.073
243.0958
524.5461
374.4325
550.2247
192.4733
363.7608
127.2686
350.3475
339.4718
170.3896
160.3379
389.0036
137.6461
168.4099
1329.571
298.5118
123.4032
151.922
170.0286
242.2174
213.2122
372.6449
153.0155
167.5994
232.6517
354.1525
339.0568
620.3984
184.3013
757.1593
180.1722
246.139
146.4378
201.398
84.90479
417.0988
121.4257
251.4038
138.7804
387.1235
217.0345
185.1425
353.2181
274.0266
500.5763
390.6318
267.182
141.1905
125.3301
206.3856
117.0687
848.1839
178.9727
278.586
259.8297
155.2273
416.834
130.0444
232.1127
125.3442
429.3678
278.7747
381.1009
165.1708
328.1353
151.3059
433.3069
369.2224
263.8303
363.6147
230.0618
204.3645
1125.174
195.1815
183.805
257.7092
243.3505
229.203
433.2567
329.3194
209.0748
459.853
173.4314
182.208
274.8625
233.1398
160.3467
150.85
390.0547
331.0279
209.5466
218.5902
251.2017
245.7555
166.17
554.8526
247.6345
203.3308
471.1003
196.3603
400.2762
271.7267
238.329
406.7718
159.4421
172.2273
139.1008
1293.631
320.1366
374.5287
188.647
877.5046
573.8402
291.732
185.9773
279.1169
274.934
220.2813
375.0823
133.6846
237.1441
159.1286
219.2168
520.9908
202.5204
249.8554
611.4337
282.5162
328.9365
209.338
271.1376
398.1334
268.5537
301.1286
142.8432
169.56
327.273
302.8904
427.3279
341.7904
244.8725
159.5426
279.0441
620.0349
171.83
396.4845
154.4574
1576.56
485.8158
659.8072
316.7742
208.8744
216.345
463.4537
583.6927
278.3228
228.6309
233.1226
180.2468
358.171
187.0309
223.143
264.8871
506.6791
647.5588
482.8566
833.1795
187.5936
185.7298
700.7936
162.4976
424.8804
441.991
245.9722
317.6395
403.6535
336.3409
290.6388
302.529
339.9409
248.5902
454.1162
166.8545
215.5328
318.7233
277.7373
192.3512
430.7607
687.6026
536.5234
418.175
251.6442
157.8227
234.6252
927.8319
182.2311
170.222
327.8978
300.5544
233.8777
237.3978
197.7918
477.3506
336.6959
320.1291
246.6222
184.8452
713.3139
246.7556
166.8403
657.2228
383.3615
119.7363
338.6449
317.7316
226.7423
275.7707
359.6376
414.254
286.5145
174.1982
305.7865
325.3225
99.28766
251.6482
321.3772
582.5865
199.9535
316.5957
211.0035
537.5059
158.6278
471.7968
283.4252
312.5672
449.9002
235.5511
157.3493
822.5809
298.9493
258.4659
651.1205
246.4466
270.684
193.9234
420.7166
456.3421
172.2777
528.3997
259.2604
325.3641
270.7904
358.5605
192.6852
79.34176
587.2541
206.0191
342.25
295.987
191.5466
420.3427
169.7114
182.3302
409.1616
202.1982
270.919
391.634
188.7736
852.0102
138.0869
234.2397
118.2512
156.1257
114.3357
215.602
353.3094
316.4852
355.2201
185.6451
183.6581
222.9131
539.6268
394.4182
223.4668
262.7982
186.2176
186.8758
494.9917
261.9399
313.0639
167.1112
203.7562
175.5661
100.9005
121.1736
410.8556
172.9564
106.4672
318.7648
182.6429
194.0125
350.7282
255.2932
453.7633
185.9175
352.1065
194.0661
353.7696
211.2711
164.822
359.3908
156.9315
258.1678
161.0909
252.4332
546.562
135.3891
142.25
283.0681
314.2824
376.3037
133.2313
267.462
149.9205
585.9701
216.194
800.9868
194.1374
192.7013
568.7962
206.7735
207.0423
367.9728
246.1876
193.9215
142.8272
260.176
222.9971
107.6318
235.0511
192.6187
404.5139
602.7893
433.8718
413.5875
528.6544
287.8271
573.134
242.261
222.9391
264.217
176.9917
301.8348
371.9208
273.9576
253.2057
167.2449
418.7901
308.4914
98.65714
243.0663
197.9955
265.0749
452.0675
184.3505
138.9072
258.9339
130.6478
564.2281
327.1418
312.2095
360.6884
240.0088
301.1029
275.7575
174.0126
796.0916
206.2176
196.954
283.8408
362.1214
808.417
278.2359
209.9136
747.393
204.1523
556.7905
218.8405
197.1597
741.2843
225.387
428.9775
1003.57
461.281
196.9893
339.5121
135.4007
590.5646
601.512
821.4074
218.5752
266.037
586.8411
357.5403
322.7123
405.4777
282.1013
284.5719
176.8153
255.2741
262.1091
565.1423
581.2292
188.901
559.9148
293.0119
330.0501
212.7993
202.7008
772.3598
494.9491
338.5929
270.5559
172.6633
583.7658
411.0052
380.1204
282.8898
189.732
743.4193
698.2566
280.4841
168.8685
468.5288
482.5104
742.1599
610.2859
222.8336
457.1219
202.5497
334.1823
264.0579
225.8281
445.3867
492.2608
597.7786
775.8895
593.9841
221.6601
465.1579
586.4058
407.7299
397.0771
416.5777
265.7187
598.0836
1018.888
423.4907
275.2136
859.1191
462.3816
436.7355
806.9051
323.6527
460.6782
403.228
663.8761
622.8532
739.9832
245.6544
382.2681
489.4228
343.0866
499.612
225.8244
505.7939
418.9039
305.5425
279.4731
225.2807
371.605
405.2306
394.9339
733.8112
752.0132
264.9366
