814.5402
1028.756
1213.003
1269.384
1102.314
1046.4
1438.748
1170.39
1154.908
1357.016
1125.836
1156.514
1159.107
1064.965
1184.696
1302.507
1114.664
1264.333
1283.5
1262.055
1015.821
1208.671
1345.496
1159.346
1032.819
1152.448
1162.896
1146.365
1152.591
1275.741
1201.04
1156.416
1439.43
1139.868
1189.209
1299.956
977.6244
1321.932
1203.56
1124.878
982.9692
1374.916
1376.78
1145.758
1106.261
930.0932
1391.453
1129.061
1224.748
1290.541
1193.019
1292.975
1198.511
1175.337
1135.69
1446.969
1025.632
1197.211
1161.919
1048.881
1236.879
1160.202
1129.394
1151.366
1366.272
1189.134
1285.364
1019.851
1246.768
1238.642
1269.314
1135.016
1384.382
1277.972
1443.733
1387.896
1223.622
1165.813
983.4351
1089.933
1313.84
1067.184
1134.265
1189.356
1164.198
1322.587
1305.35
1414.27
1202.427
1404.449
1366.548
1139.624
1089.73
1210.312
1080.581
1151.264
1342.445
1159.923
1095.569
1037.681
1030.421
1413.793
1108.388
1329.929
1211.671
1317.696
1284.109
1184.41
1236.03
1394.421
1368.643
1127.124
1368.564
1261.676
1154.496
1372.983
1109.271
1210.613
1293.56
1143.981
1280.629
1263.222
1099.188
1365.076
958.5399
1187.234
1077.911
1010.983
1023.442
1016.851
1399.066
1138.591
1305.744
1208.387
1292.962
1062.924
1069.301
1097.174
1184.477
1417.866
1155.948
1164.557
1127.958
1366.814
1135.19
1317.673
1109.096
1096.443
1075.582
1205.334
1130.735
1233.644
1107.429
1188.335
1117.13
1237.076
1308.711
1171.215
1176.723
1314.846
1180.977
971.9827
1382.473
1122.432
1271.292
1094.434
1140.187
1315.553
1420.944
1180.661
1276.538
1406.171
1390.175
1274.945
1066.53
1096.901
1073.072
1141.678
1236.072
1047.666
1174.331
1224.853
1038.427
1139.759
1358.126
1140.312
947.1575
984.6117
1007.431
1226.189
1284.502
1101.957
1157.138
1181.426
1430.17
1136.899
1141.41
1131.519
1196.231
1251.117
929.1917
1435.409
1084.59
1087.694
1225.546
1135.316
1294.586
985.5051
997.548
1412.528
1036.068
1241.608
1293.471
1165.314
1182.755
1246.473
1218.253
1175.36
1330.318
1181.831
1108.146
1197.712
1188.824
1317.223
1331.399
1129.393
1133.69
1203.154
1179.623
1298.386
1148.536
992.3298
1224.138
1110.348
1065.265
1002.157
984.0298
1102.162
1356.552
1342.852
1104.209
1164.378
1018.098
1007.758
1055.894
1150.823
1153.644
1004.914
1167.693
1103.132
1310.058
1099.899
1308.261
1254.422
1350.117
1160.24
1101.028
1102.833
1589.583
1210.193
1366.247
1074.728
1210.436
1160.261
1317.176
1202.394
1368.68
1335.921
1360.551
1191.51
1261.251
1096.386
1152.145
1141.962
1154.438
1176.229
1360.616
1260.62
1103.792
1429.193
1170.685
1081.256
1058.712
1103.097
1128.822
1054.921
1271.595
1334.036
1180.461
1208.259
1212.129
1285.323
1356.645
1170.797
1407.546
1288.125
1414.209
1087.57
1187.627
1134.112
1179.724
1243.594
1230.496
1207.344
1316.56
1164.175
1139.546
1081.542
1245.055
1279.582
1197.059
1211.757
1412.224
1252.6
1224.05
1414.765
1322.165
1172.112
1229.434
1228.82
1300.04
1161.845
1257.196
1180.18
1179.358
1107.963
1147.969
1080.134
1020.58
1187.836
1446.628
1170.759
1064.747
1170.648
1249.53
1114.154
1229.158
1175.933
1243.699
1147.057
1163.594
1373.126
1396.33
1469.638
1401.345
1245.803
1415.319
1031.162
1457.338
1157.547
1051.936
1426.25
1282.541
1157.818
1198.226
1188.417
1148.582
1038.499
1352.968
1129.348
1250.345
1238.946
1143.64
1161.759
1111.236
1030.764
1306.043
1139.702
1323.598
1338.893
1334.078
1229.507
1173.118
1209.458
1244.859
1361.321
1228.304
1121.621
1396.793
1152.045
1184.93
1195.479
1181.45
1255.305
1024.401
1078.131
1183.83
979.8101
1321.191
1095.806
1202.952
1101.116
1078.785
1205.997
1037.086
1218.799
1220.817
1009.661
1163.361
1241.572
1237.254
1066.591
1380.893
1119.27
1281.644
1285.319
1160.787
1160.914
1371.238
1169.575
1356.581
1164.078
1218.952
1496.905
1304.362
962.0118
1385.67
1121
1178.303
1105.739
1081.032
1204.748
1327.96
1203.599
1298.425
1304.574
1234.391
1134.175
1121.869
1052.153
1098.617
1051.348
1014.896
1401.26
1188.183
1106.45
1202.15
1182.482
1542.25
1146.723
1324.304
1276.493
1194.509
1267.164
1175.98
1034.203
1242.38
1109.282
1152.059
1156.484
1220.681
1136.322
1250.168
1236.117
976.7854
1148.645
1331.677
1225.411
1252.522
1217.694
1150.498
1195.726
1033.842
1393.883
1293.758
1068.528
1104.645
1183.456
1107.156
1374.509
1171.056
1426.263
1022.795
1048.64
1388.048
1155.558
1364.789
1130.462
1162.066
1373.856
1361.156
1262.604
1096.99
1083.062
1294.443
1283.066
1115.545
1218.991
1355.929
1254.63
1317.359
1254.024
1224.9
1152.215
1428.013
1225.294
1264.326
1305.071
1259.537
1389.017
