103.4973
103.3771
103.4223
103.2852
102.6478
102.4663
102.0856
102.2696
101.7887
101.7986
102.806
102.2792
101.9739
101.9399
102.297
102.7601
103.3628
103.5608
102.9948
103.1553
102.9197
102.6466
102.8939
102.6546
102.3714
102.8636
103.5615
104.5282
104.5088
104.4884
104.8301
104.1519
104.6686
104.7279
105.419
105.6904
105.7696
106.7896
106.5769
107.7281
107.2877
107.4989
107.9468
107.4818
107.3374
107.7623
108.142
107.6274
108.1189
108.0985
107.9297
107.6137
106.7309
106.64
106.3027
105.9931
105.9498
106.8972
106.9244
107.6847
107.8684
108.2047
109.0906
109.3001
109.3667
109.3278
108.5298
108.6861
108.1507
108.4975
109.2711
109.2819
109.2408
109.3243
109.4195
109.3453
109.2711
109.4631
109.3586
109.8192
109.6036
110.5053
109.9527
109.5531
109.2986
109.2191
109.443
109.1985
109.1616
108.7464
108.4773
108.1644
108.1294
107.7637
108.1689
107.9919
107.6706
107.1313
107.2735
106.0888
106.6507
107.021
107.6477
106.7334
106.4586
105.8559
106.1826
105.6116
106.494
106.3826
105.9007
106.3179
106.5653
107.1746
106.6411
106.7664
106.7918
106.669
107.2392
107.1628
108.533
108.6099
108.3621
108.1357
108.1395
108.0141
108.3426
108.6787
109.3385
108.9634
109.75
110.5124
110.5754
110.3671
111.2464
110.7589
111.0661
111.0748
110.8241
111.3187
110.4824
110.433
110.2652
109.5262
109.8533
110.3034
110.4378
110.6463
110.4383
110.6383
110.1299
110.5972
110.3721
110.0935
110.0934
110.8761
110.531
111.1271
111.4915
111.5658
110.9512
110.7819
111.4403
111.9953
112.6884
111.6144
111.3671
110.9743
110.9148
110.9002
112.0399
111.7889
111.3202
111.7558
111.3919
111.551
111.0814
110.854
110.666
110.8505
110.5611
110.8015
111.0808
111.3378
111.4831
111.3598
111.8897
112.4718
112.8041
112.6909
113.209
112.9329
112.9583
113.3036
113.1131
113.4786
113.4782
112.9854
112.7117
112.9652
113.1535
113.422
113.7535
113.9529
113.3289
113.3144
113.4887
113.2359
113.2145
113.6525
113.8989
113.9766
113.988
113.3663
114.0429
114.9154
115.7272
115.8986
116.4693
116.3205
115.3825
115.0859
114.9727
114.7497
114.6882
114.9724
115.2925
114.7221
115.1009
114.8408
114.8158
115.5727
115.2157
115.6131
115.4055
115.7761
116.0521
116.042
115.9645
116.5065
117.1029
116.7031
116.0538
116.2391
116.7191
116.3084
115.3871
115.6834
115.5576
116.0225
115.5279
115.3838
115.5399
115.9905
115.3977
115.3495
115.2159
114.1611
114.6979
114.8885
113.7005
113.651
113.5942
113.0407
113.381
113.4757
113.4512
112.9404
112.737
112.863
113.0197
112.5858
112.3419
112.6863
112.6696
113.2228
112.8178
112.3127
112.9216
113.2134
113.0977
112.5417
112.4018
111.5196
111.3536
112.2836
113.0017
112.6121
112.9243
112.3077
112.8152
112.314
112.7781
112.522
112.585
112.9191
113.3336
112.9531
112.173
112.0824
111.656
111.7267
111.8052
112.4203
112.7044
113.511
114.3038
115.5188
115.8155
115.8794
115.8766
117.3736
117.7615
117.5733
117.7984
117.1509
116.4914
116.5385
116.4897
116.4952
117.036
116.6536
116.8313
116.6835
117.3801
117.7675
117.3441
117.2294
116.5727
116.7454
116.5182
116.193
116.1396
116.8972
116.2723
116.5134
116.258
116.4492
116.6268
116.5075
116.2125
116.8136
117.0421
117.1397
117.5137
117.5365
117.5969
117.3991
117.4965
116.9259
117.793
118.4123
118.1402
118.1058
118.2067
118.3525
117.8397
117.5006
117.1367
117.8792
118.0647
117.7909
117.3667
117.863
117.2787
117.4215
118.3927
119.19
119.9576
120.1678
119.9454
119.753
119.3533
118.6408
118.4553
118.1578
118.0193
118.0463
117.6589
117.9851
117.7902
116.8032
116.9547
118.3269
118.0824
118.0889
118.1849
117.4887
117.1193
116.1726
116.6581
116.9935
116.6804
116.9311
117.0394
117.2516
117.5358
118.0062
118.3647
118.2956
118.4238
118.1821
117.8352
117.3488
117.7603
117.851
117.3023
117.0226
116.9882
116.6815
116.79
116.3215
116.678
117.3909
116.9707
117.1367
117.6129
117.8393
118.8552
118.3392
117.7717
118.2699
118.9095
119.8839
119.7873
119.4521
119.5268
118.8158
119.1523
119.6409
119.2245
119.2745
119.8362
119.5718
119.9217
120.1953
119.8183
120.075
120.7915
121.3102
121.0224
121.8662
122.3363
123.0108
123.4845
123.8921
124.8535
125.6041
125.991
125.8636
125.8358
125.571
126.7031
126.2457
126.0847
125.4264
125.5032
126.3071
126.3208
126.1567
125.6417
125.4894
125.7254
126.3289
126.4156
126.1576
125.9523
125.6712
125.4503
125.2053
125.1813
124.75
124.4921
125.6823
125.2213
125.4585
125.1095
125.7364
126.193
126.6534
126.148
125.9015
125.9981
125.9919
125.4012
125.0741
124.6048
124.6232
124.1958
124.6153
124.0772
123.5226
124.1161
124.6916
125.3462
125.6881
125.3969
124.9881
125.4691
126.1585
