0.1218842
0.3056199
0.5461151
0.1569623
0.2761677
0.6146798
0.2785542
0.2853026
0.2926504
0.2879664
0.1871478
0.1646094
0.5992335
1.684942
0.4860486
0.4417584
0.8916352
0.3203852
0.2912628
0.5790486
0.2015267
1.747091
0.3636952
0.7911933
0.08024061
0.2494669
0.5970064
0.8401627
0.5660066
0.2743398
0.2015172
0.1109114
0.3152585
0.3617967
0.4628575
0.8269452
0.6639645
1.95579
0.2427494
0.2150251
1.787031
0.4776312
1.53975
2.923735
0.4696651
0.3658468
0.4184025
0.2453752
0.3837633
0.3778177
1.370717
0.1922268
1.900129
1.274787
0.1491768
0.2332068
0.2252892
0.4201389
0.3933519
1.492708
1.498414
0.169928
0.9212441
0.1882135
0.4291177
0.5107035
0.1870559
0.4488456
0.5606564
0.315358
0.1594503
0.2169236
0.2212145
0.3853355
0.7430425
0.4537763
0.256424
0.2673052
0.272401
0.174624
0.4852447
0.4713528
0.2338188
0.7996728
0.7266865
0.4262357
0.2928999
0.4646683
0.322044
0.2055921
0.6678997
0.2454466
0.2269171
0.2470208
0.2985046
0.2008574
0.1416536
0.3512347
0.209529
0.6471198
0.4088588
0.1765307
0.3853122
0.780702
0.2275669
0.6834193
0.7140921
0.3541054
0.2244576
0.1497411
0.7466326
1.086857
0.3406581
0.3071611
0.2262721
0.2924347
0.7147021
0.2436201
0.1110959
0.3539991
0.372136
0.121463
0.1253784
0.1932174
0.3145307
0.1611548
0.1380357
1.541819
1.618087
0.2387569
0.2707066
0.198788
0.4104525
0.2542912
0.1045199
0.461544
0.2903021
0.2248452
0.3474988
0.5819254
0.1264987
0.2444355
0.2930321
0.2180103
1.428157
0.5428664
0.7564078
0.3274687
0.1523499
0.5223386
0.5357308
0.2119538
0.284419
0.1864913
0.1844331
0.281963
0.480452
0.3200129
0.4352858
0.2141596
0.3839514
0.1222903
0.6228506
1.162345
0.2192817
0.6329452
0.3867692
0.270348
0.6751651
0.1839336
0.6093431
0.2229539
0.2465212
0.1346632
0.4043348
0.5876438
0.2086877
0.4084285
0.2283226
0.4438407
0.1338602
0.3591179
0.3600132
0.5923889
0.4977723
0.3908967
0.1311305
0.508039
0.5946827
0.6128088
0.6527806
0.4092506
0.4424752
0.2934112
8.57483
0.6356588
1.006941
0.1655433
1.136086
0.1662999
0.7946474
0.2834795
0.1481498
0.3682059
0.5823988
0.4131562
0.5013878
0.6606412
0.5639266
0.5076206
0.256848
0.3800544
0.3751107
0.3006394
0.7437238
0.1317569
0.2709301
0.5214805
0.1270109
0.3555433
0.283926
6.964152
0.525456
0.1699977
0.08808543
0.1912546
0.1465393
0.2768022
0.3346273
0.2139195
0.3331708
0.415931
0.5213699
0.2000026
0.6779062
0.37441
0.3984956
0.8133395
0.1275429
0.3258933
0.4019432
0.3712803
0.190646
0.1441601
0.3597528
0.2414041
0.4184394
0.633352
0.3770522
0.2285743
0.2634159
1.253103
1.076783
1.015329
0.3912654
0.1758057
1.226089
1.244492
1.977755
0.1030634
0.2797135
0.8727518
0.1460022
0.5510546
0.3878187
0.9665892
0.7648061
1.082156
0.4844619
0.3950318
0.4321598
0.2706306
0.4384219
0.4949424
0.1085137
0.2893814
0.1701905
0.9220461
0.3376212
0.6374163
0.648879
0.4987583
0.1145795
0.3074668
0.1509792
0.1952203
0.2456899
0.2973793
0.2559915
0.4857217
0.2104059
0.2632547
0.1818122
0.147666
0.2521715
0.4027742
0.3157318
1.98065
0.4924919
0.3817542
1.324905
0.3905861
2.025304
0.1754965
1.259639
0.4086383
0.3220857
0.4427155
0.3838369
0.4464028
0.2528708
0.1586551
0.2025041
0.1781067
0.1817356
0.3676101
0.4369467
0.5192544
0.1404576
0.2349755
0.3438217
0.3956161
0.2906679
0.7060824
0.5801158
0.6562033
0.7255627
0.1114914
0.344702
0.4395806
0.7231644
0.5571267
0.6296098
0.1771974
0.1756832
0.3308587
0.5460247
0.3344982
1.815185
0.9097436
0.3000264
0.22789
0.1334144
0.09414482
0.6504417
0.6456009
0.6943347
0.4723068
0.9633183
0.1500405
0.2622909
1.943066
0.2243023
0.2371266
0.2388047
1.292548
0.2132539
0.7896363
0.1454226
0.166749
0.6787706
0.6443076
0.1571167
0.2965602
0.6138366
0.2222166
0.6001602
0.6014881
0.8832135
0.6874763
0.4201744
0.4516517
0.3162521
0.2241201
0.1752555
0.2334808
0.9488304
0.1039403
0.8937836
0.500133
0.3700909
0.4449474
0.7344252
0.1967675
0.5013965
0.4141131
0.1904615
0.3736627
0.3079279
0.1730649
0.3342711
0.1364941
0.9609252
0.1949538
0.4986824
0.8108806
1.37625
0.2097864
0.2304648
0.8350271
1.262848
0.9024559
0.4650875
0.3096146
0.7018297
0.6932325
0.3274375
0.1072085
0.3689717
0.3306436
0.8437106
0.1493288
0.4812608
0.791076
0.7066295
0.2962444
0.4881998
0.2646406
0.1237509
0.2960122
0.8859853
0.3872606
0.3727219
0.7342294
0.2802601
0.1958723
0.3618184
0.2652382
1.1263
0.2242891
0.4519389
0.9764404
0.1517556
0.09862248
0.4241492
1.054963
0.4652071
0.2936263
0.9853452
0.1761681
0.1195016
0.07214644
1.379784
0.1411337
0.4878769
0.288555
0.4666098
0.7335871
0.2726259
1.469679
1.101271
0.323939
0.2878282
0.2493979
0.2374171
0.4395432
0.305262
0.2403868
0.3002726
0.2585029
0.3130142
0.3392758
0.3266288
0.3318649
0.1377043
0.5762811
0.7037298
0.2444546
0.21646
0.298504
0.2002446
0.3226153
0.07961781
0.6004558
0.2553538
0.6796282
0.3942804
0.04044599
0.2465598
0.3394971
10.20637
0.2376906
1.466725
0.3504328
0.08976221
0.4349272
0.427546
0.1631755
0.1877437
0.1679431
0.1785226
0.1786279
0.3970742
0.1365059
0.1688613
0.3846727
0.3678215
2.564535
0.3301628
0.3625078
