4.54256
15.31906
36.19581
94.08367
340.8706
861.6282
2429.975
7998.216
15535.47
27819.92
41004.83
38972.82
40718.9
43392.36
34005.6
43161.19
33329.27
34675.98
35276.92
39204.35
38606.74
43437.38
42801.59
32457.66
42498.63
53433.14
42324.97
46786.88
36967.36
31624.54
45546.02
33223.51
29164.18
35607.1
36612.25
34749.52
50295.52
30504.14
39962.14
40242.03
37344.94
45004.38
41320.12
43392.89
45726.77
27447.98
36946.2
35818.2
35193.69
40433.04
32709.02
41363.92
40102.6
49102.48
41172.37
50724.34
29620.95
31013.9
31426.8
39767.75
35001.31
29200.02
41871.19
37382.64
49382.05
40839.45
30235.09
36268.8
35414.02
39496.64
39437.83
49708.59
33779.62
38035.83
33940.53
39578.53
45407.22
48406.69
38753.27
51422.57
43191.33
43719.96
34555.41
44462.5
40298.6
35864.23
40163.35
41137.58
32023.21
37870.91
35071.92
39552.48
34130.7
52696.72
39149.66
44327.09
37610.45
29106.13
42590.86
32669.78
41243.73
41120.46
46628.89
42178.8
38651.07
43507.65
34894.7
46380.66
35866.59
34927.05
33511.2
34514.02
33933.23
32259.57
40417.61
44494.73
41285.18
40265.31
40103.9
43853.18
39151.91
35595.36
38431.82
32281.45
32102.62
37255.11
39631.44
36061.74
34295.63
41335.31
44156.2
40749.47
39335.24
39266.46
45446.83
37239.04
32871.03
45635.45
37847.7
28189.02
57012.21
43692.69
44051.96
42355.77
26656.69
39507.12
41106.58
54487.76
28827.1
42062.97
42838.41
27119.65
39862.38
32614.07
41900.25
40503.08
43122.13
36420.47
29405.7
39303.24
41610.86
57131.81
45440.93
45033.62
31820.7
44174.11
44686.99
46843.6
49782.01
45251.27
38313.6
49312.3
36190.66
34425.12
43891.45
34492.42
37842.7
29263.17
47799.98
37596.16
36854.54
46974.02
32260.84
42426.19
43145.38
36504.1
41691.73
41510.69
31484.88
37020.79
37694.48
54605.16
47097.32
44658.14
41943.95
32579.49
27785.67
37560.05
48995.11
43898.35
49597.11
40817.31
38677.14
37143.05
58201.81
38388.11
33193.28
39042.16
46232.15
41162.88
48056.11
39061.75
40928.53
31198.1
32468.14
50494.1
48736.24
48593.25
46559.51
41992.59
40180.1
39657.18
42859.43
35896.55
47672.5
40852.12
38104.45
37601.45
35840.56
37996.55
36525.79
37538.89
49979.07
32789
49718.04
41268.61
44986.55
46389.55
48757.93
38700.81
39957.22
31040.56
41528.95
37807.11
44024.11
34141.63
42937.42
46617.15
49998.86
40769.37
35742.31
45366.43
38226.73
33587.87
33976.54
45249.13
43190.09
39331.81
45417.71
43348.43
33633.33
38025.61
43682.98
36132.9
40598.87
35692.83
43909.04
41427.12
40484.66
30184.34
35523.63
35552.67
42290.34
42865.85
38072.92
48816.89
43630.22
38613.92
29573
47139.4
39260.54
36618.4
36871.81
38926.28
38690.01
43107.87
54524.13
56522.72
33862.07
43151.87
38508.72
43201.97
44867.31
30158.15
37039.69
37890.59
32227.64
37444.28
42359.5
35382.26
35225.06
39914.88
41944.45
40701.99
39637.22
35046.19
33711.42
34319.52
42741.05
53959.06
43439.59
36173.45
42882.13
37516.04
42387.19
41756.62
30781.25
39790.49
47248.98
48033.48
40400.5
38172.53
38857.65
46931.58
33796.95
43372.17
35095.9
35671.29
43044.37
39320.2
36671.53
31210.76
39198.08
37264.93
45364.32
43611.87
35597.19
38195.64
40095.36
31201.78
34865.57
41451.64
45465.07
33116.33
31038.76
41949.99
35192.11
37749.13
33162.28
30857.4
37628.47
37911.64
44433.09
33531.3
28257.67
40495.53
37732.97
32509.93
31346.32
50546.08
42816.43
35787.28
42276.15
39948.41
44485.35
42075.91
49855.92
37722.93
36953.51
46433.32
37682.81
44295.23
41450.16
36806.31
40555.59
44737.81
36597.57
45776.34
43472.73
32818.62
41580.53
34285.32
47100.08
54761.59
36423.39
41054.41
38828.03
41422.84
46430.15
41622.81
34194.98
48577.39
33066.95
37581.48
43666.57
40119.99
42563
48662.01
48823.79
44777.21
42394.35
35783.82
45024.88
39036.59
46425.52
41393.67
35250.74
31506.88
37776.11
39543.88
37705.65
37460.51
40099.36
40712.03
39408.63
43081.55
40255.54
34152.47
32041.04
33244.11
40091.68
37914.22
37701.51
44784.75
39780
38919.51
34505.68
40588.97
41187.33
38163.44
38963.38
40614.5
39878.81
38302.29
39958.11
39790.98
34614.03
44624.53
41165.27
31017.68
35765.54
39507.37
36714.92
40401.32
26270.19
40343.05
41137.07
41345.24
39410.24
42734.58
41687.42
40085.44
35806.79
40825.4
47715.04
43708.84
40233.62
43076.69
50442.97
34681.02
34233.14
39246.18
36295.74
33004.64
34667.89
31365.1
38800.97
35405.9
36904.59
33040.57
40488.15
38487.1
45951.22
40674.85
38658.63
42750.8
48755.08
37507.04
48500.43
40784.06
37823.84
37071.83
33661.31
38441.25
41642.98
43865.89
35754.27
43404.7
35345.31
43593.47
42072.11
39112.72
45269.58
40230.11
50015.3
36886.68
37787.6
40899.92
39463.54
50943.15
