11.73786
6.57888
5.092702
5.970708
4.851662
4.937224
6.101782
5.146327
5.864055
6.038659
6.164497
6.090256
3.966042
4.985383
4.518931
5.006628
7.067133
6.210354
6.703742
7.199873
4.942597
4.966354
5.886887
5.303241
5.034891
4.873093
4.892638
4.663411
4.419156
4.974039
5.011826
5.153906
6.952558
6.956456
5.28461
6.679959
4.835221
3.96508
5.02584
6.704407
5.209077
6.260505
5.303491
5.366073
5.124215
5.233296
5.380899
6.593285
4.047817
5.545374
4.95392
6.683799
6.012366
6.126913
5.36316
4.678313
5.059263
5.186006
5.527184
5.942168
5.278131
5.118169
6.322611
4.711194
5.293042
5.416708
4.693265
5.400957
5.873924
5.588972
5.958825
6.617066
5.303477
5.412412
5.022475
5.425728
5.081243
4.742694
5.729606
5.425851
5.060172
4.754115
5.596394
6.206795
4.67673
5.63118
5.583217
6.153959
5.240355
4.810631
5.656945
4.990094
5.598894
6.217278
5.933877
5.168206
5.18001
5.610424
5.290792
4.637306
4.336795
4.937898
6.051456
5.667824
5.192864
4.706532
4.437332
4.523365
4.874063
5.190396
4.811778
5.094407
5.031118
5.873628
4.298699
5.036075
4.44149
4.493886
4.826009
5.550779
4.593879
4.965312
4.831544
4.406801
4.6941
4.703262
4.790386
4.807032
5.889514
4.821702
5.231511
4.560628
5.596568
4.69361
4.149813
4.249996
4.308155
5.649146
6.240675
5.577879
5.114443
4.704581
5.095024
5.234907
5.715971
5.137361
4.80312
4.684551
5.104808
4.395199
4.266479
4.564279
5.572983
4.528324
3.815442
4.989106
3.817992
3.858006
4.537407
5.846473
3.957093
5.977324
4.214311
5.507752
6.302984
5.130409
4.255351
4.132522
5.35182
5.67248
4.642863
3.937613
3.371695
4.836786
5.777448
5.673875
4.624892
5.404253
4.593486
4.527898
4.718303
5.482707
4.324142
4.627796
5.713501
5.29203
5.351577
4.711052
5.504152
5.421746
5.037125
4.986764
4.534853
5.505564
4.738659
5.537214
4.80904
4.135717
4.772236
4.734381
5.560302
4.44686
5.158279
5.183238
5.414669
4.826929
4.430073
4.328319
4.007894
4.159008
4.383994
5.205064
5.064158
4.284489
4.187748
4.526128
4.771199
5.325534
5.735524
4.392575
4.344819
4.368832
3.602053
5.044105
4.515245
4.812412
5.355743
4.977338
5.876064
6.344973
5.132693
4.983763
4.999949
4.404238
4.905523
4.478474
3.968117
4.189429
4.418844
4.812898
4.406819
4.999145
5.108418
4.849629
4.3985
4.423945
3.87178
3.841642
4.643617
4.733447
5.009208
3.889212
3.579685
4.718429
4.511519
4.511222
4.952484
4.732089
5.227042
5.125088
4.342732
4.726355
5.00577
4.200318
5.008068
4.816937
4.238322
4.997357
4.657739
5.201121
4.422937
4.268569
4.91369
4.841873
4.840991
5.87493
5.199349
5.646114
6.093486
4.746782
5.303977
4.032375
4.662485
4.259646
4.198329
4.605402
4.753409
4.759064
4.595277
4.664369
3.736694
4.267576
4.186392
4.606177
4.860771
4.94851
4.367219
5.216551
5.046668
5.100477
4.508258
5.107207
4.700922
4.907007
5.340859
4.744986
4.443063
4.363293
4.569293
4.328561
4.275892
5.374838
5.536278
5.1102
4.193219
4.041966
3.683366
4.300776
4.620336
3.651338
3.461193
3.694983
4.276581
5.354059
5.085726
4.52524
5.322529
4.17173
4.221947
4.145242
3.77874
3.762733
3.825117
4.420867
4.723808
5.962739
4.958105
4.567725
5.203842
4.57538
3.979741
3.905513
4.217697
4.476845
4.460864
4.177106
4.63188
3.814812
4.907464
4.519939
3.917376
4.784141
3.672185
3.899788
3.99174
3.611425
4.207472
4.380759
4.57367
4.598017
4.30573
4.79403
4.221167
4.610184
3.932685
4.322072
4.999064
4.237907
3.814433
4.40285
3.929455
3.946218
4.150606
4.561823
4.854899
4.251084
3.72168
4.224136
4.758771
4.393841
4.348836
4.207239
4.904734
4.829814
3.705272
5.544668
4.446935
4.360566
4.280976
4.535142
3.962998
4.237027
6.05805
3.924399
5.242581
5.215228
4.68444
5.982365
3.917991
4.484215
4.565054
4.790106
4.531343
4.891099
5.391436
4.595746
4.638485
3.985401
4.403517
5.845581
6.380088
4.815942
4.893935
4.325573
4.431451
4.551602
4.291217
5.383418
5.241707
4.143076
4.075349
4.51557
4.377406
3.929015
4.299108
4.624312
5.167841
4.928559
4.023361
4.758471
4.238165
4.373739
4.824644
4.548715
4.27135
3.39247
4.567836
4.468024
4.054425
4.162626
4.525698
4.655571
5.673633
6.079916
4.25217
4.815204
4.834436
5.541325
6.185635
6.380242
4.784637
5.222063
5.968509
4.511231
4.617888
5.018217
5.256479
5.104142
4.770751
4.332314
3.479139
4.560454
4.518363
4.324606
4.900207
5.037727
5.014556
4.939055
5.799515
5.090633
4.752131
4.454585
4.438858
5.114032
4.283229
5.116829
5.521387
4.851662
4.409035
4.890884
3.87538
5.349251
4.05373
4.44794
4.677549
5.170126
5.025752
4.268827
4.265648
5.719853
5.018948
5.818402
5.351841
4.008228
4.442243
4.081886
4.169959
4.658597
5.340274
5.935156
