1786.609
739.6682
800.0559
1342.195
509.7538
1374.933
555.4105
714.7357
3569.202
492.0101
1267.453
366.9378
1408.88
1386.63
2004.177
1364.953
894.1751
529.6254
1150.257
946.8557
2173.286
1336.55
736.9408
3566.403
901.0388
851.6392
1350.242
1610.945
1768.536
2064.83
651.8761
533.2268
1239.814
778.0915
358.6309
2071.021
1769.779
1658.325
1294.573
869.2027
435.7184
714.6745
972.7156
849.2379
872.0009
281.6005
648.572
487.975
611.5963
599.8278
424.0464
1228.733
730.9176
469.0691
835.7005
1533.818
559.4538
980.9449
864.5343
798.8834
455.4773
667.1125
979.9319
1168.727
1021.321
449.0673
1048.769
924.0105
667.065
670.2639
808.1008
796.9144
1578.613
1145.434
1951.592
954.7799
475.4348
791.6638
1457.28
817.3443
1337.556
699.6776
753.8446
661.4967
267.0473
1168.03
703.7328
624.4375
586.1431
324.7707
804.8447
712.8378
733.7122
1016.434
372.1602
633.0319
1102.807
766.1225
747.4118
500.1798
302.9385
605.894
725.4565
446.0908
742.0487
652.3524
1000.888
1591.372
629.6167
1274.601
481.2025
876.857
2609.821
1041.696
1453.89
911.688
1716.19
772.0034
1320.69
986.9412
2560.913
1341.13
1046.145
1034.173
3993.159
1303.54
1388.8
1735.041
753.7013
697.8163
1122.634
1370.465
766.3465
898.5364
925.9853
1540.714
1466.499
1475.407
1320.906
1046.562
987.9981
533.5091
2307.745
1116.752
2175.746
670.5797
1176.189
610.2833
1551.306
1362.893
1593.662
1016.44
737.9966
1755.439
2012.989
902.8205
1230.707
1724.329
588.411
1532.738
589.8231
2071.932
2016.076
1483.135
1113.135
1592.184
789.604
1252.808
1435.536
2273.788
1400.711
1971.266
1060.003
829.3397
2879.499
731.0263
1307.251
1992.331
598.7277
1498.856
522.1877
1732.041
874.0043
2750.836
2726.202
699.7037
676.8791
494.4398
862.4358
878.2533
1109.699
902.7356
1889.579
840.2538
612.0645
1642.668
722.1877
3064.331
2304.075
867.6814
2641.924
1142.073
1590.154
991.5248
1157.377
1711.527
1036.042
2527.376
848.9005
2059.282
2340.318
1187.692
1073.822
1457.97
2376.683
1440.647
1315.444
2706.837
1045.857
925.0317
1052.04
854.3778
1012.431
601.0176
4525.609
1018.571
1958.05
1178.833
735.1704
692.6465
2202.494
2613.935
1032.08
995.8413
1913.819
661.6315
1748.14
1170.521
2109.962
1869.282
1130.837
1459.978
900.878
531.697
1862.026
1535.823
6002.114
969.2897
2012.147
2157.719
2047.27
1422.406
2680.309
2173.348
959.2872
1037.822
1220.771
832.6081
648.6844
925.8544
4223.921
1010.297
1509.914
1039.787
875.0587
3087.931
1079.055
1456.256
1159.38
1673.767
754.7519
1966.957
1199.306
2335.781
2134.741
1005.442
857.1102
1473.903
786.0913
888.4387
933.3741
763.9004
850.2999
980.6863
865.2953
1012.715
1814.934
906.3736
1633.011
931.0757
6531.31
838.1967
1224.472
784.6599
915.4737
808.7224
2457.782
767.5861
903.5934
1955.208
2540.228
620.8669
756.8325
1099.465
730.0906
623.1189
877.9517
776.8105
701.5531
772.7614
765.3179
477.6208
628.1397
1063.71
1002.39
811.0434
1657.188
1042.804
960.4045
547.2485
937.0649
4407.947
498.6193
1270.651
1643.15
1015.681
2205.387
898.1404
1401.955
932.6498
569.3528
1729.021
534.0381
879.8972
1313.558
1150.266
885.5831
1254.257
1453.48
480.7638
1615.101
843.3704
1091.983
4456.708
1611.105
605.5392
902.3322
881.2063
517.5204
523.5489
2490.033
815.1959
578.1361
600.1552
998.8036
1169.602
940.0259
816.3242
554.2387
1267.143
774.041
496.0276
808.7689
1263.962
737.0015
628.8098
1771.272
1613.231
1097.92
2714.136
1110.901
1731.894
421.4527
443.3068
572.6443
684.3776
550.3427
877.3752
629.967
731.1534
640.8118
588.7267
641.9507
672.802
650.5382
770.3266
3304.47
2149.045
412.3486
1745.172
677.9589
711.9723
345.0533
412.308
879.3148
970.5017
1913.671
2431.996
866.6466
1516.952
1226.442
430.0614
464.1076
729.133
650.6472
848.2677
646.6161
1228.603
571.526
957.4159
481.8096
537.2341
2190.706
1480.658
791.9431
597.8921
294.8306
943.594
407.1471
817.5215
631.8323
1642.558
521.7366
519.5155
440.7624
524.8866
896.985
1119.681
639.1934
426.362
536.4559
479.7332
516.035
544.1599
474.4603
514.0624
479.0755
437.9694
865.8589
532.2013
553.472
731.1359
591.9005
808.392
473.5778
986.9428
887.6663
1961.24
301.0775
459.6834
1538.927
893.8254
776.8226
450.2483
328.5601
695.6175
804.9993
381.241
883.2924
662.1139
711.3218
430.34
1289.564
229.4225
1285.461
855.6696
1151.451
1249.14
589.0181
2005.6
725.1929
821.0438
913.5106
1080.658
949.0006
650.5832
475.0176
655.4896
1626.416
1733.772
464.7987
961.3492
1381.303
853.358
1034.268
3127.837
1568.511
989.6936
1323.067
462.3652
1073.443
554.5094
1898.672
779.1114
763.3536
1224.997
837.9801
490.9858
916.5298
2060.509
