64.65688
65.01479
60.00494
63.95799
61.22409
59.72679
63.09695
56.21551
59.09947
65.59507
64.91861
62.13986
63.82402
63.18765
61.04512
63.4588
60.86902
67.09988
64.40993
61.45121
56.7175
64.22582
58.36374
58.58119
63.44746
63.41565
62.45464
60.07398
63.88321
59.09215
64.17941
64.8944
64.76321
66.01688
62.05944
61.31595
68.93343
57.92648
58.16235
64.61394
63.18794
58.64504
51.91173
62.09064
65.31846
62.67663
58.68833
69.84218
68.77051
61.36293
64.96918
61.21023
63.71741
57.06199
61.32321
57.82198
66.66515
65.3866
59.2129
65.46659
58.31865
59.00683
68.35614
60.47886
61.65351
61.55464
61.99085
66.06464
61.26709
55.8376
62.89073
65.5441
63.84525
62.15561
65.5884
62.44377
57.15169
62.94442
63.67146
66.61653
66.52756
55.4466
57.9
58.85571
62.73759
69.70953
61.92046
64.68272
63.16835
59.50205
61.61831
58.18701
65.18892
60.33954
64.341
65.90662
62.76393
60.27039
63.29878
63.65528
61.58104
60.27443
66.44998
59.23622
61.7453
59.8426
64.86727
57.58941
63.8398
63.62165
61.6098
60.65139
56.41746
59.17268
57.81407
63.22055
60.02932
63.65287
62.97304
63.4589
60.40407
63.06535
62.2175
62.33653
69.13449
58.42097
59.41958
69.36961
60.58079
64.10495
60.81256
63.98681
67.13859
63.82852
61.24555
65.55065
58.12892
60.93412
59.68158
59.4222
62.52162
57.55734
61.03982
63.51436
62.43991
63.9125
60.77017
65.21112
67.87819
54.62053
56.20945
56.62794
63.81345
64.05044
66.57521
62.74278
67.47654
64.36652
66.0544
60.20336
63.37655
63.54896
68.15722
59.18281
58.7448
66.60975
62.23596
70.94318
56.92902
63.63179
58.8957
67.65348
57.11366
59.15883
61.73832
64.43643
62.90197
63.38914
63.87312
58.808
61.38262
61.58646
61.92288
63.49326
58.40203
60.32659
64.68866
58.87372
64.57533
57.39938
62.93798
60.63858
62.26544
58.3435
60.99134
61.73985
67.43971
59.75474
63.87642
58.84199
59.75325
64.74713
61.5107
62.48373
55.05328
60.31097
60.22009
61.30996
64.37704
55.22381
64.33907
58.97302
61.97299
60.90653
64.44917
62.94268
57.69087
61.74406
57.70864
57.25583
56.69221
65.39623
61.74368
56.93548
68.37932
61.51066
63.20132
59.2398
61.80188
67.29486
60.50021
64.37122
59.43868
62.22489
64.17268
58.77696
64.01534
64.01801
61.57903
58.03007
63.9472
60.2185
65.3998
62.91207
61.3899
61.43424
62.96299
63.25994
67.52519
59.85102
70.69721
59.95004
59.63668
62.47868
66.34731
60.16249
62.89731
61.75586
60.18744
67.15462
58.66964
64.98469
54.04639
64.49772
63.65509
64.68025
65.25819
61.67125
62.71664
58.9891
62.32387
57.3284
58.312
59.58465
61.28697
62.73897
64.04893
68.61282
59.46562
68.80474
57.94621
65.86802
67.53878
68.60604
63.68923
58.75885
67.12068
58.67157
57.39456
58.07652
62.06043
62.49561
59.22609
61.4123
60.45138
60.4
63.90942
64.95269
64.63656
60.75401
57.68672
61.53762
63.30671
64.51535
62.14002
63.73394
59.3108
62.49817
62.6774
62.48242
56.06718
63.6986
58.62851
67.51191
61.1761
63.75724
64.71047
63.35436
57.11251
64.52894
60.17349
67.07537
67.92993
62.52662
58.19927
61.6467
64.46459
62.8986
63.70102
60.49453
62.6553
65.16854
59.66617
63.01349
61.57014
62.85432
62.22105
60.09157
59.44961
58.23966
54.99493
63.68782
65.11304
60.45718
55.13137
61.36562
61.43629
61.75811
63.96322
57.67066
67.54167
67.71631
58.69223
59.11678
62.38283
60.64903
58.58491
65.49408
63.3268
60.53122
58.60753
62.30088
54.15595
69.20226
54.71694
61.70403
60.80391
58.95526
63.84917
63.70203
55.38543
64.3689
57.99319
62.84087
56.81678
63.76548
65.32838
57.92392
59.28458
58.07131
58.02114
58.63253
66.08026
61.44085
62.80787
60.85875
65.92573
61.86287
63.69433
61.16415
65.19992
60.15165
57.11079
58.16678
63.86148
62.12208
64.70262
66.27648
66.13648
64.25232
58.19118
65.54015
57.40568
61.09368
65.04595
58.46862
60.08399
60.83648
64.12616
61.52299
68.12034
62.19598
61.72288
65.11111
66.90813
62.71951
58.51505
60.91352
61.85349
61.72414
59.05311
60.66971
62.38065
65.24238
61.93211
63.00839
63.02159
62.60646
58.86863
62.86037
63.14415
58.5716
63.33641
62.67027
57.10004
61.03026
60.77992
59.48998
63.77851
62.70233
59.46088
60.06791
57.96622
62.79979
67.02686
58.05832
61.09509
58.66954
57.51306
61.15448
62.35005
66.39557
72.47662
55.13922
70.14706
66.55629
62.97114
57.6681
64.93991
63.15876
63.47606
62.69085
69.83937
59.40102
61.41495
60.10824
63.9386
56.68327
63.38899
62.87827
63.18446
69.32278
65.11512
60.26883
65.94898
60.52743
59.98734
57.83704
66.79462
64.36138
60.0287
64.4432
60.95898
60.36455
71.42438
68.73474
67.99875
62.40108
55.99326
62.0267
61.27228
64.97253
69.24799
68.02092
55.18585
69.77952
60.89854
69.44922
65.22714
67.54859
