84.82815
88.74596
90.40396
91.56497
89.198
92.41685
91.06592
92.72775
90.24116
89.63048
90.43734
87.8656
82.10014
79.48061
76.12387
80.74293
83.71558
84.03329
83.93908
85.92009
86.48729
82.71598
83.09322
84.76879
86.00935
85.27003
86.53359
86.86221
87.38322
85.76843
89.86574
90.30502
91.0752
91.05471
90.66252
91.69614
90.62916
88.77779
88.18142
85.89655
87.85678
84.02447
85.45895
88.32597
86.00996
81.90682
80.5189
78.69323
82.39817
77.60824
78.73887
73.39766
75.69041
73.90323
74.11722
74.16958
73.9002
73.28755
71.69313
69.06955
69.45453
65.98072
63.80349
62.76155
63.77717
66.51138
62.59592
63.85611
63.12052
64.18584
63.84977
61.54614
59.33896
62.77777
67.77633
68.14706
70.61617
70.84074
69.32077
69.14475
70.98292
69.94767
68.89546
70.87586
74.32503
76.56037
80.00882
78.28313
79.58841
78.44053
81.79391
84.33147
86.94219
88.59007
88.46336
85.45124
84.29618
82.62776
86.35883
87.4839
83.20457
81.96354
77.76606
79.23949
78.11012
77.00315
74.00591
76.01931
77.54478
79.79551
82.38368
83.46709
85.86476
85.48118
87.09023
89.06598
84.03489
81.47041
87.96296
87.03831
81.40547
81.4717
81.12493
80.0395
79.93463
82.72772
78.54337
75.4639
73.2422
74.26226
75.90827
76.6335
76.6393
78.40007
78.60547
82.91542
86.12666
87.7462
86.67541
88.37245
86.31071
82.90217
84.79232
86.3311
89.09058
89.36778
86.35548
83.16654
80.88849
84.75495
81.61097
87.61588
89.31314
92.00388
96.13113
97.88635
101.3816
103.7326
101.7239
103.2227
101.1988
98.78278
96.23685
97.72176
99.02128
98.41077
97.34408
96.86556
100.0627
99.10472
97.96932
99.43467
102.0632
102.9959
102.6255
97.24508
98.27643
101.9032
104.4354
105.9666
106.012
106.4909
106.303
108.7536
107.5559
102.9338
105.0163
102.4681
107.5787
110.3377
109.1057
106.7396
108.1331
108.4519
108.4897
111.0858
108.9414
107.4901
104.2428
105.7545
107.0254
104.4185
104.4937
105.7576
106.8824
107.5332
103.5098
104.7684
106.527
105.2888
104.4673
108.7536
108.5637
107.9374
107.3904
108.2912
108.1642
107.705
106.4604
107.0289
107.5452
106.4673
107.7584
109.7272
108.6593
104.0554
103.461
101.5477
101.5345
99.81839
101.3858
103.3731
100.6462
101.2505
99.06622
104.5485
103.0493
102.0365
103.0794
101.6966
103.4851
107.2665
110.6685
111.401
110.0358
106.3169
104.6272
103.1462
104.6941
104.9145
101.5222
98.96481
102.7963
101.4614
102.4202
101.6478
102.521
97.91216
99.09812
93.70079
92.48444
91.35249
91.69942
91.79269
90.60306
89.6333
88.52989
86.62647
86.24304
87.00041
86.14773
84.86583
82.07229
80.71932
82.13409
85.49012
89.42765
90.29643
89.05328
91.8656
93.49045
90.5996
88.3915
88.99085
87.0301
87.84065
86.14418
82.96759
83.47492
85.33118
85.80211
85.50213
80.24869
86.96956
88.16063
89.41428
89.72357
91.21385
91.37529
92.26966
91.87166
94.0551
92.87811
93.26529
88.88051
84.64444
81.27921
80.50513
78.96312
80.84002
78.49835
74.37174
74.4814
73.50167
73.87165
71.10975
74.77171
72.92702
70.73698
71.00545
70.64744
71.02497
72.32378
71.35969
70.60716
71.34031
75.21951
76.51036
79.88867
77.39755
77.82115
79.31267
78.64576
77.93219
80.94907
79.08967
78.37863
78.13793
80.30281
74.24106
71.77308
75.78654
74.2856
79.07304
79.53864
80.9095
79.60317
80.99844
80.32821
83.24531
88.1628
87.92308
81.8845
80.95884
81.66069
82.45018
84.33693
87.34107
89.37691
89.58545
89.94496
94.60163
92.03567
89.79672
91.85939
92.54295
94.28803
93.51827
97.45453
100.1234
99.7738
103.9584
104.6227
101.8704
103.4363
100.3878
101.0924
99.82278
101.9798
98.98717
96.81969
101.2114
101.6013
101.6017
102.855
101.6475
102.9756
106.6907
102.5943
103.8334
105.9361
108.375
104.4723
109.9222
112.3675
111.6339
109.4418
112.0679
114.8033
108.9491
104.0241
102.5737
102.5158
102.2339
98.24478
98.59175
99.19785
94.74417
93.25829
89.86781
93.03416
92.49189
90.65805
89.07179
89.2004
88.40875
87.74392
89.31553
90.32718
87.65326
88.12038
92.0652
89.03622
81.51136
83.55467
83.39402
89.20897
86.7779
86.18849
91.13036
94.01861
93.90499
91.9774
90.97205
89.83559
87.28237
86.30771
83.69035
83.70726
85.18705
85.46487
87.4586
84.84752
82.6437
82.68044
84.3973
82.66214
83.96875
82.1107
77.05562
77.01459
75.00049
75.87483
76.73039
73.7672
77.80398
75.25627
78.9986
80.26425
81.84069
78.94017
76.84308
81.7228
76.19052
75.16836
77.05962
76.29963
81.27079
80.31492
76.37684
76.94921
75.0418
71.40358
70.66969
68.18088
64.29672
65.2698
66.36918
67.0001
69.07219
67.37241
67.82647
69.4848
67.93224
71.19061
74.18951
72.3027
73.83865
79.96943
82.12442
79.39061
81.71054
80.11828
81.39225
81.87587
82.18432
85.45755
86.43625
90.89367
91.1658
