218.3143
581.3988
232.716
596.7753
226.6356
400.0763
222.7299
264.0206
136.6801
274.8192
1084.029
344.4675
302.4277
427.9677
168.0951
683.4939
420.2484
250.1764
1156.094
377.0289
262.0594
209.1858
263.1487
184.089
370.3525
355.0857
274.6544
368.1547
171.6928
162.291
271.1544
293.9886
271.2896
462.7968
170.8919
786.1879
261.1922
271.1763
182.7807
411.2819
143.8407
154.9872
328.5084
267.5274
139.5198
662.4423
189.0434
478.8438
269.1085
322.0967
144.2565
115.0355
238.5182
397.4715
460.7771
297.3061
161.7633
139.9577
290.7297
248.2664
194.7356
552.3165
172.1817
338.0191
543.3971
250.7416
635.2054
662.6951
258.6417
230.6106
163.0229
166.1013
329.6932
316.4175
137.6484
1233.16
265.0334
500.6052
570.898
222.4272
262.6896
564.9698
311.4135
355.9643
240.4262
284.7349
307.3635
384.9764
405.127
478.1962
252.9844
352.9423
266.5151
134.661
207.5957
176.4695
148.1062
481.1067
341.522
186.0559
96.88977
183.316
99.90207
231.0941
308.097
155.3162
504.4117
204.4589
414.8914
305.3096
588.0556
420.9704
251.0245
151.1668
701.743
419.3157
480.9276
120.1906
518.9787
121.4785
286.3727
173.3315
320.2267
268.1778
535.9115
127.6764
365.2317
437.804
229.4124
173.406
385.9067
257.385
239.7095
595.6066
357.6826
235.3813
379.032
368.4996
333.667
341.8308
268.6439
1017.147
341.3462
271.0374
274.5085
1513.063
183.0314
418.0628
312.1188
293.2304
198.5834
200.0711
714.5544
273.2932
898.7369
151.0973
154.8976
117.4041
225.5957
262.7228
375.3282
181.6757
268.7856
197.9408
143.0054
270.0039
310.9543
94.32906
242.5282
220.0531
233.0087
219.9114
357.5049
194.2438
217.909
659.4515
199.7596
106.8543
388.8761
364.2011
556.9463
217.1523
235.6294
154.7995
178.4781
375.1622
185.457
191.7609
956.1502
248.8439
311.6596
530.6799
276.0257
191.5617
296.0844
361.7437
277.5823
387.2467
210.311
562.3752
353.627
329.7898
204.4158
207.9954
233.1709
942.9216
157.4274
242.3807
336.3208
330.6841
135.3188
205.998
590.75
226.1651
320.7923
678.1737
590.9728
423.839
662.5811
504.6532
198.0036
311.0047
186.924
243.9579
384.3826
541.6706
175.8044
254.6804
511.0185
171.0176
729.3421
213.9778
206.1453
286.9173
131.6208
637.3889
252.8226
401.2005
478.3234
206.0612
444.3403
196.6969
482.4092
371.473
843.0014
426.8963
412.8681
148.5106
572.4196
204.9461
387.4223
156.4007
283.3997
112.4235
261.8069
336.128
171.6669
345.6012
185.4642
146.5338
308.7779
502.4178
125.8462
280.0275
547.0562
330.0543
433.5251
364.288
475.5549
384.0593
163.4323
154.6343
146.2064
709.3609
198.1305
248.5959
289.9945
261.5596
125.5684
126.477
210.4328
437.6613
281.2355
576.9373
447.7122
245.2244
229.6519
283.1226
370.0284
748.3387
300.7515
249.0392
258.3978
168.5308
234.3824
172.6265
216.9147
188.7783
322.4253
208.8806
548.6814
152.6058
495.9746
184.2797
211.2981
166.3801
206.2123
250.4742
307.7941
166.2099
221.3524
239.2275
108.4403
290.8066
460.1887
517.7489
345.1015
325.7498
193.9527
159.2324
505.2613
628.5294
369.6442
622.8051
220.0153
398.5243
611.2076
171.3951
291.1694
624.6399
234.922
191.4801
169.9649
144.6003
126.458
133.2527
438.4569
249.3093
171.7094
530.2596
434.7995
230.5745
148.3952
222.1784
270.6098
437.6716
481.1576
813.5394
245.9704
358.8805
205.4126
323.3015
313.9683
467.9826
105.609
411.5867
150.0333
452.8229
465.7793
115.4302
155.4403
314.7305
296.3743
550.0137
194.855
506.1928
401.2265
718.3509
265.3798
218.7638
342.4033
156.8571
173.1989
144.4795
246.5745
234.4744
151.8312
300.206
562.8959
222.2197
158.6619
233.0955
261.9164
210.7158
263.5277
538.6685
211.7485
143.7476
285.9065
180.3793
298.3871
365.1785
814.8867
228.5971
465.6723
132.7694
272.5552
324.111
172.9513
765.6253
153.181
385.0135
365.2109
200.6442
111.482
187.9688
468.5505
450.6068
402.6868
167.0912
261.9391
205.0255
172.1006
1741.448
426.9211
170.8898
298.121
582.303
154.2753
304.7554
394.1269
306.3884
226.885
272.1261
305.3029
439.0537
411.4205
191.3319
251.8058
254.9032
203.5308
191.0533
166.3185
527.5449
146.4596
316.5573
323.9557
330.7369
569.9106
333.7068
136.5346
162.0198
266.3458
189.3033
346.0302
724.4
196.8048
265.4814
715.1681
359.2204
460.5338
225.2792
180.407
237.6978
175.4368
151.2142
199.3902
93.56165
423.3649
266.0686
306.749
426.1918
404.4438
256.9729
459.2548
215.9017
285.8935
220.7417
193.7803
1103.756
445.0778
345.7278
100.8735
428.7866
285.3877
294.5751
486.2991
112.3771
404.3445
310.238
197.4107
208.9275
393.3738
342.0857
202.9813
387.9062
688.9223
370.0419
344.4715
320.4112
329.1191
165.1669
308.7329
538.3673
175.8005
218.1288
343.0196
330.0536
372.4207
284.8415
