90.02217
124.8424
346.2222
9557.269
17402.35
20732.75
18391.33
17885.21
17461.81
18977.24
18884.77
14862.66
19723.64
18716.63
18829.7
18706.94
16819.64
17759.11
18253.13
18364.21
15545.4
19620.68
16960.62
20009.89
18133.63
15381.23
19114.36
17977.97
18723
18345.72
16627.13
18927.14
17190.99
20057.74
19203.13
21822.05
20541.65
14946.74
16795.1
18015.73
18799.71
16293.62
17976.59
17063.71
16297.88
18212.09
16913.19
17108.63
16170.44
16567.44
17079.83
17057.37
19993.79
16683.05
19495.76
15819.75
16899.38
20275.28
16473.57
18905.4
16895.89
17541.78
19261.6
17130.56
16778.2
18721.2
21135.53
16286.36
18404.85
19333.42
15612.23
17644.64
16196.21
18012.45
17320.9
18227.39
21210.01
17879.4
16894.36
17493.99
19835.74
18231.38
20480.74
17372.88
18799.76
16906.65
16391.2
19947.81
19183.46
18773.64
19447.92
18403.73
19095.49
19919.96
19379.77
18566.59
20103.23
18208.59
18455.86
19093.66
19360.3
18173.64
15059.66
19205.46
17493.27
20299.74
13703.24
15872.97
17806.82
17681.45
20097.31
17173.71
18163.86
16827.95
17458.41
20563.16
18315.89
18575.71
21141.76
16447.51
18835.49
18549.95
19757.06
16292.91
18221.31
16650.26
17748.69
17216.38
17233.27
17172.4
16746.49
20394.84
18404
18461.33
18096.42
16087.47
20158.26
20769.51
17403.17
15719.65
18139.03
18197.66
17009.62
17668.98
17052.74
17661.63
17727.33
18893.09
17209.26
17468.82
18061.26
17897.09
20123.91
18860.52
17577.85
17933.32
17294.93
19630.86
18934.64
17164.6
17586.64
17664.55
16682.47
19321.65
19791.33
17842.68
18749.51
17145
18054.53
16684.13
16749.48
19845.05
17278.47
22058.17
18958.76
20044.89
17841.26
17308.85
16548.81
15696.14
18957.21
18244.16
16155.14
16653.92
16142.86
18437.37
15367.4
16372.84
17580.28
18062.76
17361.38
17336.84
15795.67
18967.73
21137.45
17531.88
17477.06
16226.9
17962.45
19156.31
16056.12
17492.73
16001.48
16336.51
18942.56
16840.58
15355.94
18713.13
18084.01
20360.71
22996.59
19238.13
20091.79
15322.79
18980.43
18602.51
17450.34
18021.99
17463.52
18443.73
19530.16
18764.65
16037.05
21460.54
17289.46
18424.34
17198.46
19350.2
17697.21
17755.73
19938.6
19234.71
20028.34
18395.27
17728.82
16014.25
18734.3
20210.01
20069.12
20131.82
18882.21
17224.2
17667.54
19141.05
16857.45
16986.23
18801.24
18655.42
19027.75
17699.94
19326.42
17654.76
17473.74
15755.91
19848
19460.12
16483.73
20194.41
20021.73
17355.77
17148.19
18257.8
17808.71
18851.2
16775.13
18076.29
19500.77
22016.95
17568.59
17931.18
17053.03
18265.4
15112.95
17384.52
16804.6
17960.33
16892.45
15586.64
16931.56
19655.77
21628.67
17127.9
18818.27
18097.62
17875.82
16800.03
18732.78
18085.63
15040.84
16102.36
16527.71
17266.53
17676.58
15135.63
18191.47
18910.49
17863.28
15421.1
17392.87
18614.35
19417.42
16326.42
16813.49
16827.41
18114.59
20056.26
15267.06
17375.52
16614.68
18568.23
16634.74
18650.94
18875.18
16904.37
17642.49
15931.34
16619.37
16904.13
14748.78
18208.59
17055.37
19124.79
18795.53
21197.72
18868.44
19956.28
19016.33
18438.96
13501.85
19888.17
18392.88
19344.83
18601.81
19892.84
18050.17
17454.62
17251.55
18437.51
17244.03
18283.63
16305.71
16673.69
18789.4
17447.37
18665.76
19624.62
19519.04
21212.33
16447.19
18958.86
17100.5
18476.9
18269.44
14872.88
17077.36
17152.14
16423.26
17594.12
17747.64
19862.1
20685.49
17683.98
15892.92
17327.69
18460.97
18734.96
19651.89
18619.56
17910.21
20859.99
18044.61
17635.37
18851.55
15555.23
18829.65
17276.21
16376.95
19435.56
18209.52
17952.93
19202.53
17710.98
19027.01
16460.05
17545.69
17988.86
20281.38
17635.17
17692.39
15976.58
21463.92
18397.21
19294.24
17097.83
17089.5
15623.63
18322.62
16315.27
19840.35
17746.07
18154.22
18538.14
16907.09
17649.61
17756.2
16830.87
15674.48
16046.3
16927.32
18662.96
18240.53
18590.41
18839.78
19790.1
16223.14
21626.93
18642.96
20445.89
16743.98
18375.29
18306.81
19124.75
16212.19
19746.91
17885.61
17362.07
16567.36
15982.94
19677.08
17309.11
16526.44
20775.79
15399.58
16475.66
20393.31
17069.13
19209.96
18653.46
18610.43
17939.55
18702.62
18233.87
15577.21
17415.59
18314.49
16990.16
17510.53
16784.82
18983.21
15308.96
17016.49
16650.2
17850.4
16346.52
16653.82
16858.19
14663.61
18143.76
17747.79
17599.42
19421.6
15504.65
19168.5
18813.34
15546.23
17880.54
18006.81
19872.03
18581.25
18224.47
15404.78
17026.13
19517.69
18123.04
17494.72
17627.78
16844.55
16988.53
20632.58
18856.09
18712.68
17930.51
18416.04
18797.35
18349.28
19601.48
15565.73
17909.59
17259.84
15732.98
17359.41
17716.25
18067.23
16809.07
20421.31
19346.45
17956.53
15973.27
20863.08
17669.03
