86.26453
87.03311
86.52126
87.53356
87.47663
87.37298
87.55092
87.42864
88.03316
88.83072
89.9747
91.78675
93.0356
92.16098
91.15586
92.23998
92.88795
93.94732
94.92476
93.88285
93.8611
92.17498
92.74993
94.88828
94.49384
96.51131
96.86331
96.12649
96.62581
95.41398
94.21744
94.47492
94.49728
95.29776
93.70081
92.64777
92.2482
92.2848
93.56469
92.76392
94.94954
94.29876
95.19314
94.53096
94.28628
94.94959
94.34697
94.28853
92.68907
90.92371
92.18145
92.69748
92.23503
92.12513
93.26359
92.65908
92.51384
92.71258
91.36328
90.51784
90.15669
92.24717
93.14879
92.50479
92.5201
93.59034
91.97509
91.98853
90.8826
90.83287
90.11934
90.04448
89.34671
88.93062
88.24958
87.53434
88.47435
87.1521
86.24398
85.63288
85.6231
86.77121
87.81459
87.22338
86.36997
85.76936
87.66799
89.5471
91.08021
94.93249
94.01199
93.24345
92.34934
91.20437
91.25203
91.74918
88.52028
88.52915
89.24953
90.2866
89.03653
89.99929
88.76993
91.46838
92.58108
90.61209
89.35986
89.10031
90.21888
91.03501
92.72415
91.36387
92.22858
91.70288
90.09175
91.31496
92.03153
92.10272
93.27679
94.40042
94.29653
94.73859
94.79983
93.6344
95.50103
95.24327
95.16864
97.00493
99.20107
99.70719
98.93082
100.001
99.70101
99.70096
99.32729
100.3116
101.2521
102.3205
102.6902
101.7788
101.5264
102.5099
102.0719
102.7309
102.8438
102.9182
101.9191
101.099
101.0344
100.7962
101.4332
102.0175
102.3084
102.9182
101.4848
101.294
100.2152
102.744
102.4244
102.1907
104.6089
106.8793
107.7182
107.3075
105.0645
106.9534
107.1978
108.5333
107.4394
106.406
106.4168
104.4192
104.993
106.4917
106.5597
107.7788
109.0812
110.4664
110.843
112.8118
112.5839
112.5457
112.4799
113.2699
114.8588
116.4702
116.523
115.941
113.2084
113.8301
112.9106
112.9838
113.145
113.3724
114.7679
114.4787
113.9782
115.9483
116.6965
116.3571
116.1991
114.9772
114.2858
113.8825
110.2168
108.191
107.4051
105.6886
106.3676
105.32
104.5758
105.3492
106.0439
105.4048
104.2475
103.7823
103.6493
103.3059
103.6666
103.3503
100.7275
100.4795
100.2395
100.4167
98.50587
102.2339
103.0484
101.6332
100.2229
100.6558
101.0861
100.0675
99.62666
99.99498
99.68296
100.2461
100.5835
100.2516
99.72181
100.4172
99.10936
97.17469
96.70319
96.64793
98.55244
97.76438
96.93261
96.90776
95.62399
95.87189
97.57965
96.78779
95.81658
96.57984
96.53748
94.84179
95.88843
98.38703
101.0073
99.71583
100.1259
99.10538
100.1424
100.232
99.66631
100.1278
100.4161
99.33916
98.83986
96.39525
96.50782
97.41347
97.64165
97.67869
98.43108
98.81017
100.7083
100.0217
100.3985
100.6304
100.3477
102.2091
103.1644
103.5072
102.7674
102.8298
101.1038
100.6958
99.88129
98.33143
97.74772
95.13821
94.6383
94.60748
95.17694
95.67543
96.81233
98.17593
99.95983
98.91064
98.72436
99.39225
99.15778
98.21968
97.20524
97.28326
97.63649
97.07059
97.03502
94.25488
93.36236
93.63005
92.35438
91.67877
90.9279
91.38404
89.40133
90.36232
91.20265
91.55359
90.78001
89.648
90.51987
91.72265
91.98182
92.99835
91.05591
90.10284
90.30124
89.66761
88.44769
87.68811
88.76717
87.964
86.23248
85.35002
85.42183
84.47094
85.19153
85.3996
85.85713
84.72101
84.45633
81.9288
81.63006
81.91579
82.15949
79.9416
80.37661
78.00076
79.07172
81.45317
80.10967
79.11007
79.25066
79.19107
77.53763
77.81497
77.52487
77.41258
78.29304
79.32136
79.20231
78.85022
79.44499
78.8601
78.39832
79.07799
78.86605
79.61675
81.52828
82.37969
82.91809
84.02437
84.01381
82.67226
82.011
82.47031
80.7089
81.16932
80.04535
80.14969
77.79754
77.79589
78.03428
76.08497
76.47007
77.02531
75.42098
78.34586
78.89985
78.33455
78.99067
81.21532
80.3777
79.87576
79.75132
80.44175
79.46303
80.5555
81.2574
81.34494
81.72455
81.06419
80.68991
81.9485
84.01834
85.44392
85.79801
85.33414
83.25014
81.53635
78.94398
77.30551
77.13033
75.58372
76.45445
77.50958
76.79905
74.91727
76.14112
75.32423
75.68979
76.41626
74.34182
73.45113
74.02625
75.4498
75.65262
76.93823
77.62399
76.69934
78.71434
78.6115
78.20933
78.94932
79.37849
77.88848
77.95017
78.53277
80.22333
79.81837
79.47176
80.48802
79.21457
83.22659
84.57374
85.0659
85.1239
86.10693
86.68743
84.73732
86.23075
87.20015
87.55876
86.58553
85.67013
85.70196
84.52782
84.09483
84.8358
85.01918
85.82143
85.90364
86.64415
85.6444
85.38379
87.7705
88.24621
87.59958
87.75366
89.12484
88.05057
89.10397
89.27655
90.7706
91.17175
89.77526
89.4684
87.80333
88.18666
90.61212
90.39462
91.23173
91.11438
89.60869
90.25385
89.1083
87.80844
87.70358
89.47054
89.85829
90.91528
92.24301
92.21999
90.75642
89.983
88.91043
90.30812
90.10868
