176.8774
190.5957
237.016
362.7521
146.5815
360.5845
190.1904
121.608
334.1148
122.38
333.9278
374.9208
165.957
499.1343
138.6732
136.2424
119.105
272.6138
196.6861
121.8587
287.561
260.1764
214.9575
183.7764
289.3866
333.4213
245.4176
252.1067
625.9109
354.1696
110.9284
326.2153
226.8754
293.2782
195.661
509.5068
264.391
330.962
206.7693
1067.148
134.9292
136.8716
518.2267
311.3392
281.5377
294.0729
414.7647
555.5993
183.8353
98.83399
181.9473
428.9718
153.8699
388.4681
307.4507
164.821
323.7266
471.4138
175.5407
158.0504
128.8451
784.4657
354.1077
198.3817
181.5299
157.0339
146.8012
245.8236
173.9728
133.9146
170.4464
109.2308
419.7335
235.5909
220.397
190.9624
290.6801
225.3542
146.094
145.3291
170.0962
233.593
133.4009
146.0942
122.9908
262.8004
362.8936
187.0369
329.2195
137.8145
254.9392
159.4715
305.719
252.4567
133.8557
177.9853
280.5351
378.778
477.6487
227.2763
168.5844
662.8596
317.5747
172.2971
163.9554
338.3245
229.1423
186.4896
118.3935
141.1401
412.2934
288.255
253.4137
208.3167
217.6054
165.196
483.1916
292.7391
404.6515
263.5833
288.1894
145.3885
178.5178
127.011
182.0478
743.1227
201.9985
164.8228
355.9373
49.71571
187.605
631.2035
160.8781
557.9595
247.281
279.1491
283.5208
329.907
259.5435
184.6944
296.6737
323.229
162.8867
345.8619
122.1549
293.0624
97.45583
158.4403
289.0597
297.9497
216.8233
126.3698
269.8574
166.1033
165.7367
205.0881
355.8148
312.903
177.2385
168.36
198.782
157.8004
136.6617
136.8559
224.6913
162.2295
389.914
341.2751
324.6188
144.4701
426.7618
309.5552
217.2388
108.1128
300.3212
248.0812
166.1877
206.4195
191.6599
225.9596
254.8411
129.5456
214.3773
300.2108
500.3877
302.0932
241.0226
361.1844
164.6125
215.2732
225.63
139.2871
180.5995
579.9655
182.9977
155.8604
322.064
188.119
78.29482
356.253
191.5074
231.9502
178.9499
200.686
260.1746
229.8141
264.9991
1436.647
475.2984
417.7178
151.7406
329.6653
147.8129
572.7852
172.8909
492.1705
141.9155
257.1142
236.4623
97.68495
245.3075
168.2596
187.0273
706.6796
203.9856
250.8069
136.8727
214.3342
317.3812
154.8201
145.4439
475.7443
390.3755
188.9802
298.5445
269.4581
228.574
162.4205
313.8785
192.3218
267.2438
243.1748
299.9594
233.3043
148.6487
292.9464
403.0554
407.6817
157.9657
145.1392
264.0598
150.6758
279.2154
248.9802
215.2915
327.7827
165.456
162.8726
112.9901
132.1585
261.4168
243.586
213.7035
332.2891
247.3925
262.7705
173.3806
166.434
155.0662
399.403
188.7589
211.7493
115.8476
111.4511
144.0795
1467.52
230.1079
289.4488
179.938
212.716
326.4172
315.9774
225.3149
380.6417
633.5751
254.7998
361.9945
152.4905
545.9425
188.1506
136.2919
371.7621
120.7186
198.5937
169.8238
196.5697
240.331
460.9982
466.6235
121.2362
242.5263
274.0509
169.6197
262.9774
221.8038
440.0321
114.4075
115.5771
119.8353
269.0498
177.1472
255.3579
169.1321
261.6633
258.8998
155.445
239.3086
237.7992
272.3668
767.6542
80.19589
158.1874
333.7769
295.1488
272.466
514.4803
428.0286
147.5453
540.3211
204.978
417.2222
211.2434
401.2186
304.5604
79.03158
92.85005
232.4324
350.0848
151.2369
380.3777
294.102
463.9337
235.5959
153.8181
157.9156
161.2636
88.70664
321.6465
1335.728
287.7164
181.9135
183.0851
416.9779
248.534
232.3314
105.0296
325.2057
103.0193
153.5063
174.0258
325.9295
362.1785
641.6684
187.3354
136.1114
254.4424
246.0127
450.8185
96.83477
246.4971
167.7174
167.3306
396.3345
245.5731
290.2475
249.5831
491.2954
455.2633
247.4572
222.6966
436.4637
285.8545
183.0213
206.7892
377.1869
278.4007
215.6224
176.8433
169.2112
153.5454
348.8807
201.7799
523.5504
355.9486
201.9718
178.1332
159.4768
395.7765
474.4942
165.9758
257.8896
351.6434
480.4468
188.5371
386.8384
356.7326
352.2142
288.0802
491.2051
274.8324
305.725
179.2509
166.41
2824.308
383.6454
253.9138
361.3762
166.6854
259.7587
1183.171
1175.627
171.7151
175.3033
175.1583
342.4663
375.4628
212.1754
2631.838
831.3536
505.4815
282.1525
420.8719
700.404
189.6278
151.6633
276.737
212.7461
318.496
616.6826
297.2056
153.3977
399.4637
192.7135
261.0954
699.882
282.4477
352.5185
207.7396
459.3068
384.0669
186.9587
383.5706
415.8636
210.9481
459.3745
379.7422
481.4466
371.2944
323.8388
129.0212
140.7335
307.0555
294.4926
160.0069
212.4267
233.9976
463.6648
623.9975
573.1763
194.0876
165.8523
199.1967
554.8262
204.4912
158.8162
739.2228
340.6226
676.1233
199.7821
190.9994
254.8874
439.1766
279.6127
229.9483
563.1554
400.5477
350.9543
181.0472
367.8726
218.042
260.623
309.7186
432.3048
364.1914
261.9387
428.2635
628.2746
303.8642
260.8436
184.2154
