41.257
42.25153
48.82907
77.52048
81.60233
80.11254
60.22634
42.98017
44.26427
51.46684
58.23533
59.20914
37.47406
47.25914
45.35824
36.40527
25.8
33.23052
45.57672
43.85137
61.12356
60.84103
54.89804
48.92073
45.12276
34.18199
36.26876
37.48664
33.77803
29.45427
35.21181
37.5487
40.76895
41.17001
38.32746
51.2732
58.42176
63.92857
101.9979
72.16369
79.0201
74.86959
61.9575
77.94657
79.47492
91.98766
116.1486
122.0063
160.7828
150.191
190.5697
156.8777
204.3178
193.4278
308.3758
273.1351
271.0624
270.4364
215.8656
172.9299
161.0889
107.5247
86.83698
80.80599
89.64012
119.0793
101.4093
87.35466
107.2805
115.345
114.7998
115.8402
102.5801
101.123
69.90799
64.23613
58.59044
51.57115
44.89211
46.12567
52.84539
55.29035
48.67535
43.18114
42.42609
32.53365
34.31762
35.90677
42.03172
40.46998
43.64732
42.81175
44.16467
51.54629
52.72566
59.54602
56.24647
77.43964
82.66813
77.14166
98.08648
95.59128
78.6868
80.47835
82.89339
73.7262
128.7458
127.1112
122.7414
122.8432
107.8128
140.4657
121.4632
158.9462
256.0001
307.08
382.6203
439.7673
501.1407
563.7044
547.7739
541.5825
651.5538
696.5325
669.0568
838.8209
830.8619
1321.248
1751.045
2626.942
2526.93
2367.99
2074.339
2580.002
2546.655
2168.397
2154.454
1876.174
1790.195
2064.378
1548.905
2426.953
3546.213
3415.415
3856.91
4538.238
5005.663
5182.632
6976.585
11972.46
12838.78
13227.6
13654.37
19947.91
19573.92
35294.85
47820.27
54352.79
73805.18
121652.2
132330.7
152121.6
174409.3
170253.6
183648.2
200460.1
207695.1
237079
245625.1
257912.2
267999.9
193326.4
205072.4
189357.7
325279
421202.8
381941.2
407510.8
360350.6
249528.5
230389.7
198805.1
173035.7
152919.2
185859.5
207544
233576.2
290963.2
354048.2
321814.9
325133.5
303793.9
242422.3
270683.8
280677
208948.2
142109.3
148136.3
138495
199620.3
207901.7
222215.2
172496.8
154966.5
192796.2
236029.8
286233.2
470826.4
332508
367342.9
359176
408493.2
477496.9
373901.1
329349
422167.5
352844.9
314768.7
415931.8
526316.2
451748.4
722868.6
689920.2
810743.4
456094.5
476862.3
481879.6
415270.2
380938.1
299032.1
275168.4
236058.1
308159.7
257222
308400.1
266453.1
253781.9
206834.8
219679
169163.4
137381.4
178579.9
174321.9
145266.2
166475.8
227944
218585.1
187993.4
182037.5
191696.1
198451.6
220422.7
287716.1
351450.3
287357.9
315128.1
365557.9
348473.5
441818.3
478276.1
488736.8
398458.5
416117.2
393534.2
298270.6
334555.1
274864.5
449619
421585.1
538261.6
469366.4
367012.9
369204
256035
229996.7
166739.7
99274.34
105072.6
93194.86
72446.97
89749.81
136807.7
89718.49
94705.76
93739.57
112131.2
108980.9
128858.1
130906
142840.9
155152.3
144549.7
136066.4
139789.2
203805.4
153955.6
146822.9
174007.3
192912.4
174396
149656.3
168610.3
179380.8
180124.1
182394.4
195738.9
259289.1
205558.8
226869.6
289286.4
318426.4
379923.1
410623.7
334160.9
369717.5
477552
479844.9
542991
707710.3
584713.4
599080
519790.1
303939.8
289193.5
309714.5
311460.7
227100.3
193852.2
202030.3
207243.8
213577.2
209145.6
261312.3
349094.1
317345.1
260425.6
269717.8
314869.9
223632.6
220159.3
188838.4
157259.4
189809.9
204201.2
232106.3
266491.6
326266.8
462259.6
404153.5
239565.4
316025.9
311211.7
401590.3
466724.6
518479.1
653113.6
609736.6
631869.2
496363.2
384521.1
546921.6
407791.6
494435.6
410146.2
456965.4
591281
659711.3
815905.5
737605.8
674102.5
666575
598009.5
675103.1
852170.6
520471.1
417616.1
403027.1
409884.4
486320.8
518144.4
633177.2
577900
560028.5
535210.3
576926.2
600753.4
681302.9
864375.4
592466
632278.5
604417.1
536038
554572.9
545800.1
562243
680727.2
758207.2
948111
795309.4
842020.2
594942.9
480205.9
631728.8
738529
887282.3
755802.5
854931.7
903971.9
753706.8
924951.4
827210.6
730838.1
733855.7
740303.4
819676.1
702808.6
990436.4
1326453
889120.5
787135.8
774388.5
747344.5
726529.7
683033.4
700639.5
895051.6
881609.4
956569.2
852666.7
753860.9
764809.1
765450.7
770303.9
538356.9
436889
271742.8
255230.8
259794.3
234776.8
228172.6
222877
172535.7
214318.7
345314.3
447996.5
416528.6
326076.4
314662.4
288570.4
251946.1
296627.1
241896.5
241248
276455
241225.5
225440.7
238077.1
253015.7
286023.1
274659.3
223965.9
287403.4
341337
263089.4
232705.6
162418.1
236758.7
285793.5
374375.3
316386.8
343671.7
250762.9
323018.3
327085.6
224617.2
248285.6
253787.9
299193.9
319553.3
446849.6
445963.5
384855.1
367226.1
371649.5
385111.9
519292.8
596631.5
398912
335039.9
348668.4
436662.2
497842.9
634583.3
487111.1
581509.3
746990.1
681511.3
745414.4
778378.3
635759.2
