112.6182
120.6824
95.73277
14.21233
13.43499
12.99923
13.81341
12.54638
12.82442
13.95877
12.89154
13.95801
13.35711
11.63095
13.27944
11.91076
13.06367
12.69839
12.83768
13.92047
13.54011
12.59583
13.13413
12.7232
12.31
12.77733
13.14618
12.46785
12.81438
12.90182
12.58261
13.14047
13.28091
13.70131
14.49491
14.40967
12.95269
12.87992
13.51534
13.99503
12.79048
12.28661
13.69098
13.35122
13.53259
12.83687
12.82591
12.9003
13.47513
13.29679
14.29143
13.27515
14.07017
13.71178
13.35571
11.85795
13.18778
12.73533
12.5633
13.09804
13.81818
13.40693
12.523
14.55341
13.51926
12.80282
13.63048
13.23738
14.78504
13.38469
12.18936
12.26812
14.01947
12.64898
13.95133
13.85629
13.09868
13.47916
13.30421
13.5122
12.568
12.26852
14.83355
12.43297
13.80282
14.04849
13.40696
12.21156
12.2465
12.04337
12.45592
12.31978
12.66905
12.11532
12.87581
12.42845
14.06557
13.90328
13.60415
12.98884
12.99577
13.52244
12.33703
13.97715
11.76956
14.35915
14.02352
12.95636
13.32014
13.5
11.8512
14.02706
12.89726
12.82823
15.06114
13.0602
12.74811
14.16678
12.68107
12.65025
12.48073
13.68928
12.76861
13.13474
14.00275
13.74179
13.71008
14.15792
12.75807
12.76288
13.80473
11.62758
14.4119
12.32178
12.91834
12.59134
12.233
13.70195
13.59278
13.58063
13.80619
14.72909
14.24078
12.92487
13.28855
11.81383
12.86664
12.06953
13.58217
13.048
14.57668
13.14745
13.00553
13.1768
13.86117
12.49019
12.72272
12.89877
13.79994
12.96167
12.8629
13.56774
15.36847
12.98207
12.48289
13.17847
13.57655
11.93165
12.43285
12.60221
13.40471
12.32285
13.30974
13.3392
13.50108
13.94063
11.60753
13.40572
13.17142
13.36836
12.43497
13.67867
12.7684
12.79619
13.42259
14.16168
13.32785
13.27162
12.98268
13.49439
13.49302
13.63561
14.44724
13.61243
13.59524
13.75246
12.62946
13.66237
14.13898
14.07367
12.58216
12.50074
12.68725
13.50293
13.15622
13.74806
12.95402
13.51055
12.39442
13.82019
12.78693
13.36088
12.91747
13.14306
13.21069
11.77038
13.35956
13.97879
13.94759
13.13991
11.80142
14.35497
13.46377
13.67866
12.66776
13.2384
12.8919
14.41106
13.784
14.22601
13.53628
14.82366
13.1725
14.0046
12.77289
13.81386
12.76154
13.40882
14.96046
12.34103
11.79957
12.60469
14.03625
13.52714
13.42649
13.11458
12.32891
13.50146
13.77255
11.99401
12.11228
12.38361
12.65077
12.42008
13.14932
13.81319
11.92945
14.36398
13.77817
13.17196
12.81763
12.79746
13.43692
12.98864
13.51269
12.93274
14.09617
13.67333
11.91281
13.77376
13.91064
12.73174
13.31209
13.13842
13.99252
12.84554
13.10924
13.42174
12.41756
14.61223
12.12644
13.66583
14.05336
12.27965
14.07892
13.21958
13.09658
13.86072
14.221
14.39625
12.58322
13.44339
13.61163
13.27158
13.09646
12.81877
13.73082
15.45263
12.48698
13.44839
12.97018
13.59342
14.35417
13.06716
13.4761
13.23976
12.61485
13.03888
12.82028
13.5575
12.50756
14.00728
12.22704
12.41093
13.3845
14.19823
14.07266
14.93729
12.62655
14.02497
13.20646
14.25612
13.24288
13.53525
14.19276
14.02827
12.80013
14.68959
13.51666
13.13509
12.91218
12.17894
14.50775
13.90209
13.757
12.43546
12.27628
13.55312
14.97107
12.91299
13.27668
12.43141
13.14223
13.17363
12.42193
12.58005
13.22445
12.65996
13.16287
13.12111
13.21664
13.11635
13.81749
12.25919
12.37327
14.02626
13.35731
12.82842
13.44033
13.30146
12.81491
12.3216
13.59838
14.58013
14.46829
13.74035
12.88797
13.07573
13.38504
13.34974
13.50326
12.25317
14.10501
14.25212
14.88869
12.50799
13.24012
12.88311
12.5706
11.75668
13.39203
13.37177
11.74106
12.56737
14.19815
12.84453
14.06388
12.18526
13.20101
13.8254
12.94575
13.13288
14.27427
13.9887
14.1646
13.13776
14.46102
12.99727
14.21086
14.40415
12.97375
14.02464
12.36175
14.18976
14.04397
13.67408
12.83145
13.83731
12.71174
13.96151
13.7945
13.73716
12.73147
13.08008
13.50801
13.13975
14.06836
13.61249
13.67461
13.43961
13.22034
13.6363
13.38246
13.34057
13.66539
12.92421
13.87504
12.37282
14.07692
13.95508
13.36283
13.05683
13.73368
12.79727
14.89947
12.89673
12.55162
12.54455
12.10234
12.64431
12.95398
13.12786
13.24398
13.42876
12.41144
13.40945
12.14645
12.43693
12.98485
14.63521
13.27811
12.39928
13.04052
13.1614
14.67714
13.65261
14.17711
14.03289
13.20887
13.16242
14.57244
12.81354
14.07048
11.77965
13.19105
12.06745
13.93166
13.57295
12.59565
12.24013
13.30064
11.92489
12.17923
13.32047
13.27602
12.39205
12.50635
12.63974
13.74653
12.90925
13.82978
14.24556
13.31438
13.17906
12.33244
13.76194
12.83983
14.63187
13.88191
14.46299
11.62315
13.41485
13.81318
12.85495
13.77571
12.9466
14.5913
13.17295
11.95286
14.16542
