101.5558
99.14227
101.4498
100.3071
99.95436
96.69069
99.3759
100.1146
101.2157
103.122
104.7737
105.2836
104.1203
105.0919
104.988
105.9095
103.8134
98.42946
97.8487
95.51667
95.84702
95.90007
101.3979
94.23507
92.43394
90.67202
86.66097
86.03026
85.85039
84.75327
83.75613
86.28263
85.65769
87.85946
89.9814
89.24746
91.70342
91.62453
87.9231
87.55171
89.56316
89.20772
90.3299
90.29045
85.81809
83.11284
84.14745
85.72804
82.7198
83.84152
83.18453
82.87287
82.63255
79.18987
76.94996
78.42527
76.69735
77.21735
78.43282
81.00429
80.33046
81.18224
82.9089
80.61075
79.14125
78.69882
78.47226
79.01236
78.5355
77.69133
79.13379
76.8886
72.70198
72.25899
71.41682
70.51513
67.36831
66.79119
65.41886
66.34258
69.45298
71.52778
68.50283
65.56372
67.1843
66.08281
65.51653
66.23186
63.3244
63.57775
64.45535
62.68548
64.13442
63.80866
63.21792
65.45644
65.68729
66.98524
68.14878
68.36887
67.92728
70.13436
70.08316
69.34705
70.63618
72.42088
70.77528
70.38439
69.10565
67.98364
70.60123
72.68348
71.35059
71.03131
72.06728
74.03787
73.27907
73.57867
74.18812
71.5621
67.94717
68.69598
65.38135
65.87609
68.23747
66.4417
70.50868
73.6539
75.38939
74.46872
73.47671
71.38614
72.9476
75.90813
75.7331
75.31681
74.66974
75.03406
76.74072
75.57931
77.42114
77.65754
76.56268
75.28788
75.05268
75.22938
76.87139
76.67816
78.97201
78.66532
80.83346
82.16271
82.84992
80.51463
78.75246
75.23343
76.21109
73.9071
74.50348
74.5234
70.54364
71.77202
72.69121
72.64898
72.97386
71.8779
68.14469
68.92862
71.9759
72.71588
74.30489
76.40021
76.5584
75.08926
74.93616
73.83945
73.1761
72.98559
69.93703
66.16859
62.86264
65.85665
66.85959
65.84965
67.55619
67.82058
65.84077
62.75152
66.20041
65.44859
66.79383
65.96157
68.976
67.69022
67.15383
66.98102
70.32349
71.68477
71.25662
70.6591
74.43308
77.53098
83.18519
81.29458
81.01329
81.27976
79.5622
79.23968
79.87017
76.10689
77.03052
76.86068
75.6095
75.87896
71.64323
73.3159
71.66515
73.95206
73.78609
73.30807
75.14025
75.99058
75.13979
73.56696
71.33805
70.29412
71.31273
68.51452
68.05406
68.34465
71.24636
71.66435
71.92207
72.76427
71.37163
69.73004
67.85635
67.85431
67.7837
70.0432
69.5103
71.87398
71.01184
70.54577
71.05124
75.27912
77.05353
75.20049
71.0166
69.86373
68.29023
66.03223
64.8476
66.10661
66.06236
63.51994
63.92252
65.05813
63.86548
66.22183
66.73816
63.88666
62.49893
63.24653
61.58459
65.47612
66.41466
66.90138
66.27712
62.984
61.70235
61.82877
63.06787
61.77919
59.49537
59.84739
61.89811
59.93642
58.89657
59.38131
62.74153
63.01427
64.90418
63.82786
61.70593
59.82671
62.36094
62.45497
62.93741
61.71815
60.52286
61.64196
61.03058
59.28177
59.9474
62.2368
61.90818
58.66559
59.77029
60.58511
61.23752
62.82274
64.45262
63.84507
65.22748
67.99369
67.78164
67.81419
70.88727
71.28908
70.90787
68.68411
65.32715
65.40493
65.09674
67.54216
67.68594
70.27277
71.2972
68.09483
70.36597
70.58647
68.87461
68.11988
68.78694
70.82421
71.9118
72.60919
71.63299
71.80712
70.0372
72.05744
71.25252
71.9685
76.72864
75.86884
71.09307
66.70647
66.14402
64.20462
64.43556
65.43592
67.67424
67.05484
68.65126
68.48978
67.57617
68.15862
66.35246
66.20378
69.77682
69.11452
70.60849
68.6728
66.51599
66.02838
64.63529
65.58027
66.463
65.18706
64.42424
64.62378
65.26607
65.32145
65.25642
67.0786
64.15696
64.4387
63.89121
62.40239
62.15807
59.81323
58.90871
59.11272
58.1196
56.82979
56.89587
55.88941
56.5338
57.69641
58.83218
61.49706
59.81234
57.93334
57.86756
59.49197
60.85439
63.10079
62.66055
65.2721
63.18223
64.14921
64.31895
64.51773
65.97605
68.71675
72.41939
73.83428
71.61932
73.47023
73.56487
71.767
69.16943
70.0667
70.34551
71.11258
74.31448
74.96115
74.03165
70.46908
71.23168
68.024
67.80547
64.65283
63.72324
63.9739
64.26596
62.77778
62.80849
63.88311
65.71474
62.62779
63.10918
62.32573
67.25681
68.35965
67.85096
68.10688
67.54039
66.38248
68.90776
67.03656
67.25379
67.18488
66.19774
65.95283
67.06554
70.20193
66.49957
64.20344
66.14897
65.07016
65.53266
61.97089
62.7354
63.72516
67.47548
66.54974
64.91342
64.58328
60.87772
62.87423
65.83618
65.3349
67.63465
68.11881
67.04847
65.06311
62.96654
61.58244
63.18246
64.98982
62.81316
62.13738
60.21841
62.94832
60.26871
62.60029
64.6736
63.78499
63.97747
62.33063
60.00333
60.10642
61.44577
61.60553
61.64465
64.56684
61.39857
60.93788
60.74367
58.161
56.43096
59.4886
60.87066
62.4842
62.15567
63.02858
63.42202
61.42121
61.14029
59.70084
55.70123
51.74805
53.47226
54.39555
54.72843
55.44655
53.95226
54.515
