955.4306
1112
1349.989
1271.992
1217.568
1240.415
1430.155
1220.603
1217.043
1158.162
1242.209
1243.856
1334.322
1085.386
1295.562
1313.311
1373.575
1122.6
1564.647
1128.454
1110.924
1309.936
1178.403
1169.072
1220.729
1114.933
1329.931
1517.671
1206.663
1187.754
1211.684
1250.734
1268.055
1286.68
1094.131
990.3949
1183.645
1226.813
1079.547
1456.432
1293.957
1316.339
1183.788
1223.783
1396.136
973.3306
1157.376
1095.858
1236.431
1334.744
1289.214
1172.067
1377.179
1230.36
1248.773
1322.276
1140.585
1147.195
1246.643
1385.426
1144.647
1251.751
1191.451
1152.06
1230.835
1223.865
1372.174
1111.711
1178.306
1345.122
1158.586
1352.807
1235.335
1253.806
1188.763
1238.774
1281.068
1059.397
1422.644
1281.014
1205.921
1161.311
1152.978
1207.257
1329.43
1490.916
1382.022
1320.31
1183.764
1000.552
1164.876
1258.099
1191.66
1289.629
1188.715
1327.924
1150.004
1232.877
1139.318
1318.58
1223.815
1173.545
1412.307
1167.081
1062.914
1306.086
1304.836
1274.119
1417.319
1261.654
1238.288
1058.504
1125.45
1105.989
1159.6
1221.687
1150.573
1076.433
1229.633
1434.928
1324.474
1126.649
983.1992
1335.608
1425.354
1415.277
1214.738
1283.91
1189.406
1370.399
1139.863
1106.888
1155.367
1426.786
1275.737
1272.401
1145.663
1553.528
1233.862
1144.965
1334.149
1115.036
1268.279
1041.126
1422.927
1429.475
1418.461
1061.052
1166.199
1310.055
1315.876
1205.537
1158.212
1185.525
1465.675
1322.707
1301.251
1376.734
1218.176
1540.431
1293.099
1226.407
1354.166
1516.288
1154.3
1447.564
1263.695
1206.446
1309.256
1248.217
1150.654
1151.804
1392.614
1172.563
1273.002
1360.676
1142.629
1347.934
1249.742
1248.104
1027.607
1539.878
1180.45
1265.971
1264.494
1241.524
1227.429
1196.948
1152.169
1205.346
1295.022
1477.057
1055.912
1260.777
1323.662
1393.226
1087.619
1238.711
1310.968
1145.391
1071.945
1376.928
1166.397
1168.922
1185.208
1317.387
1320.526
1263.293
1294.245
1238.545
1215.315
1400.38
1084.595
1036.055
1112.48
1254.573
1257.744
1318.536
1211.596
1322.543
1386.431
1107.234
1310.19
1063.587
1155.892
1087.482
1071.519
1247.829
1065.39
1213.704
1127.442
1303.726
1230.15
1045.212
1077.343
1110.406
1099.909
1314.775
1194.16
1277.381
1184.391
1279.717
1355.974
1143.675
1149.613
1282.683
1049.338
1204.778
1249.061
1144.322
1344.301
1411.363
1210.245
1048.68
1401.799
1102.891
1219.051
1052.827
1449.228
1067.856
1311.506
1107.476
1405.836
1182.025
1151.211
1239.768
1110.34
1207.364
1441.351
1122.184
1109.782
1279.178
1288.149
1230.544
1191.522
1215.398
1199.466
1381.922
1199.943
1085.277
1033.947
1352.009
1230.329
1188.423
1413.278
1120.969
1144.202
1180.851
1301.885
1391.709
1229.177
1228.466
1310.344
1172.004
1149.308
1031.653
1214.526
967.3055
1304.08
1284.836
1212.368
1179.186
1297.56
1226.859
1300.88
1170.972
1081.925
1260.769
1148.482
948.14
1299.771
1319.234
1285.665
1403.712
1354.485
1371.483
1354.36
1211.908
1017.121
1007.673
1511.126
1259.84
1565.887
1339.662
1257.562
1220.156
1117.731
1349.029
1244.288
1294.343
1085.121
1358.251
1134.195
1111.685
1114.02
1403.538
1457.113
1286.12
1416.806
1448.881
1337.165
1300.157
1184.867
1323.408
1137.439
1228.573
1214.589
1161.654
1459.363
1278.102
1241.755
1237.83
1139.181
1249.34
1298.956
1085.638
1299.965
1238.757
1228.53
1279.963
1138.606
994.5993
1259.751
1308.128
993.383
1409.431
1345.376
1251.214
998.736
1061.27
1277.269
1162.72
1453.123
944.0542
1423.596
1302.558
929.7676
1265.133
1381.324
1161.019
1255.613
1161.827
1259.919
1404.827
1049.276
1607.036
1279.975
1056.936
1198.441
1223.005
1267.546
1129.979
1155.842
1081.311
1351.83
1168.767
1329.015
1061.225
1208.019
1240.13
1320.615
1012.514
1271.842
1203.17
1187.619
1090.241
1257.31
1260.963
1218.831
1270.77
1015.895
1164.07
1411.879
1297.958
1321.56
1258.836
1364.434
1225.237
998.0124
1037.328
1102.742
1119.521
1222.426
1171.971
1271.587
1268.334
1251.642
1381.63
1359.993
1215.723
1259.193
1168.673
1334.721
1431.036
1100.033
1059.135
1097.369
1162.436
1149.761
1207.512
1079.094
1125.686
1405.038
937.1191
1557.736
1161.522
1338.216
1038.905
1384.326
1439.349
1260.774
1329.985
1245.182
1298.981
1177.471
1185.1
1324.426
1315.346
1146.917
1271.494
1292.966
1249.9
1502.27
1425.92
1056.101
1101.492
921.3748
1144.477
1217.115
1376.345
1169.566
1259.536
1154.756
1329.721
1227.084
1135.361
1268.128
1272.314
1232.546
1388.624
1368.761
1210.441
1445.377
1127.002
1090.991
1263.704
1230.542
1107.527
1112.542
1280.629
1120.282
1337.68
1141.625
1228.112
1335.316
1228.62
1257.296
1192.664
1403.51
1298.882
