196.4019
179.5435
186.7436
182.0406
187.0695
191.2079
192.0643
192.6077
189.6094
192.5391
178.9891
187.7758
198.5122
197.3987
185.0347
188.0139
191.7366
198.8779
196.2011
195.0673
201.0453
196.1443
184.2926
193.284
200.2908
185.6551
197.6926
199.0985
186.3559
187.1527
187.4574
204.4794
178.4984
170.3932
180.9821
200.7821
173.6376
186.1084
189.0251
195.0023
184.2952
195.5696
196.1428
202.0591
184.0661
182.6995
190.5621
204.2521
179.1009
201.7006
188.0143
170.7457
171.6055
191.491
190.6762
183.5305
187.1575
190.5091
181.0019
203.4002
188.2499
199.1774
187.5875
183.9009
196.4734
187.8231
193.5481
191.4973
198.3933
185.8202
200.6127
177.3946
184.3791
188.7847
214.7696
181.8808
181.614
186.5506
201.4585
182.872
186.7202
181.1372
199.5526
183.4477
195.2585
172.2922
178.7261
173.7004
186.1258
193.3337
204.9546
190.593
195.802
186.928
192.9333
181.0196
193.906
188.8487
185.874
202.2332
190.3965
195.2489
183.9788
196.4473
207.7465
193.8926
181.7925
187.3672
189.1808
189.6105
182.7554
198.2292
201.6377
180.996
196.2513
186.3102
191.8128
199.4264
191.8672
192.6902
197.6267
209.0998
187.6737
181.5201
177.4998
183.6677
191.9116
201.4294
191.858
176.8894
201.1268
191.7253
199.039
182.0585
182.7282
170.4741
206.217
191.9938
191.4864
186.1374
201.6436
193.9281
188.7943
183.9984
197.2691
190.5182
187.6675
183.0806
179.0442
188.748
197.3118
185.9187
186.3579
176.7757
190.6893
213.0478
194.224
208.3518
199.5735
189.877
182.8805
181.4841
206.6792
184.9204
190.3605
193.6663
194.0134
199.089
185.9352
188.5209
201.0254
183.432
199.7578
193.4169
183.365
190.1982
189.9595
182.9159
194.5202
190.1922
193.9429
202.2925
198.2082
192.6817
184.502
204.5935
176.4246
198.9099
187.2714
182.942
186.129
184.2664
180.4269
191.7212
183.3357
178.8556
184.5354
190.6435
182.0245
198.5523
199.4353
196.7396
184.1003
193.3885
191.862
195.8027
200.9911
189.0909
182.9008
183.2073
199.7773
215.1206
189.32
194.8725
181.9043
202.7207
184.8796
172.9118
189.8292
201.4925
193.2911
185.9633
191.0008
183.7122
180.8484
193.8505
183.8485
188.3627
180.7482
173.0909
182.9124
191.4031
197.8382
189.1198
200.9695
173.1486
185.9953
192.6619
188.6772
187.2749
180.2841
203.8787
184.8235
196.2875
191.5613
174.4518
198.2708
191.0321
176.6521
195.4569
176.6272
190.9852
175.686
193.933
194.6449
182.2933
184.6918
205.8448
186.7063
177.4619
176.4454
188.2574
195.7693
182.4554
193.2452
196.7264
186.4026
190.6148
184.0408
204.6975
194.4378
196.2252
196.349
187.8613
193.6002
187.5371
184.5107
205.5119
185.0005
179.519
195.7539
191.6404
182.2739
184.9174
181.249
191.8647
194.7681
173.9107
198.7015
197.5337
187.2611
190.2866
189.0708
170.4593
199.2283
193.1114
181.9501
186.5673
189.3704
187.7386
182.2908
182.4979
181.8298
177.5658
187.8528
178.1647
187.9608
174.3614
198.282
195.6218
214.9494
180.259
186.6221
174.6263
188.6127
187.3977
186.4243
187.941
200.406
194.7541
203.6723
179.5584
180.2101
176.1547
191.846
200.2903
190.7211
186.4777
180.0925
177.3663
195.4357
194.9643
179.4696
198.9383
200.5283
186.0162
179.8935
195.4022
191.8892
184.6878
193.0417
186.3107
186.4575
181.2245
196.7339
188.629
190.0307
168.2956
198.1711
199.2968
185.5554
200.0272
192.8071
176.2471
183.0634
193.993
186.3048
188.1493
199.2101
176.17
202.751
183.323
198.0198
190.9462
198.7174
187.4995
204.0878
193.048
198.2007
188.169
187.8009
183.1098
191.8027
183.1701
176.7579
184.2553
177.9477
189.9314
200.5787
190.1449
181.5815
196.3882
195.4334
181.4214
204.5733
183.5059
190.8441
191.6773
207.705
210.9693
195.2075
198.6889
183.1238
201.1141
186.1233
169.2351
185.0129
206.7552
174.5932
196.2191
191.2666
198.7255
180.1319
190.5657
192.0248
184.1027
198.9991
197.1557
195.6393
212.6495
189.9725
212.602
194.8582
184.2395
200.0157
204.5472
198.8514
204.2657
188.2924
186.19
202.5841
211.1993
192.2154
184.5527
192.7497
187.2353
195.0581
193.2797
204.8818
176.732
196.2916
178.6798
190.752
190.0562
202.9776
191.9894
198.8111
199.4612
186.2568
195.5937
192.444
194.4199
190.9145
183.5242
195.8838
191.0674
192.9014
197.0373
194.5602
188.1849
202.1841
185.6449
181.6719
182.7346
201.5879
190.1612
190.4456
199.6776
178.9527
188.6832
187.1199
187.6166
197.3724
178.6031
196.6318
196.2527
187.9646
179.8068
202.99
192.8266
193.2411
173.1611
191.6376
187.3944
194.9809
190.6724
203.7339
198.0533
205.0812
188.656
177.8278
186.8425
193.175
195.2696
192.0833
193.6729
203.4194
189.8367
191.3238
185.8274
188.7972
178.917
180.5721
192.6111
203.2243
182.194
196.4584
212.6388
199.1869
188.4505
