61.30082
44.53964
43.14722
35.03233
44.95008
31.72422
19.88694
27.84033
27.56638
27.57852
32.62903
44.98056
55.59907
40.77628
41.01101
40.96348
56.98934
59.97487
35.75143
25.74844
19.76193
20.4652
26.14298
34.81831
37.38846
31.28771
31.68255
28.05113
29.4196
21.55941
22.03726
23.05872
37.49565
41.34206
57.38896
43.91776
28.79002
24.88671
33.1194
40.42116
27.64379
40.42219
26.2431
21.27536
15.359
18.58139
23.32032
30.18636
25.38594
30.95172
29.11109
37.36118
48.11079
26.94137
41.60253
49.21867
40.84435
32.54926
23.62523
18.99137
18.71806
19.03428
18.55448
16.65602
17.23708
15.56612
15.57721
17.28149
21.26876
28.48437
35.22763
37.95359
54.12939
53.16672
60.24712
92.80098
101.7089
61.52742
44.93113
56.31623
46.12029
41.91787
52.66456
64.95428
52.48751
41.69612
43.93596
36.68744
54.88444
43.94095
40.12109
30.04643
33.96656
26.61231
37.51764
42.15374
36.15781
24.15876
42.35942
68.9943
52.79973
47.61122
39.08707
33.18504
50.35298
39.37525
39.78734
36.67825
29.3588
48.17089
45.95465
37.20196
31.84755
39.51356
24.81265
21.81873
22.15539
19.21567
16.27654
13.83152
17.44524
20.23599
32.63538
39.88499
26.53834
31.84598
49.45851
44.17055
23.46419
35.81011
40.22952
32.28186
38.46177
43.31802
45.27943
43.54375
34.92349
31.75354
23.89315
23.22604
22.4713
17.97103
16.6018
20.05268
29.70108
37.86031
33.22739
23.16265
26.61555
28.35591
30.93091
37.38204
33.98539
41.34264
35.1837
21.04737
25.01577
33.04382
23.27484
22.95351
23.97844
30.8529
59.94521
64.48171
41.71536
21.65038
22.06762
20.08336
20.3632
25.23185
27.08902
22.79521
30.70224
27.99803
27.62379
24.73189
30.84672
25.93376
28.74312
20.22055
16.72004
19.96681
19.73345
26.34737
22.49484
21.16261
28.37623
24.27298
28.90646
21.88727
33.67353
43.16996
36.49651
38.36703
42.35905
41.06318
39.84352
43.46441
25.12499
31.06917
30.19366
30.35679
39.41668
32.3398
20.70021
12.8469
23.41579
41.40907
56.22276
48.44147
56.10678
64.89941
52.68193
37.66139
33.06378
24.91845
20.90798
30.90516
29.18402
34.06473
30.38442
24.55177
33.64798
25.31141
21.66026
20.78252
27.56084
33.78642
31.25004
28.01711
25.09231
24.20451
29.75947
25.8978
36.38014
27.68458
26.89016
28.24781
35.10552
31.61325
35.03287
32.68832
38.08142
35.37379
38.64453
41.19666
47.03445
40.56277
43.48369
49.61346
36.98077
36.29501
35.02807
41.33603
29.2621
33.45227
43.41935
39.00797
49.50715
56.37167
41.91637
39.82207
39.20404
26.78576
25.48215
26.67658
26.54537
28.34307
37.84075
41.64053
43.77679
35.98422
63.41014
51.79403
28.7647
35.89442
49.51495
47.18338
40.74935
24.11711
21.76674
25.95441
35.59679
41.84196
27.95712
41.30108
49.18251
58.94519
88.51928
60.71938
35.94956
27.84329
37.1775
46.86431
30.59448
39.75901
47.57136
48.36429
47.21265
48.68183
58.78604
69.69071
58.22525
40.06463
35.61742
44.87597
55.06319
42.3922
38.791
35.09023
37.56832
30.59435
19.49742
24.11328
30.78458
29.09674
39.90622
29.28768
33.92448
26.70024
24.06869
24.29653
22.14245
19.65506
18.90431
25.11781
24.90357
24.33432
23.4818
31.42394
29.48275
34.30954
31.35527
27.33909
32.25317
38.95526
29.21098
30.27422
26.86374
32.4605
42.59411
40.34825
30.71163
37.43681
38.38687
27.3103
15.25355
11.79631
14.30702
17.8845
25.26272
34.57821
34.22959
20.87835
17.93798
30.88322
42.71253
29.35384
37.27233
37.33848
30.11235
25.60714
30.70833
59.01238
75.0516
36.3922
24.83856
19.44382
20.17814
36.01337
48.29343
25.95963
26.44805
25.0907
40.8754
40.4776
55.35446
43.20732
37.77393
33.67881
30.12299
35.07862
21.80563
23.39836
29.07884
23.54975
35.9414
34.95108
48.78657
44.40251
45.28297
32.50932
42.87686
29.46919
41.59812
31.42511
27.12204
40.16254
46.68336
44.4565
42.77604
53.25307
48.79562
65.33193
73.55252
36.4034
41.2539
60.3197
63.35855
57.68007
45.3746
39.74703
51.66905
52.67206
38.18178
36.21284
42.16893
44.29502
35.86263
41.3076
32.31521
31.09884
32.95484
37.97916
34.8983
34.25462
27.61127
25.04203
24.66573
32.36289
34.02471
32.40622
30.37329
29.1655
20.1353
30.5392
48.42416
38.2938
24.64101
31.01368
25.19751
23.58742
27.4888
37.34796
38.32234
28.73039
37.07231
34.11192
36.37494
30.91927
36.21444
35.89658
34.69664
26.98434
15.79201
13.09626
16.39781
21.26883
28.05951
25.97749
26.32786
24.82115
24.26562
35.89781
24.09158
33.19724
20.90517
21.27642
20.81619
18.25011
22.17364
30.0948
52.89026
57.13463
73.18183
57.61507
56.4278
55.58058
34.75159
61.45505
42.61115
38.35724
32.51633
23.60976
20.71888
30.5517
34.55073
55.53456
48.07497
42.10263
50.77736
48.11773
31.90542
29.67884
34.53052
33.50225
40.49195
92.02869
87.33786
104.672
