83.28517
85.17823
87.03477
87.74644
87.74767
87.83896
88.1131
87.77051
88.13461
87.53501
88.34629
90.22079
90.73458
90.6312
90.17072
91.32072
91.75242
91.99976
91.98148
92.35776
93.23462
93.44193
95.38212
96.78532
97.37689
95.84365
96.23575
96.90576
98.09526
98.69791
98.84472
100.0122
100.5366
100.5867
101.3345
100.6668
100.5996
99.34678
100.7211
97.83735
97.56901
97.80479
99.79636
99.65731
98.71659
98.1747
98.09386
98.81411
98.63784
97.83781
96.50442
96.81361
96.06992
96.10974
96.96554
96.32186
96.47963
95.85693
95.77644
94.12074
94.42119
95.99627
95.41417
93.70219
94.48876
95.04319
94.18163
94.58703
95.09142
95.50009
94.35318
94.89292
95.81248
96.72934
96.9498
97.35014
97.21986
98.12691
97.49249
96.58595
95.79833
96.58815
98.00511
98.58499
98.3343
97.67853
96.07808
95.2775
93.79769
96.25122
95.79688
95.92918
96.75878
95.43567
97.26096
96.99216
97.24782
98.75796
98.74488
100.5476
101.7358
101.6259
102.1653
101.7864
101.0729
102.209
103.1913
103.4483
102.8839
101.9123
101.4563
101.4841
100.4628
98.98723
99.0741
99.31708
97.40473
98.07568
98.54112
97.4479
98.65029
97.51982
99.35912
100.1237
102.0355
101.3615
102.5332
103.6865
102.2238
100.8653
100.5671
100.2235
100.1114
100.2334
100.2514
101.0104
101.6805
100.3656
99.46107
100.299
99.23951
98.97531
98.43256
100.4855
100.86
100.8816
102.2493
101.8362
100.6151
100.814
99.9683
99.41658
100.0758
99.37323
100.0062
98.89344
100.1561
99.49884
98.25726
99.61187
99.6236
100.1295
99.28355
98.02738
98.73907
98.87757
99.61421
99.35009
98.77905
98.41593
99.20961
97.56788
97.41211
97.52574
98.72425
97.19288
95.63299
96.50021
96.54242
96.25558
95.24178
94.85012
97.48984
98.70436
100.6282
100.6796
101.7257
102.0288
103.1288
103.2123
103.9532
104.6047
103.5324
102.907
104.6323
103.9295
104.566
102.3609
102.6767
103.5371
102.158
101.9089
102.0932
101.6429
102.2912
102.0053
102.7446
101.9332
100.8178
101.1374
100.4354
101.3957
102.783
102.3767
101.8615
103.0267
102.9143
102.66
102.8626
100.847
100.7361
102.2557
102.4329
102.9158
101.4469
102.0807
101.7796
101.523
101.6924
100.1624
100.557
101.2206
100.0336
98.38038
99.79603
100.1658
102.0801
102.7583
103.7153
104.525
102.8622
103.5969
104.7807
104.8946
105.7175
105.3213
104.2223
104.3219
104.0944
103.7182
103.1778
102.6941
102.3772
103.3007
106.2113
106.7093
106.7733
106.5065
107.8321
106.8135
106.7098
107.0275
106.8894
107.2107
106.41
105.86
104.7263
106.8611
106.1327
108.307
108.9344
107.6987
107.9051
108.1684
107.7537
107.0853
104.7792
104.7016
104.9257
105.8445
104.4421
104.2013
103.2947
102.7704
102.9488
102.5591
102.1745
103.5288
104.4047
104.4996
102.9553
101.2339
101.483
101.7971
101.9464
102.6432
101.3232
100.1125
99.31389
98.58998
98.83448
98.12815
98.43346
97.17936
97.11372
97.2361
97.50321
97.71127
97.90433
97.53128
98.65841
98.09103
97.486
95.96785
94.43614
94.21248
94.54934
93.42709
93.55564
93.68923
92.69232
91.9776
91.58547
92.81176
93.32932
92.12478
92.67732
92.27616
93.09133
92.74844
91.97158
92.47758
92.34252
93.39254
94.25365
93.36306
92.79174
92.91076
94.18475
94.00945
94.56335
92.32259
91.45357
91.579
91.59876
92.06334
92.6459
91.73236
91.80303
92.96956
92.8125
91.70303
92.27461
92.32972
93.44346
94.25687
94.40527
95.19275
94.92483
95.51367
95.54825
95.85904
96.19603
98.69722
98.14357
97.38524
97.37489
96.28901
95.27304
94.6297
93.37164
93.04915
92.48818
92.01358
91.73603
90.83787
90.87324
90.10672
91.70665
90.37338
90.08551
89.55914
89.11449
88.25067
86.79821
87.37678
88.96294
88.43398
87.36741
88.77507
88.03274
86.5739
85.18913
84.3404
84.30612
85.3323
85.05871
85.00344
84.63205
82.60106
83.49849
84.18002
82.80742
83.26152
81.51185
82.70958
81.6587
81.33695
82.96519
82.81262
82.68878
83.66632
82.81019
81.85862
80.55424
80.16455
79.5537
80.71684
81.21534
83.55251
84.60522
85.37745
84.13071
83.68336
83.5452
84.10164
84.82695
82.18774
80.29431
79.82517
79.5166
79.11042
79.87587
79.92722
79.60782
78.54275
80.00339
79.36322
80.73045
80.29523
81.5061
79.91981
80.90217
82.76714
84.3378
83.08114
82.32691
82.30536
80.8332
81.41463
80.4879
82.0755
82.05946
82.23352
82.16004
81.16903
81.53586
83.72046
83.85298
82.84701
83.25906
84.0158
88.8488
88.27781
88.3424
89.6833
90.76107
89.83223
90.09429
90.47076
90.84432
89.74001
87.34647
87.61976
88.985
88.00992
88.22585
88.68017
89.52089
91.44525
92.68031
92.37231
89.81546
88.75023
88.78475
89.85683
87.21167
87.51524
87.23502
88.41627
89.4863
88.56033
88.08475
87.1345
87.52966
87.59784
88.54537
90.57475
90.82287
90.56388
