312.2069
301.8304
285.6781
315.3166
245.9769
55.976
50.43414
51.83222
51.15536
47.44766
54.28349
52.38637
49.34229
51.59198
55.86626
55.47482
59.10323
59.43231
52.15978
58.7788
54.33289
49.97814
56.48966
52.10496
54.23978
58.54551
47.69688
51.44047
54.34441
51.43241
56.70326
50.95826
54.50718
45.86746
51.12022
58.00375
53.33062
55.34923
51.05428
51.39027
53.9283
51.72612
51.07694
51.55108
51.39083
53.32123
56.47074
54.2859
55.24721
57.58077
52.36604
52.45964
53.59653
58.20638
53.37704
53.81596
52.80842
51.81041
50.45591
53.29861
56.14061
55.39879
50.71685
52.53929
53.73656
47.41703
50.14319
55.32922
52.52862
51.84749
55.09803
55.5961
55.92871
53.74667
54.86747
59.62365
52.30498
57.66109
51.78809
52.72787
52.99345
54.59389
59.08427
52.29177
49.50577
58.67508
54.8652
50.79046
58.52782
55.1477
54.32416
52.7405
62.90311
58.33736
56.51717
50.88829
53.36905
50.01503
54.88074
54.48537
50.19838
54.93899
51.25995
56.50582
58.06072
47.95155
49.7115
51.97948
48.77491
50.11681
55.43991
58.49616
52.68625
52.131
50.77271
54.73395
51.8745
54.65206
57.55843
50.68309
55.68237
51.11683
51.60389
57.01132
52.83758
50.29728
51.83486
52.13152
52.24882
59.16542
49.47493
59.50816
53.1846
56.02416
53.11587
52.61786
45.70328
50.95177
53.83796
51.03218
52.97887
54.02435
47.47241
53.25136
52.61096
49.99829
56.20318
48.82782
53.89256
48.9885
49.28319
56.26925
55.95303
51.08871
52.79075
51.27342
53.06688
48.35817
51.31603
53.70663
51.29355
51.05889
54.00466
54.56281
52.42409
50.97265
52.37737
49.13602
54.6229
49.40232
52.71389
53.27804
52.98384
50.71905
52.74994
51.00425
49.92199
53.99015
54.94568
54.22454
55.21953
52.83054
51.86507
51.06328
59.02423
45.72168
57.41887
58.67123
49.47818
54.1133
57.98739
53.62015
56.72917
52.7566
52.34148
51.50639
51.95485
52.55358
50.98798
56.47989
55.63899
52.09835
51.81512
52.80199
56.75177
55.95137
52.56536
50.50079
62.33277
58.93284
52.94005
50.2566
58.28421
53.40818
56.39369
58.53615
54.05275
52.74596
53.8265
52.39687
55.80504
55.65488
55.91107
55.27974
51.93783
54.75174
47.63219
50.48332
52.21092
53.09855
51.84733
51.1575
52.92144
57.0594
49.71922
54.95827
53.43232
48.94981
52.99472
52.40163
57.65656
50.71799
51.72757
51.60924
54.17776
50.85989
46.26461
50.24174
59.73341
53.93795
54.49222
50.94037
51.19959
49.29141
57.53174
52.44328
54.66598
54.67203
46.27523
52.14701
47.99845
53.22738
42.40494
46.55155
53.94333
46.77534
58.62986
50.36859
52.41939
53.70243
54.42458
49.73772
49.46157
54.06966
54.39182
53.99548
54.34153
50.22576
53.5557
52.86466
53.99857
54.69905
55.65473
47.06619
51.42236
54.89286
54.43749
54.40403
49.84267
52.48954
54.8425
51.73792
47.53454
55.63627
57.70587
55.96676
51.2016
53.0056
55.00534
49.20109
50.91964
51.7984
53.13935
53.58534
55.81937
58.69766
53.72202
55.40824
56.52244
48.34618
57.53175
51.73911
52.42647
50.75659
55.50771
55.58399
48.62547
55.14177
53.06397
52.3244
48.61478
56.27323
55.70384
51.24947
58.37764
57.80516
49.68382
55.23165
51.72501
53.91325
50.8541
57.25918
55.70599
44.5212
51.912
55.7719
50.90945
51.12503
57.07073
52.00495
53.2252
54.16129
53.07517
52.94884
52.48689
58.72887
50.73188
57.47312
54.64973
52.11939
55.87406
53.10261
50.8866
51.77247
48.47793
49.67164
50.86186
50.41071
52.63901
56.66113
57.41814
55.4259
52.79037
57.42935
59.54494
55.72361
55.03917
51.61866
52.68036
45.82976
52.7077
54.24682
54.03778
57.65704
54.77958
59.01913
52.82847
52.51262
52.24305
49.00737
53.86424
57.00867
55.57009
54.61838
54.03814
58.57155
58.98931
53.01007
55.20166
56.5154
58.98289
51.40319
47.8882
51.95892
49.45886
54.88646
51.03003
55.77562
51.72252
54.0152
55.12816
50.13692
51.78603
46.11645
49.23368
52.16771
48.11354
52.00086
51.41311
52.49288
52.19898
51.02419
50.66185
57.82491
57.80083
54.87567
55.14264
53.42339
48.96037
58.99768
46.27949
55.25007
51.59687
44.98739
52.40407
53.12478
51.45248
58.07411
50.55254
50.02629
50.88704
52.55458
47.8169
54.23493
54.72637
52.68386
53.42312
53.20081
51.19999
49.51347
50.43651
55.34043
56.14422
49.56794
50.99092
51.56157
54.45506
50.96107
52.25756
54.29071
48.34486
50.12979
57.72964
50.38422
52.03364
50.35698
56.2074
55.28184
47.59586
47.94969
57.61467
59.16673
55.09763
50.23798
57.07015
52.91444
51.02743
53.40455
50.79907
48.92123
52.45044
48.01752
54.0796
48.37314
56.26107
48.91237
56.91236
54.5437
57.60055
55.17868
50.00486
54.56232
57.71131
51.14517
48.89823
48.16285
47.88345
48.83531
48.34431
51.54127
56.30052
51.80332
54.69563
55.23972
50.98154
50.99355
53.46222
48.51625
55.27352
53.87609
