52.51762
48.30759
100.1401
174.2915
604.7108
18092.08
18710.56
17051.14
16950.85
16916.01
23940.69
18277.56
18564.37
17634.42
19074.88
17659.56
18528.54
18915.15
16827.85
17831.36
18693.31
18942.76
18903.15
18771.15
16525.51
16607.26
21437.31
19296.53
19935.04
18966.81
18587.97
19564.6
15753.61
18930.72
18301.7
15924.64
19505.4
15550.16
19882.19
16408.83
18042.8
16293.48
18035.16
19270.39
19477.55
18997
18011.34
18455.38
18831.36
20952.26
20049.53
17779.59
18447.28
21690.98
19083.27
18353.65
18286.43
16766.99
19349.55
21119.59
19197.61
17894.8
20733.44
19879
19188.5
15062.44
16478.49
18158.65
17178.89
18425.97
16543.98
21022.16
16676.78
20404.7
20305.53
17749.32
16914.05
17965.84
17097.73
16280.14
20892.54
19942.52
19338.32
21150.09
17205.53
19130.03
18502.93
22240.61
18399.41
18390.37
17532.8
16771.14
19027.46
16440.96
16163.94
18366.57
16899.38
17658.17
19262.37
17839.05
17226.37
17502.14
20712.88
17241.66
19701.8
20259.75
16867.59
20725.26
18223.76
18122.59
15781.96
20150.62
18894.69
18274.37
17945.41
18887.55
20661.06
22301.28
19295.28
22075.61
16597.92
20818.06
18309.64
18341.65
18414.78
17136.39
16783.44
20079.82
18802.28
17632.19
17593.18
16433.22
20947.71
21213.13
18346.88
17178.05
17402.56
17846.38
17187.8
17494.29
17616.33
19065.02
19702.05
18774.44
20151.73
17759.66
15372.03
18119.6
17316
20316.94
18913.72
18348.37
21219.98
16468.54
18145.36
19809.77
20104.68
22268.23
20877.09
19066.26
18343.81
17450.72
17816.33
16849.5
17937.21
19759.4
17191.56
17883.37
17372.59
20021.64
16741.9
19737.62
20214.52
15883.03
18138.69
18636.88
18016.18
17378.33
18036.63
19496.44
18953.73
18456.63
21825.75
20011.44
18951.05
19887.85
19096.78
18818.99
20330.75
19769.49
19060.8
21856.08
17526.87
21996.56
18602.68
17650.47
20577.57
20461.44
17201.24
18369.99
18785.36
18611.15
18248.79
20495.02
16991.9
19533.01
16929.09
19172.68
15200.93
17568.78
19958.27
17516.25
18739.32
20311.26
18269.63
18742.32
17969.31
17375.34
20929.88
17402.42
17540.3
16868.08
17216.57
19604.99
18632.5
21539.34
20715.92
18363.14
18073.63
22006
16408.29
18515.93
18692.82
21156.78
19801.09
20752.33
21871.78
18215.23
18395.43
16756.66
15158.14
18254.32
19476.03
17211
19713.86
18892.43
22681.99
16982.09
17664.11
15428.57
19897.32
16372.08
20230.38
20716.07
17000.48
19022.91
16019.82
18308.37
18327.14
17589.74
18367.95
17323.78
19702.6
20524.41
18239.5
19710.76
17939.49
17753.1
17955.33
19756.32
16647.62
18165.52
21745.65
16893.11
20024.43
18283.55
18694.39
16676.5
18433.05
18986.66
21287.67
17956.69
19397.64
19514.04
18851.26
19205.78
17384.19
18733.19
20474.98
18145.56
19999.87
20177.91
16876.63
16686.72
17420.52
18032.45
19259.64
16344.69
20767.66
19733.38
18912.02
20287.23
16572.32
19436.73
20804.29
20211.3
18292.98
17582.78
17957.43
18393.61
17056.82
21279.34
20676.33
17387.42
18087.33
17346.61
16374.09
21257.67
16727.53
20428.15
20631.34
19863.01
16734.63
16365.23
16412.27
21308.27
18066.18
17295.95
18592.74
20392.79
16830.97
18887.52
17673.99
18399.49
18958.54
17775.68
19661.18
17989.33
19384.4
19173.27
20956.01
17030.31
19882.06
18744.16
18587.6
18933.57
17527.31
16803.76
19597.22
19093.94
15920.87
18388.43
21711.64
18226.02
19745.13
16683.04
20418.4
17711.99
18596.34
19402.22
16924.85
15644.83
16850.98
15794.16
20039.25
18042.5
19337.79
16325.47
15982.91
19677.98
20206.06
18973.21
19674.61
18129.54
16159.42
18651.09
19841.65
17678.69
19112.68
18752.04
17770.89
18220.7
17426.89
19378.53
15012.27
18421.64
18839.63
19268.04
19610.53
18327.07
19362.85
15587.38
16638.55
19483.64
17681.7
17639.71
16467.65
16009.08
18631.93
19184.59
17794.68
20645.92
19794.67
16645.26
18467.84
18031.88
19121.91
18386.45
17178.81
16358.38
19146.51
19028.3
20797.52
18354.38
17154.66
17789.33
18402.7
19099.42
20105.95
16818.27
18240.73
20393.71
16965.42
21189.64
19370.32
19685.89
18100.07
18529.42
18603.82
18757.78
17935.11
17349.87
19311.24
18329.53
19732.46
18868.21
16894
18330.24
16872.89
18113.06
17525.5
20387.14
18354.11
16334.82
18456.27
20075.91
17747.38
19681.91
17008.07
18379.41
17794.92
16341.04
17524.52
16668.7
16932.11
18974.77
20092.33
17268.34
20820.51
21853.71
20356.39
17880.42
20279.07
19113.98
18017.23
19561.23
19371.75
17002.99
18565.36
20460.81
19074.45
16608.43
18358.11
17229.46
21024.21
20877.78
20245.61
16948.96
18209.71
18179.76
16588.82
19495.6
19929.88
18706.18
17841.53
16779.97
14576.7
18807.29
20761.2
17347.98
20722.27
20165.58
18818.75
19467.55
20563.1
17870.26
18305.5
17363.18
17712.09
20960.6
