85.78725
82.80684
83.26532
84.42868
86.15495
81.46758
80.22586
80.22647
81.76208
80.88548
81.22986
78.31131
76.31576
76.08003
77.75414
81.72754
84.12532
83.59375
88.88137
91.52499
91.2373
90.07702
88.93805
88.91956
90.90779
94.54086
91.37
93.57866
90.78875
89.09279
88.30775
91.91432
91.42406
92.94711
94.7044
96.93775
95.06524
101.8338
101.4824
100.0782
95.30904
88.1091
82.88082
83.21991
84.45632
86.33851
86.63912
89.31511
83.38295
84.02189
82.46623
83.11336
84.90518
83.48231
84.43404
89.03241
92.76905
92.97122
88.24653
91.0097
92.93008
95.39684
96.13998
91.08163
95.07221
94.12682
96.43874
98.72073
98.77278
98.47902
97.57389
95.49491
93.80463
95.62423
97.66279
98.97059
100.6974
103.4563
103.1634
102.452
102.7745
101.1192
100.3987
101.0116
98.32073
100.5437
100.9499
102.2266
101.9276
99.73272
100.4133
100.7746
100.6763
100.4932
100.1005
99.78579
97.35894
96.84996
96.00083
98.07454
99.51732
100.3582
100.3052
100.4894
99.94365
100.1513
99.44234
100.5056
100.7752
98.90673
99.63432
98.38596
99.69498
97.1614
101.3921
100.9433
100.8461
99.65725
99.8518
98.64222
98.0132
97.3653
95.61111
96.09477
95.24211
94.12467
93.63467
93.72996
93.83436
95.01091
94.76266
94.86065
95.83335
96.18453
97.16587
96.5939
95.50954
97.42174
97.1504
98.12427
99.04928
101.9933
101.7592
103.1502
101.0944
100.6268
100.8303
102.5319
102.1105
103.1011
101.8411
101.1998
101.4334
101.5782
101.1634
100.5036
101.489
101.1398
101.9995
103.8051
103.6025
103.498
104.1435
103.4358
102.6452
103.0709
102.0072
101.0023
101.1975
102.0356
101.4145
102.6763
101.9188
102.5536
103.8166
102.8815
102.9945
103.1138
102.3976
103.5185
103.5997
102.1693
101.5917
102.2355
102.1252
101.2204
101.3956
100.7893
100.8238
100.3653
100.4112
100.4947
100.3744
101.1082
102.9357
102.2871
103.1803
103.8167
105.2365
104.977
105.8725
106.084
107.7953
107.6588
110.7689
111.7872
112.5072
110.588
110.4018
110.2588
111.2691
110.2785
109.0036
108.6863
108.6587
109.1451
109.7736
110.6394
110.6623
108.5163
108.2113
108.2711
107.0701
105.4411
103.3325
103.4805
104.1736
101.2395
101.1873
99.28693
96.93523
96.64072
96.82501
95.37599
95.80203
94.67241
94.91938
95.75055
94.33061
92.90355
90.98764
92.54368
91.50014
92.5032
93.47832
94.21563
94.81517
92.98841
93.87761
92.76307
94.58416
95.31872
94.58927
95.27175
96.56479
96.31543
96.22169
95.81999
96.53267
95.71599
94.48144
95.04834
95.28083
95.51485
96.10678
95.39714
94.95469
94.30194
93.82628
95.71563
95.25819
95.52485
95.59754
96.67397
94.9802
94.90499
97.61717
97.70296
97.42164
96.86841
96.62023
97.3322
97.15454
95.70717
95.45053
97.54449
98.73948
99.72217
100.0974
99.48008
99.64248
100.7709
98.705
98.52647
97.23966
96.1418
97.71631
97.18416
93.88829
94.88655
94.09724
93.64719
91.13225
91.01007
91.21346
91.86027
92.60531
91.95423
92.13245
93.69829
94.4033
94.81431
94.33482
94.27241
94.94605
95.18116
95.29129
97.31664
98.4579
98.31314
96.8056
97.24254
98.2231
99.08686
98.03808
97.44755
97.50711
97.48543
98.55713
96.69759
94.78725
93.59532
92.43444
93.02668
91.44461
91.27992
91.08728
91.98612
91.86556
90.55297
89.05907
88.35524
88.68743
88.14856
88.44922
89.542
88.90423
88.13053
86.65799
86.1231
84.83862
84.79055
84.0389
86.38515
86.60652
86.58192
84.90524
84.41806
83.42291
82.15634
83.47323
82.74782
81.76087
83.21604
83.81145
85.2316
84.78494
84.37356
82.76051
82.35169
82.16252
81.69836
81.28863
81.06657
81.88292
82.89105
82.5661
82.78533
79.26693
80.25367
80.34476
79.80942
80.02918
81.23839
79.18752
80.06481
80.54311
78.2272
79.04399
79.56415
77.94621
77.70732
78.54651
77.18756
78.09762
78.77663
78.7011
77.475
76.95335
76.23834
75.89761
74.77133
76.26779
76.84622
77.75686
76.71515
77.37896
77.89175
77.10064
77.30974
77.52449
77.63804
78.70233
78.37887
78.79397
79.51356
78.97651
78.80742
78.59382
78.82843
77.93523
76.92954
75.18336
76.36559
75.18079
74.67759
75.02633
75.74618
74.66579
74.02081
74.32155
74.8284
76.32507
76.83461
75.89392
75.69315
76.75782
75.88076
75.6432
75.23144
76.16137
74.72943
75.44597
76.59604
74.9492
76.2374
75.76586
75.81055
75.74893
75.89938
75.72642
76.06907
78.963
77.59627
76.30904
76.47514
75.17134
73.39637
73.71872
73.89999
72.48227
72.95355
74.48774
76.47291
73.73797
75.96619
76.89466
76.60778
76.95977
79.43181
79.8624
79.09386
79.38163
79.99755
78.7273
78.6995
79.10076
76.6681
77.36575
78.43712
77.37104
76.87923
76.9469
75.28127
74.75606
73.77535
73.19634
72.82398
74.59259
74.1193
74.02691
74.38675
74.45089
74.98221
76.42218
75.13625
76.05868
77.11624
77.83561
77.67255
