277.4892
271.1564
312.0176
154.7823
68.08472
120.1262
524.2394
73.46592
108.48
173.1275
117.3602
195.7822
89.20773
76.29768
198.4303
74.00101
149.6996
100.6584
91.11157
170.3407
65.57113
184.1272
71.75449
89.0692
59.80882
143.286
254.5598
963.8912
236.6486
151.8943
178.2825
474.9262
119.6083
77.5883
265.3996
110.232
68.09453
96.98567
202.5132
265.6145
64.14215
212.1613
123.107
81.46819
67.72576
76.55294
171.2838
251.2729
336.2311
149.5539
140.0414
182.7584
203.6348
140.5407
117.0933
283.9928
174.3687
269.1994
152.5008
347.5393
68.23106
174.1682
69.37671
308.2768
402.1894
70.55402
91.00558
113.5797
91.01972
154.549
220.3736
309.6769
167.0711
567.0746
163.8272
178.8624
129.5118
142.3117
408.5907
89.23193
291.6472
204.0767
193.1215
266.4081
46.90278
305.4596
44.09458
97.9686
138.4385
98.161
85.84895
194.9149
264.4525
57.51974
105.8719
107.4934
122.537
870.5002
135.5383
119.2812
104.0572
143.5245
204.5719
236.5296
34.80306
150.5861
116.1597
63.1514
211.692
152.3709
126.2588
80.11345
159.2324
898.1732
315.2269
1147.222
1055.448
475.5318
489.9176
760.0138
847.3553
208.6183
273.5627
371.1409
288.5296
314.5796
254.2164
616.5765
1817.15
631.5037
335.5273
669.5683
323.324
300.4286
161.1221
487.3798
811.1951
567.5592
315.7059
222.2952
217.3612
355.0891
890.9133
712.5678
1314.838
438.388
829.8483
562.4653
213.8446
791.8658
2233.307
446.8631
675.0958
188.2152
208.0581
224.8792
219.7956
1543.561
675.9653
362.2248
355.5766
584.1799
523.2558
256.7606
386.2965
179.7545
120.4072
316.8037
267.6874
158.5618
626.512
237.4863
341.7077
379.5216
389.3111
516.5413
141.5516
464.0801
486.8177
255.6112
283.4675
199.3404
259.1845
136.4241
380.6175
175.3081
164.5982
457.0368
293.9702
217.9499
97.69233
53.23362
161.9145
130.3772
95.01092
191.9475
134.0989
63.10723
142.742
97.53219
53.29622
443.4486
289.3939
74.74785
89.33241
162.4862
209.9977
69.31391
117.4795
168.3284
227.8206
75.30135
775.7475
126.8848
504.2436
152.3231
294.809
245.8805
337.8771
83.97297
63.19593
87.15408
52.88088
94.32811
93.99975
116.6093
88.46166
156.7542
115.3769
100.1005
83.70041
111.3239
42.34692
99.01651
83.04702
91.82456
96.02396
237.5922
97.24885
300.7128
62.45828
177.4242
135.6441
64.44111
974.8514
88.60146
98.52242
459.5618
171.2826
622.2056
741.7578
188.742
281.2374
157.7402
80.48357
199.8618
390.3843
117.8896
141.1656
100.5484
231.8827
131.3094
189.6224
182.968
134.6318
78.47305
136.9561
160.6531
112.5976
140.3828
413.5188
67.56227
86.78839
124.0725
93.47155
146.761
67.8892
128.9041
165.2246
233.1784
213.1822
74.78734
606.8169
239.1915
124.5322
105.6359
275.7297
171.0948
132.4652
243.6573
195.4882
99.9605
145.5743
498.7983
225.011
233.2138
91.08437
87.80805
76.16171
103.7817
79.00861
251.5954
236.6645
55.1384
231.4236
111.7825
110.1173
104.263
67.79725
101.9249
117.3506
172.4283
102.5213
235.031
271.5781
88.94653
335.3023
69.32714
113.5391
229.358
159.1587
195.9724
131.0232
180.9234
145.8024
354.6861
95.05496
62.66735
657.6836
227.4218
96.29237
157.6803
132.7101
56.43854
134.0674
87.76454
231.1227
174.0352
113.6748
154.328
240.7677
87.82887
372.2654
95.83037
149.2963
253.4352
476.8341
128.1882
155.9005
335.0825
173.2118
148.5614
87.19703
107.5794
147.2938
223.7603
187.1731
132.7036
253.3357
83.52212
104.1318
96.70055
168.185
87.72373
73.63721
214.8399
291.0071
238.2544
112.1196
585.9805
111.2462
180.3989
230.0698
128.4134
605.414
168.2721
241.5558
214.1704
187.5294
585.9347
129.8821
1033.943
86.66768
97.00179
101.1934
102.3692
124.23
83.71757
237.3965
186.0028
107.0354
48.79268
120.6645
551.5289
101.2896
96.8942
502.2461
225.5197
190.7743
68.23182
486.4841
174.9516
186.9891
279.0547
220.1422
874.6876
140.519
250.9016
334.9933
206.4935
128.452
161.794
222.3458
311.9922
164.0904
375.337
662.3001
127.9081
112.3077
295.5817
84.93363
137.3028
172.8861
306.5423
75.74894
606.5531
132.4959
87.92976
355.9741
282.7751
138.0219
239.6115
118.9181
121.7104
95.79316
124.9485
132.885
168.9172
610.6045
133.841
57.17144
82.46048
81.24865
147.2651
267.1011
186.9627
103.211
301.4819
90.31503
240.9956
164.8687
198.4825
114.8359
47.9571
276.3973
92.08353
143.0741
669.8629
72.0819
508.981
67.21274
62.29834
181.3558
101.4151
177.2075
103.6854
74.24142
102.6882
86.37701
130.3049
198.1369
60.57156
387.2242
179.2603
131.1438
190.0418
907.2384
223.9517
108.9098
150.2535
209.4045
699.2998
268.576
162.316
50.70672
195.3558
125.1977
510.1735
73.11634
93.92335
94.1766
524.2499
62.91014
219.4029
85.3784
140.5359
173.4611
550.1489
172.459
482.655
