202.9302
208.632
164.0991
128.4963
121.8598
117.0623
128.1291
131.9858
120.1227
107.9204
108.9498
124.0709
99.12795
141.5637
145.7679
233.8872
253.1507
281.6467
413.58
493.6119
364.1882
341.9187
336.1827
285.7414
298.7531
293.1531
252.192
303.8456
463.4281
415.1706
409.4577
426.4386
403.2789
335.8604
435.7212
412.1024
363.5898
469.5813
418.4768
413.6226
376.2789
342.6317
377.0996
379.5506
216.7354
152.3545
112.6076
124.4592
115.2075
112.4302
107.9105
123.0638
160.9367
122.5483
90.76989
96.00213
102.2123
90.19862
126.9278
158.3606
172.9487
139.1289
119.768
119.513
158.2031
146.7335
126.9712
214.8981
187.2096
195.428
270.9109
281.0747
304.9333
219.7203
164.4651
143.3709
206.8715
154.3208
159.091
133.4658
208.8233
246.2727
187.0804
185.423
213.1109
192.6539
236.7512
238.9469
291.9481
383.3195
303.7169
425.2436
384.3188
385.905
375.2855
282.7059
336.7279
494.2587
599.376
608.4634
505.0838
518.3024
536.6008
420.6838
466.1003
499.6898
693.4869
761.5676
583.5578
476.3409
523.2194
597.9395
499.4792
434.0804
630.0655
673.4631
777.3952
843.8428
913.4261
788.3638
716.6238
622.6172
376.2363
339.3002
277.9343
358.2237
329.6282
437.6589
534.6373
439.6269
422.0226
352.0413
293.214
307.8784
254.6919
181.9089
224.0224
150.3541
141.8103
163.2585
169.7431
166.4873
190.7571
161.2693
147.3122
135.2475
94.27273
121.6793
142.336
126.3044
111.2961
162.8811
149.4269
126.8161
105.0968
119.9376
121.5214
128.6856
123.5415
120.4496
106.7859
115.7909
81.67
90.51465
124.0819
113.8867
87.41598
90.76465
67.71743
74.03545
84.42542
80.08274
145.1755
142.8847
168.3573
177.2918
170.031
117.4028
109.1871
102.5207
97.3434
147.7655
94.56826
74.63785
114.5783
123.0395
151.1041
197.9172
207.5926
282.6895
283.4011
174.8551
177.5742
173.0518
202.3872
244.3526
172.107
184.9924
226.15
224.5217
314.9738
249.5175
261.8974
184.5487
123.3869
126.3981
159.4374
207.6124
277.2102
269.223
262.2053
322.9464
349.4418
223.7607
188.3778
175.1044
195.9056
190.1723
163.4497
162.5358
183.8153
148.9053
111.7051
134.1008
133.5605
171.2523
199.7415
181.5172
226.1748
248.5789
189.8808
138.7978
146.3277
169.1647
200.5014
179.7517
161.9681
204.2607
170.4498
214.5621
290.4121
311.3859
271.6482
182.0189
168.3655
165.8281
153.1571
174.3161
164.357
191.8767
187.1744
162.8957
125.9184
109.8633
172.65
173.9368
145.4729
202.5036
203.0443
216.0135
153.6035
176.1746
204.1683
222.024
257.9212
334.7285
416.1372
393.0281
376.0607
376.1142
453.3346
527.662
501.7908
566.1239
527.4735
439.7858
373.8442
347.5682
351.952
282.3514
273.0303
276.9517
320.5585
284.2783
368.5987
335.6239
255.2298
273.8821
348.1358
334.8295
386.716
593.4578
526.213
507.0873
682.053
570.0523
611.6053
517.8912
414.6846
390.9117
391.531
354.4529
362.7425
320.6481
247.1772
170.5436
193.1459
199.19
215.5469
267.439
219.4651
238.6821
196.9822
208.1237
221.5792
239.5966
289.3017
282.9651
356.2929
312.9416
341.6063
318.0882
313.4729
259.8309
231.2466
224.1508
169.1455
163.0859
141.9198
102.7159
94.45043
71.14567
66.97909
52.34007
69.83466
94.38922
74.09838
101.72
98.59472
115.1732
173.3187
177.0939
136.6052
189.3034
183.2967
144.9864
226.51
257.2807
309.9954
263.4748
353.1827
488.2905
443.5583
568.8166
381.7145
360.1464
349.2412
350.5286
275.8253
275.8675
335.6199
363.1868
396.4533
456.1136
355.7633
341.4018
224.8998
239.0427
308.0224
281.6321
323.1478
305.2589
289.1255
362.5322
396.7811
478.6816
386.5712
375.317
333.7384
390.7504
295.8432
305.3961
295.1326
212.4291
188.0707
182.6345
240.8165
253.8395
242.1919
259.1996
347.7043
340.9516
377.9621
279.455
377.1519
301.8947
190.121
169.8938
166.1878
190.6187
192.0058
202.7779
244.5827
343.5763
330.9487
415.5165
388.1377
354.9831
320.8429
266.9027
296.9576
325.5209
271.2264
235.9304
244.8812
229.0589
166.5079
164.0595
126.0312
119.8286
115.0468
104.7176
134.004
149.0308
142.6135
133.4773
143.0518
153.0129
162.1367
127.3275
108.1953
132.2148
117.6893
118.4209
124.1713
165.1842
137.6369
161.0175
176.2922
178.8449
193.2287
141.4781
131.6765
162.6413
179.7707
159.1302
213.046
210.5042
216.3243
299.4119
305.0841
250.5248
216.9624
250.8802
246.8156
336.9614
321.5038
288.625
255.7295
252.5213
189.4436
276.0196
251.1467
237.2336
202.7946
218.9761
327.5808
365.5086
328.4438
339.4887
287.4564
329.1492
254.9409
234.8257
274.9459
259.2323
272.8908
251.4225
320.9791
303.9273
250.9882
218.6293
212.9405
215.3319
206.1136
224.7419
245.6912
216.4847
232.5451
209.8508
197.3674
119.6772
115.5871
128.0693
123.6148
145.1861
122.2511
134.196
142.0109
118.926
