87.40847
88.52953
87.42531
87.53889
86.32787
85.69662
84.70093
84.12851
81.7703
79.22177
80.5223
82.79833
84.80058
85.23119
85.13736
86.48391
86.33053
85.68589
85.22388
84.31115
83.03313
81.27004
79.78817
80.82103
80.92201
82.27647
80.82735
80.0598
79.58718
79.25362
77.28963
76.88439
76.88555
75.64788
77.27357
78.6703
77.88978
78.74265
78.30652
77.7939
78.19313
78.41485
77.20092
77.90377
79.70577
78.07026
79.10731
76.96916
75.58852
75.55917
76.86884
77.59645
78.85313
79.877
80.38839
82.19518
82.6353
82.52152
84.45531
86.00711
86.16866
85.29481
85.0583
84.521
84.96229
86.1399
85.93294
84.50168
84.05658
84.08485
84.41665
85.97002
86.16569
86.01111
88.22845
88.46016
88.19336
87.49223
86.0401
86.14056
84.63676
83.4238
82.73536
81.78678
82.48269
82.33141
83.04686
84.11403
85.36229
85.12845
85.97563
87.4567
87.51335
85.83763
86.52728
86.48273
86.11404
86.05551
85.1104
83.70855
83.64211
82.47448
82.72118
82.46168
83.99655
84.18719
85.70922
84.66123
85.13968
86.22465
87.6978
89.38807
91.57813
92.1553
91.47824
92.20361
93.20869
90.89909
89.24142
88.7909
89.56305
89.97556
89.37666
91.49011
91.43014
91.96204
91.70457
92.56263
93.74587
92.52645
91.59265
93.2124
94.06313
95.68619
96.52151
95.95826
96.4952
97.39054
97.00636
96.43103
94.56944
94.34412
95.25047
95.49687
95.44058
94.85638
94.84471
95.75111
95.45657
96.30037
95.28897
96.15589
96.06634
96.7109
95.83346
96.35841
97.01624
97.25009
97.52625
95.69073
96.09663
96.05714
96.68593
96.76355
96.71523
97.08593
95.88631
98.21708
96.95273
97.59015
96.79706
97.02356
97.33098
97.20887
94.87332
95.66095
95.0608
95.42251
95.10382
94.85574
94.76466
94.75928
95.4715
95.22699
96.72254
96.16272
94.12696
94.81308
96.46362
95.62951
95.16009
95.32592
96.14458
96.38378
97.09764
95.97118
94.79656
95.5119
95.11443
94.29213
93.83846
91.98706
92.07636
90.73714
91.24227
92.69324
91.78802
93.49393
92.93603
92.55928
92.48375
92.47392
91.52588
91.5323
90.18346
90.41047
90.26537
91.11823
90.895
89.45357
88.94589
91.09037
91.52249
92.50559
92.38974
91.29294
91.14894
89.87835
92.10606
92.95248
93.89427
95.02361
95.77874
97.03801
96.79602
97.87032
97.45952
97.54766
97.00416
96.8196
97.10927
95.74188
95.32994
94.19508
94.52719
95.47317
95.81501
95.6346
93.51956
92.59884
93.17043
92.8578
93.3993
93.19486
92.52316
92.46107
91.94874
93.06599
95.41139
95.57784
97.18802
96.31411
96.3082
96.47959
97.84463
98.12826
98.59591
97.54415
97.5628
98.01551
98.62442
97.69603
99.29074
99.74759
98.90723
98.81571
100.4313
99.40035
100.2755
100.3641
101.0566
101.809
101.1043
99.61568
101.2328
101.8621
102.5269
101.2455
100.1367
97.64493
96.20965
96.31806
95.06738
96.30538
96.56345
99.00699
102.3058
100.8537
100.3353
100.5806
103.6111
102.1187
102.3114
102.171
102.5967
105.0682
104.9582
104.051
101.7848
101.0333
103.3669
103.9843
105.3175
105.6774
105.4939
104.6827
104.9527
104.3436
103.2278
102.5927
101.7222
101.4327
99.56653
99.83385
101.9444
101.8896
101.3755
101.8525
100.7716
100.9887
100.2393
98.96694
98.46307
98.62379
97.92011
99.1378
97.47021
96.58558
97.84259
97.90205
99.39465
100.8694
102.6799
102.981
103.749
103.6511
102.921
104.0975
103.3923
104.5728
104.4283
104.0872
103.7843
103.9481
104.318
105.1763
105.994
104.7749
103.7427
102.1271
100.2158
100.6439
99.71056
100.7335
99.88599
99.62056
99.54276
97.95724
96.866
96.45088
96.38324
95.74252
95.53982
97.66306
99.33244
98.28569
100.1737
100.2137
99.13104
98.94418
97.08832
96.86312
97.46996
98.33238
99.16898
99.66513
98.30218
98.06052
99.69687
99.87673
98.73394
97.75108
98.6175
97.17557
99.06502
99.36196
98.28508
98.66843
98.42785
97.16574
97.08324
97.60527
95.80913
96.10154
95.83367
95.59904
95.46453
94.99712
93.97559
93.02209
93.53216
93.05876
93.58443
94.56129
94.52258
94.46124
93.6861
91.72372
91.80569
93.38717
94.50672
94.29138
94.54268
94.53314
96.07728
95.96533
96.20728
95.39366
95.27774
94.28716
94.34296
93.33063
94.21344
93.92391
92.59486
93.84306
94.49881
93.72506
92.62522
92.28986
91.31594
91.50992
91.91107
92.2577
92.3164
93.31318
93.72025
92.85334
90.74296
91.81841
92.7876
94.32476
94.58512
93.50379
94.32661
92.8076
92.11795
94.32551
95.3617
93.81226
94.49903
94.54646
94.48728
94.60653
94.29885
93.6089
92.1891
91.63858
91.63315
91.91895
91.66777
92.29584
91.73116
91.67035
90.02552
90.51546
92.42105
93.51816
91.63352
91.09787
91.6561
90.93549
91.03816
91.07202
90.9352
92.82691
92.58312
93.43961
94.45013
95.36357
96.64368
96.55944
96.655
95.31246
95.53996
94.76157
93.99486
93.59424
93.84536
94.50669
