52.0801
49.33789
45.21391
48.68703
50.6892
45.35643
53.56919
51.98407
44.32737
45.8881
54.28174
51.10601
44.92118
54.00936
45.71382
49.47986
50.60849
50.94177
45.93254
50.80446
47.23758
47.1096
50.0751
49.1964
48.18407
48.20571
49.34549
55.10003
48.66235
51.32059
49.03551
52.71323
51.99452
46.62536
48.82748
44.54502
47.72382
49.96018
54.78273
50.94667
54.05438
45.75368
53.08869
49.56444
48.47226
52.37664
50.75674
55.81577
47.80018
48.29137
53.07367
50.29852
53.65689
47.83595
48.66061
44.26726
49.85866
49.69274
49.25677
47.0324
54.7477
45.20558
48.96567
54.68182
54.637
52.98135
52.91464
49.38402
49.51509
46.17676
54.63551
51.36148
46.67958
46.62594
49.54473
49.12239
52.03628
47.95024
51.26229
52.00174
54.1467
50.93409
51.11499
46.86427
47.04161
47.75344
45.981
50.1743
48.85171
46.43744
49.09463
47.18484
50.65967
47.433
48.41322
46.97724
43.62165
48.86569
50.10755
51.23607
45.0485
50.83858
50.06482
47.62829
47.60287
48.01065
54.08867
48.14111
50.77906
51.33566
47.92358
48.54186
41.0506
47.35754
52.70162
53.56639
54.70781
55.91083
54.25124
51.12798
54.90925
51.14764
50.07884
50.67742
48.86466
47.69986
50.71231
49.7016
49.75751
46.08989
47.3977
54.26851
47.6034
54.6377
44.00482
52.8027
51.68047
56.50752
53.02003
48.53456
49.1491
46.26083
50.16722
45.30501
46.28411
52.55733
49.4173
54.50203
59.17498
54.82822
49.59676
52.50849
47.9079
50.86204
45.30147
50.38194
47.61786
48.43467
50.1583
40.96478
49.25404
47.60293
49.87303
53.75829
45.41111
48.14599
52.12047
48.62461
48.50617
44.34873
48.76741
50.21079
46.66899
43.84734
50.43306
50.37086
52.03469
50.91292
54.94933
49.69575
53.44982
50.04089
54.80199
51.86454
57.03515
48.78337
54.87986
49.90816
46.00836
48.43117
48.27099
52.53788
50.68478
52.05762
48.47368
50.12879
52.36223
47.18302
47.35517
44.75497
48.09761
48.85431
55.23796
48.50389
51.23677
46.99903
49.40515
52.94694
42.81564
55.62934
50.44165
53.3382
52.92436
52.76172
53.21185
47.28149
47.6478
45.63392
51.05678
49.88344
48.21847
47.38654
45.24092
46.25025
47.81462
47.76813
48.93104
49.2175
47.08241
49.37542
46.55277
53.06407
55.38662
47.97529
50.45092
48.66243
44.80028
45.42089
46.18577
51.40759
47.59305
46.35626
43.96907
49.39766
48.83741
43.74939
50.99768
51.71098
48.11529
46.63656
47.92457
49.9738
55.99692
52.36305
45.63903
48.19771
48.78976
46.30822
46.39554
49.58254
56.61973
47.9739
55.92467
52.33385
53.96965
50.69479
53.14939
45.82952
50.04863
56.09763
47.03862
52.85497
48.25984
48.74345
45.52336
51.66691
51.20458
48.86726
47.79115
53.56555
46.9416
48.67209
56.83706
46.68612
46.90529
51.73205
44.44256
50.63866
53.44194
46.58134
46.05981
43.46014
53.65286
49.20454
47.6607
49.43065
52.65619
53.53805
52.82325
47.37037
50.53771
46.01658
45.06597
47.07399
51.7889
46.0647
49.5737
47.91547
48.17476
47.83063
51.8813
47.95029
49.04572
54.05015
50.59053
51.44491
45.50644
49.00606
51.82206
58.54112
49.53782
47.89012
49.89523
50.96953
51.98805
46.94251
46.44222
45.488
47.29906
43.09818
48.99331
40.67651
53.26869
48.70642
50.01937
49.39168
53.26039
50.4574
52.14189
54.45777
49.78728
49.01723
52.91642
47.44892
47.36518
44.92581
43.96597
47.15293
44.74493
50.75851
51.5051
48.71722
46.22438
46.93829
50.17901
46.50425
50.72828
48.31343
51.38976
44.74189
55.22187
52.40501
46.24717
47.7958
55.37098
49.558
50.91494
49.75917
49.40078
45.43827
43.12323
49.45241
50.79212
51.65461
54.28382
52.5666
52.52612
57.47554
47.51044
54.05715
48.18344
50.877
52.73577
49.01058
46.26442
49.16863
45.68825
50.88039
47.5162
49.56742
55.43581
52.05955
46.09354
49.09414
45.62558
51.73182
46.42527
50.28183
52.95811
55.37616
53.12836
55.93984
50.18224
57.31707
44.94624
48.5443
55.41008
46.22133
47.52261
45.9843
48.54867
48.47563
48.97339
47.58667
53.65297
54.33966
51.30458
52.76906
46.35721
51.63755
50.98953
48.90283
53.37791
47.26521
53.23295
56.27843
45.0388
43.88343
48.70679
49.76873
46.07819
44.91353
51.79504
48.99
49.53625
48.01866
48.79705
50.03871
52.8585
46.91196
57.73952
45.04655
45.83678
47.82006
55.09385
47.98972
50.40859
43.65173
50.20803
51.7175
52.67534
49.8643
45.1278
50.36278
47.34606
50.68719
46.15278
48.80079
47.93497
48.27679
55.06907
51.95707
47.41041
48.41856
51.2552
48.3568
50.88238
49.40804
45.27206
48.64758
45.58819
44.94341
43.01852
47.78853
45.96384
52.02795
53.98915
52.1503
48.51559
46.01353
48.93482
44.94838
52.89881
51.01136
50.96867
55.84609
49.79835
46.01695
54.02066
50.38994
49.28126
50.67623
45.61245
52.21524
47.10924
46.5063
44.47725
51.72827
46.26128
49.07296
