27.20647
31.74215
26.05023
26.89749
23.95718
21.62025
16.88969
15.38066
11.63791
17.93673
11.84681
11.83218
11.99384
17.7167
20.81282
23.4608
21.45176
17.30582
12.56378
10.9501
13.66744
13.54167
13.00889
18.08987
16.51425
16.35709
12.57291
14.94347
11.62095
13.52302
15.66547
11.93402
11.82838
14.4875
17.8094
15.54194
15.86964
12.71525
15.4132
17.66797
12.83485
13.38668
15.46348
12.25424
12.07871
12.7843
12.69446
10.64071
12.83047
12.10766
10.17517
9.656435
9.898311
9.703165
12.24057
13.45182
16.58875
15.20446
13.57739
13.7997
13.33529
14.82704
13.56187
15.35459
14.01321
15.30629
13.83253
14.26841
16.21263
14.50753
16.53341
14.14925
13.14324
13.86579
14.38253
10.68033
11.1543
13.54568
17.92995
18.50483
19.92468
19.9586
21.207
20.35623
17.09484
17.16077
13.98522
11.85603
9.631047
10.01622
10.80125
9.481751
8.656308
8.792919
10.81496
11.42019
9.986071
8.563563
18.45587
17.30601
15.7667
17.65385
14.86473
14.84179
14.70741
15.31879
11.26485
10.9176
9.979588
10.69825
10.95964
12.44112
17.17347
12.98938
14.3106
13.39234
14.99714
10.95546
11.71748
9.876257
8.724892
8.919
11.14984
9.7134
10.28453
10.96598
10.44873
10.86712
11.59392
10.9904
10.40517
13.11826
11.10414
15.07232
16.95523
13.64247
13.10326
12.34011
12.15451
11.7711
14.36439
15.27914
13.30184
12.02819
11.69188
12.33843
13.56629
10.85158
15.07398
13.81949
14.45322
16.23756
15.563
20.73993
18.12348
14.4805
15.06894
12.49679
11.85673
13.77696
16.37845
16.15272
15.60781
7.724844
7.555936
7.261078
9.601285
14.7415
15.85217
21.71777
23.84001
23.26797
20.32667
22.63551
23.25566
21.49535
18.23569
18.56227
22.40143
18.52895
19.97259
17.67431
15.49537
16.58066
12.646
12.02503
17.40768
17.0914
13.33536
12.09547
9.551122
10.05791
11.33967
9.958222
13.13038
12.10711
12.62119
11.85097
9.748314
7.73504
9.518597
12.0471
12.62414
16.76026
15.93416
11.27132
15.53709
15.56888
17.32728
19.31812
20.45969
20.2092
21.15674
15.6439
15.01964
15.37058
14.15692
12.59799
11.47758
12.93528
10.8912
13.85272
11.86461
14.19397
22.02097
13.31475
14.01026
14.14789
12.00083
7.495761
10.71371
14.62257
14.0784
14.0564
15.95106
11.06548
20.67622
16.43511
14.18217
15.01963
17.11709
12.82893
13.48358
14.34571
14.31971
13.20714
10.87856
11.99359
14.30694
18.63564
16.78929
11.49267
13.35685
14.59933
14.92734
16.37924
16.22305
16.26493
13.14023
11.25486
12.26979
18.24796
16.47227
14.50009
13.34658
14.37187
8.323797
10.72339
8.260515
10.65423
14.08458
19.12722
23.67034
23.57643
17.61498
18.00964
16.05735
17.02974
17.38932
15.06516
18.34692
18.75566
23.38098
16.10565
14.28628
14.09583
15.01747
14.98065
18.36473
14.33512
10.02909
10.72611
13.16139
11.13016
11.49948
13.62416
14.57089
18.90894
23.1783
20.39091
13.50464
9.751026
9.967555
10.88278
11.40958
9.088753
10.08917
10.30432
10.91015
11.57064
16.98867
16.56321
14.37976
14.72158
9.407359
10.41784
9.823063
9.481979
8.810061
9.356905
13.49264
16.50774
18.49918
20.32123
20.63542
13.98025
12.82313
13.34925
15.86379
16.91372
14.08789
14.81739
19.32052
21.57234
16.51962
10.60719
11.89503
10.72174
13.69495
14.72423
14.39283
11.42121
11.57005
13.84442
10.85522
10.06184
10.10756
9.11657
11.67827
11.99343
8.860883
10.13976
14.41255
12.50618
11.84191
10.15816
9.388164
8.51212
10.83541
11.33455
12.33526
11.87145
12.00289
14.05557
14.73519
19.13761
14.62297
12.13935
11.13912
10.51482
11.47321
14.07633
14.75654
16.23085
17.82267
13.34758
12.80021
15.3333
17.77428
18.54857
16.68007
13.16872
7.817278
8.087964
11.31047
12.87661
13.38574
12.63659
13.35389
11.47941
14.04862
14.58459
13.0854
8.273586
10.00529
12.37772
13.00727
9.682825
8.804117
15.20214
12.2863
12.79685
11.36699
10.90268
9.653142
10.38802
9.335379
12.01028
13.35174
15.25181
16.01241
15.40864
15.17676
15.79411
15.36298
12.76087
10.3153
9.9404
12.88319
11.10145
9.064392
9.368709
11.63072
13.22868
14.27222
15.1636
14.46462
12.55927
13.20882
12.19664
14.57813
15.20581
14.48033
15.5957
13.50291
21.06293
19.67069
14.90096
15.98143
12.93026
11.83646
15.57115
14.72973
18.74027
13.96532
13.38962
13.41483
11.21139
13.15123
13.7238
13.08937
10.17903
11.92862
15.77963
22.24285
21.94825
16.26776
17.18304
15.87224
17.81328
16.49427
15.70046
17.08576
15.90789
18.6072
17.25245
17.00202
16.56992
15.47385
14.84594
15.7512
13.99454
13.13737
11.8582
10.63767
8.434212
6.922062
8.355509
11.42509
7.890052
7.494813
10.13227
12.00692
9.961042
8.240993
6.802487
8.22663
9.243409
10.66568
9.496163
11.00948
13.44405
11.37329
10.1723
7.571279
9.025761
7.920699
11.27897
11.19482
16.21739
