33.86923
31.17368
43.65698
66.34566
110.1877
222.5623
267.8483
1259.704
3907.187
15196.3
32081.39
56077
64878.87
94867.78
75091.11
95098.66
62212.04
104799.7
83520.46
89812.16
76469.03
94650.1
82092.95
81345.5
62087.22
61178.33
84773.21
68958.36
73620.75
79481.52
75932.93
60657.6
78594.32
89575.27
103868.9
87082.56
80176.33
67417.95
91938.86
72945.12
88784.29
58142.96
78013.7
93160.01
90789.32
99521.47
78250.53
66466.99
87339.86
74834.65
67187.01
89283.37
83048.79
87456.52
105860.8
88018.92
66749.38
74163.62
87919.67
71061.39
72105.9
85990.37
87264.28
74730.17
105937.4
96934.47
65752.68
76726.98
66440.66
77914.79
77924
76645.16
56492.7
95459.31
88666.99
77693.74
96642.96
93174.45
88176.24
76710.18
73587.65
80414.38
74805.25
100634.2
78454.36
82474.74
118944.8
66239.19
96778.46
101011.2
80812.73
81512.42
74127.96
107688
101488.5
94479.5
73380.05
93922.47
85650.23
77108.86
86408.15
86937.23
75140.34
64045.13
76030.93
62090.66
76904.93
73113.46
64238.17
83838.53
89448.77
89439.9
71167.33
71050.95
84360.82
74874.2
77629.91
88505.27
89610.3
87219.92
91903.7
87504.88
108147.7
64738.57
82050.21
90435.31
70385.57
95076.09
79790.18
73050.69
93267.44
75007.03
78010.25
53861.02
61950.39
80249.02
101043.6
104377.5
70607.66
69320.97
79100.23
106574.3
81405.96
83551.08
83600.57
101164.4
88169.04
87017.18
66891.1
78395.47
78009.94
91650.06
66105.3
72117.24
82353.1
90155.07
90352.52
78695.69
94747.29
96417.74
92809.35
84369.44
66308.7
64644.35
73876.28
83589.51
104398.4
85735.97
68041.54
92088.19
77558.13
101117.2
76157.93
77059.27
89264.31
59579.39
82896.77
68032.59
90399.11
72796.81
86290.29
84283.65
94448.32
85114.89
69916.26
81772.79
75607.01
102690.2
105163.8
104200.5
87588.02
83265.87
93658.15
78530.43
81673.77
80120.78
74527.46
69083.99
78555.6
60501.62
76597.29
65111.95
76811.61
97643.57
101722.8
94868.59
104405.4
61040.22
87103.85
115423.1
105466.3
103342.6
89697.65
87545.48
84627.5
83650.59
112486.3
91058.71
79158.59
69501.64
94529.29
68193.72
84652.59
58153.8
68763.5
85698.35
83489.07
68197.65
79657.95
80837.85
94244.29
86200.19
81084.72
92585.37
93290.75
83520.04
65291.13
67103.75
59509.25
100166
70528.35
77248.95
74392.47
71807.24
73758.19
92245.94
80952.33
77255.71
85179.9
81905.81
86844.9
84504.28
79859.17
77426.8
94246.55
81810.57
89945.45
88731.82
81272.75
82551.24
86912.04
78691.4
60901.22
89498.43
68441.2
67651.31
78681.14
89926.79
94116.83
76992.75
75516.62
74112.78
88949.89
88267.48
91980.18
90348.85
100248.2
99309.1
82760.87
95995.93
94039.29
98004.97
98396.09
73722.54
71813.94
77644.78
73266.94
64059.1
92701.55
84464.71
61736.42
85467.78
78334.93
136176.1
90737.76
77773.68
103651.5
78589.4
69889.53
70583.88
67032.22
73133.17
66047.11
84578.79
103287.8
100250.7
68400.71
75347.5
72771.03
97866.16
95854.37
123724.9
88413.82
67769.09
80431.56
80129.66
55611.15
73868.74
99584.32
78161.51
95854.79
65710.03
97398.98
71384.55
103397.4
90309.03
84086.9
70339.45
75726.85
99551.28
79062.02
73124.09
75184.43
91847.18
100058.1
109716.5
74071.06
81958.49
83598.02
88357.7
87433.32
71956.16
92502.59
66585.77
91913.25
85611.27
108401
93509.22
87019.77
84527.54
127656.3
68419.52
77025.52
56158.03
88659.13
88820.34
81672.47
86680.65
106051.3
79947.98
85862.47
74318.02
85047.37
78555.35
93687.37
104413.1
69779.41
98910.23
63988.88
76679.84
73138.12
66382.99
91453.16
100042.3
90774.45
76154.25
57159.45
81566.8
90787.04
108131.1
74809.3
81333.73
95360.6
89533.48
103822.9
107574.4
93536.69
90631.18
72625.13
104592.3
76719.94
95796.83
82214.83
72817.8
69469.27
89840.05
97769.7
94741.1
60248.44
89236.14
65853.93
89349.22
82259.52
77557.66
84428.9
89725.89
81316.44
65393.01
85388.61
89342.96
95854.85
97754.46
97659.59
93805.34
93309.81
95952.35
88413.23
64794.01
78226.48
89155.34
81062.57
68205.23
86169.33
89698.2
74969.37
78533.86
70634.65
66672.73
85619.51
65786.85
71035.12
85605.82
85746.62
86685.76
87364.36
73428.25
72938.91
82472.69
63933.97
58157.06
100704.5
95318.19
85832.02
80311.17
102842.3
71475.2
55942.79
64628.69
58533.54
69482.46
74959.01
91657.01
93522.1
91382.71
73441.96
105566.6
77334
80780.66
68132.11
77220.95
73097.66
82885.51
88859.6
85859
111808.8
87923.28
66170.1
72654.39
74544.82
87438.02
103046.9
82559.03
111370.9
85419.46
93681.71
66921.43
78028.41
80327.21
90311.62
61721.42
82764.16
78589.71
99309.53
90627.31
76671.63
80115.64
84425.87
96984.15
92692.77
64391.74
87051.65
95646.44
108240.6
72485.99
81190.81
90921.52
73310.74
70378.16
102155.9
82893.13
