1119.047
268.8063
501.4551
2380.17
634.4249
397.507
558.542
281.9855
615.0929
177.9689
830.7268
392.512
548.3925
467.3202
509.4247
272.0391
813.8708
292.3232
348.1346
1112.405
2112.763
401.3853
494.1796
2851.031
415.421
846.7035
1428.408
781.4196
2210.646
1009.541
9184.258
2463.923
1927.497
1903.17
1695.144
1067.784
1238.94
1405.254
1907.679
1215.623
846.0362
1805.731
687.8875
406.8322
534.8958
966.717
963.8626
684.0954
1464.23
3587.223
483.9213
1157.106
3519.623
2390.234
1224.921
326.67
1218.92
617.873
1308.014
2361.73
1140.868
3049.321
673.5574
744.5324
1639.605
615.0015
1743.269
944.2645
746.4944
866.7391
503.3752
914.6802
1675.673
771.9487
526.803
2773.868
754.3285
646.0131
1029.877
954.2241
1603.103
774.4977
890.3567
850.8025
692.9451
865.8542
692.3249
1343.551
1201.502
679.1999
1493.801
239.3282
1002.523
818.7029
728.0403
1648.776
461.6154
664.0947
521.431
222.0565
696.942
372.5645
728.7141
345.7649
359.3034
593.2923
988.8624
963.836
714.0077
441.6938
940.372
387.6069
463.6088
386.5199
606.6665
603.0898
534.103
1225.929
668.9524
328.1265
881.2067
862.9221
395.9489
324.5033
431.4495
296.7204
685.3328
485.7823
420.2249
583.3585
545.3424
419.2088
1682.911
546.6735
504.4418
1577.917
595.5777
709.5576
399.2529
201.9156
317.4584
826.8461
737.5933
926.6727
584.6449
1202.166
388.4825
526.2339
174.7622
311.6406
686.6133
821.4817
388.9617
299.7193
256.0146
318.0501
779.7575
500.599
880.8846
499.9634
761.1663
548.9713
396.2244
269.7427
617.2691
584.4816
826.7944
808.1433
310.3618
580.556
577.7349
369.3708
243.7291
491.1965
394.4981
740.1024
526.1258
1037.468
640.6477
1050.084
244.6655
518.1164
911.4185
213.8462
1167.193
498.9339
470.8866
754.9717
821.7325
525.9626
551.6954
650.5173
1368.5
2266.575
996.4401
616.7821
958.6389
1380.04
1664.207
724.4172
218.4984
1828.594
341.896
278.1308
1134.174
423.0414
934.5036
577.3346
944.2279
1506.978
1008.12
574.0839
1106.463
497.5407
377.0449
597.6719
535.3266
638.9788
871.5388
1043.333
341.5685
772.0935
1457.067
701.8375
333.8251
554.5262
1079.892
816.4193
244.2518
457.6472
438.4478
1421.335
2322.508
1451.002
164.4008
1465.213
513.5232
782.8213
745.9932
454.4942
529.2136
1406.084
374.7569
793.6179
237.8018
714.9336
510.0747
980.5729
1084.52
433.9627
485.7462
1492.056
468.9657
1427.795
304.7718
774.1784
347.0665
312.4277
982.9324
1261.93
838.9216
2155.358
1206.151
299.4563
1377.114
573.1641
781.0747
734.6989
958.1006
1007.139
350.2103
6497.455
595.6436
345.0034
1676.37
542.2298
890.4009
1212.581
365.9202
346.6581
324.2017
150.0792
665.3836
324.997
376.1276
632.8807
2410.422
410.0041
588.9902
887.4753
513.4227
1324.761
312.4419
1318.075
1209.517
786.0386
253.0837
1341.938
949.0818
498.5304
876.8319
263.1046
363.201
1111.057
703.9278
378.0079
1548.146
393.8707
595.8815
1096.607
1349.906
2718.329
248.8826
237.2889
487.0515
403.131
2278.245
574.5755
563.4723
1761.237
970.2738
1002.948
295.8767
1234.09
1682.309
513.5395
684.0377
340.4759
319.8293
234.3313
831.1952
354.0174
1576.622
813.4649
546.9251
806.7887
391.111
697.8681
1485.079
310.6479
854.8212
634.0699
590.522
679.9035
2648.574
1129.372
619.9332
966.7029
1133.637
1527.254
2034.695
145.0208
369.3061
1416.896
1727.742
350.1381
1200.675
661.2296
676.6152
492.1511
3964.201
634.9527
968.3925
1169.237
440.7853
279.9887
483.9584
1004.919
2092.137
500.1601
686.6356
1454.015
1039.265
296.885
210.8538
485.572
687.9085
406.3864
410.1312
1486.474
541.535
566.0047
375.1616
488.3758
475.9924
165.884
500.9061
387.2789
478.4122
663.1361
339.7659
675.9748
1708.935
478.9381
877.248
262.0818
768.5935
445.0739
2029.407
475.2636
586.3225
1577.272
841.8511
711.2813
438.5625
444.5677
347.1303
308.756
547.7429
1699.215
461.4012
2082.475
385.6605
441.1214
638.3963
878.8232
663.7031
782.8659
700.0447
491.9961
2536.543
555.9534
993.1712
1301.412
383.9868
610.3176
713.3535
1252.534
550.865
2693.991
766.7809
651.8009
1640.285
830.0508
1465.209
2076.406
1667.599
1831.365
2745.277
3876.663
1535.763
468.487
915.2394
1153.867
712.7987
1627.219
368.4098
483.705
1642.358
1160.325
576.454
993.2464
394.6595
856.4016
561.9179
377.2727
1584.132
601.559
536.3235
712.2162
395.9245
1138.963
444.4866
471.0134
557.0685
600.1759
694.8008
637.2996
788.0439
883.063
342.8586
445.749
269.0697
457.8029
1613.595
434.9524
296.0044
649.8556
402.8828
618.5893
278.5606
705.0454
277.6696
303.7512
379.8845
551.7941
1664.947
1105.575
402.0298
648.6156
711.8377
753.6654
525.9066
660.4715
448.0319
1772.655
478.5008
984.4279
334.3785
450.4194
