0.1378963
0.7371289
1.80162
0.4469721
0.4018151
0.1144107
0.2560095
0.4320985
0.3509178
1.160214
0.3784179
0.1830963
0.1261377
0.4461068
0.2966603
0.2921313
0.1615701
0.2682819
1.933941
0.2211842
0.9994452
0.4146308
0.7984212
2.258149
1.345804
0.4112912
0.5371861
0.3549864
0.3755098
0.1219059
0.4200867
0.2410618
0.4730906
0.3533807
0.1753896
0.3079265
0.1940655
0.2239123
0.5591764
0.3619413
0.3881825
0.4530109
0.2637375
0.5201815
1.393141
0.7489899
0.4305884
0.2630199
0.4700091
0.2068961
1.051133
0.4217731
1.107856
0.7181598
0.1902482
0.4614166
0.5761006
1.13884
0.8362869
0.4808316
0.6409846
0.133161
0.2487724
0.4173989
0.6284812
1.306207
0.1453796
0.578095
0.1743441
0.6388997
0.3046461
0.4940147
0.2624742
0.5469513
0.123485
0.2595799
0.8961073
0.1963891
0.2089797
0.5100262
0.1715461
0.2085537
0.7207988
0.5170083
0.3444393
0.2187741
0.1768618
0.4791337
0.4785431
0.2500747
0.2250058
0.3643752
0.2820531
0.499202
0.3961482
0.3501129
0.2435025
0.7122888
0.7430137
0.5712358
0.276607
0.1406579
1.897133
0.5154109
0.143037
0.2596563
0.2004485
0.4177004
0.207323
0.5673949
0.8325788
0.2073396
0.2294812
0.4969109
0.7553286
0.5208987
0.1308515
0.6698563
1.000013
1.458214
0.2794327
0.4516025
0.1782204
0.4502142
0.5757663
0.08257795
0.3816827
0.2434223
0.5592035
0.6203822
0.1953676
0.1960227
0.3748066
0.1481777
0.147053
0.4672791
0.2354899
0.2407781
0.2338208
0.3142329
0.3222038
0.19995
0.1595467
0.3657975
0.2661383
0.2676158
0.1783632
0.4021825
0.6609454
0.3643402
0.2643448
0.1770521
0.3404846
0.4492175
0.2025741
0.3158225
0.1858015
0.3191129
0.2025962
0.352081
0.5936821
0.2639538
0.2687654
0.3399144
0.8990241
0.6090723
0.2616294
0.5820723
0.2483589
0.3511817
0.373841
0.5347625
0.2017625
0.76012
0.2962844
0.169774
0.1103772
0.1350367
0.1819699
0.3409814
0.3411735
1.024044
0.2872166
0.358287
0.6567377
1.107552
0.145612
0.2182609
0.1408035
0.2845772
2.933581
0.2232915
0.198721
0.7921469
0.6839288
0.09601779
0.342138
0.3743435
0.470703
0.5435355
0.1616956
0.1325782
0.5692706
0.3523871
0.8443891
0.3874233
0.09852427
0.5576704
0.3163578
0.2625717
0.4548357
0.3673934
1.221429
0.2269545
0.3928965
0.2464975
0.3249453
0.683073
0.6463875
0.7612038
0.186287
0.4615494
0.3640959
0.4926182
0.2173153
0.1315649
0.4154697
0.1888883
2.466878
0.3758857
0.483252
0.2175681
0.9000373
0.5690403
0.5832252
0.1100172
0.4018525
0.1711899
0.3905122
0.3376202
0.5209343
0.7532404
0.2388841
0.2833913
0.3342897
3.862967
0.1250087
0.7697316
0.2705666
0.688292
1.160925
0.3109222
0.3335327
0.3169873
0.3700413
0.3872225
0.839508
0.3076744
0.4840019
0.4148918
0.246256
0.8195214
0.2484011
0.309801
0.2593623
0.5580472
0.4111047
0.4161392
0.1664711
0.2268886
0.405485
0.9344765
0.3667922
0.3499962
0.8822593
0.4248353
0.2037593
1.089265
0.3009025
0.1824328
2.076141
0.3972045
0.8777266
0.2070402
0.119987
1.211052
0.2017592
0.4430177
0.179958
0.6661435
0.232678
0.1475568
0.481843
0.2511421
0.4867496
0.1623019
0.3981008
0.1691317
0.4239205
0.3504191
0.4079263
0.6152388
0.285503
0.3625599
0.3511934
0.08400901
0.2469161
0.1789369
0.4551335
0.5802846
1.30976
0.1591684
0.5219677
1.074634
0.30598
0.3363316
0.2601143
0.7670429
0.4658621
0.2716802
0.2622908
0.4238368
0.31847
0.320408
0.4280661
0.5961018
0.1165205
0.1376995
0.3182355
0.1163599
0.3982874
0.8780897
0.9944398
0.731771
0.3995706
0.1874661
1.107086
1.761943
0.4470218
0.1673532
0.6173563
0.9303417
4.019389
0.3692879
0.1179144
0.1708768
0.1516588
0.32156
0.8673461
0.2941393
0.6049611
0.6930551
0.2388177
0.4992837
0.2178157
0.07430884
0.7160092
0.243249
1.359712
0.600485
0.3417474
0.8575846
0.2090211
0.3298335
1.058856
0.4621853
0.7298105
0.6243814
0.1643199
0.2546488
0.261496
0.1955247
1.009301
0.3900697
0.2795989
0.4157882
0.8471589
0.1745611
0.6181358
0.4709688
0.5730199
0.224991
0.1677126
0.3344382
0.3648681
0.5963821
0.6922656
0.199626
0.8287398
0.3499503
0.2998857
0.3406351
0.07884894
5.238854
2.634328
0.6810079
1.816783
0.4225671
0.196033
0.4763829
0.245579
0.9833524
0.1495818
0.3217116
0.7230515
0.5157652
2.592045
1.451438
1.138594
0.5544508
0.1536606
0.7462819
0.2884193
0.1071094
0.3098377
0.4114732
0.3962371
0.4744268
0.3574347
0.6045477
0.4009247
0.6427203
0.3470517
0.2819119
0.2476091
0.570834
0.1873962
0.0910634
1.892017
0.5223988
0.1988058
0.4490348
0.2922745
0.3862589
0.2562694
0.2736706
0.1918549
1.088487
0.3944868
0.2873556
0.2094838
0.6123997
0.3715163
0.9508235
0.485691
0.3389701
0.3022769
0.4914974
0.9169244
0.1601474
1.860217
0.588042
0.3458524
0.2452947
0.1943208
0.2653569
0.216775
0.09001493
0.1270477
0.157763
0.374659
0.2490634
0.8214967
0.5764462
0.2877872
0.5009071
1.155342
0.2937625
0.198414
0.2081568
0.6098773
0.1108435
0.4602494
0.6601516
0.3586843
0.6087908
0.2958076
0.7703487
0.1606559
0.1789948
1.462431
0.2560003
0.4833889
0.3598342
0.139138
2.281682
1.686047
0.4341711
1.024903
0.2118143
0.1536279
0.09132536
0.2679324
0.5437754
0.4881274
0.2450432
0.2956074
0.4424426
0.6036787
1.187854
