721.4265
651.5135
745.3684
630.0673
722.6265
916.3348
1030.694
1041.479
936.4884
1000.044
995.5983
922.2736
841.3963
802.594
702.6434
878.088
675.1151
810.3993
755.9008
683.3214
553.5535
672.7984
807.8038
802.8934
598.0225
711.3711
567.7607
598.3459
684.2619
657.5253
681.5906
438.7137
297.319
395.1924
470.1564
399.6034
469.7983
447.7152
580.1448
493.152
643.1893
713.62
800.7281
792.6891
663.1279
839.8049
554.8021
571.4839
671.9727
888.1122
833.0898
884.1165
962.9116
744.7182
702.3208
539.2163
767.3713
648.6311
609.11
546.703
642.3512
516.8026
559.7637
529.5466
536.8571
737.2598
849.6003
705.5573
604.3759
737.2716
642.6093
507.6373
461.1524
477.1593
325.8099
425.9485
587.4034
660.9369
709.2045
923.1383
776.7128
722.1353
630.8845
662.7005
528.165
642.659
707.6427
743.2398
1004.829
684.1742
1144.881
1172.011
1409.119
1509.614
1555.868
1639.698
1545.327
1399.489
2163.661
2252.626
2065.863
2017.946
2034.308
1782.217
1534.054
1669.081
1173.843
892.7059
1025.157
887.277
811.4303
956.7716
775.6309
770.8667
807.1129
653.3828
806.8297
817.5581
729.9758
862.9277
903.0125
577.3471
592.7751
556.6573
735.8631
862.9317
958.731
851.9423
1195.166
1244.965
1416.977
1131.047
787.3016
989.3108
1050.622
1205.649
1362.956
1328.203
1237.672
1131.283
1326.788
1350.359
1376.553
1223.631
1042.545
909.5013
928.6744
680.8027
871.9278
895.9552
678.6366
700.3892
841.7626
807.9641
1006.718
1084.788
1187.636
803.9325
957.9009
735.9293
623.0035
581.2014
690.2866
431.8831
505.0586
575.0308
480.0965
425.0302
460.0176
629.4975
566.0708
457.8411
530.9237
659.4759
765.2916
920.7771
979.612
842.0444
801.7833
831.73
903.3636
1068.924
966.7514
1368.629
806.5755
784.9333
1000.353
1004.884
1003.214
672.2471
734.2536
823.2435
800.7232
857.6621
861.8151
861.8431
977.1271
1084.182
888.3515
934.2247
821.5248
821.2206
776.3089
605.129
622.9555
625.8937
684.1461
936.3256
1000.883
1468.446
1432.237
1661.647
1232.207
1201.578
1536.334
1322.664
983.9094
879.727
766.5862
839.7048
894.1031
597.2185
720.8178
799.0988
844.5888
576.181
572.2323
558.5056
701.5768
813.5255
759.3062
802.5496
695.6013
975.6184
572.6368
692.359
753.2769
838.8781
725.0719
579.927
485.879
561.1687
553.9564
715.8375
722.8763
786.6197
847.3158
759.6999
670.5497
507.5933
510.8125
522.073
649.0084
787.3381
641.505
628.6115
682.543
761.7399
647.77
599.3598
823.2825
747.8421
974.982
1120.676
1013.171
896.5935
1272.432
1387.682
1493.6
1123.321
817.0868
1099.575
1412.199
1563.435
1587.087
1577.485
1700.792
2444.378
2758.366
2745.471
1948.568
1602.624
936.9847
1155.775
1201.707
1296.858
1317.877
1474.174
1454.2
1457.205
1076.356
1203.837
2043.161
1589.434
2357.884
2764.493
3064.233
3089.031
2043.338
1973.737
1641.689
1893.912
2407.673
2626.804
2548.799
2843.107
3224.699
2455.788
1947.45
2034.161
1666.221
1849.307
3014.003
2298.82
1859.113
2118.895
1850.199
2186.866
2262.449
2312.089
1773.025
1297.631
1273.564
1200.302
1127.086
1441.842
1343.743
1422.552
1478.796
1395.173
1290.766
1326.063
1186.311
1543.701
1533.849
1517.823
1059.013
1166.491
873.6602
1058.089
1127.254
1084.82
816.6043
852.7863
908.3454
828.4416
915.656
1560.458
1221.049
1609.868
1516.136
1150.689
730.2085
1060.394
1335.401
1504.808
966.8701
879.3318
631.9812
655.6272
726.3841
643.1018
431.7598
532.3922
538.7758
497.0613
510.0062
528.5579
503.1596
489.5447
430.2237
442.5869
563.8989
636.2442
536.681
700.4856
566.5786
685.8306
776.8622
605.5657
816.8097
852.6312
801.2339
811.4708
874.6043
728.0619
586.8946
571.6508
487.7869
389.0025
397.5715
392.2238
359.5958
484.1685
495.2241
430.9055
447.9899
506.2969
682.1547
613.0722
603.1474
647.6704
736.91
855.3546
1034.238
971.5017
681.6968
779.5496
843.1684
999.3673
1308.042
1157.337
1706.335
2307.848
2848.614
2526.423
2412.317
3363.279
2634.663
2653.157
2289.877
1806.569
1946.449
2524.345
2393.789
2471.555
1762.672
1555.602
1034.146
1190.953
1037.373
967.8002
814.8511
803.5011
764.0637
863.1364
752.3935
916.5971
917.4369
832.9065
670.5136
568.1407
603.4807
800.5431
732.5841
697.8268
579.926
418.6137
320.8257
367.0006
408.0771
536.3399
569.6506
533.5876
474.5643
478.4504
587.8231
636.6145
545.5398
583.9571
574.9304
632.5802
915.2325
762.7286
759.1698
657.8377
615.4323
520.3839
476.5531
392.0766
310.9706
333.2965
459.7071
736.2958
684.1708
809.0045
954.0163
781.3402
1257.775
1360.045
1279.909
1086.921
1045.006
943.2721
1016.654
947.7868
893.7901
809.9732
698.4164
694.6617
930.9007
1249.559
1197.976
1145.958
1458.143
1293.209
1518.471
1318.115
1263.486
1478.385
