115.3887
103.4434
124.5374
189.5703
200.8464
234.23
245.887
269.3129
339.0515
378.9633
436.8326
516.1919
586.6016
557.2807
737.8406
677.8946
702.0149
768.7589
1075.903
1372.468
1680.207
2506.982
2635.062
2406.489
3423.354
4789.976
7673.894
13327.04
15827.26
20900.32
23418.15
34462.3
49153.19
87128.52
98242.81
105997.8
163308.5
188689.2
356452.5
568798.8
1166714
3988431
15428607
38732953
41685347
45076696
45381545
38638702
44858657
44065083
36068654
47722816
39158252
46127095
45077107
47772216
39271681
45842056
43126785
42269114
36393655
45050727
39758683
33414663
48682966
42345854
39543237
43880743
34571873
42857176
43715653
39784485
45262086
36669520
40105689
35624893
42036679
43116745
46181162
43312603
42580429
44990687
40698304
43842404
39552626
40290262
42261109
45115179
46007729
38712799
44200497
44922146
39036264
47617186
41535732
40771872
40367467
47455961
38600059
40682197
42014468
34445190
42416847
33650976
41636184
36908981
37970376
37308738
41328891
42602910
38597674
38500556
41751443
38739508
37144145
41118772
43742980
38911877
46584596
41993891
46918963
45024185
39323278
41663062
41171616
38238894
35685205
36894769
38546707
36111690
39250929
39867292
44279004
39761643
41463299
34577721
36565060
44303475
44082442
37779274
42113071
48035997
44994206
38483817
39490222
33877710
46261441
36634047
41497617
45157140
41782368
42594613
43205870
39546115
45471447
40926693
40032462
44262937
39722954
41391642
39831305
39902644
43487745
41223513
35024739
43986392
41677627
35826993
36322436
40459493
38618079
44627396
49810821
41214414
43430688
39848476
43878404
41038406
32845906
44450729
46431268
42240373
41758939
35121957
41733535
38872454
40703872
47111007
39887722
44317403
45878879
43100509
41953695
47450207
47363231
40129004
39950826
37115925
45280556
37798153
35769757
37165907
42611124
44274437
39699947
46708258
43827953
40294068
44730717
36559399
43561060
40823539
36874968
43746496
39038261
37982128
39154964
42029693
46237927
40462384
40409604
40272734
45206675
46375025
48193043
40649312
47499621
44044783
38719305
42485858
34613298
42154090
44577064
40805043
36329078
45416211
42413331
38558428
43581039
39381122
39952115
38928521
39604137
42247164
48245604
44660762
43979503
42584000
45260767
45848221
38612277
35999871
37425341
39043342
41913415
43689876
44057010
48816119
40363146
45177243
42600485
34693664
41592488
43898381
43275777
41180979
42779656
37869120
41786042
46804104
39456076
48155300
48721812
39211298
43930530
41222156
40171468
37754184
42334457
44812354
43598741
42028775
46106992
41048153
43740047
41433614
41876379
43292832
41172808
42327492
39412905
40213470
37670634
41078882
40935280
43827094
40723191
39181054
48154812
35223733
44492082
40967727
41712493
50062398
38227166
46106134
50750350
42219553
45151428
41326551
46342798
34737402
38231961
38224905
35597761
42781023
42088612
33157287
37963039
36358509
36764041
36895240
38837434
41094352
35391011
38051912
37432170
51740712
45049697
37694997
39781716
41752423
43084422
51787410
39673552
45526883
42933317
44156961
40328057
46050164
44387404
50107503
36121089
43340561
43033448
43546660
35904135
45525992
49506589
41129788
38914705
44994847
42061238
39980954
37870573
42145446
45515524
40727089
41191606
49061918
51916095
45618255
39593086
41854324
43764553
41242205
41480580
43903361
39052630
35787737
43892678
38559204
46980922
39872222
50313785
36022917
40149439
38491317
40454413
38205146
35769160
40521133
43301563
38433658
38992071
36761926
45797397
42716296
44376007
39383479
45365004
41370776
38710320
46141814
39798288
40778932
48751477
45889803
49500688
34588283
38811736
38056853
32337785
37667226
39879409
48302511
44055261
36514985
38440427
44832181
40931072
45910992
45365434
42816946
38153198
36869496
40740685
36020815
37345525
42159775
39493140
37670157
43552714
42316734
39179210
36832578
38472178
41497564
45878509
44505647
42721122
41080443
38304038
44283757
43105235
49140914
38310815
40681975
47797382
44621997
42772279
49609606
42741692
51972260
40274947
43069326
41120676
43409204
41845579
43033077
38525912
37128973
40147846
52059313
43060688
45672349
47446891
39590207
44129365
47398474
39728814
36721981
40002569
43334550
43104453
35929471
38999297
43666058
43150367
40228984
39179340
41157798
39493243
43709305
52254586
42186873
37447358
37478873
42257590
41842578
41998076
41207275
42007078
49337133
44142581
44028792
39452722
41244636
34740167
43162779
41167131
44028275
41144700
42230367
46102696
41723392
37689178
43758272
36296783
39020924
