687.0721
707.9341
700.0041
720.5055
760.6453
718.0732
693.9916
717.5612
675.2516
770.3986
708.9688
711.9726
741.6097
715.101
702.5144
717.0363
696.0859
733.7956
734.6005
665.3945
630.0649
641.023
576.2935
570.2317
558.0988
574.934
531.6346
567.2212
532.6167
528.1648
569.2508
619.3499
627.6384
571.6833
578.7464
584.2272
537.9833
586.0975
568.2519
581.837
505.8894
588.1405
579.1085
574.5977
611.8286
581.2274
564.0558
556.936
526.2054
545.3623
575.4183
545.3617
598.2804
569.8996
550.1023
605.0519
543.1053
616.5797
515.6949
606.5763
577.4669
584.9492
628.7164
576.4058
580.7815
550.0166
501.5608
546.0543
528.9025
602.1502
544.2215
600.6108
541.2565
612.439
571.9071
567.062
562.0067
546.5458
555.9971
584.7409
547.1871
568.9435
574.761
553.0977
541.1259
499.06
601.4307
564.5418
592.7228
560.0536
615.9596
541.7141
569.5619
517.9734
533.7918
555.5974
580.1358
576.1859
535.1914
586.5245
507.7185
564.7777
566.3097
573.3365
549.1696
604.7194
549.1826
599.3549
592.1765
494.3878
570.2621
527.9739
581.1368
546.3896
583.2508
602.9766
570.5046
567.613
554.149
568.2101
598.1973
615.1181
610.5144
596.7112
572.8689
587.7212
583.6132
599.1994
581.5784
602.1349
552.7387
542.8938
554.0248
648.5618
573.1333
560.7078
586.6936
509.0758
559.6252
561.801
579.7189
541.2067
576.174
524.8311
572.7486
572.7817
544.498
605.6797
565.5338
603.1585
555.948
573.0742
560.9081
521.3757
532.9155
577.0514
577.8119
570.2399
553.6396
610.5145
598.5042
682.8989
524.2374
607.8284
623.1022
543.117
554.4429
557.8476
585.76
570.0806
509.9145
592.1717
536.3086
575.0525
580.9896
539.9022
624.994
569.9992
594.2308
600.9984
641.0411
551.1772
617.1573
551.6252
592.5264
568.9765
597.8839
559.7354
572.3615
589.4032
591.6904
603.2339
585.3836
514.307
565.0457
544.4584
515.2156
577.3587
559.0154
562.3048
628.6164
559.8944
584.4921
540.8928
541.9381
573.077
562.1881
557.1062
588.7099
529.3977
524.8636
547.9504
556.8201
600.5214
584.8375
522.9343
568.4892
543.6655
563.1515
570.7529
649.1941
547.6749
617.0958
521.5868
606.4997
599.5188
568.9399
557.6937
556.0095
508.0893
582.4565
549.4346
590.3264
560.2488
553.4175
570.5285
549.3273
527.7141
606.0701
589.7402
600.0772
609.1069
615.9956
586.8435
562.6278
574.5159
545.7675
528.013
573.6378
549.233
584.8624
541.8817
586.1697
536.792
602.444
579.2382
547.9265
569.5643
611.1247
583.5657
575.7534
540.4757
543.7019
583.4063
573.9483
634.5222
552.1098
601.1186
572.6707
576.9922
529.3257
605.2274
534.4771
553.5129
563.1111
560.2396
627.1323
499.0723
574.1394
572.1011
603.1171
564.9256
604.847
593.6571
561.1718
548.3167
599.9001
530.0962
504.6782
551.7333
553.3758
597.8873
590.8273
545.4381
583.2789
573.0623
587.6598
523.9298
568.832
587.5634
566.8488
578.7617
596.6727
535.3102
586.5532
579.0741
600.3392
577.419
580.5976
562.6198
563.1896
582.0187
616.3041
567.0105
563.5934
522.1456
573.7499
610.4568
590.2758
597.603
542.1721
550.1184
619.3359
631.9871
552.1304
566.4072
628.3417
578.9283
555.4845
513.2506
562.5511
589.3125
551.5033
547.8924
581.676
547.751
530.6736
543.7888
524.7865
541.2408
536.254
560.4787
560.1282
535.4412
601.9241
567.7107
594.4429
561.8245
517.9937
617.9352
592.6644
538.9986
524.5776
508.3627
569.2792
658.1204
543.6082
554.7644
541.1736
575.525
569.743
591.4725
569.8572
549.0415
521.7215
560.8036
535.5694
550.9113
600.0758
529.403
558.1423
582.773
539.7297
613.3291
614.2685
574.5109
627.1524
548.856
575.7156
614.3628
549.4392
578.8497
559.2471
551.6878
562.8121
575.8525
583.7897
570.281
575.3013
595.5003
601.1806
604.7188
541.8098
587.4256
559.1432
543.858
571.2446
595.6524
576.3822
603.3973
597.3667
575.4405
555.9583
548.3589
580.1851
577.9713
589.9651
633.0762
579.5444
510.4977
564.0258
571.2757
619.6077
613.1607
548.7912
576.2899
603.1627
573.1136
587.0525
539.3271
581.8206
602.7508
580.2171
549.1911
516.6013
586.0594
546.4796
524.5491
611.5298
520.9851
539.8305
573.2252
590.5031
596.1896
543.6951
541.4376
535.2033
537.8163
554.924
583.3769
569.2862
531.2713
590.8679
579.8446
572.4792
579.4482
561.6302
593.1926
592.6852
570.1843
532.2505
530.5623
576.3681
597.7553
559.1655
571.1015
609.2956
555.5655
521.4186
586.5066
586.348
577.4395
614.782
582.1513
571.4908
623.6745
577.1219
647.459
564.578
533.9261
564.5971
579.3903
611.9064
601.301
618.2767
569.4923
534.0236
634.4279
567.3435
550.9328
514.665
641.1981
600.44
547.0065
562.0174
577.9118
596.7155
552.7989
570.1739
521.9081
546.8365
522.6553
517.7769
555.8959
574.9974
610.7978
553.0737
556.5301
550.0713
573.4013
