106.6754
162.2354
208.1125
268.6286
222.631
138.2934
192.385
327.6608
577.1808
224.3564
252.2643
286.7745
224.7364
258.4938
392.0488
297.4704
334.3679
330.0838
631.9126
967.2711
1670.149
3250.353
5940.888
7712.282
12181.14
11427.29
11755.31
11069.23
12039.45
11473.98
10688.88
8241.008
9656.589
11091.76
9505.912
8572.658
9495.418
9486.569
11092.44
10707.09
10372.67
10910.42
9355.892
12413.12
9681.945
9147.802
15207.86
8525.018
10355.42
12855.61
11860.66
13727.57
6966.999
8824.989
10620.17
9245.341
13739.89
8029.561
9152.3
9170.396
9985.516
14193.3
9482.175
8807.558
8251.059
13879.49
10293.4
9247.054
11197.96
9369.606
11105.79
8572.791
12788.68
8107.734
8183.712
10717.94
14438.98
10625.38
8933.726
6258.707
11487.67
9613.78
12274.22
8859.042
8641.351
10523.16
10941.58
9837.129
7845.473
7809.125
7830.217
10843.11
12024.21
9815.676
11829.3
14551.96
10062.54
10913.01
8838.588
10559.17
13787.71
12976.66
8583.85
8919.922
8686.358
10416.83
8372.659
8186.93
9732.262
11565.89
9478.094
7359.458
8730.484
12305.62
10994.29
8679.224
13378.91
12477.85
9483.598
11524.95
8822.234
10112.94
10627.72
10189.8
10102.99
11778.94
10194.23
7630.692
8031.047
11571.97
11261.99
8740.143
11320.39
8672.358
9240.139
9826.909
15438.14
12387.79
10277.11
10914.01
9906.197
9655.788
7912.129
10290.36
11017.32
11242.1
10183.43
8872.361
9877.836
14417.49
11427.62
10039.21
10574.84
8498.717
7422.271
7768.256
7170.239
12493.32
8107.958
9803.088
9286.097
9272.383
12147.07
12688.3
8627.086
11515.95
11628.16
8063.819
9301.444
11442.33
8022.24
10595.78
12685.67
9583.663
13493.1
11307.37
8824.15
9477.031
10166.29
10719.99
11099
9698.615
8655.365
9477.033
11421.02
7974.419
7189.482
7783.697
14119.71
8044.668
7790.414
7028.513
7525.244
8311.66
10310.1
10158.04
8927.903
8618.124
7930.285
10002.48
10692.21
9948.701
11150.87
10976.34
12114.8
7428.72
9573.716
7731.725
8709.795
10547.77
9775.531
8338.21
9868.183
11903.94
11594.59
10977.15
8510.041
7177.178
7393.204
11766.35
10622.82
14524.53
11635.01
11150.48
11548.89
8134.047
9598.15
13098.72
11768.82
10522.1
14659.41
13634.71
7523.363
10948.68
10007.54
10525.25
12530.09
11502.68
9189.232
8213.475
8489.628
10039.31
8628.898
11384.65
10791.13
10319
11299.99
10792.92
12514.81
10451.9
10103.42
9242.168
8616.756
10330.91
7677.317
9134.372
14280.13
11296.89
8530.714
11993.04
12056.26
9051.127
13223.84
7089.494
10926.45
13222.2
11633.26
10901.34
7492.094
6962.255
11296.41
12174.02
11184.18
7608.042
9035.271
10453.8
9408.057
9086.162
8930.589
8144.832
12707.19
7568.711
10273.19
10849.77
12966.11
11300.25
10024.46
10167.58
10555.41
9969.231
14290.62
7663.018
10300.87
13355.37
10918.75
10290.07
9967.234
10199.17
10584.72
10282.66
14015.92
8690.559
10969.97
9477.318
11864.49
8551.514
9086.976
9806.657
10082.73
7619.752
9733.51
8241.153
11816.23
15125.26
13228.95
13018.39
11205.33
9139.37
9377.814
9390.238
10250.62
11329.02
9239.618
8842.461
10086.9
9104.782
11131.08
10211.81
9670.727
11756.98
13172.29
10809.4
11264.21
8212.415
11715.81
12783.13
11070.44
7180.501
11165.3
11285.39
9570.799
8874.73
10219.76
11250.32
8962.859
12339.88
9086.257
10919.27
9826.884
10311
9325.432
9716.72
12256.43
10230.93
12318.11
8455.107
11531.75
9676.187
12284.6
13263.55
10084.93
8499.563
10465.5
17112.57
12565.49
12416.98
10839.36
10012.24
10332.09
10629.82
11893.23
10957.65
9826.464
8503.657
8168.131
13711.17
10923.14
7899.161
12569.14
10494.16
11826.29
11525.31
9399.011
10885.14
10388.54
11183.84
8678.12
10407.72
11625.32
12685.39
7840.156
8564.67
11426.4
8585.868
9732.965
13424.4
10673.65
13463.78
9570.368
10250.23
11031.24
7554.595
8870.359
10240.73
7095.771
8957.139
10683.85
9994.096
11631.02
12172.98
8732.74
11424.45
10304
11077.74
8959.733
9507.472
11059.51
8670.428
9319.115
9937.989
9402.091
6688.459
13394.22
9396.318
8844.321
9094.394
13559.69
11717.14
12689.55
11715.5
12531.61
8041.316
9377.842
9371.144
9732.067
10378.45
11091.08
13418.97
11490
9660.202
7838.82
12053.66
10271.76
10456.23
10455.36
8352.388
8922.908
9601.085
11485.42
8924.302
13066.69
14238.96
8972.172
11342.65
9369.344
7560.407
9223.431
11175.88
14992.63
12547.3
9857.368
9034.147
10444.83
8708.908
9561.72
8601.655
8013.665
8716.003
12485.41
10827.18
7807.446
10663.11
7531.743
12847.03
11132.87
11657.06
8122.397
10716.45
10264.53
9607.845
9726.799
10567.08
7241.506
11727.62
15164.76
10863.11
8828.878
15764.56
10115.4
12324.97
10857.29
12454.71
14863.04
13113.62
10129.32
13199.19
9978.569
11690.14
8191.245
13063.49
