10.0367
14.57952
32.32458
32.80069
45.07358
62.73164
95.2684
160.7797
161.8417
144.5559
72.67064
68.96568
72.1019
84.19262
79.78895
77.44222
112.1318
136.8608
112.1677
101.3769
116.0866
162.009
109.3379
181.7828
250.7674
193.6495
221.7244
160.9891
178.3251
230.2736
136.5778
83.12532
69.74104
109.8583
166.3706
163.4531
116.1182
157.227
154.9267
111.401
135.4664
116.0907
120.5835
90.19778
59.02329
71.39119
54.8886
52.16319
51.20757
95.28756
48.23603
37.74889
54.98879
51.10125
42.91781
51.38555
43.83437
56.33731
50.11612
30.35364
31.54588
33.86129
30.14647
36.84849
51.29477
84.82913
150.3123
130.7011
65.29665
101.611
68.26064
27.62039
26.84338
29.976
46.71239
43.35553
41.12277
68.86279
66.40361
75.13934
110.3422
109.7986
106.1215
122.045
207.6863
137.294
72.63636
102.455
88.44895
83.09695
130.7926
130.7082
105.1665
68.73544
63.73867
60.89304
73.51618
108.6226
98.71718
89.61941
99.87418
61.63309
94.04388
72.57325
60.01984
50.01746
57.44017
35.34486
60.98655
63.51761
64.98633
67.71543
55.54183
56.47127
80.465
115.0514
166.4458
67.80118
50.53957
54.04298
45.76035
55.82676
61.66039
103.051
81.10357
43.58988
43.3268
61.60374
81.94281
80.88488
87.40346
89.71916
139.8089
133.0391
124.857
87.68218
132.7925
111.1868
90.5404
122.5568
125.8897
87.96606
108.4289
130.4262
121.3469
127.0251
118.3694
57.74101
23.91946
26.42138
17.70158
27.47304
61.99375
76.73035
93.92366
129.644
106.3274
102.9382
108.854
95.34125
95.60402
142.2984
54.23745
66.48543
88.3654
52.33171
104.4051
190.4219
186.8538
143.6417
154.1979
205.5627
183.525
269.6841
161.7658
154.0187
154.0844
156.3417
98.67667
77.4994
96.59836
128.5781
125.9544
178.215
184.374
136.1105
126.8341
66.09384
60.35238
72.54897
31.2258
32.39441
27.1219
48.29979
84.57344
51.8109
60.70377
37.3742
65.58676
96.78327
50.21991
58.89575
70.70231
128.0668
129.9489
126.5932
86.30142
68.37329
59.90171
42.6156
47.93837
51.22707
62.00069
58.32144
129.2393
131.3954
98.09178
72.2443
55.68943
74.76308
118.5912
116.0513
90.68799
91.10664
86.54484
108.4768
125.7677
76.1543
90.59905
179.1706
164.5449
169.4747
154.8788
209.1478
201.9538
160.2043
228.4491
249.5136
186.6568
139.9535
98.58266
202.0822
201.5917
326.0328
216.1442
180.6395
165.6868
129.4767
90.91686
93.72105
49.80337
68.99881
74.64308
120.0481
99.2251
98.14336
139.4581
124.3199
250.7294
155.8093
238.9311
250.7472
183.566
190.188
209.4393
120.613
70.33728
94.6441
85.05856
149.0231
111.998
68.74627
73.00069
70.77787
123.0252
96.91898
105.425
151.2971
141.9468
109.2625
107.3222
114.1604
191.2001
188.2872
195.2292
256.6777
152.5901
124.6334
113.2603
138.8739
90.92632
113.5719
152.4214
87.15125
81.32485
71.93678
54.64145
80.73416
70.96556
90.1837
64.74461
115.7351
150.0624
113.2149
67.08296
111.4704
78.33779
164.8922
122.6991
113.5236
111.4616
85.94955
108.487
125.3222
76.27886
78.14486
45.49218
38.59837
54.26825
44.20998
35.26228
30.65864
37.27991
35.8431
81.44174
89.77929
98.87374
87.77378
98.55188
130.5897
66.62185
107.4173
140.975
169.935
142.0612
114.4674
127.676
159.5954
175.3753
120.2228
172.3864
119.1017
99.80381
141.4832
155.6643
128.4968
91.72493
51.96026
55.69495
66.73323
121.686
111.8165
85.76291
82.51634
74.63942
67.72354
103.3583
154.1147
106.7365
62.69165
55.41962
61.50689
65.60115
91.06808
74.83206
35.39091
52.66155
34.88379
17.58828
24.74948
25.55048
23.18769
31.57121
54.17546
44.76844
37.73666
33.46991
46.72387
75.2368
54.62125
62.66135
74.34716
84.45112
137.282
84.41753
86.64494
63.0645
67.64738
100.8043
106.555
125.438
55.8683
54.75119
77.8591
49.10305
32.36244
39.62793
73.91634
70.0889
43.76718
38.60196
50.95994
49.28465
81.88601
54.46057
93.47561
67.2915
95.12721
105.1556
91.0112
147.275
191.7491
121.6469
109.0543
97.17663
102.8889
62.15692
106.982
72.98735
101.5147
128.3752
230.7166
281.3854
169.077
161.2205
143.827
120.292
108.8076
130.1185
120.5536
90.22216
60.28126
49.84404
53.66706
54.62418
44.89518
51.39918
43.00154
43.96372
31.59767
29.80137
48.22845
48.98904
63.48991
59.34503
68.47822
88.51117
139.1654
168.0202
154.1755
142.5737
201.5116
171.2333
164.038
294.2868
277.2165
181.4551
193.0496
63.42531
103.0701
155.7106
201.4045
146.5076
90.90535
71.45319
78.23309
107.8915
149.5138
125.08
103.7014
101.6191
121.8901
146.8447
167.6588
61.96385
77.07304
77.39054
65.10348
100.9439
78.26092
77.8337
129.164
141.0657
191.9804
85.45408
65.74683
87.92826
58.62507
91.05754
91.36637
115.2244
127.713
109.3747
85.10539
147.2609
101.458
88.36081
84.64824
71.01786
81.97585
