50.30204
44.28897
26.58284
21.14867
16.60312
18.76186
20.00999
18.48373
18.70324
14.1473
17.24087
17.92446
19.45445
22.8897
27.43103
27.37806
19.40936
14.70591
15.321
16.27963
16.25633
15.7519
11.27244
12.27028
11.75096
10.56478
10.35168
12.0132
13.87835
15.55696
18.02087
21.13045
14.90887
12.87253
11.16199
9.887495
11.04754
13.49144
13.27072
12.39166
9.231521
11.66383
16.74281
18.50649
14.01993
13.88271
16.89839
16.23011
15.93859
17.76804
18.29955
10.48248
8.619193
13.44582
17.01283
15.76048
13.95176
11.86642
11.72949
14.14634
15.39904
16.45567
17.04673
18.20881
14.25975
13.39025
17.70897
17.32847
19.81684
24.62999
19.50858
16.90108
13.69907
15.25886
15.04318
12.02362
11.64109
15.26702
13.27712
12.08494
11.41312
9.509529
10.96396
10.45132
9.567092
8.223054
11.25217
12.94461
15.75203
16.43393
15.52174
15.35051
11.99385
15.16966
14.3879
14.93363
13.61993
15.18225
16.68547
16.57261
19.84582
21.61746
19.99201
18.54227
13.59816
9.622885
13.01356
14.47465
15.67959
11.00522
8.607645
9.668802
9.793466
9.316923
15.09872
16.67238
17.54287
14.60788
13.22365
14.54701
15.91122
14.02405
15.82161
17.73456
21.32929
26.68997
22.74905
16.91731
16.23947
16.40503
16.49895
18.58584
16.6345
16.33199
15.51427
20.45965
18.5331
20.54485
22.49858
18.89739
27.51587
27.15271
22.95068
28.21604
35.98556
33.36455
19.92474
19.91905
16.27654
13.267
14.99769
14.20774
14.03297
19.40433
14.70741
10.6414
13.23152
13.27282
19.93074
17.86193
18.21841
20.08413
14.42846
13.97588
15.25416
14.77922
10.47873
11.80204
11.02214
11.16924
11.85212
14.84093
16.18653
14.24067
12.57769
11.11664
13.15207
14.23551
13.08528
12.06383
12.43277
13.5905
17.10425
17.53987
23.7224
17.14624
11.64304
12.223
14.12032
13.57284
13.27895
14.40018
12.98023
11.77137
13.42884
14.62963
18.61387
16.09853
15.01406
16.09895
20.04415
13.05257
14.67927
18.62013
20.06208
14.17449
13.1784
15.25211
21.15726
21.11802
16.52515
19.54768
21.87044
13.92774
15.82158
12.12278
14.58809
14.51544
11.73177
12.38273
14.40815
14.68217
15.78426
17.03512
15.9792
22.51282
17.96776
16.37423
12.77679
16.91165
18.25527
18.68473
17.57972
13.24471
12.47805
15.87929
14.91319
17.68174
20.30033
13.52099
14.42195
11.92781
11.71621
12.60478
11.4971
14.30971
13.14756
14.34061
14.17922
17.22331
13.37594
12.56797
16.07505
13.85175
18.10044
19.42132
11.51238
17.15624
17.54088
15.59655
15.80051
12.64068
14.83937
9.987406
11.63616
11.04351
15.08391
17.29479
13.33257
20.21971
14.71986
13.21704
16.84139
15.91831
14.08507
22.81043
19.62047
11.82213
14.38605
10.19997
7.408589
9.564152
12.38812
15.80767
21.43642
20.27994
20.78744
22.41947
20.59878
13.89455
16.15467
19.65981
16.1723
24.69422
21.74755
19.81023
19.21233
15.60002
26.92118
28.40827
22.32505
24.29941
18.1865
17.21572
14.717
15.95208
20.02969
19.84935
21.47981
19.26722
20.62472
14.84726
20.26283
27.58485
32.95157
29.79211
29.64638
25.76729
17.01197
22.25442
19.57812
20.35265
19.15714
17.6825
17.02715
16.22996
24.90629
18.63329
16.14382
13.91672
16.51607
18.55249
14.24819
13.28284
13.36496
13.32684
15.61524
11.32927
14.05431
15.41108
14.07563
12.09319
11.0952
14.44494
14.36873
13.22781
13.60308
13.1072
14.17969
15.15012
15.30194
13.83374
17.29644
19.6036
21.77
25.33527
18.20033
22.36804
26.79344
24.44906
25.24485
23.62413
17.16163
16.74862
19.46155
18.35713
18.75599
15.63211
15.42897
16.81147
19.29545
20.03291
21.55713
14.49082
14.7017
14.53884
16.12768
15.48343
16.48707
17.58125
18.7613
13.63168
13.872
13.87016
17.70371
16.99435
18.54153
22.94233
21.00434
24.93881
32.90591
29.31905
24.64151
24.34009
19.82732
21.23065
18.61385
22.73455
19.1496
17.80142
22.2997
22.99452
16.06221
17.37667
17.41166
11.34686
15.71037
22.34561
13.08116
18.34848
17.00942
17.36596
18.19656
13.04789
16.02975
17.07997
19.10465
20.64158
19.10702
12.29337
13.08331
16.32676
17.41329
11.0254
14.255
17.87454
14.52513
15.24127
14.41651
14.76967
15.27245
13.8714
24.26393
16.78454
19.13547
21.57848
16.57606
14.78856
13.93975
13.33908
13.10739
14.37101
15.33246
15.77144
12.45965
14.47284
9.938127
14.64423
15.18703
14.55143
19.24563
15.9097
14.6541
12.88273
20.5372
13.27732
16.86725
15.04962
15.92434
14.90123
14.91
16.12492
19.21587
19.31711
26.61136
27.99448
22.05779
12.67564
10.45391
14.28617
15.76481
16.92848
20.41501
18.55949
16.81733
16.14006
14.35273
11.34263
12.18703
13.88044
17.47548
24.23342
19.99585
21.5459
12.50942
14.37295
13.9565
11.03252
12.74826
13.8427
14.30077
11.2793
12.40386
15.95654
13.6898
15.61931
14.28005
12.6871
14.50655
16.29035
