88.93178
91.89684
89.04349
94.74349
93.05105
96.70636
93.32778
90.31777
92.06425
91.0294
90.17504
90.43206
92.71656
83.30456
88.95257
79.87103
68.40696
61.68097
55.16826
61.28574
59.748
54.56812
57.28085
58.37298
53.44513
51.88581
53.77737
54.78682
56.74892
60.1795
57.81353
52.21466
55.74846
54.90134
52.86795
56.20446
56.81329
57.0952
56.35238
59.86788
52.06132
53.4107
55.20909
50.26446
62.8099
58.29867
61.6306
62.71324
56.58817
54.51743
54.79925
55.60435
57.47766
52.13332
57.61284
56.83306
52.56733
50.80688
59.76215
52.94245
52.91128
52.67751
53.99625
57.87284
52.89332
57.99892
50.31465
57.85687
54.23901
60.19784
58.96897
58.47719
60.61943
57.54433
53.40397
55.66602
60.79576
61.73544
57.45138
62.59527
56.80799
55.69477
53.0836
50.73247
62.66545
63.70554
51.61664
54.3749
54.98128
61.08008
55.98051
64.03791
60.92382
52.88654
54.88429
52.70297
56.00628
58.4924
57.20121
59.80332
58.87233
56.10122
61.56484
55.52994
59.00145
54.05985
55.81894
53.24518
56.5475
61.65425
59.67445
55.71727
56.18041
57.4127
54.67176
62.80559
59.3808
59.44364
55.74617
53.32602
55.54414
58.44511
60.56576
60.17094
53.24719
55.12651
55.80247
51.9364
55.91272
53.87243
48.74667
57.24526
51.02228
56.65282
55.78508
56.26775
61.05614
59.94039
58.31273
58.42577
58.4424
56.55154
56.33471
53.00807
54.43759
55.01949
60.81396
61.28809
57.96821
57.45478
53.2958
56.84716
54.01514
56.84607
55.06644
52.63844
60.57557
55.00909
48.06602
57.51612
53.79908
54.92522
54.03896
54.77259
54.30376
59.37955
54.19945
49.6994
57.88343
54.7549
53.9328
61.94441
56.70905
56.76783
53.77473
57.22975
55.23795
58.19555
57.83954
56.60314
54.77085
55.59203
51.17329
58.55748
62.2264
62.83864
51.64865
61.91154
57.24609
55.62764
60.85488
55.92788
52.79081
61.2591
56.41823
55.72289
62.0106
53.84782
53.89616
59.85108
53.58121
57.9137
55.92429
54.63902
51.36154
57.72193
53.41135
57.33531
52.06721
58.63165
56.46496
57.72244
59.93305
52.10893
58.54491
52.10243
56.29707
60.69588
59.72473
52.20372
57.59922
57.82586
56.05919
50.71615
53.52499
55.7348
54.76573
54.03291
53.27846
53.98533
56.1509
58.27403
59.06478
60.84745
53.92409
54.5269
52.62743
54.11971
53.63748
51.6218
54.09076
53.68371
58.08449
55.05883
53.07874
57.24904
53.67189
60.42531
60.75851
56.09108
58.7738
56.00014
54.78215
55.63294
63.90486
62.42941
56.44554
53.74847
53.2332
55.21481
53.68646
52.87614
58.43675
55.55493
54.93087
54.32729
51.75313
52.47453
66.16964
59.82596
58.20184
45.0552
50.31384
56.25107
61.34034
58.0891
53.51096
51.70939
56.42433
50.83413
52.12185
57.53316
57.73871
57.8095
64.26743
58.0974
56.16592
57.65994
53.99189
57.4683
55.54847
52.48991
56.44871
63.56687
53.86713
53.50985
57.2008
58.04225
54.93862
59.60054
56.02575
58.4569
60.77088
60.41559
54.61464
53.43167
53.99358
60.16885
55.71238
59.24492
57.79909
52.05926
55.2511
54.36454
60.31798
52.20013
57.26883
54.4637
54.44256
54.79394
56.92596
58.97947
62.06323
57.07921
52.33517
54.60854
62.82458
61.22108
60.72755
49.58093
56.27672
53.8754
53.91843
58.07088
51.65017
53.63491
54.8943
55.25161
56.83367
49.09072
51.91544
56.79278
58.12909
48.73906
49.63586
57.25606
57.70808
52.74651
54.92742
61.28101
57.31659
58.76979
55.43816
54.09821
55.18135
59.60217
56.75384
50.37586
51.48298
53.14728
51.24496
56.57051
55.47548
52.90803
56.70692
54.69963
56.87647
58.08366
59.42848
55.51079
58.56365
54.72046
62.28698
60.74022
55.57899
53.81677
53.25683
58.1228
56.2943
49.84553
55.2707
56.38908
56.89225
58.78583
54.27817
56.3635
62.64959
57.00753
59.78392
54.8146
49.8559
51.25525
55.65969
59.2222
56.70486
57.72929
53.12076
52.52158
54.36323
54.98169
55.79719
52.24059
54.72992
60.80149
55.45088
47.52086
51.33276
55.88489
51.7056
52.49436
55.59884
55.6318
57.1136
59.8577
52.0741
56.45687
51.4999
55.67091
57.95013
56.72229
51.53471
59.43469
54.74334
62.50214
52.67743
60.83894
53.1485
48.95675
49.55401
54.44727
58.74376
57.75032
57.88046
54.65096
54.23279
58.39677
57.00249
53.96631
53.56014
59.43554
56.87222
53.31083
58.96568
53.78702
56.84917
57.47467
57.85914
53.54691
58.34641
54.99061
54.1954
60.19285
54.74325
55.05292
54.43013
57.38531
56.96093
54.45485
58.7554
52.64058
53.95784
53.28183
57.12102
57.42213
60.95745
52.29255
53.761
57.92419
55.973
60.04127
58.52414
60.56176
52.32718
53.93575
55.80257
58.23715
59.00625
54.64142
57.26602
57.62711
54.06777
55.26244
57.03952
50.73157
58.45276
55.84511
54.2337
54.24891
52.59406
51.51086
57.18669
57.81165
55.29461
52.58021
60.75044
53.93316
55.63956
62.1607
53.65403
56.90793
