86.51019
87.89961
87.83813
86.43578
86.7167
87.41604
86.10696
87.26798
88.94496
87.52653
86.64111
86.98065
86.35842
86.03059
86.44253
86.357
84.60174
84.8708
82.57033
82.33744
82.19634
81.23489
80.41069
80.26486
78.87044
77.89326
76.51527
77.18978
76.37869
73.86963
74.14607
73.68239
74.44616
74.62815
74.75799
74.14361
72.60916
72.16834
72.29587
73.2184
71.18138
71.56701
72.30393
71.82538
72.83913
73.73989
74.06511
74.13014
74.24559
75.20815
74.75167
75.02378
76.15182
77.51179
76.21538
77.84057
77.83262
76.56496
76.54487
76.86095
75.89256
75.72267
75.43532
75.58088
73.18004
72.69982
70.62959
70.14149
72.05959
70.80778
69.33398
69.20813
69.08911
68.85489
68.47732
68.27663
68.43841
70.01597
71.10429
71.35764
73.75314
74.22457
72.97951
72.88214
72.96412
72.44398
72.70171
74.74012
74.82012
74.90303
73.02587
73.64333
72.90118
72.47746
73.40023
73.68206
74.7851
73.3449
74.44485
72.16867
70.95662
70.53155
70.57178
71.0585
70.68422
69.1875
68.90675
68.05345
68.22067
68.36234
68.25841
67.20323
67.09554
68.43063
66.40711
67.25652
67.87398
69.30658
68.91624
69.34594
70.19771
69.2166
70.69673
70.37571
69.02915
68.28934
67.4702
67.5711
66.12727
65.31561
65.2745
65.61043
66.76084
67.97714
67.75007
67.55687
66.34949
69.04461
67.86328
66.65019
67.24718
69.09248
67.33566
68.0121
68.5012
68.59958
66.4543
67.72852
67.13013
66.18234
66.34781
65.89817
67.68512
67.46774
66.71708
68.29097
66.74139
66.78995
66.74364
66.88361
65.73794
65.44518
65.20648
65.40469
64.34963
64.0229
63.52767
62.94662
64.22039
61.98312
62.03278
60.79995
60.59198
60.75465
60.5455
61.74027
62.73108
64.56018
62.5968
62.86325
62.75191
63.5277
63.66735
61.89053
64.03954
63.76512
65.70575
66.24755
67.87482
68.12247
69.79233
70.90919
72.17012
72.75666
72.93515
73.13045
74.53934
73.0902
73.29875
72.84272
71.03603
71.65437
69.5954
67.94204
68.13966
68.29069
66.80747
68.50086
68.46433
69.09845
70.09307
70.17584
69.77395
70.59091
71.59237
71.75943
70.72654
70.06632
70.29952
70.053
70.89429
70.5133
71.58968
70.78441
71.17355
71.34063
73.72937
74.48172
72.83141
72.75734
71.2014
72.5212
73.51233
73.4264
73.74103
71.33899
73.08455
73.61089
73.16199
74.45234
73.25972
73.08545
73.1118
73.94936
72.91113
71.12221
71.72282
72.02914
71.21053
70.63226
71.31212
72.21797
71.29394
72.58528
71.05515
70.91468
69.79926
68.46633
66.55583
66.71988
66.62154
65.08504
63.1924
62.60659
61.35701
59.2803
60.45835
60.77744
60.23437
60.70206
63.02476
63.59899
63.20205
62.08512
62.21239
63.30422
64.99343
64.9475
64.53379
64.62967
64.25153
63.40382
64.35032
64.56278
64.53059
62.98411
64.62931
64.29074
64.8533
64.04266
64.27773
63.67167
64.42025
66.40967
66.18372
65.01647
65.27917
64.339
64.82494
65.28916
64.51422
65.86482
64.80181
64.06976
63.53458
65.33024
64.87767
63.21421
62.81931
62.43829
63.1832
62.73711
62.63053
63.02755
64.89815
65.56882
65.76003
66.17604
65.48188
67.24804
65.89964
64.12872
63.76398
65.64044
64.08844
63.74889
63.08287
59.48758
59.89988
60.11074
59.5869
60.42804
61.22956
61.01285
60.1334
60.55156
59.48413
60.50343
59.39492
59.81309
62.1049
60.7807
60.34393
60.92535
61.98818
61.63623
62.18906
63.76036
63.75372
62.74983
61.4528
60.98308
60.60791
60.29783
60.07772
60.98239
60.77201
60.82324
59.84001
60.50965
59.61172
61.96785
60.75992
60.5236
59.34182
59.94541
59.25245
59.15258
59.15395
58.90862
58.23542
57.39279
57.8673
57.86145
56.33477
55.11864
54.39561
53.05278
52.47291
51.55593
50.30604
50.24573
50.56994
51.78002
50.93739
50.37156
51.3125
52.59447
53.57119
53.96375
55.91492
55.66551
54.64856
53.5997
52.64854
52.01662
51.40554
53.21857
53.4769
54.85692
53.57127
53.24807
54.54632
51.87581
50.65058
52.64453
53.06359
55.53688
54.49193
54.8514
55.38079
55.17958
54.66227
54.92812
53.50925
52.62035
52.1442
50.39395
51.47883
51.46501
48.558
48.36019
48.35187
48.50127
47.9391
46.87616
46.59897
47.4786
47.36363
48.47522
47.87213
50.14652
50.59434
51.64537
51.75269
51.83777
52.06087
52.91671
51.8022
50.29945
51.47829
50.79282
52.63045
54.00789
56.75284
57.13912
56.88193
56.64126
56.29957
54.73214
55.36509
56.13482
55.5002
55.61459
56.22058
56.13605
55.87101
56.36063
55.5886
54.47843
54.07739
54.23751
52.73828
52.98964
53.23851
52.83625
53.17219
50.31663
50.23111
50.80508
53.37955
54.61476
51.87734
50.58957
50.0815
49.92309
50.90284
51.59276
52.74626
54.2717
52.58187
53.91
55.15186
57.64964
59.0213
58.63897
58.64955
59.3616
59.58095
59.48108
58.65771
59.22214
57.52112
56.0571
57.1308
57.34193
55.92037
55.63255
58.12101
56.58769
