0.6925888
0.4050725
0.1279033
1.151269
1.643232
2.46402
0.8222761
0.8481594
0.3319367
1.15389
0.545667
0.6608613
0.3250386
0.7368113
1.173317
1.139844
1.81452
0.1409645
0.1892406
0.6362377
0.3244476
0.3546336
0.3430774
1.045145
0.5595895
0.2554527
0.922
1.062662
0.2316844
0.2699088
0.6100137
0.6802829
1.16711
1.112774
0.5937538
0.629391
0.2206976
0.1889745
0.1871368
0.19798
0.574132
0.4270878
0.4178099
0.6925053
0.542396
0.4455391
0.08029743
0.2605484
0.3324167
0.2574913
0.1398847
1.395413
0.9288908
0.4582198
0.350133
0.4300991
0.2280791
0.2140894
0.349577
0.6421666
0.5141812
0.9798554
0.3617368
0.4580482
0.3081336
0.3461407
0.1761785
0.232712
0.2434005
0.6973197
0.3792758
0.3333807
1.126423
1.738114
0.4057819
0.194442
0.1458917
0.4774144
0.1418846
0.2135564
0.622074
0.4828488
0.1942263
0.08809521
0.4269279
1.058774
0.1345882
0.5398722
0.2800459
0.2066861
0.2808537
0.5796284
1.078089
2.402761
0.6600867
0.4399371
0.5463955
0.4155685
1.944948
0.5240286
0.1805666
0.1711982
0.3403745
0.4830938
0.2739479
0.2118539
0.4372707
0.3965374
0.2901942
0.9667411
0.3047708
0.3289128
0.1666353
0.2226918
0.5409307
0.428216
0.4506429
0.9069424
0.7473011
0.6095848
1.695023
1.154605
0.3851813
0.2595699
0.4565223
0.4247775
0.3606185
1.261331
1.997806
0.2481373
0.6770781
0.5702524
0.140388
0.446164
0.3087297
0.7874373
0.3183775
0.4837415
0.59353
0.2098506
0.3829197
0.1983518
0.4447026
1.129781
0.6741137
0.2727818
1.736143
0.2386374
0.168392
0.2073808
0.23299
0.2605729
0.7716787
2.20386
0.4544817
1.03594
0.7125187
0.3912237
0.7743582
0.4652313
0.3304877
0.4122494
0.272077
0.4326076
0.6323162
0.8144878
0.5586617
0.5950233
0.2271527
0.433605
0.3611084
0.1748934
0.659929
0.3030224
0.2776944
0.347356
0.5550508
0.2161052
0.2512189
0.1713787
0.4658234
0.5640554
0.2212272
0.241106
0.6794799
0.2654256
0.1781409
0.2719825
0.2684067
0.2685208
0.3099662
0.1132536
0.2810328
0.1108695
0.2973811
0.2683915
0.3837357
0.7483251
0.7695482
0.4487535
0.7500761
0.3514494
0.9345364
0.1954449
0.4275333
0.3535027
1.36548
0.5531251
0.153042
0.3976528
0.9077653
0.3176192
1.225668
1.794395
1.251339
1.179188
0.2591453
1.11489
1.323733
1.133373
3.62685
0.9152637
1.9329
1.671751
1.05641
0.3808564
0.720292
0.2864539
0.3061325
0.2064054
0.4881119
0.1999094
0.2310013
0.3904765
1.045104
0.4425408
0.4741789
1.348323
0.1475688
0.2235666
0.3847324
0.7433011
0.3407469
0.4671706
1.11305
0.9186188
0.49478
0.3076044
1.064834
0.5959383
0.2127327
0.5208022
0.100839
0.1324223
1.111641
0.2213885
0.4567462
0.3024461
0.3869532
0.2471418
0.4299142
0.3147672
0.5462811
0.201514
0.1914513
0.1759164
0.3145755
0.6704846
0.3724541
0.6379048
0.1437955
0.3426041
0.09409304
0.4042015
0.2856934
1.119505
0.2143045
1.40064
0.2694403
0.1783341
0.7757271
0.3878341
0.442791
0.2221799
0.1749865
0.1693876
0.3787214
0.4718934
0.8601162
1.836091
0.3326017
0.1276807
0.1439612
0.3281847
0.321303
0.413704
0.6531785
0.3272454
0.3163959
0.1882816
0.2331138
0.2410541
0.371363
0.1455843
0.1424122
0.4882964
0.5320367
0.3391039
0.2090216
0.2850852
0.5746093
0.2259434
0.2454342
0.442696
0.1332929
0.1754826
0.2445256
1.49225
0.1417081
0.740516
0.498185
0.1700112
0.5553914
0.1715942
0.2162415
0.4411731
0.2871184
0.2720949
0.5365721
0.1879842
0.1997233
0.4712684
0.2476501
0.4834588
0.2794654
0.2378104
0.3420244
1.056655
0.5219587
0.1819286
0.2093988
0.4111653
0.2683467
0.1262438
1.088079
0.6538928
1.641623
0.4929566
0.236307
0.9043898
0.4700865
0.1641547
0.2138865
0.5511247
0.1957057
0.3327414
0.2192519
0.1432288
0.4619088
0.4294632
0.2898176
0.2850075
0.6079287
0.3013383
0.06802962
0.3160139
0.2288738
0.1308564
0.2783984
0.3017785
0.3645534
0.184571
0.2007325
0.3445289
0.1316331
0.419229
0.2304767
0.9942627
0.2708516
0.6542664
0.2241365
0.2113268
0.516948
1.847284
0.1442771
0.3341602
0.7532137
1.533611
0.5991326
0.606163
1.873928
0.1474554
0.1287097
0.8189209
1.613844
0.96433
0.1753311
0.5863252
0.7375694
1.036333
0.3203666
0.228204
0.507392
0.6265478
0.1799664
0.2509697
0.3587389
0.427855
0.419007
0.7824175
0.4673017
1.117622
0.1830997
0.2960311
0.2550358
0.219375
0.9542087
0.409828
0.4921431
5.655041
0.1503395
0.3000721
0.3546677
0.2397295
0.3539646
0.2091845
0.2179494
0.3502185
0.2313297
0.220647
1.131156
0.7396008
0.1343027
0.230809
0.1248584
0.4243049
0.5242195
5.49215
2.262198
0.415169
0.2117468
0.8677007
0.4899831
0.3196907
0.1468407
0.4445887
0.09754325
0.8665084
0.2616003
1.51159
0.5017082
0.5737315
0.3288618
1.034054
0.2617751
0.1756997
0.2394432
0.5979261
0.5185959
0.324726
1.023493
3.562305
1.27458
1.814909
0.5402208
0.3347068
0.4417334
1.67996
0.8926805
0.4956727
0.2681508
0.2108596
0.2229226
0.4335628
0.1699568
0.3054898
0.1646055
1.232606
0.6667816
0.2146003
0.4410485
0.2550249
0.2201917
0.6260254
0.2151418
0.1782653
0.2049997
0.6127884
0.1964091
0.7868986
1.093279
1.01865
0.2971211
1.050895
0.5402837
0.4406699
1.224157
0.3955126
0.3217377
0.2573665
