296.0534
323.4165
118.7661
60.34073
55.18572
49.0222
46.75437
56.08066
52.63502
52.91685
54.78769
52.60451
49.42713
48.24711
51.97721
50.57761
55.14547
58.70884
51.98421
56.93722
52.71026
50.33791
51.94878
50.93795
49.76152
60.99719
56.80319
57.72592
52.32491
57.02237
51.77106
57.0575
49.92276
52.1822
52.75229
56.53667
50.28383
52.06123
55.69598
51.8347
53.09592
51.12745
57.88406
54.90517
54.78601
52.79985
59.52873
53.75609
57.29392
52.7877
51.10793
51.65405
48.09335
54.64349
49.91218
55.33656
50.43662
50.48951
52.42943
50.15193
50.7994
48.57963
53.27399
50.14615
52.09417
51.60869
54.5837
56.27195
51.12588
50.10165
52.39555
52.21962
48.68407
44.95322
53.8443
52.22314
50.91149
55.94809
58.58389
54.54711
59.68701
56.7643
55.29325
53.66849
56.39937
56.58175
55.2723
55.24725
53.89555
51.8988
52.25269
52.31332
59.458
53.27611
53.03371
55.90151
51.04262
53.3702
52.10992
51.62379
51.4629
50.3363
50.43923
54.93916
52.82501
52.86716
53.03687
56.6338
52.28197
58.50468
51.73961
52.94925
54.05048
54.67575
53.25356
55.32882
51.22838
53.8248
50.92037
57.76309
49.43303
50.75062
50.36727
59.28029
58.7229
52.08959
52.36242
53.90269
54.20184
53.64142
55.43547
52.65388
51.03918
54.61709
51.26601
58.30039
58.27986
57.1575
56.23288
53.21125
52.22321
55.12219
55.60231
51.77818
49.5357
50.57548
57.18704
52.39889
61.43632
57.82431
53.189
50.69182
49.67733
53.44825
55.15492
54.33561
49.84508
49.68511
47.82735
55.35486
55.67232
51.46554
51.67333
47.68801
51.52731
58.61007
49.56903
55.86362
55.13492
61.38774
54.37585
51.83424
52.0827
52.22711
56.83984
58.34737
50.66512
52.81167
55.11604
48.41995
52.99194
58.25022
53.33494
53.08655
56.27609
51.43896
57.96106
52.87099
58.37721
53.05919
53.644
49.37983
54.27705
56.19718
51.38834
56.14591
50.56013
49.95091
48.31675
52.14305
49.97753
50.95837
44.12984
52.72317
51.26625
54.71301
51.99495
58.09312
53.52117
53.82097
51.80694
53.81611
59.0354
58.50932
55.46991
51.12814
56.21703
49.10755
59.6515
52.78233
54.81279
49.16137
58.68324
52.12931
48.09173
50.79443
52.67774
58.08828
48.65905
53.05458
49.44122
49.372
47.56004
57.51036
57.91415
50.64465
52.04729
51.1741
56.3275
55.08496
51.18397
53.09211
51.48876
59.38663
53.20751
54.19465
50.68581
53.16425
50.47387
54.53667
60.07605
50.7651
52.54172
59.07119
50.96252
57.06937
54.37822
56.16474
56.82304
51.28671
50.10437
51.73106
54.95553
54.82767
51.16873
53.29759
50.38278
51.73921
51.75253
48.31083
55.05409
53.44764
58.67832
54.31085
60.61244
47.54985
56.30101
49.32707
49.4757
48.85421
53.704
58.38011
52.26665
49.17636
53.82813
48.2741
49.87522
55.20102
52.72931
59.49774
60.01872
54.31174
50.60108
50.03615
58.72408
56.9666
50.52087
57.15561
54.32897
55.46353
52.32553
54.13744
62.03092
47.1552
49.80161
50.76543
55.85255
52.97558
52.44168
51.29896
57.28011
54.27712
60.95167
54.16587
53.04154
49.87872
57.30678
51.05224
53.66575
58.56857
52.22516
56.43642
56.13546
53.71524
56.34544
56.79555
57.34215
51.97755
51.97908
62.35321
42.75836
53.25663
54.01971
55.39898
58.18072
53.11453
57.19461
49.9148
47.6464
53.28498
50.67504
57.99517
47.88203
51.23463
49.86805
56.00218
49.5233
41.45104
42.91452
43.94514
50.29035
53.17623
52.64519
48.8293
50.05585
49.24262
56.59041
54.65657
51.64495
55.73318
51.53861
53.49328
52.10706
52.53069
52.62806
47.16569
57.33102
52.33762
48.23931
52.39572
56.20132
48.38452
47.44219
52.42252
47.17751
51.32505
50.53953
50.96424
53.32581
57.19654
52.02985
55.25993
52.13702
61.02711
53.43532
55.33842
58.99465
48.04148
50.71674
55.27
52.68291
51.21769
53.29564
51.43852
53.96701
47.04963
49.66529
52.33938
51.94443
51.67084
61.27894
53.9198
52.7315
61.38623
54.89614
54.2616
57.24064
50.09057
56.31829
56.52156
55.67482
54.9684
53.30739
51.94058
58.84834
51.19615
51.57224
50.98203
51.00142
54.22568
49.44384
55.00218
48.29837
53.35274
50.05235
53.75549
49.3925
57.02331
59.08118
55.11134
56.04594
48.03778
50.57314
62.2476
53.78186
56.75749
56.13095
50.82996
55.4742
48.53182
53.94397
55.32659
52.31288
51.91888
52.33717
52.39002
58.20505
48.81873
50.72028
54.48362
52.16774
52.95215
51.49221
56.10677
52.71533
51.77386
50.83696
50.315
49.72695
53.06088
56.10923
50.2852
51.54514
44.86182
46.62004
53.77324
49.2726
50.98851
51.72412
54.35926
55.05107
45.61298
54.8069
55.66818
54.98187
46.68116
53.82852
50.20179
54.53365
54.04469
52.95665
59.16645
57.44279
53.12725
53.95508
47.06615
56.74586
60.97506
52.93202
52.74698
52.43258
51.71022
52.71007
55.78522
53.603
56.19219
55.88934
57.02553
54.76143
50.50875
