103.0426
82.126
64.39772
64.84035
75.27039
57.6525
45.63532
42.23396
53.03225
49.05432
48.65607
59.32286
61.80775
59.49471
62.41817
66.15173
53.23905
48.68411
39.38144
50.95304
57.48123
59.80291
58.38228
68.19349
52.37361
43.36741
51.22088
49.01347
55.57036
54.35821
44.07595
48.90356
63.52625
70.35121
51.24038
58.2844
56.07209
40.00894
46.47089
48.61923
54.40152
56.64626
48.30296
46.62379
55.24954
57.63406
44.45675
50.69608
47.77009
55.38463
48.5157
41.0255
39.93878
48.63635
54.73039
43.53693
57.80699
54.76434
57.06951
52.63008
42.43927
41.01823
46.30359
51.76591
54.39442
47.6781
57.11933
53.16039
62.33207
66.91752
58.55008
54.83929
42.71989
53.55362
50.39254
50.66424
64.76174
44.38111
51.65225
42.19706
51.80366
50.52109
55.47945
49.92921
59.2954
71.603
74.9932
67.21544
66.99096
45.20525
46.10622
57.28489
50.77684
50.99719
55.52419
64.45867
38.1719
33.72755
55.46734
42.77162
44.94426
51.2328
43.7651
45.44657
57.29639
58.34338
65.42742
62.53946
61.60369
62.02198
61.47701
62.71499
50.43303
70.15391
70.70902
58.24006
45.48362
66.96609
55.54383
59.0031
59.09103
58.66238
53.95245
57.99724
43.34027
44.01953
49.60597
53.33464
49.00917
48.49266
47.22708
57.2187
62.04586
52.33692
57.80949
58.67226
51.1869
52.81435
57.97917
65.63682
80.43919
52.819
52.40622
55.47957
60.07655
64.31798
65.19319
68.39411
58.57211
51.95716
60.86434
44.49821
51.77726
47.2897
50.95809
56.83615
53.32363
37.78167
43.96562
37.77284
50.30828
59.50512
56.11747
66.33308
72.22655
59.22197
53.45059
46.7934
49.46331
51.41388
54.97863
53.85823
55.97475
65.14758
54.19979
58.25533
60.14448
58.25717
44.80566
58.10639
58.66093
69.95058
49.65132
53.2699
52.15655
55.01615
42.05567
41.60711
52.95667
40.8096
34.88172
40.61881
38.87474
47.48664
60.93287
47.44421
52.76132
53.05862
47.81979
49.77137
50.42029
53.40384
70.99381
61.69001
51.14778
50.02181
45.54134
52.8321
51.91797
59.75863
60.6379
60.98559
56.44528
50.61956
46.86869
49.28924
57.12836
58.65915
48.03595
36.63426
49.87093
57.18686
55.90752
42.9425
44.30021
45.09203
55.35361
60.66026
53.23984
46.9945
58.70039
46.58929
41.97494
47.81713
50.00153
49.34782
43.69867
50.53971
46.96746
46.73479
51.18158
43.20756
40.00756
46.79817
42.129
52.36479
57.8597
46.85025
70.35955
71.99306
60.65447
68.34048
59.76041
50.73999
55.9427
58.29233
71.76454
68.68014
57.73317
40.50561
48.88631
65.24199
72.58998
62.22826
65.88802
58.80954
46.7245
58.81556
61.50876
60.76176
51.09571
49.296
52.43954
49.46221
48.46503
64.05165
61.68169
46.60162
41.50858
56.35552
54.27621
45.94703
59.31933
57.46961
53.98838
45.69793
47.72808
48.89128
57.85125
48.86689
46.87395
44.19574
56.83268
50.44161
54.31519
56.51995
56.56009
61.08317
59.05996
54.99132
52.55759
47.74033
53.87956
46.63094
48.52615
58.39278
59.88798
45.32759
44.3914
46.40396
52.70821
48.87483
47.08659
48.83436
43.82289
47.55354
61.48527
75.2378
69.76388
64.7385
63.63126
57.23941
44.35897
54.87538
49.94869
59.49668
62.94866
59.68133
57.08274
64.60496
57.80239
55.85502
37.71105
55.33562
60.81326
45.30632
43.57897
49.50274
66.4856
64.66477
50.44683
50.16111
56.26187
70.56675
62.69579
69.7916
79.21128
65.41811
72.32774
64.06396
60.88458
55.6571
47.65031
50.60105
55.26227
48.88856
68.22765
56.83989
50.44932
71.2835
61.8766
61.85986
55.85122
62.9835
57.85419
40.74881
38.36842
44.98915
48.74373
56.49939
60.75939
43.7112
57.38044
56.89262
51.75358
54.3287
47.34251
56.79133
69.90169
67.01981
63.93835
66.12766
57.07675
56.03291
55.42523
52.55236
50.55293
56.00345
45.1842
59.50371
44.91919
65.42924
53.91562
44.70889
50.36123
48.85818
51.13851
55.5737
51.8243
67.88745
49.79885
48.20314
54.23771
54.36176
55.66964
61.12008
47.56224
50.54266
60.17349
60.82837
41.48635
41.31383
56.87776
43.25518
52.13488
42.64468
50.74694
53.31422
56.97176
47.24307
57.11661
59.28622
47.85402
49.2983
55.0997
55.05304
54.47116
65.16782
63.29068
65.76093
59.7026
52.6333
54.78517
56.9911
54.00654
61.00535
51.44249
62.05426
60.43337
61.71375
55.84758
54.29528
62.46474
63.81524
66.71391
71.32493
66.17234
68.34762
60.08182
64.25946
49.60346
48.75485
53.78281
69.52506
57.56594
42.30711
38.86561
56.58356
50.92085
49.21746
55.38465
50.0137
55.58955
63.06916
76.00187
57.98574
60.60192
69.95951
66.23387
57.52185
56.48237
57.93541
52.12448
43.88149
39.42374
50.54041
57.27056
53.15179
53.6304
52.76055
67.62592
43.94701
42.68787
47.72065
47.3256
50.69123
53.95456
51.74388
55.71882
47.92134
48.09928
49.37664
52.37452
46.0058
49.74984
52.05831
51.64019
44.73601
60.58689
63.39517
