67.51666
77.06396
106.3722
153.6652
255.931
288.5685
211.9143
265.5745
264.9812
318.9227
288.1628
329.6913
236.0612
175.9132
170.4936
148.7658
209.1434
156.9421
104.8075
121.6457
120.4756
104.8449
85.80713
73.35993
51.87133
49.24779
45.44706
48.70971
52.3707
47.61192
43.89326
42.4778
54.40273
53.93536
52.85041
53.42139
67.4714
77.09154
98.1715
101.0353
93.5999
82.40667
76.11644
79.18527
82.62521
56.18169
71.45415
91.06053
93.04746
97.90569
126.2186
116.4656
129.3855
113.1682
113.6921
84.54766
110.1168
79.0258
74.07419
60.45616
59.3345
52.09717
44.23497
52.2408
41.24539
46.54878
52.70899
64.52441
66.06169
65.85076
69.25408
64.26278
58.87032
71.55092
93.369
88.37851
92.41082
93.54097
130.6078
98.05537
118.4879
121.4172
141.173
171.1421
148.0856
128.6842
115.2281
121.18
94.57141
98.79403
87.47422
105.1917
87.78952
95.35722
94.13487
124.4046
115.2047
111.8881
128.2538
129.5069
117.7084
107.8712
113.4378
78.2617
81.57588
72.55265
69.40998
66.15654
87.97604
77.11518
91.11616
124.8278
104.2473
120.9445
121.0122
109.5569
85.40487
112.0415
102.8239
89.37425
88.78243
78.69677
63.3194
75.09699
68.20976
74.37784
71.76134
75.58893
72.91988
54.81255
40.50462
45.09035
40.42968
42.54729
45.65107
40.63941
68.5613
97.53175
81.59132
94.23995
88.2909
73.05432
67.72087
70.38726
78.47832
84.30193
137.0236
129.8134
99.01478
89.36279
110.6675
138.6531
148.5882
99.13346
80.44789
61.90446
60.28096
56.13813
53.95129
69.4451
90.06081
100.4741
106.2722
78.14039
65.91222
64.66657
59.0149
54.11466
44.15316
47.95721
47.40467
38.19319
34.85806
30.88068
26.39511
29.39067
42.98294
46.57801
65.22143
58.16131
58.084
51.86613
69.84521
49.90467
62.25248
64.10403
60.53802
71.17001
74.54435
77.66518
92.49283
85.46234
73.75074
86.85388
94.51531
86.38954
77.58778
84.44235
90.62961
113.7532
124.5905
125.0915
132.6431
130.2903
90.81053
124.8172
142.2342
144.894
172.9658
202.1536
181.0051
132.5512
164.1081
174.7737
140.9667
153.9441
141.4752
152.236
203.4286
200.4836
213.4155
166.5994
150.7951
162.3241
100.1135
89.45175
77.90019
133.3504
139.8424
167.8657
107.4618
68.94717
67.56715
70.79998
78.84574
63.66172
57.40458
42.4997
43.32641
49.18757
42.1577
36.11058
41.72547
47.88823
46.57817
41.72918
48.2996
50.4365
47.68084
46.2577
65.95376
66.87447
58.1932
59.86624
59.7322
65.86284
62.96924
63.03163
61.18903
93.94107
98.94513
104.6182
87.27568
73.14399
70.7219
90.29495
102.6367
77.0602
64.37223
73.74846
63.91138
51.1344
52.07042
46.01661
74.93271
83.28286
88.49497
110.5008
88.24016
84.97661
73.1127
94.65289
69.00242
116.0183
126.5612
120.813
117.058
94.04903
114.0967
153.1982
112.641
109.4778
115.8656
107.8811
121.5582
120.6472
163.4897
134.8198
153.112
86.58511
103.4367
70.61482
64.87007
61.71521
59.77581
73.64306
100.7449
98.69231
78.24375
72.44941
68.55219
89.40251
84.84486
84.87023
100.8627
83.28139
65.25802
75.15731
71.87593
51.27343
46.16458
52.48786
53.74413
50.9823
45.44326
45.7706
72.06971
85.37079
108.0702
126.3888
124.5104
121.1667
122.5143
97.43501
94.52847
112.5631
107.2386
101.6169
94.61983
92.72975
94.75518
95.96822
102.251
90.59151
74.45473
79.91572
68.7403
83.686
71.57803
75.02532
57.95655
75.27363
72.7824
84.46659
69.9542
63.5794
58.00913
49.47439
54.3186
38.921
32.30738
34.80717
38.23531
34.44519
48.01039
35.6842
41.93715
56.98743
57.88978
56.32557
92.84913
87.04036
73.78786
60.38461
76.07044
65.54824
58.22657
59.48302
56.54958
67.90455
98.66018
79.43095
91.21394
65.8747
66.4036
83.96919
76.22127
63.97049
75.94209
77.76365
70.84619
89.73505
67.13453
71.84887
62.84725
74.77716
76.11607
71.70977
76.4469
62.78829
58.66833
58.29023
53.81679
48.67589
38.15282
33.15908
35.8642
31.96666
22.4839
18.50882
30.49975
43.4039
40.80717
39.2821
36.55181
26.90508
29.92301
27.7871
34.89431
37.81533
47.45819
64.28669
56.2488
51.59759
55.91286
64.26434
78.31586
80.53251
97.72153
120.3962
78.92096
92.28175
83.24631
90.06312
101.8148
98.94859
76.82285
64.72115
50.40802
51.51962
51.34431
48.88785
39.37322
43.45148
46.74479
66.54034
53.82204
61.58869
76.8089
87.77366
71.26021
63.11043
62.33059
54.98784
66.39966
71.86652
86.23334
103.0503
111.0805
136.31
85.01608
72.85422
82.87801
111.813
168.4429
153.4568
117.8706
137.2038
100.4798
111.5221
131.1347
128.567
84.89595
65.4507
67.17094
52.9132
68.93974
71.62731
72.93619
90.7052
74.69693
90.02848
105.0819
90.74099
92.744
90.72817
84.21574
83.72878
76.42515
72.19995
53.34227
56.01987
76.0766
59.78228
56.27894
45.4562
48.70274
39.52842
57.34187
54.95064
