97.37628
102.9571
106.5101
89.35894
84.79206
73.06487
54.92582
37.86945
25.31357
20.32962
21.27097
19.15952
22.80662
19.69523
16.15503
15.4631
14.08238
12.67137
12.77324
12.78654
13.512
14.00452
13.7523
13.71194
12.74839
13.58005
13.16309
13.90581
11.45954
12.94918
13.46551
12.58733
13.5883
13.67766
11.3412
12.15999
14.12822
13.56607
13.49887
12.53258
12.56437
12.71636
12.58395
12.69166
13.373
12.08307
11.86851
12.91053
12.04404
12.69213
13.18713
13.32176
12.9894
11.40068
12.63939
11.66979
11.31471
12.52227
12.71322
11.09918
13.28784
12.88909
12.36266
12.69812
11.48103
13.23298
12.17941
13.09453
12.50569
12.76023
12.47562
12.63962
12.96777
15.77096
13.79826
13.24585
12.55857
12.48329
11.99097
13.21308
12.61647
12.69679
13.45119
12.89356
12.38667
12.27097
12.59225
11.67775
13.44928
10.79906
11.67897
11.80165
12.91905
12.55228
13.15395
13.03868
12.42802
12.58302
13.26096
13.06602
12.94533
12.38358
12.11957
13.07639
12.44411
12.65394
12.07987
12.82007
13.29979
11.60643
12.9796
13.27952
13.77042
12.53783
12.05413
12.27717
12.69816
12.46994
12.53338
12.51593
12.0867
11.81686
12.60823
11.7523
10.88489
13.09274
13.55501
12.10743
12.93095
12.53135
13.69553
11.95521
13.16512
12.47649
13.03065
13.62261
12.54847
13.09551
13.62168
13.30884
12.80596
13.29618
13.79876
12.2556
11.29005
12.3836
13.14442
11.99899
12.80194
13.16101
13.97374
12.47265
13.10225
13.15332
13.102
11.9676
14.29237
12.41449
13.15528
13.03559
12.99741
12.16619
12.2555
12.68555
11.53486
12.7092
12.19307
13.25714
12.56791
12.63786
12.70368
14.48313
12.79845
12.96415
12.674
12.43436
11.54379
12.06276
12.24035
12.79888
12.30506
13.50122
13.12921
11.61513
13.0063
13.20981
13.99456
14.65226
11.97481
13.94931
13.77769
12.10941
13.1175
13.07048
12.47206
13.54761
12.9387
11.26754
12.96186
12.76158
12.13028
12.56071
13.79161
12.00768
13.84476
13.52663
12.48484
12.23519
12.08254
13.22765
13.51697
13.0496
12.38726
10.97669
13.73395
13.18946
13.61175
14.32275
12.82469
12.77129
12.70012
13.91919
12.41378
13.65531
12.19208
12.62709
13.59617
13.62568
12.00556
13.00037
12.94675
12.68407
12.30208
14.1564
12.39565
13.8424
12.39216
11.62111
13.72131
13.24638
14.22873
12.34515
11.37803
14.36426
12.99216
12.24753
13.12177
12.0226
12.22026
12.00065
12.17475
12.25951
12.6823
11.83668
12.71455
14.0323
13.65161
15.44062
12.25799
14.10515
13.64122
11.92068
12.83698
14.55068
13.65072
13.37388
13.04779
12.62263
12.72599
13.52926
13.29197
12.21641
11.87795
11.72442
12.98372
12.97731
12.85809
13.03529
12.84486
13.27574
11.29685
12.18806
12.52334
12.19658
12.20739
11.55291
12.53656
12.77773
13.21695
12.29348
13.69228
12.37624
11.93219
11.66145
13.71111
13.31528
12.52663
12.45457
11.62274
12.70766
12.12947
13.05445
13.59937
13.45559
13.07554
13.7999
13.92845
13.3283
14.7315
12.92175
13.07357
12.23812
14.10573
11.90729
13.02949
14.66131
12.95438
12.4822
13.00244
13.15767
13.21395
12.62622
13.00691
13.22931
11.77209
11.57446
13.92162
13.56026
11.83728
12.82365
11.78852
12.19519
12.13389
13.18017
13.2768
12.81171
11.90504
12.66741
13.69251
13.11646
13.09045
13.24975
13.10588
13.30293
13.83565
12.44406
12.94488
13.20236
12.95942
11.67906
13.10695
13.27465
12.6557
13.09622
13.50129
12.28117
12.57431
13.02481
14.67054
11.94673
12.66755
11.54549
12.43419
13.07363
13.01686
12.80455
12.47468
13.18006
12.3432
12.65785
13.75508
12.62445
13.74679
11.9512
12.56745
13.34987
12.13015
13.56635
12.89153
14.15905
13.0538
13.40478
12.81853
13.18963
14.1219
13.0087
13.04219
12.70509
13.89776
14.0984
13.35806
13.5949
14.16866
13.04954
12.36825
12.28395
14.15924
13.17797
12.41493
11.99238
14.0006
12.59539
13.2261
12.52633
13.04995
12.74425
12.49644
11.52152
11.5222
14.39021
12.58922
12.71068
13.33895
14.2945
12.10244
13.79838
14.30615
12.11804
13.18414
13.33769
12.9004
12.58153
12.70216
10.40301
12.23083
14.02736
11.39232
13.1184
13.29099
12.62199
13.40791
12.62249
12.87155
14.24165
11.75068
13.16924
13.1216
12.86192
13.39891
13.58996
12.10499
13.2779
13.50695
12.64964
12.91222
12.88944
11.87607
12.81457
13.30844
11.98567
11.49077
13.2268
12.99535
12.27088
12.53384
12.04616
11.31475
13.15297
13.83205
14.16762
13.7941
12.25424
12.44883
11.7244
12.26152
13.63071
11.59259
11.18989
13.46036
12.45434
12.74766
13.61192
14.06207
11.91714
12.32106
11.29545
13.5319
12.49435
13.07617
13.6712
13.12852
12.38817
13.64514
12.91284
11.36228
13.19058
13.53983
12.45007
10.81118
13.07182
11.62063
14.66068
11.65631
13.13427
13.41657
13.7194
12.46959
13.59432
11.78295
12.88649
