321.7217
297.8255
318.8456
308.3641
303.4788
295.3039
270.3904
320.3144
303.1782
271.2615
279.7444
307.6425
268.9982
303.3888
287.0022
324.3719
286.739
301.9727
298.4459
280.5214
313.1473
288.5577
271.9441
257.6509
299.769
290.8845
307.7754
325.9869
312.2777
325.5474
310.9669
284.5248
303.5267
306.7401
276.7454
286.0212
267.2635
299.1387
293.4825
303.1803
292.5261
269.6909
242.8687
248.339
240.9109
240.0098
222.7278
213.1135
232.9591
191.3944
200.3056
189.3715
183.199
167.0418
144.8364
171.3617
159.8131
140.3311
107.6525
69.72068
66.13953
58.61103
57.88116
50.96942
53.1835
59.66372
56.86081
49.89943
53.00233
59.95411
46.44218
57.42847
60.06062
52.62368
53.10768
50.90336
56.54363
55.32888
59.33971
62.77134
60.5202
52.56512
59.54078
57.85566
60.86202
60.74489
60.59015
62.56004
58.20762
56.92992
55.76277
59.74763
46.22341
48.86822
59.90777
59.23134
54.99627
58.25884
57.4941
58.14116
57.03405
59.99668
56.68444
53.44148
52.09325
50.01781
52.76372
59.01878
59.3892
68.86042
57.58689
54.89725
64.92867
54.06361
56.61636
60.8868
53.38173
64.34062
57.39971
56.41045
61.55749
52.22734
56.71118
52.4767
59.41045
51.04922
63.79935
56.15933
51.32555
50.9015
45.85123
46.25713
65.39216
58.4701
56.87264
55.1269
53.76695
66.38214
52.59673
53.47949
51.41363
50.59436
58.38745
63.63675
57.65235
54.344
54.98617
60.81492
62.73773
58.37792
60.9377
50.8107
60.03522
61.96163
60.17234
53.87904
47.83584
60.37086
54.69792
55.36408
55.71888
49.82898
48.8129
59.11092
61.48061
52.20587
50.29833
51.92722
50.91447
54.95513
52.43434
54.40447
57.70413
56.61921
58.04453
62.89182
54.37948
49.05685
52.5326
59.18201
55.99685
60.1816
52.74288
52.0501
60.02684
58.01998
57.16435
63.64563
67.4393
58.17052
64.34532
61.64848
64.87852
55.80665
58.4646
59.20814
54.32001
60.577
54.19911
60.6447
49.8489
56.73908
55.89457
61.76914
53.44306
51.62014
61.61312
60.07931
58.97385
47.74767
58.58666
59.23863
55.8681
55.75161
49.04037
57.48492
58.67728
61.3701
54.87246
57.45414
67.55365
50.24337
60.37675
61.77372
52.23073
50.70111
57.47467
56.4706
58.95949
58.46748
53.82614
55.61865
59.90837
47.66214
54.33737
57.23797
56.96927
62.25994
60.85795
50.59075
57.7354
53.21615
56.28327
56.53302
62.42163
60.25539
55.94993
52.65939
60.05254
55.66694
62.24372
56.4794
58.44528
56.84878
59.80841
56.29993
61.06691
61.86987
56.53752
56.93303
46.29599
57.70382
54.98345
54.38725
56.28407
58.16666
53.39272
47.27887
54.83865
64.07909
55.73217
62.81474
55.97438
62.13383
63.012
52.90608
58.46448
54.57677
54.25962
60.22491
57.23823
60.31696
46.20111
51.80697
63.09077
58.94991
63.35557
61.32692
52.17233
54.7548
55.42612
70.22207
62.33841
57.05697
54.13673
60.47389
52.80055
55.16079
52.09855
49.80682
55.7257
51.81081
61.39726
53.37502
56.63353
65.65133
56.77492
49.83372
60.26477
56.7273
56.7355
50.97233
52.32273
52.80198
71.98605
58.30917
56.59183
47.65065
47.8557
54.51842
54.55698
49.89529
61.21975
59.66767
54.32793
51.13453
51.41999
56.29233
48.11361
59.40455
50.24704
61.21936
56.14915
60.07104
59.50784
57.27058
59.19746
55.66591
56.27417
54.01095
56.75464
50.79458
59.0037
58.75506
53.74587
60.54185
60.36088
55.77317
59.01169
57.00035
55.68111
62.21176
54.56792
51.7616
58.30307
53.77852
60.08517
53.85075
59.27243
55.09117
53.97106
58.75794
55.96362
60.18699
58.72701
58.66422
58.19622
54.6379
63.75422
63.79927
51.01733
49.56797
57.38555
55.71603
50.25207
54.45438
57.0202
61.96835
56.75502
57.74951
55.04363
55.62191
58.61323
64.419
57.09871
59.42523
61.21775
55.82081
57.52039
55.2883
55.65777
57.86612
53.8061
52.44915
52.25917
60.79698
49.36421
54.3857
59.40628
66.93282
61.11038
53.2377
60.27789
56.62418
59.01654
69.07752
62.68331
55.25167
49.70855
52.88738
62.17104
61.31718
47.10965
53.60039
50.58194
54.71329
61.75666
59.59754
59.9415
67.26424
66.27554
62.86463
57.32835
65.7776
50.56737
62.19206
57.49329
56.4774
61.59092
65.46958
56.8785
54.80181
58.35184
50.82094
56.26213
64.42995
57.94976
58.39391
56.54483
54.90637
55.9912
56.72668
51.72542
59.46616
54.43727
52.78601
57.08036
49.56332
60.25256
61.18161
55.8116
58.6388
58.92265
50.29964
56.96939
50.99915
54.33464
60.88337
58.1302
55.52132
62.18092
50.79869
56.05529
53.28252
49.3987
52.10772
53.16602
52.06847
60.50978
57.08893
48.35819
64.33226
53.64633
54.99313
59.88554
55.55749
52.31607
57.13558
58.49987
56.5567
61.33779
56.18729
55.56842
46.13954
54.8821
51.74359
53.35516
58.87186
62.80588
57.52572
64.97242
59.37687
54.01451
58.45105
57.69687
48.2604
56.08719
58.10385
53.13156
48.78167
