121.9475
117.9243
115.7544
125.1497
83.66678
86.25984
93.50334
60.3327
58.29729
51.93674
67.99978
78.99895
84.44455
79.76054
84.33782
96.42186
72.03279
65.7498
52.32029
55.0744
73.13838
69.63853
77.18795
67.56642
70.32012
58.99882
65.63603
59.4595
64.79702
66.74077
67.45251
64.59216
60.51737
77.3175
57.29823
58.95443
83.55884
92.02009
96.60922
67.81034
76.34531
75.18409
54.65975
59.19443
53.54273
52.2141
57.87435
71.01152
63.97866
49.80875
54.6597
55.32774
43.65992
50.9478
67.83153
61.26397
60.04121
64.43897
67.83025
76.57533
73.66325
89.12748
100.1129
88.29256
91.1361
87.9368
84.54643
69.10421
67.57471
87.18918
74.85546
69.25236
81.12654
78.19721
92.56297
77.16089
78.29905
70.25194
84.74567
71.60616
71.2423
68.40859
54.61118
69.50274
67.23872
73.57819
93.58341
95.08943
103.3796
103.6761
91.37786
62.65784
61.11132
63.1168
59.84005
57.4122
59.0769
65.43422
60.28417
63.68931
94.83127
74.49235
54.87413
87.09939
72.80042
94.57347
88.55533
94.98669
74.05071
86.07639
80.10046
74.61557
88.75484
77.18688
68.51331
66.24605
83.96909
74.58235
80.84473
79.21723
88.91982
103.1217
104.1044
98.12337
95.42887
86.03161
100.3766
84.46759
87.75084
83.20455
70.47597
67.57793
72.46161
87.06641
86.7694
72.37717
72.80753
83.77848
147.4301
134.2537
113.5901
107.2315
88.15766
88.89826
76.37565
65.62045
58.26377
58.92311
82.65523
77.63583
70.93852
91.03029
130.7559
115.5123
92.84049
110.8114
117.3777
102.5502
81.30878
74.07382
70.7542
67.70922
95.08141
92.75432
90.80385
58.31819
70.8879
70.05298
72.06285
60.07825
91.02409
83.02019
105.173
104.035
100.9274
102.7588
112.2899
113.9676
137.7517
116.2293
84.76514
84.1671
76.42055
73.04594
59.07792
75.57666
106.6352
98.37873
72.34744
53.58495
67.11796
67.31512
83.85411
108.0701
71.21372
62.5176
61.69128
66.90265
68.99101
89.34252
89.36812
88.31122
88.59075
81.34473
53.60388
56.44737
66.64801
80.54828
79.0478
69.97099
83.7268
83.00473
64.92594
67.15786
82.70636
78.45729
75.87601
57.0413
56.81185
81.68466
74.25822
78.74925
70.63315
53.32567
47.36919
49.49215
58.48254
61.78921
102.3067
106.9868
109.6569
100.4495
102.2337
111.3905
113.2313
98.18761
93.50288
96.61137
82.0716
75.84008
60.85894
72.4343
64.17348
78.14401
83.37301
64.99045
51.6494
52.33727
54.09703
65.19847
64.0833
56.4887
60.8229
71.45943
57.38275
65.82528
52.53844
74.31471
74.40438
65.46936
58.18245
79.72532
88.09942
67.34029
78.41852
73.19191
85.96259
91.19653
77.98614
74.81952
74.85531
62.49745
56.36186
51.76266
53.5094
50.00962
35.59022
35.39656
39.686
46.64633
47.26721
53.98678
60.19121
40.61216
60.24758
64.30891
54.08165
45.66025
39.45227
53.55695
80.54406
62.68631
60.48618
58.53604
86.03886
85.85018
65.22007
46.86246
53.95122
61.66776
68.7811
70.12786
60.19965
66.37361
68.83639
72.17988
43.72568
40.78429
59.55302
57.43119
63.65536
66.05586
63.73548
64.34664
74.16718
71.2146
70.35107
61.68937
67.77722
54.29015
48.46678
52.46026
52.00809
61.81425
76.88178
90.88894
76.34367
72.57359
57.6656
68.12453
46.31368
62.80928
67.0597
66.96216
72.65252
69.36847
76.85702
86.51421
80.17022
83.42926
83.52797
90.12673
99.98196
101.3812
103.0087
110.0751
99.65035
72.43588
56.04354
76.21715
61.38078
72.57107
72.24237
79.92118
90.54569
104.3131
77.71773
66.76323
88.63251
76.74519
76.42828
90.09587
78.41183
69.23054
71.645
63.90753
74.40076
79.68308
72.43416
70.35465
61.26014
77.62522
122.4878
111.0488
101.8352
81.63844
83.33852
82.65474
84.53991
98.83556
72.96268
69.32657
72.4169
65.27893
78.50686
109.3781
84.46712
87.81834
81.99132
67.2076
80.51967
80.33221
81.07785
87.56425
102.5257
86.00099
79.021
87.94676
89.86243
90.50755
92.9846
86.54809
94.95355
83.85218
71.03512
69.11152
87.52301
98.1688
91.8069
100.478
96.38223
79.01701
90.40075
85.30991
78.82393
109.2319
89.62479
67.77889
70.44061
68.11426
74.25714
72.46115
77.49321
62.90612
61.36929
77.70262
59.83444
51.29637
59.10485
52.83931
56.43169
63.00442
62.72902
59.56905
78.79213
77.59903
77.32354
84.67051
70.34221
69.37448
71.26648
62.86108
59.43253
47.83791
48.99374
53.8295
67.30636
58.57108
71.59321
52.92367
54.84967
57.43913
76.60768
68.76892
68.6348
60.24801
64.29571
75.02301
67.45485
71.85254
78.43543
52.50037
33.1282
41.69405
47.92086
50.63604
69.42912
77.09849
72.95513
62.39572
74.58474
80.05213
44.63295
59.28213
41.83983
56.3495
51.27719
48.30549
49.44066
58.60075
66.39386
91.17131
67.57183
60.22346
86.36744
96.18433
117.2897
104.2756
72.16755
90.62023
77.30561
82.47556
91.56929
84.45563
83.74112
97.41038
76.48431
76.7256
68.62665
72.55915
