19.05366
9.737886
5.784761
8.75573
8.414026
12.05475
17.1068
8.485719
6.72218
11.24259
5.03471
5.815949
7.365326
6.604115
7.652417
8.944906
12.78766
13.68201
7.185384
12.89195
24.659
24.69872
13.06648
11.55343
12.54804
15.72372
15.51897
12.94576
12.9561
11.1474
14.5045
9.408565
10.1116
8.875161
8.231043
11.35272
14.06868
10.70473
12.71599
17.46525
12.39656
19.51471
13.34392
16.4738
35.85891
34.51533
28.31416
30.7931
16.48717
12.83027
8.237416
5.718198
5.599436
8.51169
10.99542
10.2749
12.9767
16.80666
17.07166
16.78528
18.84275
15.22512
17.71064
9.169075
11.58076
17.65119
11.39656
9.669766
12.76297
15.83764
12.01402
13.12058
5.566411
10.01178
5.983226
8.367836
8.37208
12.84523
10.55795
8.996041
10.45324
16.60511
18.79505
28.55461
23.64212
14.33357
28.19248
14.34615
7.878983
6.225363
6.83256
6.345552
8.552882
13.30863
9.398432
8.545212
22.09196
19.72261
22.02342
18.37488
13.60555
11.80387
8.342733
8.905352
13.60173
11.63993
8.366964
6.614224
6.843627
6.984863
7.035725
6.755604
9.539367
7.776783
8.201109
8.477519
6.10716
8.323197
7.863044
10.68865
9.126336
10.42112
10.52046
8.228726
12.92305
9.800673
11.51522
11.42904
12.95628
7.827597
8.945889
12.03704
15.79193
17.65616
14.78331
11.04985
16.92847
11.85746
13.34309
10.4699
9.697468
13.48301
8.843712
13.50384
19.63265
22.10394
16.79485
14.70717
14.19222
12.38079
13.80639
10.02572
14.25445
10.39672
6.950359
7.414573
9.358881
15.81988
18.26548
19.09584
13.76407
6.944366
6.917194
7.780013
10.74206
12.23581
21.7854
24.45982
27.5472
31.32121
26.95619
14.87546
22.52085
23.71135
19.60824
13.6127
17.67976
11.81535
16.09781
11.42828
7.670374
12.53589
24.14223
20.65289
13.3406
8.066899
9.318589
15.61635
8.292019
7.583683
22.1918
15.54636
11.98266
9.446247
8.391326
9.025903
8.7455
7.8425
6.121834
7.884952
9.600698
17.87183
18.77835
10.22395
8.047925
5.808328
8.428959
5.38354
9.404847
7.666527
12.85124
11.88831
8.905403
9.793313
5.852495
14.85766
7.732128
8.987341
8.587566
14.49743
12.5424
20.04775
9.293404
11.88597
5.735028
4.501099
6.654694
7.77781
5.803546
6.587973
10.24724
7.839353
7.639517
13.26928
7.195662
7.732737
6.885116
6.341982
9.606303
9.959195
8.202989
5.756843
10.93564
10.77084
11.03787
7.62103
8.520262
9.328106
11.92132
9.948875
6.357397
9.008458
8.36109
7.310895
9.540077
14.6212
9.254001
8.644071
16.55666
26.97073
16.60736
16.34054
13.66976
13.88323
12.58904
10.82144
6.97125
10.72137
8.396225
5.523553
8.458198
15.43409
23.25067
12.62901
19.56918
25.16525
21.6031
31.9859
35.86384
19.96676
22.7962
14.40189
10.21991
11.0126
10.91289
15.9617
12.49274
14.5698
7.771799
7.782726
7.734656
11.23479
10.07036
16.97439
13.60884
9.501754
9.545365
5.516094
5.823143
4.471563
10.69103
8.637718
11.08743
8.874459
15.64239
19.45056
21.78346
19.54807
20.79836
13.57404
19.80398
13.29477
10.61421
18.39693
18.49524
17.25005
12.1563
10.23417
6.338493
15.08886
12.09157
12.43585
11.29522
11.96318
9.436336
9.005938
11.22904
8.561887
6.833071
8.828726
8.781681
6.427654
5.055766
6.688003
6.581851
6.295832
6.731721
6.101373
6.193173
6.498425
5.164479
5.139166
5.381725
8.590268
6.592181
8.05138
10.26398
6.941738
12.40321
8.628304
15.80915
19.53306
20.27615
43.16905
56.28635
63.5627
41.6948
31.23487
17.03662
21.55045
12.54336
11.7867
14.53513
19.43688
16.98507
15.09626
18.48273
17.92833
21.19706
13.9731
9.070019
7.486718
8.116788
9.402501
7.703069
8.464216
6.387102
13.32514
9.082331
8.000808
15.05562
11.439
12.83072
19.60005
15.03663
8.007042
7.656287
8.431581
4.329423
6.951961
7.387468
6.600053
7.461586
8.877929
6.54517
10.87159
9.346709
12.59403
18.12668
9.319407
12.79122
10.46934
13.84124
14.02453
13.80192
13.87662
12.8535
6.563967
7.870139
6.565912
8.255378
8.551961
12.38402
12.14799
15.39309
16.51921
13.65696
16.78998
12.3504
15.09594
11.27374
7.522793
5.318521
7.683088
6.516403
4.701076
14.61479
12.89368
9.354045
14.0527
14.3462
14.199
12.95406
17.32045
13.57845
13.43757
21.45634
13.6142
16.81609
16.95614
6.482046
11.74244
15.96343
12.44661
15.05532
12.26334
10.99942
12.73553
14.20787
10.2358
12.17417
12.34887
11.43215
16.64955
7.352176
5.181948
6.593462
10.10841
15.88321
16.55963
14.99519
17.32969
8.350879
5.786529
9.667811
7.473243
8.821786
5.510814
7.340168
10.51107
13.88416
19.10929
12.52366
6.684062
10.08799
16.04627
8.959597
9.507988
12.47003
12.63247
8.900002
8.322028
8.831587
6.629756
7.349745
10.06428
10.08261
10.85597
11.61251
6.434072
5.375995
10.84709
9.711379
10.83587
5.09603
6.599861
9.679664
7.974815
7.642925
9.039786
