0.3484796
0.4150855
1.067521
0.6158479
1.083024
1.25233
0.496635
0.6748334
0.642499
2.07685
0.868919
0.6853471
0.4749715
1.082084
0.4534535
0.9796274
0.3620958
0.7617332
0.3242216
0.2062651
0.5464861
0.3446736
0.4246393
0.2838381
1.54703
0.1597504
2.432501
0.5864796
0.3135633
0.5783621
0.2805176
0.6374157
0.1900629
0.7876615
0.3097341
0.3180411
0.2992785
0.9155272
0.3964519
0.3079386
0.1241145
0.3653561
0.2815893
0.3930422
0.376054
0.6449985
0.9642337
0.6044324
0.5436837
1.136278
1.602507
0.2211349
0.4072784
1.29774
0.382694
1.422013
0.7258094
0.1755711
0.7545891
0.1717388
0.3685103
0.2528559
0.9810099
0.3447294
0.4848203
0.4029612
0.1820863
0.6696784
0.444336
1.155782
0.3256913
0.4008628
0.5595724
0.2877024
0.8807651
0.3972456
0.4567914
0.4430393
0.5554974
0.2975128
0.2445944
0.4813263
2.904622
0.8824191
2.524501
0.2307975
0.3183003
0.2754581
0.3020636
0.2790628
0.2457294
0.454437
0.2794798
0.7352463
0.3126622
0.6651003
0.5792704
0.2524109
0.1816299
0.7053752
2.517436
1.659928
0.3839821
0.2384313
0.4962374
0.3904422
0.6153216
0.1569996
0.1679735
0.2106405
1.846578
0.2880084
0.213602
0.2349666
0.3807826
0.450516
0.4496764
0.5650382
1.867238
0.5071873
0.574019
0.2567854
0.2196155
0.7440077
1.803917
0.4811755
0.3329959
0.5523985
0.2715611
0.2321168
0.7135776
0.340887
1.514036
0.4073485
0.1641792
0.5258236
1.067023
0.2461693
0.3703848
0.4842064
4.293025
0.3376792
0.2239125
0.2567675
0.6059308
0.6961909
3.183533
0.4895797
0.449548
0.3396481
1.018617
1.215028
0.466135
2.468892
0.7197335
0.2865061
0.6503786
0.4718775
0.524753
0.3488582
0.7500633
0.7991341
0.4707423
2.414584
0.4331139
0.3357192
0.2854165
0.3350546
0.3668121
0.5159257
0.4297461
0.2902155
0.2668744
0.21669
0.5165449
0.2833013
0.1789224
0.5327615
0.6359956
0.3500524
1.206614
0.7235845
0.38911
0.2925079
1.215078
0.9281563
1.604064
0.2616917
0.2471962
0.441082
0.4428418
0.5072678
0.6186696
0.2910983
0.8188924
0.400034
0.3211843
0.2352636
0.5460929
0.3285087
0.3308944
0.4754333
0.2507097
0.1902575
0.1818446
0.8819841
0.409045
0.6052097
0.6713329
2.69662
1.060087
1.308767
1.279707
0.638791
0.3758521
0.4522548
0.1881619
0.1501144
1.209115
1.122067
0.3794005
0.5284839
0.657346
0.2925362
0.3846894
1.394012
0.3312446
0.3200976
0.3486625
0.507473
0.6942206
0.2064721
0.3513351
0.5884209
0.5538613
0.2498449
2.371476
0.4984235
0.3748705
0.8053746
0.2630428
0.4133185
0.4278423
0.3262709
0.309102
0.9594273
0.2242754
0.8904589
0.171223
0.6989225
3.621308
0.3071603
0.3963802
0.1700548
0.3353722
0.2277059
0.1603735
0.3800422
0.4825717
0.5111296
0.7493112
0.1388033
0.7381092
0.4703423
1.432427
0.4001429
1.071933
0.6201709
1.232342
0.2981111
0.3160601
0.3040999
0.6446401
0.5886653
0.2907359
0.4729098
0.2204957
0.3691783
0.2639639
0.3473289
1.308002
2.053307
0.3437889
0.3244465
1.035625
0.1407699
0.5504654
0.1810493
0.3228899
0.2638851
0.4138693
0.4009491
0.681228
0.169201
0.3067296
0.3575548
0.5989336
0.8622478
0.9381227
2.575448
0.5357753
0.805072
0.4832206
0.3023845
0.3913245
2.065763
0.1874548
0.3899824
0.5550597
0.3814264
0.3475276
0.3196774
0.182227
0.4116391
0.2064641
0.4578632
0.2106156
0.5010641
0.7689016
0.3464609
0.2674056
0.2413859
0.3048112
0.536202
0.5200221
0.4818501
0.3576257
0.2659104
0.6626864
1.683625
0.7507459
0.342454
0.6494495
0.4894622
0.6162776
0.3467639
0.5620258
0.9502466
0.2633382
1.180659
1.102785
0.1792394
0.120358
0.3661215
1.02923
0.4942053
0.2867772
0.7578966
0.5344129
0.7507313
0.4770581
0.3524403
0.3227489
0.2019131
0.1302057
0.4914484
0.3116568
0.202364
0.2530581
0.3044199
0.6975732
0.9444897
0.2237717
0.9872559
0.5738911
0.2690106
0.3822596
0.6101222
0.3058273
0.3403545
0.8219475
0.4699918
0.1314466
0.2886452
0.371987
0.4689015
0.4192436
0.3503551
0.4727096
1.176703
1.340857
1.641395
3.08823
2.053396
1.521065
2.145012
1.026395
0.2916739
0.2885152
0.9677339
0.2367034
0.6647489
0.327496
0.4059778
0.3147875
0.7822529
0.4326419
0.3024073
0.9779016
0.5090945
0.2971127
0.1482223
0.1272804
0.9119337
0.4097792
0.2938712
0.1441472
0.2224707
0.6493646
0.4722245
0.3246608
0.1568829
0.2175824
1.445012
0.2798736
0.4969805
1.730559
0.331303
1.100121
0.1906944
0.1928978
0.9293154
0.2775366
0.3326589
0.4538776
0.3119968
0.5958085
0.7523787
1.419051
0.2914622
0.5768461
0.2628785
0.4702149
1.620318
0.8463483
0.4436292
1.416634
1.458659
0.2993204
0.1397157
0.9589909
0.2602051
0.888878
0.1426615
0.3615494
0.1543801
0.7711084
1.136863
0.5344472
0.2347535
0.9781336
0.5819187
0.294508
0.4442863
0.2341591
0.1399553
0.7869141
0.2412453
0.1530419
0.7058763
0.7618212
0.229006
0.3401101
0.2884894
0.1848038
0.3262996
0.13504
0.5325739
1.087078
0.490987
0.2567257
1.967872
1.480225
1.094581
0.2026427
0.4340411
0.2299292
0.2125978
0.2484578
0.4736696
0.5103457
0.3511531
0.8123802
0.2402707
0.5271941
0.5449846
1.088442
0.6910223
0.5773086
0.3683118
0.7453693
8.929112
0.2061894
0.2233081
0.4646468
0.7447489
0.6998176
0.418803
0.7273725
0.3206734
