117.6757
112.5305
110.54
108.5762
121.5156
121.7013
109.1566
122.8297
123.1816
112.2771
116.3752
74.3558
13.17858
12.84394
13.6475
12.67354
11.47921
11.63139
12.59604
13.97173
12.46945
12.96964
13.05906
12.64338
13.51087
14.36554
11.23395
11.93523
12.31284
12.17081
12.29189
12.926
12.86823
11.94045
13.81939
12.29355
13.51042
13.81739
12.19902
13.8847
13.86108
12.89227
11.70856
13.40318
13.0554
11.80939
12.91117
12.77349
11.67643
13.25214
12.14028
13.19821
13.71376
12.2496
14.08139
11.70704
12.30797
12.81116
13.89472
13.01378
13.50845
11.9519
12.03356
13.59955
13.99669
13.5087
13.06332
13.83368
13.28761
11.89916
12.47903
13.69614
13.10458
13.40034
10.9946
12.49288
13.73306
13.24101
11.52831
13.07889
12.63692
12.38063
12.95415
12.28574
11.89473
12.79148
13.21857
13.53047
12.58648
12.58414
12.17801
12.28466
14.2753
13.12761
12.03531
13.62133
11.85421
13.70887
13.10969
13.05438
13.75755
13.63495
13.24925
12.88803
13.00147
14.78786
12.93306
13.64142
11.57712
13.24528
11.83036
13.04136
12.30141
13.55488
12.97839
13.1334
11.58141
13.499
11.78439
12.13371
12.53698
12.10674
13.3621
12.08359
11.97045
12.42017
13.16251
13.44759
12.95886
12.09676
12.5547
12.12302
12.62281
12.23608
12.13443
12.96869
11.87988
11.93701
13.56152
12.87408
13.10591
12.57139
13.17026
12.19206
13.1493
11.51423
12.24269
11.75276
12.39701
12.57609
12.88894
12.45136
11.76458
13.48285
11.79597
11.72203
13.73401
12.7878
12.83552
12.38177
11.70508
11.29152
14.59535
12.32931
12.43116
12.95982
13.05213
13.35061
13.79409
12.25505
11.64604
12.37252
12.63749
13.56179
11.27421
14.26779
12.33299
13.19665
12.2987
12.09626
13.20546
12.20298
14.71368
11.75046
12.64519
13.27985
13.25553
13.29238
13.22804
13.29836
12.03814
12.09172
12.03368
13.04529
13.24449
13.46792
11.72545
12.78709
12.75706
13.40299
11.22553
11.66459
13.21243
12.49756
12.31194
12.69746
13.12377
12.43498
12.46774
13.1966
13.38904
12.70011
11.83916
12.06655
13.29376
12.51534
12.52783
13.65209
13.12585
13.644
13.58352
13.12933
12.816
13.23816
12.74701
12.10272
14.45093
13.5843
12.14229
13.86698
11.64204
12.7887
14.40522
12.44537
11.78904
11.87566
13.6047
12.41121
12.33123
13.70139
13.60728
12.74328
12.1623
13.40859
14.22613
12.0963
13.38282
12.68963
12.74298
12.21529
11.89521
13.94636
13.33778
12.87873
13.17921
11.35195
13.5609
12.5823
13.01863
11.87248
11.18423
12.27594
13.30525
12.7724
11.21845
12.04879
13.09379
11.66326
13.19095
13.10327
12.59969
12.40607
12.05927
12.26695
12.01384
13.11428
11.79349
11.46176
10.76094
13.19489
12.20086
11.82887
11.21611
12.01757
12.15798
13.23435
12.57284
12.27197
13.05057
13.59675
11.89433
12.63255
12.85942
14.08863
11.46953
11.70226
11.08644
13.95621
12.42119
12.49879
13.88222
14.16937
12.63186
11.63184
13.38072
12.3722
12.73888
12.43033
12.03571
12.96057
12.78995
11.70661
13.85112
13.43385
12.24252
11.93364
14.26026
11.66936
12.60782
12.21134
13.6572
12.51268
13.66545
12.65821
12.75659
12.84524
13.08508
13.46455
12.32483
12.20798
13.76593
12.13431
13.70333
13.3161
13.83032
12.48656
12.03931
12.1014
13.16086
14.66998
11.79303
10.96995
13.51796
12.12442
13.16544
12.271
12.4843
11.97676
12.57665
12.46785
12.97188
13.10809
11.65302
13.13099
13.68028
13.31134
13.56855
13.91443
13.15202
12.71373
12.64648
13.68075
12.34066
13.79523
12.89981
13.33761
12.98564
11.85545
13.16498
13.79359
12.59912
14.61499
11.19666
12.53441
13.05054
12.91576
12.33312
13.82309
12.45464
12.60105
13.47169
12.40089
11.59543
12.23484
12.73191
12.72544
13.80265
12.22682
14.15135
12.79149
12.47976
11.60053
13.14673
12.2108
13.00277
13.32744
12.09268
12.75688
12.60778
12.87258
12.19408
13.16736
12.8481
12.07972
13.15761
14.51263
12.97523
13.30535
12.98221
13.3665
13.16506
12.64655
11.85909
11.53197
12.84573
11.02215
14.02408
11.59373
13.45661
12.05767
13.61949
13.56982
12.21304
12.78764
11.84682
13.26682
13.11686
12.70715
12.09751
12.59159
11.86473
13.14956
13.05354
11.68021
13.16026
12.20432
14.21758
13.17153
11.74484
12.089
11.37315
13.26224
11.95587
13.30796
13.43985
12.23336
13.08221
12.95339
12.1879
11.90803
14.23836
12.1295
12.17429
13.6857
11.63933
15.16993
12.55711
12.67789
13.19609
12.51507
11.37855
12.89411
12.19086
12.92829
14.31499
13.28407
13.44165
12.03251
12.73501
11.54912
12.91063
13.4948
13.87643
12.71756
13.50873
12.68864
12.00149
12.95635
12.43239
12.46025
12.63509
12.32627
12.54929
13.64688
13.0792
13.27946
12.37434
12.56714
12.24937
12.5658
13.28357
12.68005
12.50971
11.82308
12.95176
13.59832
14.86574
12.86245
12.19654
11.34157
