338.744
208.2356
166.6726
147.9971
168.4797
190.4327
167.1826
161.6889
136.5776
154.097
145.1828
99.44218
163.8712
183.2336
172.6405
164.7778
122.8583
144.5219
178.245
135.8261
159.2669
175.488
170.0197
172.7356
125.8464
126.9846
101.5285
116.0159
134.1776
123.9569
105.0233
124.8139
191.6559
168.0474
170.6554
169.4874
142.1645
166.966
124.0998
145.0735
205.0934
181.7795
160.0687
192.0639
195.5079
179.5642
149.1456
159.6505
157.1318
193.6103
164.324
159.0202
153.6813
174.8109
185.9121
163.6563
184.7318
173.4514
180.5129
194.4033
153.3735
131.6612
146.5357
142.0985
142.9731
139.8181
151.3594
189.1829
218.2532
225.4105
232.7429
216.2181
152.0031
155.2089
163.3456
162.1234
179.4032
165.811
131.273
159.0267
144.9178
141.1692
176.054
180.9028
202.6545
180.2019
137.1773
155.2907
149.1862
144.1322
156.4473
166.8547
176.1437
170.7719
181.0301
168.8533
141.5639
170.4002
158.1495
151.6119
135.6855
155.9325
161.1878
138.1989
181.1812
190.5862
129.6174
130.8481
123.2108
146.6782
173.5723
140.8215
124.5975
165.804
167.7938
116.0587
186.5337
187.1334
157.4991
130.2833
141.1626
150.2906
162.7241
173.5667
152.4367
150.651
120.7144
168.2733
168.8026
152.4162
168.494
140.838
128.4804
180.4776
171.1641
188.0278
161.8795
164.1903
145.0744
155.5342
183.5268
164.6055
170.3276
156.4521
172.8472
205.7544
203.8105
196.5142
173.0223
141.4584
117.6321
158.7201
147.5127
158.506
172.9119
159.2533
200.8007
183.1379
168.1011
143.818
132.8077
136.4249
160.9268
191.9604
167.8744
173.2627
160.2256
161.9126
146.1455
204.999
172.8516
147.2509
145.5056
138.9271
146.7403
151.6449
161.3516
122.9654
143.2837
175.674
154.3544
137.2006
172.2256
137.0635
138.1085
148.9752
171.7274
141.7711
169.3566
164.1953
174.0431
172.1231
183.3688
182.0782
157.5391
196.0663
139.1414
139.9562
176.1219
152.1584
162.9549
160.5533
125.4292
112.1456
127.2732
145.7649
160.4727
150.4447
126.9759
109.4421
106.2964
153.2185
128.2011
171.3996
193.1122
194.4385
161.1274
155.1811
143.7544
159.0771
176.9172
196.9273
176.1058
153.646
168.2888
182.3942
163.5591
153.444
192.6447
199.9629
173.3746
168.9144
152.4111
158.4589
139.4531
155.3562
126.9707
122.5052
119.6267
136.9725
138.2415
156.5811
142.3894
148.6135
155.2652
158.9915
149.053
197.3043
171.6911
153.4074
146.1505
140.3121
149.673
123.5827
136.1042
169.8366
162.6754
139.6326
160.8857
165.7601
160.005
137.1949
108.8443
123.6156
128.5075
124.2518
135.1655
127.8098
112.4123
119.2485
172.9879
161.0565
166.2013
160.1014
159.5502
162.6254
102.6373
143.6213
143.7833
116.077
142.4076
152.7334
139.7906
173.4175
154.1286
207.5468
160.7259
187.8834
230.9121
204.3126
173.3725
129.265
186.8154
160.238
166.142
116.523
182.5845
176.4551
168.2947
207.0281
180.5281
148.3221
146.1848
158.564
188.8791
175.5352
163.3789
147.1545
140.3741
176.1036
160.548
120.0826
148.8828
140.0206
139.782
130.2417
143.6435
166.4097
128.0658
135.9268
152.6002
150.249
190.9929
158.9632
190.0505
161.6077
183.7607
166.9569
163.1694
142.3563
140.3684
152.7201
142.0575
126.3281
128.9286
156.1354
142.9523
125.1404
140.2354
188.9438
166.5215
167.502
149.4616
177.2604
180.0472
161.9926
158.2221
163.8331
145.6349
134.2969
155.7726
142.2142
145.3231
146.4981
166.3916
151.5481
148.3472
160.9098
158.6103
140.5901
163.4082
146.5671
151.25
121.1881
122.8602
177.3391
164.7057
128.6923
139.8365
116.7507
119.083
119.118
139.4994
120.2839
128.8875
189.065
155.5326
154.7072
150.4804
118.6803
130.206
151.0145
129.4294
149.1009
164.8798
133.9505
128.6179
154.4295
169.855
145.3312
129.6935
158.8287
174.6129
148.6954
179.3111
212.6839
151.7408
177.4446
151.8461
146.0422
144.1762
151.9469
155.8027
126.9293
172.436
148.7616
147.4302
150.0404
135.4867
143.4361
114.4975
126.1343
118.4624
138.5886
140.6512
166.9131
154.7071
154.5599
168.8837
158.3185
167.5266
156.426
175.7871
170.5396
150.8426
158.2839
195.5197
131.3855
158.1466
162.403
203.6809
154.9462
135.7021
130.6557
136.3173
152.7971
111.0304
162.0037
163.7631
171.7043
185.8824
162.4281
154.3034
164.6912
124.8846
136.8362
150.3
125.2453
177.745
219.4454
154.341
156.3904
136.3265
138.8752
161.0233
173.9838
161.8633
139.9506
136.3831
133.9512
149.958
148.2278
157.8724
133.5483
154.8067
203.4318
140.3295
152.0124
129.8424
139.5875
116.225
123.172
124.7331
140.7103
126.068
165.0717
142.254
117.3235
158.5629
210.1009
204.4369
146.5762
128.3274
132.4661
119.5028
140.7536
174.1751
172.8428
133.7211
171.2462
147.6272
151.077
141.9227
139.685
183.4488
204.4829
165.9417
115.574
163.3054
148.4669
