103.8489
104.4749
103.4215
103.3642
105.0524
103.404
103.9785
102.2326
104.6558
103.361
105.0565
103.2402
104.1054
103.6498
102.9505
102.888
103.111
103.226
103.6986
103.9278
104.6269
102.775
103.4534
103.1188
104.0759
103.4848
102.5326
104.2502
102.2578
102.8708
105.2877
104.0939
104.2372
104.1016
102.7103
103.3626
104.0854
103.2762
103.75
104.6238
103.8128
103.8871
103.8312
104.7943
103.6726
103.5512
103.8073
103.9
104.0423
104.1428
104.7152
103.2148
103.6053
102.8349
104.0871
103.8211
103.041
102.6435
104.6421
103.5301
104.5714
103.3546
103.0261
103.8147
103.7758
103.627
104.738
103.5192
103.4957
103.8657
103.4081
104.655
103.4454
104.9248
103.7451
103.8028
103.6614
102.9564
102.9484
103.2384
103.2581
104.0298
103.4389
103.8407
103.9304
102.9943
103.8248
103.7674
103.3691
103.5008
104.0059
104.5312
103.9083
103.2993
103.8288
104.2853
103.7253
102.0216
104.1072
104.6936
103.3203
104.5008
104.8686
103.0592
103.1404
104.5889
104.0321
103.9733
102.9987
104.2798
104.3428
104.1672
103.236
104.2425
103.4545
104.565
103.9419
104.1912
103.4434
103.0841
102.7685
103.9772
103.3056
103.8366
103.5125
104.3968
104.7285
103.5091
103.3223
103.5176
102.8338
103.9733
103.3852
104.3512
104.2832
103.8762
102.7989
104.8755
103.9635
104.9921
104.3987
103.322
103.0069
103.7981
104.2436
103.3876
102.4738
103.7101
104.2715
103.4901
103.4055
103.7576
103.9306
103.379
104.2624
102.387
103.8328
104.2292
104.6071
103.1137
103.7709
103.6537
103.6136
105.22
103.3123
104.6706
104.7066
104.0323
104.3795
103.8328
104.8545
103.7621
103.6006
103.5917
104.9446
104.1441
103.2011
104.1519
103.538
103.7942
103.1732
104.1562
104.2052
104.2931
103.1208
103.6007
103.2866
103.7575
102.8978
102.8428
103.8654
103.4594
103.7299
103.5845
105.1886
103.6079
103.5969
103.0586
105.3646
103.525
104.4173
102.7302
105.6762
103.6081
103.7398
104.0618
103.7862
104.384
103.0372
104.2863
104.227
104.3686
105.046
103.3253
103.8061
104.1912
104.0232
103.5017
104.7355
103.8674
104.5773
103.5049
103.1447
102.9359
103.9541
103.1885
101.5875
104.6659
103.4655
104.6967
103.4382
104.1337
103.1746
105.1347
104.9099
103.8017
104.3027
104.3869
104.9314
102.8039
103.9746
104.1355
104.0775
103.8099
103.4565
103.827
102.9847
104.2418
104.0586
103.3846
103.9872
102.963
103.3843
104.7465
103.2046
103.6613
104.6235
104.0009
102.9507
103.3235
103.7352
104.0283
104.0386
103.8312
104.3948
102.6591
103.3062
103.063
104.5328
104.5786
104.0892
103.803
103.3786
104.3825
102.5517
103.4347
103.5526
103.7208
104.8082
102.6637
103.5456
103.4813
103.2532
104.2187
104.6042
102.8368
104.6441
103.3688
104.5345
102.5582
102.5003
103.7477
103.6825
104.7827
104.513
102.8416
104.0035
103.6862
104.4937
103.4743
103.4541
104.1337
104.8351
104.3044
103.4069
103.9101
104.4653
104.7657
104.2976
104.4325
104.1816
104.4477
104.2182
103.4725
102.9643
102.5964
104.0386
104.5669
104.4192
104.1205
104.5846
103.3458
104.0666
103.7676
103.1236
104.0097
104.6343
104.23
103.533
103.653
103.0888
102.5179
103.0469
104.0589
103.4255
103.8798
104.2856
103.9437
104.1455
104.4718
104.3144
102.8043
104.8542
104.51
104.9132
103.6014
104.231
103.3168
104.1246
103.3795
103.9158
103.4927
102.9937
104.1628
103.4367
103.0655
103.4936
103.9324
104.9009
102.9316
103.3712
104.2472
102.8255
103.2773
104.7271
103.9086
103.4435
103.8978
104.4518
103.4582
104.0088
103.8773
103.2244
104.4675
102.9939
103.087
104.0415
103.7352
104.5568
102.8668
101.9998
103.7215
104.0188
103.7403
103.3609
104.0181
104.5829
103.2599
102.2864
103.4047
104.3768
104.3425
104.675
104.0538
104.4877
104.2556
103.9972
103.5122
103.9339
102.8834
103.5572
104.7611
103.9119
103.384
104.8463
104.3373
104.4776
104.6862
103.7353
104.1014
103.7416
104.4239
103.8092
103.972
104.102
103.7264
103.5419
103.4224
102.6585
104.4477
103.6994
104.2544
104.1759
104.0257
102.831
103.0389
104.4945
104.6154
104.4019
103.9831
103.6884
103.7096
104.0236
102.4735
103.5176
104.4239
104.4387
104.1077
104.5522
103.6429
103.4591
102.8188
104.1851
103.295
104.2314
103.5495
103.5699
104.4733
103.9627
104.6789
103.1446
104.7595
103.2724
104.1281
103.5288
103.317
103.5915
103.7182
103.0787
103.7993
102.7575
103.7669
102.5141
104.0382
102.892
103.8804
103.2481
104.1504
102.5625
103.319
104.9646
103.901
103.4215
104.5638
104.685
103.8906
102.3014
103.6531
103.3904
105.0741
103.7871
103.5965
103.9604
103.4384
103.2659
103.9362
103.7739
104.9787
103.3991
104.3053
103.4643
103.6707
104.1366
103.8
102.0198
103.7483
104.7193
103.9856
103.7987
103.2146
