1547.785
1617.275
1470.706
1637.822
1478.873
1621.765
1523.984
1557.097
1544.555
1623.297
1532.749
1577.851
1547.629
1578.902
1633.939
1588.831
1730.415
1747.953
1565.099
1529.575
1550.904
1526.099
1543.722
1475.537
1478.872
1519.814
1619.083
1606.266
1566.459
1472.221
1496.322
1533.01
1560.381
1575.586
1443.832
1627.375
1515.708
1512.198
1593.588
1541.813
1588.769
1514.093
1564.959
1553.493
1609.495
1686.306
1657.137
1701.349
1562.316
1623.99
1553.385
1524.661
1447.492
1542.142
1592.548
1527.226
1545.549
1478.858
1398.112
1552.292
1513.563
1434.145
1597.018
1497.255
1572.207
1493.602
1456.024
1484.361
1355.674
1461.072
1565.12
1583.664
1686.661
1587.634
1585.939
1654.673
1553.951
1572.606
1563.491
1593.631
1499.265
1506.77
1675.093
1556.971
1431.622
1564.38
1637.153
1577.859
1655.067
1469.299
1526.538
1540.243
1552.05
1405.697
1457.113
1691.019
1647.721
1494.476
1425.763
1578.455
1532.271
1520.642
1552.519
1733.332
1557.005
1460.188
1571.072
1577.236
1662.192
1474.172
1450.801
1533.158
1467.076
1479.591
1545.933
1536.76
1492.515
1526.794
1555.609
1571.47
1620.425
1465.25
1525.868
1689.835
1461.504
1608.299
1688.737
1627.559
1537.659
1391.383
1565.252
1635.388
1604.117
1367.228
1611.09
1499.483
1529.113
1526.397
1705.714
1583.612
1539.199
1464.078
1589.248
1544.794
1614.006
1464.174
1539.735
1505.932
1466.111
1691.319
1427.075
1448.894
1446.526
1533.081
1488.451
1402.346
1689.303
1540.328
1474.912
1535.953
1751.781
1578.652
1770.321
1628.32
1597.227
1553.149
1559.958
1563.13
1569.718
1570.188
1486.569
1562.203
1452.462
1535.822
1617.9
1550.607
1567.972
1412.121
1558.142
1728.581
1593.623
1454.513
1574.226
1525.039
1430.738
1660.409
1574.311
1585.632
1550.114
1507.393
1608.619
1541.087
1528.322
1558.925
1554.185
1565.807
1632.017
1462.83
1554.927
1543.272
1615.886
1528.046
1571.909
1492.569
1614.962
1614.299
1466.727
1598.429
1574.228
1601.538
1580.334
1592.54
1654.852
1485.382
1606.218
1470.847
1678.793
1615.967
1487.428
1614.573
1563.334
1595.809
1518.217
1462.518
1421.678
1651.757
1595.489
1563.226
1633.386
1582.948
1410.65
1553.909
1648.736
1583.175
1459.249
1451.282
1600.569
1565.365
1501.047
1560.879
1498.219
1435.402
1592.529
1586.98
1568.716
1567.284
1517.47
1579.675
1562.131
1503.536
1510.243
1527.552
1621.458
1531.736
1540.896
1486.36
1625.537
1516.395
1614.619
1543.688
1543.443
1618.171
1398.773
1548.098
1604.111
1554.648
1464.73
1525.435
1637.899
1600.905
1679.106
1590.94
1538.934
1670.559
1483.189
1612.908
1643.386
1616.532
1584.965
1609.336
1460.266
1498.919
1611.734
1596.498
1470.013
1494.99
1511.994
1462.525
1524.02
1545.834
1408.106
1646.102
1537.107
1478.315
1557.154
1732.479
1476.472
1696.676
1493.075
1652.684
1519.05
1487.422
1546.948
1502.361
1495.411
1561.984
1504.945
1515.473
1516.468
1538.059
1470.951
1586.244
1518.016
1534.901
1530.57
1635.936
1552.182
1586.317
1505.571
1620.135
1476.841
1596.069
1508.238
1702.84
1499.197
1513.065
1599.156
1514.74
1540.215
1568.346
1492.541
1582.512
1509.522
1664.193
1477.462
1548.652
1622.546
1561.958
1621.13
1502.391
1746.361
1607.082
1583.793
1612.681
1529.103
1496.778
1551.859
1558.988
1467.499
1519.239
1646.163
1563.939
1513.446
1555.56
1598.163
1449.551
1531.789
1466.678
1698.945
1647.956
1560.079
1698.58
1468.815
1597.936
1607.784
1676.884
1533.149
1544.779
1475.535
1468.33
1538.987
1532.39
1526.829
1626.837
1620.185
1615.036
1578.064
1575.365
1619.894
1548.015
1561.223
1465.122
1669.642
1389.7
1558.754
1592.422
1434.735
1642.301
1684.939
1452.773
1443.986
1422.685
1452.508
1554.434
1505.162
1527.822
1594.328
1459.011
1547.381
1622.466
1515.118
1547.125
1646.308
1501.698
1627.456
1601.189
1551.351
1606.53
1530.197
1546.085
1520.397
1724.033
1646.898
1495.531
1470.983
1545.869
1551.875
1490.736
1537.677
1567.41
1461.229
1525.067
1562.28
1555.564
1524.096
1535.088
1493.44
1459.361
1547.423
1475.797
1505.898
1487.898
1652.371
1499.356
1565.619
1648.756
1605.375
1734.888
1523.656
1484.199
1442.372
1470.427
1499.031
1559.204
1569.658
1524.49
1599.683
1474.476
1636.108
1707.839
1465.483
1567.651
1584.81
1555.131
1568.22
1557.985
1546.12
1579.696
1569.6
1609.032
1568.533
1464.53
1525.889
1544.105
1623.562
1707.416
1558.742
1553.219
1530.715
1450.502
1616.895
1549.162
1628.826
1557.465
1535.063
1550.967
1502.64
1578.899
1683.986
1574.491
1543.74
1570.55
1713.17
1707.281
1555.944
1616.361
1518.075
1573.957
1592.67
1418.45
1575.26
1511.598
1532.449
1545.594
1501.956
1496.023
1638.033
1455.019
1573.531
1525.089
