211.1154
204.5526
195.9811
213.2975
211.54
197.7819
203.9536
210.3467
215.9216
202.701
196.9342
220.7439
184.6951
205.4034
199.2744
179.6047
187.1294
210.6384
197.2069
210.1331
208.1005
210.8087
224.9214
185.2972
184.8152
204.8661
209.7048
179.0272
199.1278
189.694
201.0816
206.2515
188.4148
198.3136
192.2121
178.0751
157.6398
159.0093
145.5302
145.9878
149.3164
151.0162
159.1954
156.4423
166.8446
172.0946
153.0472
148.4019
140.4817
138.2399
143.616
153.9938
155.7746
158.7706
164.3092
153.1776
145.2716
157.1896
140.9974
150.7602
141.7983
152.0455
137.5201
150.073
145.67
149.3619
132.6909
156.534
142.5937
152.7398
138.849
145.0016
151.3174
157.6072
140.3862
162.615
153.7505
168.1972
143.1338
144.6088
142.6907
138.154
149.2818
146.379
145.0802
158.2108
144.0982
141.5343
150.0015
155.9105
143.0282
150.5098
158.3823
154.6635
154.2744
149.6702
142.9907
146.5195
148.9347
141.2335
160.6412
143.9479
154.8837
141.0782
138.1473
154.5002
157.7243
143.2061
146.9689
139.0088
144.7011
159.0543
156.3731
150.1066
156.7109
152.5039
142.8211
137.252
152.7497
147.2787
153.319
138.9665
148.0238
159.6278
151.5383
145.8431
163.966
151.0306
157.1414
142.572
140.7963
144.1953
139.0802
171.1029
153.6112
142.0709
159.5359
146.2538
173.6165
144.7649
171.1471
149.7548
142.1975
144.0179
149.0364
149.6883
149.6849
153.3396
142.3985
144.4848
161.8034
141.0415
156.4739
146.2406
146.7872
159.9668
151.7253
159.7093
149.2728
167.5775
157.6716
139.4048
153.6604
152.5338
145.1166
146.6108
139.1429
152.9796
145.086
146.4944
148.8016
156.4039
148.2088
148.3146
158.6772
159.7604
156.2378
154.7594
162.8891
152.247
158.3744
153.0053
150.0109
146.5003
153.4642
155.8884
150.7024
154.6297
156.9124
151.1893
152.3106
159.6188
140.743
148.1395
145.9018
158.0845
153.7247
142.3298
149.891
146.1467
136.0649
138.9747
153.5149
148.6734
160.9718
150.8874
155.343
146.7808
139.7182
142.0697
158.8248
147.0761
162.0224
153.7873
153.6541
149.3309
149.6898
158.291
140.6924
141.8063
150.4809
155.4947
155.5281
149.9065
147.5025
162.3744
132.8831
155.9085
161.19
151.7792
147.2274
145.5273
149.7495
142.7684
144.8815
142.6363
146.31
149.0333
164.8086
148.8071
151.281
154.8618
142.3028
147.9808
153.391
146.5599
141.3605
150.454
142.4949
138.5882
146.3998
156.9669
142.6615
144.1122
144.568
162.8672
149.4576
154.4354
160.3904
150.0077
157.0367
136.4851
149.9119
153.7469
135.5776
161.5468
145.1174
157.4714
153.3516
144.225
140.504
142.2077
146.3727
159.9041
161.9305
160.9623
142.9292
150.9301
148.7592
140.0843
144.6219
155.1379
150.7599
155.8278
141.3522
141.8129
151.8266
148.4242
147.9005
143.0929
159.0293
155.2874
148.1393
142.8095
145.3512
164.7147
145.9341
150.8309
145.5535
143.4724
157.6987
142.4006
140.29
140.4534
154.3824
137.9465
134.7647
148.4058
139.0208
149.138
157.925
146.3378
142.7843
146.0209
158.6967
160.8523
149.8602
131.6976
154.3116
143.4289
144.3118
152.1456
147.6487
154.1788
154.2253
143.4342
153.6918
152.9602
153.8588
148.5417
143.4329
165.2357
155.0377
151.219
138.2374
146.2679
156.0121
143.3021
154.0791
148.6414
154.7798
136.4089
158.0878
157.3996
145.3888
150.9784
141.39
157.6104
157.7065
161.246
143.988
151.0962
155.2067
155.5175
156.1569
162.8759
167.3458
153.3965
134.3973
151.4827
154.6132
133.4463
163.3701
152.6606
158.3126
142.0138
146.8103
144.3902
155.3674
161.5792
164.9862
146.2388
148.5192
158.9023
152.3817
155.0331
138.6303
160.5277
160.5535
151.7279
143.0344
153.293
154.5933
155.9024
156.6768
157.0344
166.0597
150.297
149.9261
141.9669
155.4793
152.0296
141.4075
158.0428
152.5237
155.0272
150.3478
153.0628
140.8294
148.8807
160.2222
158.5492
153.514
166.4663
159.8114
144.1415
141.8028
139.4269
150.1141
157.4319
165.3979
157.5893
143.2013
141.0759
152.9715
136.0478
150.2977
155.1422
152.4458
154.9821
153.7052
152.308
140.1734
143.6424
148.7832
157.137
158.7286
158.2928
150.3593
150.0738
147.098
152.097
142.2236
162.1414
146.4279
139.7317
139.3549
169.0641
160.662
154.8492
153.9442
150.4355
158.5927
160.2
154.4274
138.1217
158.0195
152.5226
141.9541
149.998
145.1614
157.3949
148.8554
163.304
170.0597
139.9409
149.3702
162.6735
150.8159
150.8919
148.5645
173.3594
151.2541
144.6165
142.3672
158.6715
154.1671
161.3943
150.4092
152.8807
164.3698
148.9923
143.1517
169.0381
155.3236
154.1248
150.5459
145.6929
148.2628
153.4478
165.5896
155.8706
150.7946
151.0699
147.7064
157.3056
148.7555
159.1464
140.6165
163.6907
142.9267
158.3127
143.489
162.327
148.7985
154.7648
141.5859
142.7993
154.3802
168.8097
