24.41663
39.16565
23.28949
24.03187
35.44363
73.62527
64.12148
89.40063
114.3649
147.3267
115.1525
209.8487
213.2724
258.4873
432.6844
441.3641
900.0935
790.2011
985.3934
1190.052
3382.034
6062.769
12605.5
20713.26
18761.38
16684.03
17427.16
18203.42
24645.96
30981.33
25556.46
16826.85
16627
19101.35
15967.67
21117.79
24749.87
18846.87
19844.2
15898.53
23525.22
15513.41
13027.01
23408.3
26548.68
18929.31
19295.08
20154.75
18947.45
14383.67
12642.1
13541.53
15540.57
14328.03
16578.29
16777.67
24091.68
18458.34
19364.77
20169.43
21617.12
16064.27
18195.58
22015.65
26637.6
16425.23
19999.96
20183.55
22985.12
21684.21
18353.52
28510.91
24927.88
15177.38
11314.9
18282.73
18991.45
17210.48
21206.15
26158.12
25827.35
22563.96
22508.12
18335.06
13168.7
20134.15
17348.8
19106.37
11909.6
17543.88
18680.93
17909.59
17802.05
11192.73
18722.55
16889.42
15163.32
13264.43
18618.23
19543.69
23815.85
18841.07
27128.77
19845.39
19538
14964.92
23784.6
16052.9
12718.03
17386.64
24172.08
29346.11
26085.67
18709.77
24861.42
30969.84
28057.43
18721.88
14195.2
17064.26
22191.11
21991.04
22624.12
14650.69
14063.66
16584.45
13335.26
14024.85
20179.37
19767.47
21957.15
20179.8
17881.48
13918.62
22083.87
15357.93
20722.14
9159.342
23258.46
27898.67
21933.45
20553.41
19838.17
24800.56
17221.1
17256.5
11724.68
20485.42
18717.89
23614.35
25063.02
15547.17
10842.33
15151.9
16261.14
20513.23
23410.43
18661.7
19178.13
20780.23
16579.23
15191.97
18157.09
29370.55
36713.77
29252.63
16544.62
15660.8
23678.63
21039.53
17402.38
12397.51
24952.55
28391.21
19265.41
17518.46
11777.1
19548.55
18474.43
22665.49
23887.49
17908.48
22543.94
15432.92
13353.25
18139.01
25120.52
40881.94
17707.29
16785.15
19110.49
19431.39
20481.68
20127.57
19265.6
27478.08
21734.32
18013.98
20417.76
20664.73
16606.43
23248.57
43853.06
25266.97
23211.9
39978.55
25795.75
26587.49
16703.36
12190.66
23816.82
29645.12
17630.18
11248.25
12391.87
20146.06
18154.08
21170.35
22966.46
22572.05
12040.3
19155.86
15023.39
19781.16
10687.18
23668.08
24857.9
17999.22
16455.38
20434.23
19668.5
18618.72
17543.24
12767.23
16937.11
13967.87
14260.45
20143.16
15672.98
22491.37
25339.63
26869.54
15504.22
22083.77
20163.09
23515.66
15370.96
21998.12
21582.69
26988.46
19179.77
13301.96
14523.05
20928.6
16444.07
23356.87
23676.34
31345.97
16813.51
20362.6
26131.18
34994.5
26776.01
10996.95
17134.52
18302.44
14678.14
9740.658
15414.34
14305.08
12141.89
13590.59
15811.28
16746.1
21407.37
12709.75
18192.9
19526.66
18130.08
9496.927
19896.76
22017.8
16108.43
16935.1
27492.45
25898.93
26768.85
20328.6
23152.68
26915.84
18175.95
17593
19133.15
20867.15
20481.74
17128.4
23893.64
21350.67
15444.58
14946.9
18672.82
24363.3
16421.26
14796.01
13589.21
13638.79
29036.69
24366.36
22866.74
22642.44
25946.55
22554.79
23693.93
20980.56
22134.54
22684.08
18826.99
16749.88
13952.72
20229.97
20578.42
21736.55
18111.48
15343.87
27421.41
21079.77
18303.67
22733.58
32792.71
25848.38
19754.93
19342
17510.4
15726.62
14182.14
19776.61
15064.56
17664.92
18668.59
22391.22
12452.79
14305.82
12041.57
19044.26
14186.18
11947.9
21247.18
14076.38
17405.95
17292.77
26717.54
33985.81
15935.5
24910.39
19769.38
18021.84
13156.94
13047.67
20327.3
20709.15
23364.85
25076.16
11569.96
18728.57
21492.61
20974.07
30258.88
35423.14
24558.35
21536.18
20693.53
27808.09
23761.21
27553.49
16013.63
16194.56
13428.79
24696.58
20745.7
25633.46
22637.01
27269.02
36839.74
28310.85
36663.76
37288.57
23139.47
14796.35
16345.1
17892.03
23533.8
14133.09
16102.17
17756.02
14600.95
16185.22
17322.41
12483.39
15137.79
18661.69
20490.19
16760.83
17569.32
14910.8
17705.68
16054.84
10462.51
16066.06
17224.02
16825.06
19252.9
27800.15
19200.57
19115.97
28928.8
26298.95
27090.46
29774.65
16434.13
15782.38
13969.85
9997.376
19770.14
14687.46
15915.08
12697.93
14968.73
18865.76
21364.73
18394.07
26267.03
14546.18
18354.84
14022.77
16519.33
13101.68
17676.56
17027.89
15098.13
14234.15
19999.03
18716.22
11297.84
15998.78
14235.39
15076.06
27249.37
14792.97
15550.1
13818.53
12598.72
14030.46
16931.27
16130.4
23806.26
26762.82
23117.45
20747.89
28133.2
16468.19
21050.78
26752.46
24443.94
29643.01
27548.14
25305.43
27843.94
17808.98
18751.01
12133.75
27805.73
21334.71
14670.11
11517.38
13905.73
17879.13
16881.46
15152.34
24388.31
23528.58
20958.45
25528.45
19006.85
14711.29
18053.41
23125.43
22184.75
15098.34
18937.42
17998.02
17781.2
19788.64
18760.35
15788.77
15807.77
25287.34
23107.73
19058.61
28356.3
15684.72
