146.8391
217.3881
260.0007
153.336
278.0414
146.4668
86.57055
288.2134
790.9582
334.8343
175.7577
261.2974
347.5621
478.1218
245.9417
336.4134
434.7016
549.5189
170.3076
174.5371
354.0373
301.6802
444.4857
182.5441
331.2739
284.8466
465.4559
371.7004
204.9639
168.0887
517.7066
945.4252
310.7254
645.2296
232.882
461.2199
455.0573
387.2229
273.1137
442.8091
115.7229
234.1737
271.7665
302.3859
215.381
392.289
693.269
706.7461
400.3144
335.8315
350.3643
125.8837
362.5441
179.3718
340.9162
589.9612
185.2968
507.3218
183.5074
179.4711
516.196
290.0004
398.4444
291.0541
415.3986
443.6774
100.3423
100.4093
134.8643
174.6505
568.6373
315.7469
710.181
551.4587
257.7185
211.6843
520.9794
173.0356
129.8573
141.6007
185.7369
196.6075
389.5062
201.5461
348.4838
229.5233
326.7226
196.2721
131.7933
160.5724
283.3412
191.6554
161.2882
258.2525
304.0248
220.8812
311.9285
180.9108
353.1793
759.0995
242.4062
281.0678
752.9067
208.611
318.6836
150.6174
250.0706
249.3458
222.3722
231.9476
271.122
254.4471
259.5433
128.7431
340.7836
105.133
106.9672
201.144
113.6424
945.9645
196.9509
294.7809
142.3753
698.9431
397.7999
300.5132
140.7223
275.9163
333.4963
517.9373
464.9963
414.7479
592.2162
806.6835
173.3337
192.7467
225.8235
122.0859
295.745
237.2401
282.0366
306.5571
110.1299
489.5872
360.4223
253.9731
200.4386
253.8762
246.6031
484.1208
270.0026
190.4235
242.0239
413.2435
333.9097
289.3668
170.9525
429.071
193.5225
318.1035
477.7263
269.0278
172.0936
196.9828
502.8059
210.1116
271.0516
300.9261
159.8127
340.3733
1414.319
173.4601
400.6653
249.4813
347.0048
237.353
385.7512
419.6323
91.19065
333.6063
844.8433
201.6489
151.2867
479.3637
443.4721
332.5864
239.0451
288.7468
679.7139
655.215
584.7632
685.4782
361.6851
266.8039
281.3807
487.1905
337.7376
520.4189
255.0049
1249.79
479.2404
227.378
381.7578
468.5045
188.1124
381.4163
1776.919
434.2201
265.4062
544.2852
316.351
406.7092
698.1175
543.2298
762.475
540.8748
244.1281
390.6782
279.2992
417.7182
405.7282
299.3519
175.2512
290.1217
188.6975
276.1034
359.8169
534.7368
426.512
262.8128
468.5377
333.1289
348.912
330.7967
562.4625
369.5253
286.1104
367.9895
333.1192
257.0324
749.5883
372.6377
602.7986
165.7713
370.0595
170.5438
251.1982
845.222
222.0152
232.4733
526.3513
167.68
562.9196
419.2541
301.4761
253.4013
326.0091
787.1669
590.49
471.4979
210.1
329.3976
281.5599
766.0758
525.5753
235.3927
336.5345
328.668
401.6823
954.9069
191.1316
367.7902
281.9309
1315.743
351.0932
427.8895
632.4336
580.1655
411.161
260.7753
643.776
181.2094
576.2343
613.0441
669.9459
341.8875
532.2202
2383.097
447.7966
212.7967
1000.993
689.006
1060.565
565.2813
232.9573
357.8363
1256.077
232.1058
553.263
339.6949
742.7877
1153.754
556.4336
803.1934
676.4956
487.1451
520.4433
375.3648
370.7228
716.9151
358.1243
500.2559
579.1472
781.2494
417.3867
506.4229
654.8022
596.8289
1179.249
1191.704
322.2235
440.6397
475.7553
239.9158
256.3903
712.3596
381.0569
287.1682
647.4398
312.6103
1010.537
1024.594
420.4566
527.1554
338.3461
221.1629
410.8668
381.6026
583.7793
850.4552
868.2915
424.7327
341.9844
269.8841
337.5595
415.5182
281.6308
286.7948
711.7734
306.2798
298.8455
242.0794
342.2638
281.551
140.7542
291.7646
404.5625
245.5286
265.1623
329.4599
305.9708
509.2842
470.1205
234.9334
197.111
266.2407
1310.95
277.1882
200.4461
427.5245
219.3223
782.2098
354.2876
294.5998
211.2215
441.939
298.8829
146.4469
595.3459
249.6214
279.2788
199.6403
184.8482
520.1094
261.8728
195.1623
348.2496
164.2585
657.2265
648.5207
525.6663
234.4355
338.9558
195.7534
269.3216
308.5482
464.6388
280.2312
531.3439
590.9733
506.3027
239.4036
653.0151
449.3335
357.1613
215.5983
305.3381
258.681
593.1136
383.4121
458.3143
445.1002
480.0131
292.1946
289.7587
161.6997
1137.463
463.9906
338.9901
744.3308
619.3945
234.4136
925.1919
88.61071
636.0103
166.5525
313.3909
225.343
632.2433
213.3502
334.6607
412.2401
232.5935
198.1162
328.0126
327.6156
265.0663
576.476
416.4807
232.2447
371.2872
291.6232
329.9934
517.9965
300.9927
193.9509
268.2016
348.2339
169.1251
758.0807
734.7142
173.3926
245.4084
313.7695
304.0815
235.7185
175.0468
307.6465
273.3743
246.7282
325.1607
211.8374
1338.778
599.6608
345.3624
338.0317
110.4322
225.4828
250.5367
240.6177
97.95686
230.0779
319.3164
311.6656
273.7843
383.5866
222.8243
279.7154
294.2153
160.5969
316.4647
220.7652
244.5342
97.41693
137.6087
303.3061
219.1292
246.3438
525.6718
803.7816
128.4239
141.3203
83.99925
223.4538
197.3536
156.0666
234.2292
203.9252
315.2762
234.6579
