9.034178
7.227655
6.78349
5.663019
4.195268
4.716803
4.84543
4.65264
4.818876
5.388266
4.769888
3.555623
4.207161
3.743568
3.557997
6.517782
4.818565
4.928379
5.383345
6.061767
6.252636
4.926633
4.393028
3.318083
3.426008
4.577528
4.610447
4.330624
3.315355
2.971265
3.617226
3.651711
3.086868
3.016483
2.637921
2.22296
2.500754
2.692809
2.455956
2.385649
1.88749
1.907254
2.52707
3.741851
2.886813
3.244552
2.93219
2.576806
2.344667
2.886471
3.280334
4.14484
3.697797
3.836189
3.983225
3.898527
3.451245
3.634269
3.677607
3.662282
5.008292
3.977265
3.222942
3.722051
2.763009
2.519289
3.062301
2.683818
4.024624
3.880385
3.385098
2.255933
2.279517
2.105796
2.514185
3.636035
3.864662
3.394582
3.148879
3.631233
3.772225
3.49612
3.409593
4.172213
4.41275
3.666139
3.507144
2.532368
2.18774
2.435794
2.56487
2.312216
2.50108
2.475973
2.838553
2.956943
3.740089
3.577825
2.329056
2.56235
3.037393
3.536787
4.081358
3.616468
3.578946
3.827326
4.1111
3.079853
4.254525
4.484056
3.634129
3.814673
3.538224
4.131656
3.949806
4.760115
6.001869
4.894091
4.669905
4.397288
4.540786
3.555334
2.776828
3.126703
3.555762
3.408352
2.9422
2.3892
2.208427
3.164195
3.732555
3.959723
4.45227
4.98143
4.971587
4.413848
2.786821
3.450657
5.005175
4.198893
3.11198
3.272514
3.149338
3.865103
3.983539
3.667449
4.087229
4.425887
4.729159
4.124134
3.690369
3.829103
4.362943
3.546945
3.551317
3.738109
2.984017
2.079456
2.916896
3.289494
3.570294
2.833937
2.542037
3.823257
3.036784
2.956325
3.09553
3.186833
2.94907
2.942863
2.773993
2.570103
3.07718
3.583148
3.885277
4.346476
4.131088
3.480112
3.118444
2.587647
3.141999
4.095012
3.062988
3.205095
3.13234
3.563468
2.948699
2.936248
2.569395
2.617962
3.475874
3.504077
2.739426
3.286382
4.269956
3.919143
4.346055
3.00846
3.588161
3.103413
3.691305
3.88604
3.035884
2.745953
3.07914
3.179745
3.245098
3.276079
2.858179
2.887408
3.308093
3.32509
2.370673
2.564043
2.584531
2.406338
2.840386
3.073568
2.563335
2.856008
4.236964
4.186691
3.577571
4.77058
3.6699
4.17186
3.583253
3.767926
3.276491
3.87942
4.474218
3.615392
3.390937
3.286884
4.117655
3.114843
3.435611
3.59178
3.945274
4.596009
4.458783
4.171979
3.399017
3.406147
2.84837
1.857241
2.018529
2.507469
2.558928
2.936492
4.620073
3.311026
3.784072
3.557209
4.82773
3.886487
3.124128
2.431165
3.277435
3.840365
3.600545
3.098882
3.807747
4.458853
4.329652
3.674869
3.66359
2.349709
2.988034
3.986771
3.380968
3.684453
3.997858
4.144232
4.582785
4.082487
3.988125
3.399877
3.005288
2.703026
2.816375
2.425093
3.362268
3.839561
3.337472
3.859243
3.498747
2.776602
2.85523
4.017573
3.463334
4.250309
3.720494
3.953114
5.192638
4.137197
3.563786
3.788413
3.395431
2.835219
3.003229
3.261435
2.992471
2.615748
1.826388
2.42616
2.418757
2.546367
2.659253
2.519176
2.473909
2.892319
3.460857
3.241506
2.983565
3.852335
3.680031
2.845461
2.597576
3.359972
2.536032
3.421975
4.478726
3.1611
2.988117
2.662533
2.130078
2.28439
2.670574
2.657086
2.35022
2.138604
2.222208
2.382232
2.351096
2.841654
2.998966
4.519744
4.802373
4.87698
5.710075
4.738353
4.476565
4.312625
3.031438
2.824657
3.099909
3.93237
4.048459
3.577907
3.043928
3.340521
3.072292
2.188082
2.300309
2.663543
2.084999
2.333784
3.471099
3.431535
3.927214
3.02598
2.552034
2.529757
3.341044
2.878629
3.01688
2.037277
2.181146
2.287453
3.781283
3.142823
2.887497
3.37273
3.245718
3.335756
2.840493
3.299159
4.027483
3.406001
2.891947
2.849236
2.373837
4.170512
4.687646
4.622751
4.028833
3.986837
3.408142
3.582962
3.298603
3.462493
3.401367
3.419693
2.844889
3.488739
4.18963
4.740424
3.47707
3.364334
2.877129
3.498798
3.222798
3.060865
3.147869
3.017076
3.045822
2.83794
3.281182
4.954073
4.470661
4.252999
3.865517
3.742313
2.724824
3.421951
3.210192
2.541523
2.201521
2.696481
3.362549
4.884377
3.899055
3.60007
2.601993
3.095214
2.829901
3.093187
4.353905
3.739404
4.20583
4.60679
3.54101
4.642187
3.336129
3.969716
3.455953
4.093381
3.119051
3.679891
3.949513
3.687866
3.03021
2.729873
3.035697
3.376744
3.229728
3.408891
3.873122
4.176228
4.55011
4.245205
3.935693
4.548615
4.131985
3.296636
3.188941
3.000825
2.904066
2.47788
2.726613
3.145758
3.184236
3.347922
2.222887
3.214721
3.296618
3.60594
3.727063
3.304901
2.946719
3.608033
4.029545
4.145771
3.579924
4.487317
4.639034
3.006851
2.740784
2.741146
2.901658
2.949788
2.491054
3.138355
3.004055
2.59349
2.709868
2.851893
2.708621
3.082092
3.22862
3.5018
3.907973
4.073967
4.915775
4.044278
3.236686
3.230093
3.233392
3.369792
