80.49006
82.05101
82.41349
80.58072
80.33466
80.71104
80.56727
81.10404
80.68407
79.38363
78.33779
78.5986
79.38144
80.10256
78.79265
79.69591
80.73204
81.42737
80.46466
78.67354
79.60744
80.03515
80.92722
81.41397
79.98687
81.6683
81.67279
82.89932
83.06828
82.91425
81.14122
81.72466
81.19302
79.1818
80.07148
80.56931
79.89353
78.29922
78.94571
78.13106
78.52711
78.18054
77.28782
78.28212
79.3883
79.76989
80.10412
80.91256
81.09772
80.38459
80.68353
81.58832
80.08414
79.14416
79.06529
79.78514
80.50104
80.3255
81.27676
81.83256
83.29563
84.77645
84.58802
85.48537
86.29638
86.86469
85.70452
86.64975
87.20109
89.43171
88.2124
88.81647
87.30417
88.0613
88.55764
88.73529
88.79621
88.57882
89.01556
91.00859
90.86354
89.7721
91.58544
91.50078
90.27921
91.91923
92.19088
93.17698
93.05436
94.9237
94.20437
94.34002
95.97663
94.9317
93.73006
94.27686
94.37504
94.63729
96.22679
94.80876
94.08665
95.37349
95.60294
97.44231
96.90894
96.34507
94.6012
94.94301
93.64077
93.20914
93.14999
91.3548
89.80832
90.97629
90.93705
92.76296
91.77119
92.45868
90.90677
91.12831
90.48357
89.49414
90.5746
90.8147
88.82691
89.44313
91.11805
89.74775
90.39579
90.77084
91.23053
91.5236
90.99313
90.56787
91.82546
91.46358
92.12571
91.15548
89.61772
88.61718
90.48803
91.02071
90.44709
91.20782
92.43795
94.25346
94.42874
94.39003
93.97964
93.06323
92.24916
92.65385
93.74052
93.7946
94.48657
95.08755
95.39408
93.65122
93.48116
93.20124
92.86239
93.16243
91.86519
92.59933
92.64875
92.06796
91.182
89.33945
89.72066
88.41225
88.39478
89.28753
88.34273
87.62228
88.08469
87.1712
88.06426
90.0331
89.31684
89.26044
89.25076
89.13216
91.33223
90.70702
90.14602
89.68685
90.96286
89.4752
90.39924
89.80081
90.11606
89.12261
89.63164
88.33875
89.54891
88.50337
89.01843
88.03979
89.31745
88.49257
88.87006
88.95264
89.63314
88.72114
88.0101
87.19767
85.55667
85.3277
86.42588
87.12358
89.44708
89.63613
90.03607
89.21564
87.72732
87.81657
88.02465
88.47671
89.18056
90.21244
89.35869
90.23812
90.66523
90.64741
89.87011
87.62148
86.78152
88.17145
89.07737
89.52686
90.16888
90.42619
89.27096
89.7041
90.49363
89.83008
90.1063
92.4014
91.63775
91.45569
89.83162
91.22609
89.64827
92.406
93.19121
93.46221
94.36272
93.20365
92.70279
93.18131
93.41148
93.73981
94.44945
93.54601
92.77748
92.91914
92.2488
92.02897
92.66412
92.88528
93.14698
93.08289
93.18993
93.46965
92.25525
90.45907
90.94698
89.75915
89.95966
89.66116
90.98994
91.56293
91.44261
91.32747
90.32755
87.26719
88.35277
88.35544
87.2056
87.18045
87.0778
86.76638
86.80494
84.40663
83.21598
82.74102
82.56357
83.75607
85.88295
85.15292
85.86573
84.30576
85.96815
85.46435
86.68465
85.67051
84.89276
85.67518
85.68637
83.88026
83.89174
85.14374
84.53746
84.71765
84.90458
83.9885
85.35866
85.46011
85.65103
86.38744
86.77047
87.97809
88.00634
86.23154
86.40505
87.74821
87.80281
88.27245
89.18202
89.5043
89.27587
89.81379
89.72653
90.40299
92.82867
94.60161
92.95211
92.28588
93.4516
93.74336
94.42528
94.03048
94.54211
91.70346
92.8327
93.66802
93.91736
94.34899
95.25004
95.59387
97.58143
98.17193
98.66453
97.65222
97.94297
97.58887
97.12564
96.92314
96.3558
97.95749
97.90439
98.87963
99.66705
97.29218
100.0553
99.94326
99.12693
99.93503
99.50661
100.201
102.0246
101.0699
101.9845
100.8845
103.0525
104.7558
106.9786
107.7715
107.5254
108.9784
108.6739
109.7306
107.5735
107.9457
106.2531
107.4981
106.7899
104.2351
104.7553
105.7294
107.0715
106.5415
106.5109
107.5219
106.2594
104.2898
104.3818
102.6833
103.4509
102.7324
101.9769
101.029
102.6581
100.0979
101.0407
100.1909
100.307
100.0627
100.4772
101.7279
100.6031
100.6134
99.61794
99.51419
99.71055
99.9791
98.07111
98.42681
98.11096
98.70774
98.80348
99.09125
98.19188
95.80997
93.29898
93.20331
92.39837
92.3831
91.08487
92.35725
92.20514
93.97298
92.59057
92.40524
92.84205
93.72432
93.85553
93.8961
94.88764
94.35945
92.69844
91.67383
91.16395
89.36366
91.16584
89.34237
89.67848
89.02959
86.58676
85.7293
84.96497
85.42496
85.75885
86.86148
87.12308
87.43476
87.21838
88.79249
88.62364
87.27565
86.77782
85.4406
85.18039
84.83242
85.36917
87.20317
86.87224
88.28088
87.8712
89.32955
89.83525
86.76661
87.12148
87.6598
88.31192
86.70959
85.54427
86.15573
84.78649
85.53769
85.51723
85.38128
85.07999
83.20056
82.10873
83.80389
84.06586
85.00176
86.07609
86.18747
85.65311
85.51535
85.32606
86.37013
88.44917
87.92802
89.42117
88.31974
87.48129
86.76193
87.46152
86.56073
87.2107
87.35403
85.83825
86.83809
86.61434
86.24961
85.78806
85.87395
