103.3384
105.0758
104.6194
107.5543
106.5247
107.5157
106.3399
105.9673
106.361
107.4539
109.5065
111.697
110.0982
111.3342
110.9886
114.3173
116.9364
117.3023
114.9079
115.8291
117.1924
113.8716
115.7471
115.241
114.1971
115.3502
116.0875
113.6846
111.3771
110.1233
107.7646
106.206
108.6634
108.7765
109.8604
110.0054
109.9055
109.9933
111.0451
111.2147
110.9801
115.4302
114.6062
116.3284
113.9976
115.3845
115.6411
115.9125
113.4045
113.1047
113.9032
110.7716
110.8614
114.4162
114.0975
116.0918
114.0966
117.4966
117.8248
118.1964
119.5492
117.557
117.9112
117.135
115.0543
115.6673
116.7766
116.1944
115.3675
114.4677
116.77
113.9053
112.4327
113.3898
113.8479
113.9376
113.0034
111.2834
112.4413
114.3143
112.3152
110.1857
113.1146
112.0131
114.8217
114.2155
116.0433
112.9098
112.9567
114.8282
113.7033
112.5161
113.7222
112.9211
113.2578
113.3873
111.2913
111.7717
112.8871
111.4491
111.2638
112.2952
114.0452
114.7204
110.7187
111.106
109.806
107.3895
109.6259
108.396
110.7623
111.352
110.7543
111.8958
111.404
109.2725
105.8281
105.0098
106.1296
104.7454
101.5427
101.3226
100.396
101.1568
99.83462
100.6783
98.74666
97.16028
101.38
101.0208
100.3485
98.30528
96.06935
95.84557
95.32502
97.47368
96.39934
97.37024
98.07256
97.61006
97.75332
97.8709
100.7664
99.46819
99.54287
99.92858
100.09
100.9066
99.99525
101.5216
101.6595
100.5918
98.57235
99.07215
101.413
103.5433
102.375
100.5964
101.389
100.2825
101.5175
104.4504
104.3521
102.7959
103.1822
105.6754
104.5706
105.5626
105.5154
105.8489
108.7811
106.7704
105.1585
103.2037
106.8017
105.2989
105.7427
106.7558
108.8604
109.3456
106.1235
105.5852
103.127
103.9999
108.2437
105.7977
106.5954
106.5255
103.2055
100.511
99.53658
99.1395
100.5195
104.6196
104.213
101.8459
102.9374
103.7357
103.6189
104.2707
104.0822
102.6506
101.8756
101.501
99.71339
100.9067
102.0148
103.8841
103.9802
103.3744
103.9762
100.9368
99.13264
100.6256
101.3647
102.5151
103.7213
100.8632
99.13857
99.09533
100.1927
100.6186
100.227
99.95647
101.3736
100.1852
101.2984
104.3588
102.5884
102.8373
103.9094
105.989
104.4461
102.4285
101.7959
100.7812
100.3417
99.58772
100.4384
100.7197
99.99875
100.0433
98.82709
97.32732
98.45672
99.975
99.5978
97.17531
96.49961
99.01764
98.99597
100.5229
102.6868
103.1805
105.1089
103.6605
105.6909
104.2878
103.1374
105.3575
104.5686
106.5619
109.0266
110.5204
112.692
114.6737
115.6839
116.6033
112.2584
111.8777
114.2035
113.908
111.1438
111.552
114.1121
112.8491
111.7217
113.781
113.1735
111.0617
110.7949
110.7596
110.1568
112.6983
111.5754
109.1975
107.6132
106.588
106.5941
107.3841
109.5552
108.8419
107.3798
105.6752
104.0112
103.5401
103.3288
105.4232
107.8263
107.6508
108.2126
108.7708
111.665
111.6665
111.2841
109.4227
106.8971
107.3606
105.1277
109.4665
110.8999
110.9447
110.0461
110.5866
108.6283
107.5049
105.0685
105.4045
102.8281
103.1731
105.2487
104.0561
103.4067
103.4282
106.2302
107.6402
109.3107
111.4903
110.2365
109.9956
112.6638
110.922
110.348
114.9149
114.8507
118.7999
118.626
118.4988
120.3552
119.7017
117.6353
118.2701
114.7231
113.6995
112.4802
112.6696
110.6
111.464
110.6694
109.5977
109.7406
107.8735
108.8223
108.6108
104.3285
105.4758
107.4279
105.4043
101.7826
101.4455
101.0737
100.7338
101.4967
101.7028
101.6552
103.6568
103.5214
104.8247
104.5749
100.598
104.0536
103.5176
105.1152
103.6749
101.0515
100.5524
99.20734
103.7054
102.1203
94.68911
93.6416
92.72779
91.6229
88.88764
88.13364
88.30664
89.21815
87.25273
86.7428
86.95335
87.42345
86.44122
87.5954
85.0473
88.22487
88.30496
92.69998
95.62272
94.46956
96.37063
97.45111
98.62449
103.0869
103.976
103.5484
104.1759
101.6398
99.69491
100.068
99.01827
99.19097
99.51486
101.9771
102.3944
102.2127
103.1272
105.0336
101.5241
97.43968
99.51292
102.2762
102.1617
99.80455
99.84944
98.4782
98.17995
99.33794
100.0959
100.7803
101.5404
100.6156
100.889
104.0495
104.6429
104.4607
104.0578
104.9258
104.4103
104.9199
102.6357
101.848
102.777
101.9152
105.5508
105.0684
107.8927
107.8912
107.3416
105.7167
109.1928
106.0367
105.5541
105.8984
105.0264
105.0004
105.3087
105.404
104.3201
104.5082
106.233
107.3086
105.7449
109.2663
108.7181
112.0402
109.7543
108.192
108.1776
106.8914
103.7289
103.3057
101.6644
101.7452
100.7028
99.94103
99.43912
100.1753
100.3526
101.2044
100.3665
100.2308
100.993
100.5602
101.1771
102.0866
102.6073
103.2901
100.2768
100.2379
99.79766
99.05703
99.87421
101.3259
100.1514
101.1638
99.39183
101.8281
102.9008
105.3647
108.2019
