23.60376
17.28561
17.20459
21.4218
21.45943
18.01282
24.29251
16.7244
13.939
19.47589
20.45488
32.94575
42.17026
26.77923
22.2815
28.22108
26.39826
16.35864
30.41645
36.68528
37.04487
33.73653
33.80814
22.61994
23.26714
20.48176
21.18887
20.18058
15.18558
11.41197
13.62011
21.42203
16.53508
22.0144
23.56594
21.2907
33.04365
29.4073
30.06227
33.67589
52.39595
43.60906
50.63723
20.87072
23.59666
33.13624
35.91228
25.93291
18.85358
56.26269
82.19056
54.54315
55.15715
34.52507
38.72897
27.47131
29.3169
34.98483
18.80372
24.04401
31.54581
43.06593
26.65703
31.73073
25.75509
35.07911
41.1031
66.44263
32.38816
30.60765
16.64714
14.5934
30.10597
19.27355
17.24778
20.1387
23.18394
22.25789
16.40578
11.55592
14.10996
13.89051
15.74141
12.68361
32.07249
21.27292
11.90788
19.42452
21.57239
16.06266
18.21862
19.8855
16.59
23.92168
28.60679
33.25699
24.00363
23.4659
26.99661
19.78514
26.42596
20.02968
27.69241
22.0925
23.35989
34.50543
28.82315
32.53543
30.88282
23.22922
20.07457
19.14922
24.2647
16.05507
15.52315
18.17759
15.26948
29.01972
28.24353
21.45028
21.0456
28.67249
18.26539
38.24808
38.46903
43.35227
35.1766
24.31522
36.69972
40.58206
42.3311
58.46612
41.838
48.54188
19.67063
29.60397
20.08121
15.89604
29.69606
36.68304
30.50401
36.56768
35.17731
48.1007
47.77829
45.53086
28.76724
30.56429
16.68016
25.07628
28.74562
19.57543
26.59334
30.17077
20.46053
12.27521
10.07155
12.69734
14.51419
19.45905
21.67563
17.63597
25.50768
46.37307
52.23685
37.27271
25.39595
34.93703
25.73223
49.68939
34.85302
30.63609
30.07375
26.08218
16.80535
13.0725
15.81199
19.8887
27.55285
12.97855
26.77652
44.19087
22.8993
8.899342
7.565191
8.280074
12.93832
15.54582
14.8165
18.64404
25.27537
25.35045
27.04869
21.84947
14.5447
15.12184
30.12328
32.47613
20.63806
34.62221
26.57231
23.70858
33.05473
45.51898
45.96356
42.1225
86.50274
40.31631
41.04102
44.91242
19.86599
14.65726
23.61411
24.46119
15.51729
13.38678
19.44653
24.69516
14.86256
13.92021
14.73908
19.42798
22.77583
28.97091
23.2198
31.05328
23.65363
22.85164
14.36584
34.86063
26.47986
22.74779
20.16826
27.3949
27.61342
19.55277
26.46682
30.72314
36.98474
42.03619
33.43093
35.39389
20.13581
22.07637
37.16898
26.12911
14.65088
35.33655
43.61061
22.45738
20.35754
19.93335
13.03866
27.47782
29.85534
36.94285
24.19366
39.0886
44.74922
47.24048
53.31993
27.981
26.22581
25.63623
21.07762
24.10506
23.19934
44.37689
55.99116
42.32812
20.92517
30.66785
48.11972
38.1073
46.14874
24.34892
25.65601
24.12517
35.20747
23.59465
27.60748
33.35467
27.9937
33.57565
32.26841
18.68213
10.07851
13.08599
23.09754
16.0172
21.49097
24.9547
36.83006
27.98712
24.84605
45.1754
40.24391
37.54723
39.2325
50.3075
34.84959
44.05937
52.43706
31.38997
21.17566
24.29337
21.1419
31.58791
25.09651
24.62847
22.43777
21.18768
16.68141
19.71249
23.23185
25.34689
16.35886
25.77442
23.72579
29.68633
26.55646
22.38702
17.86804
13.996
22.72818
21.90288
27.28589
44.0075
26.69635
44.52648
37.80425
31.19615
20.80224
21.11487
27.15974
11.95087
11.37324
17.92638
21.41826
28.00029
12.7095
22.24921
22.15703
16.16077
11.15237
11.38372
9.460003
13.39413
9.461041
17.92705
16.30969
10.73772
17.06618
33.4631
36.08274
22.38833
22.7116
25.96582
33.09056
18.03213
42.58589
59.9521
42.70809
58.92208
34.60523
31.2237
30.53996
28.29691
20.49619
15.66884
11.19098
11.1538
14.40981
14.27942
17.32118
31.50366
58.7958
61.64903
46.05388
37.88916
15.9256
20.4827
23.83416
26.72804
31.81068
24.5967
32.52315
28.83899
19.6837
24.51581
37.29531
20.22497
32.69235
27.56331
24.49138
56.78398
39.89455
40.1237
76.91333
41.31024
21.16285
34.39247
28.94505
34.20717
39.73491
33.44591
33.08773
17.7271
43.38963
30.6571
27.02541
12.14695
18.12476
15.95108
12.68416
26.88343
23.45502
16.51224
16.67921
15.42935
27.67524
39.16977
24.62652
22.58106
37.14147
32.11828
29.98527
23.31965
32.67988
27.07925
27.79594
51.00976
50.48868
43.11769
34.8025
38.8055
22.22911
19.87505
31.18219
22.91899
41.34924
25.37531
22.8143
18.00767
22.11575
24.48461
25.25587
14.66731
14.05684
26.16841
19.57298
23.00626
21.70481
27.29628
36.05369
28.96395
34.9299
47.09218
41.56611
32.65253
44.91313
47.06336
38.60628
46.5136
57.75195
36.14367
29.93973
38.76642
40.30833
63.6244
34.01082
15.84775
17.46563
12.15059
19.02874
15.24785
25.18806
20.27858
16.61541
20.22919
21.45376
18.5326
12.08307
16.84249
23.36009
19.46074
19.35934
28.75507
31.7743
21.7681
24.45999
11.81038
11.31601
9.904863
16.07371
17.15079
14.91852
28.97958
16.6339
16.62785
