779.9849
939.2364
7100.623
796.3267
2018.446
941.5028
590.2779
3810.869
407.0072
2111.826
1060.628
1688.438
1269.03
1249.368
1599.084
1277.403
1433.698
1012.066
488.9605
1917.344
707.0597
1178.856
2271.809
2223.334
803.3344
1314.446
1865.81
648.9136
1638.174
622.2364
1191.09
1465.492
1304.503
1842.261
2367.458
452.4402
820.7661
781.6404
2850.058
620.6343
1722.201
1061.005
760.692
1059.322
889.7027
2072.446
921.1801
1542.234
2030.815
1669.176
904.5096
882.382
763.1025
900.9026
776.2749
669.3009
2286.038
1324.961
888.5033
905.2448
726.3478
4028.705
608.6767
1019.803
1032.935
883.6811
709.1654
1189.166
1780.957
3113.135
2033.853
524.7676
1360.146
2689.88
831.3818
1296.356
2555.952
2982.746
957.4275
456.396
932.9421
743.9505
657.032
580.2822
1947.737
1651.176
730.9025
1889.161
1702.864
1822.871
2065.659
1103.706
1028.501
1509.011
1204.707
2153.897
911.7335
788.9783
1215.582
1227.482
1604.64
881.0449
2147.166
971.6748
468.0572
1026.921
1243.776
736.4519
2746.126
1747.597
2437.088
1589.116
2174.314
754.3201
1216.319
2142.591
1066.618
1337.362
1295.771
433.0882
720.185
4785.448
2247.615
1169.277
1073.921
801.8346
1114.377
771.5735
770.8288
2636.518
960.8584
1369.019
545.6068
1121.49
511.6275
957.9773
392.5728
1064.503
409.2241
1263.634
3132.504
1507.316
1971.043
2450.53
830.1268
1094.092
1252.659
1310.704
1814.828
997.7642
1459.683
16477.42
1812.779
2107
1314.292
3659.794
882.9033
2084.003
1549.12
780.1298
919.9191
730.4716
975.7529
1325.476
726.9915
1004.821
1323.6
803.8946
1748.345
1266.715
2314.336
1349.129
416.7079
817.2682
527.817
1415.674
1033.85
1311.93
2366.262
2898.795
2109.297
1119.739
3073.719
1583.153
1307.207
2081.736
1322.461
1332.695
929.869
1224.585
876.7492
1071.263
2127.559
2459.21
1243.564
817.8865
735.6216
1228.557
882.2103
876.0723
1029.159
1232.8
988.4819
1263.48
692.1886
3572.25
1014.246
783.5189
4036.763
954.0023
1918.465
1395.026
972.2409
1572.848
939.5286
1237.709
2215.074
1863.843
1246.858
2366.695
1057.189
2637.29
2250.959
1184.182
1137.835
985.7066
1620.772
1375.015
685.5625
4535.602
1305.853
1128.515
1163.978
2768.898
1744.237
2457.001
1402.011
1754.014
1138.992
1145.12
1793.988
3551.241
1487.249
1204.903
1602.346
1071.555
1372.237
2683.19
2874.152
1325.107
1693.389
1651.208
6368.02
4326.546
1229.731
1305.943
1369.465
1226.362
2904.378
1320.038
1994.811
1748.447
908.0949
1215.328
1215.288
1154.091
855.3607
2056.463
1158.776
2242.408
1370.018
3578.59
677.2196
897.2652
2870.657
1931.979
2803.069
710.1861
1707.575
2172.845
1843.699
1839.698
931.0654
1455.247
748.6353
2518.68
985.6455
750.4901
1186.122
2522.786
1820.173
930.1227
937.9744
1053.489
575.9214
1359.949
903.7496
1146.293
990.3483
898.1992
1060.954
1064.806
1569.387
825.813
1801.743
994.1079
1098.429
559.9916
673.3154
1014.413
4647.22
1345.034
1301.335
684.8012
701.3625
1273.096
605.273
666.8246
1014.219
1097.046
1180.903
911.0404
1462.231
975.1303
1611.507
850.2269
1126.728
1484.047
2368.105
1127.371
1540.838
1820.554
1148.343
500.4446
801.5541
2059.471
952.5753
794.4131
1024.166
2121.446
733.6898
960.5041
1432.723
1482.701
722.4596
1877.447
2277.605
745.6614
4080.466
2305.805
876.5486
2140.083
632.2668
2790.918
1140.595
560.9705
1683.585
1201.597
1053.127
3185.032
858.3462
2442.566
1566.076
872.1291
2093.558
1113.47
1232.508
773.9117
727.5908
1222.374
5664.907
2730.226
1335.474
3941.885
893.4853
589.0769
1134.144
2168.833
720.1188
1424.164
1632.079
794.1471
1249.736
1572.415
883.2722
544.6847
1405.275
918.6395
2344.411
2300.342
931.8622
723.9604
1652.834
2613.447
1868.744
1019.388
3147.241
530.3064
1542.504
824.8584
800.2507
1606.145
1090.426
1383.601
1325.234
2532.587
2029.428
1215.965
1412.238
992.2939
1118.654
560.4199
676.2362
1418.745
2114.566
1866.908
1077.152
1464.029
880.9161
2084.483
1920.841
592.813
1563.991
2217.663
1991.443
1139.093
1486.475
2234.041
1012.17
1621.785
1639.437
2643.151
728.2135
1197.63
1322
1036.454
894.8523
3877.573
2081.826
1168.314
1994.874
2659.364
1154.032
1088.18
810.8195
814.0226
680.0079
868.3389
769.5464
751.3289
1832.926
1270.628
1146.961
2819.703
1724.483
1750.05
2205.877
893.6736
1334.046
1210.454
950.8468
1097.284
948.5833
889.5407
766.1287
2166.734
2559.354
1958.931
1329.11
1197.417
774.2214
1802.529
558.991
1414.336
728.1494
634.0223
615.8602
1399.374
1544.604
673.1529
1252.889
1874.806
2866.896
2316.592
822.5441
1472.617
2237.833
597.3047
1064.021
649.2437
678.1349
1572.35
772.198
1420.991
1597.521
1425.851
1121.941
618.4311
944.1464
2520.332
