86.49491
62.88285
73.30539
118.5415
103.718
81.93371
127.4768
110.859
105.2358
123.9723
143.6404
134.4233
126.7461
141.7603
233.6722
260.2087
297.9641
353.3949
567.23
462.7456
491.9067
213.3182
316.7686
169.3424
128.3645
76.2837
65.90235
93.43273
91.30251
91.83979
52.79837
50.10764
39.74865
31.84905
41.71121
104.6681
136.4423
80.65721
132.1942
179.1819
200.448
81.15175
145.7772
208.384
247.362
198.7038
177.9909
138.9423
128.6314
100.9919
131.811
117.0014
121.2615
160.0909
122.9223
181.2588
164.8454
158.1716
103.6711
52.92965
100.5481
103.2
91.33437
96.08053
176.0655
177.4672
304.2613
395.0472
247.9937
271.7664
293.0088
304.2138
413.1633
386.5511
263.159
432.2898
572.5734
357.046
258.1088
249.1344
366.6631
458.2631
344.7985
269.7318
266.4666
170.1396
229.8946
239.6674
146.707
168.1725
247.7173
341.5606
357.1312
293.2543
249.8405
198.2708
156.6812
97.00994
183.4218
275.301
165.1669
270.0885
210.1728
124.6797
64.63877
139.2762
107.9103
186.7861
140.4188
174.117
110.0728
172.1126
131.3427
114.6786
84.29649
113.7652
174.1696
113.2445
137.1584
81.45182
114.3567
116.1602
102.203
61.62106
64.03694
45.48538
46.5444
85.34199
122.3071
131.6644
234.7875
145.1834
82.32896
106.805
104.9013
106.0506
184.6415
123.1379
73.94898
136.728
223.8567
247.975
170.8115
193.4635
115.3364
86.92847
93.35523
71.12796
83.78237
85.38029
128.0488
72.56939
133.8454
103.3634
100.8666
106.6329
131.6811
277.6417
247.1348
74.21325
81.06745
116.4641
98.139
86.18755
90.51278
109.3271
151.5905
110.3672
196.982
127.6269
205.5431
121.9632
120.6857
86.83886
142.2665
208.1315
219.2389
114.9711
91.21944
73.35755
123.7648
149.5438
136.147
162.3655
320.1945
280.4909
319.4212
155.9794
173.7939
367.6595
327.4379
243.2595
176.2571
253.6191
135.0051
127.611
90.17651
86.81197
66.67353
84.20393
187.2241
266.1197
270.2952
184.0153
173.473
143.2211
141.8882
152.8608
240.8458
162.8577
258.9412
285.9948
212.2539
317.3784
448.8541
542.2829
283.6222
396.1096
374.3071
323.8801
438.0642
409.1713
328.5869
252.8162
485.3873
228.0588
248.3263
243.1302
127.7454
116.6276
99.01193
119.567
97.57415
98.97438
97.55459
59.99132
61.74566
79.05001
48.56701
61.36219
80.55549
127.8205
102.9746
139.6838
233.8381
265.5711
334.3251
169.6051
143.1024
169.8753
289.0948
433.7779
146.2665
69.56084
68.43857
69.0075
64.37235
149.2905
117.9174
153.0744
206.6113
160.0971
131.7402
243.4549
149.0172
211.7757
164.7241
214.6271
154.5158
136.4899
204.2601
173.4778
122.3284
112.0058
72.01493
90.37155
172.2051
122.0469
107.9284
144.899
158.6683
122.9975
98.94206
148.9859
198.7322
180.5031
162.9071
211.0097
251.1016
211.4509
276.7169
347.1967
215.1039
101.735
189.7947
177.345
87.17377
119.8414
127.9983
157.8662
174.636
188.1127
166.0976
84.27686
76.37558
122.8467
130.4471
150.3299
149.751
244.4448
199.3835
179.1727
180.5166
464.4891
187.2244
158.9723
207.4531
296.868
199.7355
205.1775
235.4156
167.3533
141.5378
175.3152
122.1803
193.3184
130.0773
139.0075
159.5904
196.9113
180.1101
135.1731
138.2802
152.2602
267.8497
248.9812
191.4964
162.2842
198.6331
123.7826
179.6546
429.4785
331.221
223.766
190.587
145.9163
141.9705
117.4492
159.9499
169.7276
196.0307
194.3628
170.3842
135.4568
89.96262
96.22156
96.48905
120.5204
215.0994
200.6537
182.1771
338.2688
473.882
345.8713
183.7166
145.266
181.8007
155.1167
161.6204
231.366
134.4711
83.92414
137.2204
87.96482
127.0897
90.10913
93.56327
111.8691
104.5745
187.3534
287.3874
241.4684
214.8324
191.8984
154.4916
126.1146
93.82507
234.6468
169.635
178.0337
202.1413
173.2914
93.45327
133.0137
108.278
92.11132
172.5199
122.8157
83.64242
101.8356
117.1236
195.0725
148.7005
251.4242
215.4267
225.8053
206.5534
200.6313
256.436
201.4317
188.8748
182.1011
199.4683
168.7527
220.1699
287.5807
356.8478
294.5926
278.6613
242.4104
435.3733
567.083
500.3529
501.3085
208.0074
125.8281
92.41405
55.73532
68.84058
137.5912
139.8435
169.2043
95.02951
88.4305
161.328
298.997
205.8978
129.5684
98.8297
93.22631
99.49485
84.49878
87.09625
241.8458
270.0176
238.671
170.2828
455.8076
443.594
551.5217
349.5209
625.2449
473.0524
327.2273
263.0059
335.8862
221.7606
168.6526
126.6586
133.6819
157.1403
147.8651
188.5029
199.6171
147.374
86.65114
115.9332
201.4096
267.2489
168.4377
147.5395
124.5882
123.361
139.8311
107.5999
130.7097
260.4736
333.968
322.3093
232.4349
130.6054
82.89488
118.6847
105.2128
159.8969
277.94
219.3679
258.3324
200.6917
220.5913
141.1861
89.61098
50.52734
99.46256
154.7041
180.0979
206.1568
210.7013
185.4857
98.85105
