66.75352
76.07435
93.42968
116.3523
205.8072
208.9097
336.3509
235.5102
211.1454
139.917
152.888
150.9068
265.743
183.3007
152.4966
105.6355
148.8638
158.6341
251.7655
220.6887
236.4976
73.19107
122.4339
175.8046
151.8932
82.38648
90.17278
146.5691
166.8045
163.7958
138.8635
85.92061
128.1785
88.18819
134.6637
175.1951
142.8812
164.8361
121.6576
110.628
218.2798
252.4349
237.5685
539.7145
500.4763
322.0514
259.6234
213.8899
129.1073
124.281
129.8506
164.9912
211.6793
220.1928
114.8677
160.5752
157.9628
144.8325
120.917
95.46844
103.0469
179.1853
99.53675
110.0074
104.3926
98.52601
140.5251
122.8746
100.3612
83.75745
71.97697
108.1614
159.3048
238.3732
237.6871
118.6792
136.9301
92.89176
94.13001
63.02314
41.22852
46.2314
40.59164
103.964
129.2656
67.64954
56.23379
63.5007
66.13067
70.91687
96.21306
110.7116
81.22709
138.485
237.6527
123.858
165.6745
309.6312
231.2671
222.2917
143.0991
96.6194
170.9908
164.6891
152.586
155.9693
149.1252
272.0998
275.596
163.3245
135.6653
125.973
93.58437
157.0369
271.4207
124.3274
154.9917
151.4949
141.9564
111.8718
103.8862
204.8376
167.5767
204.5223
271.7432
274.8673
438.5703
410.7192
179.4367
198.7927
246.1951
136.6631
138.1892
132.6391
170.9138
184.3444
96.5645
171.5041
118.756
135.4522
129.5256
103.4081
217.6488
169.9153
169.1596
69.57792
60.77801
82.08714
92.2664
124.776
154.3291
101.9821
112.3392
97.36736
179.0192
157.0043
128.7656
149.3116
135.3115
120.8661
154.0976
132.3626
145.7156
280.6627
412.7139
353.7113
374.1543
203.7029
135.7717
132.6573
106.9522
98.02472
204.184
128.6565
92.71536
131.2003
207.6884
154.9049
153.0796
111.1322
88.20194
101.4699
132.3876
214.378
184.9153
249.3547
146.8045
225.7808
255.347
225.3991
349.7495
327.8494
313.1243
103.6605
70.26308
99.92915
123.5124
201.5104
181.0718
188.5611
244.2346
319.8392
197.7785
129.8456
171.984
197.9311
184.2583
238.8511
121.5322
152.8909
140.6528
134.993
113.8008
353.6222
293.089
188.1185
194.8287
314.6123
396.5703
226.2965
438.7647
441.7585
457.9287
687.6907
292.563
229.9282
211.5831
153.3647
176.6026
122.9462
91.23229
67.87585
115.3707
214.4412
334.1591
291.6189
309.1295
280.8247
203.565
161.3513
83.49046
96.18975
145.73
158.9538
277.5587
317.0047
219.6813
145.073
176.5269
144.1079
120.3704
188.8074
245.3819
265.4875
115.084
113.3516
224.3739
210.9181
123.9801
138.1898
174.0229
192.7717
249.3081
358.2107
205.8314
147.2743
190.3829
172.9979
160.5317
239.7082
245.2537
134.208
272.6584
187.0444
211.3694
129.1914
130.3502
146.2881
131.4314
112.918
84.63082
109.7638
185.9132
129.1017
70.51867
100.7946
125.9964
143.9167
166.6402
147.6308
104.6377
160.3452
136.7513
199.0364
268.3095
247.8228
219.043
212.9989
140.2786
104.8308
171.6394
250.5138
323.0551
195.7741
224.7331
295.7915
203.7365
127.197
105.585
90.48461
151.2115
162.1765
187.4648
94.72183
39.28846
30.98451
33.00052
59.37816
80.23378
71.02135
147.1639
178.0154
255.685
234.033
190.4753
321.3381
443.194
292.5394
283.4754
224.1615
209.483
200.3201
103.6621
72.90213
111.8766
142.6141
220.8841
236.0434
208.2559
279.6866
320.1692
186.1389
217.2828
148.6158
252.6742
243.4329
308.8773
218.2863
196.0803
225.1658
313.9575
220.8365
306.9562
129.8995
92.88875
91.02205
123.5951
157.1549
153.2309
136.8193
182.9217
65.08066
71.66111
93.89013
81.85352
127.7125
194.9103
304.8437
242.7433
158.4104
163.6128
131.5288
93.46927
104.2112
55.4653
82.82261
97.51983
113.7938
131.1208
199.0767
167.902
135.1681
168.3365
154.1932
126.1695
103.4697
71.82468
86.61056
187.9368
195.0122
139.3675
85.3118
105.8091
174.5114
126.6834
103.9437
95.01983
108.0753
86.09722
83.75427
71.204
81.52298
116.9546
241.0567
304.419
297.1165
272.9442
213.5596
223.3386
118.1991
116.3023
101.0026
132.8312
144.113
90.88991
76.42647
77.78225
73.16024
58.35404
59.29277
65.35964
72.18428
65.23823
148.225
214.2057
196.3863
244.7486
342.8905
379.1072
334.5293
162.239
143.3538
183.9794
154.5309
107.9375
92.79494
102.4299
112.42
250.5865
394.7676
461.2308
231.6922
253.6529
149.4998
191.6772
193.6634
158.9054
500.3421
567.2674
426.6121
565.719
419.7286
135.9846
114.8191
126.3578
150.8917
214.3826
190.3073
178.0752
102.6491
121.8279
131.71
127.7702
157.9762
194.9205
154.4064
115.4728
157.7993
195.1686
177.063
335.8208
203.5341
290.5079
268.064
169.234
195.7329
273.7181
325.9676
131.3848
91.17675
74.7383
141.7824
101.1302
104.8036
128.2212
185.5608
94.90025
127.8196
199.6948
230.1244
259.3132
173.8042
234.2502
229.0912
232.5996
144.6935
243.7732
192.7437
120.8434
81.14252
