184.2325
316.1073
270.3729
237.3534
262.6087
301.4044
282.8752
368.76
306.4181
332.5125
289.1128
321.5322
443.2666
327.3029
379.1428
430.6936
354.9538
346.7001
354.7977
294.0811
433.5564
351.3141
335.65
344.6698
345.9325
348.6672
337.4471
341.5991
324.9754
318.0283
426.5496
341.304
405.2367
344.5031
288.1596
291.0488
366.8617
295.8733
293.8676
215.7864
358.2497
333.3568
422.967
280.4903
311.4098
361.4403
274.0525
282.338
365.8562
344.3084
338.6235
381.5236
364.7536
367.4806
260.0056
318.6707
424.2794
337.3466
220.4872
279.3768
271.7496
402.6694
343.0309
261.2736
269.3324
387.974
321.0493
259.6913
466.9049
356.4053
358.3366
338.9104
300.1217
309.3699
215.79
282.4274
272.3
287.568
384.0111
333.8611
290.3989
249.3279
277.7817
290.3801
378.0831
344.3571
343.2237
258.33
368.8155
344.009
308.8921
393.1649
366.521
365.2496
376.2828
333.8015
364.7686
356.6591
314.1423
303.8315
383.341
355.4509
370.8159
274.1598
298.4552
379.1794
311.0846
338.9916
388.7111
328.3892
285.3837
343.3774
345.2751
373.9991
348.1441
305.5161
278.2295
265.733
305.9367
392.4873
269.511
322.9809
363.6482
352.5532
346.6689
292.9391
386.4068
389.1069
479.2289
443.9997
278.1436
344.4192
358.1665
332.7778
434.3316
303.5567
289.402
406.2133
350.5102
393.7619
301.6366
338.4711
378.1831
401.8463
317.409
417.0652
400.3013
318.3116
331.2269
424.1095
331.4064
378.9821
358.8829
332.4622
290.8555
406.0389
321.6048
436.9251
374.8652
299.124
386.2649
349.0631
304.5125
430.1765
347.7401
383.3979
335.8029
357.5579
319.8636
370.2119
368.5754
276.6768
392.9234
335.2791
444.3829
487.7805
299.7862
286.6743
348.387
339.5761
384.6208
317.6176
272.6157
271.0963
288.6017
328.6655
211.7405
354.2044
412.6754
349.243
369.6653
251.2868
367.0311
275.6606
353.8877
387.8411
382.878
339.7088
343.3325
305.9126
378.6617
398.35
347.6869
413.6148
329.2882
294.5699
310.7383
348.1328
319.0895
252.8101
363.6169
290.0877
342.1399
259.1879
329.002
304.2188
258.3167
438.7249
448.1391
379.0119
237.5945
285.1386
294.1821
523.6692
278.0233
330.498
309.361
339.367
341.8234
317.703
381.5922
269.1219
286.0359
513.3132
283.3058
316.5469
361.5878
290.6324
296.0033
305.0374
371.6623
209.9991
337.4667
278.8019
257.9741
366.401
414.8192
297.9566
290.8826
258.6784
239.4581
316.5609
359.6701
285.5094
303.8154
252.647
350.0534
426.0791
363.443
269.0768
280.1337
372.428
345.7664
341.9569
371.324
257.7078
355.322
415.0124
352.7243
280.8307
363.1534
313.6953
237.6447
303.3558
311.2886
310.1075
311.3874
262.2415
309.7059
251.8325
359.5106
397.8693
310.0814
285.4353
345.6127
335.1769
395.1887
366.6137
330.1902
293.1292
358.6733
289.8214
274.5289
376.7157
376.6718
400.7106
311.7993
345.1513
373.8421
315.6183
297.5889
287.0227
306.2084
330.2974
379.3506
346.4856
269.4963
264.2276
369.2742
295.1708
271.9527
305.0999
217.3402
362.0609
410.644
398.943
286.5475
267.7483
283.41
355.179
314.5292
296.066
357.7834
324.045
371.8276
295.0313
316.4852
177.9371
228.7732
240.3084
226.7374
307.0737
375.83
382.9372
349.7142
319.1188
363.3272
426.6537
406.8044
393.0692
366.0362
461.1216
374.844
371.5778
369.2516
375.9462
294.0711
349.2201
349.4841
345.6513
305.1193
374.5794
399.3802
331.7749
278.9016
294.2109
241.7559
312.9465
325.0111
352.5257
351.0955
371.279
393.3413
334.3085
231.1343
290.9467
260.3915
239.8063
376.4876
338.8758
391.3962
349.2535
408.4295
371.3019
334.2664
293.806
374.003
308.2153
370.8651
403.0784
324.7535
349.6054
330.5257
305.9834
379.5631
325.213
401.5257
263.9901
299.7907
415.2113
328.0643
322.5546
376.7067
361.493
316.8414
305.5456
307.6904
265.3759
253.6355
263.6861
302.4823
329.3953
329.642
394.9819
459.2188
331.18
376.777
283.9426
347.1227
357.8392
368.1102
328.3806
363.0094
285.8172
345.0117
337.4872
262.2089
220.3731
311.0622
357.2074
385.2869
299.3293
365.7731
352.8256
286.2152
299.96
482.4619
219.6285
324.9052
357.8633
367.7146
288.3078
390.7128
350.0181
261.7824
300.7214
287.0039
381.3677
322.4786
277.238
254.8271
281.9043
374.3535
348.3067
258.5542
393.4015
352.4445
407.1635
349.6705
259.1383
396.1277
302.8438
339.1713
376.8391
306.519
337.1494
289.1336
256.1302
365.5528
319.665
332.4003
240.1163
247.8812
388.4596
250.1742
388.7937
269.4522
363.7475
425.3532
276.1698
335.7588
387.4572
311.1456
327.9541
406.5544
402.151
331.8889
344.7343
464.9899
275.3563
270.1366
261.3496
306.4642
320.6479
321.6702
298.4925
348.0455
301.6766
372.7769
401.1391
370.9907
211.6468
333.5536
312.0324
337.9509
272.2479
306.951
307.5074
330.6736
285.6571
