1.274826
3.308683
1.433958
1.847327
2.190533
2.322773
1.562908
1.703982
2.022773
2.823162
2.454212
1.514105
1.052856
0.3992082
5.502163
2.396068
1.090492
1.24121
0.9876707
0.6904806
1.450305
2.608005
1.946997
1.232074
2.068787
3.216332
2.596446
0.4014785
1.621346
0.7503732
1.167637
2.241001
5.865222
9.824025
1.43578
0.6897745
0.6831188
3.491293
0.5084641
1.325696
1.009278
0.4282323
0.9106703
0.5784021
1.32777
1.490952
0.6136114
0.9362453
1.171163
0.7831468
1.193306
0.5718817
3.148825
1.960366
0.8696828
0.9823509
1.117856
0.5927204
1.938478
0.974876
3.173414
4.459115
1.119997
3.182793
0.699636
1.019981
2.246475
2.511621
0.5407019
1.739571
2.083311
2.498327
1.17641
1.197869
1.580519
1.493283
1.341209
0.5044407
2.052316
0.5132325
0.7831682
2.319049
0.9988789
0.6131678
3.444303
0.8867798
1.066507
1.668085
3.688408
1.421463
0.5772239
1.038772
0.8155657
1.297296
1.585286
2.734148
0.716486
1.332003
0.6081615
3.048006
1.488018
0.5014688
1.391264
4.666173
1.849991
1.983929
2.094993
1.317481
1.24355
1.082798
2.727845
3.032602
2.099933
0.9331568
0.6939956
0.6009086
9.48313
0.6918413
0.615745
3.272611
2.008067
1.907405
0.697739
0.8893959
1.453662
0.9535982
0.9277652
1.020731
5.123141
2.383207
2.241273
1.037958
1.758143
2.067975
1.09751
0.4156416
2.020325
0.4626031
2.526867
2.558202
5.692183
1.963408
1.266744
0.7331771
0.6742826
2.28133
2.173536
0.7607616
2.046313
5.936857
1.72923
0.6674405
0.5834096
1.238185
0.4783357
3.491136
4.143497
1.135284
0.6118342
1.998139
1.891031
12.40186
1.315213
0.5735954
0.8714499
1.935649
0.6755406
0.6556906
1.583567
0.6358389
0.9385915
0.5049501
0.6459312
0.7735362
1.874415
5.942271
1.1545
1.46457
7.192599
1.241495
1.06676
0.7197807
0.7057391
1.041688
2.398997
1.130473
0.4807522
1.1899
1.697525
1.750976
2.59113
0.8636578
1.497341
3.888625
1.288396
5.826863
2.351599
1.471954
0.5378153
1.041617
0.8594062
9.571167
5.679006
1.303867
0.4272877
0.8271422
0.9062979
1.534968
3.855169
0.7604876
3.982629
1.913689
0.8957655
1.088724
1.630296
2.538056
1.452944
16.93673
12.5074
0.6583738
1.517746
1.704242
1.121421
1.008899
0.8716237
0.6725304
0.9884681
0.8740315
2.672368
0.890651
1.487812
0.3135273
1.927303
0.4429283
0.5121414
1.78863
0.9162094
1.954052
1.715287
1.897155
1.162706
1.656465
2.638816
3.541973
0.7872511
1.22959
30.83781
0.9982011
0.6889824
5.578087
0.5042031
1.588786
0.9630285
1.16975
2.806562
5.50706
1.261256
0.6994978
2.006261
1.491401
0.8407001
1.48998
0.7682624
0.6595055
1.730902
1.065533
0.635508
1.360984
0.7716396
0.8780269
1.800486
4.347926
1.946625
2.002612
0.6244012
0.9775922
1.305623
0.6728854
1.855025
1.033478
1.156598
3.833461
5.526066
0.3894934
1.131366
1.230658
0.847539
2.257329
0.5762656
0.7836691
1.265312
1.386544
1.679401
2.152539
1.002789
0.588839
2.503492
0.8080049
1.281349
1.595865
3.608026
8.007179
1.342079
2.40773
0.6739963
0.6329551
1.475757
1.935415
1.034368
2.934071
1.257734
2.417558
0.5468947
1.812697
0.869935
0.5494159
0.9642164
1.337421
4.530468
1.358823
1.122047
1.039787
4.3658
2.403974
0.7343915
1.351834
0.7598879
2.759663
1.856932
2.224366
18.45464
1.982577
2.947532
3.02956
1.904257
1.487455
1.102525
2.010146
1.213533
0.5147321
1.492409
1.067074
2.09224
8.881613
0.7586541
2.812915
2.914356
3.312016
1.330499
2.770717
5.380907
2.696331
1.547819
1.426401
0.4082314
0.9849958
0.9872318
1.151373
1.417426
1.224165
1.21504
0.7196464
0.6919156
1.583269
0.7116779
1.413514
1.365965
0.9674863
5.104915
5.872366
0.7619988
0.8812855
2.158864
5.272744
1.233978
0.9789218
0.822047
0.8058733
2.467061
0.8616565
2.326155
1.373239
3.193082
0.5108853
0.6446382
0.6458994
0.2251812
5.25026
0.9632125
0.4790143
1.336024
2.492468
1.092299
1.321156
2.194542
2.005732
0.5549907
0.8901651
0.557912
0.4830647
1.246014
1.55378
0.5315476
0.4608101
3.635777
0.9372609
0.9245565
1.543836
1.071178
0.8225026
1.032825
5.884046
1.480478
2.6306
0.603937
1.626279
2.505611
2.560321
0.4424584
0.8403643
5.921995
0.8636536
7.981997
0.9138901
3.211762
1.975137
3.762489
3.694173
3.46945
2.236468
0.6808882
0.9059116
0.871101
0.8167689
2.642182
0.62134
0.6845438
2.583584
1.287562
1.456295
1.454984
1.17599
0.8119337
1.767069
1.34934
0.9877972
8.416928
2.927332
2.542512
0.7091328
0.9436279
0.5586341
2.639708
1.232143
1.527236
5.579414
0.8037714
0.9042161
2.24789
1.189832
1.098754
1.338979
0.892691
1.512305
3.111892
4.875477
0.5477712
0.7813091
2.737076
1.451107
1.640514
1.138304
1.757777
1.685259
1.093524
0.5197755
1.35569
2.545817
1.435625
0.9793645
0.7068539
1.901337
0.9522969
1.88177
1.081084
0.7706351
1.87839
1.061929
1.276055
1.788412
2.177042
0.7524854
1.786316
2.312955
7.031541
2.756054
4.023313
1.728671
0.849876
1.692191
