5.63368
2.248603
0.5766053
1.867374
1.217159
0.8280318
4.259907
2.825075
0.8406559
1.047923
3.497623
18.82054
6.45423
7.376763
0.8138552
2.246473
0.3250601
1.172023
0.6212875
1.145005
0.9638707
0.861908
1.618623
2.039567
0.8201164
4.006753
0.6299644
1.302658
0.7959725
1.502765
1.801715
4.020787
0.8324505
0.8021441
1.263122
1.170145
2.244978
0.9391942
0.8859068
2.144546
1.916784
2.292757
2.317817
1.381659
0.9610677
1.861043
1.064337
2.108534
1.78384
1.545208
2.541678
3.53262
0.8531199
2.782937
1.90371
1.526995
1.923119
0.9961828
0.9974611
1.429469
1.895256
4.19247
0.5220716
1.053227
2.133576
0.7096274
1.192911
1.969381
1.04355
0.6621662
4.06535
3.838845
1.523594
1.579
0.5485687
14.33314
0.7236857
1.547296
1.526334
6.314689
1.301346
0.9635205
1.749987
0.7868018
0.9011105
1.080861
4.82674
1.215133
2.221445
3.642932
1.542657
0.6233712
0.3317717
0.9154603
1.356158
0.8847358
0.784143
1.343458
0.6540311
1.159257
1.451005
1.652344
0.7510405
1.368931
0.7116892
1.153406
0.7364562
1.405947
1.951424
0.6598432
0.7597734
3.28693
0.5857956
1.311472
1.180787
1.403291
0.4866276
1.020232
1.218908
0.6330769
2.257886
6.446851
1.90548
2.798112
0.5866458
0.5229745
0.7167153
1.36335
3.44063
11.07646
3.250184
1.444794
0.7628349
2.008967
1.791349
1.345926
0.534928
1.221263
0.5517832
2.39331
0.9096764
1.913326
0.4255727
0.9786756
5.457593
1.662076
0.7184764
0.8498643
2.340718
2.873936
0.3429576
2.738873
1.388403
1.700125
2.031954
0.8306888
1.411952
1.682009
3.063119
7.457535
3.124843
1.23953
1.671941
1.776459
1.22083
0.9338169
1.032991
2.358294
1.134886
3.820918
4.365291
0.9968884
2.851285
1.072423
1.429449
2.340378
1.957355
0.9371161
0.8664154
0.5106537
0.8098466
1.22935
6.069413
15.01692
9.243965
2.650931
2.588807
1.432645
0.4561068
1.806468
3.198476
1.782108
0.5987721
1.590758
1.315812
1.87812
10.39578
0.5083171
2.324862
2.032816
4.801577
0.8856828
9.846843
14.46216
11.86952
24.28161
8.169935
2.109163
0.8963097
1.414842
0.8420165
0.6075639
0.2355033
1.497119
3.358212
0.8036251
5.413555
4.892344
0.5127702
0.8627672
0.8329269
1.433379
0.7803643
1.266991
5.088095
0.9348266
0.4716614
1.488694
1.35227
0.9505774
1.382819
2.560042
3.331996
9.18618
0.603037
0.8271405
0.3821242
5.513737
4.063543
2.291439
0.9371802
1.23911
1.547872
5.68724
0.8674322
0.8160668
2.349885
0.5719643
0.4536665
0.4934931
0.4609197
1.032577
1.041491
0.6353214
0.8702639
0.99323
1.041962
2.699321
2.579982
1.335118
0.982475
0.7198673
3.233097
3.995129
1.809776
0.9405764
0.6942364
3.399566
0.9852614
1.172068
0.789971
0.7108
1.966852
1.468665
0.8180792
1.334094
0.9345773
1.555553
1.419197
7.150985
0.6974365
2.990477
4.990447
0.7807652
0.8717005
2.610725
1.311203
4.540091
1.709937
1.330598
0.8308436
2.843849
1.282318
2.199698
0.9376636
1.106336
0.5562466
1.190814
1.010626
2.293483
2.177197
1.526881
0.3757546
0.4867243
1.825045
0.7321678
0.4359824
1.693819
2.043777
1.771624
0.8491163
0.7849156
1.045702
1.065071
0.7263723
0.513575
0.799236
2.455147
0.7353212
0.6148875
0.9429116
7.914784
1.609057
1.11952
0.6112124
1.132381
0.8831965
1.211355
0.9371476
0.8038487
1.498252
14.54006
7.027223
12.0293
0.2562884
2.868216
1.879572
7.872652
1.072778
0.79618
1.812103
0.9024424
1.540655
1.981487
2.974535
1.358972
1.719245
0.7178527
1.576313
0.8241945
0.7800718
1.839255
1.395246
3.234215
1.943965
0.4103579
1.97306
0.6823972
1.041024
2.848094
2.09132
0.9949306
0.7876937
0.8036299
1.678238
2.794826
2.246865
2.279825
14.55752
2.467567
0.6881589
2.843518
1.466724
1.055351
0.5441016
2.005818
2.373773
2.432812
1.683415
0.718736
1.917925
0.6443965
0.5424651
0.3482953
0.6412686
3.015351
0.6653974
5.52263
2.336505
0.7255983
0.9576489
2.320959
4.565535
2.29683
0.6570082
1.517276
0.582236
0.8775425
3.862825
0.9096493
0.7069497
1.107893
1.283212
1.73362
0.9901811
3.096311
2.094041
1.735429
1.135842
1.155619
0.7733099
1.689417
0.4492743
1.150541
1.609382
1.410125
3.089465
0.981675
0.8521893
1.484551
0.9541311
3.414473
3.098232
0.4134279
0.9912292
0.9553005
1.612662
7.896182
2.09301
4.974416
1.083578
1.204143
3.391222
1.793045
1.048492
1.130565
6.900113
7.552704
3.472604
0.8019606
0.8431454
1.403327
5.321809
3.950591
2.784881
2.888369
0.780217
2.26195
1.397693
0.7846367
1.518904
1.152369
0.9118119
1.157395
1.197316
4.474617
0.9751792
1.753534
0.797566
1.538663
1.14945
0.4852893
0.3683999
1.031792
0.6622157
1.566207
1.686589
1.171276
9.551314
0.6780409
1.589762
1.714461
0.6305989
2.750162
0.4019347
3.368834
0.419508
3.052166
1.628646
1.059002
0.6940856
0.694984
4.473102
1.05175
1.017037
0.4963027
1.759484
0.5345116
0.7783663
5.229013
1.326643
0.5310432
1.007186
1.35916
4.049753
0.9286308
2.799412
1.311734
0.8219239
2.219575
