103.3554
103.3961
100.8838
102.7143
103.5602
105.1919
105.0674
105.0562
104.6722
105.9042
106.5116
107.4324
106.5765
106.2384
106.1668
106.7033
106.4863
106.805
106.3023
106.1073
105.5417
106.2472
106.522
106.7726
106.8201
107.3922
106.745
106.4407
106.8158
107.0972
106.7805
106.2518
105.9524
105.6051
104.9253
105.5609
105.4802
105.6332
105.932
106.4884
106.15
105.2483
105.2246
104.8419
104.7207
105.1122
106.0859
105.4819
104.9508
104.6157
105.0266
104.3593
104.6872
104.9204
104.9992
106.2818
106.9999
107.4844
107.0336
107.3249
106.6306
106.669
106.8335
107.2412
107.0822
107.1581
107.0989
107.6961
107.0117
106.9445
106.6335
106.7601
107.0144
107.478
107.2699
107.1116
106.9264
107.4789
107.8738
107.5189
107.0918
108.1253
108.7427
108.0715
108.2767
107.8016
107.3092
108.1198
107.7485
107.5121
108.3101
108.2419
108.1977
109.0276
109.848
109.5992
109.7169
109.5546
109.5015
108.462
108.2198
108.4925
108.2997
108.0591
107.9649
107.7426
107.6988
108.4753
108.6742
108.7855
108.777
108.5237
108.8263
107.8079
108.7196
108.5891
109.4006
109.6262
110.0035
109.9273
109.6361
109.1859
108.9115
108.0612
107.3008
106.3438
105.819
105.9143
105.616
105.7937
106.04
105.4152
106.2519
106.0472
105.8398
105.7196
105.7088
106.4269
106.1394
106.8534
106.0521
106.359
106.3004
106.5181
106.1627
106.2761
106.2633
106.9961
106.9293
107.0549
107.3601
107.1051
106.8181
107.2133
107.2211
106.5163
107.0001
107.0971
106.4472
106.4228
106.7594
106.224
105.9087
104.8722
104.7503
104.2385
105.1549
105.3782
105.2462
105.644
106.4924
107.217
107.7649
106.9389
106.8279
107.1883
106.6193
105.8356
105.7558
106.0313
105.7645
105.7519
105.8121
107.0348
107.132
108.0298
107.8727
107.9946
107.6927
108.2685
108.7702
108.5174
108.3424
107.7976
108.4253
108.4854
108.6582
108.4719
107.7567
106.9739
107.2863
107.2472
106.7519
107.0876
106.5159
106.8801
107.1401
107.7382
107.9431
108.063
108.714
108.7951
108.2084
108.0207
107.9568
108.3654
107.3181
107.4829
107.8773
107.9712
107.7827
107.2404
107.801
107.6685
107.5631
107.5903
107.0033
107.777
107.2722
108.05
108.6447
108.2438
108.5266
108.7471
108.5845
108.3224
109.0013
107.8811
107.5277
106.6627
107.2235
106.8333
106.5955
106.0679
105.7711
106.3278
107.5513
107.2553
106.772
107.3904
106.7836
106.0654
105.3242
105.0972
104.6561
104.8877
104.5817
104.6563
104.7858
104.2507
104.5206
104.6987
103.9614
103.3548
103.8609
103.5165
104.0057
104.6826
104.5765
105.5666
105.4455
105.1704
104.9291
105.0107
104.7523
103.9308
103.167
103.761
103.3501
103.2022
103.116
102.8495
101.9801
102.3215
102.6603
102.764
103.1305
102.7512
102.2908
103.1003
102.3041
102.7227
102.4874
103.8028
103.7944
103.5087
103.2087
103.5907
103.5022
102.171
102.2805
101.5866
100.7352
101.0327
100.4402
99.71123
100.5892
100.864
100.7422
100.654
100.3561
100.027
100.1453
100.7322
100.7757
100.9692
101.3498
101.5636
101.9501
102.0954
102.3134
102.5513
102.5963
102.2366
102.5303
102.6062
103.172
102.5987
102.4918
102.5126
102.3634
102.455
101.727
101.4773
101.048
101.445
101.8882
102.1843
101.5688
101.2735
101.8498
102.2339
102.6428
102.5179
103.0385
103.4268
103.2284
103.0716
103.3254
104.4938
104.6222
104.6988
104.3453
104.8193
105.4564
105.7961
105.2949
105.0706
104.777
104.8797
105.2709
105.8125
104.924
105.1708
105.2564
105.6563
105.5902
104.9481
104.1925
103.6858
103.965
104.0729
103.8098
104.5561
104.6594
105.4045
104.8278
105.432
104.8265
104.5983
105.4408
105.874
105.84
106.0287
106.6602
106.717
107.2255
107.2015
106.4065
106.5849
105.7697
106.1837
105.8459
105.8757
105.927
106.892
106.789
106.1838
106.3211
106.4646
106.8048
107.2832
107.4476
107.6853
107.7551
107.5783
107.9191
107.3272
106.8713
106.7923
107.0443
106.0954
105.2747
106.3857
105.8394
105.7852
106.7704
106.2109
105.1408
105.0125
104.7437
105.0416
104.6043
104.8527
105.4018
105.1304
105.7013
105.4086
105.6326
106.4929
106.2127
106.6944
106.2344
106.5101
107.2543
107.5676
107.254
106.91
106.6617
106.7462
106.5666
106.1045
105.1779
105.8515
106.4285
105.8891
106.7628
106.5361
106.8623
107.6658
108.2159
107.8275
108.4346
108.6506
107.6108
107.8732
108.3834
108.2334
107.6339
106.7571
106.717
106.0462
105.6777
104.6623
104.5549
105.4595
105.6797
104.4094
104.9952
104.6676
104.7396
104.7251
104.1246
104.4832
104.3569
104.8074
105.9286
105.0463
105.0314
105.0243
105.0948
105.8769
105.7813
105.6618
105.9359
106.5858
106.3512
106.4354
106.9746
106.5414
107.154
107.2042
107.4888
107.0731
106.4119
107.3284
107.7329
107.0035
107.6399
106.8158
