104.4601
105.4768
106.6963
106.3586
107.5903
107.6176
107.2238
108.5071
108.8929
108.8399
107.7017
107.7385
107.3792
107.2815
106.9262
106.8216
107.0909
106.9987
107.4159
108.0891
106.6791
105.6164
105.0268
106.02
105.6617
105.2994
105.6026
105.0517
104.3122
105.0392
104.9443
104.828
105.1528
105.9022
105.8117
105.8159
106.0558
104.4261
104.0844
104.4531
103.942
103.4479
102.4436
102.9093
102.4257
102.9946
102.6588
102.9225
102.7348
102.8522
102.509
103.0453
102.9237
103.6412
103.1568
102.4181
102.3145
102.2381
101.7941
102.5096
103.139
104.4049
104.1612
103.7593
103.5752
103.0292
103.437
104.1079
103.9542
103.2722
102.6886
102.9944
102.4424
103.2649
103.1638
103.4217
102.769
102.2767
101.9448
101.6767
101.1558
101.4221
101.1766
100.8306
100.9428
101.5202
100.6658
101.3086
101.3296
102.0168
102.6448
103.8288
103.0558
104.3811
104.4677
104.392
105.5943
105.1797
105.454
105.0726
104.7967
104.1274
104.2309
103.5509
104.2478
104.2162
104.0245
103.1539
102.7013
101.7629
102.2329
101.6987
101.6504
101.4588
101.5198
101.1317
102.3978
102.3004
102.1871
102.2647
103.2816
102.8473
103.3889
103.0309
103.4558
103.6538
104.6581
104.3335
104.5701
104.6436
104.7234
103.9644
102.9321
102.6141
103.353
103.8019
103.9294
104.6655
105.2033
105.2518
104.7866
104.0134
104.0905
104.4609
103.1858
102.4612
102.4471
101.8848
102.1655
101.8253
101.4391
101.0719
101.0532
101.3591
101.18
100.7057
100.8513
101.2014
101.1402
101.0607
100.8271
100.761
100.0707
99.59038
99.77037
98.7418
98.9123
100.0441
99.88303
100.1747
100.3814
99.81759
100.124
100.4646
100.0199
99.88033
99.58586
98.87549
98.80332
99.61961
99.40576
99.00597
99.07764
98.98304
99.49248
98.69358
98.06688
97.78438
98.09423
98.36542
98.16311
97.72471
98.24124
98.29569
97.62444
97.93184
97.46722
97.27765
96.27683
95.9438
95.29342
95.29669
95.35477
95.30954
94.62089
94.11684
94.44416
93.93917
93.31952
94.44639
94.64422
93.99057
94.32132
94.7239
94.17372
94.83173
95.58139
95.79027
96.21152
96.5781
96.84381
96.96161
97.81389
98.97201
99.11657
100.1188
101.1726
101.2794
101.3935
100.9234
100.0903
99.67241
100.0067
99.41672
99.04189
99.35053
99.05076
98.7596
98.30012
98.74834
100.2375
99.42645
100.0148
100.6525
100.3478
99.36591
99.15252
99.00753
98.79617
99.33369
98.99939
99.02968
99.57493
99.42989
98.99474
99.28077
99.04517
99.11563
99.33149
99.83397
99.61949
99.88998
99.94036
100.5823
100.7767
100.4304
100.7158
100.2448
99.33062
98.10485
98.78821
98.80209
98.8246
98.72844
99.11349
98.63154
99.21016
99.57822
100.1487
100.1909
100.5603
100.1029
100.5106
99.97379
99.88684
98.58562
98.85896
97.84612
97.09661
96.71548
97.50633
97.5052
97.09251
95.66498
96.50858
96.38478
97.41791
97.4636
96.93771
97.14933
97.06044
97.43323
97.96022
97.40168
97.84985
97.81701
97.12626
97.38423
97.07137
96.69287
95.3891
94.04342
93.5336
94.18735
93.91944
94.22082
94.5178
94.91674
95.4215
96.30058
96.66052
96.02665
95.80524
95.57567
94.59251
94.30799
94.08603
93.73769
93.24396
93.45454
92.6222
92.9919
92.71464
92.72223
92.72178
92.98509
93.31164
93.44653
93.56836
93.8885
94.3546
94.30234
94.31375
94.2409
93.96218
93.85393
94.2479
93.90608
93.67756
94.49833
94.6648
94.3788
93.84174
93.25383
93.24697
93.27952
93.84301
94.31402
93.72252
94.07264
94.38186
94.59347
94.49094
94.43219
95.03806
95.78036
95.29023
96.16422
95.19717
95.06794
95.54674
95.62118
95.72711
95.2987
95.82279
96.2965
95.74995
96.28965
97.14217
97.34814
97.08071
96.11013
95.8154
95.19952
95.41102
95.05136
95.52105
96.3332
96.75375
96.02716
96.71853
96.81881
97.12119
96.95896
97.30292
97.55479
97.28055
97.36291
96.83767
96.50174
96.14441
97.11881
96.57456
96.16778
96.11892
96.62275
97.155
97.47221
97.68449
97.27024
96.84132
97.318
97.94505
97.58739
97.78382
97.81452
98.34249
98.79635
100.3257
99.91274
99.26703
99.05788
98.90581
98.02496
98.73272
98.74539
98.59341
99.07413
98.93458
99.1313
99.41761
99.38842
100.3023
100.9317
100.5901
100.8958
100.9
100.7738
100.5825
100.2167
100.3793
100.052
99.76823
99.45073
99.89618
99.7303
99.97287
99.64374
99.5824
99.11274
99.22806
99.53632
99.05887
99.82801
100.148
99.51309
99.61921
99.39542
99.7917
99.71884
99.13359
98.95036
99.13307
98.45291
98.22089
98.09182
98.21123
98.75569
98.56098
98.62494
98.13598
96.78916
96.91477
97.30776
97.07745
96.71622
98.18745
97.47227
97.26099
97.26225
97.73615
97.99099
98.67416
98.99511
98.53456
98.82768
98.70942
98.79102
99.06967
99.43135
99.7349
99.64024
99.12279
99.60457
100.0337
99.40781
98.57592
98.71058
98.40294
98.34145
