199.9413
194.4965
266.9084
240.2009
186.5376
186.686
199.8423
241.8932
271.1513
254.0021
240.5902
172.8809
168.6543
206.499
150.7179
164.3757
206.6265
221.0484
196.3755
180.0649
155.2176
229.7317
165.959
159.5686
186.4297
194.412
193.4459
174.7153
150.2551
145.7519
151.9169
137.0214
120.0055
120.1845
114.4932
116.3283
115.9707
129.1808
195.1365
136.6556
145.9823
116.559
121.0803
117.8087
121.2528
118.3996
113.354
136.1645
128.4014
134.5031
144.4109
116.055
115.6301
86.24783
82.34
76.5832
72.01243
94.21624
84.27558
69.15236
78.35687
101.113
108.4986
121.96
186.6671
248.2179
228.7078
251.5826
210.7319
178.5436
189.613
275.5166
299.0391
315.6397
301.3017
350.9371
321.2699
306.3658
228.0186
307.0198
297.1141
325.2093
386.2445
486.6462
415.413
374.4412
285.666
260.1657
267.6782
297.2712
281.5545
293.4916
347.7484
271.9706
237.7741
270.8682
250.5559
216.717
246.0865
184.0262
146.9943
207.2562
183.5207
233.2718
260.033
240.5653
220.3611
149.3162
152.8595
184.2559
215.7464
187.6933
181.5643
166.2142
121.1013
112.0392
147.5898
139.9407
166.7386
173.9532
182.0228
208.6225
200.6229
229.7998
226.9647
183.5368
158.6057
181.7301
189.2982
129.8029
189.2482
230.4324
231.8129
333.9246
291.4161
240.6955
277.6082
308.1254
315.3905
315.669
371.3843
251.2857
265.2533
248.6868
194.2501
188.7168
202.6737
256.1083
319.5236
364.3986
390.2902
352.3671
372.9034
274.1011
286
215.4688
165.7652
191.8287
167.2594
162.6526
208.3461
276.1007
215.463
248.0143
229.9718
198.8542
159.2118
205.7894
213.6446
206.2855
184.0662
164.2309
156.6763
237.1652
195.5766
183.9459
149.6054
208.6885
188.1228
184.7567
187.8827
258.0284
234.4602
263.9302
257.3757
292.0378
285.2524
356.1039
513.3806
519.117
513.0908
485.1179
530.9717
522.1812
495.3309
671.1955
516.5496
609.293
479.4451
372.8771
356.3047
340.6701
318.677
246.1234
193.5442
187.374
153.819
130.9553
174.5571
143.0637
162.8603
177.6063
181.8335
153.8619
158.4723
203.3723
287.4968
389.0719
371.7223
294.7296
180.3761
192.6095
178.9346
262.3797
231.6241
251.0833
323.6231
292.3556
244.2381
257.0429
222.1863
174.0808
198.5894
217.5544
201.8395
236.8861
303.6759
288.1501
320.2592
296.2175
354.2285
353.0302
326.5812
262.5658
239.7931
201.1282
220.9108
231.0651
295.2719
379.1464
431.3566
494.5426
358.6467
417.5395
299.7361
358.1506
388.5496
454.8082
420.0417
440.8476
440.146
461.9203
556.7515
572.3111
700.1677
590.5167
655.0035
666.199
729.8045
635.715
422.165
425.7781
319.7928
363.7891
348.4943
294.3309
373.0972
494.5399
578.2783
427.8036
436.4806
381.7663
314.0796
388.5784
420.1858
338.2089
519.5368
704.9568
618.9375
631.7017
651.8391
550.6666
407.0588
452.992
470.9841
552.9301
770.0542
732.1832
519.7732
438.3975
468.1009
495.2136
633.4961
651.1038
508.8384
402.0649
409.6473
349.2876
359.4136
303.9719
319.2395
330.4485
439.4188
344.5651
348.6925
315.4974
310.7894
407.1498
323.3125
212.1269
198.0314
196.6032
197.254
187.2864
227.8282
189.3348
177.0983
203.7795
214.5722
193.3667
205.4646
180.4822
296.6064
312.1412
241.7972
316.1022
334.0144
328.9984
231.8594
245.6849
253.9268
222.8452
205.3952
256.3328
241.4836
284.2777
336.9622
338.6807
330.8802
335.8771
291.3483
357.8985
358.7829
294.8783
319.6355
288.3525
279.9266
270.3652
277.9907
290.9113
394.272
398.8771
300.7225
319.7634
262.5721
208.9841
235.8457
272.3577
215.7723
186.5662
157.2366
142.7077
184.5311
231.0252
254.8818
242.8958
264.995
258.7903
251.691
284.0726
284.4046
224.7059
243.8204
267.3216
244.325
219.9905
247.3398
263.6529
317.952
246.3777
213.153
245.8463
175.3915
238.4302
210.7737
181.7991
163.0799
157.8742
147.2755
167.4087
150.5571
151.7749
175.0475
139.5953
144.5466
105.7445
93.64811
115.1661
159.2706
177.875
216.407
187.7349
214.6505
160.3174
232.6897
244.137
266.7439
328.8813
304.6443
249.2695
249.8631
326.9079
346.027
339.239
245.7476
270.6507
304.092
356.0892
406.7088
340.3488
497.5058
450.7328
421.1767
440.7103
500.0434
488.0083
447.1331
426.5813
509.3568
391.281
239.0329
244.8185
234.794
250.0562
285.1135
306.6368
369.8472
319.7904
249.6309
280.9154
279.1769
314.322
213.4159
248.7627
189.8134
230.4663
300.5048
267.1398
300.569
322.3165
417.438
480.3415
403.7308
509.4268
544.1649
400.0227
386.683
433.8404
539.471
553.474
656.487
892.2509
1000.44
982.8803
1017.708
978.7822
910.1739
760.9462
758.8171
673.8338
485.4777
345.2844
352.1745
329.333
351.4001
367.9453
368.893
392.0322
403.1549
483.9637
542.7114
567.9005
505.1445
423.6353
345.0184
364.1079
349.2299
401.9481
355.5854
306.3155
