120.7401
104.9665
110.0492
110.5696
65.21858
12.49023
12.02569
12.50166
12.62578
12.7429
11.72049
13.27674
12.49078
12.54841
13.12385
14.24041
11.16007
12.02563
13.54473
12.60048
12.65483
14.11397
12.32705
13.28114
13.34497
12.59311
12.13726
11.79471
12.15986
12.97382
12.55395
13.7856
12.27165
13.50406
12.65373
12.76568
12.9367
12.45723
12.87485
15.1688
12.41933
13.34279
12.68686
12.30937
12.25322
11.46353
13.24226
12.26622
12.36963
12.59221
12.52005
11.66869
13.32122
13.68487
12.19344
11.7477
12.53208
13.13141
13.39337
13.30531
12.64379
12.2687
12.42557
12.75204
12.3184
12.73699
11.68548
12.90612
11.9619
13.08443
11.72587
13.2858
13.95139
12.71792
11.95827
12.63623
12.21275
11.89374
12.09884
11.83636
11.532
12.20354
13.24012
12.92026
11.59625
12.65457
12.52515
11.81605
12.63537
11.5816
12.2813
12.16711
12.39349
14.07635
12.10966
13.44755
13.66084
12.3733
12.43044
12.60718
12.08121
13.30781
13.04314
11.96583
11.78101
13.52073
13.58138
13.6186
11.94952
14.49969
13.63969
14.07688
12.83464
12.40542
14.45268
12.17597
11.96149
14.24518
13.31292
12.4267
12.80173
12.28233
12.21272
12.72416
13.57097
12.87008
12.85694
11.84202
14.71633
12.66138
12.36865
13.32246
11.9473
13.4156
12.88246
12.98222
11.82613
12.5599
12.89095
13.59256
12.12612
13.29647
12.51234
12.3381
12.91574
12.90935
13.90549
13.53043
12.9481
12.41653
12.53794
12.92392
14.63096
13.33644
14.29022
13.1925
13.56901
12.60664
13.51758
13.32477
13.45168
11.9037
12.22105
13.93699
11.989
14.09025
12.1269
13.37167
12.77187
14.53076
12.20505
13.64094
11.2655
12.52335
13.01125
13.08326
11.52344
12.56358
13.07196
14.57069
14.34385
12.93651
13.21914
13.75142
12.03659
13.74776
12.71242
11.99186
11.76818
13.6252
12.38136
12.57547
14.08487
12.14431
12.8125
12.82519
12.48751
12.77304
13.73701
12.20612
12.40934
12.98241
12.56073
13.70808
12.45793
13.14277
12.53307
12.7866
12.374
12.50728
13.82658
13.07415
12.35486
12.43079
11.30235
12.65957
12.80635
11.98859
13.48591
13.64331
13.42451
13.92158
12.51897
11.87675
12.50756
12.11433
12.59569
13.77359
11.76443
11.61572
12.02457
12.76196
13.54324
13.69467
13.26979
12.95322
13.26329
12.30545
12.30897
11.81737
12.84375
13.85898
12.14103
13.5644
13.55753
11.31922
12.62026
12.69852
12.67881
12.40166
12.85464
13.21545
13.09857
12.1544
11.71292
11.39651
13.62757
11.8818
10.77001
13.14594
13.50966
13.0555
13.82091
13.6931
12.65815
12.17191
13.93795
14.16657
13.84047
13.16751
13.9579
12.66812
12.34576
13.83249
13.9367
12.36544
12.94516
11.51856
13.46545
14.44531
12.64769
12.84595
13.30911
12.14151
12.15886
12.26902
15.03933
12.56684
14.81294
13.17002
12.39357
12.31654
14.94455
13.53808
12.9365
12.88735
12.08255
13.19638
12.60513
12.24416
13.9247
13.37296
12.66452
14.18197
13.44018
11.97724
12.18712
12.13622
13.00637
13.52511
12.27799
13.27866
13.16159
13.41404
11.39272
13.65063
12.5685
12.51613
12.7845
12.42534
13.48428
11.99581
12.77304
12.35134
12.52668
11.69678
11.85522
12.07575
11.996
11.54087
12.26647
11.94848
12.94287
12.60103
12.87874
12.24212
12.36952
12.59465
12.19841
12.48407
12.35532
12.02445
12.08405
12.7998
12.95113
12.05858
12.48919
13.92488
13.84979
11.77245
13.32447
12.50893
13.90548
11.11396
13.28092
12.90906
13.10418
13.40706
14.17688
13.70637
12.28442
11.96148
11.99514
12.73688
12.94029
12.40556
12.55558
12.01233
14.36899
11.57083
13.15523
12.59615
12.65386
11.99295
13.17435
12.61835
12.75892
12.53792
13.57108
12.60223
13.20342
13.95999
13.44938
12.19967
13.33704
12.27306
12.53947
12.79896
13.87836
12.82949
13.29921
10.92435
12.93345
12.09142
11.93987
13.43184
13.18469
12.18249
11.92103
12.00669
14.40114
13.34902
11.87831
13.27796
12.69019
13.0571
13.33321
13.4054
13.14529
12.44762
12.94679
13.8704
13.67675
13.35536
13.18875
11.71574
13.80079
13.14341
13.95291
13.03661
13.99616
12.73436
14.41688
13.00062
12.33695
12.91901
13.07475
12.52501
13.34349
12.9655
12.5415
12.83219
11.81266
11.97498
13.7359
13.13344
13.18119
12.87093
11.63655
12.73477
14.33688
12.14652
12.8586
11.81076
11.71873
12.37442
12.24454
11.98184
11.71463
12.39517
12.33241
10.76331
11.72162
13.04513
12.9936
13.52789
12.06774
12.2318
12.00081
12.15929
12.31988
14.13743
12.84813
11.57945
14.39586
12.67061
12.25636
12.02918
12.71086
12.87021
13.7253
13.63257
11.91036
11.58715
13.26089
12.8984
13.32657
13.58394
12.55867
13.0692
13.38851
12.68546
12.21978
12.89827
12.68384
13.06919
12.55811
12.96256
12.13869
12.22296
13.11399
13.85537
13.139
12.89864
13.48166
12.56813
12.88151
11.93103
12.80832
13.11415
