24.72938
33.22373
15.56488
18.82688
21.66394
13.70904
13.19776
23.07864
56.37453
32.79244
40.48437
31.81318
40.86783
60.36115
89.67292
91.19116
86.50274
40.90096
28.28589
34.06653
40.06291
81.33987
97.91037
185.4275
378.0606
240.44
254.5015
236.4956
208.4653
275.9328
176.4027
147.5341
46.54246
35.68106
36.52943
61.32206
84.7118
127.1111
203.1303
197.9511
123.8421
72.43917
47.72306
50.64766
48.09695
37.3117
31.5025
42.26512
27.44036
18.88226
21.99627
15.50053
18.77608
24.94172
28.30209
19.67261
18.00091
22.67798
26.2287
24.24633
24.65618
21.00543
17.22031
20.04411
37.29577
39.37337
72.39208
95.19009
153.63
140.9457
95.94299
64.07705
50.95255
101.3229
43.13016
51.6482
103.3397
169.1216
103.9657
66.9547
41.80073
41.01571
50.18506
31.26044
23.8984
18.87312
14.58077
22.29925
23.28882
24.78604
32.08811
45.96015
60.32578
48.08587
80.20257
39.03157
45.69625
47.20154
72.68489
49.43143
64.88789
65.15138
49.57651
58.45536
41.26152
41.72246
41.65342
58.21399
38.49845
23.99699
45.30724
55.5585
59.73846
71.45117
84.0101
77.66672
76.18029
60.48851
42.71139
23.36879
27.70002
30.25832
29.46362
33.80943
34.6069
51.14766
75.098
80.26542
91.94745
135.325
98.77751
55.77703
63.3197
31.89246
26.46698
25.36864
18.31711
27.1615
35.09298
25.64804
25.66063
27.47449
32.27222
37.9659
51.11902
64.93357
61.90977
60.31241
73.17417
74.43177
63.55831
63.51738
58.41235
65.75888
53.46469
49.94139
32.38807
49.79968
57.37218
63.04115
59.96986
41.68349
39.58137
47.87897
26.4627
36.05412
36.06095
43.20119
36.22886
21.21709
15.70783
17.79637
22.71874
45.99975
35.77792
31.80508
45.20973
46.00052
87.01802
72.69218
141.7752
115.5464
139.5042
220.0277
200.7652
185.2398
189.7194
106.7034
126.9733
98.97718
64.27265
103.1483
115.5873
124.6265
93.15892
40.16515
24.59473
40.0517
36.36218
25.16562
25.37288
39.92757
40.87247
48.81332
41.69753
31.93162
46.07518
36.67878
30.92751
43.39397
60.93702
70.48942
122.5902
137.5847
123.0644
135.222
159.7649
166.5072
105.5881
154.2512
175.115
136.009
145.3778
95.64094
97.5062
64.82559
65.33664
86.25282
155.9284
150.8637
163.9031
175.3132
150.6575
113.6469
177.1979
124.5436
145.2381
82.76668
61.00933
97.96922
160.2863
123.5527
88.33978
56.36416
47.8178
59.34093
77.3297
144.2919
83.49222
57.65468
59.64611
45.84382
51.71612
47.98765
65.88379
90.1575
57.26779
42.50903
82.78247
95.02186
114.9867
161.0838
99.45067
126.4527
173.3376
123.4527
164.5395
130.3623
162.6233
118.6974
73.91286
60.62787
45.73602
35.07797
38.36403
23.93438
21.45724
30.71758
37.51658
34.05883
40.80297
45.24962
47.49138
37.42428
44.81569
78.7252
54.39232
52.36561
55.33306
71.21949
59.20672
124.7151
55.66449
75.83026
38.90638
35.99628
34.83488
51.10972
76.70351
61.79067
88.97588
91.90251
114.2111
138.847
127.2023
146.9535
185.0265
227.5352
135.635
102.9766
75.37829
74.34696
68.24043
76.08397
81.64042
78.92473
83.48366
48.84734
78.44871
116.8539
90.37035
60.58924
106.4782
123.1372
164.952
101.9089
75.64066
86.68409
81.52912
93.98385
50.96688
54.97699
101.7807
64.40607
65.7554
75.40843
60.41821
96.91647
87.18428
127.7903
169.0742
143.5438
261.226
323.2502
195.6029
127.3271
166.2706
100.8019
67.37081
121.1755
96.67047
55.44328
43.47105
42.24745
35.62708
28.74688
27.54279
42.41982
49.62167
96.34201
102.4479
75.71644
78.23177
47.77761
92.71512
82.33926
54.86906
42.44395
44.09582
33.12918
32.12246
22.75998
19.83909
18.95366
20.14405
19.28728
21.13509
25.9082
22.90605
25.81276
25.4746
36.86554
42.60498
40.52053
56.45611
38.93284
35.12977
44.78503
55.58956
76.9077
85.76967
52.47396
54.12135
60.03115
48.45452
61.94403
66.56766
84.31293
84.30453
71.0757
96.0082
112.0012
76.5145
49.48915
35.84665
56.2024
65.01588
35.35884
39.99486
34.47558
30.75551
35.95937
35.65787
35.3863
35.08459
30.4332
25.42939
46.22004
39.46518
49.51336
35.38437
40.19449
54.72064
53.11359
56.63874
32.49723
39.50185
27.87885
25.14547
23.08241
25.53248
15.06496
17.36226
18.18236
18.94841
25.20625
38.28431
24.58457
47.27676
29.27707
36.07835
29.91484
42.03214
42.83336
23.02392
18.03248
37.75023
67.1601
72.63054
82.3334
65.62067
62.22826
63.41496
51.69494
28.62875
34.8347
32.75763
45.46109
30.84942
32.91547
36.82155
30.68354
30.63206
44.26567
58.91257
73.55614
80.64264
62.04122
47.40289
34.71115
29.51208
33.25832
34.17153
51.76951
45.89953
94.28563
87.75022
59.52352
34.01774
33.27473
37.80608
54.79549
49.08809
39.07926
48.91515
49.15215
29.41942
43.85352
59.60974
115.6676
103.4322
61.53983
63.13093
58.20745
57.76269
55.92246
27.3368
35.09592
19.29027
27.67444
