0.3864731
1.474677
1.913888
4.100711
0.3906506
0.6712549
0.79769
0.7881296
0.3500968
0.6854608
0.7989976
0.7600977
0.9424674
0.3052333
1.062822
0.3798432
0.6934894
2.680758
0.8442832
0.6478125
0.778288
0.6171322
1.432153
1.573433
1.163796
0.2592935
3.574318
1.098045
0.8403515
1.406989
1.885674
0.6633364
1.053079
0.7654641
0.8852206
1.510258
0.370462
1.027513
2.515225
2.316342
0.8300554
1.572068
2.899855
0.5367486
1.458553
0.3132452
5.824753
0.3570807
0.5641211
0.4844535
0.6879726
0.5657011
0.4694931
2.32245
0.4163453
1.118895
1.299839
0.8069576
0.5181631
0.6030022
1.191297
2.000959
1.367918
0.3707392
1.053417
0.6019371
1.016358
0.9472828
1.153847
1.378581
0.5381581
0.699444
0.9326061
1.504638
0.5172589
0.9157452
0.5141013
1.298689
0.8579568
1.24643
0.6780653
0.1873681
1.17584
1.7103
2.773551
0.8484291
0.6802213
0.635287
0.7865825
0.5809435
1.613838
0.6863022
0.4168062
0.5510941
0.411191
1.105691
0.2647233
0.6130136
0.8679415
0.6893089
0.5090154
1.057735
0.5288013
0.4069611
1.307047
0.8604224
0.5987138
0.7852279
0.5816899
0.7357539
1.230729
1.296573
0.6237517
1.618478
0.6871138
1.893637
0.5163904
0.9016631
0.6146117
1.25594
1.114389
0.5997279
1.301276
1.223036
0.4066862
1.646891
1.383797
1.784901
2.196674
1.363155
1.811532
2.718392
0.8933274
1.673266
0.531814
0.7504926
1.539099
0.6353525
0.956829
3.901484
3.60399
0.4265814
2.103739
0.8788821
0.6247751
0.5931568
0.3052275
0.7053864
1.008691
0.4573974
2.195019
0.5072298
1.288382
1.336254
1.372781
0.4624907
2.292736
0.8520917
0.5108745
1.101449
1.426242
1.030022
1.447174
2.22816
1.343846
0.4623129
0.5094975
0.4004221
1.435023
0.7551336
0.8162979
0.8574492
15.45049
0.8128436
0.950287
1.118593
1.417098
8.693701
3.801342
3.119158
4.782333
0.9166129
0.5776998
0.530906
1.662812
0.6376505
0.7969441
0.637926
0.8788258
0.4749621
0.6555621
1.076461
1.191008
0.8396733
0.3336971
2.6479
0.9104142
0.325962
2.019909
2.099647
0.6518901
0.6578688
0.4846674
2.982142
1.873624
2.322363
0.722096
0.9202182
0.6182101
0.489321
1.210388
1.068192
1.587538
0.5045391
0.4114552
1.093732
0.6619329
0.938915
0.585311
2.415437
0.9852342
3.133525
4.725018
0.952133
0.5524746
0.3507783
0.404025
0.5263684
2.695688
2.97046
0.7127752
0.5657286
0.4781605
1.029895
0.6284162
0.6251104
1.883991
1.601613
1.031301
0.2900851
0.9179449
0.4720345
0.7658011
1.43961
1.489629
0.8203169
3.288502
0.6520938
0.6504589
0.5424116
0.4653441
0.8307627
1.436399
3.779027
1.422019
0.4375142
0.6875635
0.5285378
0.9761815
0.5493044
0.8235956
2.036008
0.75903
1.60011
0.3223166
0.7925689
1.959602
1.667541
0.73579
0.6237308
0.2242262
0.612313
0.8253923
1.15213
1.780808
1.11258
2.019564
1.724142
0.6703506
1.21975
0.7571025
0.7817033
0.7951846
1.230951
0.9503979
0.5916583
0.7817359
0.4997823
0.6481839
1.014156
1.209329
1.396691
2.140811
0.5148873
0.9576418
0.5617607
0.7859781
0.5137747
0.8938922
1.194405
1.240243
0.4242742
0.6752258
2.373243
0.6049083
1.112401
1.037638
0.6038248
0.6521319
0.9338027
0.4520415
2.569945
0.804061
0.6025185
0.9410741
1.140745
0.3775525
1.003442
0.5747139
4.076065
0.6498298
1.454185
0.8353771
1.044914
0.5626381
1.711273
0.4851166
0.2861663
0.8852724
2.445183
1.996305
0.486218
0.5539108
0.1975162
1.156134
1.562212
3.97399
1.825034
1.704771
1.044764
0.5102801
1.301927
1.06355
1.764793
0.725211
0.5026814
0.6682799
0.6955622
1.117679
0.6212815
0.4151419
0.2923845
0.9813531
1.004952
0.7197309
0.5327361
0.678137
0.1512237
0.5870081
1.166474
0.6651838
0.7377843
0.7069898
0.5851787
0.4186094
0.9432617
2.302657
2.060447
0.6117609
0.4137955
1.06504
0.9533254
1.114517
0.6602111
1.078976
0.4807628
1.175609
0.8245275
1.414084
0.9306714
1.344023
1.926542
0.7860848
1.465091
0.58913
0.7783111
0.4129757
0.4261315
0.3126995
1.528104
0.9555054
0.4868099
2.74517
2.027739
0.9671405
0.2722141
0.6508732
5.100014
3.688081
6.317214
5.42202
6.066302
6.435919
2.290085
0.7691767
0.3938261
0.6984863
1.17691
0.9680596
1.771633
1.059857
0.3206815
3.641475
0.2709924
2.833097
0.4843114
0.3773504
1.026348
1.151359
2.139905
6.939834
2.021601
0.9601404
0.9598822
1.272638
1.538342
1.501035
0.4283608
0.4521554
0.7774489
0.3864584
0.9754162
0.7029498
0.6514222
0.979387
1.511427
1.091326
1.743005
0.7913087
1.707267
0.6023245
1.054313
1.007249
0.7959541
1.005019
1.321616
0.2700709
2.953258
0.5881926
0.8570185
2.229069
0.7882391
1.142557
1.058948
0.5256767
1.709761
1.202126
0.21755
1.091072
0.6397291
0.5852792
1.005964
0.6759481
0.7477937
1.375527
0.3138525
1.440578
3.395833
0.3702379
0.8125974
6.062029
1.231123
1.033644
0.7774541
0.9416821
0.5412299
3.834033
0.9496749
2.258063
1.960294
2.205038
1.719999
0.7220364
0.7368622
2.424487
1.031829
0.4418893
4.204139
0.7913901
0.4428711
1.191695
0.6679135
1.151971
1.937518
0.8123717
0.7957706
0.4796393
0.8370479
2.965015
0.8000321
