119.4843
124.3824
114.5265
96.02622
68.47842
101.7058
180.0218
214.3679
245.5941
208.7701
319.0753
244.1378
315.4781
193.4744
272.3123
215.0157
259.5499
221.1469
275.9895
110.7966
162.4644
82.55194
104.4668
111.2353
164.9046
321.8442
519.5798
467.5965
346.1746
267.1949
244.3738
284.4889
165.8801
186.6422
164.2651
178.9728
228.9632
230.3057
214.3228
180.9626
142.9323
115.8233
120.4692
86.35084
132.9607
120.4247
93.54015
132.9987
123.7891
97.13105
124.6062
117.3538
130.6845
171.5403
179.7738
284.9053
281.0843
159.7721
197.4986
151.3212
134.3333
157.9159
105.2303
207.7919
174.3602
176.9623
109.0144
166.0243
153.2455
95.58038
89.95872
125.0639
154.381
66.48839
177.0204
184.4332
208.6423
167.6736
225.668
340.2325
359.9315
266.2058
212.3141
142.6644
166.0999
209.2912
212.4725
141.5638
98.72609
135.0718
146.6524
204.5725
140.1209
138.4952
249.0108
284.5354
206.3651
133.6895
185.0811
190.2379
210.0683
217.0078
143.6796
223.4361
245.7667
112.0592
208.2053
146.2525
165.8793
95.81183
93.0489
193.3106
157.6152
242.5422
157.2579
160.2937
164.934
282.1183
191.1621
329.9685
182.9832
191.9333
216.9688
173.2197
125.9111
104.5589
104.2726
122.2113
75.80545
91.9207
143.9038
132.5128
152.6438
210.0711
197.0982
209.8054
391.0202
243.8908
183.4127
130.145
234.7095
234.8104
157.0137
267.6292
227.613
200.0323
136.5202
51.25893
72.20366
94.43915
107.9791
139.6507
336.9959
300.5854
339.0757
394.4252
189.4164
165.2798
97.02263
150.7532
118.0428
121.9219
105.8867
91.97724
209.2576
176.9523
237.3366
153.0652
174.5389
125.6077
103.4591
134.2481
128.1086
138.8462
110.2609
176.2128
191.7515
264.9708
166.5006
231.8553
273.1883
432.2169
383.8833
269.9297
196.5284
221.3909
190.1453
164.392
167.816
177.149
91.85666
104.0999
165.7749
133.2329
101.0398
81.44077
88.08594
150.1571
164.0538
204.4542
260.2379
312.7823
298.9658
345.4454
212.7948
228.7626
319.008
206.3625
279.1984
140.0495
104.2883
116.0179
110.9968
117.5452
101.0044
144.3865
158.211
302.9995
414.5449
382.3184
185.7162
127.4695
191.1345
210.5815
162.8341
178.632
145.84
95.56972
150.0005
119.5013
133.0037
210.5797
274.6524
280.9348
130.6082
133.1768
185.3516
111.1359
138.6002
261.7786
201.4732
168.2632
173.0967
144.2295
139.0916
134.8701
124.8218
189.9415
231.2293
118.2872
105.4705
188.2126
152.0359
284.2113
170.47
115.4433
178.7121
220.8569
258.9219
349.2198
526.668
567.1483
291.9648
127.1669
94.89556
141.2459
280.0495
199.7273
258.7662
248.183
162.1147
229.6999
136.6391
156.9341
125.6811
118.8412
135.5936
126.3888
153.0183
162.0395
209.4093
223.6541
345.9765
191.9029
248.2468
149.0666
222.5675
121.5135
113.9526
118.6291
150.9644
152.0306
159.9086
97.10501
91.20048
99.69357
60.86554
120.1032
173.4431
184.8921
257.9732
343.4737
301.7509
256.6138
253.3169
169.3994
136.0476
164.4636
199.0949
217.1259
199.4556
155.0855
141.7124
65.30903
95.58569
152.2429
217.5826
250.9522
215.6149
239.3896
231.242
148.8171
144.8125
246.2747
169.3348
179.3737
223.0366
369.1961
221.5653
169.6535
125.2189
199.9347
168.4379
112.2836
144.9371
84.61383
92.12188
130.2701
99.74794
165.3901
165.6589
191.6594
191.8216
163.7717
229.1621
100.7977
150.5991
125.855
176.0422
101.0375
157.943
158.953
191.279
174.3533
204.5
174.1386
219.88
349.8665
272.3073
195.0917
87.4993
135.4438
140.9341
127.81
97.90682
143.5382
246.946
222.9548
307.1523
158.2472
94.3313
119.7931
208.5348
335.3313
199.7666
395.568
432.9195
452.8915
206.7316
93.84717
98.7076
117.2806
155.4946
355.4649
145.115
158.8956
179.382
131.9351
176.6344
347.5345
380.9983
241.3085
259.0639
71.23726
128.3064
217.2639
203.9485
141.3029
80.4792
80.40716
131.5868
113.6961
177.1314
241.9244
166.7738
139.9935
182.2933
251.98
109.5
143.2379
202.0942
212.755
300.6451
159.8202
145.8032
110.542
161.0881
161.4219
171.0127
140.8479
207.1918
269.8133
248.2652
192.3956
226.8174
213.3627
179.6208
170.3809
122.3927
224.994
192.8741
236.6266
163.2775
143.3698
152.8789
157.018
124.2979
98.75517
136.813
155.9496
177.291
126.7301
154.2723
131.041
107.562
150.287
238.0492
227.4806
175.8127
108.584
141.9084
189.4939
228.5448
170.2686
173.5217
184.1486
170.5741
175.3527
174.9274
141.2897
87.77178
115.3316
97.77658
106.0921
114.7912
172.524
87.65035
125.4158
168.9517
154.446
216.0168
292.5143
479.0805
347.3623
173.9853
121.7512
176.8738
249.8902
221.434
239.511
273.8035
286.8825
149.6266
161.7793
111.1922
151.9154
84.75956
136.9706
150.6217
146.8195
114.9616
232.165
290.9915
516.935
256.0112
195.5899
162.1873
171.2427
167.9321
105.0116
