88.24712
89.0238
88.82745
87.06285
87.62372
88.4769
87.9244
89.27534
88.27215
87.99331
88.608
89.22634
88.73361
88.43179
89.18841
89.13247
89.87636
89.65091
89.84992
88.68629
90.37711
89.44699
87.3535
86.67718
87.19827
87.23038
86.67322
87.17718
87.55241
86.87835
86.05473
87.19874
87.75949
86.63213
87.9835
86.22381
85.6777
85.39588
83.98341
84.94501
83.5772
83.54376
83.64058
84.00299
84.73307
85.45522
86.61771
85.97225
87.49066
87.47983
85.69747
88.13224
87.1629
86.39768
86.20592
85.94831
86.6755
86.62695
88.02521
87.44724
87.26051
85.53113
85.53451
84.55017
84.58473
82.96125
82.34808
81.70469
80.97368
82.28542
81.98118
83.25496
83.46145
84.25191
83.38587
84.01296
84.91143
85.37661
84.41158
84.71327
85.14458
86.19209
85.42064
85.68446
85.29539
84.6551
85.32715
85.09102
85.59079
83.81772
83.12546
83.04406
83.03346
83.95198
85.10488
82.8882
81.95018
82.48319
81.50494
81.71461
80.25775
80.71984
81.63681
80.99347
81.92183
81.7201
80.55579
81.25419
82.44752
82.17575
82.28134
83.66858
82.20344
82.07777
81.97899
81.87583
81.7617
83.44656
84.51436
85.20411
84.24347
84.47389
84.12294
83.553
82.9686
81.49058
82.82525
83.86933
85.36533
86.09533
87.73453
87.08188
87.18648
87.27867
86.62849
87.77853
86.33814
87.8344
87.37834
87.68359
88.1023
88.50879
88.03941
87.1177
89.3428
89.01204
88.76167
88.53186
89.6359
88.3762
88.36611
90.2109
90.01975
92.32983
91.36082
90.38286
89.9962
90.8982
91.73793
91.45709
92.32858
92.67871
92.39253
93.58639
93.20765
91.19548
91.17755
92.52354
94.17085
93.4642
93.35394
93.75584
92.96688
92.19685
92.75048
92.70467
93.14584
94.88165
94.33717
93.81841
93.44877
93.9457
94.0707
93.35654
92.75197
95.20268
95.37793
95.08653
95.45127
95.3824
95.55713
97.89303
98.069
98.3735
97.11836
97.2563
99.08007
98.69422
98.2916
97.65616
97.95416
99.88137
100.1498
98.58172
97.76945
97.86023
97.6725
99.42037
99.28552
99.62453
98.75041
98.87301
96.64311
97.4129
96.5284
97.8702
98.70867
99.23815
99.97757
100.611
100.18
97.6968
99.12657
99.14992
99.89466
101.7091
101.9133
102.4916
102.1439
102.4851
103.4428
103.4347
103.2374
102.2272
100.8395
101.5977
101.8786
100.9328
102.4528
100.1835
100.7251
99.81007
100.6353
102.0303
103.328
103.4699
102.4902
102.4924
101.8129
101.2697
100.5285
100.3813
99.17603
99.65447
98.74729
99.52352
100.9423
101.6727
102.1252
104.2778
104.2455
105.764
105.3408
104.872
104.015
103.5607
102.5883
102.6179
102.4946
101.7781
101.4755
99.9101
100.3295
99.81335
100.1649
100.4294
101.3741
101.1187
103.7899
103.9068
104.2652
103.7547
104.072
103.8576
104.0932
103.4873
103.1938
101.744
101.8913
101.8955
101.7695
101.8528
103.2114
103.9734
104.8423
103.5859
104.2283
104.4883
102.7698
100.1981
100.2564
100.6777
99.1533
99.18666
100.4166
98.1446
97.06635
96.83557
96.97381
98.27982
98.60505
97.19738
97.54612
96.20107
97.33931
98.51055
99.32964
100.3148
99.94762
100.2022
99.81601
99.93324
99.02745
97.73852
97.17466
96.9734
96.54487
96.7122
99.89559
101.4829
102.2149
101.6397
100.414
100.0995
100.8146
99.40478
97.79833
96.90329
98.08037
98.23821
98.05587
97.07281
96.2175
94.49983
95.00541
95.16446
96.25003
95.57704
96.13679
96.73343
96.26241
94.65953
94.49356
94.08263
93.06199
91.82803
92.48488
91.39039
91.24903
91.02464
90.01009
93.41193
93.95209
92.69315
91.59174
91.75401
91.83478
91.43333
89.38353
88.8252
87.73824
87.91005
88.97878
87.98307
86.26648
84.9591
83.33659
83.97124
83.12242
82.61973
82.46077
83.60559
83.47936
83.56972
84.39301
82.58667
81.52832
82.23388
82.20964
81.30897
81.78553
82.37513
82.78451
80.3032
80.2268
81.31773
80.96281
81.07791
81.788
84.68727
84.40893
84.28224
83.90919
83.80438
83.74179
82.67632
82.72042
81.99865
81.59768
81.91353
81.83494
83.03012
83.03824
82.15313
80.35611
80.23643
79.10473
77.80016
78.74446
78.43004
79.94931
79.96928
80.37341
79.83321
78.74476
78.60858
78.70936
78.11266
77.84281
76.81132
76.43601
77.25298
77.67544
77.38372
77.36967
77.7362
78.52215
78.78131
80.32823
79.18822
78.61898
78.02813
77.97814
79.15869
77.93281
78.16615
78.57596
79.03833
80.59595
80.30823
78.7464
78.68411
78.1208
78.23662
79.10184
78.88645
79.98597
81.84683
80.14891
78.6561
79.40201
79.15086
79.28358
80.20268
79.45805
78.84778
78.33536
78.36267
79.94389
79.59854
78.23799
79.2543
81.05192
81.63732
81.78778
80.21958
79.67405
79.41315
79.60756
80.27882
79.29073
76.63911
77.30423
78.382
79.3047
81.18431
82.11744
81.56742
81.09891
80.4459
81.03802
80.21179
82.22346
81.97216
82.17439
82.01125
80.75274
80.85969
78.81118
76.37279
