15.04966
12.46447
12.32184
11.43518
11.32132
11.82096
12.13228
12.71488
13.58791
11.844
12.48726
11.82586
12.76099
13.47319
11.68431
12.13719
13.2666
10.73401
12.44446
11.63445
11.75826
12.49202
12.8126
12.46264
11.85934
12.62734
12.38074
12.7175
12.2846
12.0922
12.17619
11.89129
11.79272
12.18001
12.14625
11.81103
11.80311
11.71133
12.57398
12.46126
12.95807
11.6283
11.61509
11.58134
12.45416
12.31105
12.06682
12.94581
12.49624
12.26895
11.74527
12.50159
12.27778
13.0667
12.08923
12.60272
13.57194
11.22018
12.96578
13.17867
12.4836
10.14396
11.78824
11.64313
10.70864
13.03861
12.26147
12.02326
12.32276
11.56621
12.24725
11.08116
11.98815
12.08075
13.45275
12.08861
11.33664
12.45234
14.48793
13.52782
11.61751
12.69162
13.79717
11.22964
12.26078
12.33013
12.12359
12.70608
11.75803
12.80945
11.50608
13.0545
11.7163
11.77739
11.82841
10.80783
11.31258
12.45573
11.42891
12.47547
12.87353
12.4679
11.06612
12.46246
12.85974
11.5739
12.76724
12.57067
12.15474
13.9053
12.01715
11.58357
12.07727
12.85935
12.20053
13.17083
11.12662
11.23726
12.00013
11.97591
12.6251
13.30166
12.11792
11.49419
11.66448
11.41932
11.22009
12.60731
11.74572
12.00245
12.3901
12.03971
11.94753
12.69019
11.13566
12.08732
12.68068
11.13448
12.67525
11.7765
12.99356
11.73734
11.85224
12.59314
11.09489
12.26619
13.78504
11.69079
13.28544
11.93396
12.57533
12.02142
11.7222
13.08113
11.84979
12.08433
13.1826
12.16591
13.85154
13.28665
13.03957
13.44058
12.27339
12.69564
13.21475
12.20117
12.66718
11.81901
12.17874
12.58798
11.70609
11.97049
11.21562
11.92856
12.16348
12.32939
11.50824
13.03946
11.00282
12.69837
11.38215
12.38672
10.89893
12.6536
12.89086
12.71553
12.23087
12.82891
12.85365
11.94179
12.01226
11.98468
12.1817
11.74799
11.9889
13.28273
11.67928
13.13711
13.05167
12.31782
11.40073
12.82361
11.32089
11.86774
13.30575
12.23747
12.12944
11.18788
12.01763
12.20635
11.51954
12.43261
13.05814
12.0468
11.73919
12.07291
11.5366
12.16159
12.67694
12.5361
13.5859
12.26889
11.91646
11.84963
11.85848
11.45112
12.18102
11.51741
11.14916
12.52778
11.62315
12.51378
12.46903
12.13253
10.44665
12.93108
12.98091
12.24397
12.13415
12.15302
12.47126
11.88187
13.28322
12.3925
12.9652
11.04163
11.42459
10.3645
11.01092
12.28208
12.51955
12.48238
10.86024
10.98456
11.66114
12.17575
12.38062
11.94111
12.51142
11.6483
12.35364
10.41917
13.04883
12.4158
12.73334
13.10797
11.76796
13.25828
12.34283
11.36123
12.45259
12.39029
12.17284
12.49149
12.04288
11.44027
11.76205
13.39864
10.54282
12.20502
11.23455
11.30823
12.80214
12.07741
11.09131
11.57424
12.40649
12.78383
12.93476
12.44989
13.20112
13.47296
13.17803
13.43957
13.09701
12.05431
12.56904
11.90692
12.15824
13.44442
11.37894
12.05184
11.73263
11.64813
11.58797
11.17181
12.66412
13.84047
12.4853
11.19354
13.2682
12.62936
12.94411
12.33153
12.74322
11.25405
11.72135
13.67615
12.98859
12.45219
13.02904
12.7497
10.33071
11.95
11.34223
11.64842
11.80433
11.76866
11.58413
14.1867
12.60086
11.05636
12.15308
12.09411
11.49289
12.75086
11.12412
12.75462
11.95666
11.72696
11.37337
12.23441
12.80507
12.51102
11.76545
12.67337
11.46867
12.64823
11.32882
11.272
11.53952
11.41006
12.33578
12.09878
12.11451
12.25351
12.60772
11.09601
11.71009
12.91266
12.25756
10.17757
11.71619
12.2299
11.22796
13.99463
12.27199
12.19858
11.47625
12.26773
11.45904
12.68037
12.51871
13.12984
11.88939
12.00761
12.06872
11.82906
10.91885
11.72363
12.4376
11.88469
11.72525
13.534
11.17165
11.70905
13.72001
11.43325
13.2832
11.63119
12.1106
11.75944
11.67671
12.68637
11.73343
12.0605
10.51802
11.75842
11.96637
11.1986
11.64001
12.39192
12.01713
11.71863
12.3061
12.09658
12.60372
11.83269
12.39299
13.69572
11.94297
12.10772
12.45661
12.88745
12.80797
11.42892
11.20856
11.52437
12.53516
11.80969
11.70148
13.16101
11.8159
11.95689
13.35214
13.08325
11.90202
11.61298
11.17907
11.6105
12.74186
13.18967
12.03016
11.68632
12.7499
11.98639
12.23208
10.7112
13.558
12.65218
11.83117
11.40231
11.53617
11.81021
11.32838
13.66371
11.40649
12.42609
11.36865
11.9622
12.69299
11.3127
12.37963
12.30463
10.97855
12.04784
12.42095
12.24702
11.11352
12.27519
12.10828
10.73744
11.87051
10.70306
12.74619
11.423
11.31446
13.24621
12.25446
11.71109
12.39611
11.30402
12.10027
12.45263
12.03457
12.39531
12.26706
11.9152
12.87141
11.26946
12.31479
12.28789
12.24671
11.77828
11.80534
12.64099
12.18036
11.59762
12.5949
11.05493
12.28618
10.87735
11.72428
12.72554
12.18068
12.43368
12.36127
11.89836
12.54519
11.01989
