303.7646
215.653
193.8128
309.8696
215.6767
154.2787
191.0437
124.7562
214.8008
266.6128
242.4174
758.057
362.1991
298.6975
234.2191
116.1841
177.6822
184.3126
207.7568
239.6141
249.3847
265.8958
214.1042
95.53752
197.5295
315.8427
261.2824
368.6551
175.583
198.0135
728.4823
302.7754
319.6207
232.2375
380.5145
300.5076
417.0541
237.752
380.0278
213.4606
417.8199
155.5746
171.8906
472.7198
184.1201
668.7956
390.547
427.4682
263.2503
301.082
277.9558
375.3164
589.8129
164.5808
231.6413
249.7474
199.3653
177.4016
549.7707
508.2209
269.6509
439.7798
185.8449
267.1932
311.8636
126.3738
310.8401
345.4114
520.209
268.6531
189.1719
315.9478
351.8041
158.7497
259.7389
1079.552
1119.729
429.8148
556.451
200.9363
345.4206
174.7819
279.7635
227.4807
211.1574
166.7722
201.2233
204.2643
179.0049
223.6587
248.9618
85.10917
151.5248
123.6557
326.0208
744.7588
228.8723
247.4298
170.3708
412.2781
291.6275
306.4291
313.2196
276.2038
158.4702
109.3495
436.4667
285.0852
332.308
290.3578
440.4407
247.5432
426.3679
275.1545
276.0023
302.9812
192.4103
377.1903
253.611
155.9458
663.1201
191.9062
234.6967
346.7834
270.7401
624.0769
359.9164
161.3143
309.824
203.0376
151.7168
151.8207
555.9108
152.5294
309.2992
231.6768
463.1164
207.0023
975.5071
123.6007
132.4136
409.2144
207.5724
417.0781
177.7117
117.9922
294.3343
310.9369
129.8679
466.8868
259.7914
201.4491
515.529
375.3454
179.1217
96.87998
380.6921
399.3451
150.3565
398.6745
200.2698
359.3454
183.0651
662.8402
539.1429
289.9918
140.129
232.241
342.0301
322.1515
272.4259
301.8052
569.4669
402.2881
267.9839
213.5289
246.7633
249.5657
311.0318
139.0256
309.7811
225.7271
310.6761
257.9124
319.8587
245.3318
371.1696
207.8751
527.3407
285.5977
486.5087
161.2006
582.0451
324.5986
651.7898
244.7126
583.9239
364.803
312.4847
170.2927
238.6199
513.3928
222.6536
112.3936
384.1666
808.5197
155.321
352.4411
204.6646
378.9359
135.6399
681.2534
370.711
198.7727
136.7538
163.8242
362.1756
255.3316
373.5177
164.4326
167.4512
527.2425
280.6422
424.8233
120.2028
313.7199
660.0733
118.0585
208.3938
237.9271
208.3813
532.2648
261.677
184.7322
142.005
333.4738
126.3662
262.947
313.7605
332.398
114.4446
201.7327
224.437
180.2954
213.3365
217.2803
726.2264
215.3322
426.0396
362.3067
288.3022
237.1539
255.6911
191.1486
172.9138
317.4398
358.0753
200.7231
142.5353
220.3351
256.9123
348.4128
476.5479
275.9082
110.5858
328.7855
204.7353
167.2176
210.7526
110.4077
154.9302
109.8719
285.0435
219.5372
139.2708
204.6311
192.4225
227.891
163.4044
386.6947
364.2299
222.5551
152.3843
324.7942
277.3579
400.001
442.031
365.4529
198.33
247.1226
336.8797
402.4901
279.2659
187.3664
441.6803
425.1716
136.3391
261.1559
379.4894
117.4329
288.7053
486.2105
486.146
348.3514
497.8
234.6523
342.4765
165.4038
212.8569
271.8395
936.9719
433.6308
120.2627
203.8188
147.5129
168.7867
143.0024
214.1874
355.2866
317.7533
323.3463
554.4977
105.9539
467.9663
291.2462
165.0761
1545.498
262.4526
231.7847
604.3893
242.2367
386.7963
351.6842
161.8066
471.7611
422.2998
203.0922
172.8735
178.8242
169.8495
241.1814
247.1739
164.0166
220.4782
193.5346
709.9702
408.7943
235.4474
265.1971
527.9424
282.5971
123.7222
1194.117
170.7384
562.482
351.785
315.8451
211.3959
465.3961
267.6105
330.0597
229.541
723.6858
254.3045
92.2197
99.77983
401.5206
420.8892
497.9682
379.3767
429.8603
147.355
298.6129
846.4535
184.0128
423.7597
260.3536
219.7026
1064.701
276.1582
267.9718
254.9137
612.1473
187.5377
360.9516
186.1373
532.8696
327.6289
270.7546
454.6604
243.5583
263.8396
101.0716
149.4239
359.0454
213.3849
173.7316
353.8379
223.7502
165.4758
149.449
166.1183
254.5633
285.205
254.2588
298.8153
168.9071
353.3527
263.4404
117.4204
88.40387
209.249
169.9424
319.2109
227.3353
233.6694
324.6957
185.7334
183.6656
368.584
263.3779
268.3541
551.1636
282.3937
559.7691
460.5067
134.8887
181.5345
207.1034
92.36981
418.8907
121.4529
298.5026
274.8356
263.7924
132.9431
212.9982
211.8388
185.7687
1206.333
183.0872
137.1677
140.7331
404.8143
266.0102
143.6478
346.4803
348.8994
414.4641
167.4187
199.5351
83.43719
163.2458
673.9855
266.6675
282.006
267.9977
182.9906
287.5737
246.82
441.5101
192.5903
247.6487
197.5027
194.7404
954.4002
754.1895
330.0517
289.0694
158.1666
197.8635
321.7313
246.5534
238.4232
173.5179
579.5194
267.836
579.5821
237.8499
187.3059
287.8584
345.3896
539.3604
265.6916
198.9459
206.6221
345.8863
244.2373
208.5835
359.3821
261.03
535.0065
231.9514
183.053
305.001
289.4393
477.5738
237.4403
257.0765
235.9639
