115.1131
230.6278
99.2414
89.41139
162.2334
320.0352
79.65352
125.1565
111.6791
217.6679
162.5847
186.1603
95.04721
164.7456
72.43871
83.13841
206.3374
156.8895
127.231
209.9944
233.5798
97.21024
36.81107
153.9525
78.54879
197.0045
216.171
129.2407
112.0747
197.7156
149.7856
197.7561
112.1665
100.287
395.8936
170.0642
167.1638
84.27236
469.0901
165.2377
123.8644
153.5623
145.7347
209.0456
256.1774
240.902
373.9804
150.0664
280.3192
407.2521
67.79322
77.1457
81.19907
245.0653
230.3665
117.8673
98.86676
203.176
103.7805
283.1617
136.5126
207.4316
222.9387
81.40422
168.7419
515.8871
257.3003
198.3622
108.2551
127.4081
1104.163
118.1354
93.14564
264.392
98.12397
411.737
188.3999
72.59713
325.5567
160.345
183.8268
405.0937
771.6126
168.1129
171.2989
178.3029
74.78701
117.9995
556.4344
183.9309
172.5675
191.8943
140.1689
265.5567
267.8312
300.2985
103.4902
179.9839
145.0685
177.0724
170.3717
161.131
148.4874
210.199
167.0157
195.8133
163.6282
284.9967
58.70217
432.05
381.6781
112.9102
202.1247
251.512
231.818
271.4683
143.3936
179.8619
95.90649
103.5439
214.8642
138.3654
178.2109
178.9989
123.3503
70.12002
164.0347
101.9482
190.4856
113.6247
571.6207
199.4199
208.4723
70.1724
78.8373
321.3072
186.0085
568.319
275.4607
275.3824
126.1947
57.05876
82.87959
258.5064
56.13062
205.4031
203.1307
132.7434
200.0002
354.9663
254.7432
88.17094
303.5253
179.1974
427.5892
119.2138
250.1719
878.47
326.6198
429.7324
486.5444
156.0137
385.9651
487.0779
207.449
115.7874
206.0225
166.2738
192.3356
409.8845
80.02693
87.39766
204.6437
326.1034
60.75507
301.8575
75.68616
106.0756
124.5089
350.5414
166.125
160.0274
84.34725
191.7869
102.4809
317.4059
217.3206
203.2381
66.08638
399.9582
89.31047
564.3846
563.0153
200.8921
184.4167
74.51938
131.7632
176.9621
236.2162
74.80143
90.25079
122.9458
155.6263
102.2421
230.7881
204.1077
93.9876
126.1601
139.3976
111.4028
387.6444
79.13743
95.67857
81.5673
93.9653
209.5672
179.9075
123.8746
326.6595
129.3152
921.7483
164.3903
835.2638
149.3259
215.3874
232.088
96.80055
243.7895
187.461
656.5509
467.7539
365.695
404.3352
492.3268
271.9661
262.5404
216.8817
231.0071
159.2873
72.07202
55.85819
245.2592
87.31628
85.57204
119.4539
134.3544
111.8136
213.3052
131.6658
230.3046
156.8711
88.81575
338.969
172.4106
143.2641
132.9304
161.6588
95.77739
251.9496
157.0058
102.5161
89.10113
230.7169
202.4833
131.6792
89.4237
118.6728
86.50266
196.2148
74.87798
224.6926
239.6907
322.3539
122.8836
57.71282
178.1702
83.91926
198.0206
146.1765
128.6595
113.1801
63.51529
87.20977
333.9416
231.4909
179.0996
262.308
151.5712
588.2702
453.6036
146.052
166.45
67.05456
119.5782
334.3837
471.2902
233.7258
71.89011
84.50769
82.77517
322.7151
295.0056
292.9199
87.30832
52.1542
56.70736
50.30119
277.9789
69.26193
147.7841
61.62325
115.9949
71.51138
95.9561
156.5795
76.80041
251.516
133.3732
124.6273
103.011
117.6652
1229.139
156.0829
82.63949
157.832
142.0129
208.1057
284.329
142.5341
89.34632
133.8586
86.70302
95.45309
239.072
134.8186
157.4189
397.3232
191.6694
93.52788
101.8033
129.5026
111.7636
361.1151
155.9982
452.757
145.113
161.6382
236.3057
140.1602
228.6283
278.1508
75.12837
164.3379
579.9125
167.5663
210.1338
253.7463
238.0498
70.97896
168.5828
136.056
81.4473
202.7689
70.50407
124.2237
250.2439
275.2407
280.3934
417.3124
98.80259
103.8213
94.46449
210.4548
220.619
282.6542
171.5402
73.11504
1315.052
229.3698
142.4189
77.57273
239.4887
193.6925
248.5328
261.1074
299.5148
673.1897
221.5795
510.1261
176.3865
194.6684
125.0518
532.4587
185.0545
223.0844
473.3298
269.6107
300.9993
80.17051
189.561
171.2171
114.2784
106.5154
182.6812
246.3872
113.03
169.5228
83.07241
178.4667
94.00196
107.4766
493.4787
115.7187
55.89159
43.94668
112.8726
65.63297
64.88355
99.68934
373.6011
295.4364
154.6318
121.7375
139.754
525.9739
246.6218
117.6825
125.8545
102.1893
216.2075
130.4067
153.92
135.4468
103.6362
325.6197
385.1251
506.5621
223.9154
235.0017
113.1509
440.9331
196.3699
320.9149
220.5953
196.2369
219.6134
443.1868
444.8189
146.8155
280.2301
160.5418
114.8008
224.5583
148.2799
439.8216
142.2842
216.3347
174.1961
361.7511
301.6398
424.5067
209.531
71.87237
209.628
84.99182
190.107
206.1083
133.284
126.977
83.88738
116.4612
90.09318
260.3984
336.6532
300.2937
574.4662
1301.311
102.9894
337.6792
206.4511
113.4047
390.1019
702.0502
171.9069
234.6171
105.6091
144.9468
541.7582
96.86203
456.4628
256.1949
87.04069
288.6564
89.84771
171.8748
44.60747
132.1245
284.9491
186.1133
199.1076
