524.3674
557.4827
538.2275
550.4591
546.8892
526.9314
539.1005
542.9164
566.6173
526.1844
538.7928
560.3453
573.6072
552.4993
532.655
551.8558
566.2862
522.6964
551.4102
550.5046
559.0589
552.3467
545.8991
549.5248
578.6918
526.1978
537.0386
485.8211
498.7422
529.5975
520.6369
494.4162
541.151
536.2829
503.6492
557.9914
561.5669
548.7466
547.6607
502.1066
545.0247
529.1129
556.0763
579.7954
558.1683
547.0159
562.3471
510.981
502.2645
507.8589
525.7082
555.3759
542.6896
547.1491
545.588
561.9033
561.1362
538.9844
567.1893
545.2658
537.3671
507.4916
530.6243
526.0342
491.2194
560.0855
534.5369
530.034
501.0307
532.8426
515.5092
532.7521
535.8478
495.6007
520.8987
511.3951
577.9589
543.4368
523.8495
574.4763
527.7388
555.0208
582.5287
528.1987
557.3209
506.4028
535.5954
531.0428
559.1471
538.4942
612.785
544.5159
542.9313
515.4269
507.8659
508.0488
543.8843
579.1011
509.1208
554.212
534.5465
521.4538
545.8609
558.0304
541.0341
539.1142
536.086
569.8486
546.9031
592.0709
582.0993
577.8869
545.7234
535.4791
543.4187
552.9504
542.6045
542.3124
524.2609
549.4287
567.5513
528.8504
568.0008
549.902
585.1548
541.9924
565.1173
542.8312
499.4302
524.8866
580.5352
554.3075
499.4058
576.5908
530.1539
515.6703
558.4623
522.0268
549.0347
582.689
534.061
567.7265
536.5198
523.9183
532.2733
580.5931
527.0139
536.6531
594.3241
525.3698
551.671
572.9301
595.5625
554.8164
545.6276
559.307
597.7626
528.0243
556.5861
561.8194
563.9175
556.0525
572.2021
580.0484
586.7743
559.1651
497.35
542.9716
535.9276
521.8521
500.3202
534.0658
579.3898
597.7369
511.8042
554.3824
542.9049
555.0159
590.7877
534.447
586.7405
571.4203
465.0287
575.705
570.6376
562.0613
553.9746
562.8282
537.6233
540.6785
636.3716
539.964
574.9572
547.0751
545.0037
619.3293
543.745
566.8585
586.9684
548.5387
589.5289
534.6962
560.4298
540.6425
547.7571
529.8263
517.1382
558.8069
562.6376
567.9137
595.6148
555.9094
528.2221
543.4757
537.1744
517.9444
557.9264
613.8762
622.8523
562.9334
564.478
523.4725
570.6104
595.2504
590.1946
515.7238
553.0998
526.9276
519.7715
550.4829
506.8864
525.2277
518.3381
556.6581
584.5961
574.4038
495.7647
522.2658
597.2879
556.4432
524.7309
504.8621
559.206
571.5155
569.1818
515.2453
535.9906
546.911
579.8832
521.5587
578.593
566.2413
547.8998
591.122
517.9911
571.4013
584.2878
507.4835
531.4234
556.4816
595.9584
584.5571
552.9562
531.6752
542.8231
574.2172
520.0061
534.8932
561.0985
560.9213
562.1427
583.894
558.015
539.4379
582.1073
522.8472
529.5984
525.5437
523.3353
503.5999
549.588
547.6795
515.2528
552.3505
535.8702
570.1094
537.7788
550.204
538.7253
531.4627
575.114
614.7427
528.2918
575.9622
546.4007
495.1456
563.3684
544.3287
521.7396
595.3567
511.3696
506.3558
474.2165
547.0365
556.5378
563.4257
548.7365
575.7671
558.903
580.1075
574.1778
538.8507
563.3432
579.992
547.856
540.8587
524.4215
560.5525
524.6561
548.3474
590.0968
559.1489
529.9305
563.2298
516.1813
559.9015
544.1252
604.1555
543.2689
590.8854
552.0313
591.7938
547.9765
528.7496
573.7306
565.6714
516.8623
549.3609
549.6606
522.2145
524.6533
544.7184
547.3955
558.1167
556.2787
538.1301
548.9467
555.1739
533.4218
579.6181
549.2896
519.649
568.2877
588.6145
549.0195
582.9069
556.5648
558.5007
576.6383
564.1693
604.4311
526.7274
551.2329
545.5028
548.8113
531.6908
602.8249
513.5754
604.2143
525.8326
518.1468
497.1855
540.4063
584.7527
544.2631
532.9348
533.8844
563.7799
555.641
510.5535
526.5854
557.8054
522.1428
550.6053
599.5147
604.8096
508.7179
516.2664
563.3506
528.9575
555.7003
550.3138
599.3943
565.8578
529.8955
622.9909
555.2589
524.4342
567.3564
588.7837
559.2733
553.2433
545.4601
572.0433
542.8317
587.5925
564.2959
574.2207
591.2706
508.815
577.7643
517.8783
549.0351
550.598
529.0216
562.2994
519.7047
514.7838
560.7871
555.5052
516.5328
574.8215
528.3195
511.2164
546.8968
545.3701
552.0379
549.9674
576.2351
559.8216
524.9291
539.0171
537.7989
527.7411
508.7602
577.843
519.8928
554.8307
572.7095
498.0115
548.2436
523.885
605.8648
510.182
579.4894
544.4447
524.7732
568.9578
548.5196
576.124
610.4729
537.5963
557.3137
547.6811
531.2531
500.7034
521.5107
480.3265
573.4494
551.9795
555.8243
498.6752
548.7554
554.9102
607.2464
550.5233
567.3292
601.5232
558.7355
549.4301
575.4088
579.3087
565.9515
556.1405
542.701
531.9158
596.2089
538.3615
510.6348
499.6118
561.3276
569.2828
477.0773
550.9376
544.2255
519.2324
507.6185
531.7859
496.5614
527.9631
532.2105
532.1148
527.7032
509.744
565.6601
569.2026
508.3779
506.7772
555.1272
518.6545
