283.9911
303.2371
309.9951
254.1104
129.8261
60.1446
59.58808
57.80121
50.10924
52.41748
49.5253
55.44455
53.07251
46.05886
51.89186
58.93958
53.4253
56.24545
50.90809
54.30143
59.0552
56.08105
51.95141
54.81964
53.51328
52.86573
56.67417
60.0298
53.99279
55.22969
55.77201
55.64583
53.67973
52.50803
55.28346
55.01695
58.86158
55.90843
57.7568
59.44207
55.74156
51.88203
55.51766
53.97528
53.52988
52.43343
52.28096
49.98102
56.45036
57.98754
54.03706
62.81105
53.92026
52.4616
54.68698
52.66511
51.50517
60.11929
61.03264
54.22861
54.71846
55.80028
56.0641
52.27806
52.56455
48.1119
55.45198
54.59103
51.80838
58.32512
49.21167
51.60873
55.63449
53.8068
54.11867
53.80598
56.20763
53.35843
54.21899
56.5257
51.66502
54.51292
51.6651
58.62534
53.34312
59.24031
51.00685
56.81255
54.44759
52.48688
57.32295
49.48372
52.81221
54.73085
55.43006
62.27339
51.85772
51.5779
55.72078
53.88121
55.08096
56.49222
56.60597
53.71872
54.52452
58.17076
56.60996
57.67265
54.74332
55.74598
52.73636
54.85119
60.15715
55.26919
56.28314
55.73988
54.94455
52.46254
55.97818
50.16131
52.28917
46.10797
52.96922
51.58455
53.04922
51.10649
48.39175
53.69071
57.60136
50.58301
55.18361
52.86381
55.96874
55.69727
51.02191
53.09103
56.60111
52.41768
53.39538
52.75771
51.88542
52.78214
56.88873
44.95397
57.2472
49.58858
45.01297
55.58679
49.44293
47.964
55.37979
53.56147
47.7018
51.82026
50.23217
60.17765
53.02656
58.16965
58.44619
60.21297
54.17792
54.41108
52.49992
50.27088
59.82023
54.23163
51.84581
59.85871
52.50488
55.08593
59.79092
61.88857
49.24035
58.52639
50.23175
55.15657
51.60473
51.12151
54.04463
50.4373
56.93209
49.68341
54.55115
48.91207
47.93226
51.77419
53.86032
49.45347
48.19244
51.20998
55.07098
53.45602
54.30123
50.16868
47.81401
52.50175
50.50009
53.09032
57.30076
50.22108
51.24128
56.34443
49.69123
51.8142
57.74583
50.6316
52.86723
52.97011
52.75468
50.93494
55.91617
57.04218
54.80779
50.41069
53.82116
52.95959
57.25276
47.19477
52.75752
51.30531
45.34822
53.25336
50.92245
52.04393
51.29729
51.29486
52.4964
50.61858
53.0635
50.59666
54.98101
50.96359
54.50516
52.91763
47.6001
49.12117
53.58133
58.99075
51.8522
56.18591
49.51356
54.04921
52.49405
54.23347
56.22074
58.63386
50.27171
52.12301
51.61609
56.64188
49.55457
53.14663
48.52117
53.64436
58.68269
52.23088
56.72899
53.46229
50.56505
50.27357
54.29523
51.22468
52.44957
52.73717
54.99806
53.6519
52.52636
55.28806
56.2667
57.91965
55.06062
51.14171
54.73123
58.17614
55.32854
54.36782
56.9413
53.97497
47.00428
53.14518
57.31369
55.70893
57.1659
53.00503
59.03001
53.5448
58.64979
50.86511
52.73782
51.24147
57.1712
61.06113
54.01565
49.02679
53.3128
54.93374
51.81551
54.41303
49.80924
52.75724
58.38581
57.38079
53.48642
54.82243
58.70777
58.80132
48.58745
52.90621
50.57617
53.3708
55.48344
63.16768
50.00969
58.70375
51.37251
59.50088
53.98957
53.79108
51.20753
51.28924
50.57976
57.77769
51.79859
55.96313
53.89436
47.66832
57.75842
59.65308
55.70498
51.76131
56.21061
52.01551
50.42851
53.61597
53.36656
54.8811
48.43532
52.26934
59.17454
53.84282
55.97047
51.93885
54.05772
54.05771
52.42442
56.11751
52.42128
52.80566
51.16375
50.6945
54.22726
54.95197
57.16925
55.77045
51.91579
54.96508
55.05916
53.2475
51.58594
49.40898
48.44069
50.94307
49.37359
52.58949
48.64533
60.94455
53.30493
52.32837
56.47226
51.84704
52.12572
51.69908
48.06728
53.47892
49.24641
53.14516
58.82814
53.29269
55.31305
50.50019
53.63952
56.33283
50.53826
56.88579
56.50191
54.17217
50.16209
56.55747
49.4086
55.03169
54.06544
53.47926
56.92459
51.51089
52.92727
53.97468
55.23969
52.0061
51.71353
48.15309
59.16615
60.37677
53.85774
55.10135
52.41782
51.92361
52.68122
53.65863
54.63276
53.74687
50.38609
51.69588
47.77251
54.00569
50.83777
56.55742
51.64985
49.53877
49.59821
52.72178
58.68972
55.34138
54.27972
52.76172
55.01556
56.76664
54.56082
54.0915
53.43112
58.58914
49.22655
54.10224
49.37004
49.68825
54.33541
51.34329
52.24945
46.78941
52.71881
53.16464
55.54493
53.47438
51.78884
48.90676
46.47232
49.72836
52.12012
58.09821
52.2625
49.02993
45.8424
51.17676
52.93926
56.33956
52.72317
50.34941
48.57203
51.61091
55.59564
51.15021
54.44527
53.07766
45.66029
51.65142
52.24959
51.91604
58.88056
55.19898
59.79356
53.60704
55.42961
50.61228
58.7926
52.6558
54.01802
53.32477
56.01907
59.78244
52.8577
58.31497
56.00056
55.64276
57.33849
55.1768
51.22838
55.01241
53.30628
56.82199
45.47377
53.61899
58.29127
57.17823
61.91532
56.03669
55.60981
52.04025
55.12084
52.31806
53.72227
57.00231
