66.66339
44.87671
32.88398
33.78922
38.80579
37.30995
37.45335
40.60823
33.99804
34.08591
29.76989
30.92214
36.12398
28.04606
20.96099
22.89038
31.07953
39.3477
42.26555
44.70327
53.21508
41.91746
50.02703
54.5978
46.46891
37.36265
45.09813
36.48322
36.9392
35.70645
33.19074
38.51212
28.55675
25.59113
26.66219
19.63813
21.31794
27.50353
26.11155
32.10499
29.6769
27.8819
28.18769
28.45809
19.80079
21.54104
19.2136
24.52291
27.8729
27.54071
26.76258
23.5391
27.27803
30.05396
29.7661
34.63176
26.48551
33.27488
50.28503
36.0545
41.28202
39.63261
34.39878
40.2892
40.38322
37.95118
31.85001
36.81133
27.80239
32.14053
24.18272
28.77578
21.60932
32.67623
48.03341
44.18741
33.00157
28.19817
27.66135
23.41783
28.7805
30.45852
30.9488
35.14189
33.45637
28.72295
35.36475
46.29589
47.12197
61.72721
67.68607
96.81918
77.59119
56.32461
68.80817
59.25572
61.08829
63.44555
60.40401
60.82488
62.14449
56.76364
50.79743
38.33926
45.49649
50.39917
52.64578
55.27527
47.76326
53.57387
45.68829
56.50492
63.82944
64.63746
62.66026
55.38676
64.97808
51.37391
47.56401
41.53495
31.64239
25.09377
29.81326
34.25085
34.69502
26.95977
29.23448
55.98267
56.01063
46.43002
61.15295
42.47446
40.63362
34.61975
34.658
22.41933
22.83824
23.36071
31.87361
33.74761
38.75359
34.0867
37.59635
38.55123
28.32265
27.10108
28.32269
44.99978
46.72576
33.60231
25.88954
27.0637
41.50848
39.57951
25.67276
24.6199
31.29684
30.76418
46.27054
51.26776
39.43708
51.08193
56.68877
44.19499
45.51325
38.20843
38.75561
35.76087
33.5611
43.99523
36.85051
35.76844
33.23985
32.91773
41.63911
55.05719
44.07139
35.07609
31.67311
46.73631
51.90822
61.66101
46.85338
51.60214
46.00729
49.79338
48.99623
53.22966
59.15127
76.02739
65.59181
67.47587
52.90186
31.82885
26.53579
22.74466
30.43516
35.73352
45.81939
34.6438
51.90805
53.41475
43.37601
41.36762
44.83881
46.50164
31.24991
27.11496
25.62622
32.17991
38.17002
30.95976
24.29549
22.99423
22.63036
33.94703
38.71497
42.74506
50.78434
36.67961
45.39908
50.1254
53.99199
60.80972
59.10484
53.72575
62.17987
47.25516
49.07726
46.00387
37.46629
39.9322
33.81286
27.49514
44.4214
34.05589
42.11082
32.93229
40.18029
29.71956
22.45165
25.48981
18.7549
15.69064
16.42745
16.02925
20.38325
22.08036
25.85173
28.80294
33.42659
34.33704
41.00516
41.41308
28.88572
31.89261
33.1242
26.19306
24.34493
26.69028
26.10331
20.74425
25.02109
22.47116
12.80035
13.98831
21.26338
17.50148
18.19532
20.33471
23.061
19.27586
19.35
20.10894
17.73631
17.87428
23.81901
22.06034
30.76398
32.66409
25.93152
21.22441
18.15226
19.20491
22.40184
25.71901
31.20503
36.66629
38.91405
50.37884
38.15837
33.68185
30.35298
24.6211
24.28549
26.73103
23.98156
27.16173
26.95865
26.6457
21.53533
20.75334
22.70465
21.78157
23.05533
24.01798
19.24379
17.57077
17.70235
16.78609
29.89956
22.92127
23.66757
27.41465
32.33253
27.55896
27.12021
26.6958
20.97427
16.80179
16.88841
24.6042
29.17649
24.05052
22.73236
16.87766
23.95214
20.80551
18.042
19.93619
34.39255
40.73777
60.11816
63.05691
61.67185
52.23777
51.75003
35.13343
30.29252
45.90934
60.36967
45.96261
46.13134
33.74731
37.50467
39.55856
45.98059
32.38264
30.5788
29.65786
28.8999
29.30656
24.4259
23.75294
16.68373
16.50323
21.78803
20.66817
28.45454
21.53471
29.05052
37.57959
51.533
50.67718
36.14017
43.37255
52.65832
64.3142
72.40781
70.60302
62.44333
54.45779
68.65367
88.4493
100.1657
106.5813
88.13556
61.77013
77.18473
56.74394
48.35422
47.82842
39.93328
39.87283
44.03072
35.74912
34.86176
39.3606
33.80376
45.99914
40.93715
47.65897
45.54708
45.2057
41.58484
36.21466
35.97826
40.33005
36.76432
53.76195
64.29918
63.5817
56.92091
58.82166
50.90056
38.93015
43.18324
49.49975
59.65762
50.49258
38.60756
30.26591
29.02768
34.95852
34.53219
27.88385
18.2268
19.51765
26.93778
23.58744
19.78761
22.32818
20.65508
20.80192
21.9335
25.73204
23.85184
19.7012
23.10002
29.16794
19.68219
14.83109
16.19548
13.30477
16.28644
13.63215
19.74553
18.54288
18.18202
15.40209
16.3773
16.61846
16.71473
14.84789
13.344
18.09981
12.27426
14.62584
17.12975
20.18142
24.41181
25.25146
33.53452
30.06564
32.07671
35.92642
25.82192
25.53422
23.19329
24.86155
24.46656
42.3073
57.0172
64.99363
57.48691
53.55706
57.92465
56.14732
53.13142
44.90826
41.12044
40.29901
49.90957
38.66846
39.04267
44.18037
40.47461
29.11717
36.14668
44.91497
40.26598
49.23284
51.78159
37.04256
48.7904
32.32425
42.42083
37.02968
36.59508
32.01852
42.35217
44.8468
47.6377
40.18167
46.89999
36.76668
55.5736
55.21974
50.29018
59.86116
