12.29977
13.45996
12.67866
12.57724
12.2551
13.43691
12.26207
12.71037
12.93136
12.57944
13.38423
11.54083
13.22879
12.57903
12.22213
12.00098
11.69709
11.70939
11.96319
13.19478
11.36903
12.40182
13.88148
12.65042
12.31941
12.97686
10.8846
12.17427
12.06111
14.1915
12.4226
12.31323
12.22695
12.59207
11.91697
14.28308
11.0165
12.68637
11.41859
13.25357
12.59931
13.11201
12.73955
12.24571
12.08812
11.3517
12.84285
10.71079
11.89023
11.35317
13.09617
12.61861
12.51511
11.6931
12.91089
12.19771
11.59448
12.5065
12.24012
12.30099
12.49189
12.55967
12.38023
12.26884
11.44009
13.11627
11.17523
12.75694
12.43874
11.87279
13.51799
12.68947
13.37259
13.45186
12.43095
12.47167
12.46753
12.36908
12.76773
12.08948
13.69567
12.59888
12.10326
11.89824
13.50283
13.83841
12.24451
12.25795
12.91
12.67521
13.20162
12.80129
12.84404
12.73806
13.1131
13.76781
11.85434
13.52999
13.20782
12.9161
13.28976
11.93237
13.24721
10.94583
12.63738
13.80229
12.1265
12.74889
11.64109
13.68463
12.71239
11.87695
12.75614
12.69588
11.66353
12.78737
13.16143
12.94213
12.90036
13.16276
12.21544
12.21881
13.33802
13.70837
13.08902
12.4533
13.16366
12.99203
13.52109
14.11568
11.63619
12.28552
13.12989
12.52291
13.16672
11.99046
13.76386
13.55665
14.12099
12.91826
12.93627
12.55906
13.81394
11.56551
11.49469
11.73936
14.59294
12.15582
11.55024
10.88681
12.34086
12.31171
12.34582
12.11629
12.86078
12.08841
12.02628
12.30655
12.90796
11.67363
12.95916
12.01097
12.52747
13.33939
12.17885
13.04011
11.74299
12.27424
12.31408
10.38315
12.95621
12.61661
10.8936
12.80287
11.93104
12.2256
11.59439
11.70574
13.53655
12.37644
13.83786
12.16299
12.82243
11.62378
11.87435
11.85136
12.8667
13.47791
13.76005
11.2885
11.93476
12.92064
12.50059
12.8189
12.59943
11.31362
11.37311
10.76365
11.25743
11.69975
11.235
11.01158
11.51057
11.57818
10.92405
11.32569
11.5905
11.92355
10.36841
10.18876
11.73653
11.46541
11.54719
10.92933
11.40778
10.11001
11.5727
11.17759
10.75589
9.204304
10.81842
11.47078
10.68868
10.88503
9.571075
9.765077
10.3284
10.354
10.62754
10.06638
9.778879
10.01757
9.843619
10.83746
9.893084
10.10401
10.4128
11.57137
9.592611
11.64455
9.701165
9.706977
11.2676
8.741956
9.494715
9.862589
10.03031
10.19034
9.969048
10.17351
9.484365
10.19491
10.38826
9.435364
9.059905
11.376
11.11443
9.286426
9.185487
8.747496
10.26739
9.984578
9.290654
8.640593
9.99185
10.13085
10.18593
9.760318
10.88317
9.655305
8.935255
10.3671
9.50617
9.475045
9.563292
9.962888
10.69465
9.060857
9.607649
10.53199
9.800648
9.44354
10.26058
10.20429
10.28432
9.676508
9.443238
9.745081
9.629311
8.897588
9.066725
9.864851
8.583994
9.410017
10.76478
10.29331
9.103354
9.569892
10.3173
9.155349
9.530704
9.990394
10.41468
9.728923
10.01224
9.228633
10.23672
9.643145
7.849635
9.109691
10.04115
10.25442
10.61256
9.167868
10.86631
10.26445
9.794707
9.447364
10.14856
9.682483
9.600078
11.1718
10.84931
10.29218
10.24822
10.80979
11.02087
10.42028
10.35282
10.48216
9.953824
9.624209
11.09437
10.70037
9.900829
8.908101
9.577895
10.77928
9.899213
10.11881
9.76909
9.72619
10.12378
9.960581
10.1626
9.996266
9.167284
10.29209
9.811309
10.1873
9.178894
9.30473
9.183905
10.07401
10.47748
9.957681
9.494061
9.289559
9.961028
10.68773
10.33227
10.33919
8.85644
10.55622
10.2779
9.576506
10.91186
9.663461
9.74542
9.558169
9.026727
11.38344
9.786145
10.06994
10.33599
9.956795
10.29694
9.650377
10.11447
11.11694
9.089626
9.512726
8.895179
10.7496
10.4226
10.63774
10.00341
10.47102
11.69984
9.543329
10.33253
9.43599
10.2712
9.536487
10.67778
9.784732
9.729244
10.09251
11.57859
9.149921
10.18156
9.384392
10.62158
9.784379
9.722029
9.516063
10.45875
10.0226
9.046001
9.3417
9.824593
10.3754
9.550797
9.462105
9.882169
10.29302
10.07164
10.11907
10.41313
10.48814
9.524892
9.237853
9.157037
11.04103
9.833154
11.97145
11.14684
10.7148
9.789399
10.64528
9.846487
10.21597
9.346582
11.51085
10.48219
11.49255
10.58501
9.956866
10.60232
10.50446
10.78827
10.412
9.322422
8.360886
10.06548
10.44996
10.39497
9.989175
9.60286
11.04326
9.50967
9.566121
10.56828
9.444325
9.856236
9.792745
7.944822
10.39347
10.47828
10.55553
10.00561
8.763411
10.13594
8.513786
8.660613
8.32465
9.536386
9.994818
10.45091
8.650355
9.947274
8.912256
8.936393
9.434631
9.614285
9.572066
9.157805
9.711052
10.55441
9.014165
9.96397
10.14931
9.154541
10.65362
9.451988
9.602413
9.653224
9.991363
9.8711
9.713315
10.07817
9.980356
9.664275
11.19979
9.850055
9.257262
10.50798
9.922461
10.14334
10.41011
