161.946
153.6079
121.4294
121.9791
168.796
131.4266
186.6195
187.7623
163.7494
152.8944
177.0708
195.3242
230.7136
286.3514
236.731
187.5774
247.3449
232.9437
325.4934
291.307
300.1684
310.3216
232.9347
232.8066
245.0485
278.3899
289.3653
370.3691
441.5209
365.6377
321.5053
310.9933
201.3312
204.3424
224.9426
183.6005
141.3247
121.0357
195.009
181.4862
207.5124
277.9117
260.3196
184.6928
161.0947
164.6726
118.9297
165.6478
174.0488
167.0208
203.677
242.6146
270.0529
258.6556
273.1943
279.4268
206.2885
157.6454
142.056
114.2588
116.7482
174.661
161.5908
157.9715
137.6839
110.9353
127.5216
133.2418
141.741
141.805
136.3568
154.273
119.2867
118.4988
99.78079
92.15296
83.5126
65.25883
78.74741
62.62658
78.92722
129.2032
107.5563
98.73836
112.6644
101.8805
97.13065
108.0598
72.14191
63.35874
71.76833
94.42314
150.818
206.5776
198.1317
156.7564
135.6188
148.7311
124.7994
137.7248
160.2345
154.0907
161.3873
199.937
196.3219
199.1388
146.106
144.7587
146.3504
164.9231
180.2841
130.9178
120.4829
152.1051
160.4468
160.9724
196.6525
240.1587
181.9447
196.1869
223.3739
209.4572
180.2235
153.0403
128.9328
122.2227
90.08793
75.64533
82.40817
68.58505
52.47377
67.67899
69.77778
78.43977
79.13826
77.10794
87.04161
116.2342
114.835
152.4171
239.6539
182.8739
225.8656
202.1476
188.1446
165.5519
146.7388
140.3742
169.6657
166.6346
140.6023
147.593
144.1815
150.8939
173.2143
151.4002
184.4249
125.4844
92.95176
87.78932
72.73159
94.64893
88.31737
103.0359
101.0857
83.67892
104.3147
128.0118
170.4728
206.3384
198.191
207.0745
231.772
307.8802
286.8708
255.176
301.4995
290.8671
326.5801
339.6978
280.5524
227.5768
315.1729
196.7199
305.496
294.7727
184.6729
225.4306
213.4364
228.8509
329.7194
293.7238
313.2223
403.5422
455.6306
506.9968
454.8712
348.9461
376.2425
375.6066
284.0455
282.9661
251.5702
259.139
252.959
290.6217
293.1469
263.6477
241.6738
330.8169
235.7648
217.3134
211.7501
256.388
327.6506
255.1959
277.1095
256.5751
276.5876
236.2809
176.4524
180.5025
164.6728
219.9659
206.4556
173.8467
176.5736
166.6831
133.7333
102.4001
91.83662
149.3807
171.4127
134.9328
164.1088
146.8503
150.6555
163.2193
127.4423
138.8512
122.0043
125.7879
153.3192
137.5565
122.3484
111.1117
121.0505
143.4804
172.4674
218.4112
179.2668
188.6617
213.0664
211.1343
183.8833
216.2029
192.1639
300.5949
364.3518
482.9828
280.2838
254.6649
200.474
186.6753
177.2682
156.9151
206.8475
198.3548
187.066
256.2606
245.1403
275.6937
300.3849
335.934
357.5952
327.5854
376.0832
304.6454
313.1488
327.6325
269.8206
253.747
294.3554
355.0405
425.514
345.0248
376.7056
357.7727
272.8527
346.2999
268.8482
350.1023
356.9245
297.1848
376.7525
320.102
259.9345
238.9918
213.1789
179.0614
203.9235
199.2957
194.1067
169.3068
159.3766
129.0253
137.3338
173.6523
154.769
174.569
195.3024
166.6263
157.0049
131.2191
144.5747
192.0288
236.8343
237.5534
155.2679
93.12381
78.45807
86.25171
102.0718
109.4689
129.0138
137.6081
165.3089
147.9501
142.0883
147.5223
183.2023
127.6833
164.8726
154.7232
175.4307
107.0303
78.06076
98.83085
83.84481
112.5675
119.4651
92.07503
89.22368
106.4822
81.25794
62.0447
53.99223
58.92488
64.81542
63.57998
57.11832
51.45344
64.21098
81.43456
122.23
151.2421
171.5776
172.1193
184.6515
187.0683
176.8632
149.5562
170.8245
163.4649
180.2162
171.2009
136.3259
146.7203
162.1023
155.2868
187.6266
121.1986
145.3992
131.2743
119.6619
106.3869
137.2275
137.3572
98.93397
100.105
91.94138
126.8618
179.2497
221.1988
191.489
330.7255
311.67
329.5816
307.9386
343.5322
451.0821
454.6394
332.6817
387.6912
258.3296
387.4503
363.9493
296.5985
238.3925
181.5541
186.1061
188.4688
209.1177
202.8735
242.277
322.406
277.8277
244.1316
224.037
209.1745
330.4442
414.2763
403.524
446.1269
365.5303
370.0765
563.0933
469.8564
726.9647
768.2778
731.453
529.8726
628.81
533.7981
575.6279
412.9792
419.2606
403.432
279.4926
296.3688
320.5744
392.4698
485.8145
398.4167
395.0878
323.0195
436.5228
427.0095
569.282
503.8995
608.7411
825.4395
668.9879
492.5594
564.5575
606.9295
505.0633
532.1597
456.215
385.4664
292.2708
317.3406
350.0353
225.6816
161.2368
167.325
232.7396
373.1196
299.3234
297.8226
173.9691
115.9353
117.4215
112.7682
131.2752
140.8257
174.351
201.3316
141.1878
178.686
146.8788
168.0782
195.3916
182.506
155.0721
159.1289
129.4425
168.3815
157.4667
126.107
135.5725
110.2003
144.8029
189.6677
202.1286
294.1474
255.9238
281.5441
271.5998
235.3844
333.159
439.8251
439.5442
504.5147
504.1902
357.873
352.8115
300.7561
437.1256
379.542
