201.003
206.7676
179.2314
204.5306
203.2487
180.9069
197.8203
189.1633
204.2941
178.7722
187.5717
179.4516
179.7721
181.4909
186.0205
194.8332
189.4772
184.89
189.506
182.6813
189.2408
179.3815
190.716
179.876
190.2779
202.0032
193.7356
185.1405
192.8009
189.4787
206.4174
199.7408
184.9243
198.8155
175.4087
184.5329
202.1933
186.7318
190.9951
185.4606
190.1534
203.4958
195.4483
180.8866
195.3085
196.048
188.2523
191.4245
203.9064
197.698
182.3578
179.7384
166.9126
165.6906
164.8873
159.3474
158.9915
151.3609
167.2377
140.7055
151.3458
139.8144
153.9282
140.2962
140.1771
145.6086
139.7292
159.2145
159.9797
151.6571
153.751
150.752
151.2554
150.0007
160.302
145.3395
152.4008
160.4335
151.2171
151.6079
154.8011
157.893
142.1491
179.5834
158.3674
158.3565
152.8601
147.9444
167.2391
149.2472
143.6478
154.0863
146.1164
164.3947
130.1562
148.8344
152.2315
164.8647
156.2354
153.5633
154.8322
140.3696
144.3671
157.488
151.3678
166.0635
152.2066
150.6412
156.656
159.0089
159.084
148.042
153.9332
158.0929
159.409
150.6413
136.6857
147.7741
143.7744
157.2449
142.8303
156.5704
143.1157
154.2003
145.0216
152.3356
137.5749
151.8832
153.7235
173.8289
154.0149
148.4667
147.994
155.9742
149.2492
158.233
147.4448
144.9667
144.5236
157.1764
147.225
144.139
149.6912
147.7794
146.4583
142.079
160.623
154.3431
141.3133
131.8873
137.7817
159.1016
147.3909
150.6977
136.424
137.8518
143.7174
138.3961
132.7195
159.561
151.2602
148.4573
139.2926
162.1569
154.2051
153.0476
150.1631
144.6871
143.8667
152.8394
158.9001
156.7503
152.2069
146.8129
137.1868
156.2626
131.3987
138.347
149.8915
141.9431
156.3479
152.0862
146.2886
145.6944
146.7758
139.8231
151.8611
148.868
154.811
141.1225
161.4472
143.637
139.9975
133.5428
144.5215
141.4348
158.0142
146.8318
143.1411
156.8833
143.2502
157.1124
147.4715
160.385
142.3101
137.1024
151.3982
156.6405
158.711
149.9751
154.4516
155.2726
136.8729
147.9086
140.7864
151.3979
147.3723
151.0554
141.1364
145.5862
141.5837
144.0203
158.1132
137.6864
147.7502
159.8113
141.8211
143.3999
142.6286
147.4768
144.9928
151.1204
158.7109
153.3439
165.3121
141.8559
142.0113
156.7521
153.1976
144.6362
155.6204
155.0384
145.1758
160.6334
140.3984
152.2393
150.725
160.13
147.8743
149.349
150.7403
141.8012
146.6324
155.9811
150.6349
148.5699
154.4783
141.4689
146.0575
158.9623
139.4441
151.0854
142.0351
144.7996
158.1328
154.2617
170.3072
151.6702
149.6643
153.7166
153.006
157.022
164.9133
151.8475
129.03
151.3161
153.0751
151.0204
139.2943
155.414
148.9461
146.2039
158.2603
153.0633
149.3653
157.5948
137.0686
142.5897
155.2882
147.1801
159.1535
152.7054
150.1995
160.3525
158.3046
153.9786
143.6731
156.0949
169.6644
159.7782
144.9048
145.6555
148.4421
144.0158
165.3188
139.7438
153.4788
156.3065
141.9762
157.3232
141.3933
144.8489
146.4754
149.7034
136.6289
151.7215
139.6626
151.9232
165.8966
133.7154
140.1072
158.74
162.6692
147.7602
158.6388
178.8902
138.7868
141.1562
167.2099
146.7569
163.2667
135.6165
138.9141
143.1069
153.9298
154.1086
158.7444
153.1129
137.8356
150.253
157.9388
135.7793
158.0836
147.1369
162.3487
139.484
146.1036
157.6527
161.2212
158.9973
153.9408
154.9349
149.0339
146.7781
151.0514
163.257
138.5263
150.8177
161.191
151.6874
154.3692
153.7196
149.5392
160.7869
163.1643
144.8581
151.9934
157.9767
147.8197
144.178
153.6175
160.5972
159.0361
162.467
160.4106
151.1985
138.5764
145.6104
142.0608
152.7341
148.5942
147.6602
150.2486
139.1475
143.311
165.5083
154.0572
145.6589
150.3387
165.7097
146.5774
155.9121
144.5363
174.8746
139.7213
154.485
151.3289
144.9967
150.1918
151.1414
157.3929
155.3099
153.4386
153.7417
149.2973
147.3688
141.8872
149.7336
148.1539
149.9076
143.0268
140.5939
142.5298
152.9616
159.4025
145.7666
148.5841
150.0293
146.7625
139.7363
148.946
164.2837
156.7202
135.4668
141.3987
159.4642
152.9083
140.2141
160.2282
155.2175
144.6502
154.1526
164.0341
154.7329
140.712
156.7951
144.3157
146.6765
171.1983
141.0901
140.7173
137.4126
140.7497
140.5772
161.9915
151.7586
151.5823
151.78
153.9888
167.9889
142.4378
143.9686
148.1207
156.9073
141.8045
152.9382
149.5319
157.9143
152.9444
142.9035
159.3233
143.1852
148.8977
158.3435
141.6567
155.9191
145.5589
164.7141
154.3054
146.0633
159.2333
159.1516
152.1885
136.335
160.979
148.4845
148.1949
155.3354
152.0738
144.1041
144.6189
148.4239
163.0327
144.7345
153.8192
149.2618
142.6947
147.0477
141.2994
153.0102
150.1165
161.7818
161.2054
167.7175
153.0309
154.8288
141.5484
138.9015
158.5997
162.877
