276.8819
500.8438
2936.039
282.1212
568.8474
549.5245
789.9136
930.6689
775.0915
201.3818
345.4049
524.7125
577.4697
353.8337
209.2214
1187.674
326.429
366.2559
856.1534
532.4833
564.8858
352.8079
537.5872
865.9213
658.0631
478.2687
334.0522
619.606
1777.506
1088.109
576.9631
817.6921
307.8459
418.6379
1879.161
571.8347
746.5727
870.305
616.4322
209.1102
732.7777
319.7068
595.683
818.3128
657.832
253.9509
292.6926
387.4765
502.7926
329.8203
639.0562
322.7715
712.642
418.6076
689.3183
1004.042
1311.141
1161.726
474.0021
1274.639
369.7909
755.3594
628.8947
784.814
552.7505
1460.365
1078.951
502.9782
1129.443
434.5382
656.095
2755.684
1259.526
639.5018
1827.557
893.2866
349.9052
703.8264
588.1916
776.1338
602.5414
716.1881
786.3702
657.1181
988.5617
1533.387
1677.771
1143.755
649.1705
931.4225
703.7552
1532.414
603.6336
2529.021
2223.087
938.657
3073.895
912.8141
1784.746
916.029
1279.967
751.0004
2194.487
1008.774
2254.012
10884.29
1217.973
2153.041
3605.858
1551.491
1437.47
1260.834
1505.368
706.6237
900.6136
772.4256
1687.949
641.5074
2891.382
1329.922
1147.413
878.1305
1222.768
2077.67
824.2536
665.501
6643.161
1157.297
510.6493
1255.744
834.0043
352.019
632.6624
1293.289
689.3306
375.2329
920.0263
473.6114
572.9904
834.2157
705.1628
984.5305
992.777
1457.691
1105.353
1758.712
581.8389
2115.625
1453.833
975.4485
1298.825
1671.168
2603.053
1403.456
408.7426
1206.873
5514.359
5692.601
4096.804
3552.521
852.1249
599.8382
794.6557
2178.887
773.3636
664.0771
741.8599
234.4419
723.6095
366.6841
879.7776
508.0105
248.769
746.9861
720.7429
2119.736
1834.628
4190.889
1426.29
637.3544
1141.547
549.7803
3556.05
3962.215
1414.728
812.6872
3245.07
1106.499
1269.656
1742.223
622.974
544.8756
1915.209
631.8636
292.4413
468.1495
756.6104
1297.048
1065.683
668.7368
880.4132
732.2169
726.9473
533.0019
718.2735
1828.275
939.4965
734.4554
1231.766
694.7778
527.3669
1062.032
540.1555
2448.485
487.519
758.9758
993.5234
622.6944
524.704
454.752
846.2844
761.0744
1705.64
1126.93
344.6437
711.7661
841.289
481.7034
281.1613
525.0782
1199
1271.904
552.1794
1023.124
538.9152
600.1065
1142.355
526.0694
1481.765
922.2018
327.6872
772.1221
501.702
1679.393
925.7267
701.4147
333.9431
355.1663
1983.99
252.9632
1290.55
937.6151
1567.971
465.5015
648.5552
907.8328
825.0994
561.8581
809.5607
753.4738
402.2779
259.9949
1753.19
614.8975
519.2362
798.4628
233.9637
1731.15
411.1563
492.8304
335.0443
329.7944
452.9134
293.3328
768.4725
398.9428
380.5593
848.299
2468.073
619.767
277.7277
1044.673
497.617
337.5301
1425.312
513.681
708.8007
326.9595
746.8659
1090.169
703.0566
2317.101
475.6775
715.1857
414.1353
794.2104
1613.048
572.0609
526.9458
476.849
227.9867
2125.845
1391.969
532.8006
1638.546
450.3781
355.1758
475.0852
458.7227
501.1269
541.771
554.6254
249.955
238.8586
546.9864
414.821
298.1345
248.3668
825.8023
293.9935
318.3466
541.7857
565.1677
688.9422
546.6604
161.9685
1098.441
275.1207
831.0782
210.6977
514.0063
2472.071
206.6047
586.7833
396.7195
937.1979
3454.627
218.7067
663.5731
491.9105
1456.211
569.6022
717.0279
881.974
745.0805
423.5671
834.1843
1533.814
676.1689
198.2096
312.5268
471.5089
254.8111
554.4147
310.3806
398.5227
718.2333
636.8483
757.0996
424.6672
755.8183
750.8839
490.4275
442.3065
503.4905
7003.02
258.4414
1465.496
1630.145
351.3223
1225.543
730.9757
643.0145
531.3968
191.8704
1127.539
1529.201
1149.301
389.9109
452.0682
1304.352
135.7784
374.6007
327.6925
717.4327
541.5214
574.5598
488.8744
550.8079
331.0681
1349.388
460.5891
558.2164
877.514
503.3674
392.8564
459.1235
454.0047
371.6123
803.2193
399.6093
329.6474
529.4451
394.3564
719.6331
408.2279
450.9197
907.5669
619.5318
324.4996
1808.746
540.4015
501.2867
250.0417
272.2697
438.1281
492.4858
546.3506
1199.923
374.418
425.2711
902.8134
785.2052
406.3486
388.3671
577.1868
1952.577
490.8811
873.0013
683.7288
279.6966
407.0623
234.3108
418.325
652.9723
566.5042
365.5785
3535.648
924.3625
914.4732
639.166
305.8227
521.6112
223.1155
496.7575
561.3754
251.8135
2841.901
879.9987
756.7327
631.8195
412.7967
1750.237
467.4155
482.2148
952.5498
666.6085
727.6436
1339.386
942.5601
782.0215
288.4841
484.3917
500.3856
520.9456
590.7877
2075.347
374.7178
359.1632
870.1005
1089
379.6319
353.6614
878.6539
2100.259
911.5577
720.1426
544.3952
560.4574
986.9503
511.2127
790.3843
1489.538
490.5398
709.2498
785.9345
744.1353
651.3032
2668.72
1280.505
443.321
269.8712
255.0793
905.7324
2085.168
985.3915
537.4423
946.4601
249.7607
271.9943
