223.9416
206.5808
215.9202
212.9554
211.2591
223.4391
213.1462
213.6766
218.3045
205.9241
213.9937
217.4182
209.729
230.501
203.2464
222.5343
211.4751
214.4194
215.4945
228.6969
223.2263
230.4239
217.8873
230.3029
213.7681
202.6631
221.4632
212.7794
212.3341
220.165
227.8208
222.0765
235.6654
225.4784
211.5395
221.2749
233.0458
231.4571
219.8193
217.4634
253.1797
204.0938
231.5215
224.1353
217.5305
225.3039
230.1587
212.0442
226.0399
217.4774
237.1754
228.1355
211.2243
233.3537
213.1851
218.9304
231.0306
217.9474
216.3628
222.2789
236.386
209.3461
203.0988
215.4325
230.6555
226.8244
223.1672
226.1714
217.6247
233.5011
219.5941
217.9623
218.1252
212.9791
216.2193
231.2941
222.7703
231.3361
225.9883
222.3757
224.5746
216.8248
205.721
242.5205
234.0635
217.3479
229.3728
226.1375
204.9993
230.4759
240.5189
219.4034
232.339
235.7088
215.4642
213.7482
211.7621
208.4518
220.8778
212.5664
202.3102
229.4829
231.4071
221.5418
223.6292
225.7422
212.0046
218.3868
227.8932
214.132
221.0196
220.5702
235.6061
217.4472
211.7412
230.3516
225.3759
231.1333
221.5969
235.0699
220.8303
219.2125
226.7235
213.1969
217.9124
229.5676
222.2686
227.7915
216.6006
230.285
216.4386
221.6696
211.6128
236.6384
211.7014
222.1078
220.8151
219.9187
226.9285
216.9431
208.9231
197.6888
237.719
214.4284
242.3065
215.7063
218.8702
222.9957
219.0484
221.7483
214.6932
206.5824
234.8299
216.9887
214.0751
202.6286
210.7597
207.3507
200.5837
209.3945
232.618
197.3468
217.2801
191.1535
216.4203
226.7635
238.2385
220.7261
216.7952
206.6492
224.8457
237.4099
224.3761
196.126
215.624
244.4481
215.606
214.5976
221.2412
216.0152
222.8973
223.7703
227.1852
227.6304
218.0538
214.235
209.1622
221.668
228.5114
210.6894
224.6033
222.4921
216.5285
220.3196
237.5287
221.6544
210.1458
209.5432
209.5072
203.748
221.8501
216.2749
224.4046
219.2872
192.6656
219.4523
221.3753
211.2327
205.8795
203.1368
211.6607
217.3069
216.2593
222.5869
206.2864
233.2931
230.4389
238.231
231.1482
209.8856
212.1972
214.7176
221.9898
219.5902
224.3571
226.1184
218.0511
227.1901
201.4762
217.9789
218.7813
214.2434
207.827
213.5176
213.0943
226.8619
223.147
212.8385
223.8009
229.9024
211.0066
208.1037
212.5341
230.07
216.342
223.8324
208.7171
226.8914
213.2063
247.3814
205.8091
212.8761
202.762
236.3129
216.2527
217.5062
228.0993
215.0546
214.6138
225.0087
211.1956
239.6255
224.8974
212.9927
220.348
209.8065
208.7709
214.0863
203.7599
228.1427
208.4092
215.32
223.765
219.4742
215.302
227.063
222.575
225.63
213.1165
217.8112
206.6509
228.3224
228.1678
225.3834
225.1513
213.9079
208.9225
224.2272
197.2198
221.1275
211.5268
214.851
219.9841
221.0492
230.4773
221.6737
211.7359
216.4167
208.6901
219.2102
211.9793
219.5494
221.6848
225.3695
216.7911
229.2415
214.4806
230.2631
234.7975
237.0345
217.6113
212.1963
221.2167
206.3226
214.8163
216.9944
221.228
215.0021
215.2493
202.8498
230.9006
226.1327
235.8412
206.8457
210.8747
216.1695
219.0108
217.1419
218.8188
217.8475
213.8474
207.3227
223.8367
239.1605
221.6
231.5239
228.5238
230.4803
233.8689
217.4677
217.901
225.2292
218.2395
212.5518
222.0867
234.4591
219.8771
229.4992
226.0703
221.2799
222.3266
250.3525
221.9945
212.5662
215.6839
212.5116
219.4535
213.6012
214.556
232.7753
197.3989
225.4821
210.6732
224.0759
231.6729
210.6498
203.6721
210.915
216.2218
214.4579
212.1402
227.3834
224.5639
209.7322
238.1321
218.6565
209.9312
229.359
214.267
208.3117
231.0666
230.8138
202.5839
224.6635
222.0868
227.3287
232.089
218.3729
208.7562
221.7229
221.473
227.8186
234.5527
211.6372
215.3314
233.553
214.0179
217.2555
210.2884
218.2202
213.1095
236.2389
230.1682
214.0384
206.7022
209.6185
223.2423
215.2222
232.7538
208.0945
231.1241
221.8495
210.5975
215.8781
222.2316
202.4102
221.9983
219.1848
222.4446
208.5516
223.51
223.5351
215.1522
218.7817
226.3097
202.7287
226.2623
244.1398
221.3219
213.7416
215.8188
217.149
211.1684
224.9059
221.7732
210.006
228.5231
230.3492
210.1759
220.2789
218.7925
212.5412
219.0586
210.9732
241.5432
221.4811
231.8008
211.4446
233.094
232.4161
234.699
215.2
206.4597
215.6208
215.764
208.2856
221.7394
220.8258
217.6876
228.814
221.563
225.3605
217.056
223.5303
208.1143
216.9819
219.7371
218.1508
237.1711
234.2434
245.7204
205.376
212.7537
220.2723
205.1722
236.2694
211.4284
210.2586
232.8505
224.0023
219.162
208.3152
227.0672
209.5106
214.862
217.1731
198.3058
207.664
215.1776
218.2428
242.6885
221.7963
225.0267
230.4498
213.6122
215.7602
227.6701
222.8961
223.3092
207.7832
