100.0739
95.71507
100.4957
102.6679
90.52918
92.0095
97.25084
102.5328
92.69464
93.31059
105.4815
96.02258
95.02411
93.85414
96.95771
90.72009
93.98681
89.92653
98.80571
89.99775
94.41383
95.76493
89.87397
96.57294
90.77737
91.86086
95.20523
102.0434
94.57139
92.44888
90.10696
97.85947
92.12266
93.05498
91.8273
96.09929
85.86662
100.1028
93.01502
98.30794
94.8341
93.73996
96.65762
93.85598
94.61648
93.55173
91.99797
101.7568
98.09269
97.28179
90.14619
97.9414
102.6427
95.50387
97.71006
98.38555
92.93235
94.4468
95.52635
91.47602
102.0748
94.21986
98.40011
95.83335
93.67555
97.22282
93.21665
90.59211
98.38002
95.42337
93.65409
93.27677
98.64891
89.45432
87.7077
95.50407
92.42013
97.16998
84.97229
90.24556
89.27448
88.60677
91.34368
79.74229
83.48823
74.6777
76.43007
74.75208
85.72818
82.31424
81.02418
75.06612
78.40534
73.83474
69.67838
71.14537
61.98558
58.24975
61.44402
50.10415
29.32052
14.6617
12.4345
12.52682
13.8017
11.76893
12.21162
12.5279
11.94303
12.22176
13.52762
11.71151
12.13013
12.35792
12.59494
12.26803
11.62981
12.36608
13.68379
11.36111
11.80284
13.38711
13.90457
12.21267
10.49459
12.81855
13.03953
11.4434
11.66466
14.96241
12.06735
10.85954
12.46134
11.16219
12.05659
12.85617
11.36805
12.99694
13.39345
10.86761
12.75729
12.7289
13.39335
12.92351
12.76878
14.08183
12.80727
14.11487
13.08968
12.84228
12.22977
12.93295
11.82198
11.61062
11.22153
12.62266
12.92574
12.74693
11.85104
13.14943
13.37044
10.32894
11.39279
13.8045
13.86091
11.69624
11.6036
11.4086
12.64189
14.10792
12.82919
11.84569
12.96939
12.38525
12.03183
12.28156
12.29236
12.42904
14.4027
12.12419
13.06392
12.03938
12.513
12.07489
12.23638
12.57193
13.66624
13.49549
11.5327
13.59553
10.3108
11.62141
12.10573
13.26716
13.88075
11.95409
12.90033
14.43603
12.19771
11.12995
12.96196
11.50797
13.69917
12.92364
11.70254
11.65484
11.67706
10.63854
11.78704
13.12728
13.20628
14.01632
11.19596
11.82312
10.50586
13.64628
11.73138
12.10827
12.32984
11.9197
12.29768
14.43415
11.51899
11.90311
13.26887
11.27847
14.15969
11.28881
12.67868
12.60945
11.74096
12.66522
13.048
12.99699
11.45059
11.99199
13.17639
13.41253
12.55185
12.38147
12.99646
13.01931
13.17071
12.14941
11.95459
12.34944
11.86558
13.00243
13.01588
11.92599
11.54865
11.86484
12.05042
13.60935
12.36516
13.34969
11.64099
11.53846
12.94723
10.85847
12.42433
12.40684
10.41837
14.75092
12.39399
12.78182
11.72961
12.13418
13.04533
12.35607
11.65359
11.9453
11.99462
12.67179
11.26799
12.72606
12.49872
12.61373
13.87943
13.0729
12.68043
14.18824
12.01567
13.0658
12.66574
13.02458
13.02905
14.68462
12.98124
12.29096
12.59169
13.83011
12.59299
12.01191
12.44149
10.999
13.09217
14.48876
13.04746
13.39521
11.92391
12.5044
11.5548
12.97173
12.6638
12.34035
12.10661
12.54691
11.42731
11.41145
11.42805
12.22028
12.87664
11.34617
10.63146
13.78919
12.11885
12.65674
13.51467
12.72767
11.99204
11.62376
11.84979
13.42103
12.73542
12.15956
12.30047
12.01759
11.47212
12.4643
12.3338
13.49184
11.45531
11.81065
11.59487
10.89715
12.95092
12.30922
12.34327
11.57541
12.46518
12.46008
13.66856
12.38726
13.3083
13.91633
11.0938
12.59566
12.71829
11.30859
15.23726
10.9182
12.83951
12.43304
11.6923
14.04904
11.55993
13.14224
11.60334
11.58566
12.1711
11.05606
13.56532
13.75844
10.99302
12.1037
14.00787
11.18229
11.55308
13.83495
12.08779
12.32338
12.94803
11.18503
13.71078
10.222
13.26273
12.26135
12.24118
13.16473
13.27934
11.90666
11.99012
11.65354
11.96544
12.44119
12.58007
13.23074
11.27803
11.57961
12.89515
11.92045
11.53455
13.71202
12.04417
13.05084
11.82668
12.29421
12.38141
12.93619
13.44792
12.7118
11.85972
12.67042
12.15338
12.16372
11.8397
11.96119
13.06126
13.41786
12.83438
12.82527
11.59317
12.77919
11.28144
11.67384
10.98789
10.62881
11.72507
13.42664
12.97042
12.60333
12.11819
10.86557
12.58862
12.63254
11.76489
13.57822
12.86697
11.09592
12.44242
10.54465
11.66735
12.32953
13.18494
11.89083
10.08683
14.08264
11.98598
10.83837
12.68025
12.54348
10.49749
12.92526
12.53228
12.0278
12.20149
12.20834
12.57186
14.00525
13.58572
12.13488
11.39682
12.82016
12.53931
10.60753
12.11741
11.34448
12.47165
13.71734
12.29602
12.04768
10.91194
13.3443
12.91418
13.05171
12.75007
11.90083
13.61941
13.74445
11.3301
12.72318
12.22465
13.32847
11.25037
12.90827
14.06797
11.33301
14.25316
13.04049
11.81134
11.34945
13.71586
12.60187
13.01795
12.08711
11.62803
13.46979
12.92472
12.61624
10.97682
12.14295
11.34503
13.0066
12.76192
13.47776
12.81606
11.2678
12.1994
13.57871
