11.70729
8.777178
10.80575
12.95166
12.04502
7.839068
7.175081
5.55925
5.016746
4.715066
3.957578
3.918853
4.475981
5.664869
4.210246
2.696893
3.382452
3.799444
4.167204
4.332833
5.649769
4.692554
3.478291
3.953202
3.749339
3.717314
3.629716
3.748782
4.051069
4.753391
4.888567
4.125738
3.382373
3.273266
4.870768
5.350558
7.050684
4.313443
5.021777
4.492356
4.476844
4.496232
4.228513
4.281868
4.842276
4.337468
4.642136
3.688495
4.272253
4.107732
3.775803
3.309788
4.028618
4.008017
3.927898
4.955524
5.68388
8.097205
4.954749
4.444968
4.52901
4.179421
4.178223
2.95827
2.664684
2.580114
3.546515
3.912445
5.259206
4.267899
4.288061
3.644787
2.640639
2.363621
2.857631
4.425556
4.249724
4.996622
4.998174
4.21636
2.961202
2.895535
3.936435
4.120973
3.790828
3.865404
3.157007
2.867525
3.451821
3.853727
4.384819
4.391745
5.199215
7.797155
8.403018
7.82273
4.5976
4.873739
6.312702
6.70198
4.25829
3.468803
4.931167
5.592992
4.252318
3.957978
3.702617
3.838476
5.378165
5.480548
7.652826
5.875462
4.638933
4.051626
3.413841
3.889082
3.192495
4.394046
3.87117
2.816975
2.286593
2.249009
2.784337
3.967261
4.672859
5.709108
6.065944
4.981126
4.696811
3.50055
4.175222
3.514107
3.20806
4.044803
3.921681
5.985037
3.703373
5.045418
4.439047
3.733176
2.946197
4.707689
3.786315
4.449002
3.425766
3.078044
3.937748
4.021499
4.2461
5.1588
4.949674
4.780683
2.943646
3.587014
3.228042
3.551682
3.346208
3.310576
3.506017
3.598936
3.889867
3.896599
5.184574
4.273737
5.306361
5.439419
6.80506
5.001374
5.133626
4.831482
5.280735
3.84128
3.442353
3.676516
4.325087
4.500923
3.966908
3.944533
4.345417
4.197895
5.223277
4.81904
5.876826
3.90939
4.401637
4.171217
3.627295
3.318159
3.445011
4.580617
4.715765
4.947465
5.372132
5.721821
4.375065
5.269435
6.656066
5.539131
4.047489
5.699065
5.39616
4.472034
5.111903
3.531436
2.95679
2.938876
2.966947
4.01857
3.326876
3.73953
3.874083
3.708748
3.983747
4.091507
4.030548
4.764583
4.224244
4.680473
4.291739
3.978251
3.269663
3.49536
3.287733
3.745608
3.255417
4.048611
5.783537
5.609866
4.557663
3.583253
3.013108
3.256519
3.799402
4.343618
4.666678
4.702949
4.214902
4.569119
5.078064
5.065344
4.509636
4.276581
6.122488
5.842939
4.330304
2.502389
2.901923
2.63751
3.391667
3.0917
3.583
5.065709
4.841745
4.959875
3.546754
4.38225
4.529646
4.257541
3.774893
4.230001
3.96177
4.828158
5.064154
5.202428
5.155565
4.77689
3.752487
4.688575
3.929578
4.613148
5.450385
5.983688
6.854415
5.997462
6.109623
4.603872
4.330899
3.499526
3.647009
4.19787
4.026322
4.06633
4.08857
3.547705
3.558211
3.953241
4.73169
4.395448
4.853071
4.55094
4.469749
3.572656
4.5332
4.716104
3.694221
4.446001
5.001259
5.2498
5.109355
4.887112
4.534876
4.963459
4.895324
5.601301
4.026132
3.87762
4.986016
5.027603
5.078341
4.864575
4.889499
3.758922
5.761187
4.915291
5.951344
4.846412
6.566011
5.606562
6.577854
6.51712
4.724298
4.97217
4.579649
3.332017
3.053518
3.392164
3.674244
4.301826
4.855577
4.479748
5.004728
4.918921
3.763423
4.832163
4.688696
4.062415
6.667367
5.976098
4.416224
4.166495
3.64991
3.779798
2.985853
4.029776
3.532926
3.014878
2.462056
3.270052
3.478917
4.537796
3.588761
3.338154
3.012918
3.196569
4.014639
3.752508
2.922968
3.069442
3.730329
2.979908
3.455295
3.468549
4.6948
4.649975
5.001961
4.716835
2.902067
3.28564
2.704398
2.865723
2.921993
4.534988
4.598774
4.046763
3.995584
3.139122
3.126902
3.110739
3.356276
3.278624
3.389873
3.239389
3.272947
3.741405
3.219881
4.025648
4.749425
3.26599
2.636784
3.360997
4.099126
6.143374
4.067264
3.740824
4.192917
4.209993
4.632119
5.215515
4.474441
5.464558
4.279685
4.479017
3.580092
4.547043
3.603239
3.796066
3.758069
3.854093
3.68126
3.532317
3.069954
2.944486
3.774549
3.211592
3.132405
3.293278
3.033774
5.066386
5.629911
6.447818
5.105651
5.055899
5.085476
4.996048
4.235312
4.039743
4.611488
4.603451
4.178956
4.457948
3.918003
4.302188
4.236498
5.019236
4.359131
4.596296
6.30256
6.303036
5.600628
3.871156
4.114181
4.520904
4.614518
3.141308
3.642586
3.707989
3.91179
4.362629
5.061307
5.529753
4.294681
4.737954
3.051237
2.578988
3.000688
3.576001
4.250226
4.491332
4.798648
5.363215
6.849893
6.514797
5.671859
4.462245
4.176616
3.618482
2.77264
3.297271
3.40321
3.774822
3.743589
3.115892
3.348492
3.933756
3.245841
3.50924
4.587619
4.721438
4.293689
4.946233
4.777359
4.376834
3.186015
2.857582
3.835068
4.126495
3.985386
3.883238
4.178166
3.676766
4.205113
3.679916
4.735768
3.302973
3.743597
4.575584
6.103559
5.544819
6.969595
6.659112
