56.48945
45.25181
52.01671
48.52984
50.96513
50.24115
49.9914
43.30584
48.49437
45.54631
49.00329
49.68149
51.19163
55.47625
47.44428
49.67883
46.52245
52.76878
54.92568
51.25661
49.17443
49.16069
46.60861
46.53796
48.18477
50.70799
45.07205
49.71105
45.99791
50.97912
54.6993
48.14742
46.56531
52.16658
45.03303
49.26741
52.02615
49.22295
45.85269
52.89518
46.6374
53.30735
52.91504
49.54189
49.91
44.90901
46.42467
48.73329
54.21162
49.34399
51.36586
48.6298
46.8891
47.40946
45.48741
46.83085
45.83042
47.24162
47.09506
46.7737
46.37041
45.70654
44.38165
46.04191
47.32964
51.05869
48.63087
47.43013
52.15027
53.21004
48.826
44.11071
57.89391
52.60078
47.26529
44.14732
52.87557
43.32909
46.38346
48.3446
46.41373
46.76042
49.13563
43.13917
51.10574
51.51262
48.97965
53.18577
49.18934
54.89708
41.67524
46.7211
44.06885
42.35571
46.39368
47.71971
58.89236
45.99377
46.52275
48.35538
46.55528
45.64931
52.06018
46.50203
49.46512
50.42615
49.87932
42.44092
50.76175
51.49171
49.46698
48.76968
48.13996
47.39259
41.24862
48.67076
44.38085
45.98452
47.32796
49.66947
53.78943
48.28597
43.57002
45.3987
48.87847
48.53435
50.02368
50.74098
47.61629
49.96866
48.21211
44.36441
50.86005
49.64535
46.4061
50.11962
43.22024
46.97737
49.26518
51.67197
52.2148
50.74538
48.52081
47.78875
48.40503
50.20672
47.88668
49.75864
46.02371
44.71543
48.48042
45.26165
49.26346
45.0024
46.18732
56.02716
49.29461
44.77001
45.79597
44.73957
45.27684
51.01337
50.86006
46.63073
46.99376
53.79927
52.79158
46.43792
51.91952
45.9943
48.76498
52.10125
47.68204
46.86332
51.96444
48.43254
44.9284
46.08167
54.64626
54.31989
43.13719
48.84135
50.7618
46.40331
45.19745
48.29121
49.23267
46.6319
48.47637
45.60479
54.00433
44.74749
45.37143
53.30715
44.74019
45.50892
53.46628
44.40844
43.09671
47.09338
45.96161
45.74318
47.43314
46.09345
43.83197
52.65985
51.88652
45.75479
53.74587
51.08756
46.68017
48.84714
47.95687
46.63541
51.11205
47.48089
52.37936
47.80799
46.01944
48.31069
45.92896
50.20938
47.54659
49.33851
52.09738
47.83619
46.36571
49.67951
48.62848
44.56876
45.58146
44.8724
53.58572
50.37127
48.98933
51.26621
46.21932
45.73616
47.93408
51.5214
50.98649
51.44842
46.89343
43.38986
43.75175
43.36215
50.69051
47.57615
50.47945
46.44393
50.13772
56.12308
50.97482
53.40881
53.81616
48.67888
49.67981
45.84825
49.1513
48.33109
48.51204
51.01416
45.09716
47.9423
47.23417
49.18508
48.18655
45.50763
53.49573
51.24176
40.95012
49.7827
50.03377
50.56742
46.49397
50.67569
47.01013
46.44418
48.35129
48.03016
49.69731
46.50967
41.16515
48.44893
46.75844
46.12818
50.55744
44.82968
53.2922
45.94206
47.10568
46.20277
43.22175
51.48829
50.01557
46.25166
48.08475
47.01867
54.60402
48.88206
51.14074
42.83504
48.26037
46.5266
48.29648
48.76751
45.96721
48.11121
50.12124
46.4481
45.67416
43.03129
46.0634
43.3343
48.75584
46.98875
52.63914
45.68305
44.20935
49.64501
47.40718
44.28366
44.57907
49.34492
43.27814
49.37271
49.29443
47.65605
45.52699
44.64712
44.85898
48.27359
47.6552
47.60725
42.80313
47.53932
51.17882
48.58748
50.832
46.52881
48.939
50.82012
43.54739
46.96757
46.6838
52.10923
43.97378
45.30895
48.66739
49.59501
45.2571
48.46041
45.98364
54.32303
48.43787
44.64799
54.41319
46.64882
50.48581
48.4278
49.00594
48.0411
51.08496
50.78331
44.51873
47.28863
52.39842
49.89655
50.46168
49.69652
48.69882
50.24932
54.01723
44.03552
47.21337
43.64502
48.86302
46.0645
47.10155
52.67266
48.96932
48.49951
51.5387
47.15985
43.65253
48.86051
47.33192
48.26209
47.8208
45.54549
47.29908
49.5545
57.87065
47.05015
48.46249
50.33695
51.34697
47.77187
47.45706
49.37822
47.88181
50.75236
46.24232
53.41113
49.0601
51.22728
49.66195
47.17039
52.18257
47.5458
47.85937
49.51987
47.98263
49.39764
48.27109
47.90432
44.50434
56.0281
47.23463
47.04657
51.94768
48.36096
43.08702
46.79819
52.4087
49.08149
45.2584
49.72015
47.80347
50.39582
46.18763
47.39343
49.37881
48.66033
46.96357
44.38869
51.15929
55.31806
48.17779
49.63203
52.95055
42.7245
49.02092
46.39948
47.59709
42.94221
42.636
47.89613
46.90854
50.53546
48.06838
49.82222
47.60248
47.09321
46.11479
48.50945
46.60066
47.26274
45.26428
41.63392
44.93943
49.77597
49.26795
45.40532
48.83803
49.30205
46.04167
53.18151
47.94209
53.88275
53.04205
49.7326
46.69387
49.80598
45.34396
46.41457
49.60017
39.40315
58.12482
42.62696
50.73366
49.12679
54.14058
52.31949
54.08977
47.71561
49.98997
46.06209
51.53117
47.92996
51.59955
45.53378
47.55693
49.77658
46.95254
50.30294
49.80073
43.88656
46.64585
49.73824
