104.1968
104.7753
104.5931
104.2345
104.9882
105.0243
105.3591
105.9587
105.9261
105.6969
104.8604
105.1793
105.6461
105.6891
105.5987
105.8118
105.5526
105.4768
106.3216
107.2285
106.7118
106.8655
107.0297
107.5574
108.3709
108.1711
108.4992
108.4236
108.1803
107.8759
107.8981
108.0844
108.1345
107.9263
108.3017
108.8126
108.9419
107.9799
108.25
108.2773
108.7438
109.0094
109.7961
109.5831
109.799
110.6482
111.146
111.5071
111.4256
111.2461
112.4491
112.8483
112.6039
112.3632
112.7034
111.8558
111.9595
111.8398
111.8117
111.7671
110.8988
110.7138
109.8556
110.4169
111.0221
110.5249
111.1794
111.3212
110.9897
110.4754
110.0954
110.4216
110.0406
110.8528
110.2304
109.6403
109.9782
109.8367
109.3278
109.3933
110.2553
110.0745
109.6547
109.2634
108.7188
108.692
109.1027
109.3018
109.5739
109.39
109.4092
108.5821
107.9306
107.7053
107.6872
107.9747
107.341
107.423
107.4027
107.7603
108.9087
109.1555
109.37
108.5554
108.9217
109.2784
109.4553
109.5195
109.6384
110.4067
110.2761
109.8543
109.3379
109.0828
108.2127
108.6436
108.8331
109.2874
108.8817
108.7882
108.6779
109.0296
108.0148
108.3775
108.7999
109.3576
108.4545
108.573
108.4962
108.6249
108.0973
107.8959
108.1337
109.7985
109.4841
109.7776
110.7993
110.8579
110.9518
111.2673
111.5216
111.5618
110.9599
111.2955
111.0672
111.1918
110.4104
109.5635
109.2654
110.4939
109.9636
109.3901
109.3532
108.6869
109.0816
108.362
108.1177
107.7488
108.8842
109.3459
109.2395
109.171
109.5675
110.5061
110.2898
110.3306
111.3891
111.9285
112.2013
112.3203
112.5232
112.5582
111.8201
111.6139
111.2378
111.6254
112.5957
113.1573
113.2884
113.9871
114.3909
114.8607
115.5692
114.8353
114.967
114.7356
114.8167
115.4109
115.6343
115.2525
115.3952
115.8321
116.0294
116.5105
116.556
116.8474
117.6556
117.5421
118.0431
118.4165
118.1464
117.2953
117.028
116.7084
116.5781
116.9609
117.1312
116.9031
116.833
117.0399
117.0043
117.7333
116.9938
117.6083
117.9457
118.351
118.2478
118.6049
118.1794
118.3604
117.7056
117.8293
118.7833
118.6293
118.918
119.709
118.6927
118.7924
119.4331
118.9488
119.7532
119.6358
119.5427
119.8952
119.7258
120.6897
120.5236
121.2445
121.6454
121.4725
121.6212
121.4869
122.1109
121.7501
120.9157
121.1798
121.1281
120.6384
120.0716
119.7664
119.6081
119.733
119.3705
120.1692
120.477
120.5908
121.2601
120.3486
119.5915
119.8352
119.3854
118.8262
118.4716
118.8075
118.3649
118.3378
118.1528
117.4296
117.1066
116.7733
117.5924
117.9936
118.0698
117.1038
116.9183
117.8836
117.635
118.2052
118.0679
117.6118
118.1219
117.8229
117.768
118.2541
118.2008
118.9706
118.5785
118.4305
117.6046
117.5669
117.6981
118.3178
118.6725
118.0934
117.5285
116.7109
116.7462
116.9223
116.7695
116.3497
116.433
114.9953
114.3771
115.0762
115.4714
115.8947
116.1439
116.1549
117.1406
116.8596
116.7614
117.1506
117.2607
116.6927
116.9696
117.3123
117.4733
117.0844
116.2881
116.5167
116.8751
116.6336
116.8226
116.503
117.083
117.1437
117.4566
117.6572
117.9099
117.8798
118.438
118.1658
118.5311
118.8449
119.0062
119.0647
118.9379
119.778
118.3146
118.5802
118.5349
118.3662
118.49
119.0915
119.2723
119.3244
119.1905
119.4961
118.8299
119.8252
119.4237
119.9661
120.1003
119.3764
119.4423
119.729
118.9688
119.0499
118.9478
119.4787
119.4549
120.2316
120.5003
121.1717
121.0918
121.7531
121.6576
120.6119
121.0158
121.0763
121.6311
120.4484
120.9174
120.9132
120.88
120.981
121.2192
120.9819
120.3985
121.2556
120.4459
120.2063
121.2608
121.1259
122.1393
121.9183
121.4008
121.8646
122.1753
120.6533
120.4876
120.2294
121.2998
121.3485
121.913
121.8406
121.8018
121.5574
121.4277
120.6115
120.6903
119.9345
120.271
120.1764
120.2313
120.2562
119.6169
119.9628
120.5792
119.864
119.4508
119.3739
119.9162
119.9026
120.1752
119.6385
120.4484
120.7143
121.4079
121.3073
120.581
120.8735
121.242
121.4879
121.3621
122.0909
122.0091
121.4929
121.6046
122.1114
121.8849
121.8192
121.7618
121.8108
121.7251
121.7226
121.6066
121.2783
121.2696
121.2969
120.6683
120.4637
119.6169
119.0403
119.3427
118.8899
119.9057
120.0342
119.8358
119.2956
119.3528
119.3703
119.07
119.0597
119.0659
119.1418
119.502
120.2798
119.6244
119.4056
120.4559
119.4691
119.4724
119.1885
119.0808
118.3334
118.6804
116.8709
117.4682
117.2994
117.6304
117.5828
117.0687
116.9996
117.8739
117.9784
118.7457
120.1312
120.6158
120.4855
120.2982
120.2175
120.012
119.6587
119.7003
120.6502
121.1928
120.5253
121.248
120.5644
120.8673
121.8766
121.4795
121.2465
120.8052
121.0721
121.3466
120.9637
121.4773
122.4225
