718.5257
501.4739
847.5935
1728.787
1735.268
852.5828
782.1049
859.7177
1410.937
1540.738
907.4161
647.06
603.8089
891.1903
2874.458
988.5158
1585.269
1722.295
2002.963
880.7476
869.5559
2818.032
1194.327
1117.6
1149.296
909.5541
782.465
4197.726
1687.858
1044.771
1190.719
4588.147
2296.09
1271.024
4308.374
707.4411
1214.366
1433.099
774.6635
1133.135
5359.184
903.3279
1582.007
768.0479
1129.591
1146.766
1257.967
603.8594
1246.322
836.512
1457.301
811.7476
1014.218
467.3354
1362.115
559.0943
1134.937
2037.779
1605.153
870.3451
573.6571
941.3472
961.5833
742.257
1589.352
1563.749
652.5497
876.8107
1816.467
1436.057
1597.874
772.8684
2133.692
662.6618
1721.931
982.9549
1331.572
3360.608
1180.535
1654.614
809.2115
9274.94
1387.402
1560.618
1115.739
848.4056
2325.653
1670.057
3265.582
1759.878
1980.473
2216.8
1424.222
541.7413
1563.319
2131.898
863.6598
1333.364
1034.46
1152.758
1093.179
1262.432
1298.938
1025.999
780.5668
1628.599
2456.798
851.5929
1981.516
1273.539
4164.668
378.9431
481.4493
1884.616
890.9505
807.7267
857.8332
1258.792
2647.282
2029.795
857.6919
1638.592
1798.787
8946.221
645.8295
3216.492
1383.851
1048.3
863.3602
3891.465
1294.559
1041.26
549.115
1513.908
625.9216
1262.419
942.1088
2874.915
1574.875
1622.176
1241.094
2966.928
8188.754
620.1602
1406.214
2512.426
1367.008
714.5834
1200.571
1321.822
738.1011
2220.756
1143.606
2151.761
1447.549
1081.421
1594.343
1933.904
1751.508
5077.561
1279.9
2680.76
759.7245
1110.192
975.6883
1311.248
2496.859
1051.738
2318.775
1036.164
661.0218
1256.75
1670.301
1247.252
1885.684
739.3811
1584.92
1133.71
1699.615
712.2302
799.5331
923.9888
2174.546
788.5316
1268.062
569.1326
1308.01
2042.012
1999.734
1014.607
628.2015
1230.906
2305.985
2182.001
390.0979
5144.52
1997.504
1828.132
2669.417
1316.363
1902.23
3060.33
1022.195
1313.678
1344.997
2150.945
1410.287
1047.007
1080.864
1640.1
3907.61
1195.941
3673.007
1022.69
2326.56
1248.7
795.9199
1307.997
1684.694
1153.056
1569.028
696.3967
11188.34
635.6484
2354.944
2659.567
818.505
1026.557
2000.228
1675.96
1065.633
1701.037
2505.612
1533.039
1715.497
1301.877
3403.724
1612.753
3368.073
1169.391
1141.085
1534.474
936.408
1780.3
3336.972
510.6155
1998.808
1200.185
2122.487
1940.913
1958.563
775.9114
1631.781
2412.523
1267.858
2514.205
1480.371
1316.055
2872.04
1321.644
1524.115
1239.322
2723.018
2814.959
1126.486
2216.495
2884.252
2074.01
781.7638
2543.28
1105.595
2832.963
1567.064
872.6583
2124.924
1031.237
1099.72
1591.412
708.1574
2789.452
1488.186
2355.182
736.6533
1333.387
1023.297
2201.529
2482.093
2398.249
870.2376
1133.527
5653.131
4356.521
1313.148
522.0761
843.1023
994.9563
1800.173
3316.515
881.7741
515.6846
895.9479
2229.866
3163.088
1424.898
1983.006
1785.055
871.7645
1286.629
2706.283
2055.806
892.8235
1315.443
1987.93
5118.834
945.9783
1222.823
687.5667
461.2285
881.3313
1496.569
1200.523
1336.496
1210.952
676.7856
2123.911
2186.865
855.2527
894.3711
1099.506
1448.584
1140.37
792.8778
17436.48
2152.973
551.2535
1078.438
1459.193
1300.844
617.5097
1028.17
2834.419
1332.818
1164.382
1156.944
998.775
1668.905
1723.851
1138.221
529.3206
545.597
1703.93
5568.632
1532.234
672.8795
787.9655
773.1638
1634.685
1092.721
595.5201
953.0115
1389.719
1188.362
2760.869
697.5868
847.932
2178.489
671.6404
1544.727
2104.143
595.6222
935.8065
3072.315
1552.437
1745.449
2178.074
1419.633
1524.411
1164.918
1044.093
757.8246
1216.028
1533.664
2862.02
1312.029
877.8341
1496.61
2243.902
1151.883
2213.208
4165.649
3200.093
1269.348
3576.121
805.8147
913.8351
2158.776
1502.86
610.0358
2311.005
1628.113
1784.554
1626.73
945.0848
1019.406
1079.058
877.6806
1126.556
643.8214
759.8003
922.9514
759.5106
1122.43
963.3777
1101.408
1736.334
1687.563
1037.335
1171.076
1080.638
1171.484
3147.673
885.5946
1241.264
870.4128
928.2662
821.1327
2007.641
1938.673
3097.625
1912.106
1294.868
607.158
1028.581
1440.118
903.1665
563.9661
1351.653
524.5606
1421.617
1347.294
1192.323
2681.089
1255.347
1639.485
2003.438
2625.25
2864.043
2476.11
3306.011
1325.216
1597.372
10613.59
3053.106
928.2854
8714.268
913.014
1678.583
1633.179
3018.942
2924.093
1001.485
983.7723
2752.727
4275.73
2301.313
1120.653
1567.49
2894.647
1682.338
1799.567
3176.109
4779.847
1514.246
1087.69
1641.527
2030.537
2266.751
1073.743
1989.389
995.5381
1262.647
3315.01
950.4937
2924.256
1264.069
3087.194
1046.381
1200.08
896.2459
4364.246
3037.223
4261.933
2800.094
2170.268
1509.365
1340.003
1023.12
3413.1
1899.074
1557.239
