81.22597
80.74564
80.40934
81.10281
82.44939
82.318
79.7246
78.36718
78.66375
81.24943
84.23673
83.9005
86.38042
86.19071
90.92283
86.63907
87.37228
91.02471
95.28852
94.57332
94.2982
98.17573
100.457
98.00363
97.88272
97.24137
97.94824
96.95155
94.56119
92.74432
93.51039
91.55268
98.48782
97.38851
98.41177
98.85166
97.47514
99.12778
95.74624
94.63162
99.26598
99.67354
96.77688
97.74743
98.03115
96.69665
95.43256
92.48854
94.63349
91.15373
91.45657
93.62291
91.59182
91.44838
96.25959
97.64311
102.5369
102.5903
101.7655
103.8748
103.7668
105.7528
102.6716
98.65449
98.63665
99.49542
100.9293
99.1298
101.5892
100.0677
102.0345
101.7154
100.0714
98.53846
99.90555
96.53196
98.51425
97.45142
98.15629
99.83136
99.86469
99.76611
100.1745
99.55364
98.60569
98.53214
99.05979
100.3235
100.2401
100.9394
99.13667
98.7209
98.54354
99.05946
99.28341
99.41881
99.49657
99.95739
101.1059
99.71365
98.55508
99.12352
98.51206
98.77871
98.96502
99.26867
99.26482
99.73292
99.26973
100.5062
100.7208
99.7183
100.1153
99.35177
99.38308
103.0546
104.2612
105.828
106.5021
106.3619
107.0231
106.2737
106.2816
106.7578
105.3395
105.4598
106.0033
104.3133
102.4014
102.7609
102.8295
104.1677
104.948
106.2766
105.4948
105.0486
103.0515
103.5148
102.3901
103.1916
104.9382
105.1751
103.858
103.8796
103.3995
104.9131
104.5597
103.2053
103.4257
102.3365
101.998
102.5941
101.525
100.4342
100.1496
99.35831
99.91384
101.5295
99.54746
98.55151
99.11148
99.86067
100.5328
98.60338
96.53655
96.72942
94.58524
93.67411
95.19975
96.07429
96.22306
95.69832
94.84016
95.11314
97.42222
97.71626
97.83338
96.96708
98.0177
98.66908
97.14278
97.40961
97.28914
98.13007
100.0889
100.5309
100.3175
101.3997
100.8989
101.464
103.6171
104.18
105.6299
107.225
109.5253
107.9634
109.0671
108.7551
109.732
109.881
109.069
108.8562
106.9256
107.4709
108.7094
108.0551
106.9222
106.5653
106.41
106.1188
104.751
104.5429
104.018
104.6285
104.0067
102.9339
104.3755
104.9783
103.7918
102.7835
102.3303
101.9385
103.0366
102.6178
102.9668
101.3427
101.4346
100.4493
100.6645
101.6483
101.0705
100.9058
102.3444
102.4382
101.6301
99.79767
100.5151
101.2073
100.868
100.6757
101.0576
100.9136
100.3563
100.5134
99.42096
99.05324
100.0787
100.3164
100.3562
102.0625
100.2427
99.76226
98.7611
99.93069
99.98135
98.76866
98.74922
98.57753
98.73976
97.99825
97.77331
97.09858
95.05594
93.61232
94.3488
94.92422
95.32907
94.8051
95.33361
94.27308
94.51635
96.96748
96.9355
96.61297
96.33193
95.30812
94.67279
94.13561
93.46797
94.42671
94.72827
94.64894
94.42704
95.73785
95.77095
94.00073
95.92427
95.59023
94.55988
95.96554
97.46248
95.96827
93.40458
95.27167
95.16804
95.87828
95.66786
95.0174
95.04736
92.91145
92.54518
91.47189
91.40064
90.33289
91.27746
91.49206
92.09295
92.77827
92.84987
93.25847
93.32763
92.54327
91.74005
92.06283
91.23596
90.34713
89.84538
89.93041
89.24713
89.96678
90.69404
90.55006
91.5695
92.15496
94.12218
93.57611
91.91381
93.56522
92.83051
93.68664
94.43933
95.05846
96.04239
95.17871
95.18914
92.00342
92.24742
91.20811
89.38239
92.05433
90.42327
91.27885
91.61991
90.67024
89.7079
89.99684
91.15031
91.84726
91.04988
89.26409
88.68184
88.75709
86.30603
86.72204
86.50573
87.60427
85.20319
85.60286
85.25986
87.01434
88.55126
89.33704
91.14206
90.54234
90.91186
87.64891
87.25647
88.42255
88.34794
87.65249
88.46415
88.46024
88.58673
89.33744
92.30554
93.75066
94.71144
95.43471
95.36896
94.45438
92.84363
91.51879
90.69063
90.98778
91.70538
91.81791
90.70212
89.22174
90.24928
90.47227
89.87415
92.30553
90.73089
89.23315
88.82253
88.52178
87.56319
86.40954
84.77116
83.29875
84.30348
84.67762
83.8167
84.08192
83.77573
84.64749
84.36008
86.59956
86.79938
86.32095
85.67449
84.5823
83.19174
82.45514
82.24318
81.71165
83.05526
82.58378
82.55773
82.64426
82.56902
82.86959
83.12108
83.98202
83.1647
81.60688
82.35524
82.45592
81.85338
82.66786
83.05615
82.40959
81.18135
79.79739
78.9497
77.00026
76.78128
79.63553
80.19249
80.32896
80.53171
79.94116
81.13042
80.1673
80.44159
80.35596
79.78266
80.48436
80.48663
82.70114
82.2426
82.98589
82.18713
83.58975
83.73544
84.45694
84.30071
86.06662
84.28027
84.38798
84.94513
86.39106
85.50845
85.42605
86.84467
87.06379
86.71564
86.76792
87.93182
88.14777
88.9458
87.83225
87.58193
88.59385
87.31363
88.73488
91.26807
89.16028
89.83134
89.43178
88.86761
88.75994
88.20074
86.78287
87.11147
86.2702
84.98176
85.07657
87.6794
86.19008
86.21929
87.91571
87.50764
87.22008
88.62633
87.92691
86.93143
85.83262
83.77607
83.47856
