223.0823
177.4865
1067.799
311.3508
252.2995
162.1759
190.7905
413.5013
856.5774
166.2558
295.2567
169.3067
358.01
236.7365
576.8828
313.1566
151.9663
214.1206
202.3015
181.4612
200.7613
294.1915
251.4668
189.0519
214.1104
112.8396
166.4891
161.3134
348.0419
311.0644
162.5995
286.9297
213.3977
692.7327
1215.581
243.2252
275.5723
194.1284
201.9802
299.9357
216.2477
122.843
242.812
173.1701
243.3564
266.3156
286.5126
161.1033
263.35
171.1756
215.3178
403.61
398.2023
141.9607
318.0539
271.4413
260.6458
205.9592
346.4208
373.0178
183.1312
258.1821
244.8327
120.0844
276.8897
398.6132
278.1627
124.1395
228.0032
183.2812
126.2079
187.3402
827.1911
238.3846
217.5301
289.6711
234.3232
270.1137
149.9638
224.3878
441.1516
533.6581
308.0516
269.1379
207.1397
141.2249
636.9139
167.1733
189.6023
302.8604
239.7807
224.886
296.8741
318.7463
958.5343
987.639
276.263
319.8147
348.2568
450.4857
165.2642
554.7165
387.5795
239.5752
200.7392
152.4724
216.2277
151.6132
401.3148
249.3866
163.1356
120.6407
178.746
543.6546
686.1174
339.4407
291.7145
354.1119
246.3699
177.8816
158.2937
138.5712
303.5002
267.9844
138.8158
114.0887
780.9216
254.2382
546.2501
237.014
421.8316
283.4224
607.514
267.7005
183.3092
518.1015
83.64883
265.1754
116.4396
240.6985
277.1577
195.4375
111.1287
121.564
225.4831
304.1371
458.1622
260.1962
273.1828
719.6521
294.6774
190.5481
413.042
264.4368
368.2453
816.5158
237.9276
271.0757
265.8149
147.3573
297.1804
274.6268
208.5318
447.0346
180.945
377.9695
482.2532
150.2415
301.8708
294.2526
250.1203
106.0185
185.4187
108.0484
284.9513
396.5375
250.2838
235.1526
237.5817
243.9617
595.9683
235.3333
264.3667
382.2257
464.4449
317.0619
557.443
95.64313
224.6287
133.984
346.9261
182.3799
161.1697
497.6543
521.744
299.5447
126.7158
224.8227
192.5802
501.3311
493.6438
221.5383
346.4715
615.5422
97.48588
234.3648
187.4076
306.5637
87.37033
319.9814
174.4779
565.74
161.5648
206.0179
183.5326
180.5488
371.5346
1672.379
364.1274
437.286
81.51867
185.3198
266.5814
128.0912
255.1623
123.0384
543.3113
523.3044
376.6484
298.8637
310.7558
128.338
393.5573
598.0003
285.1886
199.7214
276.4693
153.1296
193.501
153.8597
237.8312
181.7502
338.4546
193.6473
354.5848
160.332
163.7953
135.0803
739.0513
444.0932
278.2788
493.6397
239.5529
171.8142
272.5924
187.4034
295.6016
228.3922
250.3396
227.9991
184.3667
358.751
385.2727
424.2245
387.8421
385.5943
685.4914
241.0292
153.6591
163.3659
198.2117
237.9495
129.2204
423.5044
187.5097
217.9134
186.1602
421.0596
167.9064
295.6384
464.7559
309.0481
129.1934
359.3661
183.4063
565.3271
586.2359
226.6867
352.8397
198.6912
320.1301
192.1956
142.6825
515.6211
259.7803
355.0426
226.4973
361.5875
288.3918
172.4265
166.0565
120.374
561.0364
293.1016
385.8755
234.05
291.0035
272.476
165.9202
292.5507
704.488
112.0496
768.1784
344.8923
196.0411
481.5405
408.8081
145.2813
385.7179
103.0097
206.2246
417.7083
445.0691
389.4918
119.5945
462.2131
106.4791
514.1151
531.5124
277.7016
675.6207
145.2032
164.6035
490.3681
206.8437
325.1221
214.5273
103.2955
509.3368
227.184
201.8371
159.8075
300.5602
243.4152
209.9321
188.8867
254.2262
169.377
232.3261
412.1827
248.2191
172.7334
405.1121
166.8594
372.9427
378.2222
191.8909
215.6145
101.4666
171.6901
122.9946
541.4391
343.132
195.9247
628.0702
540.2969
143.5037
218.6562
235.4505
254.9613
453.7234
263.3445
261.1324
130.5933
468.2923
248.3887
119.5842
267.4056
313.0065
231.7349
205.2313
186.4565
362.7174
120.0364
163.9348
268.1515
126.0994
461.443
349.6423
372.3341
154.5967
284.7133
394.8466
174.3156
133.6641
135.5111
195.7725
638.3692
278.2239
213.5353
263.1421
385.3764
299.882
160.9028
241.3839
228.3046
224.5065
342.5429
119.3012
113.9959
239.1507
288.268
218.0439
244.8643
243.7423
336.3808
601.9458
177.4774
204.2937
137.8735
167.0281
439.0952
324.9262
150.2848
147.6263
130.6712
186.2406
288.6401
199.7982
121.3812
204.8447
354.2061
228.7602
429.9712
288.8229
252.6973
464.0888
278.8068
335.2688
375.5797
489.816
223.5916
254.2792
381.8193
272.3204
324.257
256.7548
354.0447
283.7728
127.5978
203.8202
160.8055
671.0719
579.0427
330.8979
709.6596
225.3909
151.2245
310.2951
220.9497
148.821
294.2625
149.7717
601.9817
322.6807
137.2813
149.425
225.0001
174.2157
159.5344
221.4637
320.8088
233.1818
414.6626
208.9146
119.893
487.7538
404.3265
214.4719
223.6646
151.696
489.6828
247.9283
125.8011
223.6553
189.7066
179.0486
962.1331
310.7218
258.6512
126.6178
252.6303
664.9102
359.7584
189.388
318.7216
319.3552
336.5911
79.86456
567.8114
