227.6038
223.9864
219.1677
220.1771
220.6459
221.8421
213.1759
239.1326
206.9134
224.6227
219.3815
220.3102
219.6745
221.8405
222.0422
215.8238
209.8242
214.3628
226.1641
245.3019
221.8584
227.7022
230.8132
215.5371
216.3123
228.2083
216.4471
216.9898
230.8377
239.833
213.2342
224.895
231.6252
225.1606
216.9805
220.4114
219.8937
223.0565
205.8492
225.6089
220.0983
212.5933
237.6597
227.6008
216.6941
220.8434
219.0496
231.7996
211.5841
220.5386
216.5892
210.3946
224.757
216.0016
233.9403
221.9832
220.6675
205.4593
220.492
223.0722
207.4245
225.5209
210.3244
220.0274
222.2652
215.1869
220.2512
216.6511
207.2837
217.7771
219.5231
210.8142
205.3091
219.3997
229.3731
238.5869
229.6663
220.6999
236.4411
236.2139
214.9175
214.4878
231.1064
201.6879
231.1178
223.7317
233.4692
219.8304
231.8146
218.5031
216.6987
206.7554
226.3785
218.684
226.3773
208.757
213.6983
206.4582
216.0282
223.5531
223.8479
220.4034
216.916
216.6717
219.3404
219.632
218.7726
219.0722
224.1545
217.4911
214.2601
217.8342
226.9248
221.0008
210.6302
242.3433
231.3995
209.7157
218.0741
227.7213
220.7802
227.5267
223.335
209.6948
214.8891
220.2791
251.3508
221.4546
203.9989
211.6858
218.7458
222.4309
212.9091
226.5868
208.7219
209.214
225.4829
222.5254
226.1154
220.2011
225.9024
222.9645
220.3676
212.3488
214.1086
230.6978
228.869
203.198
216.1501
214.4998
226.3659
204.0448
221.6542
217.8996
226.6822
219.2978
229.3022
232.3957
212.3013
214.9441
207.711
237.8837
219.2802
220.1148
208.6375
220.5015
210.5506
209.7289
212.8234
212.6377
226.4606
219.5123
221.2466
212.9731
230.7784
230.5249
218.7472
214.7695
222.1263
220.8234
208.5409
219.3851
216.9024
220.4889
227.2919
244.0408
224.2629
224.4106
233.7718
232.769
217.0645
197.642
224.0567
221.4362
223.0627
219.46
214.9666
214.4914
209.9165
217.278
217.6322
214.7566
202.7562
223.5315
214.2764
215.8049
227.314
225.7255
231.6074
231.9972
210.7041
236.8336
211.831
219.5738
204.8708
219.3252
220.1007
193.3746
224.943
231.12
236.1428
204.3252
193.6343
223.1858
240.7391
218.4859
206.6234
221.8884
231.1519
223.2359
216.4134
211.4648
230.1516
210.0432
227.6682
210.6127
201.1753
226.2146
223.9155
201.7438
212.0954
235.0366
211.4061
205.9347
197.7715
222.9002
221.7586
213.9392
234.076
223.2947
223.0073
231.1862
215.695
222.601
235.09
204.4878
221.7018
227.3155
213.501
229.6962
213.2428
221.7023
217.1015
215.4582
231.7642
237.344
222.2132
209.9723
217.953
214.4493
218.4919
212.8138
212.0138
201.1832
214.3685
226.7842
236.1048
215.9112
245.2806
232.3489
216.4105
229.0603
222.2874
220.1174
210.4747
234.3348
224.4241
220.5761
226.5289
215.0911
237.1366
228.37
243.2905
224.3449
216.9585
211.1876
217.1215
197.0832
233.3567
223.9676
211.9589
210.7721
214.9737
212.3505
230.9821
224.7955
209.1464
233.3592
217.8902
220.9318
216.7578
230.3487
229.5149
225.3373
230.7463
207.5463
225.8808
203.0676
213.7202
202.6649
206.7187
231.0232
215.3031
216.3946
212.5135
217.3527
247.7734
218.6172
215.902
234.4817
233.1358
213.543
216.3534
216.8731
223.0166
218.7992
222.3219
215.2938
226.8128
225.5169
237.5602
211.5004
210.2253
203.4558
213.1427
227.4533
219.8917
221.4994
196.1369
206.6053
217.562
221.1922
204.2602
223.2759
201.619
211.5937
220.2132
203.3604
218.5028
226.6169
229.837
226.651
212.3804
217.6051
212.4982
235.3975
228.4292
227.1591
213.6013
230.0747
201.7716
210.6232
223.613
210.8105
209.4636
217.2569
212.6288
219.6817
198.5741
220.0951
228.2085
229.6729
215.2688
241.7822
221.6067
203.7087
216.6755
204.8886
218.5655
217.6311
226.6314
239.2972
212.1498
197.321
207.9987
204.569
218.3118
226.6566
215.9919
213.6053
214.8744
214.1925
221.7335
211.6745
227.7401
234.0539
224.924
229.5689
208.2654
209.7667
229.2733
223.7859
214.7201
218.591
224.2484
208.8565
227.7347
224.8076
241.0834
210.6348
212.9771
223.238
228.0508
208.3385
223.2017
217.1821
212.3717
216.9763
214.5761
215.6939
209.8599
218.5609
226.7524
216.3961
212.7658
230.6128
224.0617
230.4011
240.3891
232.9859
218.0263
211.8734
208.0624
233.0852
220.7939
215.4558
226.5781
205.0548
211.8699
219.5089
228.3826
214.6649
217.4216
216.4238
200.3766
232.7626
225.304
220.8327
218.6536
210.0876
223.5921
231.7984
238.1219
206.6178
228.1856
223.522
238.449
209.6116
241.3795
216.8688
218.2163
207.7381
215.2235
228.243
235.6604
229.7251
209.3494
229.7742
223.9031
235.7146
237.9102
224.0183
242.7175
205.4661
216.2787
211.2897
203.2445
236.8687
230.3693
214.2582
200.3022
219.1305
234.0206
224.3415
230.904
210.5807
218.793
222.521
210.8529
211.9714
