810.5696
699.7998
705.1356
846.8327
785.351
801.4026
762.0322
784.5144
741.8309
720.39
797.0785
822.1549
754.1053
782.369
707.4475
721.5501
767.2819
727.385
758.0804
753.659
735.2357
809.6528
771.2097
731.5624
742.7348
706.5874
769.4671
798.4701
762.8819
796.3663
753.3617
757.4405
777.3463
811.6023
810.7382
784.6344
774.896
675.9301
803.4727
732.3116
787.2885
749.1476
754.0304
780.8826
759.0482
757.9045
749.0364
720.257
749.5251
713.9571
672.2857
740.4394
676.6315
722.6959
714.2318
750.455
787.6253
720.8817
756.9047
771.2351
730.1743
758.2812
720.2573
714.0224
772.4886
726.0318
738.1715
811.4798
774.6334
710.4741
784.9003
767.7285
736.6131
760.2781
765.5985
729.3057
725.3032
725.9931
778.2958
708.8442
793.1862
693.8784
758.0893
763.5466
719.9248
779.485
686.4084
751.0178
793.5321
809.3039
783.4586
753.5261
774.3348
764.5516
677.2311
814.9703
756.4649
760.9426
757.3311
691.8247
785.4128
764.6764
742.4382
749.8957
759.3472
804.0418
730.9305
786.9795
802.5686
729.2747
760.458
735.899
736.1419
741.1197
703.3029
734.4027
726.8208
727.4607
715.1219
777.444
795.4175
676.7602
749.0612
783.9555
713.3774
769.3183
725.615
740.7519
698.7038
728.4748
699.8549
729.9286
791.4693
806.6854
850.6972
779.9435
750.6162
746.99
765.1006
729.1683
748.4283
767.9719
776.1449
729.1895
770.2699
756.9723
790.7431
782.6225
788.6345
722.3097
772.5706
764.7844
723.2623
733.2574
777.3925
774.4472
725.5992
735.7837
799.645
736.4176
709.874
762.7782
783.7233
741.9047
746.8759
752.4614
749.8312
800.9477
752.3144
771.871
751.8205
736.387
795.4547
712.689
693.433
775.384
726.9616
785.8586
738.5179
762.6453
738.5784
732.1294
739.2892
703.9945
733.1118
719.5444
715.4357
716.264
690.4303
789.1129
760.2847
718.3197
732.8026
733.0445
692.0919
698.6748
758.143
721.5751
767.7818
790.5601
746.7201
752.097
722.2091
722.5849
773.1178
793.9315
813.2971
775.3452
794.1195
712.3553
813.9409
776.7462
779.4051
665.8434
842.4844
747.5079
807.943
706.0438
717.0944
749.8744
832.7625
762.6342
781.1981
778.6931
800.2383
702.3793
766.3957
769.8701
743.9032
732.0254
780.3741
809.0224
763.4408
728.1985
750.1254
727.7835
740.7352
748.3472
816.364
740.6734
787.7559
761.7648
758.1413
747.7105
752.5168
786.0363
724.75
735.1017
695.8597
784.6792
731.5533
844.6499
764.7875
723.1139
713.8897
762.5934
757.2157
758.8101
727.3758
766.5417
661.7128
714.6871
764.4639
781.4295
763.3673
722.1993
709.3486
688.9162
736.8503
744.3183
730.2343
757.9639
734.5247
701.9418
750.7175
734.3995
722.9315
724.17
680.5502
713.4497
774.6399
784.4402
727.3766
748.993
761.665
798.3889
725.811
762.0721
725.8635
753.2086
698.4401
707.7913
783.2095
721.9872
797.1633
721.7013
725.6761
753.3914
763.1743
721.2912
774.1906
733.719
837.6457
764.9091
759.4073
756.1682
748.9706
695.1284
776.228
714.1791
693.9549
732.2246
750.6423
746.0732
792.5437
755.3154
756.3216
763.1982
723.0197
778.4218
771.9844
689.153
755.8225
811.6948
729.8935
655.0957
700.808
757.9365
774.6924
780.6856
751.6302
703.9243
729.553
705.8335
756.7999
766.5049
755.9757
758.698
728.2387
784.843
670.7126
785.8042
784.4229
720.6307
774.4506
732.3885
739.6558
670.7076
714.925
769.1886
816.7553
777.7157
728.2907
733.8199
722.5786
750.1201
787.0867
732.1215
720.9424
715.3264
757.6006
739.9724
764.5677
697.4578
794.9439
736.9278
800.343
724.4742
747.8668
760.2405
792.4529
745.0951
746.4462
784.5332
854.8118
784.2686
744.3169
751.8978
784.5747
711.0971
721.3725
843.7155
756.56
780.007
784.5338
767.4602
727.8353
713.4573
754.0033
765.9096
802.2533
788.5075
777.2419
724.0918
782.3857
684.9296
712.9996
769.4321
800.1765
764.6722
729.2427
737.9816
667.9763
775.9345
741.8042
747.3319
758.766
739.6406
827.1013
781.5128
838.5276
879.5727
754.1215
787.4759
739.8724
797.9256
708.0016
699.1441
688.2508
717.8557
727.4133
798.8847
810.1222
756.2804
783.506
734.1385
710.2644
725.7269
780.8287
760.7548
755.0887
741.8057
743.2418
833.985
710.4878
706.0685
778.0929
748.8702
743.9953
741.957
840.0125
712.718
756.7279
722.3483
803.254
778.9547
733.9203
737.0533
714.7388
778.6889
796.1693
758.1732
713.8702
709.8651
807.6634
737.0791
844.379
841.6785
746.7844
748.7009
751.0268
717.3588
784.1605
747.2285
803.046
740.3543
726.426
746.3929
745.187
759.3164
733.2015
792.6892
704.4133
774.0703
758.947
695.1564
768.4701
717.2491
729.7853
726.7028
769.4076
769.6592
735.8239
733.0431
748.6903
793.9733
776.0519
746.1949
777.2514
703.755
721.3306
738.1294
736.1788
756.2909
727.1339
770.9522
698.9586
709.8247
768.3239
714.2446
