71.03544
246.4027
195.2193
159.095
185.8429
133.7565
92.55785
443.184
138.2182
147.08
163.6027
263.9962
192.847
162.4928
420.4908
130.6212
114.6868
204.9741
241.596
108.0682
129.2775
127.5139
188.2911
90.02594
174.4292
236.6134
132.7246
93.66493
115.3791
100.1437
179.8466
91.49824
424.2153
57.44952
181.9342
104.539
235.8666
218.6311
57.56473
324.8309
190.4004
225.4604
173.3907
202.849
89.2968
123.2807
114.131
350.3907
242.558
154.887
167.387
80.69438
232.4559
271.6263
74.35837
177.1896
277.7544
175.2742
149.906
211.4063
70.96425
263.6666
81.5885
75.21711
139.0314
110.9433
142.1378
81.7914
116.1808
177.0088
118.7035
304.9501
128.0085
164.0432
225.023
394.9739
72.61091
164.3765
313.802
123.7487
60.48066
85.26923
140.087
292.3141
301.8401
33.84515
99.64455
70.40483
62.42225
206.0488
142.3078
109.4208
139.6745
144.4632
58.75472
113.1525
399.0599
145.3427
151.0963
415.7069
279.4335
129.8758
148.2861
143.6056
88.15966
272.7201
78.75726
298.5103
214.0486
132.8247
83.17413
105.4114
156.5233
206.9975
87.90889
263.5601
212.1013
288.5761
232.1966
73.36659
361.1481
89.62632
150.231
93.7917
65.62804
109.6086
91.38633
200.757
153.9095
82.0491
78.00272
96.53844
102.728
558.3431
270.6918
317.9625
128.4899
123.4227
280.0897
57.91038
143.978
102.2555
138.0261
149.5602
80.02226
132.8363
117.7154
380.2186
232.7524
227.5594
249.0664
107.057
196.4071
84.18233
333.4002
111.4534
69.87202
228.8332
103.4784
88.97165
243.8219
592.6038
112.4512
114.7782
363.5797
217.1985
179.1721
154.6218
190.9948
179.0799
188.6668
111.6835
169.2008
38.93512
138.553
70.83938
64.59651
196.9482
173.9537
225.125
275.1209
102.3304
161.2827
72.38885
165.5109
248.9267
115.2093
313.1088
152.0135
167.0007
183.0949
206.9648
203.4742
166.2384
60.10196
65.56025
220.4718
264.9908
182.8434
88.68652
138.6447
72.99115
208.2784
168.9943
401.8767
206.1
225.3114
157.8129
163.6363
218.8798
759.5737
184.7927
172.7959
157.9257
199.708
108.4135
47.28779
261.2981
87.4822
90.62866
79.59658
86.39728
749.5846
207.2272
352.1723
249.6878
387.6921
371.2168
88.18143
105.3472
70.94703
108.67
351.7209
474.4391
209.3344
262.1994
254.9867
559.1122
228.5025
86.14919
539.5265
173.547
309.5227
162.8854
127.2755
423.1662
235.3305
549.5926
228.1743
217.2695
333.419
79.70316
199.3433
210.6271
293.6595
521.7924
349.8788
659.2805
540.8251
480.3289
154.8101
596.0979
232.3403
102.2779
128.6099
135.4112
178.7742
205.7592
268.8427
265.8457
243.1093
75.69954
368.4005
86.41712
100.4844
171.8933
87.96975
187.4072
125.7931
219.7659
629.466
285.9033
107.9404
223.9291
308.6293
170.9521
116.1813
102.4098
98.75796
110.4437
109.9308
202.3761
218.1562
275.3144
61.93309
145.5873
241.9534
274.0554
110.4215
111.6256
68.22945
94.90005
268.1551
47.99777
164.3689
241.9228
296.4542
178.625
117.6871
217.6187
255.0011
109.6795
161.513
85.454
186.8292
72.73312
258.3057
331.1539
125.6608
99.46918
137.8911
162.1419
83.14
120.8329
90.98473
118.9869
161.6792
97.81936
431.3902
122.3715
75.20729
83.25064
55.4733
107.7275
441.3709
118.7337
140.7884
202.6966
236.1618
139.3152
236.3722
58.93367
216.3675
220.3082
98.0912
165.4042
110.2065
107.4836
145.3541
84.21377
132.2851
117.401
68.26265
427.8715
54.52608
104.2586
75.56764
102.0889
295.3747
171.7146
139.7141
259.7256
195.2123
158.6038
69.02277
107.3986
237.8167
111.5821
92.37824
44.76577
54.0469
51.21789
122.3964
103.0512
144.1851
315.7251
178.5545
88.28357
346.0546
167.9737
463.1256
116.6689
314.7612
97.08662
98.2343
316.05
188.4967
101.5445
310.2687
201.7804
537.6263
263.9165
134.4184
407.8801
328.8806
298.237
115.5052
104.0281
162.0343
696.8414
270.2586
166.24
169.369
106.9122
94.01917
173.9602
83.13049
135.0277
124.0678
322.7978
245.98
308.5317
422.0046
314.9538
162.8377
58.25157
90.18797
222.5289
354.2389
195.4309
147.9466
83.86395
289.9866
148.5668
368.3593
418.532
204.0312
346.5291
171.9794
130.1356
44.71584
75.87242
254.0071
120.0297
115.6354
231.9466
565.054
162.9419
263.2786
144.0355
243.323
99.65947
134.8622
121.492
444.4898
250.7098
165.0188
49.92492
72.78702
239.8422
241.253
237.7932
86.65671
160.9714
93.17541
206.7017
322.6307
164.8691
112.9993
146.2143
148.0301
138.8584
121.3973
310.1928
55.79424
178.0526
95.34429
178.6503
233.822
222.3553
151.0196
73.31032
536.8098
1237.083
283.5753
289.5012
148.9555
173.5102
765.9371
417.8078
525.1988
1357.164
373.1324
727.6634
1055.623
588.2136
677.3064
1385.671
476.736
1092.747
523.7489
333.7485
413.6703
308.9878
792.2796
197.8406
246.5666
636.8094
235.1114
453.455
