424.4478
629.1867
681.9461
581.4475
674.977
710.0725
696.0001
710.0426
607.2752
631.1635
728.2903
636.4586
710.045
600.8552
618.0969
600.4158
625.9066
671.296
628.4773
520.3164
680.3473
642.6551
635.5629
651.8491
592.2939
556.6363
567.8707
580.0686
667.068
686.8145
673.4986
611.384
632.6873
623.5859
607.7519
598.5004
740.7001
647.3648
628.3282
590.298
624.5251
638.4037
554.0344
631.6921
611.9842
539.9365
671.2113
616.5601
588.352
594.1832
649.8821
739.7455
544.0972
722.5097
618.7336
585.5925
608.4066
642.6127
581.5996
688.2465
658.3076
554.8574
652.944
587.4788
620.2362
653.4824
671.6268
685.9349
662.769
715.8981
557.1267
663.8808
676.5414
555.6618
718.3667
588.2765
635.2443
678.8186
537.9292
549.3424
630.5156
672.3448
638.3874
641.8222
674.0602
658.3917
677.9957
562.2207
746.5024
576.7675
616.8942
606.6245
503.1133
578.9709
699.0713
643.3319
596.7882
585.8833
786.5924
599.6413
564.2072
737.4761
680.0882
636.139
697.8148
670.3225
551.1885
651.4778
678.4928
563.4915
589.4829
674.5763
534.4946
601.9789
583.7038
657.9601
597.9572
578.7491
601.052
776.679
592.6486
648.1134
634.3837
687.4687
629.273
608.4744
680.5305
750.4958
851.8165
603.163
623.2411
620.8296
554.2693
587.4202
660.1865
657.6185
592.7644
728.2787
728.2915
662.3045
661.9839
734.5835
624.7353
588.5745
674.9295
670.3102
639.3996
646.3933
660.1686
635.3984
701.38
657.1872
790.4941
599.4602
681.5227
619.9883
710.0399
562.2647
546.9698
663.1402
776.9452
665.5984
618.9647
650.631
598.3792
608.5457
625.4367
586.4394
679.7284
781.8561
597.9039
562.4877
628.1588
577.9515
634.2286
585.701
593.9374
722.3226
650.9304
637.2887
615.3246
662.2738
655.2604
703.0935
629.9303
715.559
742.9716
654.0541
612.5683
491.7277
556.0567
635.3929
584.1257
603.0712
613.2346
626.1814
610.6469
634.5466
643.4806
675.3309
672.9621
628.1173
614.5691
672.691
653.151
765.123
676.491
655.6208
614.4834
688.7789
591.5626
623.4241
642.6153
712.869
608.2105
697.9585
670.9297
654.0952
659.4569
616.6946
685.9324
641.3428
668.908
678.1252
620.4296
638.291
483.0844
654.6886
705.194
592.6713
676.3815
615.956
552.0444
562.0513
750.1582
619.3562
560.0678
590.8407
659.5956
603.0844
646.4445
596.596
644.0932
564.7582
641.1354
589.1889
673.5616
609.0757
633.1826
627.1027
559.6965
654.9699
655.3241
622.5448
674.6477
638.5593
608.3979
637.7077
644.9674
638.7881
598.3665
659.9197
583.6804
672.225
709.1413
593.2321
585.2902
546.0992
672.6107
698.2057
650.2642
691.5042
649.8877
568.7689
625.7884
625.3907
580.563
672.0136
613.0082
744.2222
678.967
659.2747
585.7681
658.5814
691.2441
662.8025
639.5193
608.5911
656.9851
613.2541
564.5096
598.7267
558.4814
573.07
642.0788
743.048
566.9997
560.2141
608.4768
570.9076
665.3185
627.914
610.2831
613.2607
653.1446
630.3771
604.2626
590.407
564.4264
592.8179
641.6832
652.2233
568.4516
616.2983
709.4941
575.4774
612.888
665.8351
680.7263
620.8525
610.3701
659.0695
601.026
622.1497
632.967
647.1032
634.0212
635.4155
647.9871
563.908
600.6325
687.2043
553.4518
653.3224
646.4249
642.0705
684.7532
570.0705
685.9004
570.7073
602.3596
663.2101
616.749
538.4032
630.3481
559.2697
707.1173
661.9694
659.9967
677.6991
612.5009
639.4496
725.3668
627.9698
592.5211
682.2255
670.4059
637.6701
663.2167
653.2238
609.0584
716.5933
657.4272
656.4468
663.3563
657.8964
641.8484
618.3341
619.8042
575.9199
772.7349
660.7463
653.45
533.1895
629.7441
654.5371
605.5267
549.0556
589.188
667.6469
590.7756
590.5459
485.7499
557.4246
569.217
584.7362
700.2375
667.6349
579.0675
720.1284
743.1551
598.982
669.0162
570.7815
577.0514
582.4164
759.0402
607.1309
583.2559
587.5044
622.512
619.5309
699.2392
650.6536
536.609
611.0419
653.741
640.7648
654.9251
590.2193
610.6956
657.6766
691.072
571.4544
573.7909
627.5938
707.5393
546.3668
620.4973
561.4536
605.4332
712.8467
643.4478
626.5406
624.4386
576.5271
641.084
567.3056
567.8476
521.508
680.8202
680.2677
588.6591
645.9261
601.1311
671.1476
679.5779
600.4773
665.2017
714.423
645.9891
673.2833
627.4
588.8373
606.7893
596.1094
740.8543
640.3697
611.6627
648.5214
618.5594
568.3474
583.4354
684.4509
666.8371
612.8001
530.0163
642.1463
644.6941
750.7025
582.6822
626.9261
671.4047
537.6556
628.5489
654.6337
625.7439
588.5822
641.0827
622.2599
597.7238
618.2615
711.5754
574.4329
564.9079
633.5632
604.1102
727.9893
651.9821
650.2294
527.3525
691.063
594.9864
644.1254
533.0413
563.7843
518.8351
639.8851
694.3001
690.6582
635.5958
688.3714
614.8954
794.6853
555.313
585.5204
626.9634
612.2612
630.9138
705.2786
