84.38078
83.51238
84.94334
85.32899
84.56325
86.85262
86.57624
85.92617
86.56492
85.92211
84.35918
83.80643
84.28618
85.15023
86.23515
87.40276
87.10625
86.56821
86.51537
86.56819
85.30498
83.99413
83.80231
83.99051
82.36292
83.14071
83.72447
84.05611
83.26922
82.90011
82.49921
83.46623
85.36761
84.09264
84.15498
85.90359
85.36568
88.25886
87.96556
87.60529
88.03212
90.79144
90.81063
91.49028
91.00033
91.36278
90.12176
90.65416
90.42837
91.39724
89.81585
88.65693
90.60853
88.57989
87.70179
86.21722
87.38237
87.85176
87.15658
86.67157
87.52881
86.60213
85.87688
85.33018
86.08411
85.96819
86.20201
86.19747
86.19035
87.3077
85.71771
83.89191
84.46251
83.81708
82.81128
82.1932
81.75274
81.08741
81.29447
83.14543
83.58788
84.90807
85.42263
85.95994
84.75119
83.75362
85.31418
87.55164
88.53165
88.92974
89.93014
91.01047
90.5969
90.76293
91.42804
91.28119
92.23365
91.9602
90.90006
91.50056
91.04533
91.5482
91.36055
90.39496
90.5306
90.54053
91.37105
90.2423
90.00661
89.12456
88.33148
88.65432
86.77427
87.59688
88.55612
89.16697
90.50796
91.30095
90.60345
90.3697
88.94683
87.64916
88.08869
88.47142
87.16152
87.28367
86.7541
84.95456
83.38034
82.61082
81.55916
81.01919
81.93622
82.59014
81.933
81.47476
80.81932
81.8457
81.58048
81.47967
80.58878
82.44467
80.83194
79.47489
78.90419
77.69148
77.27881
77.40767
76.94524
76.23539
75.80866
75.2306
77.11336
77.11601
76.21363
75.01366
74.73651
74.67645
74.12505
74.83235
74.56265
75.21995
75.95087
76.65357
76.83846
77.55176
77.44606
78.12147
79.00112
78.77224
76.3171
77.15764
76.69449
77.64902
78.52244
79.14042
80.75585
82.08791
82.02971
81.47854
83.13768
84.01811
83.63397
83.53695
83.30446
82.65327
83.67725
84.34268
84.40442
85.26298
87.54254
88.49034
88.07132
85.76795
87.71247
87.47396
86.89358
86.21141
86.92926
86.61995
86.63716
86.28678
87.79596
87.68017
86.2266
86.16712
86.74223
86.28013
85.74778
87.14137
86.28068
85.14518
86.13486
85.34539
85.86983
84.10315
85.33425
85.00525
83.95412
83.86092
83.08467
82.97146
83.23991
83.46248
82.10698
83.71431
82.79044
82.42092
82.22117
82.36946
84.68844
84.99815
85.34596
85.36062
83.72089
84.06209
84.02351
82.42521
82.38786
80.30014
79.47404
81.32191
80.34596
80.59111
81.14249
81.06522
80.13355
78.62347
78.93008
77.46888
77.53328
77.28227
77.92659
76.94952
76.93441
78.51854
78.2384
78.3455
77.97692
77.69783
78.96261
78.41188
79.59965
79.14434
78.69977
78.81356
80.27658
80.88543
81.37185
83.12415
83.21818
84.69455
83.09186
85.22058
83.7775
83.55626
84.11626
84.9178
84.04808
82.40891
84.42207
85.00605
84.89211
85.06523
84.92539
84.16255
84.12924
84.3848
84.45879
84.97831
86.21908
87.11233
86.27211
86.01168
85.55639
85.44208
86.54378
87.57703
86.6481
86.90099
86.28614
87.57968
87.07808
87.20301
86.99444
87.17908
88.09689
88.00119
86.33057
85.70183
83.37724
83.22192
81.90716
81.74538
81.89523
81.91475
80.83509
79.05798
80.26248
79.87881
79.79147
78.70652
79.84109
79.31615
78.94163
79.75555
78.44276
77.47894
78.73024
77.50137
78.3552
78.56068
79.43736
78.00479
77.50005
77.45812
77.43888
77.63834
77.25397
78.2502
78.0023
78.47577
79.7954
79.04863
77.03864
76.88298
75.53779
75.81012
76.33712
75.68221
74.58388
75.07842
74.34331
77.72235
78.39403
76.89476
77.81137
78.02482
78.0313
77.00097
77.84133
77.43623
76.53031
78.55014
77.45255
76.7991
78.01407
78.55891
77.71691
79.18372
78.0505
76.64127
78.11264
78.8368
79.26235
78.95345
78.52236
79.46239
79.43984
80.00645
78.26854
77.68285
76.86886
77.04377
76.68392
77.98425
78.66731
80.00539
79.96437
78.90796
77.27396
79.86348
80.61528
82.3357
83.95372
83.4766
83.60851
82.59833
83.62388
83.04143
83.33315
84.57031
83.3701
83.22841
84.01613
83.94271
83.60586
84.73119
84.06244
83.84994
84.81098
84.25193
85.80931
87.28697
87.24482
89.45477
89.01506
89.53836
89.85522
89.30274
88.07053
88.54384
88.75507
88.82964
90.01666
89.21628
88.39261
89.4383
87.81418
88.83257
88.31931
87.83611
88.13123
88.33535
87.86252
88.94964
88.91408
87.05914
86.83168
87.83878
89.07775
91.25127
92.19982
91.78329
92.91668
92.38739
92.46747
93.29655
94.49886
93.76532
93.88553
92.27995
91.35622
92.06002
91.24193
90.62691
91.34862
91.58424
90.8272
90.40546
90.70504
89.81214
89.3705
90.10375
91.66949
91.76943
92.39321
91.30027
90.56806
89.58575
89.43077
89.91901
89.63234
88.81607
88.69246
88.21402
88.34791
90.13716
91.25451
92.57116
91.87503
91.33154
90.53012
90.25983
89.44518
88.95188
89.03697
89.65068
89.80778
88.44377
87.44472
88.4107
88.1047
89.78449
92.0114
92.4472
90.5553
89.54752
89.16044
89.7409
