961.4914
1148.442
1115.955
1366.642
1162.595
1089.137
1357.263
1272.194
1298.805
1279.655
1236.348
994.3037
1233.603
1345.005
1189.167
1298.502
1269.265
1180.478
1072.287
1330.34
1155.377
1240.051
1571.017
1347.638
1337.373
1149.645
1351.818
1432.864
1335.494
1194.133
1330.941
1320.278
1275.127
1469.195
1387.164
1189.447
1166.904
1477.267
1334.867
1107.158
1301.39
1279.604
1119.943
1342.96
1144.548
1204.969
1193.211
1378.819
1242.875
1186.025
1352.736
1274.1
1322.964
1210.459
1411.927
1221.27
1341.986
1195.66
1202.46
1214.103
1240.082
1379.005
1237.896
1188.833
1335.356
1255.502
1442.816
1406.833
1192.611
1214.183
1242.574
1325.254
1192.552
1231.155
1459.92
1350.497
1110.037
1296.709
1177.99
1146.46
1268.456
1226.024
1162.464
1225.549
1485.734
1347.676
1224.735
1175.945
1328.544
1166.881
1484.52
1017.969
1318.117
1289.239
1495.055
1161.536
1314.751
1567.208
1066.511
1451.151
1308.365
1216.238
1266.583
1311.249
1487.144
1259.227
1267.551
1357.98
1124.917
1182.897
1083.296
1240.134
1182.017
1218.491
1296.103
1142.557
1210.695
1184.719
1135.405
1226.433
1253.187
1218.805
1642.438
1385.32
1446.907
1531.227
1155.206
1277.909
1144.117
1138.211
1291.984
1346.785
1362.709
1369.407
1401.068
1495.573
1276.097
1247.903
1372.878
1098.022
1086.909
1357.735
1348.874
1108.396
1167.369
1291.482
1029.59
1470.014
1105.024
1160.745
1244.396
1307.565
1323.496
1210.562
1358.236
1304.613
1216.256
1449.986
1200.744
1178.247
1112.796
1292.99
1374.915
1272.088
1329.368
1409.409
1275.124
1240.786
1120.734
1262.058
1285.426
1341.071
1163.982
1294.242
1201.516
1343.086
1135.472
1300.784
1424.544
1205.096
1244.511
1179.815
1362.562
1282.705
1246.451
1413.289
1342.44
1161.918
1203.525
1240.518
1148.659
1276.373
1178.561
1312.55
1305.309
1102.708
1143.653
1222.701
1121.74
1295.355
1188.915
1392.45
1523.793
1164.213
1281.131
1523.967
1163.024
1158.162
1241.055
1252.805
1187.071
1114.829
1207.1
1092.619
1116.909
1182.185
1230.582
949.1705
1131.409
1143.746
1520.054
1363.582
1282.403
1363.52
1227.46
1363.791
1185.855
1345.371
1127.633
1377.269
1049.784
1198.48
1521.163
1436.791
1291.477
1377.16
1256.055
1375.9
1093.208
1346.142
1593.015
1491.53
1250.098
1385.754
1057.694
1547.104
1200.188
1293.829
1265.643
1316.652
1189.617
1454.687
1149.037
1337.076
1286.807
1256.798
1127.082
1233.629
1387.108
1272.092
1295.908
1502.434
1347.588
1641.696
1231.97
1235.31
1328.645
1357.502
1152.376
1268.318
1174.463
1199.297
1604.946
1268.367
1288.378
1468.959
1285.961
1233.019
1291.686
1220.557
1418.254
1117.627
1181.616
992.9043
1293.814
1390.593
1100.105
1282.692
1410.694
1266.991
1338.85
1440.895
1386.831
1457.322
1142.234
1360.336
1202.71
1290.46
1357.011
1191.543
1211.69
1035.578
1288.542
1079.289
1396.495
1316.78
1310.385
1429.419
1368.141
1213.06
1332.157
1009.617
1378.801
1321.905
1110.687
1186.804
1117.222
1188.999
1285.159
1357.548
1273.232
1391.138
1175.423
1383.621
1265.828
1434.512
1450.13
1374.667
1326.169
1306.655
1315.931
1299.808
1419.606
1391.421
1435.92
1213.135
1081.047
1112.184
1291.463
1334.234
1563.514
1052.515
1245.48
1240.168
1252.623
1214.149
1033.096
1382.43
1417.381
1144.565
1616.517
1317.012
1116.285
1348.413
1093.413
1335.188
1378.033
1392.952
1207.889
1216.536
1156.97
1162.061
1085.728
1206.427
1418.093
1172.668
1292.73
1229.81
1134.501
1486.549
1201.382
1278.553
1204.788
1217.287
1168.392
1367.325
1184.946
1345.393
1261.027
1355.253
1239.373
1260.157
1284.576
1406.944
1354.375
1355.107
1306.237
1170.892
1216.633
1121.138
1182.727
1261.796
1332.321
1259.917
1315.847
1343.014
1203.325
1417.261
1378.424
1268.244
1461.242
1337.836
1083.47
1346.744
1202.854
1164.465
1279.112
1191.529
1698.152
1260.887
1132.765
1201.426
1281.652
1296.897
1262.065
1196.869
1335.98
1166.365
1307.703
1288.685
1338.883
1290.854
1019.988
1354.048
1341.618
1270.318
1394.788
1248.31
1180.884
1157.899
1236.752
1299.297
1251.014
1110.804
1193.038
972.5292
1289.237
1616.501
1146.123
1254.265
1335.324
1133.643
1193.987
1193.942
1198.767
1116.322
1354.256
1107.875
1149.404
1253.96
1055.805
1210.713
1198.303
1104.7
1286.377
1421.234
1329.891
1223.398
1168.798
1387.9
1300.38
1446.116
1379.245
1338.438
1419.702
1043.959
1349.555
1225.061
1219.905
1216.128
1343.797
1380.185
1182.244
1300.522
1326.106
1360.513
1267.267
1405.139
1360.595
1196.452
1225.262
1113.716
1238.055
1252.219
1206.793
1241.067
1133.661
1186.827
1439.55
1135.023
1115.945
1188.984
1055.01
1353.024
1342.796
1313.697
1192.838
1393.89
1382.822
1246.364
