84.78
91.68821
87.47557
89.35382
88.21007
89.31072
91.84343
92.39746
89.30079
90.04211
89.49999
88.01138
88.07007
89.47824
90.29896
90.22304
90.39856
89.98342
89.49973
90.31672
89.7925
90.5362
90.74972
92.30604
91.50218
92.72407
92.25814
91.70301
91.72713
91.47778
91.88746
90.59809
92.38618
92.91386
88.85681
89.22116
91.6562
91.52879
91.91717
92.74623
92.33918
94.42447
94.17467
94.36182
92.25028
92.61019
92.7796
93.44059
94.2029
96.49237
95.5653
94.47766
93.97799
94.11928
95.01006
94.60584
95.54239
95.02012
94.70216
95.6218
94.61882
92.44253
93.80265
95.92194
96.32556
98.59893
98.85746
97.41209
95.1613
94.78724
92.73133
93.267
93.66347
92.67987
92.96117
91.96254
89.82541
89.55015
91.3915
90.0992
90.54929
89.43906
90.3989
88.50393
90.20659
90.42153
91.64229
93.98101
96.51222
94.25498
93.41516
94.57839
95.31136
95.33535
96.28783
97.39878
96.59446
98.04325
98.50193
98.81389
97.47253
100.0089
98.57324
100.7576
99.16204
100.5851
101.4999
100.2577
100.2594
99.04206
98.08409
100.2178
100.9208
100.0043
99.21262
101.0998
100.334
101.0759
102.8542
103.9915
103.1323
102.9085
102.0741
101.9744
101.4611
100.7994
100.4914
100.4668
100.2067
101.2647
100.5191
100.7499
100.0873
102.0457
100.0758
98.9448
98.43286
98.00079
95.31553
94.48293
94.13589
94.94066
94.29879
93.89906
94.53151
95.04332
94.46936
93.52854
91.62197
92.67099
90.58817
90.59694
90.23067
90.83267
90.53395
88.3465
86.84162
87.21213
86.19702
87.80486
87.73673
84.70649
83.99549
84.60512
84.00657
86.14633
85.78883
86.28399
85.65576
84.25309
83.64528
80.78795
81.88874
80.43382
78.47567
80.06382
78.00255
77.69507
78.82686
78.17963
79.00957
81.05818
80.68116
82.07631
84.46334
83.30998
83.63454
82.41778
85.68134
86.23839
86.78532
89.08994
89.76631
91.73906
90.66304
90.1018
88.68593
88.52835
89.51783
90.23159
88.60943
89.1976
88.31455
89.04304
89.92279
89.85629
88.10035
88.15125
88.84386
88.2375
88.03605
87.83903
89.55954
90.6621
90.7639
87.06359
86.40973
84.62971
84.89851
83.95074
84.69039
85.08564
87.02872
88.80776
87.05148
87.12685
87.5684
87.78725
90.50299
92.37969
89.48898
88.89735
90.09375
90.22444
89.36334
87.79971
90.15402
88.70292
88.53382
88.77762
87.9227
87.57367
86.42461
86.31111
84.43645
83.33233
85.59808
84.61176
83.46235
84.07386
83.24467
84.49742
83.41237
81.68763
80.63757
78.19982
78.60683
78.04587
77.77794
78.37282
77.52792
78.51021
76.12376
79.83965
81.34017
80.84936
80.61034
80.58339
79.82403
80.31567
79.6995
78.64888
80.51198
81.37028
81.01086
81.0864
81.03109
81.91272
81.23866
79.62485
79.94312
77.63719
78.56867
79.26499
77.39508
76.4633
76.75591
74.46013
73.44563
74.37825
72.07497
72.77948
73.59822
73.18738
71.73983
70.92286
73.08426
71.11673
70.1191
72.0642
70.96115
73.19946
73.54263
71.7331
71.32586
70.88155
70.87821
71.97527
70.28534
68.43287
68.67785
69.19544
70.81583
69.53257
68.28122
68.05435
67.89272
66.14036
62.61173
65.34141
66.43597
67.87425
67.35761
69.79079
70.86324
71.41575
68.04586
67.94847
66.67
67.37734
67.47228
67.90824
67.19837
68.86925
68.22599
70.0152
68.90457
67.45713
67.35437
66.01525
66.753
65.77915
65.4534
62.946
62.45796
62.08197
62.83056
63.45107
63.9891
63.74713
61.54016
62.28692
62.83637
62.00329
62.78206
64.31936
61.27687
60.01086
60.96555
62.03409
59.71669
59.17773
59.95811
60.9711
58.56931
60.26042
61.06529
60.01366
56.07981
56.59746
57.6385
56.94786
59.40226
58.68952
58.4898
59.63817
60.28229
59.50345
60.24757
60.58544
58.25242
59.74053
61.28427
58.84261
58.6488
58.41943
57.5211
55.66872
56.73284
57.91249
58.80452
59.1089
58.82425
58.38918
59.83122
60.32561
61.09282
63.7557
61.36536
62.11314
62.51955
63.18357
64.54668
64.95258
62.90459
62.11805
63.13391
63.21637
64.47423
64.36488
63.50882
64.15802
62.2383
61.20144
63.81085
62.5327
61.49992
61.02454
63.93773
64.52779
63.86646
62.99926
64.81848
64.16856
64.52111
65.20302
64.52727
64.95563
64.82618
62.63519
61.3698
61.01506
60.72218
58.69249
60.42599
59.59467
60.5112
61.27602
61.5469
61.54228
61.87612
62.30794
62.45407
64.46664
66.46957
66.86266
69.71778
69.95846
69.65264
68.38286
67.57665
67.77975
68.3624
67.07384
66.17843
65.57201
66.45978
64.28179
62.91388
62.07221
62.21374
62.83336
62.25367
62.56273
62.07793
63.55771
65.05397
66.3909
65.87374
65.83085
66.34863
66.74492
68.69946
69.64528
69.99033
69.48282
69.83439
68.96916
69.98939
71.63859
73.36432
72.48465
72.765
72.64563
72.79938
72.63337
70.81182
71.08959
70.5828
71.06918
71.15391
71.54316
71.52463
71.76103
72.82341
72.36204
72.63453
72.65855
70.62621
71.87163
