23.31422
44.92329
42.67989
67.56815
100.8222
201.4054
416.1483
1890.089
8957.293
46518.31
94551.67
94071.8
83587.47
88935.48
73097.87
86720.51
59429.07
96616.15
99214.56
59816.61
74107.37
93459.51
67657.73
69125.9
75899.42
121427.7
94604.58
84545.75
74831.78
83164.54
80440.4
71682.72
83950.86
74230.4
77641.91
82236.28
86850.83
91258.57
91781.76
103038.8
93543.04
125572.5
80344.74
65474.47
102267.4
79699.96
77929.82
87689.88
77828.05
96708.65
79370.31
98290.66
84306.64
78362.5
64976.5
79214.33
78225.07
75085.14
82295.12
101503.1
92790.61
94827.45
71019.74
94837.17
82786.48
83286.35
101153.9
70992.45
88145.26
80329.56
88011.74
75446.03
90843.36
78662.94
74595.39
93509.01
80379.92
75429.81
73628.75
98030.73
88153.35
108196.8
94042.49
90563.09
111008
93387.84
71383.75
74983.46
94249.81
100736.3
82641.8
82764.63
96883.19
112616.3
84569.41
81889.04
66767.95
76173.5
98331.64
87225.1
81673.11
84319.46
88223.09
62571.24
73956.12
65232.58
72922.49
73102.7
94418.57
80799.49
62587.37
72304.18
81474.01
79886.22
74436.84
73701.13
85527.35
108813.2
77531.2
68688.79
78474.55
90118.26
77039.24
86702.09
110274.6
88426.96
87941.97
85657.12
67736.82
96180.39
84518.05
83203.9
77779.68
56188.4
77997.22
76882.11
92112.52
70854.91
88695.99
90744.52
80506.14
71981.66
106497.2
66118.17
101659.4
86800.39
68107.47
70921.66
80520.37
84898.88
72926.38
82505.5
75499.75
83227.2
87234.91
98811.58
87808.05
96674.24
92017.44
97761.01
77199.21
100365.3
58517.35
70439.8
76241.46
61950.35
72380.68
83432.28
94385.05
69510.77
67939.54
78928.88
83906.81
94353.88
111232
69180.39
64926.91
84077.26
97789.69
84261.77
71821.88
95730.87
83667.76
90691.87
74068.75
70465.33
89790.29
63661.93
61982.72
91897.5
106812.5
76535.7
68431.83
73223.32
76559.26
98136.53
88752.73
69676.37
89711.99
85357.32
80305.35
93610.8
94697.99
74494.86
61872.36
69434.86
77521.89
97271.06
126096.2
69667.19
84532.3
85013.25
99554.43
91273.76
73443.12
89365.75
81987.96
69094.52
75967.82
88949.13
84621.99
78670.61
85772.91
94275.44
85688.83
61704.4
59881.93
75599.6
93319.1
68915.15
75329.78
68382.52
51732.37
76742.32
91306
75854.93
89984.02
89462.38
105303.8
94486.11
91225.62
105994.1
76903.84
100289.5
75651.48
91228.75
81200.68
81642.83
68646.19
96530.1
74706.58
80497.5
107848.1
70136.01
65229.43
72526.85
85783.19
82156.81
100351.4
83298.44
67441.56
68842.9
78798.72
84831.52
89229.04
88444.97
61277.13
61489.75
87528.88
108828
80894.64
74788.88
65875.36
88384.82
101296
56170.45
102773.3
78075.98
70880.93
92367.3
70118.18
72618.2
79700.55
90800.32
81734.14
78258.57
87798.68
53623.92
62013
88597.44
99535.8
67248.04
68410.55
83818.2
65762.27
66646.47
93329.06
86250.81
79580.9
73426.3
75935.28
74670.18
74187.52
71610.51
66136.51
61594.51
70887.12
69515.38
89909.64
68724.78
87439.09
119687.6
76681.03
92790.82
85268.76
64587.59
76816.19
104261.7
87856.13
77321.05
96442.87
105405.3
96636.54
84203.32
76803.33
72138.11
102790.9
68046.6
84237.99
83454.07
87839.55
87788.65
69494.64
79542.72
84875.3
74367.73
75248.74
81118.67
73122.91
88233.72
78716.74
99679.37
61640.27
102413.1
86837.9
95507.25
79943.01
66119.14
91590.98
68413.31
77866.22
72421.21
50835.12
88956.62
80216.23
86913.55
87533.54
104553.9
88531.9
131165.3
102136
95774.23
76200.21
73745.62
94218.12
80174.38
93550.01
70759.59
96285.81
83581.7
88469.27
96450.41
86988.88
70021.29
107418
94571.07
109633.9
75317.94
79328.78
100670.2
85627.32
85753.06
85357.73
93080.29
77088.5
95820.13
87259.17
75897.21
91098.83
97174.86
70754.82
114563.5
100374.5
77066.88
98894.08
62251.57
106180.7
98832.25
89156.96
103090.7
77852.79
68603.76
91467.92
81567
96567.71
83596.72
78294.28
91764.88
89732.49
95047.73
84316.5
89744.48
80035.46
61351.17
71380.8
101251.5
100351
108538.1
84627.26
96020.97
78886.24
79140.05
85642.72
77926.81
88707.74
72284.71
94486.82
92094.3
74325.9
93385.4
81112.85
77580.23
84959.2
76395.74
104757.2
117486.2
86634.13
81444.66
88827.32
76402.24
86363.86
78447.2
62256.25
89718.26
76152.16
96468.54
104738.4
65687
98065.43
89044.89
80192.66
104935
100451.9
85837.51
82650.98
88900.81
97989.79
88489.35
97045.82
74233.34
60975.23
83307.32
89865.68
79363.37
82949.89
86183.53
63682.82
86537.65
75361.33
77720.45
78501.92
88369.22
58839.89
69119.79
78637.58
59633.22
71965.25
84149.4
93458.11
106581.2
91817.4
117277.8
96039.62
79931.81
105071.7
90523.96
75986.93
75135.3
67360.52
78437.1
61481.92
61048.21
83430.63
71122.3
85601.76
112870.1
72080.19
64863.96
89086.23
90107.07
