102.5959
102.7358
102.8851
102.0694
101.9202
102.9779
103.8864
104.0642
103.8699
103.638
103.8355
103.3636
103.1885
103.5022
103.7003
104.2183
104.0089
103.8439
104.2798
104.5468
105.1323
106.0014
105.9607
105.588
105.5884
105.8353
106.476
106.8161
106.6533
107.0925
106.8944
107.1043
106.6854
106.7126
106.7957
106.9643
106.8676
106.368
106.8277
107.3236
107.3601
106.9792
106.6023
106.346
106.2876
106.2909
106.4552
106.8255
107.0269
107.2713
107.6981
107.524
107.4823
108.0665
107.8332
108.3853
107.7961
107.1667
106.7914
106.7928
107.2586
107.3949
107.8522
108.0583
107.3118
107.3931
107.9212
108.1679
108.6754
107.6942
107.1461
107.1763
107.3096
106.4981
106.0256
105.4046
105.0336
105.5463
106.1996
105.8453
106.268
106.8711
106.2883
107.2342
107.225
107.2979
106.9794
107.163
107.8103
107.3296
106.7254
108.0412
108.1022
108.9795
108.6874
108.6123
108.0946
108.3661
109.1188
109.2844
108.5421
108.659
108.2928
107.9456
108.1825
107.9931
107.6743
107.5443
107.5119
106.7258
106.6055
106.6489
106.7063
106.841
107.7535
106.5391
106.6913
106.7825
106.8873
107.0013
106.6806
106.5144
106.2123
106.172
106.0061
105.9945
106.6566
106.383
106.4152
106.3081
106.3204
106.7188
105.7445
105.374
105.1956
105.6007
105.7412
105.3288
104.7827
105.1051
104.7923
104.8901
104.8769
104.9238
104.9785
105.4052
105.8214
105.9112
105.3254
105.0565
105.654
105.9769
105.7099
105.3434
105.0354
105.5402
104.7131
105.486
105.1312
104.8167
105.2426
105.8694
106.1017
105.6605
106.4549
105.8979
105.6415
105.9517
105.7213
105.4146
105.609
104.6889
104.6561
104.5306
104.5095
104.6853
105.2982
105.6882
104.8944
104.6259
104.4286
105.5004
105.4683
105.266
106.3534
105.4978
105.8413
106.1346
106.5188
106.4851
107.0413
106.2501
106.1355
106.2096
105.8374
106.8237
106.3743
106.1933
105.8129
105.277
105.4613
105.0655
104.9573
105.8143
105.837
105.2461
105.8134
106.2525
106.481
105.809
105.4716
105.5798
104.9995
105.0853
104.1678
103.5603
103.5143
102.6384
102.8866
101.909
101.836
102.1024
102.4469
102.5968
103.4675
103.0844
101.872
101.905
101.2125
100.7371
101.6353
100.9711
100.7938
101.3152
100.8163
100.9186
100.8936
100.442
99.78916
99.94397
99.43143
100.2665
101.0832
100.332
99.86649
98.97032
98.22601
98.7672
98.58312
99.61697
99.3458
99.32439
99.95657
100.0896
100.2535
99.65768
100.3404
100.1195
100.0941
100.3711
101.5716
102.2423
102.2418
101.7211
101.6537
101.1636
100.5386
100.7767
101.6574
101.9716
102.1776
101.8127
103.2009
103.4081
104.2273
104.7073
104.5399
104.5082
104.8507
104.1913
104.3814
105.0809
104.5203
103.5814
103.4361
103.8942
103.6655
102.9581
103.3417
103.3716
102.9543
103.5245
104.784
103.9518
104.1404
104.0208
102.9124
103.7468
104.2513
103.7063
103.36
102.2933
102.1445
102.236
102.9607
103.3271
104.1887
104.0281
103.859
103.786
104.0895
104.9996
104.9351
104.7147
104.8269
105.0596
104.9032
104.6042
104.9887
105.3704
105.0322
105.0736
105.3817
105.3748
105.335
105.8516
105.8865
105.0312
105.8387
105.8938
106.2374
106.9654
106.3331
106.6588
106.5531
106.6098
106.9359
106.6272
106.6337
106.8324
106.8164
106.1162
105.6634
106.5751
106.8894
106.3754
106.3088
106.4211
107.0054
106.2545
105.3216
105.6284
105.637
105.0855
104.8023
105.4718
105.1103
104.1115
103.5262
103.0682
102.6812
102.7826
103.011
101.9018
101.4314
101.5121
101.9469
101.2027
101.6626
100.5558
100.0314
99.69525
100.6453
100.5126
100.4301
99.64153
99.70615
100.6974
100.6077
100.2783
100.9169
101.6332
101.777
102.0281
102.2902
101.9703
102.0141
102.9485
102.9087
102.9169
102.2537
101.5927
101.6454
102.0005
103.5262
103.2347
104.1359
103.9195
103.9137
104.2277
104.1331
104.2042
104.2679
105.8081
105.5819
106.0167
106.2175
106.8545
106.2678
106.3025
105.1106
104.6883
104.0085
104.2064
104.4985
103.8436
104.2221
103.8023
104.1506
103.8658
103.6755
103.82
104.1525
104.3057
104.301
104.0526
104.2442
104.974
105.5271
105.8749
104.7655
103.837
103.7617
103.6707
103.124
103.7121
104.1343
104.6704
104.132
104.0153
103.6784
104.1364
103.9784
102.9537
103.6732
104.7116
104.5563
104.1832
103.9524
104.0758
103.656
103.4053
103.0533
102.7398
103.1914
103.4352
104.0609
103.3026
103.6458
104.0012
104.4804
104.7906
105.1118
103.858
104.4696
104.3046
104.9077
104.3554
104.9868
105.2014
105.2615
105.3438
106.174
106.7049
105.7403
105.5231
106.0292
105.554
105.4544
104.8315
105.1254
105.3566
105.3714
105.9435
105.9568
106.6852
105.5589
104.972
104.3235
103.8131
102.5171
102.2054
102.7913
103.3109
102.6871
102.8454
102.0879
102.3123
102.4031
103.1417
