64.35129
64.98955
79.8556
55.87249
44.70114
68.11349
52.62752
45.89213
50.89215
44.9349
49.13845
73.82113
100.149
83.49411
31.58418
35.38102
33.30743
48.92011
26.97624
31.99901
48.39833
59.93939
75.5571
52.53262
45.97831
26.22785
35.7846
56.23297
57.19457
25.81421
59.35544
68.30876
50.98443
29.35237
96.37259
40.8428
32.9422
56.31954
37.90731
39.97868
41.77783
28.71368
46.59252
32.9491
67.92688
37.02237
22.44626
31.82351
33.65548
51.71448
63.98419
102.303
88.09899
107.631
57.31031
50.23456
91.04274
38.51002
48.52419
39.13407
55.72265
54.08871
53.95613
64.21679
75.2678
65.65915
60.20578
40.89678
35.03037
28.38641
25.90135
57.0562
102.6084
61.60844
44.4375
49.37219
46.39276
49.35956
44.50654
58.39789
52.37124
53.06125
82.08064
70.76363
46.13168
47.25829
57.1277
69.75109
63.55334
45.67398
47.56656
53.54378
49.55386
40.87764
27.79009
22.95309
23.46462
43.24239
51.61554
54.95509
53.27766
44.06242
65.77012
43.18173
38.84332
43.54036
31.19747
34.68294
42.08865
70.83711
62.04102
40.46527
65.17724
55.84101
48.26633
54.83529
49.48624
78.38574
81.24387
43.00672
50.23009
40.4667
42.56068
70.807
51.92056
56.28165
92.05099
60.6341
51.62744
44.78123
68.81144
95.01242
84.03781
47.18862
34.49253
49.54784
37.83822
42.17922
59.88063
64.85632
65.53478
100.9075
107.502
78.81558
100.1371
106.0261
60.19141
72.80683
58.004
63.44891
80.3598
66.648
63.54817
58.93102
74.62575
37.9204
48.95356
36.96279
34.87977
25.81941
33.62798
45.57367
46.59664
29.92578
32.24603
42.56599
45.8027
48.74196
44.74167
55.47154
48.35191
81.49005
55.88719
63.73755
54.59203
68.49749
67.08608
46.75333
42.54209
41.84657
33.58177
27.93409
30.15382
43.06087
52.28098
58.06179
77.92663
47.5803
37.0885
40.21014
41.80107
40.22901
50.18884
45.32848
57.65985
19.62639
27.23712
38.36583
31.18568
38.58121
36.18174
61.38067
66.95776
59.13506
50.27545
37.94904
33.62628
34.21052
48.94955
58.43842
39.56339
30.04819
26.53376
50.65491
76.10324
97.67542
104.5395
77.75762
60.4329
52.18595
49.31305
30.22068
58.00344
64.29933
113.1698
126.1121
55.53441
46.30743
42.33219
72.0303
54.119
54.97406
81.13068
50.89806
58.8021
57.88156
90.72166
98.94064
92.71043
43.01993
65.89208
60.75004
66.43482
73.18989
69.3636
95.473
55.86919
60.66936
52.83452
46.77915
56.59273
75.75621
72.65148
28.589
29.77825
43.00187
38.4348
23.41008
28.30447
29.23397
52.06861
40.86683
48.33749
50.05191
52.6363
35.65017
49.0813
76.66745
85.61209
72.16369
55.70184
78.8467
74.59621
46.19958
46.50518
62.63453
89.3098
68.27769
32.91116
25.6099
31.24574
33.34997
38.53656
18.72176
43.57991
46.27786
60.84166
74.51479
73.34247
91.7935
93.69361
44.50734
46.19429
60.82581
70.42012
58.06228
56.21255
53.16769
46.95588
63.4368
77.29751
59.65952
86.28214
39.12667
41.85679
40.71855
48.00088
43.8974
31.08489
43.87662
38.37727
21.66593
29.22177
24.08404
38.04972
37.27702
41.30681
35.44714
31.19699
29.3876
65.60851
65.73969
69.92403
58.23492
63.49391
58.31479
49.1374
49.15477
46.91032
47.06426
51.1765
38.19422
44.13282
73.36582
47.70927
33.52966
57.68359
49.81808
41.27577
33.53355
57.6011
49.97351
46.46174
59.87359
53.94295
47.19359
60.7323
76.40024
48.38241
66.94473
82.60891
44.32676
61.42795
53.31794
54.2172
58.34906
47.53081
67.1657
61.87403
23.52551
38.28115
45.05862
36.42103
34.09831
41.7736
44.90243
38.64415
29.59617
43.08737
58.42144
82.04273
58.50719
66.32436
44.99094
41.86028
61.92778
46.33961
40.87751
45.70257
56.4393
48.47126
67.24702
59.60042
72.17406
36.01604
38.55753
30.10883
44.02194
82.81254
102.5768
43.84153
87.72946
76.23509
31.91937
55.15854
55.02885
41.18446
68.53381
58.83284
50.67382
53.76778
43.33501
30.68848
30.10188
35.8003
36.88494
51.93823
115.759
136.1272
68.04026
69.79605
103.661
81.53953
82.9008
59.40627
72.5517
70.47422
53.87932
72.34405
65.37819
53.18777
85.5835
61.10533
76.45886
55.95801
71.59669
49.92886
42.72977
37.02374
27.90536
55.55553
94.72667
50.2775
70.43826
118.2218
57.21581
49.38163
42.41688
60.65827
61.4857
54.10731
51.16155
48.3688
33.11687
41.25261
45.90414
52.82085
56.16526
104.2261
88.94834
93.60415
44.90381
45.74666
25.59055
34.72633
35.70999
59.4134
54.01216
35.80486
35.49392
33.32428
46.45825
72.06557
54.53214
59.48726
76.69036
68.60444
72.31268
80.49239
97.27316
123.1178
72.72963
35.27734
36.85723
29.43093
72.7796
63.8034
33.57763
44.1524
30.13912
28.53616
34.60483
44.52511
55.16271
47.75437
68.60251
40.92565
63.67432
87.54161
78.48921
67.78294
51.60251
63.81254
93.52348
95.62203
46.44791
34.54579
31.04879
51.36689
49.28857
