9.031429
18.80882
70.83476
272.4831
726.2026
1713.937
2542.773
7240.704
23555.3
29554.55
33776.83
35331.04
52105.62
39218.83
33765.06
37973.85
44038.98
34585.08
47301.43
46295.04
41306.54
42203.4
32532.59
35324.92
41981.73
46000.25
47978.73
39981.13
45260.56
36347.61
33677.83
40318.88
34067.47
37800.19
35916.38
34568.34
47279.87
32066.3
38240.87
40286.6
28419.84
43378.8
38271
35715.67
33064.88
47423.06
36575.48
31921.58
33706.19
33644.74
37933.32
51163.91
34931.63
46883.04
45166.18
33685.12
33462.18
33817.07
32873.11
40739.8
35294.72
49418.26
40481.01
40244.3
37128.42
41376.28
33101.17
28316.07
34595.87
25930.3
45059.65
37566.7
37308.52
37043.27
30703.1
37087.55
40578.24
41919.44
36696.17
43204.48
36938.46
43145.58
40376.67
42953.53
41782.49
40979.7
34837.86
34252.5
37839.64
38923.69
44091.33
40065.69
25611.82
33000.32
37465.28
35383.37
31463.19
43754.85
38387.44
34366.35
38184.44
37647.81
36789.94
40790.38
34159.8
33798.59
36358.29
42902.08
36820.99
36847.25
45264.37
40256.23
33807.98
47866.5
40386.49
35369.19
37419.21
34098.59
36524.69
39202.9
38844.23
42890.21
34824.14
38969.59
32074.16
35229.92
37154.12
43742.91
31367.96
27750.75
35867.2
28290.17
32393.02
40278.78
33805.22
43680.04
47008.29
35341.85
48150.11
44655.29
36183.13
34101.68
31038.07
32189.13
41343.53
39191.52
30735.47
39128.36
40841.09
42010.25
50573.37
40090.84
36753.23
33893.16
45694.38
35344.39
40468.37
34226.91
32944.67
36148.73
43286.97
56540.1
46799.72
44111.15
34500.3
44136.52
37641.81
47260.36
39872.74
34868.98
38502.47
40644.01
41774
43096.68
39101.59
38439.78
35929.76
51959.37
42091.25
39090.47
43941.59
55491.67
37322.11
43142.26
38680.55
39223.57
33293.44
47001.77
44285.39
47142.82
45612.92
42838.54
43380.91
41071.4
39126.14
37802.65
36208.76
47823.39
46606.83
32120.57
41604.56
50169.65
36017.22
37571.84
43747.61
36593.4
37128.31
35070.8
31195.2
30802.83
37853.45
37984.87
38865.54
32761.69
42393.11
43106.79
38466.55
35435.81
35499.19
37404.26
45068.64
38401.23
41056.76
39158.55
34879.06
39752.44
34358.06
42700.22
48996.31
33436.09
29360.93
36338.03
45816.45
48193.73
36768.65
48160.23
42665.03
31466.22
32095.71
38246.65
30795.31
39314.45
35287.87
41973.54
38174.1
34574.74
31026.09
36031.28
42760.29
41834.73
40976.05
37910.6
31413.72
40453.09
43490.95
35635.48
31397.52
47086.54
38379.03
37798.93
41682.35
32727.85
45384.65
39802.94
40414.97
48990.45
46701.43
40882.21
34057.68
40603.99
33207.62
43597.19
44707.09
38621.03
34304.1
44889.34
38830.87
48268.71
40456.45
39083.89
39990.88
43099.11
34508.89
30564.51
33322.43
51544.14
35435.48
41065.67
42202.81
40289.65
39185.77
37663.31
40336.5
33287.78
37418.53
48136.56
30446.1
37793.84
40796.02
38491.44
30866.2
40347.93
34426.21
43040.02
44813.05
41755.05
38001.26
33577.03
44859.98
40826.56
46093.58
31612.43
37608.78
30485.44
50426.83
42110.76
31475.95
41739.82
38298.96
45702.93
37868.8
36956.16
34873.73
41402.06
45939.11
38051.5
31212.39
26594.45
41688.42
54436.91
41367.22
45224.81
37025.34
35063.63
44521.94
43437.35
40774.72
39507.96
44804.67
36869.86
41593.09
49425.95
38787
37322.55
42923.67
43224.25
38388.44
42314.7
37828.67
43956.38
38721.11
37876.63
42441.17
47343.57
43677.75
43844.02
37789.49
41426.02
38470.18
42082.28
46399.75
39319.35
44866.22
49503.38
49084.69
27568.18
31891.49
41642.6
52545.77
31566.2
32084.22
35616.44
40419.54
29952.39
40915.78
36167.21
35937.67
43059.08
39374.79
33997.91
39637.2
37798.73
38450
28898.29
45703.32
40992.79
35455.26
35175.03
37664.31
36936.21
41219.92
38194.82
31435.21
48869.22
40346.96
34549.73
37833.39
32919.19
48098.46
44163.06
42955
42166.93
40766.09
43230.67
50937.17
39753.18
33981.66
35437.05
47214.9
43644.06
38182.04
43209.86
37540.23
35408.4
43522.21
35313.34
47813.64
44421.33
37160.04
44719.87
32652.27
31739.92
38762.86
36989.51
36202.37
44556.24
34032.78
34563.25
43660.93
49289.77
33882.27
43202.51
48605.84
36214.55
37446.82
38519.07
42058.19
45656.56
39701.46
36723.13
37557.62
39935.73
50782.94
26352.76
41211.55
32775.68
37363.82
37507.43
34774.77
35755.56
32967.49
38458.3
49431.47
41373.91
35180.61
43260.12
36129.08
33817.87
38179.09
33883.71
41503.08
43931.74
31467.35
43741.53
41773.59
55693
43777.17
36082.31
42285.33
35013.55
42857.32
39700.55
37556.92
40050.55
46047.23
39254.88
47636.26
27845.34
31965.04
43803.85
48550.59
40517.9
37653.53
35323.33
48266.92
45727.56
48234.4
46229.78
39428.22
35840.49
35380.19
33279.11
38435.16
34066.3
38226.8
37234.58
25751.64
35664.32
33509.9
38171.12
