12.98846
9.80763
7.876234
6.683605
6.237442
5.926963
7.514608
5.998824
5.676878
6.420398
4.413541
4.193855
3.491837
3.733483
3.800522
3.218238
3.148817
2.910453
2.483043
3.109542
2.898796
3.375287
4.608517
2.99675
2.535509
2.014832
2.733982
3.068264
4.061699
4.474914
3.144902
2.777074
2.868953
3.473478
3.979188
5.928539
6.463325
5.75776
4.588293
3.582153
3.460852
4.202892
4.419829
4.761108
5.218924
5.340118
5.389262
3.765112
4.902882
4.096862
4.469535
3.209802
3.061656
3.85615
3.508425
3.907544
4.025372
4.466025
3.806076
3.39612
3.507434
4.24279
4.246551
5.136294
3.761589
4.157107
3.557019
4.291858
3.532078
3.63913
4.147667
3.53439
2.39301
2.530744
2.618774
4.685315
4.421138
6.435482
2.98286
3.566423
4.356676
5.646133
3.450069
3.776174
3.123721
3.313907
3.338766
3.234598
3.425178
4.222073
3.871731
3.744158
3.605477
4.286084
3.475553
3.456718
4.488111
3.927763
3.335757
2.916753
3.491519
2.996277
3.125591
4.741281
4.669734
5.009808
5.306916
4.27704
4.001018
3.911043
3.888702
4.160419
4.626092
4.254552
4.285609
4.85086
4.718801
3.749455
3.68765
4.183705
4.476619
5.177584
5.001031
3.440963
3.381206
3.819247
4.744457
3.547229
3.971387
4.518173
4.768227
4.942277
4.428307
4.618442
3.931761
4.043508
5.159822
3.866001
4.826943
3.896763
3.860148
4.166435
3.523637
4.034147
4.480484
4.968295
4.950504
3.497284
3.91195
3.680299
4.841082
4.872168
3.952639
4.066025
4.745505
4.166877
5.145291
5.346025
5.212479
4.211721
5.015142
4.020229
4.473908
5.1767
4.336571
3.764754
3.073743
3.541607
4.105585
3.902983
2.775998
3.09863
2.726073
3.490463
5.079258
3.849134
4.049134
3.821862
4.619909
5.02217
5.098238
5.176472
3.11207
3.447047
2.685192
3.559165
3.111883
3.640551
3.478201
5.046067
4.988644
4.164719
4.813353
4.20789
4.059715
4.168631
3.439134
3.218705
3.060159
3.03783
3.140742
3.770653
4.205211
5.585893
4.873177
4.413916
4.697689
4.891508
4.708435
4.05123
4.004415
4.566813
3.843423
3.928126
3.480533
3.75167
4.31009
3.803929
4.864385
4.729121
4.304241
3.45786
3.227407
3.27243
3.804402
5.264499
4.230283
4.755283
3.646092
4.064131
3.548519
4.149734
3.236241
3.12723
3.812676
5.896283
5.827808
5.211037
4.799889
4.641793
4.241915
4.249875
4.536361
3.84474
3.539862
3.285503
4.078682
3.687198
5.039415
4.439425
3.459755
4.638474
4.762745
4.777271
5.160446
5.368056
3.368799
3.177583
3.274759
4.443163
4.062216
4.908294
5.166944
6.360734
5.936638
4.823233
3.412473
2.786353
3.981201
3.770608
2.606478
3.150067
3.13347
3.269159
4.046926
4.156568
5.270996
6.213089
3.971121
4.857914
5.458845
5.916008
5.182276
4.638764
4.077395
3.316023
3.377829
3.248845
2.858568
3.498117
3.879637
3.043697
4.120287
3.065891
3.880221
4.463885
6.117728
5.300088
4.8287
4.495472
4.591199
6.729767
5.340313
5.053602
5.495965
5.367351
3.941976
4.403566
4.870132
5.61099
3.984742
3.425731
4.207616
4.080948
3.605588
3.492793
2.964039
3.243362
4.348365
4.319491
4.562359
4.087173
3.857098
5.582428
5.168795
4.506955
5.466878
5.436687
6.689365
6.603584
6.904693
6.58477
4.485793
4.614496
5.305747
5.669767
4.461595
3.716097
3.518423
5.284894
4.892357
5.823095
5.599377
6.072979
5.331637
4.692802
3.067373
3.643711
3.432819
4.289236
3.169921
3.530792
3.69321
4.075617
5.802682
5.034236
4.131575
4.267462
4.306563
3.517699
4.627907
3.92022
3.988179
5.353403
4.263132
4.13928
4.519784
4.458315
3.937681
4.635467
3.544922
3.886879
3.812744
4.204039
3.776059
3.205561
4.551342
3.534472
3.844758
3.349576
2.859189
2.469782
2.694912
3.170501
2.92231
3.349736
4.61284
4.157298
4.672695
3.224664
4.237054
3.260952
3.25384
3.765866
3.942906
4.22903
3.917155
4.053063
4.387489
4.805384
4.928084
3.822378
3.449937
4.478275
4.536487
4.245972
4.670909
4.114276
4.623668
3.439678
2.760158
4.039109
3.681325
4.41845
4.473836
5.134104
5.831147
5.298216
4.981533
4.878926
4.059738
4.356338
4.638471
5.267948
5.043909
4.084822
4.253061
4.504226
3.681216
3.227103
3.727195
4.365399
3.668209
3.074308
3.293248
2.429698
3.029758
2.983073
2.607335
3.039298
3.494676
3.17378
3.473087
2.858398
3.487568
3.029086
3.266641
3.766914
5.539792
6.162408
4.729769
5.964325
6.027
6.541608
4.875473
4.736006
3.594255
3.614159
3.423176
3.900493
2.885401
2.874918
3.186036
3.386271
2.835149
3.339456
3.014984
2.836299
2.686576
3.023434
4.080179
5.041829
5.425597
5.26665
5.336383
4.095134
4.659814
4.87284
4.562752
5.099166
5.229019
4.481626
4.515503
4.918414
4.296458
3.26962
3.499773
4.073972
4.084649
3.760727
3.274692
2.618281
2.71229
3.213613
2.959651
2.903709
2.633531
2.806979
3.326395
3.919768
