88.66926
90.841
87.79776
93.33058
92.52079
90.03509
94.12287
91.43462
80.01548
81.23388
79.93986
82.41177
88.60429
92.42413
88.73215
87.8683
81.77772
80.64231
80.11503
80.88115
74.80306
74.2312
74.99383
75.94688
75.05109
77.50264
79.15777
87.46322
87.22831
87.54317
87.06167
90.75857
88.48476
88.92969
90.94965
93.41375
90.30937
92.94329
90.80303
90.16247
87.87591
82.05775
82.62928
80.69207
77.70714
80.10099
78.46963
74.70185
77.98042
73.82567
76.60982
79.13413
84.03124
82.08686
77.63701
76.03633
79.7656
84.88557
82.08219
85.83018
84.10911
82.92136
77.23283
72.72801
73.48014
72.36125
69.5319
71.44768
69.70178
77.11096
80.54243
75.74137
72.32849
73.59307
76.49061
73.59136
79.44485
80.69598
73.88036
69.51727
68.48854
62.42373
66.3249
68.13844
62.32505
65.64241
67.28315
68.12397
68.61529
70.45911
67.24064
67.51648
69.02994
76.65914
83.03754
84.61409
80.56164
75.61059
72.06432
69.28444
76.08819
76.0799
73.23608
70.05364
69.78843
68.75394
70.94969
70.03574
72.14595
72.46366
70.77969
71.22135
71.9124
74.89832
69.92292
71.45375
65.69632
59.15551
59.37399
60.14619
58.64659
54.00047
61.27526
57.1363
61.63055
67.04514
72.14969
82.79507
86.45052
85.96214
84.78959
87.75474
84.53465
86.28343
94.17493
94.5301
95.29482
98.98411
105.1328
101.6714
96.88016
107.2055
108.3021
106.3897
103.0515
104.1395
100.7278
100.5854
94.92548
99.19623
102.083
97.62866
91.31152
88.27898
88.60451
86.55445
81.58034
84.86864
89.09254
86.7638
87.09502
84.8067
84.88717
83.39333
82.26464
80.32027
83.03895
80.77574
80.98394
80.36292
85.19775
90.08957
91.03174
92.63716
91.55364
91.56476
93.77812
94.44242
92.11022
91.93879
86.61405
87.2974
87.55622
85.55707
84.94421
84.25768
78.94845
80.35074
85.37472
83.70371
85.24934
80.95288
80.11503
83.68026
83.14499
84.88283
85.56734
82.55094
83.49391
85.46782
93.98229
93.78743
98.00152
94.82659
93.38156
90.49713
93.09107
96.5047
98.51739
89.86567
93.69872
89.16116
90.3797
88.98895
84.87326
87.23903
89.03771
91.71281
95.47644
92.29531
92.1886
95.6129
99.51326
105.1009
102.1772
102.3158
101.5936
94.34263
96.81836
96.8952
92.92123
93.97445
88.61402
83.28338
81.51018
80.50434
86.32657
85.01821
86.79406
78.30334
75.79039
76.30211
80.33891
79.78704
82.48989
85.5695
86.25013
86.46997
89.89459
89.84304
86.16089
95.11262
98.52469
97.0671
102.3613
100.6024
96.99283
99.70306
99.48885
98.21401
99.38188
99.17224
101.5935
102.6984
101.8946
98.12365
93.26784
91.52043
89.6423
91.08735
92.91288
90.24169
86.85056
88.56382
86.84676
88.10508
91.435
85.82318
86.12992
84.175
78.82581
80.46214
73.19966
73.39406
73.10005
71.92469
72.85011
65.65168
69.54473
70.57985
59.78456
66.17735
71.27897
73.4974
78.6234
84.34475
77.09023
81.35034
78.31156
81.18216
87.03031
83.03514
88.13147
87.47512
88.95541
91.00687
91.11728
90.09307
88.21406
81.93739
81.56086
84.94261
88.53533
91.39156
91.45469
86.21929
83.9098
83.31758
80.52485
82.93626
88.60129
86.4987
90.30254
88.51757
94.49982
96.42822
90.22242
95.29011
94.45366
92.34425
90.89817
89.94978
90.99471
91.65984
96.56669
96.08818
97.1677
94.85544
92.74896
95.04994
98.28354
102.5684
100.763
99.6231
94.6393
102.9007
104.139
99.37011
100.7672
103.3329
102.575
99.01632
98.80799
96.22301
99.14528
100.0431
100.2972
93.42282
87.92822
90.01598
91.86986
88.19049
91.70291
90.58126
90.27228
87.90425
86.77191
89.59982
90.45687
96.21407
95.17045
92.34996
91.39927
92.41433
92.12458
95.13666
97.35653
98.42963
93.24995
93.23893
96.71431
92.42864
94.72022
92.4851
93.87707
95.94722
96.22757
92.82066
91.13908
94.00773
87.98308
91.41119
86.32184
87.37001
90.02045
92.42666
97.65327
95.97851
100.3729
101.1294
97.71343
92.20006
92.6157
89.45505
89.58823
86.0463
87.69518
88.06227
86.40945
85.71864
85.84107
90.73461
82.76824
84.5463
82.67009
84.16727
85.39002
89.22637
92.71185
91.15242
91.26982
89.53326
90.19252
88.81663
87.90338
87.60774
82.04725
75.76082
73.32179
72.43697
77.58102
82.29832
78.36768
83.32327
84.19477
82.06153
80.79596
74.63663
80.04169
77.19928
71.019
68.57245
67.44326
70.36654
66.5819
73.90557
76.73187
73.42543
73.48596
73.3631
75.90961
71.91117
74.56542
76.67607
74.97072
75.80958
80.71979
83.19112
78.88334
77.25667
77.73889
74.58132
75.99441
70.21116
73.27264
71.88702
73.1189
76.73422
78.3135
77.17612
77.38102
82.78803
82.85197
79.37924
78.78132
82.73008
82.51234
83.19251
85.90769
83.2587
79.94504
74.36921
77.31678
77.23313
73.98214
71.01762
71.25577
67.85867
72.08186
70.38699
70.21036
71.67873
73.78837
79.89479
79.75193
82.76266
79.1703
73.74096
68.35081
70.25519
