127.0648
112.4371
103.827
103.6278
16.81227
12.95527
11.98205
13.48207
13.20143
13.04977
11.3668
12.82286
12.26622
12.79935
12.43068
11.60472
12.86578
13.38658
12.19496
13.76169
12.92387
12.18908
14.03603
12.41197
14.45568
13.29282
12.96349
14.53868
13.16973
13.45196
12.09688
12.19936
11.88055
12.57345
13.95631
12.1506
11.6607
12.07703
13.00401
12.00297
11.89207
13.45333
13.44653
12.49707
12.76204
12.36944
12.08383
13.75725
12.64951
13.07902
12.57046
12.07087
12.58302
12.13416
12.61126
13.64751
11.46704
12.89194
13.38173
15.02111
13.18965
12.84537
14.2094
13.95405
12.88973
13.83244
13.45094
12.26172
12.95129
11.65059
12.93847
14.24042
14.58468
12.43197
11.89068
13.82303
12.4385
13.04634
13.2863
12.37416
12.92746
14.51367
12.84661
13.26803
12.73814
13.43634
13.19092
12.35097
12.06586
11.79566
13.16873
13.29965
12.98346
13.02242
12.23596
13.26717
12.26485
12.7888
12.69823
13.13369
11.71435
13.74875
13.92612
12.65349
13.26135
13.09843
12.67019
11.7368
12.60263
13.65489
13.7706
12.26418
14.95395
12.16436
14.28762
11.97512
12.78843
11.1202
11.70586
13.46149
11.43504
12.16414
12.95504
13.41571
12.57863
13.0304
13.16384
11.39268
12.18387
12.50913
12.1924
13.61538
11.84258
13.49369
13.97349
11.42804
12.09513
12.32254
13.37516
11.66393
12.90401
13.21611
11.70575
13.60688
12.30696
12.80111
12.35811
13.04872
11.93108
12.47695
12.87495
13.36724
12.5721
13.68377
13.6801
12.15615
13.35389
13.2481
12.49302
13.16806
12.11257
12.79774
12.59518
11.79781
12.51985
12.45641
14.10964
13.39203
12.08592
12.99739
13.65537
12.94225
13.17256
14.08827
12.94067
12.3499
13.63282
12.86714
12.88098
14.74451
12.45804
12.67638
12.30197
13.57751
11.97421
12.52012
13.51677
13.44113
13.3449
13.04056
12.67348
12.59558
13.24902
11.29308
12.30491
13.12355
12.81842
12.74661
12.17727
13.48098
13.88568
13.82517
11.80661
13.12384
12.91208
12.89145
11.31666
11.87987
13.18785
13.98815
14.95335
12.86445
14.01789
13.39784
12.25207
12.61604
12.31671
12.63804
12.29598
12.84452
13.13424
12.50331
13.13261
12.30507
12.46368
13.96334
12.26933
12.41049
12.42974
13.27956
14.04401
13.75036
14.14164
12.5797
12.87256
13.17003
13.32127
12.58423
12.43983
13.43149
11.84676
12.14907
11.84989
12.75062
12.92096
12.06528
11.30668
12.51357
13.90766
13.89359
11.82486
13.23557
11.37993
12.11312
13.75353
14.34965
12.03864
13.12475
12.73357
12.22709
12.54449
12.71658
13.15907
13.07484
12.34152
12.73651
12.19506
13.74631
13.24334
12.99939
13.42222
13.13563
11.99079
12.99452
13.2801
13.29512
12.39714
13.11168
12.60564
11.56411
13.06876
12.74703
12.49105
11.89648
12.91113
12.4165
13.52401
13.56623
12.43041
13.36816
12.25555
13.17714
13.23788
13.53071
13.76933
12.23093
12.58415
12.85575
13.18402
12.33384
13.30557
12.69668
13.14982
13.36943
12.69251
12.76965
14.82806
12.24364
12.83506
12.94814
13.11644
11.90089
12.96523
13.61702
14.48391
13.47636
13.4735
13.49504
14.19187
12.76012
13.06395
11.77725
12.79402
13.10154
13.56613
12.81628
12.7939
13.18749
11.94127
14.60676
12.23074
12.4615
12.48054
12.17431
12.71309
10.99089
13.94826
12.81112
12.74284
11.54556
12.34561
12.07593
13.24264
14.28277
12.3084
12.49263
12.48695
11.5353
13.64868
12.1705
12.42335
12.78096
13.75902
13.04075
12.57877
12.29238
12.67845
13.04167
13.70897
12.30077
12.65153
14.14486
11.96932
11.68356
12.24652
11.31441
12.01737
12.37766
11.64284
12.68962
11.99976
13.18864
11.96092
12.21596
12.35269
13.04894
10.92788
13.41061
13.41336
11.50141
11.80276
13.7084
12.18768
13.89448
12.24651
12.28298
13.59039
13.00165
14.06494
13.64085
12.81092
12.27371
13.89687
12.7998
13.92118
12.3763
12.39614
13.15328
11.60247
12.118
12.03771
11.8704
13.31072
13.10095
12.03808
13.7096
12.37647
12.37457
12.39291
13.02369
12.70653
12.4508
13.14233
12.04277
11.75259
12.40662
12.41224
12.64119
13.48714
13.79791
12.51862
13.01895
12.54753
12.62782
11.63669
14.00177
12.83652
11.71195
13.34267
14.14496
11.73792
12.86666
11.96724
13.3421
11.83772
11.01662
11.66114
12.63896
11.98424
14.27913
11.70138
11.41633
11.54768
13.16498
12.78203
13.19094
12.48743
11.61967
10.99454
13.54764
12.63249
11.84662
13.01106
13.07754
14.00537
11.81145
12.3286
11.64126
14.29135
14.01446
12.46025
11.52843
11.59444
12.15206
14.26421
11.73583
12.65779
13.07334
12.01077
11.97045
12.37796
12.54567
13.10031
12.92014
13.07871
12.15071
12.88706
12.79562
12.1975
12.7197
12.28514
12.16946
12.66557
12.23819
12.54684
13.86446
12.33175
12.6502
12.56633
12.9764
13.04778
12.87935
12.48671
12.98334
12.58997
14.01856
11.94749
11.90785
12.30036
12.71435
