0.2564813
0.311122
0.6994415
0.8383541
0.1570667
0.3637808
0.4377384
1.880172
0.3310604
0.1576219
0.2670419
0.2263087
0.1628607
0.350673
0.7591248
0.3905632
0.3434766
0.1672532
1.005706
0.6508735
0.3104446
0.3316663
0.2577555
0.2061902
0.5739473
0.1251909
0.5499102
0.5003037
0.1723079
0.3192918
0.5033604
1.029621
0.1028445
1.267484
0.198333
0.1379225
0.7000071
0.2935781
0.3564794
0.2461274
0.5930842
0.310099
0.2874084
0.1600804
0.3138445
0.8633308
0.8032037
0.2647334
0.6925148
0.455353
1.714946
0.240832
0.2097561
0.6610167
0.7280536
0.2651642
0.8325851
0.2258259
0.3860364
0.1818829
0.2859342
0.707161
0.4250649
0.2242906
0.265572
0.1338536
0.5463336
2.206569
0.5514412
0.3320807
0.3908029
0.8474604
0.457408
0.1382803
0.5068639
0.2693644
0.2988038
0.1488457
0.3602413
0.3274842
0.5193216
0.3033865
0.1895815
0.3207881
0.101427
0.8497167
0.2274556
0.2172082
0.2961777
0.1676692
0.388658
0.1768021
0.2630383
0.1338493
0.1866567
0.2218898
0.1512885
0.1421343
0.1490165
0.1148503
0.2667424
0.1088075
0.2284159
0.3993149
2.251785
0.2071213
0.2141598
0.3769451
1.1373
0.1864209
0.3390665
1.44264
0.3642211
0.1544958
0.3488136
0.4275142
0.2230023
0.4154697
0.4459288
0.2381929
0.5303153
0.172138
0.3889523
0.2326537
0.2671797
0.2876173
0.2279783
0.5547546
1.519195
0.4539096
0.4524445
0.5673836
0.5864675
0.4339564
0.2461556
0.4090124
0.4597122
0.2713342
0.4675621
0.7662708
0.1363561
0.4528264
0.3204657
0.1681374
0.3180583
0.2757309
0.3467121
0.2916218
0.5130865
0.2578215
0.2235312
0.3131229
0.2469989
0.5240276
0.3631103
0.2210409
0.1066221
0.2782081
0.1400584
0.2282031
0.4632055
0.2638785
0.6377642
0.2941801
1.40725
1.25531
0.5258389
0.583149
0.6606469
0.1346036
0.3230998
0.2119517
0.9131271
0.3384091
0.2699724
0.4087777
1.071254
0.2436824
0.1962717
0.5214504
0.1771007
0.4226338
2.254757
0.6291398
0.6055279
0.1471545
1.326558
0.4514101
0.1174233
0.1958024
0.2437989
0.2837739
0.2108128
0.5294379
0.3554869
0.1126185
0.6239583
0.3516221
0.4166152
0.1733647
0.3131503
0.4584508
0.3450993
0.6161082
1.189534
0.1551303
0.1587051
0.3716069
0.3374992
0.1400674
0.4764348
0.2020571
0.1453288
0.4064146
0.6269963
0.968748
1.204934
0.5588149
0.3674257
0.7211364
0.2532333
0.2824162
0.2753036
0.3561394
0.4211253
0.1927083
0.9019433
0.508424
2.369526
1.228909
0.3149411
0.1907218
0.1826103
0.2666728
0.4746271
0.1247228
0.3725077
0.1989097
0.3460174
0.3832643
0.770513
0.8355742
0.6175312
0.5172422
0.13473
0.3656523
0.4169446
0.8460501
0.256151
0.6601027
0.4218221
0.37982
0.196664
0.309614
0.5792824
0.6041543
0.2737552
0.2891006
0.1912738
0.2562093
0.08442669
0.128909
0.2633573
0.2271696
0.956113
1.297965
0.2426076
0.6944067
0.3288441
0.2242931
0.5771711
0.4721392
0.236531
0.3788891
0.3623247
0.3108812
1.175656
0.1570508
0.616475
1.071164
0.2889758
0.2474787
0.3766927
0.8349863
0.7375634
0.2617784
5.441428
1.492731
0.2822387
0.7466724
0.1788101
0.5291729
0.1851022
0.8160094
0.1878944
1.117775
0.3171502
0.3464293
0.3235498
0.4819483
1.030071
0.549678
0.3406411
0.2299898
0.1796123
0.2063509
0.2611718
0.3132124
0.4244117
0.6039926
0.4487659
0.4108325
0.2557928
1.051889
0.4363727
0.1703206
0.3975117
0.1338219
0.6566029
0.4874623
1.010025
0.2576354
0.2108861
0.1387905
0.2329239
0.3798317
0.1259761
0.9598654
0.356807
0.4803434
0.4114368
0.1316652
0.1925192
0.3356425
0.5635225
0.2020418
0.2464989
3.170144
5.923315
2.051762
0.3819429
1.201918
1.710748
0.1542241
0.3791401
0.4318229
0.2099309
0.2019567
0.3244212
1.553593
0.9033289
0.1581588
0.2800937
0.6153211
0.9222614
0.1888054
0.1758433
0.2511667
0.1774616
0.5223307
0.1996981
0.2090859
0.2834123
0.182903
0.4589327
0.6230717
0.5270081
0.2016441
0.7693582
0.9615965
0.5571176
1.45579
0.8107538
0.2722446
0.1486151
0.9728936
1.863995
0.3220269
0.3445047
0.1828889
0.2190209
0.4756151
0.6950769
0.198935
0.633145
0.2082708
0.1899496
0.169838
0.1765484
0.8239081
0.1730391
0.08193533
0.2004709
0.9535483
1.116128
0.2453152
0.7125096
0.1730463
0.2596602
0.5113216
0.4365835
0.1304035
0.3499368
0.8021393
0.2674348
0.7323586
0.4278163
0.9040138
0.7601245
0.4051245
0.3593865
0.5009403
0.1532805
0.2876956
0.8751877
0.2081938
0.3843001
0.3739715
0.3857343
1.664709
1.390793
1.048562
0.2189692
0.2046469
0.1902871
1.348558
0.3958574
0.4090979
0.2178508
0.3654464
0.2048296
0.1447857
0.2501915
0.7093518
0.3675809
0.6036447
0.1743623
0.5667306
0.7689032
0.9791322
0.6280165
0.1805411
0.100876
0.1690219
1.819927
0.2846189
1.015309
0.1596628
0.4025834
0.5413867
0.1236262
0.09366968
0.5457885
0.1532149
0.2891683
0.3088403
0.2471669
0.2426039
0.3222335
0.4218686
0.4315451
0.7098621
0.1018807
0.3842182
0.830141
1.403434
1.780045
0.7701917
0.5202143
0.5209079
0.3596544
0.1439512
0.3923589
1.202948
0.6317654
0.1511023
0.3800019
1.900538
0.3233462
0.4788744
0.6560705
0.4350804
0.4738808
0.9935681
0.5144835
0.4479818
1.879026
0.5568401
0.6519047
2.196719
0.4178939
0.1544879
2.421333
0.4822874
1.198986
0.4157034
0.2487905
0.2467144
0.3667941
0.5854172
