859.5781
1235.165
432.7264
615.5992
1379.758
638.5461
841.3845
1930.876
895.7249
1277.097
848.9201
1214.165
879.523
736.4165
1425.847
451.7232
1231.76
634.0928
822.8268
1112.857
816.2178
513.0833
1826.476
1823.231
1011.33
1926.5
447.2928
980.4799
1098.532
992.7636
1406.204
1167.892
1195.824
664.0423
2383.054
2492.757
1948.819
2504.274
754.5007
1586.762
1220.36
867.9432
677.8249
1656.282
650.3919
1277.375
683.6276
700.2961
649.6354
937.9394
691.3917
1090.466
1742.696
693.8795
856.6652
1405.671
2706.588
763.5915
1779.269
1840.298
428.7786
721.948
1567.041
813.1111
1070.276
1156.761
1825.806
678.585
653.9726
3582.228
1087.176
663.2859
4919.69
1101.637
1033.864
1045.637
1035.529
1732.875
853.2164
586.4345
588.3304
905.3842
1422.532
1528.28
839.0238
588.2433
2014.604
759.8548
974.3665
769.1742
1214.671
507.3428
2319.89
701.1964
816.3664
988.7267
1402.626
985.3839
2143.172
594.7132
613.8185
415.1596
992.2297
612.8542
1372.901
887.6391
580.8877
1562.912
889.3523
515.9678
1075.207
492.4352
1288.391
1292.305
1232.694
858.0316
980.1912
1323.312
667.7376
703.5937
631.0134
686.0338
631.3015
835.6991
1493.887
1926.432
761.7694
1332.343
950.5092
1009.758
1253.312
635.9885
515.3992
751.3891
662.2098
773.9226
579.0223
637.3988
748.0251
960.8745
633.3128
1851.315
1066.01
1042.158
1186.723
660.5409
955.2311
814.6106
587.2674
1746.938
7257.594
1455.977
790.118
731.2379
2297.478
1011.495
1346.816
945.9007
2453.877
1533.851
1444.783
641.4076
1028.226
888.2634
1020.35
834.1836
2140.198
878.3921
1054.564
583.2092
678.4627
1025.628
858.3522
969.1843
1380.559
888.6323
842.0589
350.2481
1159.098
5163.011
677.9628
691.9354
1844.336
674.1083
857.4718
1797.258
1154.383
838.6989
1301.347
982.4484
442.5134
938.2012
859.8073
723.41
862.4801
742.3946
937.4437
1118.463
802.6484
668.8149
947.0745
1485.317
1048.898
1062.588
504.7508
1724.705
1438.804
637.9594
951.4972
1598.882
707.394
836.5024
1426.412
674.8547
1508.502
1122.64
383.8651
2785.761
1276.892
4071.886
802.452
715.2967
876.6065
992.7258
649.1554
1231.974
552.1921
846.4396
694.9239
743.2487
498.4347
640.3969
650.1443
561.2048
1110.057
1197.114
1477.834
555.3289
1608.147
621.5067
1930.256
1659.749
726.2862
2098.316
1385.71
565.5169
1248.605
771.1273
867.7421
1370.469
1101.164
1774.039
1532.274
1356.652
823.1887
1308.822
524.0931
569.2339
979.5254
623.9064
773.9631
1050.692
902.3149
1992.998
1451.916
1531.786
800.8457
676.4929
1743.479
869.2439
1842.085
500.8644
993.1356
523.6249
1292.83
649.6554
1011.583
1598.497
665.2323
1661.704
615.7358
419.0667
3015.41
949.4556
722.5534
1502.997
6956.571
514.6792
1897.387
1343.979
4752.584
474.6613
378.2078
1079.362
515.9804
3010.714
1035.349
461.2435
270.5628
1164.324
1772.271
2002.515
4084.721
769.869
5749.378
1304.649
951.9584
844.3165
1518.139
817.7618
1385.221
641.3005
640.3191
829.6361
783.6338
678.2844
1335.775
483.5206
923.0592
436.9884
1770.585
616.9789
1412.672
1049.389
795.855
747.3964
745.6996
698.7249
662.7635
507.8103
722.7505
1513.894
448.3895
976.5228
974.5841
814.9785
991.8866
856.1082
1306.227
923.3041
1395.053
518.688
1058.202
678.4966
624.9882
856.2962
1011.211
1353.053
4938.653
595.8109
967.0585
3415.645
1100.24
880.6353
1010.376
1660.207
1300.61
2611.378
791.9635
1174.029
994.4616
1568.177
2182.107
917.0694
1508.502
1849.931
801.9875
1262.69
819.7924
704.368
870.3164
543.6717
766.8819
834.0967
614.3317
1004.701
639.523
1066.754
1045.852
648.6212
1636.362
722.3305
946.5949
597.0956
618.3015
1224.091
1440.537
812.1315
1880.692
2303.9
615.1235
621.825
1003.479
1275.637
573.1523
1170.95
721.5222
782.1148
904.5274
897.922
547.2973
2275.308
403.8557
2674.751
1791.357
600.2739
383.3051
997.2911
603.9594
796.968
586.2567
744.6541
915.8432
773.75
729.073
771.9889
2600.36
1674.585
481.172
381.7884
615.593
785.1644
1625.567
995.7428
2634.358
2123.222
1762.117
2064.711
959.9187
1489.154
998.2692
454.9197
617.7579
2143.855
1817.317
818.332
1759.668
1269.821
631.0155
734.1205
454.6563
709.1499
729.496
732.1959
817.3859
865.0761
865.8583
724.5227
673.3917
938.7923
538.0202
1507.129
948.0311
1935.075
731.9206
1176.838
803.2534
587.2626
1614.863
939.1836
909.0723
1590.481
534.6776
765.83
1931.847
1273.235
691.3648
965.4194
1778.925
1055.945
1860.369
2578.155
542.5377
652.3986
563.0127
1423.513
768.6199
1161.817
909.3048
1989.949
1129.235
1319.336
1945.643
556.3589
816.9058
845.159
1442.873
1579.679
594.0186
1530.072
254.9753
944.6242
700.4219
1136.438
860.5352
968.0898
1159.165
963.0812
1613.846
627.3448
