1.46175
2.299681
1.421324
3.282897
1.422244
1.695962
1.525391
0.8013431
1.215145
1.003015
1.066669
5.172903
4.187905
5.994895
3.62511
1.080005
0.6396789
1.76948
0.6619247
1.049975
1.063535
0.6008025
1.215874
4.605652
1.41281
1.260462
1.292702
1.694811
5.844977
0.6982454
1.444897
0.9462856
1.02211
0.7286164
2.84642
0.7726522
0.8421762
0.6540664
1.43763
0.4300501
1.593013
1.386396
0.9276311
1.495857
2.497544
1.210346
2.710716
1.413426
2.095568
1.080377
0.5370205
1.15975
2.523876
4.366381
3.032944
0.8917229
0.8013061
2.733368
1.457182
2.602355
0.7382258
1.828048
1.304369
0.8862556
0.6334815
1.308951
1.111234
0.8613899
2.833758
1.718058
1.000068
1.047052
1.457615
0.6797998
0.9322773
1.253791
0.7129356
1.342737
2.091573
0.8330142
1.03859
0.7092293
1.124377
2.286133
4.054183
0.9334666
1.932914
1.04324
1.763565
2.551803
1.253917
0.8925849
0.6087339
2.148565
1.438312
0.7557904
1.15859
0.7769402
2.643444
0.7623944
3.416979
0.6342074
2.130653
0.5283924
0.4851184
0.8811524
1.883615
2.206008
5.112708
1.347427
1.855067
1.667283
1.229759
2.45365
7.164621
2.522772
0.7330336
4.919014
2.171784
1.660467
2.388595
10.5151
3.761603
2.044508
2.295326
0.4448099
2.323627
1.104192
3.500744
0.9355336
0.8949638
0.6953403
1.707554
2.617144
1.244984
2.596678
9.026179
1.802608
1.06636
11.89072
1.901516
0.6804242
3.343547
2.723698
1.054544
1.757452
1.723472
1.895117
0.4327321
0.5710081
0.7678143
0.6427904
1.552959
1.429314
0.5069057
1.533854
0.791026
0.5644027
1.712447
0.8466881
0.4685723
1.021819
0.7825385
0.872065
1.008671
2.079716
2.431721
0.4074773
2.062309
1.027817
0.8870415
1.120126
2.313135
1.527175
0.8148775
0.7437798
5.6654
0.9123471
0.8483051
2.755688
0.9131882
2.469334
0.9691897
0.6688663
1.151848
2.670349
1.436524
0.5293915
0.5502206
0.8450826
1.172377
0.7254185
0.5245283
1.354556
0.8638865
0.7053806
1.178305
1.546021
0.4396809
0.6252444
2.205847
0.5068178
0.9249944
1.238834
1.646947
0.8632609
1.318863
0.8138443
2.123502
2.298367
4.897024
3.969832
1.141959
0.7481271
4.934983
2.126766
5.641585
1.099345
1.548128
0.837786
1.249382
1.204184
1.418853
0.6800166
0.6104839
3.455788
0.8522537
1.216625
2.867806
0.5223748
1.940693
1.421637
1.061627
2.127676
0.4034302
2.350294
1.45256
1.955887
0.567163
1.667399
5.30542
2.956952
0.6452787
6.429939
0.9060341
1.485419
1.159706
9.095056
0.9576586
2.703463
18.78426
2.233861
0.5808003
0.6737916
1.683549
0.7341595
1.093163
0.757294
1.188165
1.22034
1.012776
1.221295
1.100689
1.4796
2.428292
1.590473
1.895617
2.145035
0.3847119
1.234465
0.5589699
1.06875
0.9334288
0.5524121
0.5753293
1.625631
1.374044
2.251828
1.488419
2.627789
6.933104
5.979802
1.442827
14.36901
1.061871
1.113486
2.704819
0.7403438
0.2831058
2.626082
1.46651
1.972343
0.6746743
0.3842355
1.001884
0.7466949
1.040232
1.256135
0.7901091
1.6676
4.092477
3.863268
1.867017
0.8754333
2.279473
1.997339
0.5442709
1.188424
1.486264
2.917719
0.8556953
0.959851
1.397196
2.058066
2.369058
1.713909
2.567429
0.2780039
1.601476
1.942759
2.047853
1.186898
1.038456
0.6911081
0.7494623
0.7354166
2.447661
0.5910981
1.011993
1.913204
1.208861
1.628563
1.740927
0.6970319
4.185223
1.763945
0.737559
0.4418829
0.7875152
0.707915
2.333254
0.8739831
1.130556
12.42676
0.7120056
0.6713893
0.9332278
1.679764
0.5093291
2.131215
1.729303
1.18126
0.8324678
0.6918257
0.9257592
1.468204
0.7419698
1.66446
10.40835
0.9683118
1.285354
1.117999
0.6965528
2.083434
1.241734
0.6951291
1.573136
1.995654
1.484179
0.8972962
0.5159048
0.8260887
0.7560194
2.751736
1.555785
2.034297
0.6891095
1.904584
2.012126
1.782744
4.01496
2.250575
1.69547
1.615758
0.7469777
1.003289
0.615384
1.674519
2.304446
1.210322
8.652298
0.4950329
0.7196076
1.206055
0.7555848
2.820872
1.415173
1.65482
5.715539
1.225994
0.9388553
0.5877243
3.679264
2.02782
1.977914
0.3013548
4.531647
0.5612855
3.443347
1.993883
0.5698842
1.143958
2.115375
0.9290158
1.697995
1.592973
1.800529
0.9349402
3.280246
4.909453
0.7642622
1.837834
1.066917
1.413189
1.497119
5.162209
0.9364568
2.398094
0.946826
2.241402
0.8066204
0.7140474
8.806628
2.061746
1.398561
1.790235
0.2856762
0.8227907
1.407346
1.520925
0.7233576
1.641551
2.267274
2.625105
1.215693
4.534537
2.123208
1.362918
1.051021
1.38472
2.328013
1.847598
1.691348
0.8675247
2.712638
1.08355
0.7895439
0.9175693
1.455581
1.113359
0.3931947
2.828441
1.872977
1.374621
0.5518905
1.924585
0.7521645
1.091467
0.5963103
0.9889098
1.346151
2.098697
1.261205
0.7875507
0.6468237
0.6256303
1.519348
1.483065
2.462178
2.342135
0.621446
1.405032
6.233894
1.178055
4.199889
0.7172057
1.236795
4.853777
0.9056694
0.8957654
1.834341
0.5280908
1.974939
2.685088
3.288065
5.208194
2.190523
2.742828
2.589535
1.904459
