61.22685
61.22696
63.27262
88.01381
114.1927
99.85707
92.27767
86.58376
92.73008
70.56829
38.95799
56.26855
84.95008
85.01828
82.27691
65.13435
87.48589
111.013
119.9774
151.9205
165.2659
85.42272
118.0496
123.7014
58.43675
55.27469
127.2095
185.892
205.6401
167.9526
155.3955
165.5803
76.11891
76.05988
59.08061
117.2566
141.4938
247.4279
191.4165
113.7111
162.761
85.98342
71.19749
84.98137
66.82525
82.20202
70.9563
62.80025
64.8421
103.1805
118.5099
95.47241
80.99583
68.54903
95.30734
128.2295
166.0917
106.8319
121.5825
74.91789
106.9823
129.3372
107.5951
112.5036
84.81685
84.50314
141.6598
134.8451
131.2677
132.0735
154.9896
110.8248
109.0045
74.0259
101.673
88.18124
70.49184
54.46953
88.89018
101.2672
113.8501
87.38131
88.45072
119.3866
80.6178
102.1283
104.374
96.70925
92.74067
66.91143
93.57844
81.55878
203.3763
194.9144
207.6903
154.0129
148.6239
153.7003
104.2485
99.94576
151.8857
158.7377
140.7938
180.3388
130.788
201.9039
342.9402
498.7879
557.2963
618.9657
707.8926
515.7306
529.9039
819.5387
1209.766
1543.42
1893.032
1808.204
1185.366
979.6642
1424.654
1848.291
1387.133
1779.618
1393.836
1558.932
1783.379
1925.37
1732.059
1161.729
766.6256
1111.3
845.9388
719.1426
968.8977
1248.247
1055.388
1393.677
882.3127
1928.916
2201.936
3196.77
2177.027
2749.94
3637.331
3264.506
1891.29
1150.451
1707.398
2076.266
2419.591
2492.696
2313.289
2343.323
1998.067
1747.342
1759.177
2822.046
2828.148
2428.242
3058.496
3538.776
3264.412
2931.367
2797.462
2207.147
2032.821
2078.123
3758.365
2855.193
2740.948
2560.373
2495.768
2008.833
1872.319
1761.451
1996.006
1313.715
1369.626
1182.475
1409.394
1443.823
832.2316
718.4312
736.7347
1112.281
910.9315
667.675
376.9549
403.0772
444.2596
531.859
941.9975
788.0435
664.0241
559.9205
646.0772
1435.427
1124.47
1159.572
663.7663
588.9308
244.067
319.3649
307.0672
350.2484
642.1652
759.4404
437.6375
353.6106
371.7637
384.2572
474.8329
717.5326
1066.843
1987.671
1693.427
2266.427
3266.915
2115.424
2772.4
1752.901
1388.882
960.1081
1095.14
1366.599
1055.235
1508.47
1524.467
1863.657
1947.783
3038.707
2263.654
2215.03
3085.805
3299.175
3002.124
3008.799
1572.849
1952.623
1908.712
1588.276
1253.322
1202.399
1880.12
1475.479
932.5561
993.3885
1029.603
524.9936
632.3288
1023.105
2219.306
2517.406
1758.715
1135.916
997.2307
1251.093
1374.01
1051.546
786.8287
531.8628
624.513
464.5613
579.9092
1081.926
822.5364
666.4143
947.3775
467.1073
1000.602
751.7323
1220.249
808.3452
956.0851
834.7443
948.2798
827.1483
1720.009
3487.855
2635.746
2385.777
2944.177
3083.839
3528.678
3616.345
3051.121
1819.327
1311.798
1578.401
2165.505
2858.954
3693.332
2417.173
1650.767
1382.31
1490.932
1462.246
1498.646
1200.885
1725.448
2077.565
1339.824
2018.676
2758.278
2070.31
1809.501
2345.178
3372.969
1948.711
2637.523
2061.106
2286.276
2364.913
3381.673
2832.264
1523.335
2809.787
1819.019
1887.646
1348.151
2456.912
3250.429
3530.146
2844.899
2870.531
2996.184
3145.336
2619.476
3039.891
2775.313
4104.116
3132.124
2522.785
2409.181
1676.753
2826.546
2369.028
1150.58
641.6917
960.3558
956.4286
1283.972
1334.572
1624.697
2203.812
3651.612
2965.043
3129.454
3765.915
2098.435
4908.958
2201.396
3188.033
1804.338
1545.142
4278.206
2697.323
1930.17
2744.771
1539.391
2490.235
3271.863
2375.407
3030.339
2594.201
1285.078
1565.118
2407.508
2593.862
2319.957
1649.603
1963.375
1278.549
1954.087
2260.263
1247.034
630.7638
717.5445
1379.665
3089.326
2958.044
2784.823
1687.978
2179.376
2427.852
1812.335
1314.868
680.6941
1163.398
1785.263
3516.37
4598.994
2652.434
2634.728
1558.616
2154.01
1580.205
2973.458
1722.505
573.3429
540.166
1076.432
1517.575
889.8147
417.2388
318.7496
281.953
229.9983
166.9285
136.1214
115.9279
98.88341
123.3341
149.3059
118.5214
104.3265
75.51833
59.97422
42.49574
43.90533
65.7649
47.97923
46.63612
59.26042
82.88177
124.8947
72.04662
77.04133
55.27335
47.78813
38.50019
64.77267
47.67683
84.13543
76.24226
117.7189
142.5253
101.764
146.0514
138.3915
118.8599
85.96508
50.46417
87.81747
157.8751
86.17428
100.2797
98.04479
108.8919
85.41538
183.4042
107.974
88.33322
63.95813
152.2977
96.02701
98.96838
91.19671
68.55258
37.90245
73.43148
74.49219
91.18591
126.939
107.9173
86.2871
84.93282
195.3574
122.1044
121.4274
152.4376
169.0184
196.0669
181.894
153.3661
112.7443
174.5885
158.1296
146.6538
157.572
102.1089
135.6067
174.6984
313.0678
402.7338
359.8876
368.3571
230.9822
361.8157
288.141
233.9299
337.577
205.8868
201.9592
211.8365
269.6663
161.0589
171.5754
183.6161
