441.0839
439.5247
387.854
449.9772
442.8385
439.2557
421.9972
470.3019
455.8636
417.8681
411.7363
430.4891
428.6767
438.6764
414.1974
400.5223
485.7923
465.5782
425.4035
424.0144
443.0972
429.7388
435.0453
473.3656
426.0165
419.8018
422.959
434.2394
413.7878
437.7976
450.418
444.6938
462.6741
429.1867
401.7486
464.2905
421.841
420.485
407.0414
418.7903
433.507
442.8166
430.026
423.5993
449.8591
423.3787
446.9933
414.7313
444.1703
413.46
442.567
431.9713
411.5868
413.3095
409.2286
421.7176
437.1557
424.7361
423.9904
450.1842
438.4636
443.4178
433.3444
416.3875
421.9037
424.8119
422.3328
430.6864
436.5899
437.6121
434.1873
415.3758
407.1128
423.6995
452.038
421.7781
460.6521
408.9361
431.4602
445.3226
408.1409
422.3024
442.8543
430.3215
435.4889
420.6713
449.5915
423.1963
432.3273
416.1265
414.3735
435.4058
475.2726
464.9078
442.5938
399.3925
436.3366
438.7999
415.4431
423.0249
406.7237
464.5487
424.855
429.0849
431.505
428.443
396.8425
436.6327
407.9737
413.2788
448.3264
416.3381
411.4933
395.6468
411.2778
425.6129
416.1857
392.7971
395.3375
427.099
411.5977
388.1831
398.2644
451.8936
464.0819
417.0049
429.4547
377.219
419.9117
376.3145
443.869
406.5033
418.2497
437.3378
442.6426
425.2683
412.3485
397.1006
401.0862
390.4031
409.1038
397.5726
386.0616
398.4502
369.94
379.9011
414.9506
390.7623
378.1937
390.1692
402.2011
394.4637
403.7055
405.2079
427.7676
391.1063
410.4626
389.2738
389.927
408.7929
414.0727
396.1726
368.4911
392.2776
406.6334
402.0673
396.4118
402.6614
382.3454
428.19
369.8219
383.3189
380.4728
396.8823
416.1817
394.0853
397.8585
407.1241
432.0606
435.5046
409.5716
424.2894
411.9941
429.2858
410.8472
429.9368
404.8967
426.823
429.1106
441.0631
416.9476
425.261
421.0398
425.3573
426.1304
428.3642
450.9895
440.0668
424.7232
402.1571
396.7472
449.0824
417.813
384.1328
399.6733
436.9493
397.3305
407.9452
427.3981
399.6093
441.1238
407.2189
439.7329
424.5941
410.5117
401.8307
391.4907
408.1298
418.6512
438.9878
389.3893
447.0188
422.1781
415.8877
398.3497
441.0165
433.2577
383.8942
417.0036
376.8915
389.7804
384.4713
347.5212
423.3549
385.0653
373.3997
414.666
374.327
389.5012
373.6611
391.9578
401.4704
440.5984
376.4105
404.8224
416.7213
419.804
425.749
424.8618
411.3274
405.9525
423.0971
388.1554
400.2571
413.356
388.5989
411.7596
405.8783
417.5922
407.065
404.1066
437.8241
427.7575
440.9596
414.9656
414.1454
404.4215
426.1175
405.4998
422.8832
462.7393
452.2227
422.5665
381.6385
412.3235
434.8888
412.8893
433.4493
407.0217
369.0214
390.8572
382.8749
356.4486
375.0337
374.3851
376.3069
380.9921
369.691
405.0045
398.0115
428.4689
369.049
371.5724
400.3508
403.1594
399.9717
419.202
395.7637
405.0984
379.4034
422.8575
419.0579
392.3591
403.319
379.3627
412.7084
395.7553
426.5803
387.1224
367.428
406.2094
383.71
374.2825
433.1152
396.5102
421.8078
405.2632
380.7079
397.9771
413.0632
384.5092
377.0122
413.2549
399.5277
364.0793
376.1311
364.2327
413.6131
363.4961
393.9181
375.6034
374.826
370.7676
419.2718
418.9401
404.401
382.9522
395.2074
410.0011
443.5941
424.1612
432.6914
420.7742
398.5991
387.2517
354.7465
381.9671
397.4665
374.8137
367.9361
387.4525
391.4781
394.7929
378.2358
403.1487
402.3309
395.9889
372.3532
369.1075
378.4729
422.5898
398.2056
371.2298
385.4092
409.836
439.5389
405.6477
452.6889
379.0588
417.578
401.8663
424.1716
392.1172
379.3014
418.5809
396.4242
439.1526
447.5421
429.2104
405.5995
394.0012
407.8578
387.3626
400.0565
385.3535
403.2415
390.9486
393.072
405.0142
407.8676
375.7746
394.1333
396.5106
398.7218
380.7345
380.1233
422.2684
388.0475
408.4506
389.4795
395.4973
415.5064
391.6216
396.3998
410.1772
446.7728
416.169
479.1001
430.4591
403.1591
411.4473
435.115
410.9323
432.1777
432.0811
424.2886
421.0005
410.9648
400.1674
469.8122
431.8836
415.378
441.653
447.3399
414.0294
443.305
399.9274
435.2836
396.3319
406.3281
422.2417
421.0686
443.8837
458.5973
419.3534
443.4954
399.1927
418.4021
461.022
455.7676
448.0045
419.9914
442.1816
450.1332
436.0675
431.1293
424.5265
407.1786
412.2481
446.5657
450.3169
413.5428
492.5976
410.1091
444.1767
406.1132
439.6317
418.0113
438.0882
437.2736
439.0076
415.6609
399.0299
438.5299
413.7484
419.5755
429.5862
421.9436
427.3637
436.6765
429.7258
442.4467
461.1215
413.0264
423.2603
391.2264
421.5154
461.7772
439.8231
446.06
440.4565
450.8034
399.9086
424.4439
433.4236
415.2031
433.3231
420.1435
457.5344
414.1118
417.2409
456.6966
432.3606
442.3577
446.6839
459.1653
414.1469
430.1869
400.3216
424.5994
