103.1104
101.0691
101.127
102.8425
104.1435
103.2327
101.2678
101.0712
100.0205
100.3994
101.9653
100.2614
99.05656
100.2063
98.823
98.02378
97.10829
97.4319
98.40989
100.5977
100.1984
98.14987
95.49142
95.59577
94.66283
96.43983
97.95672
100.0934
100.2381
100.2772
102.8562
103.9431
103.2769
100.6909
101.4479
100.3017
99.39605
100.9321
102.4717
103.0017
101.534
102.4978
103.9979
104.0722
104.3425
105.3557
105.2511
105.4396
106.7406
106.0994
105.8397
105.503
106.3648
106.7715
107.4809
108.3752
108.0506
107.27
107.5717
107.4681
107.8463
108.6632
109.4605
109.4461
109.5896
109.2665
108.3413
108.3783
108.395
106.9563
107.398
106.7319
106.2145
106.8318
106.8036
107.7598
107.6502
108.4652
107.9797
108.2632
107.7291
107.8643
108.5504
108.456
108.497
108.692
108.6977
108.1178
107.1834
106.6133
107.1633
107.4879
107.9184
107.7038
107.6064
108.0323
107.9396
108.3902
108.234
108.1664
109.8598
109.6622
109.7112
109.8798
109.609
109.7962
110.6711
110.4502
110.77
110.6731
110.8099
111.2615
110.912
110.9138
111.5081
110.9308
110.967
111.1407
111.1782
111.4428
110.8068
110.9729
111.3917
111.2551
110.2273
110.0859
110.2809
109.695
108.7063
109.7067
109.5707
109.6934
110.3345
110.5139
110.5364
110.5
111.0651
111.4519
112.0376
112.1421
112.3488
111.8916
112.143
112.2441
111.3993
112.4292
112.5175
113.0088
112.842
113.0256
113.5459
114.3164
113.6803
113.0877
113.6796
113.6655
113.3591
113.4415
114.511
114.2632
114.0944
113.6013
113.759
114.6065
114.7245
115.0009
115.6329
114.9662
115.8249
115.0332
116.4969
116.6977
117.2313
117.3972
118.0876
117.7897
118.2868
117.9008
118.0907
118.2969
118.4131
118.0428
118.0619
118.7094
119.2984
119.2496
119.8499
120.1913
119.9505
119.5156
120.046
119.9781
120.0203
119.3869
119.4927
119.8162
119.7553
119.9342
120.1704
119.4203
119.4495
120.0414
120.0712
120.0982
120.8613
121.1568
121.0853
121.354
121.3305
120.7655
120.926
120.0684
120.1851
119.6566
120.0376
120.7898
119.7578
119.8956
119.8097
119.5921
119.028
119.8115
119.8098
120.5327
120.3217
119.406
118.2888
118.1724
118.1288
117.2272
116.965
118.0302
118.5351
117.4991
117.1355
117.0172
116.7343
116.5847
116.8549
117.2818
116.6393
116.8952
117.3392
117.0987
116.5371
116.6443
115.8186
115.1096
114.1924
114.2082
114.7069
113.9225
113.5547
112.5246
112.1133
112.6617
112.5093
113.2038
112.6323
111.7684
112.6814
111.7449
112.5965
112.832
112.909
111.277
111.1297
110.8244
110.286
111.2155
110.8448
111.4397
111.5528
111.3852
110.7508
111.0666
111.4643
112.2716
111.9498
111.3791
111.5786
112.0572
112.4481
112.1233
112.2429
111.5368
111.3868
112.4132
112.5371
112.2562
112.3195
112.2107
111.8773
112.6315
112.4164
112.8803
113.3509
113.9194
114.3403
114.5928
114.451
114.2683
113.7595
113.5316
113.3266
112.7169
113.4136
113.4678
112.8858
111.8514
111.4084
111.6427
111.4112
110.8975
110.8477
110.8223
110.9875
110.2958
110.8199
110.5831
111.426
111.7284
111.8748
110.7729
111.018
110.9216
112.118
111.6521
112.0799
111.5476
111.3418
110.7668
110.4591
109.528
110.2192
110.9038
111.2498
112.3157
111.4636
112.0101
112.8529
112.6017
113.16
112.477
111.3949
112.0491
112.3122
113.5595
113.0809
112.565
112.336
112.3103
112.2123
111.6754
112.2632
112.0714
112.764
112.5075
112.1952
112.2479
112.5316
113.7512
113.6581
113.9453
113.3695
112.601
113.0416
112.482
112.8189
112.7717
112.8125
112.7904
112.2076
112.1452
112.0766
111.5427
110.9577
110.529
109.3472
109.7993
109.9667
109.7163
109.4562
109.379
109.4956
109.4902
109.3138
109.9823
109.2163
109.0743
109.8888
109.1007
108.7376
109.1372
108.9459
109.0218
108.5067
108.0724
107.8399
107.7664
107.2916
106.6428
107.3905
106.6394
106.9287
106.1956
107.1251
106.6044
107.0455
106.728
106.3268
106.8733
106.8702
107.4925
107.4324
106.782
106.5961
106.7069
107.0557
107.327
106.9667
106.2015
105.8126
105.7898
106.0589
105.1617
105.3461
105.1095
105.0625
104.9398
105.2851
105.3524
105.5928
104.8358
104.5423
104.2043
104.2083
104.6377
105.1726
104.8077
104.9204
104.4752
105.2131
104.6728
103.9858
103.9379
103.9754
103.8683
103.8326
103.4098
103.4159
103.6333
103.7963
103.8551
103.8029
104.2786
104.5085
105.3194
104.8631
105.0314
104.6345
104.4563
104.6761
105.0199
105.3199
105.7518
106.3289
106.0168
105.6077
106.8431
105.821
105.8936
105.7941
105.8044
106.0096
106.6866
106.9282
106.9738
107.4129
108.0886
108.7627
109.0963
110.5134
110.8026
110.5478
110.9397
109.4493
109.8505
109.929
109.8421
109.3099
109.4668
109.4961
109.6113
109.0523
109.3306
109.1166
108.4951
108.7627
108.8191
