225.5149
217.2714
170.7484
169.4871
187.5844
200.1024
179.3678
197.4934
180.7142
192.2443
254.9308
204.0648
184.2518
152.0641
158.3853
179.5613
171.8467
223.0772
185.1456
213.2615
181.4109
212.701
189.6694
194.8768
179.7399
177.8858
169.6263
182.2869
168.5095
191.2846
147.9452
153.5388
181.0209
177.0861
185.32
172.3587
159.4974
160.6579
194.5095
180.4328
186.3447
160.8333
182.1367
160.6221
202.0743
167.7948
178.4787
172.5548
165.8105
192.0049
212.2618
181.8395
194.5328
187.6953
197.4632
188.1158
171.1379
172.9608
207.785
179.9861
170.8969
186.9596
163.2994
186.4653
159.2658
167.2531
165.858
181.1879
215.9198
197.6738
187.4214
184.3271
164.4701
173.9375
196.7651
177.8467
173.6176
177.4583
196.3649
164.6134
167.4326
189.1946
204.7897
169.9692
184.8448
205.7669
175.0853
190.3016
184.2953
171.9786
164.6957
170.9659
172.4393
175.4673
213.2318
189.4624
173.4146
176.9131
200.3028
186.2436
166.9315
210.5499
156.9676
199.6676
192.3696
190.4509
197.5118
215.3762
154.5618
186.971
169.802
198.5849
190.899
186.1882
179.708
167.7834
183.4123
183.8123
188.0357
168.0341
159.4498
157.2374
175.059
171.6146
168.0499
212.5264
179.2094
198.4817
174.4961
164.6347
190.4976
173.0097
160.4984
174.3125
181.2023
209.1865
200.1111
218.5739
203.3683
200.3659
198.4246
166.4036
184.0075
198.5336
183.6575
196.7734
192.2619
211.333
174.1091
181.29
188.3916
170.9433
127.7954
198.2432
209.5491
179.1872
183.6233
192.3222
177.6453
151.7467
167.921
193.0607
170.0977
174.4308
185.7407
193.9518
170.583
148.0572
206.2164
183.1034
214.6814
180.3736
189.291
180.1738
162.3814
176.1812
169.3511
185.1006
159.0175
175.8022
151.0547
166.7603
173.377
194.3685
219.7195
209.2367
205.4098
157.9252
162.3754
204.6667
202.8435
157.0728
175.2644
227.9606
231.5939
182.4318
158.976
195.354
201.4758
175.6999
210.5891
177.9402
183.7988
180.6208
183.3709
150.8012
180.1652
213.7188
213.0582
191.0867
161.6637
162.6646
190.4501
189.9636
178.3017
193.624
193.2085
170.6098
162.9335
170.25
182.7397
161.8428
172.1206
200.0642
184.0743
178.7744
175.3095
170.9897
174.0961
203.2325
191.7979
167.7437
166.4058
213.28
192.9249
196.1374
209.4784
155.7078
184.8578
161.1164
159.8597
226.3786
189.6373
180.945
176.954
159.5348
169.5463
158.8079
158.0378
174.0344
192.8683
169.8975
192.231
186.3731
162.654
177.3011
178.5384
203.4794
177.9721
198.9597
195.9713
204.8975
216.2239
154.241
189.7243
181.9886
168.6586
194.3996
201.4774
182.5702
163.6944
170.5075
189.4195
191.0174
179.1748
168.6453
186.0518
177.4266
178.0352
186.6192
190.2792
213.6368
179.0784
169.5653
164.1894
161.6166
177.3796
177.2648
167.6078
161.4828
193.9573
182.0815
173.6767
169.5031
196.5698
173.5094
169.4923
226.6118
200.1142
203.4719
155.3652
191.1567
181.0111
183.0998
193.3772
186.9239
178.5385
180.197
162.0987
170.392
185.7993
141.1849
181.846
166.458
187.2529
196.1567
160.545
176.5888
160.2986
178.5232
163.0057
202.1721
172.4545
182.2622
145.7588
188.1986
195.5262
174.422
193.0799
150.2577
156.2788
175.7091
194.2137
186.8073
170.5691
204.6697
200.3495
194.0651
180.252
199.1531
175.5236
140.289
170.6377
180.5531
172.3325
194.4811
175.9826
190.8873
172.6924
173.4034
152.483
166.4454
187.4036
189.605
169.5031
166.3185
162.5098
187.4421
180.8497
214.8303
168.8432
199.1344
180.9442
192.0163
166.9948
173.6706
181.2236
161.0723
154.8254
192.4608
172.2437
164.5634
211.4127
203.9979
178.8087
180.7247
157.4575
180.3977
186.5218
181.6465
185.893
163.2905
154.638
188.6798
164.1585
188.0426
162.8291
175.8689
164.1945
173.0569
183.5241
155.8579
170.5299
178.9451
197.0446
181.7015
173.2311
160.0707
170.3336
186.2264
201.9446
182.7594
151.687
159.9454
169.793
178.5674
166.0114
167.3215
189.8805
155.0183
188.0247
213.1685
198.1114
213.4899
191.6637
213.1038
166.7004
210.7324
201.3989
181.4528
170.6348
207.977
182.4236
183.3121
208.3765
187.7428
172.9316
192.1181
175.3392
176.569
207.1739
173.7864
180.2589
222.175
182.9812
216.4699
162.0054
169.131
177.6329
159.2764
173.0734
185.1106
173.3792
233.6371
197.9509
167.2382
180.1191
188.1736
172.777
168.7967
184.6693
187.1556
171.8937
177.6993
149.3894
167.4643
179.1145
166.9223
182.3506
210.3535
155.0893
189.6746
197.524
201.9944
165.768
181.1003
179.6894
221.9564
179.6829
167.0063
198.8806
160.2066
165.1487
194.5106
184.3402
183.2592
181.6787
193.348
191.4365
197.9432
172.4347
199.4797
178.6678
166.2794
198.9232
158.2876
163.2086
188.4401
220.506
185.1904
181.2194
165.8308
161.3347
175.7858
201.8709
160.8115
204.648
205.0394
212.5602
186.8138
