639.3381
714.551
860.9042
470.8139
477.8873
1013.225
516.6543
828.7156
434.6512
1303.059
1356.827
971.9049
991.6505
604.254
1965.506
1210.801
1156.643
1948.55
4548.638
2065.48
1204.505
830.7557
1108.113
978.226
1459.541
2525.574
2731.793
879.8699
886.1354
1041.414
1241.391
2182.275
1702.235
1107.061
1654.217
2961.496
926.3437
1041.032
1429.728
2193.611
1619.742
2920.707
1094.723
1078.668
1562.767
1278.159
686.4292
2505.989
6418.355
1075.029
697.7806
747.204
1275.329
4282.627
1031.324
3433.119
1841.929
2225.673
1274.272
822.2545
1411.884
2122.152
755.5866
1261.979
1077.183
2561.975
1452.579
1888.868
633.9146
2063.171
770.5185
1473.943
3524.55
2385.549
1042.675
1268.235
1296.716
1370.174
3543.967
774.4486
1198.044
930.3451
2056.5
837.7811
2060.884
583.502
4756.923
671.6308
1290.133
2157.602
817.2743
2563.06
634.4369
503.3884
877.1644
1684.057
2858.316
1687.749
934.706
1451.704
896.9064
1533.522
1291.542
1063.923
2402.659
812.6697
488.7531
970.4233
2985.003
1338.209
934.146
552.3688
594.4336
3343.428
1707.237
941.7637
3724.569
807.8623
1753.753
1022.864
724.4147
1290.193
811.4602
1665.281
692.521
3181.005
1264.842
1047.989
1011.32
1327.314
1087.026
1643.172
2352.139
833.2127
1348.595
1311.056
1333.252
1169.98
2164.207
701.9544
901.9814
1211.27
808.7189
475.9893
563.2949
722.2947
717.6503
1898.224
1535.374
573.2474
601.9931
992.1489
499.4539
688.2184
957.7621
2157.299
1760.805
1389.893
789.3908
1400.205
596.7005
3655.176
788.062
2870.425
822.1074
1230.768
4635.791
1963.188
896.8975
954.0964
686.2243
594.2528
410.646
1448.181
1846.764
996.6567
1090.905
1893.899
1392.551
486.2482
991.3633
456.2043
1352.482
749.2385
1092.142
823.5486
509.9947
888.5358
714.4834
545.6897
1132.864
1055.87
932.0849
510.8314
1050.344
667.3905
1260.538
484.1375
465.1442
1238.781
1076.132
680.6389
1641.465
1178.888
460.695
488.6296
701.9409
880.814
513.6045
603.716
1296.64
832.1786
814.6474
973.7395
418.6651
1287.093
712.1782
660.9718
1367.268
1001.506
1343.165
1243.119
1731.723
622.8597
1686.6
626.1087
487.1267
1457.067
742
748.9332
1338.806
623.0948
1216.089
2594.329
978.9179
814.8669
631.3315
1194.908
1389.276
3833.772
1651.195
795.0155
1355.484
4216.112
1897.803
832.3712
762.571
892.1438
1549.125
711.8726
847.2963
1197.889
1275.182
719.6946
1378.283
1385.708
873.9609
392.6892
1627.066
1165.346
454.1171
433.8347
1861.406
734.6975
1087.19
847.3739
2590.206
905.1634
2013.46
874.6797
528.2081
1521.945
524.7868
1184.583
602.5213
769.6875
1039.803
595.9317
1627.481
890.3549
1068.386
949.4866
735.0322
502.8575
2177.488
1140.122
809.226
522.9334
1363.07
889.6364
660.831
877.8076
1110.703
956.364
1037.737
580.1264
748.2823
660.2424
1072.057
2635.688
2444.581
1382.33
1509.107
562.5189
950.888
916.0236
1025.693
333.2585
1522.048
668.3788
824.9198
794.1089
784.2354
583.498
653.7572
1591.324
498.1239
527.4003
1067.872
1009.99
456.8646
456.5362
2478.126
1198.637
720.8923
431.5686
994.5177
820.5844
705.9816
529.2906
543.6834
788.7227
1238.405
628.2659
929.8936
1141.633
478.3748
820.1999
897.7034
386.1557
886.8223
934.5355
1764.359
551.775
1517.982
331.3033
1559.577
988.4755
776.3587
735.4099
804.0502
1115.74
832.2429
1148.941
1531.329
620.3343
641.4457
806.2475
840.0806
1786.535
6170.466
600.5095
699.8779
1398.436
1336.616
2748.814
1632.314
1252.48
2031.162
1480.545
2320.546
1902.001
1053.822
2179.994
744.1324
1644.164
514.6053
893.1925
2075.613
690.8903
987.578
1577.734
1099.187
1614.464
1448.239
1160.699
929.1376
562.4123
785.8566
2195.294
577.2958
1177.18
1044.36
732.1941
840.8649
1707.478
733.3977
895.2227
765.1948
660.5799
1238.973
1982.894
1615.835
876.1679
1465.999
1105.903
1041.411
1042.029
1957.109
705.087
1117.786
534.0292
456.6831
429.9496
749.1105
590.1587
2144.935
944.7235
2126.443
1566.068
2272.129
2483.148
764.5016
1808.026
773.8803
855.9959
1144.273
876.4359
1896.292
1834.633
1037.966
333.4442
839.7382
920.2128
558.1103
337.156
1646.9
770.4921
1584.286
392.3863
881.7067
1363.848
659.7107
794.4261
408.779
1217.575
3216.963
987.6604
1120.014
498.7714
1983.941
682.6749
1950.507
575.7963
757.1968
784.3716
1688.988
1877.232
822.5433
685.2392
870.6129
569.29
1126.172
2015.664
648.1991
824.3464
838.6854
1117.139
805.8379
1885.423
1953.742
787.3962
1322.078
4992.095
1901.654
1121.136
2144.391
905.7355
1304.726
1144.561
2456.241
944.1251
699.2311
744.8641
1587.129
963.7024
563.1587
1634.527
663.9646
1420.503
430.2196
1384.719
929.0869
1343.717
677.906
589.2132
685.8603
420.0981
879.1794
1157.447
