275.5095
222.622
233.6856
191.5419
183.4183
232.2507
185.0139
121.7328
84.3026
86.80202
128.1831
127.9901
115.4353
102.1505
88.23922
76.07536
61.91271
70.73063
54.11876
39.32479
49.70426
65.0926
71.11711
82.34113
71.34635
89.39605
87.85895
94.26698
87.22682
80.74079
88.38948
114.5715
108.8755
97.86072
81.54157
68.97968
99.89375
85.22214
63.85947
96.81531
101.4637
113.2295
125.7303
147.8811
121.9278
142.5278
142.346
111.1298
87.91134
103.3943
128.2781
138.8296
111.4843
87.79254
109.0267
164.5912
140.2265
158.089
149.3939
137.9336
110.844
111.8333
155.6847
128.868
158.2871
120.3601
139.5092
102.4932
124.9137
121.9933
135.8265
200.2454
245.2707
297.8305
247.9001
346.2813
286.1613
227.6306
223.0741
160.732
181.8109
137.6605
133.6682
152.4807
166.1232
165.8553
125.3561
127.8781
118.5463
111.591
88.70045
142.1383
136.0334
108.3234
96.19052
83.67647
102.7433
120.3019
111.5895
109.7678
114.0683
91.49932
134.5119
156.0061
133.7139
203.8358
203.6106
134.934
164.9218
166.5718
151.7072
128.5032
110.272
94.52974
77.15991
79.60162
88.62292
120.3048
226.409
222.8222
185.0775
232.391
179.4707
179.1568
209.9508
332.6356
333.3757
331.6274
376.3879
321.5142
341.8885
348.379
338.5653
373.1578
249.7013
313.2808
280.7739
318.6223
335.4654
304.2369
216.3296
210.2639
205.9601
183.248
145.3715
145.7211
192.6622
162.4983
186.6594
186.1401
163.5634
113.9914
97.55945
83.59209
121.1046
172.2732
185.6955
91.44633
116.0896
111.4019
127.256
95.9033
83.40179
71.66236
62.40389
58.95828
66.93182
63.33824
100.8074
71.25733
91.83954
70.05035
64.19843
56.02538
48.48581
62.73706
83.24648
109.1622
117.2331
87.20099
97.30678
85.32981
79.86817
84.28828
82.7077
73.47092
57.58192
67.32512
72.81401
94.79257
93.4391
103.5134
95.84869
86.8971
80.86975
88.14544
149.5572
116.595
140.801
133.9895
217.1283
189.1877
210.2213
219.502
187.7411
145.4666
117.9807
112.2767
106.1999
77.996
64.65584
70.2006
77.90164
87.69501
86.03972
132.9411
128.5545
137.6087
128.3705
99.48339
124.7113
142.158
177.5245
177.9977
200.0468
188.6158
192.7679
159.7046
199.4952
128.0899
199.6081
183.7656
150.1113
148.9955
160.4137
140.4638
127.4387
143.5188
129.6597
131.5297
87.87973
95.62185
140.143
140.0379
109.8882
98.65945
95.54432
92.34246
77.97971
70.87621
71.53857
79.12486
68.80859
65.75127
58.02615
70.98672
66.21247
77.131
95.22393
94.0405
103.9256
98.7472
96.91251
124.5732
108.5644
96.86084
135.504
127.8834
114.702
130.8564
113.4033
80.75615
96.15332
93.85661
103.4891
166.3009
190.1995
202.7292
134.4773
96.00761
112.026
167.1807
145.8676
140.9326
127.7375
173.4892
146.157
160.3514
172.8479
121.6843
89.97491
108.8211
89.30368
92.07849
89.67134
146.3327
135.655
175.8039
193.2318
150.6814
138.345
152.7281
202.405
201.9019
119.7966
118.5491
106.8788
123.2294
109.9056
99.42869
123.4761
86.87039
92.54232
72.08097
58.3088
67.77249
65.33649
53.1762
79.54623
65.80509
75.70525
62.18812
57.8993
51.3008
73.40885
66.55061
89.30836
104.2102
124.0806
78.759
106.085
102.5438
124.2709
125.5202
102.7498
131.3733
185.4869
212.1863
238.8147
154.0028
167.993
177.5629
201.4249
181.568
210.3159
253.6954
261.4931
376.9055
341.6922
286.1076
311.0008
274.4301
225.5886
218.1887
136.9354
90.33917
93.37897
82.4183
127.438
108.5569
168.3582
133.3489
113.8981
113.6629
122.2844
156.3936
141.9679
118.3991
150.1705
127.3569
139.8484
132.828
101.9702
88.1024
93.12223
71.69433
71.37374
88.61441
95.81145
113.5384
100.8802
124.2549
142.8975
186.9591
199.3525
207.5938
194.5215
160.5044
171.5026
178.3492
185.1869
218.5681
154.3925
145.2788
231.3916
147.8896
131.2135
151.0131
185.941
270.0713
245.7508
177.6096
193.4415
218.6624
175.0301
204.4939
217.892
225.2861
158.0735
124.9082
178.598
179.477
218.5638
164.3769
178.0224
215.1748
190.6387
165.9534
150.4737
167.2234
208.0719
187.5979
199.2101
107.6986
111.0294
113.0134
70.78204
111.5389
110.4749
130.4893
156.2984
181.4739
163.3246
158.2603
138.681
129.315
122.5381
128.4008
181.4589
200.1207
175.6731
129.5139
162.8643
124.805
149.6118
116.7776
152.9986
113.5304
100.93
114.2707
113.6803
144.7822
138.5563
138.8019
144.4091
138.1307
156.2889
124.9701
107.4836
116.548
123.4987
100.2708
106.725
96.27272
120.7475
118.3645
118.6707
164.8177
150.3636
185.2178
188.8832
170.0131
181.8055
182.3228
142.3723
140.1809
130.1532
141.7204
141.4059
122.3639
81.46709
61.5342
79.91625
81.11599
73.2641
69.51907
67.43627
77.13858
87.21107
72.9804
77.32632
83.15807
82.10342
104.145
132.5166
107.9051
150.1818
114.2283
118.293
94.15019
