588.6773
136.1275
186.0804
353.7892
312.2113
230.44
429.2079
290.5382
438.6392
208.1319
156.6043
333.3155
380.5253
692.9349
675.582
227.1849
287.4571
268.4803
195.7937
322.9329
441.7335
250.8844
161.163
207.107
297.8557
244.517
226.0056
141.2811
232.7358
339.1602
1009.751
185.355
420.5887
267.5969
715.209
327.3839
390.9348
414.6345
282.1463
437.9357
297.1069
382.0116
295.7425
512.4415
231.0876
194.4131
330.4008
167.0313
145.4061
253.9558
416.8991
198.4613
143.7888
431.5769
626.758
229.7808
456.9046
543.088
228.4542
268.8511
145.2866
182.3939
439.2233
329.3277
222.9165
209.8388
133.3088
145.7493
156.2828
577.6007
337.2682
524.2949
207.3383
222.0448
274.714
332.0755
304.9574
491.6187
356.8671
271.8243
196.4824
335.9242
175.8515
372.8743
370.9863
323.5
258.4993
235.6651
290.8865
2312.158
863.2035
679.6317
177.8518
146.7785
328.8232
230.6321
302.8173
297.0017
658.232
549.1741
306.5817
610.7697
283.7754
354.4194
286.9801
240.0864
624.2375
354.4473
242.6337
210.4523
444.4106
213.5232
596.4746
578.608
224.1278
357.1195
417.4272
302.4409
219.7518
479.9834
128.7561
3850.892
372.9326
509.4124
325.6351
383.8953
221.6287
1023.914
290.9333
857.5845
533.7777
369.5543
379.761
220.5775
398.5459
288.2064
158.5959
272.3311
195.3383
234.8079
472.2257
126.1839
336.3264
352.5058
524.2778
454.7467
647.2999
330.9702
400.9078
265.9354
378.0525
433.4916
517.6935
371.5893
208.5601
540.8637
182.4329
253.325
191.7586
746.4518
593.2764
277.666
794.4561
189.7609
412.0185
379.6807
272.0695
624.9541
160.169
285.5852
187.3037
140.3768
720.2895
187.1001
365.0573
484.065
194.4609
194.214
262.8242
345.8901
499.5043
526.4044
176.6463
227.3833
381.425
191.0365
194.1811
270.5916
149.9046
136.3751
482.3669
122.3686
145.4014
387.6994
1019.449
334.5
603.9518
529.4262
713.6867
389.8254
713.2683
285.6709
319.7861
788.718
278.6474
182.467
405.2691
446.7819
162.1302
512.3403
167.0062
300.889
731.1804
376.3935
189.1957
313.3683
387.3234
145.6867
254.5826
513.5807
471.7747
221.7608
380.2816
120.3132
304.6169
539.1218
344.5004
309.7888
428.5758
359.6973
429.2877
700.1507
647.3513
256.0833
395.4652
141.453
440.4374
316.9905
156.2886
503.049
228.8957
358.5717
513.2584
541.7397
349.6784
369.0086
1349.924
493.2718
165.3002
140.2935
226.8749
279.8668
572.2222
273.6837
145.075
233.0389
430.4726
172.1045
217.4711
458.1453
439.5499
246.5789
645.3636
219.8444
208.5724
379.4028
303.1662
423.9235
434.8181
142.6621
266.4412
137.7177
544.1524
234.1526
489.4276
303.0963
209.2875
199.7053
217.6565
138.8396
200.3675
247.1994
166.972
235.8659
360.9047
245.5706
179.6393
328.3821
417.1611
364.927
349.1057
257.7168
208.7465
644.3327
480.2753
554.3473
203.5102
1123.282
195.7571
266.7257
229.2086
540.2446
190.5388
207.9965
421.8371
318.6824
410.2201
732.2896
359.0337
805.2247
195.3156
312.0017
355.3798
579.7944
675.4893
325.4215
232.0265
434.1789
365.9097
307.4279
344.0309
181.4379
252.3619
358.4902
276.0732
377.941
599.7854
239.4431
371.2542
397.7088
525.0389
179.8701
218.0043
370.5057
1018.853
423.8593
314.7341
395.077
240.678
973.6567
499.6427
846.1005
820.2208
566.0288
290.2003
568.1253
398.0226
520.377
212.5287
372.2016
479.5929
282.1028
210.7601
284.8315
604.1054
252.9935
222.7676
253.0301
502.1972
144.7444
464.5383
294.8608
271.6393
209.2483
190.9951
297.0908
163.7779
4172.533
162.7202
275.5628
116.9584
246.5018
656.3831
337.4934
1437.493
252.0967
646.0874
398.8842
279.0952
238.1476
843.0931
339.975
633.0263
538.3151
612.0901
593.5847
307.8223
343.3152
638.1305
439.8068
311.3719
212.1515
615.5029
203.5427
214.1529
252.1713
621.7398
313.6822
308.3147
456.3831
903.5988
290.4959
118.6253
326.2635
378.0716
457.0109
663.1334
279.9059
1053.331
246.9554
159.7077
734.8413
190.0813
273.3627
308.3254
267.7052
564.0568
400.8485
365.1159
326.7277
297.7405
543.1618
412.2722
200.531
708.7327
342.3861
356.3988
258.7328
546.1258
284.4339
702.705
419.5783
456.1535
469.0983
275.347
253.369
226.4314
257.6779
260.4146
175.2856
842.8064
329.5508
283.1369
196.5379
143.075
258.0918
201.5636
393.0682
197.1428
286.5631
472.0271
414.501
192.7428
673.2307
316.6776
507.9509
186.3865
334.7773
516.8378
94.42716
310.8912
326.0956
329.0353
313.2724
405.2632
540.9759
378.1649
508.7466
223.1491
533.0612
579.301
286.4076
354.6114
179.7482
334.0045
523.9516
551.288
173.09
1784.413
146.6143
266.7683
338.275
646.8676
621.5363
842.4627
1393.249
557.812
142.1677
529.771
107.3239
198.5602
417.2102
571.0527
327.8731
115.2715
714.4994
578.2948
729.0052
368.1466
477.3118
