100.0507
92.21418
81.59958
69.2324
59.30975
50.53818
38.55158
26.62407
21.24156
20.7117
20.33658
20.4857
21.22173
21.75383
19.85797
21.03708
21.91279
20.47043
22.29363
20.79368
20.43762
24.12037
23.77219
20.27034
23.10927
23.35249
19.73437
21.77483
21.74434
22.52119
22.78564
18.65862
19.45013
21.96004
22.47828
19.08703
21.68922
19.12579
23.24132
20.57586
24.45286
23.09476
21.39769
24.03542
22.41385
23.6667
20.66713
22.6378
21.64987
19.90705
21.90019
22.87544
19.94735
24.05649
20.73332
22.03819
22.21853
21.64488
21.68172
22.92642
23.30252
19.43531
23.57354
24.52123
20.043
22.18978
19.66229
23.37358
20.97983
23.10387
20.53454
19.20515
22.47843
24.38964
20.14919
23.38913
24.20853
19.82916
21.49585
22.22164
25.09204
25.73497
21.41514
22.45448
17.92856
21.95671
19.73685
23.28941
23.60121
21.47959
23.65247
18.30508
21.33996
22.67868
19.73917
21.99166
22.12879
20.36201
21.20323
22.81288
23.63878
21.30544
19.09679
21.46488
23.25983
23.98176
21.74792
19.35285
21.02709
21.68474
21.37058
19.95534
20.04931
20.15621
20.55369
24.76977
22.44216
23.56361
19.93983
25.4199
22.22209
23.55412
22.39118
21.14885
23.726
23.04021
24.40434
22.91711
22.35548
22.4956
21.31427
19.67306
21.85409
22.22256
22.8794
21.4911
20.44594
21.69262
21.8729
21.8396
21.41204
24.38569
22.25206
20.11562
21.98767
21.18598
22.16764
20.78241
24.35604
19.52865
22.13607
23.76295
21.65051
23.28806
20.43307
22.61197
21.04592
19.77502
22.44573
21.577
23.44657
22.02584
24.71795
22.7378
21.89912
24.65276
21.32404
22.86572
21.09986
19.73603
23.34689
21.9548
22.26536
21.86207
22.23214
20.884
22.33067
21.49587
26.67985
22.48941
22.71703
24.84157
20.8419
22.02207
20.54142
21.2943
22.15011
22.11629
22.14847
19.37256
22.80038
21.34196
21.03021
20.12447
21.10912
21.00488
19.86236
18.43376
21.35634
23.47331
21.47544
22.58943
22.1739
22.03657
23.54435
26.73954
23.67413
22.76238
22.28331
21.64852
22.03473
20.78756
20.93351
19.52037
22.01437
21.17647
21.10077
22.71008
24.00435
24.15243
20.70753
23.61382
20.44674
22.86937
20.51684
20.33887
19.25909
20.73738
21.83701
24.3381
25.65823
20.37295
23.01582
24.80449
25.21872
20.6673
23.96813
21.62124
22.85961
19.24931
23.40679
22.91899
24.52489
21.3378
23.35439
22.26333
20.11032
22.60601
20.04616
22.959
22.19162
21.13857
17.31816
25.41041
23.72958
20.67236
21.90615
20.55698
23.99977
21.10164
23.81313
19.89334
20.76012
22.45906
19.89661
23.45066
24.06555
21.38488
19.36631
19.99473
22.74485
21.02477
21.86864
20.84282
22.50077
23.3768
20.62212
21.93414
21.17218
23.36357
23.20903
22.76087
24.73497
22.73059
21.11391
22.25425
20.40011
20.17817
21.57244
19.24446
21.33675
22.73559
22.64109
22.44261
18.23278
22.61659
19.50789
20.26095
21.81349
21.85699
22.46194
21.74131
21.01196
22.54796
20.37398
19.37682
20.22975
23.14921
23.08836
23.25245
20.20552
20.301
21.82393
24.0256
19.43413
22.80924
20.19674
20.21537
19.9653
20.33288
20.29635
23.59086
20.17744
20.84612
24.29329
22.14046
21.33108
22.63361
18.80442
25.66755
19.56429
20.69829
19.6047
21.30038
22.5866
21.30314
20.06217
20.47579
20.77881
19.70307
23.55074
21.18485
21.39893
20.32562
21.79455
21.32165
22.05004
22.80895
22.07983
21.3274
24.03028
22.45941
22.92878
22.74878
23.55814
21.38471
20.7875
21.4684
23.19467
25.49445
21.97921
21.5577
21.09546
21.60035
22.41674
22.45362
22.11113
20.1122
20.83032
19.77032
23.58382
22.00347
20.58002
20.92508
21.87149
21.97185
22.0644
23.31518
23.38546
23.4756
21.15086
24.74025
20.64431
19.42114
23.76792
21.01309
19.98675
20.3266
20.04588
21.189
21.62234
23.71278
22.20014
21.88478
21.3149
23.27448
23.49382
23.48898
20.55333
20.46653
21.53904
22.11444
21.35007
23.56257
22.09785
23.36538
21.37762
21.63421
24.26651
25.21211
21.69705
24.94749
23.58926
24.0016
21.72219
24.38146
20.99301
23.41511
20.39977
21.96345
22.20349
21.94406
22.27789
18.93709
23.557
21.77485
23.46402
22.73322
22.18846
24.06999
20.57515
19.73727
19.65672
22.19499
26.3779
21.23174
21.65817
22.85978
21.00757
22.75138
22.25735
21.5721
20.86483
20.17568
23.36579
20.78066
21.67167
20.49295
21.03501
21.36541
19.86079
18.91083
22.45634
22.38446
23.11665
21.72021
19.00318
22.04575
19.17535
22.40847
22.93743
20.55105
18.84739
22.07971
23.65995
19.98211
21.02538
22.25581
22.90596
20.9414
22.38513
21.08229
21.41146
20.68111
23.47194
21.13624
21.93683
20.19606
19.90554
23.60013
23.68838
20.90752
22.26188
21.7856
22.94462
21.13882
18.87794
22.91693
21.02256
22.14806
20.47764
21.82312
22.26916
22.19679
20.49053
21.79047
23.17233
21.61731
23.08549
20.54508
