17.36718
24.03103
19.96998
21.22464
12.99947
9.34726
7.041663
11.24983
10.51873
11.67882
10.20768
14.10683
17.99918
22.89345
13.52313
16.37788
8.061685
7.725217
4.726936
6.509192
9.514772
10.02066
6.016621
6.889442
10.16979
11.67656
14.17898
18.75403
10.3252
12.06814
10.43198
7.453629
8.595694
9.533079
10.52151
15.14352
12.71291
17.39221
12.85156
10.37968
7.447428
9.519434
11.89236
10.31337
7.130759
6.37049
11.69504
8.150671
21.69804
17.06482
8.795105
7.765805
5.81575
4.755789
5.441022
5.850303
5.39363
11.81452
11.92326
9.250824
16.5439
15.3522
17.02059
10.99214
11.63409
10.43448
8.37835
12.67804
17.28146
22.10433
15.83764
16.63693
9.742985
10.18961
10.48356
9.719921
9.761392
8.18948
7.92704
10.68998
16.4845
12.64406
7.695678
10.97743
8.879583
6.9614
7.474579
10.50715
9.074041
4.508329
6.020594
5.24874
3.700403
4.32905
5.815252
6.284498
5.946242
4.630007
9.459388
11.52283
15.97011
17.16119
14.38806
14.22582
14.44538
10.49097
5.650622
5.882396
4.534831
5.641255
11.66581
11.32715
9.570267
9.011051
11.21033
10.05109
10.08148
10.85017
14.51801
11.51676
9.063184
5.395766
5.577621
5.259773
7.926538
5.749665
7.7108
6.969358
8.611818
8.489637
7.457176
18.08669
13.50219
10.66318
9.044734
8.316816
6.199006
7.681466
6.713067
9.164614
10.97633
9.317564
9.115231
7.763446
10.25471
16.50441
11.93077
9.899926
17.63345
12.2225
10.48431
7.613862
9.037535
10.66307
11.80522
8.771675
14.51362
9.272941
8.905022
10.74495
9.897763
17.76138
11.83956
23.48822
24.71951
22.07476
14.19103
8.494613
6.816703
8.5266
6.744151
4.855168
6.96826
6.863583
7.145518
9.922588
8.35093
4.384797
4.305073
4.728815
7.714016
12.33696
7.273018
15.39845
20.27802
21.14633
9.694268
8.073977
7.980667
5.975558
4.606769
4.899444
5.115021
5.789115
5.81111
8.39459
10.95013
18.8374
20.51745
16.01563
14.38448
6.547998
5.004481
8.819525
6.833604
7.898256
12.11203
10.27993
11.77778
6.578533
4.27959
4.834506
7.675584
5.139116
10.03544
10.95559
7.884347
7.459833
8.224191
9.806785
11.32224
7.718253
5.556336
4.646679
4.739084
4.76914
5.499829
4.275673
5.088151
8.644438
7.974184
11.66616
14.10121
16.49963
12.29887
6.357975
9.51769
6.23808
14.15779
14.85131
16.06587
15.37565
9.459663
7.812172
9.125431
9.574677
12.59705
18.53337
11.76722
14.55382
15.16332
12.15453
13.26311
6.352887
8.616265
11.82742
22.67816
25.30428
16.91438
21.55378
15.14577
13.87842
7.799921
6.830968
7.190155
9.463803
5.749797
7.644553
7.460925
7.63272
7.203979
7.420112
9.368549
10.40464
11.44554
19.66487
16.07202
10.459
11.25541
12.05202
13.82352
19.3991
16.38523
9.879695
6.240498
7.285106
13.36623
9.487066
17.05082
21.13554
6.388461
5.572797
5.638822
6.509156
5.347989
6.246849
7.190533
4.992597
4.999212
5.087399
4.771312
7.221847
5.132436
7.113171
6.837436
8.466734
6.608086
11.15595
18.10834
23.83011
41.73955
24.59825
16.92561
17.89856
13.08426
8.625749
10.7683
9.705729
7.130768
9.060452
13.61058
9.100749
10.90955
8.984766
13.92513
10.04864
8.503405
4.716502
9.927401
7.120688
8.540077
9.832856
13.62054
8.311532
8.894261
8.452371
12.1304
9.57423
7.016113
7.317344
13.35302
19.01365
11.68334
9.980165
6.054378
7.553064
5.782203
7.276132
7.851234
4.404524
8.406894
9.199251
11.81634
10.85989
11.33856
5.697422
7.369177
10.26125
11.2329
13.45036
17.9906
10.1066
8.831228
9.79022
7.624257
8.908982
4.901582
5.339972
10.74208
13.62241
5.508554
4.143179
5.556341
2.675439
7.211209
9.436467
6.21751
8.125041
5.471765
8.23699
8.679271
7.66681
6.578544
8.768939
7.716577
11.47072
14.82418
10.09391
10.53514
14.85798
23.40583
18.31354
11.27935
10.7891
10.65607
15.50109
9.113229
8.14201
10.84175
6.976052
10.16403
9.976902
9.934469
11.69699
6.975488
12.82378
12.14326
4.933017
7.772707
8.465329
7.472383
7.231252
7.4366
7.062395
8.562457
4.160727
8.680399
11.94759
21.53821
16.57233
12.6572
11.48978
8.47995
6.701408
10.27627
7.77465
8.923395
14.97052
9.350719
22.22304
35.68505
21.97919
9.265205
5.528817
5.160995
4.944063
6.389258
7.296956
5.848579
8.830951
9.978875
7.542908
4.717746
6.254695
5.384948
5.36682
5.208877
3.434677
8.263486
7.944429
9.426407
11.00485
4.319956
8.364733
6.090634
6.788441
7.027828
7.319673
8.251594
6.939651
6.175974
5.461197
5.074774
5.160992
7.3458
5.529622
8.778999
7.181732
7.527531
10.61715
9.891626
7.127718
8.271106
9.902431
10.49523
6.426023
7.414956
13.36852
11.80458
8.143987
8.22941
11.66156
9.276935
12.2284
13.27531
9.73625
5.485729
7.228808
10.53742
13.17105
16.85383
22.16928
14.37989
11.36875
5.28383
7.832693
7.168617
12.02558
6.827609
9.098576
