694.6728
682.5951
682.0374
645.0658
689
617.1581
745.5863
632.1885
613.31
768.7003
684.6559
553.4434
639.8385
572.319
679.2885
635.5557
746.0637
663.937
710.5434
666.4496
763.9024
557.2726
604.9166
598.7765
617.3234
743.1081
628.943
671.3924
600.2267
598.745
695.3534
639.8495
649.5711
661.0864
599.7531
603.4718
572.2615
618.4084
666.5741
651.6975
565.7869
710.3081
655.6816
561.1838
674.5045
607.2794
615.3822
687.9377
646.0868
716.9924
582.6858
519.0186
617.7863
585.7351
793.7007
585.5008
581.7312
679.8025
666.4574
711.7511
581.1271
579.8701
628.4894
696.6901
633.3655
699.4016
603.0286
712.9839
686.4308
669.5839
680.9455
707.6181
642.6702
623.98
719.4639
525.1686
565.6441
630.3783
564.9274
623.2187
560.9228
640.6748
562.6909
629.804
644.4401
585.1607
566.804
617.7093
554.7902
704.1321
668.753
656.4146
593.4192
587.3064
563.758
637.9865
646.5126
606.3463
597.7151
678.8929
599.1017
640.0084
674.4446
571.1224
669.5548
727.9324
593.9944
607.156
606.1869
683.1159
640.8045
539.1731
680.3329
690.363
651.1453
593.5066
681.1452
703.8265
685.8333
557.3867
544.2675
697.5406
674.6712
704.9029
677.6718
643.1292
762.7961
595.2692
753.9865
635.8957
656.3411
607.619
688.8473
666.8673
708.1561
643.2297
583.3652
633.048
562.5406
640.1206
628.364
591.1562
673.3036
558.4818
603.662
723.7167
630.7753
617.3056
602.8139
758.3373
679.8332
676.8397
665.087
580.8665
599.1112
641.1262
594.5094
613.5169
697.6212
669.9196
676.6645
635.329
694.6081
688.8221
634.1326
571.0881
555.4402
534.4239
640.6926
686.034
683.3006
663.8155
578.0455
717.9742
663.6517
672.6943
586.4168
593.6202
694.8948
542.7471
701.0327
580.961
731.2237
515.7963
667.6339
632.696
679.4585
598.03
644.356
644.9023
679.5343
702.9529
680.047
626.1312
723.1063
670.4255
596.2507
557.6883
577.1134
579.0992
615.6287
680.0784
620.5625
648.5644
686.3452
599.0012
668.6314
645.2153
604.5186
697.1924
618.3739
635.2791
683.0802
617.4175
577.1933
678.5439
593.9668
608.853
629.5131
575.907
587.316
714.1027
708.1412
669.3404
628.9498
717.8785
709.4205
647.5421
568.7972
720.4394
610.0934
694.1478
616.7188
726.7963
594.5003
637.6903
619.6836
670.4874
670.9749
618.7899
562.2379
664.3373
663.6817
629.656
612.6607
674.7454
642.241
592.3007
661.6582
598.609
663.4725
665.8245
645.4897
611.5749
683.2229
559.1399
614.7382
631.468
595.9217
620.1759
590.5764
750.8874
664.3864
710.396
550.2846
632.6606
725.2062
659.1865
680.0563
624.819
616.6077
556.7222
628.0452
627.4164
648.1789
624.3143
678.4605
686.0091
700.0132
589.3922
657.9947
635.8834
635.9415
651.681
647.0575
667.9599
662.3721
623.0229
582.1604
715.3274
590.7848
703.8796
581.7676
740.8366
646.908
615.5205
702.866
650.3607
704.7244
610.2754
604.9736
706.7338
686.9631
585.7217
579.8458
582.4748
710.9367
603.8621
590.4581
641.5324
633.9779
549.7688
625.2871
734.8494
647.1381
557.2659
649.3548
684.1181
593.2599
638.8838
573.3666
689.9296
587.4758
690.1572
620.6584
646.6703
623.6577
630.5925
772.7021
647.9877
579.8491
673.5491
683.9982
590.5894
636.5963
644.6033
675.1705
615.5992
631.4628
684.5458
619.765
642.8447
625.3403
722.533
673.8336
625.1199
630.082
659.7895
673.3535
581.9646
706.0529
598.3812
588.5808
656.2772
581.9123
648.4604
588.9257
606.5568
596.1653
646.2079
607.6053
680.306
642.9896
616.1165
566.9587
612.4898
626.0195
723.1409
647.1788
637.9242
652.0973
666.5339
624.4975
565.4223
677.1445
640.9503
532.8287
665.2434
605.1649
654.7958
619.3022
618.3123
714.5206
649.7763
597.5943
744.019
650.2187
641.2522
639.5392
591.0197
651.4425
681.6697
647.3855
676.6386
706.4951
707.4336
630.3968
649.4129
628.4104
617.872
692.6167
668.7019
689.489
673.2906
634.9902
620.1355
709.5977
696.7224
656.6106
580.2196
679.8029
589.9979
690.6641
663.1675
640.4088
647.6936
641.6426
600.0854
565.6852
762.2017
668.1343
693.8049
658.011
671.7179
735.9397
536.3457
661.9547
578.6904
646.4781
581.1159
708.4107
511.9658
679.1518
692.9998
605.7448
782.2547
678.9994
653.6434
611.0964
575.129
650.0336
669.1997
615.9612
644.3471
685.3135
577.7831
683.6764
660.1618
674.5087
605.4841
597.0676
697.6901
587.283
618.8823
650.5215
714.5254
549.0146
675.9479
731.1633
686.9986
650.0494
675.7859
691.8452
697.0465
589.3327
651.9991
663.743
585.2934
655.4288
628.4064
582.6946
705.2266
620.8948
635.1275
629.4
671.818
723.611
576.9599
610.8335
639.3948
601.3312
646.608
652.4712
657.079
705.1119
602.5557
720.5284
628.962
653.1504
661.2119
605.962
632.7923
659.7069
739.0593
594.7618
650.5765
630.2645
644.137
651.7061
606.1486
