1220.343
1151.896
1260.41
1244.724
1212.6
1357.136
1449.188
1255.325
1346.332
1099.717
1241.339
1321.76
1139.941
1400.542
1262.855
1274.694
1300.232
1186.912
1126.397
1290.251
1306.713
1459.392
1194.591
1145.426
1335.773
1420.862
1270.504
1564.588
1241.874
1511.198
1198.205
1151.274
1313.28
1110.175
1149.794
1129.447
1304.591
1347.678
1163.634
1277.926
1242.721
1059.243
1236.534
1315.219
1174.16
1336.178
1156.045
1306.118
1291.387
1129.902
1243.856
1293.322
1401.365
1127.134
1503.61
1430.986
1441.818
1274.366
1367.124
1312.28
1331.162
1309.152
1379.584
1228.596
1328.722
1377.36
1424.664
1419.143
1149.761
1092.453
1204.998
1309.341
1342.392
1379.433
1387.874
1336.092
1277.756
1339.308
1377.141
1277.815
1325.554
1279.374
1284.363
1380.704
1240.868
1171.894
1038.194
1150.584
1122.76
1422.312
1538.873
1145.707
1474.651
1220.081
1211.771
1217.729
1295.492
1304.485
1238.413
1239.453
1267.813
1160.236
1186.476
1358.601
1168.187
1365.736
1354.587
1203.465
1097.716
1294.923
1111.858
1238.003
1296.217
1311.243
1327.333
1221.947
1577.704
1445.64
1196.267
1106.106
1118.539
1248.018
1267.755
1302.357
1288.821
1228.718
1109.585
1323.608
1181.669
1301.683
1246.242
1260.632
1157.787
1327.02
1193.704
1426.29
1182.564
1262.068
1401.903
1044.956
1207.88
1505.111
1060.624
1007.408
1166.205
1216.951
1189.885
1228.657
1126.517
1193.264
1206.981
1224.314
1158.897
1309.92
1247.006
1354.286
1234.401
1286.65
1271.323
1298.592
1124.166
1594.657
1156.336
1448.41
1392.415
1169.534
1097.093
1334.609
1565.16
1297.826
1219.18
1412.526
1328.443
1409.15
1308.1
1294.805
1395.508
1245.609
1305.03
1437.56
931.9541
1151.095
1451.267
1304.685
1213.915
1275.821
1083.111
1428.082
1314.256
1428.789
1204.953
1503.208
1375.722
1134.347
1148.46
1402.501
1339.24
1264.846
1396.811
1455.825
1164.753
1060.848
1374.219
1031.213
1269.624
1313.559
1470.808
1270.552
1316.476
1378.909
1181.317
1192.082
1285.718
1452.022
1299.07
1280.601
1206.993
998.5037
1315.528
1164.781
1387.444
1111.067
1336.132
1160.271
1192.838
1278.698
1231.002
1320.657
1283.562
1217.244
1215.583
1364.635
1098.718
1192.019
1314.95
1381.355
1194.701
1184.451
1557.85
1410.037
1221.464
1329.186
1409.136
1332.712
1280.159
1206.412
1218.397
1130.14
1258.412
1226.242
1249.803
1133.566
1395.003
1365.758
1255.32
1209.205
1212.089
1397.784
1281.083
1235.474
1260.157
1437.69
1211.255
1194.447
1183.698
1090.413
1607.182
1323.042
1327.295
1157.345
1291.241
1268.487
1075.417
1371.156
1152.066
1213.626
1258.101
1121.559
1336.308
1344.214
1046.832
1228.148
1134.267
1311.746
1061.847
1235.437
1112.074
1403.923
1139.696
1133.417
1074.327
1380.377
1218.775
1388.604
1213.222
1250.234
1254.508
1547.154
1265.831
1354.415
1392.132
1341.683
1238.909
1390.533
1275.675
1274.918
1259.015
1257.462
1280.65
1403.642
1210.694
1167.691
1283.611
1254.996
1280.203
1259.341
1145.931
1133.18
1041.802
1256.267
1336.994
1461.574
1284.406
1053.081
1206.136
1313.893
1528.265
1242.734
1412.471
1376.357
1398.287
1235.301
1189.226
1432.986
1387.419
1179.163
1338.379
1161.491
1374.236
1302.661
1398.233
1095.932
1138.918
1057.036
1203.937
1281.223
1205.471
1210.272
1372.263
1133.46
1325.525
1340.484
1456.1
1102.065
1495.912
1124.723
1211.352
990.1088
1042.241
1467.199
1096.248
1305.369
1071.55
1342.245
1349.785
1239.835
1269.166
1230.995
1056.028
1292.683
1121.641
1260.865
1270.038
1367.938
1114.81
1184.955
1462.473
1274.024
1051.962
1303.61
1271.116
1260.745
1042.564
1225.426
1232.947
1226.492
1143.151
1364.069
1334.808
1277.268
1222.528
1358.959
1520.66
1400.121
1339.03
1472.816
1245.331
1303.011
1349.437
1190.175
1216.522
1187.123
1098.722
1246.555
1376.099
1107.528
1315.534
1290.415
1197.591
1359.538
1264.829
1303.172
1423.189
1497.671
1178.655
1360.676
1348.057
1295.989
1294.46
1407.095
1075.531
1218.906
1361.389
1387.423
1353.585
1234.826
1155.332
1201.966
1248.775
1065.43
1353.066
1162.799
1281.583
1404.371
1163.371
959.2281
1228.165
1053.883
1321.165
1461.577
1399.473
1404.323
1383.052
1228.441
1326.03
1373.168
1201.262
1558.882
1112.371
1111.955
1147.84
1364.337
1084.189
1237.192
1259.157
1219.194
1419.201
1226.381
1273.099
1296.474
1381.418
1468.905
1365.802
1365.157
1172.651
1324.941
1318.247
1548.56
988.2992
1519.032
1237.193
1296.701
1180.637
1106.428
1225.259
1394.497
1492.755
1288.551
1268.036
1423.249
1338.506
1262.163
1587.964
1224.92
1163.52
1362.086
1241.191
1407.062
1205.417
1182.679
1247.794
1279.16
987.4403
1217.84
1287.03
1245.125
1277.832
1232.614
1238.132
1322.014
