969.1008
221.9054
507.0601
372.9268
193.8425
271.2451
250.1132
655.8657
476.821
393.3314
549.7163
591.1516
297.4326
531.9808
598.3317
273.3237
710.6315
170.3163
289.2757
310.2748
186.0846
197.9423
248.4859
220.6495
289.3447
505.8389
693.1986
129.6846
444.9112
388.9003
242.4209
581.6683
149.2537
155.966
228.6283
388.9712
337.1654
165.902
274.6409
311.0113
279.5356
200.1197
344.1186
282.1665
573.689
422.4583
518.4685
492.9167
452.8864
438.9145
296.1677
431.9787
785.6457
179.0337
477.5453
282.3248
452.6024
798.343
254.8483
359.5641
220.9862
198.2534
298.3886
148.3595
519.2595
451.939
138.0071
175.8163
112.9039
260.898
386.6734
379.5085
182.4048
285.4114
229.0518
341.0209
381.1852
153.5569
750.2529
594.3821
306.1493
177.3361
804.4844
353.1567
462.8512
237.9828
254.4734
352.5882
293.6821
295.489
193.6178
350.55
161.233
216.2395
682.53
255.6847
446.2858
1027.668
172.026
320.2812
193.2663
481.1599
410.0479
269.5761
286.561
232.5344
303.3362
467.4354
437.2937
147.113
311.0045
478.1295
284.1901
349.0844
161.864
219.9036
198.9375
725.3657
448.2451
332.4094
306.2007
482.0603
367.9684
339.6901
172.599
429.3743
308.6065
388.7427
510.2406
269.1936
215.7999
433.6812
241.6176
464.145
299.5215
359.164
298.7548
329.8345
552.9974
442.9116
498.9766
1292.942
331.9209
87.18783
150.9401
384.334
230.5998
362.6907
263.5478
148.2761
475.6209
489.0993
225.6827
471.115
178.8094
227.0921
434.262
280.6293
185.6054
178.9751
274.463
257.6512
198.1805
204.2472
351.6602
361.2125
332.532
637.3446
384.2555
110.5653
189.1959
302.3907
421.6635
358.2976
558.7657
154.4879
268.0079
223.0269
484.1999
215.2884
192.8755
236.6062
363.5383
349.2227
510.8851
322.0706
197.0493
303.8492
644.121
157.3075
193.6488
184.6809
113.5323
213.3815
691.1267
371.2657
273.1908
436.9993
182.1346
242.0167
207.6117
300.7052
329.0876
1001.484
440.5481
471.5222
347.7521
273.1997
265.306
307.9358
328.716
284.5173
489.6189
515.6371
227.7456
406.6698
291.3906
773.7532
263.8715
211.4531
368.5289
671.9712
376.9049
336.5456
258.3641
310.2628
242.6169
249.3228
369.9571
309.3196
208.1741
261.1701
287.115
279.6056
185.1896
322.002
311.0002
107.6325
369.6382
314.8814
288.1204
150.5128
395.6516
611.3835
202.5804
404.6468
219.5283
401.0201
505.4648
376.2882
303.1004
916.2945
1045.421
462.5788
271.7103
146.36
445.4883
455.8393
407.3233
253.2589
198.8402
237.0988
714.0592
206.3294
292.4093
278.8066
314.9478
312.2702
292.126
304.7441
209.5459
381.6443
393.1819
281.4114
360.5052
489.7779
348.9552
205.9885
653.4914
508.5644
233.5697
413.213
186.073
553.6331
438.4693
489.5805
294.6346
346.7795
321.2613
206.0883
188.8736
269.6394
177.9668
357.6389
495.8521
203.7734
1036.986
224.6963
338.7529
116.6088
492.6517
260.893
233.1715
306.004
326.7107
323.8489
556.0419
348.8178
339.8152
285.6283
486.3114
325.6039
203.8907
161.007
236.6691
165.8915
274.7899
237.1319
397.7131
212.37
451.6889
247.1012
143.1418
463.5902
346.3962
185.6041
199.9764
282.3129
167.9228
374.9471
212.0019
581.2774
212.9954
247.3447
258.4743
326.9831
259.7893
199.9962
398.9725
262.2827
185.7518
201.6203
387.9084
224.8042
204.7079
323.4008
414.2692
273.9695
451.9002
220.4807
344.5151
489.2299
347.0117
255.0802
727.3293
303.3298
291.5862
420.6956
219.3902
168.87
549.3349
611.0534
305.7407
568.0677
263.473
281.0764
224.8
381.9201
217.2098
209.0673
410.6737
311.0285
253.6394
277.1113
327.5426
386.5338
325.4601
355.1922
535.4375
551.439
257.6276
199.4768
222.3073
203.5225
359.7327
294.6267
393.2002
394.2404
314.9765
477.4224
224.8937
737.282
157.707
143.8621
241.4794
357.6015
213.9
261.8324
182.2328
377.2706
219.4138
161.4987
216.6351
192.3291
262.609
238.7021
1070.792
518.7634
312.2594
335.4994
231.6127
203.9479
428.8631
184.317
620.4812
278.5052
287.1954
498.9761
440.1547
294.9164
259.5839
281.2466
361.2501
567.646
359.4396
195.8677
237.8232
1002.496
158.6267
645.8121
594.0196
220.3284
160.0636
543.6272
182.8568
268.6134
240.6533
390.7746
268.6183
257.596
487.5236
404.4442
332.5076
274.7041
214.529
424.1641
460.7193
237.8453
443.1749
269.22
231.5052
470.8196
176.3125
424.5828
1009.586
287.4915
238.4183
276.3238
399.0611
176.9011
177.6613
712.948
910.9365
607.6435
412.0369
527.5179
136.6588
929.9283
562.2121
308.0014
254.337
194.9408
422.4631
219.1542
438.196
763.8696
842.9441
198.617
272.2448
409.4822
297.8325
190.1463
165.7765
283.5021
203.6074
539.0826
143.5333
237.4602
285.3201
422.8374
136.4004
185.735
182.6621
318.1829
328.0293
182.0337
269.2329
159.9312
236.7121
178.8639
