394.0027
415.0365
442.6475
449.8772
420.2951
409.8745
401.4433
441.3849
440.8513
404.5663
448.694
455.8623
415.3339
436.2424
413.9763
438.5753
397.9836
396.1971
426.9907
438.7575
428.2409
424.5916
427.3651
430.4069
392.1264
417.724
414.5126
417.3383
446.7313
425.6017
416.341
388.315
422.8213
422.4289
405.6238
421.4455
410.6456
437.368
448.2407
453.1068
416.0314
415.2351
460.2938
406.4223
411.4164
434.1741
417.5808
408.9248
392.0987
397.0983
442.3311
400.289
435.6632
396.6215
432.7176
411.4259
417.7901
411.1446
450.7939
425.5669
412.7453
428.1642
443.3304
416.0452
411.167
374.3709
432.6392
426.8024
440.6831
421.0678
447.4716
408.451
432.8306
409.2648
413.1291
445.3198
403.5145
423.6922
408.455
410.2236
435.0278
408.5255
419.7099
406.1931
444.8867
415.2501
429.2504
417.3999
407.1573
404.0752
416.8992
388.855
453.4103
461.6619
410.3994
409.9619
390.8224
434.4422
388.1006
464.6488
420.5439
413.8538
416.4062
396.3197
419.5601
407.3525
436.1801
401.3662
442.5998
391.8082
444.1632
436.7767
418.6662
397.2505
442.3504
419.9567
424.9733
414.9441
400.0003
421.5006
425.8429
450.4588
426.2991
385.6652
416.4532
403.451
441.6308
421.6646
397.8561
393.5937
434.7615
439.2765
440.1715
423.7825
416.6578
408.8337
412.6931
427.2776
403.9829
393.1393
383.6592
411.1372
402.189
406.6831
439.596
419.9353
419.3156
448.4748
423.2777
443.2355
425.9914
428.656
409.5475
390.5802
407.756
431.7722
414.3688
378.7597
403.3316
401.2966
444.6574
391.3169
470.222
408.9167
414.3564
450.5663
427.884
429.4897
441.2448
452.749
402.0517
426.0676
444.2114
455.2149
439.2365
418.8271
446.6426
391.1263
407.4525
397.8734
404.7628
412.5152
439.0173
443.9847
410.1057
410.1536
422.2137
419.8533
406.2233
423.5236
403.8095
423.4674
386.3729
442.9246
388.6867
442.2275
442.9822
391.6267
392.2731
406.8777
416.0248
402.7128
410.7677
395.1216
426.8393
433.989
409.8221
447.0362
451.021
443.227
406.9612
423.45
420.5566
440.6815
440.3943
440.3419
398.8515
432.9613
408.4279
451.2145
422.7632
423.2031
411.4644
409.9159
404.6791
454.8251
435.3122
401.8344
396.6388
450.6573
433.915
415.9422
434.7321
389.3007
431.6437
423.8062
409.774
428.6766
423.5281
421.2259
445.4769
420.1787
427.6169
411.1114
430.2445
428.2367
422.6258
437.4623
439.7525
409.3201
407.7845
399.4722
408.5862
433.8135
426.9308
392.177
417.7232
411.6158
420.7338
429.9475
410.8428
466.185
431.3969
405.5506
429.7041
418.2102
417.425
429.2398
425.8663
412.8466
406.2887
408.9244
446.8655
424.8254
459.4041
449.0142
405.0701
415.4051
427.9939
404.1666
417.7516
396.2641
403.536
452.1351
391.5742
379.619
441.3996
412.2347
420.831
422.2814
438.6099
418.7162
429.3102
413.3104
383.7202
404.1734
402.7244
403.0297
426.3603
409.247
420.465
410.6515
439.5259
418.4899
434.3392
445.4217
464.2535
407.4871
440.5492
439.108
412.0441
415.5299
457.2233
411.6328
443.5555
426.7226
421.8221
423.9185
444.4933
407.0552
405.5584
393.8574
437.5982
401.3532
401.044
449.3521
408.7073
395.8678
404.1369
412.6969
397.2134
441.3212
396.3028
424.644
438.1962
394.0704
427.7601
410.2529
406.8573
418.6928
410.4894
413.3756
374.7497
416.7799
411.3801
423.809
432.9505
396.0095
400.1271
414.7617
403.1762
379.3272
417.2789
408.2082
390.364
386.8497
428.2305
392.1831
437.9051
395.1638
448.7024
424.261
431.8122
417.5356
428.6646
384.5426
399.9643
426.4384
417.0642
445.5345
430.5509
430.0081
449.4845
407.1037
383.8154
405.2564
422.7131
403.9597
411.2901
422.8734
432.7815
445.6462
401.0371
409.6966
397.6106
428.0296
467.1987
402.377
409.6674
413.7343
399.8338
431.8929
420.9339
404.8903
412.6568
433.82
454.5237
423.715
423.9868
378.7183
397.8109
423.8284
403.338
414.8298
414.5245
383.4941
417.8297
440.5719
445.5109
432.6588
394.9712
430.3748
422.5656
398.6891
420.0021
416.3757
411.9605
412.6567
418.8124
463.1893
421.6918
433.2727
435.3903
393.8973
405.1979
418.42
416.2805
421.171
442.7393
433.2503
422.339
439.4642
425.0863
410.3717
429.2272
401.8974
415.376
411.9143
410.7043
448.8507
389.147
427.4055
400.2946
405.9254
415.6782
421.1503
420.295
426.6609
428.7749
464.2501
418.9169
431.3519
436.0613
411.5465
412.6183
432.9363
417.2601
424.8377
439.7535
423.9308
461.9649
381.4808
431.4343
440.808
420.5839
420.5137
398.7898
406.3202
416.065
395.7509
416.3774
429.9272
446.0038
425.4989
405.1343
396.836
402.9509
454.9378
414.2738
421.0128
418.125
427.3369
417.2319
451.6173
410.9123
405.3333
438.6455
419.0012
459.9843
424.6152
429.2676
449.9327
359.0646
443.6726
394.2083
415.687
413.6719
405.3403
409.1503
409.3469
