11.71219
14.16203
12.62868
16.29014
18.71557
19.98499
16.835
26.83634
17.30796
15.19475
9.276525
9.791859
11.10161
12.8453
9.712588
13.76825
10.44294
16.64845
16.28045
14.46581
10.12355
10.21373
13.04199
8.720264
9.173139
10.35477
11.93998
10.27365
12.35479
17.90944
16.52048
16.34839
19.34252
15.59708
13.46423
15.38975
10.1516
9.092296
8.838212
8.741639
18.29167
22.35952
20.18488
11.68114
8.696485
10.44685
7.612721
11.34867
14.41332
14.75502
21.00048
10.4926
20.00239
20.00696
10.31325
9.775851
10.29947
9.18633
9.266508
9.837912
18.51464
14.35185
11.069
15.70202
11.55897
12.43824
15.63254
22.48638
13.85283
14.89333
10.10135
17.91389
23.06892
20.40511
18.94956
20.04472
30.67208
34.48306
30.29682
28.21769
37.91003
47.07496
23.82547
24.66888
19.17508
19.68016
10.21943
12.25806
10.45861
10.28984
17.98941
20.63515
25.80238
24.50651
23.85074
28.9094
15.5833
23.54772
29.51917
16.43265
12.95694
14.33001
18.98419
20.65481
23.75449
22.48901
13.82286
25.15855
22.37375
34.20459
23.51556
14.56429
12.863
15.78389
16.83088
10.79758
9.485258
10.65964
9.521465
5.649502
5.160209
4.990591
6.501434
5.571836
6.095425
9.012374
12.43355
20.58851
22.18336
24.32138
24.31647
18.83728
19.91214
17.06211
10.27555
13.17177
10.40761
18.88427
23.95657
16.8579
18.12557
31.24611
26.81948
26.14552
22.23901
31.45517
46.68187
17.67426
22.17156
17.62506
18.60721
20.42391
16.84997
15.99983
16.9035
29.61894
39.28613
18.50402
18.93331
14.36633
14.6798
12.611
22.60612
13.51592
5.914079
9.618982
10.92749
9.233146
12.82622
16.35191
10.39171
13.41965
15.41628
10.67236
9.179214
10.39586
12.8369
26.10913
44.39245
27.46306
33.69917
30.7375
19.43626
23.13418
19.57405
16.58309
30.52029
17.13893
11.79399
32.55969
28.72451
30.97934
20.37975
27.26156
18.95308
25.23005
25.46567
31.72644
26.62887
37.13555
37.51448
74.03719
92.3514
64.15738
67.84558
56.6748
48.31328
41.61949
28.86677
31.72539
26.64138
27.93784
24.61914
23.48636
20.99428
22.74925
23.4971
19.96845
27.29421
22.78557
31.05218
19.08872
22.28322
10.11375
14.48563
8.420961
10.99817
9.554976
12.21752
17.94445
18.47208
19.54
16.47836
13.76011
20.88879
18.56703
22.10995
19.69982
13.74834
17.67028
17.38506
20.33596
38.14719
32.31112
34.35382
25.10324
26.3643
32.87756
46.63819
55.56744
53.64248
93.02326
120.5781
67.59017
63.95871
55.66841
66.85944
77.46688
67.63732
55.07673
56.66023
51.64675
84.69678
64.44205
75.54976
95.64785
55.86256
51.9194
59.55829
41.55915
31.34808
26.31754
22.06959
15.10646
15.17197
16.64949
18.11056
18.6332
24.55473
26.79657
44.71481
29.86578
31.59319
37.28549
31.48882
37.76676
22.85487
17.46139
19.1709
18.89841
27.68454
29.07546
20.54835
27.67969
30.50329
23.15802
16.43856
22.43472
19.05353
35.55264
22.55558
19.25285
18.91817
12.94244
20.77079
24.33659
19.64113
15.62354
12.41601
12.42034
21.04794
27.5221
23.36569
24.74148
18.07225
24.94802
23.20965
13.55071
15.4548
18.2232
35.29662
29.8454
28.11118
46.58813
41.83674
32.69121
30.66955
36.45411
51.43746
38.73386
63.76367
74.23793
101.7338
116.8643
127.5774
68.74297
70.03972
105.63
107.1856
81.07846
105.7723
94.55759
73.29039
67.64552
53.30486
45.93181
23.24622
28.44465
29.61948
30.23759
24.88096
15.48054
19.46411
15.18252
21.50646
19.2677
32.57723
41.11762
26.5383
24.13696
28.49574
37.03701
45.4546
41.55869
43.00432
40.15093
33.49952
27.22672
30.25209
29.20362
23.13883
20.24668
17.21577
15.20053
18.34841
19.72931
21.06206
48.92122
35.59869
34.29161
33.72291
22.14752
16.70278
12.16843
12.1717
19.61208
13.22999
11.76188
9.015572
7.155115
9.416076
18.84441
15.39606
15.15855
23.05641
28.20662
19.4767
21.45101
29.25739
31.54475
43.36003
62.40787
55.01591
106.4818
66.35665
44.10489
16.97661
28.54495
18.60187
21.1189
16.25317
20.6776
30.88491
29.63769
39.55312
33.2162
27.99966
14.32477
16.55852
14.75636
25.14257
21.13417
21.79821
26.11388
26.04444
41.02135
45.34857
26.47466
29.35542
22.42516
42.39306
31.9133
30.63449
11.51091
7.620181
12.13083
15.60999
20.39653
22.26158
13.32923
10.53712
7.025507
10.74405
17.55515
15.34763
18.07435
17.09184
13.64807
10.96698
19.35728
16.68772
13.95166
24.31181
17.26426
11.42144
14.40994
14.80378
10.25988
11.08921
12.00412
15.77589
19.163
9.737965
8.76927
11.23144
13.66626
18.65293
13.73661
11.1891
22.39677
21.0961
48.29404
50.49802
63.23904
27.67299
23.43998
16.85296
22.36616
12.49181
16.34512
16.56834
10.58975
21.90093
22.19181
18.29507
20.20865
21.36894
16.9472
21.32811
25.2823
42.03735
43.85774
27.53947
27.12637
31.56045
35.66569
34.67612
46.00864
32.38236
16.9235
