0.1297422
0.58785
0.1877406
1.756837
0.5820829
0.6664848
1.464372
1.822705
0.1510212
0.239312
0.2668805
1.076858
0.4543843
0.2122424
0.2245736
0.3985142
0.09918536
0.3890957
0.2194044
0.2037607
0.1758771
0.3423877
0.2842981
0.6547589
0.4233159
0.1598642
0.3272534
0.3878117
0.3326078
0.120778
2.623947
0.3093339
0.1686812
0.2815644
0.5618349
0.1930171
0.3477491
0.3715417
1.137779
0.2247959
0.4370821
1.555252
0.109636
0.504763
0.5240882
0.7692098
0.2654071
0.7093796
0.2527642
1.639948
0.5424635
0.2481616
0.2445564
0.2192882
0.4655012
0.512824
0.2515788
0.4892966
0.2683327
0.3432455
0.3533138
0.6603865
8.186195
0.5637842
0.3935959
0.8542576
0.2883137
0.349289
0.5193417
0.2032139
2.288273
0.1913987
0.4830435
0.743793
0.5203204
2.515248
0.5803858
0.3276678
0.2515035
0.2720658
0.2978431
0.2813517
0.5187017
0.9306809
0.2270558
0.2428387
0.2798391
0.3332101
0.2216988
0.3681356
0.2087039
0.7197105
0.3377968
0.275724
0.1738701
0.3061099
0.136812
0.1681212
0.1608177
0.3238859
0.4713296
0.3221618
0.3140362
0.5162837
0.1461527
0.3202911
0.2064654
0.2730862
0.09149885
0.2499728
0.3717314
0.5558009
0.3002464
0.2707901
0.3669491
0.4694371
0.6896184
0.2782962
0.4073126
0.3216716
0.3470706
0.2150847
0.317253
0.4207723
0.2120244
0.3450212
0.5230285
0.203021
0.1722704
0.462187
2.197526
1.578875
2.663705
1.652405
0.9761032
0.6953911
0.6544038
0.8456277
0.2160305
0.4216618
0.2896889
0.4532292
0.1983045
0.238763
0.3815906
0.2238749
1.59918
0.2919205
0.434832
0.4531719
0.1318736
0.466152
0.526444
0.3670961
0.5882472
2.728119
0.9147695
0.5265159
1.051571
0.1153688
0.1657192
0.1858649
2.112698
0.3754317
0.1747795
0.2341824
0.1842517
0.4913337
0.3996177
0.3276321
0.7046106
0.5367516
0.2268785
0.7348756
0.4354052
0.2355486
0.5781172
0.5140875
0.3660966
0.2202846
0.2771591
0.1320326
1.721399
0.2579238
0.8428154
0.374172
0.850263
0.4101845
0.7742639
0.2307323
0.5512973
1.085748
1.014687
0.9553233
0.3089674
0.2443423
0.1023853
0.1460579
0.2959581
0.313152
0.1946557
0.5286932
2.168526
0.1822945
0.1736684
0.2572029
0.4190971
0.2011068
0.1839588
0.1216106
0.1384923
0.323942
0.2966753
0.2208506
1.112155
0.1630248
0.1232695
0.9389273
0.5519641
0.2747539
0.1929024
0.218623
0.7485324
0.2863125
0.288006
0.5502529
0.150517
0.5146606
0.3983998
0.1410167
1.064139
0.3754275
0.4941093
0.2830746
0.5580753
0.3790539
0.180165
0.2050724
0.1901525
0.28535
0.1772478
0.7913012
0.1304332
0.1952315
0.1464871
0.3167684
0.8251862
0.6403783
0.2533721
0.1876282
0.1400625
0.2771809
1.342443
0.1256755
0.2044985
0.7014371
1.175912
0.212893
0.26251
1.168556
0.9159138
0.7699801
0.3144808
0.1994562
0.2616826
0.2298235
1.037599
1.114765
0.9790477
0.386372
0.1851141
0.2509527
0.336972
0.3960858
0.2652105
0.3532349
0.3915927
0.3430574
0.5185986
0.4679361
0.1892837
0.3471169
0.1600065
0.3725587
0.1782855
0.1491359
0.2559046
1.689994
0.4930515
0.2766362
1.060747
0.3054606
0.2820085
0.4155838
1.281911
0.6916272
0.5110809
1.622641
0.6471819
0.4506104
0.3592564
0.2743383
0.4369076
0.2760414
0.201776
0.3707687
0.2947274
0.1772865
0.1198644
0.1278279
0.1598395
0.4016226
0.5351499
0.2630204
1.640574
0.3504847
0.7971481
0.7662291
0.3202658
0.1737978
0.1224085
0.202109
0.8953572
0.6801677
0.2939109
0.4822479
0.4740904
0.5293433
0.1954664
0.1960692
0.3164505
1.115176
0.1728835
0.2635281
0.126774
0.1590649
0.195957
0.345601
0.3264818
0.1169438
0.7205613
0.2354433
0.766391
0.3215323
0.5520439
0.5834006
0.231789
0.5924067
0.720345
0.3148571
0.60186
0.437962
0.2099746
0.4719435
0.1052028
0.776384
0.1415385
0.1229461
0.5417663
0.3948881
0.1627307
0.3212566
1.122807
0.2930893
0.2957679
0.5381694
0.3728709
0.166987
0.2896156
0.1292175
0.9375804
0.5987287
0.2578691
0.3755295
0.2855708
0.318112
0.2458676
0.6006733
0.2904231
0.3376595
0.8492506
0.1974172
0.4431217
0.2784041
0.5233893
0.8732243
0.126799
0.2450187
0.6094462
0.2497901
0.3928646
0.5158622
0.2653269
0.7886356
0.2856314
0.5071892
0.1660473
0.4128729
0.2305216
0.8073618
0.3286341
0.2749706
0.2172063
0.191886
0.3799096
1.328203
0.3293255
0.1969088
2.820198
0.5425214
0.405689
0.4777529
0.1753452
0.4114549
0.8031055
0.3935017
0.3597491
0.1718607
0.2187243
1.142161
0.1364736
0.5961409
0.3506301
1.426537
0.603317
0.5228359
0.8339862
0.4509379
0.2463809
1.266262
0.2936153
0.7923227
0.2244851
0.2450725
0.4264704
0.3113497
0.1890647
0.3095163
0.3198584
0.4209622
0.3813028
0.1766587
0.2104463
0.4427639
0.3710915
0.3397693
0.6597771
0.2443343
0.6931904
0.8155678
0.1256602
0.3862685
0.6519996
0.3133685
0.1929851
0.4666738
0.5229358
0.2857037
2.676912
0.2411576
0.57039
0.2179111
0.1630907
0.4121284
0.8031978
0.4012797
0.7799367
0.3911632
1.771395
0.3608477
0.4764031
0.159032
0.3875691
0.2685265
0.2221474
0.1401611
0.4851215
0.1052304
0.8750683
0.5789583
0.3498822
0.3943074
0.3568668
0.1906059
0.7198359
0.30467
0.4057287
0.8272601
0.1915731
0.2724431
0.1939469
0.5415825
0.4498784
0.4718133
0.1600908
0.7123803
0.2035869
0.2434728
0.407322
0.1765191
