0.5227765
0.7547726
1.501664
4.735607
1.218283
2.764991
4.745195
0.9906909
4.381402
1.447514
2.638582
1.968472
3.092859
1.836691
1.638369
0.621665
1.285829
1.831205
1.178697
0.8431264
0.5192584
1.543941
2.733079
0.434039
1.02377
1.207374
0.431701
1.364382
0.5978056
1.780237
4.78739
1.040385
0.6521186
0.9669339
1.603287
2.183641
0.7895835
2.251339
0.766546
1.014817
4.160216
1.111308
15.71732
2.028096
5.276098
0.4534796
3.370548
1.14085
1.343494
0.5154857
1.256943
1.310205
1.060342
0.6019156
2.143451
0.602523
1.057807
1.595228
1.2812
1.255721
0.7794128
2.100353
1.334438
1.150218
0.43745
1.260861
3.360467
1.376415
0.7319738
0.8144757
0.9433637
0.908298
1.146439
1.158644
1.182434
0.5217517
0.6382086
0.790287
2.347126
1.333061
1.134875
0.4813155
0.9227108
2.284675
1.377747
0.7230801
0.7525486
1.743608
2.407407
0.7684483
2.036532
0.3850845
0.7259937
1.556698
6.115211
2.306549
0.5675608
1.539672
0.3176953
2.203981
4.184432
2.041026
1.156669
1.503306
0.648529
0.9722644
0.8101069
1.841598
4.395453
0.8735635
0.8844639
0.8729117
1.240023
0.9670704
1.62395
2.270264
1.28724
0.6535422
0.5363305
0.3977052
0.5272219
2.507192
1.035094
0.8152861
0.6254365
0.5389837
1.489512
1.262118
1.062369
1.046267
1.451744
0.7263508
0.4842073
1.788152
2.216009
0.9315756
0.5577935
0.6391513
1.229173
5.601114
0.7140458
0.8831769
3.211807
0.5570218
1.260708
0.7924587
2.054445
4.12695
1.349588
1.621586
0.9229165
0.8053187
2.164526
0.5813869
9.615634
7.365596
0.9820749
0.9972878
1.447587
0.5264704
0.9823929
3.729339
0.7411169
1.222843
1.683532
1.92414
1.462047
6.297654
0.9664238
1.501108
2.126728
0.9604997
1.635884
1.246156
0.6488481
1.073372
2.254472
2.657612
0.403035
1.438977
1.857522
1.449702
0.7961827
0.5997472
1.853634
1.408955
0.7947112
1.489484
2.226612
0.3374907
1.944107
1.877976
1.012665
0.4529643
1.530595
1.189743
0.3739355
0.8609394
2.448354
2.701474
2.475767
1.914781
1.877508
0.6786949
0.8996761
1.226906
0.4584295
0.5608031
0.3064898
4.051043
1.402058
0.7609198
1.628307
1.094302
0.9612565
2.543444
1.127237
0.728733
1.667159
1.896984
2.947611
2.799387
0.8327686
3.610675
1.436847
2.412371
0.2328323
4.143522
3.41595
1.27174
4.219255
0.5302138
0.4648947
2.920142
0.7597634
1.244543
1.883306
1.292588
1.35821
12.18994
3.384558
1.067553
1.670636
1.253145
1.54767
0.6637319
3.163509
5.442819
9.912941
14.59566
6.92396
1.377454
1.713529
1.819929
0.6941987
0.7063637
0.5171788
1.158051
1.922364
0.5098202
2.092063
0.7723082
2.162354
3.884221
1.325797
1.811364
3.115092
5.784244
4.059913
5.365216
2.246527
0.9008169
0.4699788
0.7154124
0.4425159
0.6798255
1.50618
0.5258026
3.701419
1.106355
0.5021197
1.391347
2.750682
3.102757
1.381839
1.741983
1.097888
1.338795
0.9095611
1.143253
2.292143
0.5917368
6.011049
2.05662
0.4986058
0.6389518
2.045874
12.33972
2.255843
0.7438844
0.6313102
1.456854
2.146872
2.347331
0.9416347
0.5792408
1.73611
1.854118
1.321304
0.7366584
1.030066
1.630876
6.156593
1.916762
1.586441
1.646804
1.36371
1.717602
1.064891
1.407818
2.021225
0.5911083
2.924375
2.511419
0.9556464
2.94183
0.9413258
9.475487
3.893082
0.9860598
1.19399
1.372502
0.6131789
1.378512
0.8296904
4.585428
1.064386
0.9282509
1.547926
1.00523
0.7122836
0.7100244
0.4165619
0.6868223
1.867441
0.8018672
1.219642
0.7630834
1.426362
0.9165762
2.764497
8.20662
0.8466368
1.005229
1.346397
1.880005
1.217189
4.003486
0.3886928
4.110395
0.6686501
1.650775
1.514071
1.010421
5.202336
0.9679363
1.061086
3.091495
1.454957
1.152961
0.9789065
1.028081
1.74369
10.49264
1.173225
0.8891057
0.6918906
1.026062
1.015154
1.981189
0.5486213
0.6411923
3.302953
2.644779
0.7864447
1.70495
1.501434
2.828676
3.067437
3.227352
1.113431
2.927835
1.537064
1.43812
0.8711072
1.561587
1.319698
1.154861
1.111729
1.460528
0.5255463
0.9790361
2.393544
1.01219
3.741389
1.237334
1.388304
0.7622624
7.298832
4.08636
2.741551
3.288409
2.466234
1.006385
1.728094
0.9928401
1.081275
0.447785
2.236147
4.68545
2.357633
1.509806
4.639641
0.8849905
1.201668
2.812502
2.180788
0.5378004
0.686032
1.147258
0.350143
1.05435
0.6113653
1.972466
1.094491
4.270194
1.637138
1.963854
1.200023
2.118493
3.002682
0.5929467
4.910373
2.971172
1.097642
0.4507805
1.280477
0.8609072
0.9151147
3.173681
2.474737
1.085178
1.248483
3.076883
1.643854
0.7464613
0.9554642
1.761084
0.7712657
1.324529
1.795149
1.833738
1.735977
0.5029237
4.355576
1.288518
0.7374538
1.168894
0.6324622
2.441144
1.107632
4.838682
1.561728
1.018697
2.252877
1.257184
6.218974
0.9434962
0.5324595
0.8500122
2.283234
2.489807
1.170311
1.131111
1.041176
1.324856
3.318294
0.7502995
1.064584
1.71689
1.93553
0.9879379
3.517601
0.7377005
2.889573
3.637471
0.4970244
0.8260196
0.571469
1.02002
