0.5142421
0.461569
0.3048892
0.683899
1.30272
0.2498768
2.299456
4.129202
1.221631
0.5307449
0.250379
1.409047
2.753446
1.127581
6.279691
0.6497743
0.4858231
1.620805
0.3129119
0.7307479
0.8193867
0.8878634
1.84219
0.3816697
0.8913551
3.443503
2.566697
0.4918152
0.698095
0.5792216
0.9533891
2.625609
0.4246187
0.4657038
0.509927
0.6180723
1.561322
0.415531
0.4633411
0.9754604
1.895548
0.481211
0.6678674
0.573454
0.5158746
0.6355441
0.5603133
0.6186271
1.166072
1.08755
1.887472
0.3266026
0.2251491
0.4998888
0.642067
2.21371
0.601226
1.098052
1.230325
0.5579921
0.4876904
0.478863
0.6087484
1.595491
0.2836173
0.7660132
0.8775353
0.7959954
1.546026
0.7573297
0.626311
0.4192172
2.147397
0.7651286
0.4499473
0.8647061
0.5007612
1.766603
1.875726
0.8816401
3.246906
0.5075109
0.5238602
0.3869517
1.540402
0.7684483
0.7297036
0.8578191
0.7120382
0.640146
0.403514
0.4788462
2.412895
0.361967
2.227963
0.9190882
2.040718
0.631155
1.5461
0.9247789
1.162919
4.374082
0.6414512
5.659037
2.128108
0.6517583
0.2362287
0.4212724
0.4208082
0.6634103
0.5332138
0.7252081
0.7439065
0.676641
0.7887996
0.9313778
0.3857253
0.595141
4.356177
0.3120248
0.7639469
0.804461
1.832826
0.3091114
1.094895
0.7400758
0.5620371
0.7487362
0.3946508
3.801577
0.7413578
6.083736
0.750574
0.8407091
1.20021
1.286726
1.547219
1.66285
1.024237
1.613512
1.133904
1.629552
0.3096369
0.5479268
1.632576
1.266678
0.9835665
1.270594
0.7229612
2.749804
0.4745213
0.6211609
1.448775
0.6855561
2.306715
1.270331
0.9774387
1.791899
0.6417467
1.773208
0.8947166
0.6840035
0.8534084
1.45876
0.9685611
0.7606216
4.340198
0.6400152
0.9648414
5.934588
3.143577
3.493863
1.698573
0.5792667
0.2470128
0.9734451
0.3042903
0.6337341
0.6813536
1.94412
1.888193
0.9919568
0.6633411
0.7757881
0.3513748
0.5355396
1.240519
1.141404
1.006307
0.5275681
0.4034551
1.318936
0.5252727
0.9770293
1.022984
1.3831
0.7793291
0.395563
0.7869879
1.431506
1.204785
0.4931822
0.3597331
1.627678
0.8447453
1.16803
0.5037808
0.9516437
3.820087
9.006144
0.8932373
0.3531028
0.8948791
0.7220314
2.022299
1.727351
1.103128
1.670695
2.982406
1.00904
0.5802351
1.054298
1.20805
2.272227
1.104211
2.255952
0.6719412
0.6361955
0.9748888
1.915596
1.568762
0.3380338
0.5497849
0.7714646
0.7971412
0.4179789
0.5509495
3.501084
5.36765
1.788698
0.8290543
2.144665
2.500053
1.72118
0.6021023
0.9106889
0.3545548
0.4655353
1.524901
2.019491
1.745664
3.377685
0.449902
1.267467
0.2193731
1.579549
4.065957
1.509812
0.4695569
2.662025
0.3934489
1.899018
0.6429629
3.633327
3.125551
0.7222976
0.3565349
0.5192773
0.3480359
1.120956
0.711004
1.108305
1.271255
0.6811223
1.136214
0.8611265
0.7429059
0.6116321
1.234473
0.7731674
1.442515
1.444637
0.3388722
0.9108204
0.7605115
2.699821
0.4302278
0.5371421
0.7628419
0.5236999
1.369413
0.6295
1.019092
1.299738
0.4241342
2.289648
0.8281867
1.122527
1.623624
1.971376
0.4802114
0.6391264
2.901238
5.16814
0.2552855
2.113599
1.027816
1.796086
0.6510659
0.8155314
1.234901
0.5792054
0.8215083
0.3162329
1.001939
2.256891
1.816631
0.5144628
1.465376
0.3552885
0.6568837
6.795075
2.567127
0.6341841
0.7829545
0.8067712
0.359519
0.3875517
0.6136719
0.4655829
0.8177871
0.6153926
1.937133
0.7404709
0.8211601
3.200583
0.3488504
4.444945
1.018542
0.8267298
1.365948
1.247599
1.029823
0.761637
1.026306
0.7283395
0.9042088
0.5381679
1.899561
0.6250086
0.6259352
0.2497397
0.4990532
1.691133
1.179973
1.270402
1.007432
1.481889
1.242347
1.674751
0.6233327
1.355634
0.7593161
2.411519
3.09279
1.103171
0.7900151
5.641724
5.560881
1.277383
0.4996121
2.080979
1.148672
2.239416
1.007453
3.552628
0.7723662
1.572357
0.8410842
1.151881
0.5269699
1.683782
1.670268
0.2826656
0.6932102
1.04882
2.896305
0.6628714
1.668675
1.143873
0.6132305
0.5731014
1.04663
1.625166
1.552347
0.4952903
0.4069525
3.623332
2.174384
4.102896
0.9964059
1.059164
0.6065339
2.971061
0.832279
1.716771
0.8543086
0.7336601
1.444503
0.581579
1.186565
0.5298601
0.598314
0.3782827
1.637824
1.601403
0.4584633
1.021204
7.043654
2.001033
1.319911
1.055422
0.6373532
3.687695
2.563284
0.5365359
1.677264
0.9057056
1.75774
0.8728524
1.33958
0.2847326
1.386555
1.668216
3.111087
1.932076
1.788182
0.8517213
1.037478
0.5073962
2.529737
1.513054
1.317604
1.614264
1.357396
0.9077881
0.9141023
0.3997251
0.3950641
1.406815
0.313835
1.006087
0.9034025
1.079485
0.4787093
0.7770973
0.20823
0.5866729
1.46738
0.5477176
1.455193
0.5559096
0.3703446
1.115693
0.1992492
0.6566985
3.544867
2.257148
0.9967476
0.5051391
1.208276
1.471906
0.4639521
1.109739
2.8503
3.530294
1.016458
0.5119823
0.938484
1.238492
1.481902
0.5349034
0.8524898
0.4756646
1.497921
0.3940267
1.072986
0.8791881
0.9937879
0.4702219
0.5437368
1.469133
4.135361
1.273064
0.9150834
0.6091348
2.394575
1.00312
0.7665054
0.7985082
