29.38782
26.77728
30.2625
35.46201
46.61263
66.70313
60.37405
64.80385
56.10175
37.41556
36.61296
50.5508
42.24673
53.36188
44.10064
43.62119
36.36256
41.49528
51.02097
34.92397
38.00572
39.55599
33.07057
36.28314
42.20142
36.50591
33.59217
52.96613
52.83533
47.60583
63.49497
79.35495
111.1591
60.32235
55.94633
64.13248
87.46785
86.61621
75.76869
90.14783
135.7119
110.8954
141.8661
164.8538
164.0341
167.8954
200.4895
163.1583
198.4012
198.5106
165.7621
181.7116
138.6141
125.1696
135.5012
175.5346
213.1505
298.5814
252.849
259.3555
176.4672
173.521
147.9138
136.5774
138.3316
142.0229
124.4785
91.19263
77.85484
69.1387
68.99304
91.71746
108.3137
96.81699
71.06175
66.18575
74.98068
68.60082
87.75202
90.92301
110.9803
94.8221
83.1166
91.85381
95.14545
95.61077
86.14426
56.07263
72.8802
55.79632
62.3535
53.45126
53.89928
60.3492
69.96145
91.21959
70.66388
73.79219
74.65525
112.2185
79.16779
57.99223
58.77864
69.23353
60.70881
74.34206
85.28292
109.9801
88.14909
91.89889
96.50749
100.0188
123.1115
145.7839
169.2232
163.5547
189.9159
153.361
95.74489
112.4174
137.3161
141.8058
161.9272
115.9965
113.8212
130.1971
123.3098
111.7383
142.9022
140.5372
143.2637
134.5425
125.2758
126.5655
128.9507
127.3815
143.9524
140.4368
112.5461
105.5347
89.84354
85.7009
72.79138
56.68971
51.56103
68.3109
67.8101
59.12097
69.901
68.73827
53.06634
47.13192
44.60346
36.44583
37.73595
33.43967
54.66675
44.85978
73.4002
79.13648
93.64013
105.8983
116.0037
95.04888
93.58031
119.617
170.7709
128.8261
137.5911
178.881
191.8357
217.6566
199.9836
180.9784
182.3368
207.533
421.7638
630.9443
547.1697
720.1566
1015.722
1035.208
1130.782
1655.641
2273.451
2874.803
2358.651
2249.192
2629.01
2865.479
3105.665
4664.809
6471.149
9514.687
10177.2
7946.502
11501.92
12494.32
19638.98
20068.16
34377.79
46303
39347.05
38006.65
37081.84
51776.8
53674
70991.8
74942.84
76741.01
75069.49
74387.93
108121.8
126993.5
120219.2
116724
105700.9
166870.4
160165.5
163376.2
170040.9
181715.3
185109.2
207801.9
270990.3
343670.7
370647.6
419832.2
504445.1
479388.9
403689.7
400917.3
392448.3
452710.3
456271.9
373764.5
398721.9
325145
403701.5
464738.9
539911
408421.2
288427.5
367265
402682.6
402467.6
413611.6
386847.4
518826.1
744180.8
672323.2
785765
713849.3
756022.9
846249.5
1063328
955080
836424.5
716214.7
1063515
801001.4
706826.7
655219.7
678239.9
678813
841983
802697.6
666808.4
741108.3
663644.1
686614.5
649737.6
597307.1
537325.9
615042.4
521932.7
608376
603130
527866.6
584788.6
730888.1
632911.7
946627.2
951657.5
1070108
1101949
1175577
1139750
1461350
1615322
1563234
1595183
1686917
1638941
1012310
1113075
1448397
1029310
757842
700959.8
686924.6
574303.7
406474.2
515673.2
490145.8
390514.4
482293.7
454430.4
510952.7
510763.5
389776.8
372998.2
416096
394683.7
471033.2
417865.3
383584.7
227765
280004.5
325918.6
342268.8
365410.3
347552.4
388252.4
360982.2
428044.4
424857
532141.3
535278.2
529452.9
514504.4
583644.5
769285.7
779659.9
702245.8
669154.2
586892.8
392214
431838.6
394008.1
398484.2
623135.4
667337.8
577960.7
576498.9
700429.1
1056496
849741.6
694667.5
537707.6
569233
612297.1
618029.9
696832
520501.7
619929.6
579519.4
663513.4
476672.2
745801.2
701594.4
894515.3
1020292
1053623
890653.2
781654.8
760562.9
635375.2
506588.6
574604
344128.9
288948.6
288267.7
274319.5
238769.9
221804.1
242636.1
208348.2
221616.2
222985.9
418005.5
403938.8
432087.9
397659.4
620925.5
487386.4
574642.8
619445.4
719779
807271.8
835729.6
705894.6
579115.7
676438.4
766389.9
610761.2
425664.8
474050.6
538211.3
494898.4
598358.7
654625.5
664114.4
662329.4
961133.2
1014418
678719.1
531046.2
530409.5
422272.2
367566.2
386044.1
370454.8
335571.4
287387.9
336466.4
351690.4
325066.9
257952.7
302516
281997.6
313869.4
260667
260039.4
220153
255113.6
214394.9
225053.9
285190.4
253254.6
274826.7
270869.8
316739
320482.9
257856.6
236391.1
243990.2
248799.4
350970.9
382025.5
277515.5
203580.9
216416.8
178294.5
241712.4
221824.4
266094.1
364173.9
352075.4
276697.5
237198.2
223892.7
296848.3
296581.4
355144.7
282404.8
380127.9
410933.6
504512.5
510789
562761.7
621638.6
524416
638034.1
761840.5
795769.4
707458.1
895406.1
826216.5
614829.1
737434.7
1019807
907387.6
738110.4
1162564
858621.2
859677.7
814251
763417.9
995051.2
1305759
1246287
694340.6
473349.2
494794.8
657364.4
627720.8
586919.1
674066.7
454972.3
430516.8
595086.9
688076.3
535955.1
489934
412783
593478.6
909845.6
1076937
1053499
