83.13097
81.18699
83.19842
81.75138
82.06238
82.097
82.50529
83.19297
82.98326
81.30089
79.33812
79.00316
77.4573
77.08765
77.39755
79.34345
79.11528
80.77901
80.49498
81.23353
79.72458
81.09846
81.66585
81.31181
80.86795
79.48754
79.69474
80.98637
81.258
80.86374
79.66814
79.69124
79.62199
79.33996
79.96394
81.02885
81.90332
81.69061
80.64802
80.96421
80.13785
79.88207
79.49753
81.05706
80.91733
81.54582
81.20177
80.94142
81.00658
81.21855
81.17909
79.54007
81.10359
81.85583
82.26889
81.97706
81.50547
80.83085
81.01928
80.47181
78.99542
79.86522
80.47118
81.67683
82.77819
83.43188
82.71967
85.28492
85.01675
84.18041
85.41464
86.53981
87.33845
86.8709
86.67621
86.35486
86.86247
87.09906
87.00215
86.9791
86.47494
85.86994
86.21011
87.62366
85.69511
86.48799
86.27154
86.17379
87.47146
86.87968
87.65184
85.66778
84.23637
84.1161
85.0092
84.87429
85.15693
83.42454
85.19918
84.94577
85.52374
85.63856
85.56056
83.71895
82.91265
83.57082
83.30499
83.19568
82.59063
82.50547
84.17813
83.03451
82.74996
82.63265
83.06151
82.41545
82.30742
83.24629
82.72334
81.94439
81.28433
79.4119
78.28416
78.7306
78.95363
78.95648
77.69887
78.87327
78.50243
78.75573
79.3294
79.93374
79.80847
81.24301
79.91166
81.10444
83.70967
82.47143
83.05028
82.24453
81.74138
83.02644
81.92439
80.65991
81.0436
79.57256
80.40886
81.32194
79.82737
77.52426
77.87555
75.32747
73.32835
72.81444
72.25539
70.29052
70.64803
70.91719
69.59336
70.13535
68.98214
68.6336
69.33762
68.83493
70.51349
70.37162
69.76274
70.52005
70.63733
69.03204
71.54085
73.54873
73.55657
74.99066
75.18646
75.11674
75.66916
75.21992
76.32124
75.46397
76.27294
76.59253
77.1371
77.80379
78.74235
79.19782
81.48451
81.19028
80.21311
79.06199
79.35503
77.98624
79.41566
80.2969
81.1671
81.39739
83.68669
85.12155
84.67097
83.44738
84.85601
83.83
83.75332
84.05843
84.70567
84.64984
85.04035
84.47373
84.41661
86.53627
86.57943
85.03562
85.51459
84.42523
84.50996
84.6815
85.22149
84.5455
84.39081
83.9436
83.62459
84.07547
83.75613
83.47266
83.11352
82.55497
85.03299
85.70498
83.75463
84.07133
84.05772
83.0162
82.0084
82.45307
83.15327
81.96378
81.8842
80.36063
79.67187
79.8965
80.55749
80.3544
81.36716
81.81173
81.29519
80.63892
82.29986
84.10774
84.11987
83.43206
81.41036
82.13075
81.29735
80.78136
80.76845
82.61405
82.97745
83.27463
81.64188
82.81784
83.2148
83.76366
82.85058
82.40481
83.11423
83.28419
81.10751
80.70646
79.8542
79.47945
81.26943
81.20888
81.52234
81.18869
81.661
81.17518
82.47297
82.40921
82.22775
81.70502
80.41986
79.77339
80.88893
80.13756
80.40956
81.51439
82.19648
81.44395
81.43842
81.0913
80.52126
80.42052
79.05774
77.89883
76.80805
78.4104
80.58939
80.67448
80.18994
80.61185
81.24064
82.63255
81.68442
81.31852
79.66431
79.65659
79.47949
79.10676
78.10051
80.30543
80.55758
82.75837
83.88919
83.90748
83.65306
85.44365
86.03728
84.93343
86.95334
87.97625
88.00009
88.76449
89.18606
90.73457
90.76313
91.70807
90.80546
92.37556
92.22264
93.49998
93.21437
91.67852
91.94907
91.95001
90.91939
89.57183
91.61076
91.23119
92.03523
91.98453
92.07873
93.55891
95.88562
94.55803
93.9607
96.20533
95.78836
97.08134
96.38168
96.03597
95.86155
94.27531
93.22167
94.72429
95.59282
96.60354
97.76119
97.63412
98.2878
98.47133
99.75955
99.35576
100.9713
101.2993
102.2895
103.3857
103.5095
104.1454
104.8665
103.6235
104.3914
104.3272
102.729
102.7836
101.7533
102.2652
101.8082
102.8111
100.835
102.2367
103.0174
104.8038
105.0183
105.0362
105.3319
105.6819
106.1579
105.6414
105.1442
103.4361
102.6256
103.4093
102.9048
102.0338
102.1221
101.1866
102.8692
104.9735
104.6158
105.6704
105.1008
104.7458
106.6244
105.9158
105.344
106.6592
105.1798
105.3765
105.6308
104.8972
104.6955
107.3345
106.4759
105.8718
105.3685
106.6709
107.0492
106.9502
104.9819
105.4418
104.7119
105.7236
105.0323
106.0529
106.2894
105.551
104.5715
104.6451
106.2796
106.1824
106.5273
105.6338
103.7865
103.5323
101.3702
101.4214
101.7424
101.8573
102.0079
102.9123
103.3866
104.1651
105.8122
103.7618
105.5599
104.0462
104.2154
104.8608
105.8185
104.0723
103.0522
103.5939
104.088
103.3977
102.9302
102.7454
102.4076
104.1202
104.0027
104.1801
103.0609
103.6505
105.2596
106.7992
107.2037
107.5292
108.4549
107.2862
107.7975
108.3565
107.2226
106.3218
106.3367
107.4159
107.6456
107.4477
107.6331
107.3469
107.8194
107.9596
108.1138
108.1885
108.391
109.0609
109.1306
109.3692
108.7977
108.5033
108.0481
106.7345
107.6776
106.8007
107.5914
107.892
108.6208
108.2294
106.9029
105.7311
105.6292
106.2234
