14.82668
34.71267
93.07332
185.8113
113.827
55.69148
47.35245
40.27558
30.85474
20.83544
13.67665
7.959
12.95017
7.114747
5.914147
5.054486
6.300769
2.955897
3.789274
3.915917
3.345295
2.237575
3.239482
1.77298
1.825981
2.267943
2.601022
2.572947
1.898255
2.725331
4.028055
4.221843
3.734411
4.518638
6.228559
4.077232
4.62892
5.87885
6.296886
4.706797
3.081638
2.362319
2.979123
4.775497
5.342029
3.849228
4.632665
3.26322
4.407361
5.320094
4.581063
4.525562
2.7053
3.343824
3.213688
3.050372
3.977275
5.975181
5.753911
5.391621
9.547017
6.272125
5.40167
4.61855
8.633588
8.070801
9.571886
6.823305
4.608304
4.982867
11.99341
12.09136
7.241651
5.060643
3.408247
6.063669
3.463014
2.759302
3.215671
5.282449
8.664604
10.12417
14.20238
10.75779
6.587248
9.301511
6.928468
4.368971
3.891012
3.696416
3.006407
5.199563
4.775399
3.577011
3.485721
4.761547
3.487546
2.640333
4.768199
6.591993
6.022004
6.338904
9.482779
8.402205
6.071237
4.20228
5.218172
7.237173
7.659502
6.175361
6.426906
2.612705
3.398736
5.504032
6.993435
4.295972
6.689216
4.593773
2.945857
2.896917
2.958779
3.871526
4.415232
5.092867
4.590957
4.530235
5.816504
5.790796
4.278784
3.411353
3.266234
4.357241
3.39808
5.124738
4.741814
8.162
6.511276
7.55327
10.38067
8.672158
10.2399
8.031737
5.669791
4.567334
7.624308
7.927914
4.527953
5.419223
4.523825
3.299297
5.905003
7.632989
4.820455
4.704301
3.451588
7.178338
8.531131
5.168276
4.058003
5.095888
7.042409
7.851381
7.273233
5.853647
3.484967
3.413026
5.116957
4.938433
5.002336
4.806668
8.216982
7.81328
7.513291
9.294694
13.73146
10.49902
7.385308
8.834203
6.058288
5.259459
2.91581
3.699435
3.6605
3.797452
3.666387
3.588256
3.88641
4.3562
3.111258
3.572893
3.967257
4.106581
3.995001
3.405235
6.669281
3.50609
3.06297
3.009993
3.097091
3.89719
4.084471
2.500958
5.074464
4.568122
3.257559
3.692512
4.259348
3.889151
5.003142
3.879143
6.110418
8.707373
5.003602
4.844097
4.338636
3.561604
2.190852
2.80162
2.804895
2.661444
3.891784
3.180248
4.486465
3.275328
2.514739
2.807659
3.328131
3.771288
2.541736
4.261242
7.244963
6.030394
4.874275
4.210258
3.084015
4.170754
3.029305
3.552638
2.258611
3.024832
3.653731
5.500792
7.594244
6.730862
6.902845
9.8715
7.401648
6.058981
8.21684
6.036201
4.911891
4.815516
7.264719
6.787476
4.637227
2.691974
3.532289
3.939925
3.857865
5.015443
6.717425
6.749476
8.62511
7.72254
4.893246
6.424362
3.777138
4.078289
5.879012
2.794436
3.237086
3.261696
2.062757
2.625628
3.404033
2.498427
2.029242
2.256422
3.227686
4.456605
5.76019
3.893129
3.136891
2.590198
3.841752
4.29241
4.690933
4.599583
5.619717
6.588162
6.015898
4.541578
5.892884
7.154213
5.378207
4.199785
4.344122
4.835249
4.065164
3.418263
3.909513
3.826566
3.959937
2.52584
2.706175
4.311951
4.466774
5.14151
3.325245
4.324457
3.777692
3.12225
2.120398
2.634571
4.405104
4.2977
3.045246
2.609281
3.836658
3.646128
4.510167
4.539587
5.043714
4.949793
4.81643
4.247076
7.093168
7.669572
7.539294
4.631138
5.546348
6.706337
7.419053
5.406622
4.294127
2.924006
2.375731
2.622258
3.594218
4.033448
5.516582
6.886459
8.835024
10.35939
8.361362
7.202533
8.237333
5.366655
5.878227
5.659626
5.871604
8.959615
6.725937
9.302547
9.507721
10.14589
9.258544
4.709183
8.503683
11.37476
8.586198
7.829333
7.407697
10.27373
10.76665
9.30125
11.43848
10.63447
20.44713
17.53837
17.20386
10.4265
14.95295
14.37445
9.749171
9.724329
5.423615
4.063816
3.913847
3.779334
3.458827
3.240386
3.910679
3.456608
3.167669
3.763834
6.397742
5.630979
5.125012
6.065021
5.264912
4.421598
5.016251
2.210143
3.096417
7.032712
6.249317
5.810595
3.999731
6.120024
6.352277
4.10971
3.740458
3.349826
4.087027
4.951754
4.157255
4.095571
4.054092
5.899489
8.25138
9.718939
8.797645
7.816972
7.978406
5.982153
5.924717
4.287956
3.13372
3.320393
3.758101
4.615075
5.106861
5.40893
4.276401
6.858763
6.641617
10.95024
9.912111
8.300149
6.162269
8.079955
6.646437
6.83308
5.619535
5.729935
5.922515
4.205653
5.74837
4.024703
3.740765
3.529876
3.675698
2.782887
5.350062
4.241719
3.900761
5.986156
3.5602
4.530098
4.560863
3.472406
5.191765
4.8761
6.684766
2.922162
2.972854
3.520348
5.398602
5.144957
7.720238
7.410537
8.741885
6.245888
5.127259
3.904824
2.89786
2.451592
2.853071
4.102871
5.494088
3.289201
5.890938
5.111367
4.046503
3.785906
3.378737
3.221437
2.401603
1.875122
2.395574
2.466981
2.589137
4.135465
4.748288
5.237146
4.861456
6.107162
6.241591
6.109926
4.900845
5.492244
8.067005
10.12036
10.44837
8.878251
7.209222
7.97618
10.64734
11.0891
