2409.613
1464.168
903.3441
1609.031
936.8673
4503.954
816.4161
709.1005
1001.216
1927.108
1055.946
521.4968
682.4185
1210.273
1580.15
753.7595
870.5098
484.497
492.6596
2502.727
494.4657
423.8672
3952.184
806.0264
542.234
811.6731
676.2578
631.4957
1918.811
822.2406
2504.054
2094.827
1372.248
978.3371
679.2457
1253.911
1778.334
1209.207
876.6595
503.9888
1265.34
2135.896
1733.887
1925.199
2116.724
758.3252
839.4588
1475.343
1535.123
753.8747
759.1785
1145.459
1293.239
945.615
644.3278
1177.973
654.1701
640.6677
1132.761
7138.97
1308.821
728.7605
950.8685
2723.966
537.1584
707.4482
1986.978
1058.784
778.8209
985.7696
533.2512
1074.276
772.448
497.3219
764.3669
913.5234
630.0404
1256.935
1836.502
439.5669
918.9678
399.2237
990.7857
1253.393
1347.837
1768.227
2770.012
1042.444
550.406
1650.293
792.6448
2393.998
1099.03
435.4653
3681.706
653.2795
573.6873
936.4824
849.9309
1283.212
952.3305
731.8652
1350.402
1314.625
1910.908
1068.445
1745.418
550.0261
1318.978
935.4571
2439.367
559.5363
374.1925
871.8828
637.3943
1564.441
1040.747
1523.508
1887.216
1464.695
1397.493
1925.388
883.0125
457.0928
1269.97
787.9151
977.3036
780.5524
1693.603
522.9015
2270.844
1507.855
2669.902
1293.96
1185.487
1012.719
771.9246
1576.749
940.7553
846.5026
360.8739
2521.719
1493.135
953.9747
1164.327
760.9934
565.3526
1149.725
422.1886
835.3005
2718.001
1048.028
552.6021
1296.241
993.074
666.3695
755.8711
1672.243
1048.3
620.1593
643.0657
871.0731
970.5106
627.274
920.4025
3212.225
395.2224
1376.758
1935.518
1038.534
1300.981
740.9601
659.6673
2235.696
905.288
627.8667
7714.825
1081.157
1582.379
1009.582
831.0161
1154.961
2703.734
1080.951
1505.557
881.4697
1326.523
851.8477
1084.911
1267.662
1071.81
950.3901
636.5678
1731.009
1304.36
717.0148
984.9776
745.1153
1206.512
2070.289
1299.149
866.1355
706.9804
1909.023
1415.157
758.672
651.7316
1158.599
1139.349
540.3296
1126.451
894.7894
361.5655
1287.689
1054.92
580.8976
667.3657
631.2646
797.5246
1147.678
505.4304
1013.003
398.7984
736.559
757.1725
1515.853
597.1082
1191.373
960.1158
747.0859
901.1693
1107.428
2327.602
579.6341
983.6915
961.3988
757.7933
823.8381
849.2886
1143.04
610.8791
589.2795
2369.36
712.9634
433.882
847.0937
1121.66
579.7794
1428.52
1261.338
1135.518
724.2019
1525.935
977.9245
1971.485
782.9547
1704.752
784.3721
682.0659
630.4762
1584.001
968.3678
675.7187
770.7557
1298.182
1397.576
1946.445
1058.79
1145.948
1085.666
2770.507
1202.419
1216.725
1620.004
809.5481
1788.805
913.6877
530.8524
843.6701
503.6026
615.8135
1015.84
2952.628
769.6687
1964.76
5259.218
1035.206
485.6845
749.331
1381.458
2042.998
650.7859
1830.77
802.2428
560.4469
868.7653
729.6824
1918.559
634.8201
3201.466
699.2736
464.4644
1031.227
1252.878
1589.382
599.2708
1280.491
614.5407
832.9669
1366.89
1210.581
876.6985
889.7299
1879.565
443.9434
1376.65
2894.223
545.1194
733.7384
668.5133
873.6734
1018.035
791.6921
1226.498
1007.826
368.5512
958.2618
1743.942
1928.399
938.5501
741.9226
2369.411
1491.479
398.4224
604.0391
456.1314
842.3607
1035.707
4151.367
1283.208
1545.86
1039.621
1265.599
1436.232
545.3243
825.2425
786.909
1690.226
1058.119
2191.348
1235.115
1255.431
711.2136
2930.413
700.7481
1289.848
1189.258
1340.894
398.8091
984.2907
2392.386
337.8864
498.9236
554.0735
939.0534
620.0163
1105.162
2202.54
976.3778
1879.581
521.5493
842.2251
493.3408
1179.543
1348.389
3555.004
675.3516
711.2892
850.6035
944.2663
1253.124
508.0466
1454.092
1249.949
488.2522
1348.381
1390.709
908.958
859.5931
608.1888
999.6244
555.3248
1134.446
848.5096
1020.785
782.1057
1006.012
769.4957
1149.522
863.6553
2849.86
1578.429
985.5955
751.0728
1176.514
3671.414
1347.839
594.4466
701.6091
1645.016
821.0386
1077.85
1669.385
776.0271
3007.939
988.2196
668.5084
909.3329
1851.538
1058.065
6464.263
1012.661
2860.338
2023.564
512.9991
1975.862
1014.807
751.5909
1089.63
1227.726
439.6555
1277.814
591.6434
601.2386
1271.604
1639.858
643.2178
2059.187
749.6422
1882.963
985.4437
2451.128
1760.578
904.4229
1303.823
1343.363
3171.327
390.1461
767.5762
709.4821
1564.998
850.8792
686.8292
2272.566
1313.649
1276.933
1423.591
1187.196
777.5706
2076.927
635.1992
912.5419
1403.199
2241.622
842.4661
894.646
1077.406
2206.255
1207.147
466.2268
1797.526
2388.572
1576.165
1188.053
530.1262
898.0631
1125.399
870.5354
624.8579
399.1391
2440.966
1445.228
652.5939
1029.247
851.3309
352.5837
851.676
679.5032
1183.938
826.007
1754.186
778.3936
947.3003
909.3518
1735.924
1605.68
947.8546
1067.017
1248.906
903.5691
