63.22014
103.1295
97.57502
87.20008
98.22617
106.4793
95.07748
101.8205
94.13735
102.8966
91.90476
101.6052
85.19525
85.99746
99.60612
96.22183
94.94635
84.71562
100.9769
90.64716
93.23643
92.37691
94.39025
82.49008
90.70516
108.7637
82.08446
101.3921
108.1173
98.15993
104.6219
102.1134
87.07217
99.33245
89.93428
87.50627
83.16032
91.0372
107.3452
89.11904
84.19057
98.14089
100.1698
84.55064
110.8366
107.7278
102.7437
93.58386
111.1373
93.7689
91.31739
86.64449
108.4021
94.53098
103.0597
101.8049
92.31375
91.80196
96.88955
103.9775
88.94809
84.78242
95.14586
93.22226
88.18756
91.01099
93.33211
83.8104
97.30548
86.27802
96.79567
91.91311
99.6987
94.50496
98.5368
91.06426
92.0257
94.40255
97.05109
88.54604
101.4347
87.41163
81.88923
96.52181
102.0602
92.10182
89.45695
88.13446
89.77919
111.5351
89.64041
91.81774
82.48395
94.14995
92.73172
84.49732
88.77245
89.03918
88.01522
86.61458
92.03868
99.13454
101.1374
83.51449
104.6239
83.73705
98.70938
96.10149
108.3384
95.01235
96.75368
84.44503
74.7307
82.85959
99.42544
102.3863
81.31903
105.7449
97.71488
94.82546
104.2765
110.1052
95.63551
100.9641
117.4869
96.40514
89.29054
113.1702
87.4549
94.89591
98.51784
85.61326
103.7754
104.7473
100.4393
85.16105
86.37856
94.18852
88.11853
98.28858
78.93816
96.7707
95.63633
82.04558
84.24099
92.2804
97.48092
90.69471
102.6035
101.2411
72.15271
91.39522
106.1266
97.66474
108.1207
88.10014
97.08043
99.92696
91.73257
85.23207
95.48278
99.68652
92.56531
87.4871
86.60922
95.6788
105.1889
99.7895
96.38296
95.05025
91.97042
106.3389
96.09788
94.38585
98.76769
103.7787
92.92112
100.5703
96.28089
94.33394
99.24465
104.0193
84.84765
95.13883
93.64297
97.97624
83.26891
98.55759
76.34547
95.10879
81.56549
84.11265
104.9228
101.215
116.0827
99.05364
100.8851
79.99013
88.01265
90.14686
87.99525
105.1073
96.85111
96.95977
91.22227
96.4401
90.4131
90.61048
101.1668
108.5652
95.76423
109.7058
94.51516
86.43657
81.48651
98.62999
94.02567
88.3978
90.80212
96.00498
105.7642
102.2995
88.23014
79.51647
84.98397
86.78011
88.29744
97.18703
85.6383
89.12632
95.60652
104.6935
90.64018
82.80225
92.49085
95.5903
94.70529
92.58087
94.8685
82.63706
93.15265
85.5748
83.26886
92.14445
99.69813
104.2349
80.72241
85.73112
92.10994
97.37815
86.29093
104.2126
98.81342
79.98862
105.6404
90.47072
95.13783
79.85757
90.10731
104.1282
93.13698
91.79461
90.04903
89.88975
73.88582
88.61906
97.07188
83.15446
79.75842
85.80638
85.69226
83.939
88.68028
82.06334
92.56062
94.82272
92.58951
83.12574
106.1417
99.18038
91.85497
85.03924
88.30398
89.48483
103.8034
100.8187
94.94001
100.2743
90.39503
88.39747
89.98553
94.85527
84.45658
87.73582
95.21232
94.80043
107.4564
103.1028
80.43309
89.41929
89.30529
99.73493
84.36645
82.79619
86.39589
93.01979
80.73619
91.54761
81.69958
90.235
100.6802
89.19913
83.79623
103.4631
94.96445
90.54136
101.2655
91.46667
84.17085
102.9976
87.02581
79.04486
89.05365
86.89244
98.19336
111.4616
101.0439
92.06111
104.1284
89.75789
103.0274
97.65842
77.14691
91.55967
84.55005
83.91676
105.5775
100.5432
88.35809
90.77571
86.71757
91.65876
98.79692
82.08278
96.229
76.92209
86.24738
88.33863
91.63005
104.0935
85.55884
85.60999
95.32136
98.21852
92.21228
98.34406
93.01397
87.8901
86.67462
95.74974
91.89975
101.0405
92.14813
86.56103
88.30494
98.12393
101.1272
107.9684
94.88464
86.74946
94.0714
72.98827
84.29321
109.233
95.36676
86.02999
100.886
95.76823
87.1524
108.0931
87.61597
107.7541
103.2028
95.54733
80.49614
94.38407
92.62218
87.1512
107.0562
88.75109
81.61189
83.78784
102.4659
100.448
96.58561
92.14268
87.15214
84.78223
90.69936
94.58692
86.65121
92.4875
95.37645
88.94776
84.47571
88.92245
88.84555
98.42839
84.6876
81.79914
87.29965
98.08291
110.3706
97.18298
87.74371
91.31402
101.331
111.5653
99.27451
89.24673
96.10737
106.5257
82.43857
96.80686
87.33936
97.61074
85.18155
100.2647
103.7928
99.67454
94.00252
85.73336
74.01784
105.3928
101.7993
103.5044
124.3365
91.02832
81.31683
103.3763
89.12978
85.9748
89.57701
85.00017
104.5135
83.63781
93.54663
91.2025
98.48531
103.7674
92.56023
90.93532
87.85696
109.0096
81.32587
89.96289
101.843
98.38304
91.03063
112.0512
100.1494
86.05863
80.95485
95.14002
105.4979
92.78737
95.20674
97.45157
108.9159
89.15197
87.86689
109.0782
90.87193
109.7821
83.85026
94.48744
99.86452
78.51582
85.29365
90.86224
84.65032
83.40235
90.8773
97.57664
115.8411
93.96119
93.06442
93.77266
87.33203
103.0255
83.06525
98.13498
81.8204
91.0175
78.02513
98.6558
88.17174
90.23536
98.48242
95.83753
