0.2702689
0.2251174
0.9092731
0.4540899
0.386253
0.1049562
0.1727944
0.2457843
0.4937872
0.6456722
0.354061
0.1068422
1.713742
0.6477488
0.4988696
0.6173317
0.1286152
0.2800977
0.4601202
0.3252518
0.2222219
0.8967122
0.279956
0.5341842
0.3564002
0.4004916
0.8393401
0.5533276
0.3825971
0.5426724
0.3493756
0.3992855
0.1224432
0.5828273
1.044522
0.2822785
0.204519
0.5302738
0.8237794
0.8064885
0.6423091
0.1634036
0.2431168
0.2093462
0.1572676
0.1916822
0.4149505
1.123922
0.4147325
2.725862
0.3899047
0.1391884
0.2060154
0.3646316
3.712246
0.3236987
0.2239805
0.3762977
0.271281
0.4523579
0.1870363
1.705042
0.4022679
0.218967
0.313774
0.467482
0.2347076
0.2763629
0.3340809
0.3212174
0.3151491
0.161514
0.3336494
0.09314294
0.1327768
0.3211341
0.3679658
0.6921203
0.3824392
1.206399
0.2607595
0.2919313
0.2018989
0.2478726
0.2595657
0.5918106
0.2409285
0.377166
0.2002723
0.5634707
0.2721535
0.2673773
0.5497219
0.6172937
0.8297868
0.3359898
1.508788
0.2938317
0.5155107
0.1710476
0.3084077
0.2768921
0.5720352
0.30598
0.4210183
0.2799355
0.498746
1.027626
0.824858
0.3969873
0.7212146
0.6494276
0.1741338
1.082376
0.2912114
0.3372203
0.2500724
0.9728809
0.3311191
0.159653
0.6714073
0.2453448
0.5017876
0.1592091
0.451369
0.1381473
0.441831
0.3817553
0.2846118
0.1544273
0.1932939
0.5803247
0.260634
0.3751087
0.6017365
0.2210009
0.4133658
0.355278
0.3480509
1.995219
0.5289209
0.9436805
0.4423798
0.3778125
0.8418039
0.2289337
0.4244754
0.2031568
0.2028053
0.287925
0.4340327
0.771837
0.2158573
0.2153746
1.500122
0.3668544
0.352762
0.1218602
0.3984719
0.4372512
0.2424465
0.4879569
2.752352
0.8840526
1.391705
2.390265
1.339484
0.713982
0.322186
0.2064966
0.143562
0.6177639
0.3324724
0.4577481
0.1625798
0.3786782
0.7097682
0.1995072
0.1544799
0.3764715
0.5220286
0.3183164
0.1698996
0.3723621
0.265939
0.1389214
0.3805523
0.1606392
0.3914269
0.2191247
0.2547285
0.4961639
0.1379145
0.4460004
0.2845551
0.2247119
0.2494238
0.2853307
0.3002097
0.4895015
0.2456188
0.5201316
1.063339
0.3162779
1.221188
0.2120223
0.6398903
0.1978064
0.2109584
0.1235016
0.5912508
0.3381931
0.4083611
1.468834
0.3412461
0.2408388
0.1396223
0.9914965
0.6005898
0.3629725
0.1660133
0.8667652
0.9323462
0.1294459
0.3576362
0.1773799
0.3401846
0.1249445
1.145746
1.463557
0.6850327
0.1813521
0.4786402
0.3024757
0.2771605
0.2638168
0.4165481
0.1896572
0.7264085
0.3249589
1.434592
1.16885
0.358476
0.9455107
0.355933
0.2152573
0.2205821
0.2630423
0.2296999
0.8379886
0.1954862
0.6446389
0.2037466
0.2707016
0.3125404
0.2208343
0.2575651
0.224315
0.205987
0.4528853
1.026554
0.3682693
0.4289573
0.4159836
0.2642828
0.1982567
0.1561339
0.1412443
0.4142754
0.1962419
1.050445
0.3029415
0.1241287
1.00148
0.4313722
0.4476576
0.3973043
0.2415814
0.3298866
0.2281557
0.3333535
0.1932616
0.3851634
0.3406474
0.4705277
0.508333
0.4900849
0.2419486
0.2481063
0.2710442
0.240198
0.3437608
0.419516
0.3841064
0.6092524
0.4163374
0.2911291
0.3948824
0.5710781
1.060696
0.1455948
0.2660677
0.1843558
0.1847758
0.1394046
1.370355
0.2292499
0.7825277
0.5488212
0.1513889
0.605835
0.5248131
0.3822543
0.3457598
0.1118144
0.6795003
0.2600126
0.3027363
0.1442878
0.4350355
0.1385575
0.1838967
0.1450175
0.1540562
0.371856
0.1586654
0.3956854
0.3381247
0.8260925
0.173334
0.1866648
0.2227273
0.1575015
0.1370539
0.4752218
0.66942
0.3256415
0.09323634
0.3486023
0.3194481
0.8772274
0.3142578
0.4038641
1.632927
0.2635787
0.3042069
0.3324007
0.2687034
0.2221034
0.3471489
0.5066696
0.2922053
0.9794039
0.4170484
0.6002011
0.5162102
0.2028946
0.3251022
0.1814689
0.1522799
0.7944001
0.203884
0.2637672
0.9019746
0.4259079
0.2724828
0.3009575
0.2751545
0.3920593
0.1633661
0.1877165
0.990191
0.2251895
0.1223376
0.7620089
0.3699785
0.6087985
0.8048492
0.1925888
0.6423277
0.3489548
0.133254
0.1867509
0.15644
0.660244
0.3575457
0.6076458
0.576369
0.3174995
0.5257549
0.2925047
0.3735958
1.945972
0.158549
0.2968251
0.1647122
0.4312053
0.4426852
0.2660702
0.1803832
0.4285004
0.2106369
0.4957868
0.3331813
0.5123976
0.3696264
0.1967219
0.122239
0.371558
0.2554098
0.1505602
0.2615022
0.4478901
0.2622398
0.09605347
0.3697124
0.300825
0.2857592
0.323872
1.032722
0.4642381
0.5042652
0.5837471
0.7201216
0.7289726
0.361231
0.571522
0.4640751
0.7807136
1.294581
0.9770589
0.7402415
0.2545796
0.6788553
0.1203853
0.2547502
0.6830876
0.201664
1.880266
1.191257
0.2462018
0.3052433
0.2031051
0.3178596
0.4705114
2.245133
0.7264683
0.307228
0.2615306
1.456263
1.226371
0.7012243
1.322807
0.2554378
0.9826023
0.6144649
0.2754572
0.4793693
0.2418511
0.595838
0.5639535
0.5006458
0.4835353
0.4599276
0.1359653
0.4130536
0.8287921
0.4622173
0.1904188
0.08580023
0.322738
0.6255217
0.6868501
0.180555
0.2415247
0.5417023
0.3331289
0.2269049
0.353897
0.1657588
0.4567383
0.2556202
0.2220112
0.2674138
0.4230659
0.7000095
0.173215
0.3110999
0.5364051
0.601696
0.2584526
0.2829171
0.1438696
0.1773968
0.1776081
0.9951727
0.9043591
0.6022602
0.3777815
0.4053766
