41.98472
65.76572
71.49645
71.31751
80.14615
99.23824
128.4533
113.15
128.08
156.9749
164.4051
239.7885
348.3775
331.0845
189.0082
175.5188
210.7292
110.2618
81.02022
85.82446
53.46511
41.41723
44.38296
44.10747
44.38479
60.17501
46.41961
30.29368
27.70421
39.50349
36.22558
46.76744
60.12163
57.07942
49.94658
59.80163
55.38
71.2258
67.66111
66.154
67.37079
55.59906
54.85304
41.73735
29.56506
32.04721
37.94426
25.25741
26.08011
36.2948
34.06835
56.51898
40.99603
43.29689
41.13957
35.68765
34.4841
33.85454
25.81603
23.45032
31.67031
55.03698
48.18673
70.60598
64.96883
64.2985
54.70865
45.56061
63.86511
42.54196
41.6786
75.42593
58.91074
54.24426
61.59523
45.50883
55.2819
49.63287
56.26377
52.8908
109.2715
99.82698
100.1445
101.1648
120.1215
114.8216
79.03734
94.78516
102.102
90.4314
60.4156
60.5792
86.4162
94.37054
102.5225
100.4608
80.029
66.79415
45.33953
60.01449
44.27552
46.28946
50.70202
47.99108
69.01446
49.1774
67.31558
84.92396
61.30142
39.84926
48.06593
48.92016
58.05362
67.12721
61.36638
61.5439
51.11257
88.91427
42.91878
39.14321
48.75442
72.27979
124.5984
160.2987
87.88883
68.08166
64.89789
91.96111
112.2617
132.6438
128.6246
111.2448
108.5162
123.3274
176.5215
163.1807
136.474
121.2133
94.77531
143.8015
153.5351
120.6201
74.0842
71.47141
64.9791
51.65043
46.46572
60.76086
59.34384
49.34554
60.81204
52.6835
60.15818
57.61307
51.27906
67.52363
41.60751
46.35043
54.30242
49.29831
53.44203
70.10811
87.66801
81.99001
95.62754
73.59292
83.9489
82.0741
62.74129
70.7684
59.40877
54.42707
52.09048
88.08805
78.5668
75.36905
85.23309
83.67172
84.6921
71.06848
78.83933
65.54928
71.30129
51.1008
69.97764
58.04855
55.01368
46.82668
39.40359
63.90743
56.78546
44.61555
37.72305
48.98995
48.76801
59.62068
19.76812
21.00366
23.66547
17.79686
20.48292
18.38253
21.88371
28.12554
25.94059
36.595
22.97073
32.66249
35.32397
37.44979
37.11974
41.99393
31.19074
39.92573
38.27098
28.5584
34.12779
49.59371
48.255
36.17369
39.47447
24.53679
23.7871
46.99451
45.25338
39.58132
44.69166
87.06568
83.20762
93.71065
82.39426
79.66951
66.53723
89.88929
56.05325
41.67355
64.46097
41.01051
44.17488
38.16337
47.53383
34.72709
28.92926
33.84843
40.66345
45.50748
47.81316
51.62095
42.00432
37.00709
41.04074
41.35127
44.77513
35.50628
34.95563
51.086
39.14023
28.03375
34.47548
59.24969
75.10465
47.33654
45.27145
58.88235
77.85101
69.49384
90.65469
98.85238
117.5634
127.3315
146.0568
177.2099
151.4923
123.4804
77.86403
49.35523
50.93278
57.59936
83.87501
62.40458
81.43974
72.58354
84.87716
62.91548
53.1827
39.67322
40.07046
66.15169
86.45236
80.13631
73.17073
62.30273
77.15636
73.48049
94.18984
92.79681
97.80798
90.98793
84.13564
96.97812
99.55144
81.25224
89.58282
70.82707
79.47539
57.01467
62.07789
60.31206
67.73445
59.67854
63.58255
94.82117
89.74607
86.09311
47.8377
46.24663
56.12823
57.33525
47.589
49.90162
37.07009
39.36484
43.31552
86.40772
103.0805
107.3197
133.54
106.1325
92.73189
122.9733
96.00907
108.6629
105.0291
99.0111
71.95641
64.73179
101.0009
86.93795
48.86711
54.84071
82.44894
100.3904
139.1881
271.9593
381.2883
289.994
155.4137
187.9947
270.0555
184.7865
301.3757
207.0211
145.7149
132.7261
129.4222
152.5939
179.6894
167.8401
229.4983
190.4828
169.2885
200.0396
194.3946
246.5332
171.3567
127.778
128.8111
169.2474
102.1553
130.5309
101.0716
119.5987
225.3359
218.7204
170.5001
213.6072
166.0985
149.4764
116.6032
85.83227
82.67582
63.73844
75.76471
95.5208
82.6994
87.49422
90.86049
61.2354
47.45847
57.59944
119.986
167.5151
144.1338
104.435
111.4469
79.18585
82.50491
104.0175
68.5653
57.20456
75.49842
94.32092
73.80586
91.22198
75.46442
104.2814
75.59519
112.3935
79.04134
65.58941
91.22562
87.76934
128.5728
126.3418
129.6479
94.62924
105.278
90.30022
79.1964
70.64923
64.92933
67.01747
96.1709
73.43101
84.07715
88.87855
100.6333
134.1765
115.8913
118.8027
68.74773
65.19705
54.58677
65.08572
77.57052
57.94648
37.65048
32.94125
31.07108
36.35625
41.24932
39.49038
38.46879
45.83326
42.30925
47.01319
42.14304
41.91344
49.08571
39.47689
37.89718
49.18388
41.89173
44.73701
34.22712
28.45238
24.30623
31.42276
47.05652
69.06226
46.70162
60.28964
55.1383
59.83045
56.79247
68.05087
64.82769
73.81241
54.28312
75.64526
67.29037
60.08501
50.16818
41.86373
43.53726
38.88946
46.08041
56.31028
47.82177
54.49427
52.02588
32.05268
30.18095
26.50002
29.30091
47.59197
41.43534
49.8893
51.56484
47.80954
44.07681
43.71003
41.80681
46.51224
43.56516
55.25425
33.84393
33.0465
32.61175
65.17405
