0.2296614
0.1491515
1.508298
0.2996906
0.2145734
0.2265928
0.1700163
0.0972855
0.3676038
0.1567494
0.2640363
2.540233
2.180998
2.766225
0.7314913
0.538095
0.1992069
0.08883975
0.1074255
0.1066334
1.716367
0.172779
0.2191538
0.2683096
0.4208852
0.8130457
0.4659754
0.09933492
0.1996298
0.1384871
0.1489918
0.5742143
0.2893633
0.5789792
0.2908598
0.6427993
0.3188289
0.6113029
0.1585309
0.2771577
1.168482
0.4157424
0.2566425
0.2290401
0.06167455
0.1787225
0.562722
0.1188387
0.1142625
0.2479226
0.2300155
0.1514536
0.850041
0.9327523
0.3281506
0.2157168
0.1937351
0.2922854
0.2654273
0.3917613
0.1080057
0.5373412
0.2224805
0.3873205
0.9096192
0.560553
1.195472
1.198747
0.7684594
0.400105
0.4364848
0.09122385
0.5218473
0.3062504
0.07516071
0.2740587
0.228506
0.1980694
0.1646964
0.2589292
1.338848
0.143994
0.2873526
0.6429927
0.2217848
1.94901
0.2264027
0.3121595
1.192069
0.4619887
0.5938818
0.3450453
0.3572547
0.1603854
0.2612591
0.2508158
0.885395
0.1970642
0.291253
0.4706614
0.2722
0.2306011
0.4232118
0.1816573
0.1114627
0.3693789
0.3295206
0.5897511
0.1416805
0.1019138
0.1910856
0.2312981
0.08907997
0.2288512
0.1822113
0.1986719
0.3707608
0.1751238
0.2303584
0.577025
0.1836811
0.4150023
0.3544941
0.118452
0.1218667
0.3678033
0.6317935
0.2101882
0.127968
0.100077
0.1500242
0.5572177
0.09297388
0.2935872
0.5821798
0.5539918
0.2518942
0.2833365
0.9701681
0.7105639
0.5998689
0.3071171
0.3339999
0.2138581
0.2095114
0.4006409
0.2442162
0.2155683
0.4545507
0.05679456
0.2077691
0.3786193
0.2000613
0.3084703
0.1342077
0.2904104
0.1540768
0.6025962
0.1226986
0.9607065
0.3156546
0.330664
0.4952118
0.5661623
2.815513
1.490851
0.7126451
0.5858558
0.2771591
0.8082364
0.3485496
0.1761772
0.115163
0.1146575
0.1429878
0.183251
0.07000357
1.258084
0.1612503
0.2347236
0.1982401
0.4593114
0.3448058
0.283414
0.3106482
0.1263215
0.4477909
0.2796053
0.3372572
0.431038
0.759343
0.1211182
0.0959945
0.03225319
0.1933213
0.2968385
0.127718
0.0809871
0.6404525
0.07321602
0.4708463
0.1146114
0.2491946
0.2211604
0.2276318
0.2588291
0.1441223
0.3288704
0.1601312
0.3402736
0.7178729
2.597047
0.2118891
0.4807657
0.7942909
0.1607747
0.06581855
0.3978934
0.1227166
0.3262172
0.4263148
0.08035333
0.1000469
0.1064196
0.1106185
0.1290221
0.241834
0.1687439
0.3063633
0.4748495
0.1583992
0.2289327
0.0918422
0.3521501
0.2494066
0.1271667
0.3065009
0.533591
0.1682059
0.4687026
0.3456341
0.4147043
0.8812294
0.2629203
0.2668056
0.06232904
0.3109205
0.1669406
0.5203344
0.8075904
0.08789836
0.547092
0.3134704
0.06504772
0.1463401
0.1175306
0.3485808
0.2992956
0.1354286
0.3475412
0.2722199
0.3764353
0.5628666
0.777968
0.3918952
0.3151286
0.3360513
0.1748162
0.2468409
0.09505221
0.2428778
0.1160065
0.5116345
0.1764865
1.6599
0.1192253
0.2686742
0.1112613
0.2902429
0.3135773
0.07488434
0.2820493
0.1174721
0.2065632
0.2345903
0.5409657
0.2097903
0.2478654
0.2179892
0.4155853
0.1079428
0.2886374
0.06400847
0.2584008
0.6159625
0.4588322
0.3259934
0.3260216
0.414261
0.2819529
0.1587263
0.06846094
0.3425046
0.4876109
0.1182052
0.1256953
2.092619
0.1773423
0.2368885
0.1199325
0.2026467
0.2862071
4.4296
0.3998462
0.2649831
0.2604598
0.5761681
0.2237372
0.4505023
0.4496368
0.06563744
0.1209591
0.1567118
0.4540673
0.1048864
0.2361613
0.160327
0.5353889
0.1587521
0.2828629
0.6516873
1.215814
0.403846
0.1477067
0.1330405
0.1033093
0.2377313
0.2580344
0.2157789
0.1168672
0.3460435
0.5464034
0.08306021
0.2713286
0.2132835
0.1404324
0.3170288
0.1659997
0.3722435
0.3695768
0.214418
0.3081019
0.1973087
0.3464039
0.5815793
0.2865154
0.7374894
0.2529
0.2832223
0.4277212
0.1593382
0.09671463
0.419857
0.2487392
0.2426289
0.2790077
0.2290198
0.2624796
0.1522482
0.1338754
0.159672
0.2321086
0.3052736
0.8344856
0.09395691
0.2903035
0.4525969
0.685254
0.4970994
0.2529239
0.1710959
0.3074379
0.6060588
0.2318877
0.2070372
0.3669315
0.2006374
0.07044855
0.2689931
0.7479826
0.3631939
0.1486963
0.1927672
0.3377116
0.2313056
0.155227
0.440275
0.2326417
0.09412804
0.1763014
0.9024227
0.2702158
0.2895856
0.9286271
0.342984
0.1821019
0.6833302
0.2146545
0.5170436
0.4410207
0.3645161
0.252262
0.2591219
0.1227061
0.7142937
0.1269513
0.06853083
0.1559795
0.8627239
0.08216121
0.06812934
0.1248462
0.1409166
1.381822
0.3044531
0.2688385
0.2908865
0.1697451
0.08221675
0.1901238
0.2722781
0.3833151
0.05377586
0.2876794
0.2834399
0.5459437
0.4509837
0.1243439
0.1297316
0.1963852
0.1804798
0.1312349
2.79412
0.4775183
0.4974639
0.5305024
0.1680853
0.1421489
0.3256077
0.1986063
0.09113867
0.1415635
0.06194979
0.2989849
0.1029217
0.1016681
0.1410643
0.2386618
0.5643937
0.8787616
0.1589175
0.3134601
0.06123917
0.388893
0.223774
0.1517324
0.3183433
0.1101916
0.2397177
0.2053459
0.1925694
0.2137185
0.2085915
0.3168098
0.3485497
0.9096291
0.1661484
0.1324349
0.1212977
0.241811
0.167191
0.1428828
0.1028988
0.2718867
0.2320083
0.2842312
0.3468416
0.2367861
0.2510676
0.3184787
0.1568345
0.4472661
0.1512031
0.148151
0.08541971
0.2008061
0.415952
0.2324425
0.1764645
0.1205304
