1214.377
1216.094
1196.69
1467.655
1128.483
1297.814
1175.971
1227.526
1387.87
1339.245
1113.442
1227.509
1216.39
1241.957
1229.589
1113.74
1603.602
1271.81
1389.825
1512.7
1304.886
1205.659
1364.349
1094.459
1122.118
1303.553
1406.338
1565.937
1367.86
1329.512
1132.877
1311.336
1222.533
1100.937
1308.515
1091.029
1380.85
1193.77
1387.261
1235.646
968.2065
1115.984
1127.903
1248.671
1408.52
1285.596
1020.775
1242.012
1150.627
1160.271
1148.237
1323.863
1126.852
1281.345
1261.397
1215.704
1291.131
1039.543
1269.6
1220.086
1489.84
1215.944
1488.535
1192.926
1362.249
1069.588
1279.002
1147.914
1118.009
1333.971
1158.509
1341.158
1228.206
1182.806
1173.127
1517.751
1296.445
1200.859
1432.619
1320.552
1149.993
1195.622
1288.306
1149.775
1272.613
1187.672
1166.418
1153.776
1136.411
935.72
1170.268
1245.318
1341.972
1264.45
1287.386
1290.82
964.688
1304.285
1296.558
1253.299
1197.972
1184.801
1021.795
1133.307
1255.833
1195.122
1341.284
1222.004
1274.61
1316.453
1480.567
1554.53
1155.783
1473.835
1174.674
1202.761
1103.586
1244.427
1125.213
1395.46
1118.158
1085.388
1051.151
1175.466
1454.677
1415.757
1368.166
1328.337
1157.269
1382.544
1132.099
1222.287
1053.966
1260.922
1141.314
1261.219
879.3063
1082.375
1340.022
1232.265
1386.554
1141.477
1362.731
1238.331
1260.539
1377.054
1240.859
1166.539
1387.873
1289.282
1221.016
1067.409
1234.766
1187.944
1203.579
1277.514
1223.27
1177.798
1472.341
1379.183
1116.553
1159.591
1169.794
1108.394
1188.088
1145.329
1279.769
1095.922
1248.35
1273.475
1369.421
1561.604
1350.927
1055.643
1298.673
1119.169
1177.883
1301.065
1408.293
1265.294
1108.96
1180.209
1290.891
1196.697
1409.895
1002.52
1343.108
1529.606
1149.254
1343.521
1130.057
1055.952
1266.83
1115.67
1222.594
1404.481
1165.449
1191.027
1310.939
1211.892
1445.559
1392.995
1174.334
1160.751
1084.148
1294.321
1136.478
1223.646
1294.663
1304.852
1532.131
913.1268
1322.448
1306.312
1399.89
1189.986
1368.068
1294.516
1343.225
1471.747
1159.026
1344.319
1275.595
1242.68
1173.883
1226.016
1184.188
1157.356
1240.148
1060.586
1201.088
1271.031
1359.166
1254.703
1262.321
1603.886
988.8803
1404.184
1026.452
1234.672
1221.018
1266.416
1243.16
1303.989
1185.66
1073.749
1366.225
1429.29
1259.604
1348.419
1239.984
1222.192
1108.661
1245.859
1149.756
1019.988
1172.298
1413.69
1386.921
1185.724
1227.754
1072.946
1179.081
1152.514
1216.942
1155.689
1119.083
1207.324
1369.476
1200.015
1104.58
1257.791
1114.296
1260.488
1099.436
1303.92
1355.723
988.3201
1073.368
1180.165
991.7009
1192.082
1250.336
1244.816
1427.186
1214.52
1123.994
1178.838
1234.604
1321.852
1411.83
1136.732
1055.024
1385.79
1305.804
1189.018
1070.234
1054.467
1120.395
1273.038
1320.629
1256.13
986.4455
1316.817
1324.744
1182.865
1242.565
1127.527
1411.441
1199.261
1439.313
1333.268
1280.007
1242.089
1181.849
1163.462
1237
1539.399
1255.25
1306.333
1180.641
1327.589
1292.595
1302.924
1243.533
1219.3
1350.096
978.8216
1170.744
1349.576
1273.744
1230.892
1105.131
1182.493
1266.609
1378.943
1359.298
1137.336
1283.408
1230.144
1197.585
1468.255
1166.207
1412.856
1185.222
1396.204
1228.131
1323.036
1328.626
1143
1282.718
1410.458
1293.412
1234.971
1239.512
1264.744
1086.691
1342.771
1256.164
1160.447
1215.993
1127.855
1332.005
1075.77
1133.448
1142.985
1273.014
1176.713
1093.078
1073.763
1304.207
1280.963
1139.922
1271.798
1019.27
1194.714
1195.889
1195.615
1132.73
1293.074
1349.867
1364.171
1126.528
1208.878
1090.605
1240.852
1126.413
1203.468
1197.603
1335.659
1415.41
1219.807
1596.392
1599.199
1315.257
1224.99
1160.702
1175.168
1360.011
1187.661
1156.245
1358.293
1234.982
1152.383
1090.323
1018.005
1398.284
1266.672
1242.9
1278.013
1326.923
1235.539
1426.274
1290.15
1536.727
1263.983
1287.284
1220.402
1373.706
1270.785
1302.561
1283.45
1353.743
1597.243
1252.853
1330.646
1406.136
1323.68
1082.402
1226.717
1406.823
1186.731
1138.849
1237.676
1073.05
1188.684
1356.732
1220.135
1085.433
1304.647
1203.611
1271.796
1253.119
1171.726
1518.043
1285.137
1294.209
1365.624
1228.797
1187.182
1370.784
1291.891
1341.949
1073.053
1128.016
1309.033
1209.058
1278.989
1139.589
1084.275
1227.963
1345.523
1192.34
1219.518
1123.925
1087.756
1248.109
1422.466
1479.294
1110.55
1143.96
1300.265
1458.897
1205.224
1222.95
1229.461
1453.215
1100.181
1323.125
1196.32
1163.111
1325.237
1418.742
1403.11
1204.434
1058.362
1064.982
1446.277
1188.832
1200.133
1340.98
1077.065
1152.022
1172.964
1143.034
1112.575
1365.582
1172.612
1075.296
1083.165
